c CAS DETECTOR
c w/ Shielding in Place and Wheels
c
c CELL CARDS
c
c @@@@@@@@@@ Detectors @@@@@@@@@@@@@@@@@
c
101 8 -5.08 -21 imp:n,p 1 $LaBr Detector #1 Active Region
c
c @@@@@@@@@ Shielding @@@@@@@@@@@@@@@@@
c
121 2 -4.78 -31 imp:n,p 1 $PE_Pb
122 4 -11.29 -32 imp:n,p 1 $Pb1
123 4 -11.29 -33 imp:n,p 1 $Pb2
124 4 -11.29 -34 imp:n,p 1 $Pb3
125 4 -11.29 -35 imp:n,p 1 $Pb4
126 4 -11.29 -36 imp:n,p 1 $Pb5
127 4 -11.29 -37 imp:n,p 1 $Pb6
128 3 -1.5 -38 imp:n,p 1 $BA1
129 3 -1.5 -39 imp:n,p 1 $BA2
130 6 -2.7 -40 imp:n,p 1 $Al
131 7 -7.92 301 -302 303 -304 imp:n,p 1 $Fe-tube
132 5 -7.8 -401 imp:n,p 1 $Fe
133 5 -7.8 -402 imp:n,p 1 $Fe
c @@@@@@@@@@ Wheels @@@@@@@@@@@@@@@@@
c
21 13 -0.92 -41 42 imp:n,p 1 $Wheel 1
211 13 -0.92 -421 422 imp:n,p 1 $Wheel 1
212 13 -0.92 -423 424 imp:n,p 1 $Wheel 1
22 13 -0.92 -43 44 imp:n,p 1 $Wheel 2
221 13 -0.92 -441 442 imp:n,p 1 $Wheel 2
222 13 -0.92 -443 444 imp:n,p 1 $Wheel 2
23 13 -0.92 -45 46 imp:n,p 1 $Wheel 3
231 13 -0.92 -461 462 imp:n,p 1 $Wheel 3
232 13 -0.92 -463 464 imp:n,p 1 $Wheel 3
24 13 -0.92 -47 48 imp:n,p 1 $Wheel 4
241 13 -0.92 -481 482 imp:n,p 1 $Wheel 4
242 13 -0.92 -483 484 imp:n,p 1 $Wheel 4
c
c @@@@@@@@@@ SOIL VOLUME @@@@@@@@@@@
c
300000 400000 -2.156 20010 -20011 20020 -20021 20030 -20031 imp:n,p 1
300001 400001 -2.156 20010 -20011 20020 -20021 20031 -20032 imp:n,p 1
300002 400002 -2.156 20010 -20011 20020 -20021 20032 -20033 imp:n,p 1
300003 400003 -2.156 20010 -20011 20020 -20021 20033 -20034 imp:n,p 1
300004 400004 -2.156 20010 -20011 20020 -20021 20034 -20035 imp:n,p 1
300005 400005 -2.156 20011 -20012 20020 -20021 20030 -20031 imp:n,p 1
300006 400006 -2.156 20011 -20012 20020 -20021 20031 -20032 imp:n,p 1
300007 400007 -2.156 20011 -20012 20020 -20021 20032 -20033 imp:n,p 1
300008 400008 -2.156 20011 -20012 20020 -20021 20033 -20034 imp:n,p 1
300009 400009 -2.156 20011 -20012 20020 -20021 20034 -20035 imp:n,p 1
300010 400010 -2.156 20012 -20013 20020 -20021 20030 -20031 imp:n,p 1
300011 400011 -2.156 20012 -20013 20020 -20021 20031 -20032 imp:n,p 1
300012 400012 -2.156 20012 -20013 20020 -20021 20032 -20033 imp:n,p 1
300013 400013 -2.156 20012 -20013 20020 -20021 20033 -20034 imp:n,p 1
300014 400014 -2.156 20012 -20013 20020 -20021 20034 -20035 imp:n,p 1
300015 400015 -2.156 20013 -20014 20020 -20021 20030 -20031 imp:n,p 1
300016 400016 -2.156 20013 -20014 20020 -20021 20031 -20032 imp:n,p 1
300017 400017 -2.156 20013 -20014 20020 -20021 20032 -20033 imp:n,p 1
300018 400018 -2.156 20013 -20014 20020 -20021 20033 -20034 imp:n,p 1
300019 400019 -2.156 20013 -20014 20020 -20021 20034 -20035 imp:n,p 1
300020 400020 -2.156 20014 -20015 20020 -20021 20030 -20031 imp:n,p 1
300021 400021 -2.156 20014 -20015 20020 -20021 20031 -20032 imp:n,p 1
300022 400022 -2.156 20014 -20015 20020 -20021 20032 -20033 imp:n,p 1
300023 400023 -2.156 20014 -20015 20020 -20021 20033 -20034 imp:n,p 1
300024 400024 -2.156 20014 -20015 20020 -20021 20034 -20035 imp:n,p 1
300025 400025 -2.156 20010 -20011 20021 -20022 20030 -20031 imp:n,p 1
300026 400026 -2.156 20010 -20011 20021 -20022 20031 -20032 imp:n,p 1
300027 400027 -2.156 20010 -20011 20021 -20022 20032 -20033 imp:n,p 1
300028 400028 -2.156 20010 -20011 20021 -20022 20033 -20034 imp:n,p 1
300029 400029 -2.156 20010 -20011 20021 -20022 20034 -20035 imp:n,p 1
300030 400030 -2.156 20011 -20012 20021 -20022 20030 -20031 imp:n,p 1
300031 400031 -2.156 20011 -20012 20021 -20022 20031 -20032 imp:n,p 1
300032 400032 -2.156 20011 -20012 20021 -20022 20032 -20033 imp:n,p 1
300033 400033 -2.156 20011 -20012 20021 -20022 20033 -20034 imp:n,p 1
300034 400034 -2.156 20011 -20012 20021 -20022 20034 -20035 imp:n,p 1
300035 400035 -2.156 20012 -20013 20021 -20022 20030 -20031 imp:n,p 1
300036 400036 -2.156 20012 -20013 20021 -20022 20031 -20032 imp:n,p 1
300037 400037 -2.156 20012 -20013 20021 -20022 20032 -20033 imp:n,p 1
300038 400038 -2.156 20012 -20013 20021 -20022 20033 -20034 imp:n,p 1
300039 400039 -2.156 20012 -20013 20021 -20022 20034 -20035 imp:n,p 1
300040 400040 -2.156 20013 -20014 20021 -20022 20030 -20031 imp:n,p 1
300041 400041 -2.156 20013 -20014 20021 -20022 20031 -20032 imp:n,p 1
300042 400042 -2.156 20013 -20014 20021 -20022 20032 -20033 imp:n,p 1
300043 400043 -2.156 20013 -20014 20021 -20022 20033 -20034 imp:n,p 1
300044 400044 -2.156 20013 -20014 20021 -20022 20034 -20035 imp:n,p 1
300045 400045 -2.156 20014 -20015 20021 -20022 20030 -20031 imp:n,p 1
300046 400046 -2.156 20014 -20015 20021 -20022 20031 -20032 imp:n,p 1
300047 400047 -2.156 20014 -20015 20021 -20022 20032 -20033 imp:n,p 1
300048 400048 -2.156 20014 -20015 20021 -20022 20033 -20034 imp:n,p 1
300049 400049 -2.156 20014 -20015 20021 -20022 20034 -20035 imp:n,p 1
300050 400050 -2.156 20010 -20011 20022 -20023 20030 -20031 imp:n,p 1
300051 400051 -2.156 20010 -20011 20022 -20023 20031 -20032 imp:n,p 1
300052 400052 -2.156 20010 -20011 20022 -20023 20032 -20033 imp:n,p 1
300053 400053 -2.156 20010 -20011 20022 -20023 20033 -20034 imp:n,p 1
300054 400054 -2.156 20010 -20011 20022 -20023 20034 -20035 imp:n,p 1
300055 400055 -2.156 20011 -20012 20022 -20023 20030 -20031 imp:n,p 1
300056 400056 -2.156 20011 -20012 20022 -20023 20031 -20032 imp:n,p 1
300057 400057 -2.156 20011 -20012 20022 -20023 20032 -20033 imp:n,p 1
300058 400058 -2.156 20011 -20012 20022 -20023 20033 -20034 imp:n,p 1
300059 400059 -2.156 20011 -20012 20022 -20023 20034 -20035 imp:n,p 1
300060 400060 -2.156 20012 -20013 20022 -20023 20030 -20031 imp:n,p 1
300061 400061 -2.156 20012 -20013 20022 -20023 20031 -20032 imp:n,p 1
300062 400062 -2.156 20012 -20013 20022 -20023 20032 -20033 imp:n,p 1
300063 400063 -2.156 20012 -20013 20022 -20023 20033 -20034 imp:n,p 1
300064 400064 -2.156 20012 -20013 20022 -20023 20034 -20035 imp:n,p 1
300065 400065 -2.156 20013 -20014 20022 -20023 20030 -20031 imp:n,p 1
300066 400066 -2.156 20013 -20014 20022 -20023 20031 -20032 imp:n,p 1
300067 400067 -2.156 20013 -20014 20022 -20023 20032 -20033 imp:n,p 1
300068 400068 -2.156 20013 -20014 20022 -20023 20033 -20034 imp:n,p 1
300069 400069 -2.156 20013 -20014 20022 -20023 20034 -20035 imp:n,p 1
300070 400070 -2.156 20014 -20015 20022 -20023 20030 -20031 imp:n,p 1
300071 400071 -2.156 20014 -20015 20022 -20023 20031 -20032 imp:n,p 1
300072 400072 -2.156 20014 -20015 20022 -20023 20032 -20033 imp:n,p 1
300073 400073 -2.156 20014 -20015 20022 -20023 20033 -20034 imp:n,p 1
300074 400074 -2.156 20014 -20015 20022 -20023 20034 -20035 imp:n,p 1
300075 400075 -2.156 20010 -20011 20023 -20024 20030 -20031 imp:n,p 1
300076 400076 -2.156 20010 -20011 20023 -20024 20031 -20032 imp:n,p 1
300077 400077 -2.156 20010 -20011 20023 -20024 20032 -20033 imp:n,p 1
300078 400078 -2.156 20010 -20011 20023 -20024 20033 -20034 imp:n,p 1
300079 400079 -2.156 20010 -20011 20023 -20024 20034 -20035 imp:n,p 1
300080 400080 -2.156 20011 -20012 20023 -20024 20030 -20031 imp:n,p 1
300081 400081 -2.156 20011 -20012 20023 -20024 20031 -20032 imp:n,p 1
300082 400082 -2.156 20011 -20012 20023 -20024 20032 -20033 imp:n,p 1
300083 400083 -2.156 20011 -20012 20023 -20024 20033 -20034 imp:n,p 1
300084 400084 -2.156 20011 -20012 20023 -20024 20034 -20035 imp:n,p 1
300085 400085 -2.156 20012 -20013 20023 -20024 20030 -20031 imp:n,p 1
300086 400086 -2.156 20012 -20013 20023 -20024 20031 -20032 imp:n,p 1
300087 400087 -2.156 20012 -20013 20023 -20024 20032 -20033 imp:n,p 1
300088 400088 -2.156 20012 -20013 20023 -20024 20033 -20034 imp:n,p 1
300089 400089 -2.156 20012 -20013 20023 -20024 20034 -20035 imp:n,p 1
300090 400090 -2.156 20013 -20014 20023 -20024 20030 -20031 imp:n,p 1
300091 400091 -2.156 20013 -20014 20023 -20024 20031 -20032 imp:n,p 1
300092 400092 -2.156 20013 -20014 20023 -20024 20032 -20033 imp:n,p 1
300093 400093 -2.156 20013 -20014 20023 -20024 20033 -20034 imp:n,p 1
300094 400094 -2.156 20013 -20014 20023 -20024 20034 -20035 imp:n,p 1
300095 400095 -2.156 20014 -20015 20023 -20024 20030 -20031 imp:n,p 1
300096 400096 -2.156 20014 -20015 20023 -20024 20031 -20032 imp:n,p 1
300097 400097 -2.156 20014 -20015 20023 -20024 20032 -20033 imp:n,p 1
300098 400098 -2.156 20014 -20015 20023 -20024 20033 -20034 imp:n,p 1
300099 400099 -2.156 20014 -20015 20023 -20024 20034 -20035 imp:n,p 1
300100 400100 -2.156 20010 -20011 20024 -20025 20030 -20031 imp:n,p 1
300101 400101 -2.156 20010 -20011 20024 -20025 20031 -20032 imp:n,p 1
300102 400102 -2.156 20010 -20011 20024 -20025 20032 -20033 imp:n,p 1
300103 400103 -2.156 20010 -20011 20024 -20025 20033 -20034 imp:n,p 1
300104 400104 -2.156 20010 -20011 20024 -20025 20034 -20035 imp:n,p 1
300105 400105 -2.156 20011 -20012 20024 -20025 20030 -20031 imp:n,p 1
300106 400106 -2.156 20011 -20012 20024 -20025 20031 -20032 imp:n,p 1
300107 400107 -2.156 20011 -20012 20024 -20025 20032 -20033 imp:n,p 1
300108 400108 -2.156 20011 -20012 20024 -20025 20033 -20034 imp:n,p 1
300109 400109 -2.156 20011 -20012 20024 -20025 20034 -20035 imp:n,p 1
300110 400110 -2.156 20012 -20013 20024 -20025 20030 -20031 imp:n,p 1
300111 400111 -2.156 20012 -20013 20024 -20025 20031 -20032 imp:n,p 1
300112 400112 -2.156 20012 -20013 20024 -20025 20032 -20033 imp:n,p 1
300113 400113 -2.156 20012 -20013 20024 -20025 20033 -20034 imp:n,p 1
300114 400114 -2.156 20012 -20013 20024 -20025 20034 -20035 imp:n,p 1
300115 400115 -2.156 20013 -20014 20024 -20025 20030 -20031 imp:n,p 1
300116 400116 -2.156 20013 -20014 20024 -20025 20031 -20032 imp:n,p 1
300117 400117 -2.156 20013 -20014 20024 -20025 20032 -20033 imp:n,p 1
300118 400118 -2.156 20013 -20014 20024 -20025 20033 -20034 imp:n,p 1
300119 400119 -2.156 20013 -20014 20024 -20025 20034 -20035 imp:n,p 1
300120 400120 -2.156 20014 -20015 20024 -20025 20030 -20031 imp:n,p 1
300121 400121 -2.156 20014 -20015 20024 -20025 20031 -20032 imp:n,p 1
300122 400122 -2.156 20014 -20015 20024 -20025 20032 -20033 imp:n,p 1
300123 400123 -2.156 20014 -20015 20024 -20025 20033 -20034 imp:n,p 1
300124 400124 -2.156 20014 -20015 20024 -20025 20034 -20035 imp:n,p 1
c
30 12 -0.00129 -200 #101 #121 #122 #123 #124 #125 #126 #127 #128 #129 #130 #131 #132 #133
        #21 #211 #212 #22 #221 #222 #23 #231 #232 #24 #241 #242 #20 imp:n,p 1 $Rest of the World
31 0 200 imp:n,p 0 $Outside world

c SURFACE CARDS
c
c Sample Volume
20010 px -56.0
20011 px -33.59999999999991
20012 px -11.199999999999818
20013 px 11.199999999999818
20014 px 33.59999999999991
20015 px 56.0
20020 py -45.0
20021 py -27.0
20022 py -9.0
20023 py 9.0
20024 py 27.0
20025 py 45.0
20030 pz 92.0
20031 pz 82.0
20032 pz 72.0
20033 pz 62.0
20034 pz 52.0
20035 pz 42.0
c Active Detector Region
21 rcc 56  -5.0 -1.0   0.0 20.3 0.0   4.5 $Detector 1 Base center, Hx,Hy,Hz, radius
c Shielding Surfaces
c Shielding Pb
31 rpp 19 29 -7.5 7.5 -11 9 $PbPE xmin xmax ymin ymax zmin zmax
32 rpp 9 19 4 9 -11 9 $Pb xmin xmax ymin ymax zmin zmax
33 rpp 9 19 -9 -4 -11 9 $Pb xmin xmax ymin ymax zmin zmax
34 rpp 19 29 7.5 12.5 -11 9 $Pb xmin xmax ymin ymax zmin zmax
35 rpp 19 29 -12.5 -7.5 -11 9 $Pb xmin xmax ymin ymax zmin zmax
36 rpp 29 34 -15 15 -11 9 $Pb xmin xmax ymin ymax zmin zmax
37 rpp 9 19 -4 4 4 9 $Pb xmin xmax ymin ymax zmin zmax
38 rpp -26 26 18 28 -11 9 $BA1 xmin xmax ymin ymax zmin zmax
39 rpp -26 26 -28 -18 -11 9 $BA2 xmin xmax ymin ymax zmin zmax
40 rpp -65 65 -28 28 10 10.5 $Al xmin xmax ymin ymax zmin zmax
401 rpp -27 27 29 34 -11 9 $Fe xmin xmax ymin ymax zmin zmax
402 rpp -27 27 -34 -29 -11 9 $Fe xmin xmax ymin ymax zmin zmax
301 px -20
302 px 18
303 cx 3.71
304 cx 3.81
c Wheels Surfaces
c 23/10.5-12 turf tires, 22.6 lb rubber
c diameter 29cm, tread width 25cm, and sidewall height 13.76 cm
c set thickness of all sides 1.3 cm (s.t. weight is 22.6 lb)
41 rcc -2 77 8   0.0 25 0.0 29 $wheel 1 outer tread surface
42 rcc -2 77 8   0.0 25 0.0 27.7 $wheel 1 inner tread surface
421 rcc -2 75.7 8   0.0 1.3 0.0 29 $wheel 1 outside sidewall exterior
422 rcc -2 75.7 8   0.0 1.3 0.0 15.24 $wheel 1 outside sidewall interior
423 rcc -2 102 8   0.0 1.3 0.0 29 $wheel 1 inside sidewall exterior
424 rcc -2 102 8   0.0 1.3 0.0 15.24 $wheel 1 inside sidewall interior
43 rcc 68 77 8   0.0 25 0.0 29 $wheel 2
44 rcc 68 77 8   0.0 25 0.0 27.7
441 rcc 68 75.7 8   0.0 1.3 0.0 29
442 rcc 68 75.7 8   0.0 1.3 0.0 15.24
443 rcc 68 102 8   0.0 1.3 0.0 29
444 rcc 68 102 8   0.0 1.3 0.0 15.24
45 rcc -2 -77 8   0.0 -25 0.0 29 $wheel 3
46 rcc -2 -77 8   0.0 -25 0.0 27.7
461 rcc -2 -75.7 8   0.0 -1.3 0.0 29
462 rcc -2 -75.7 8   0.0 -1.3 0.0 15.24
463 rcc -2 -102 8   0.0 -1.3 0.0 29
464 rcc -2 -102 8   0.0 -1.3 0.0 15.24
47 rcc 68 -77 8   0.0 -25 0.0 29 $wheel 4
48 rcc 68 -77 8   0.0 -25 0.0 27.7
481 rcc 68 -75.7 8   0.0 -1.3 0.0 29
482 rcc 68 -75.7 8   0.0 -1.3 0.0 15.24
483 rcc 68 -102 8   0.0 -1.3 0.0 29
484 rcc 68 -102 8   0.0 -1.3 0.0 15.24
200 so 800    $sphere of 800cm centered at origin
c

c DATA CARDS
mode n p
c dump every hr
prdmp -60 -60 -1
c 100 keV Neutron Energy Cutoff
Cut:n 1j 0.1
c analog neutron transport
phys:n 1j 14
phys:p
sdef pos=0 0 0 erg=14.0 vec= 0 0 1 dir=d1
si1  -1 .93 1
sp1   0  0.0  1.0
c ********************
c begin material cards
c ********************
c Pure Carbon
c ****************************************
m400000 6000 -0.0006289272463743053 7000 -0.0006289272463743053 14000 -0.9987421455072516 
m400001 6000 -0.002076586750255979 7000 -0.002076586750255979 14000 -0.9958468264994881 
m400002 6000 -0.003886933830832351 7000 -0.003886933830832351 14000 -0.9922261323383355 
m400003 6000 -0.005989757203306946 7000 -0.005989757203306946 14000 -0.9880204855933858 
m400004 6000 -0.008040970640558408 7000 -0.008040970640558408 14000 -0.9839180587188836 
m400005 6000 -0.0005299845407838532 7000 -0.0005299845407838532 14000 -0.9989400309184322 
m400006 6000 -0.0019847371885765037 7000 -0.0019847371885765037 14000 -0.9960305256228468 
m400007 6000 -0.004010570589022152 7000 -0.004010570589022152 14000 -0.9919788588219559 
m400008 6000 -0.0060611020728526645 7000 -0.0060611020728526645 14000 -0.9878777958542948 
m400009 6000 -0.008238919539312368 7000 -0.008238919539312368 14000 -0.9835221609213753 
m400010 6000 -0.00037226675621368727 7000 -0.00037226675621368727 14000 -0.9992554664875728 
m400011 6000 -0.002076685651621568 7000 -0.002076685651621568 14000 -0.9958466286967571 
m400012 6000 -0.003762008110733899 7000 -0.003762008110733899 14000 -0.9924759837785322 
m400013 6000 -0.005926172032885254 7000 -0.005926172032885254 14000 -0.9881476559342294 
m400014 6000 -0.00798518128388066 7000 -0.00798518128388066 14000 -0.9840296374322389 
m400015 6000 -0.0006328632935828446 7000 -0.0006328632935828446 14000 -0.9987342734128345 
m400016 6000 -0.0017852807451546673 7000 -0.0017852807451546673 14000 -0.9964294385096908 
m400017 6000 -0.0040496340930614785 7000 -0.0040496340930614785 14000 -0.9919007318138768 
m400018 6000 -0.005846583096894508 7000 -0.005846583096894508 14000 -0.9883068338062106 
m400019 6000 -0.008038705456682243 7000 -0.008038705456682243 14000 -0.9839225890866353 
m400020 6000 -0.0006339489302598554 7000 -0.0006339489302598554 14000 -0.9987321021394803 
m400021 6000 -0.002019602793921254 7000 -0.002019602793921254 14000 -0.9959607944121573 
m400022 6000 -0.004008934111722864 7000 -0.004008934111722864 14000 -0.9919821317765544 
m400023 6000 -0.006077518960264114 7000 -0.006077518960264114 14000 -0.9878449620794716 
m400024 6000 -0.008265223559634351 7000 -0.008265223559634351 14000 -0.9834695528807313 
m400025 6000 -0.0006017653246276315 7000 -0.0006017653246276315 14000 -0.9987964693507446 
m400026 6000 -0.0023101822978776575 7000 -0.0023101822978776575 14000 -0.9953796354042451 
m400027 6000 -0.0037744879643556795 7000 -0.0037744879643556795 14000 -0.9924510240712887 
m400028 6000 -0.006236311120394054 7000 -0.006236311120394054 14000 -0.9875273777592123 
m400029 6000 -0.007852763800163873 7000 -0.007852763800163873 14000 -0.9842944723996725 
m400030 6000 -0.0006161024074464176 7000 -0.0006161024074464176 14000 -0.9987677951851068 
m400031 6000 -0.001932754117901831 7000 -0.001932754117901831 14000 -0.9961344917641961 
m400032 6000 -0.004004798996951617 7000 -0.004004798996951617 14000 -0.9919904020060968 
m400033 6000 -0.006128137726533015 7000 -0.006128137726533015 14000 -0.9877437245469344 
m400034 6000 -0.00826824491117524 7000 -0.00826824491117524 14000 -0.9834635101776493 
m400035 6000 -0.000507111120065552 7000 -0.000507111120065552 14000 -0.9989857777598687 
m400036 6000 -0.0020500750631372864 7000 -0.0020500750631372864 14000 -0.9958998498737255 
m400037 6000 -0.0038436032956028336 7000 -0.0038436032956028336 14000 -0.9923127934087944 
m400038 6000 -0.00590353208719128 7000 -0.00590353208719128 14000 -0.9881929358256178 
m400039 6000 -0.007863904441744398 7000 -0.007863904441744398 14000 -0.9842721911165114 
m400040 6000 -0.00077586141539384 7000 -0.00077586141539384 14000 -0.9984482771692123 
m400041 6000 -0.001977301734286312 7000 -0.001977301734286312 14000 -0.9960453965314273 
m400042 6000 -0.0041186721193569534 7000 -0.0041186721193569534 14000 -0.9917626557612862 
m400043 6000 -0.006055089668241468 7000 -0.006055089668241468 14000 -0.987889820663517 
m400044 6000 -0.007890683442351384 7000 -0.007890683442351384 14000 -0.9842186331152973 
m400045 6000 -0.0005152590455230479 7000 -0.0005152590455230479 14000 -0.998969481908954 
m400046 6000 -0.002058114130117915 7000 -0.002058114130117915 14000 -0.9958837717397643 
m400047 6000 -0.004063409180823359 7000 -0.004063409180823359 14000 -0.9918731816383535 
m400048 6000 -0.0059719427224721264 7000 -0.0059719427224721264 14000 -0.9880561145550558 
m400049 6000 -0.00789860882677205 7000 -0.00789860882677205 14000 -0.984202782346456 
m400050 6000 -0.0005643384560978724 7000 -0.0005643384560978724 14000 -0.9988713230878047 
m400051 6000 -0.0021022488183012502 7000 -0.0021022488183012502 14000 -0.9957955023633974 
m400052 6000 -0.003937701647793974 7000 -0.003937701647793974 14000 -0.9921245967044119 
m400053 6000 -0.006008252072498772 7000 -0.006008252072498772 14000 -0.9879834958550023 
m400054 6000 -0.007941373574610208 7000 -0.007941373574610208 14000 -0.9841172528507794 
m400055 6000 -0.00048392628671474697 7000 -0.00048392628671474697 14000 -0.9990321474265704 
m400056 6000 -0.002202431566747348 7000 -0.002202431566747348 14000 -0.9955951368665055 
m400057 6000 -0.004068111912536755 7000 -0.004068111912536755 14000 -0.9918637761749265 
m400058 6000 -0.005998089072238442 7000 -0.005998089072238442 14000 -0.9880038218555233 
m400059 6000 -0.007748954245018389 7000 -0.007748954245018389 14000 -0.9845020915099633 
m400060 6000 -0.0005402157221591038 7000 -0.0005402157221591038 14000 -0.9989195685556815 
m400061 6000 -0.0020677998616075747 7000 -0.0020677998616075747 14000 -0.9958644002767848 
m400062 6000 -0.004019952500867989 7000 -0.004019952500867989 14000 -0.9919600949982642 
m400063 6000 -0.00600606619318305 7000 -0.00600606619318305 14000 -0.9879878676136336 
m400064 6000 -0.007913041199603897 7000 -0.007913041199603897 14000 -0.9841739176007921 
m400065 6000 -0.0005631214907933852 7000 -0.0005631214907933852 14000 -0.9988737570184135 
m400066 6000 -0.002331808027348097 7000 -0.002331808027348097 14000 -0.995336383945304 
m400067 6000 -0.003973587625045408 7000 -0.003973587625045408 14000 -0.9920528247499092 
m400068 6000 -0.006032137144865263 7000 -0.006032137144865263 14000 -0.9879357257102696 
m400069 6000 -0.007815701985469586 7000 -0.007815701985469586 14000 -0.984368596029061 
m400070 6000 -0.0005134108345766937 7000 -0.0005134108345766937 14000 -0.9989731783308465 
m400071 6000 -0.0020837242438555515 7000 -0.0020837242438555515 14000 -0.9958325515122888 
m400072 6000 -0.003966929013378318 7000 -0.003966929013378318 14000 -0.9920661419732437 
m400073 6000 -0.005756373862629581 7000 -0.005756373862629581 14000 -0.9884872522747407 
m400074 6000 -0.008127286650095438 7000 -0.008127286650095438 14000 -0.9837454266998092 
m400075 6000 -0.0005172095157387081 7000 -0.0005172095157387081 14000 -0.9989655809685225 
m400076 6000 -0.002257745289952822 7000 -0.002257745289952822 14000 -0.9954845094200945 
m400077 6000 -0.0038498348060005128 7000 -0.0038498348060005128 14000 -0.992300330387999 
m400078 6000 -0.006138013828082527 7000 -0.006138013828082527 14000 -0.987723972343835 
m400079 6000 -0.007952283865615214 7000 -0.007952283865615214 14000 -0.9840954322687694 
m400080 6000 -0.00045291182274970546 7000 -0.00045291182274970546 14000 -0.9990941763545006 
m400081 6000 -0.002081826277185658 7000 -0.002081826277185658 14000 -0.9958363474456288 
m400082 6000 -0.0036736741409319432 7000 -0.0036736741409319432 14000 -0.9926526517181361 
m400083 6000 -0.00586408998124818 7000 -0.00586408998124818 14000 -0.9882718200375039 
m400084 6000 -0.007987261048641673 7000 -0.007987261048641673 14000 -0.9840254779027169 
m400085 6000 -0.0005223388732127194 7000 -0.0005223388732127194 14000 -0.9989553222535749 
m400086 6000 -0.0019328477779088536 7000 -0.0019328477779088536 14000 -0.9961343044441823 
m400087 6000 -0.003768264086343975 7000 -0.003768264086343975 14000 -0.992463471827312 
m400088 6000 -0.006026910241869813 7000 -0.006026910241869813 14000 -0.9879461795162605 
m400089 6000 -0.008092856236883671 7000 -0.008092856236883671 14000 -0.9838142875262327 
m400090 6000 -0.000434477914335325 7000 -0.000434477914335325 14000 -0.9991310441713293 
m400091 6000 -0.0018982091198164381 7000 -0.0018982091198164381 14000 -0.9962035817603672 
m400092 6000 -0.004342578532995236 7000 -0.004342578532995236 14000 -0.9913148429340097 
m400093 6000 -0.005763447958530938 7000 -0.005763447958530938 14000 -0.9884731040829382 
m400094 6000 -0.007905337262353599 7000 -0.007905337262353599 14000 -0.9841893254752927 
m400095 6000 -0.000566673445014704 7000 -0.000566673445014704 14000 -0.9988666531099704 
m400096 6000 -0.001744583157973613 7000 -0.001744583157973613 14000 -0.9965108336840528 
m400097 6000 -0.003881463956333322 7000 -0.003881463956333322 14000 -0.9922370720873335 
m400098 6000 -0.005804171932851598 7000 -0.005804171932851598 14000 -0.988391656134297 
m400099 6000 -0.008009347595127128 7000 -0.008009347595127128 14000 -0.9839813048097455 
m400100 6000 -0.0006878937003987601 7000 -0.0006878937003987601 14000 -0.9986242125992024 
m400101 6000 -0.0019319456830096727 7000 -0.0019319456830096727 14000 -0.9961361086339809 
m400102 6000 -0.003858124470266925 7000 -0.003858124470266925 14000 -0.992283751059466 
m400103 6000 -0.0058609375036172105 7000 -0.0058609375036172105 14000 -0.9882781249927658 
m400104 6000 -0.008001225931655562 7000 -0.008001225931655562 14000 -0.9839975481366886 
m400105 6000 -0.0005178275467620201 7000 -0.0005178275467620201 14000 -0.9989643449064759 
m400106 6000 -0.002044118761316345 7000 -0.002044118761316345 14000 -0.9959117624773671 
m400107 6000 -0.00389868371910479 7000 -0.00389868371910479 14000 -0.9922026325617902 
m400108 6000 -0.006023078244544142 7000 -0.006023078244544142 14000 -0.987953843510912 
m400109 6000 -0.00783878193616764 7000 -0.00783878193616764 14000 -0.9843224361276647 
m400110 6000 -0.0005156403103847488 7000 -0.0005156403103847488 14000 -0.9989687193792304 
m400111 6000 -0.0021046510937266696 7000 -0.0021046510937266696 14000 -0.9957906978125469 
m400112 6000 -0.004122893235683827 7000 -0.004122893235683827 14000 -0.9917542135286322 
m400113 6000 -0.005934902803969137 7000 -0.005934902803969137 14000 -0.988130194392062 
m400114 6000 -0.0077770916489031516 7000 -0.0077770916489031516 14000 -0.9844458167021938 
m400115 6000 -0.0006719076416344092 7000 -0.0006719076416344092 14000 -0.998656184716731 
m400116 6000 -0.002104774721330373 7000 -0.002104774721330373 14000 -0.9957904505573394 
m400117 6000 -0.0042607804251646435 7000 -0.0042607804251646435 14000 -0.9914784391496706 
m400118 6000 -0.006053707659987096 7000 -0.006053707659987096 14000 -0.9878925846800258 
m400119 6000 -0.008382850389017434 7000 -0.008382850389017434 14000 -0.9832342992219651 
m400120 6000 -0.00038593207153799175 7000 -0.00038593207153799175 14000 -0.9992281358569244 
m400121 6000 -0.0022294474473029545 7000 -0.0022294474473029545 14000 -0.9955411051053942 
m400122 6000 -0.0041244562453045565 7000 -0.0041244562453045565 14000 -0.9917510875093906 
m400123 6000 -0.0059122292102061855 7000 -0.0059122292102061855 14000 -0.9881755415795875 
m400124 6000 -0.007946809945396725 7000 -0.007946809945396725 14000 -0.9841063801092064 
c **********************************
c PE+Pb, dens=4.78 g/cm3
m2      6000    -0.04286 $Carbon
        1001    -0.00714 $Hydrogen
        82000   -0.95000 $Lead
c **********************************
m3    1001 -0.048535 $Boric acid
      5010 -0.034981
      5011 -0.139923
      8016 -0.776561
c **********************************
m4    82000 1 $Lead
c **********************************
m5 26000 1 $Iron
c **********************************
m6     13027   -1.000 $ Aluminum
c **********************************
c  SS-304 (8.00 g/cm3), #298 in PNNL Compendium
m7   006000.50c -0.0004000
     014000.60c -0.0050000
     015031.50c -0.0002300
     016000.60c -0.0001500
     024000.50c -0.1899981
     025055.60c -0.0099999
     026000.50c -0.7017229
     028000.50c -0.0924991
c ****************************************
c       LaBr detector
c ****************************************
m8       35079    -0.2946       $ Br79
         35081    -0.3069       $ Br81
         57139    -0.3485       $ La139
         58140    -0.0500       $ Ce140
c ************ air den=1.15e-3g/cc
m12     8016 -0.23
        7014 -0.77
c ************ Rubber Natural den=0.92 g/cc
m13     1001 -0.118371  $weight fraction
        6000 -0.881629
c
c end material cards
c
rand seed=8674536546524321 $different initial random #; seed# - any less 18 digits
c
c ********** begin tallies *********************
fc78 *********Broadened Pulse Height Tally Sum of Detectors 1,2 & 3 ***********
e78 0 1e-5 932i 8.4295
F78:p (101)
FT78 GEB -0.026198 0.059551 -0.037176
fc18 *********Unbroadened Pulse Height Tally Sum of Detectors 1,2 & 3 ***********
e18 0 1e-5 932i 8.4295
F18:p (101)
c ***********************************
c mplot tal 78 freq 10000
nps 1e9
