c CAS DETECTOR
c w/ Shielding in Place and Wheels
c
c CELL CARDS
c
c @@@@@@@@@@ Detectors @@@@@@@@@@@@@@@@@
c
101 8 -5.08 -21 imp:n,p 1 $LaBr Detector #1 Active Region
c
c @@@@@@@@@ Shielding @@@@@@@@@@@@@@@@@
c
121 2 -4.78 -31 imp:n,p 1 $PE_Pb
122 4 -11.29 -32 imp:n,p 1 $Pb1
123 4 -11.29 -33 imp:n,p 1 $Pb2
124 4 -11.29 -34 imp:n,p 1 $Pb3
125 4 -11.29 -35 imp:n,p 1 $Pb4
126 4 -11.29 -36 imp:n,p 1 $Pb5
127 4 -11.29 -37 imp:n,p 1 $Pb6
128 3 -1.5 -38 imp:n,p 1 $BA1
129 3 -1.5 -39 imp:n,p 1 $BA2
130 6 -2.7 -40 imp:n,p 1 $Al
131 7 -7.92 301 -302 303 -304 imp:n,p 1 $Fe-tube
132 5 -7.8 -401 imp:n,p 1 $Fe
133 5 -7.8 -402 imp:n,p 1 $Fe
c @@@@@@@@@@ Wheels @@@@@@@@@@@@@@@@@
c
21 13 -0.92 -41 42 imp:n,p 1 $Wheel 1
211 13 -0.92 -421 422 imp:n,p 1 $Wheel 1
212 13 -0.92 -423 424 imp:n,p 1 $Wheel 1
22 13 -0.92 -43 44 imp:n,p 1 $Wheel 2
221 13 -0.92 -441 442 imp:n,p 1 $Wheel 2
222 13 -0.92 -443 444 imp:n,p 1 $Wheel 2
23 13 -0.92 -45 46 imp:n,p 1 $Wheel 3
231 13 -0.92 -461 462 imp:n,p 1 $Wheel 3
232 13 -0.92 -463 464 imp:n,p 1 $Wheel 3
24 13 -0.92 -47 48 imp:n,p 1 $Wheel 4
241 13 -0.92 -481 482 imp:n,p 1 $Wheel 4
242 13 -0.92 -483 484 imp:n,p 1 $Wheel 4
c
c @@@@@@@@@@ SOIL VOLUME @@@@@@@@@@@
c
300000 400000 -2.156 20010 -20011 20020 -20021 20030 -20031 imp:n,p 1
300001 400001 -2.156 20010 -20011 20020 -20021 20031 -20032 imp:n,p 1
300002 400002 -2.156 20010 -20011 20020 -20021 20032 -20033 imp:n,p 1
300003 400003 -2.156 20010 -20011 20020 -20021 20033 -20034 imp:n,p 1
300004 400004 -2.156 20010 -20011 20020 -20021 20034 -20035 imp:n,p 1
300005 400005 -2.156 20011 -20012 20020 -20021 20030 -20031 imp:n,p 1
300006 400006 -2.156 20011 -20012 20020 -20021 20031 -20032 imp:n,p 1
300007 400007 -2.156 20011 -20012 20020 -20021 20032 -20033 imp:n,p 1
300008 400008 -2.156 20011 -20012 20020 -20021 20033 -20034 imp:n,p 1
300009 400009 -2.156 20011 -20012 20020 -20021 20034 -20035 imp:n,p 1
300010 400010 -2.156 20012 -20013 20020 -20021 20030 -20031 imp:n,p 1
300011 400011 -2.156 20012 -20013 20020 -20021 20031 -20032 imp:n,p 1
300012 400012 -2.156 20012 -20013 20020 -20021 20032 -20033 imp:n,p 1
300013 400013 -2.156 20012 -20013 20020 -20021 20033 -20034 imp:n,p 1
300014 400014 -2.156 20012 -20013 20020 -20021 20034 -20035 imp:n,p 1
300015 400015 -2.156 20013 -20014 20020 -20021 20030 -20031 imp:n,p 1
300016 400016 -2.156 20013 -20014 20020 -20021 20031 -20032 imp:n,p 1
300017 400017 -2.156 20013 -20014 20020 -20021 20032 -20033 imp:n,p 1
300018 400018 -2.156 20013 -20014 20020 -20021 20033 -20034 imp:n,p 1
300019 400019 -2.156 20013 -20014 20020 -20021 20034 -20035 imp:n,p 1
300020 400020 -2.156 20014 -20015 20020 -20021 20030 -20031 imp:n,p 1
300021 400021 -2.156 20014 -20015 20020 -20021 20031 -20032 imp:n,p 1
300022 400022 -2.156 20014 -20015 20020 -20021 20032 -20033 imp:n,p 1
300023 400023 -2.156 20014 -20015 20020 -20021 20033 -20034 imp:n,p 1
300024 400024 -2.156 20014 -20015 20020 -20021 20034 -20035 imp:n,p 1
300025 400025 -2.156 20010 -20011 20021 -20022 20030 -20031 imp:n,p 1
300026 400026 -2.156 20010 -20011 20021 -20022 20031 -20032 imp:n,p 1
300027 400027 -2.156 20010 -20011 20021 -20022 20032 -20033 imp:n,p 1
300028 400028 -2.156 20010 -20011 20021 -20022 20033 -20034 imp:n,p 1
300029 400029 -2.156 20010 -20011 20021 -20022 20034 -20035 imp:n,p 1
300030 400030 -2.156 20011 -20012 20021 -20022 20030 -20031 imp:n,p 1
300031 400031 -2.156 20011 -20012 20021 -20022 20031 -20032 imp:n,p 1
300032 400032 -2.156 20011 -20012 20021 -20022 20032 -20033 imp:n,p 1
300033 400033 -2.156 20011 -20012 20021 -20022 20033 -20034 imp:n,p 1
300034 400034 -2.156 20011 -20012 20021 -20022 20034 -20035 imp:n,p 1
300035 400035 -2.156 20012 -20013 20021 -20022 20030 -20031 imp:n,p 1
300036 400036 -2.156 20012 -20013 20021 -20022 20031 -20032 imp:n,p 1
300037 400037 -2.156 20012 -20013 20021 -20022 20032 -20033 imp:n,p 1
300038 400038 -2.156 20012 -20013 20021 -20022 20033 -20034 imp:n,p 1
300039 400039 -2.156 20012 -20013 20021 -20022 20034 -20035 imp:n,p 1
300040 400040 -2.156 20013 -20014 20021 -20022 20030 -20031 imp:n,p 1
300041 400041 -2.156 20013 -20014 20021 -20022 20031 -20032 imp:n,p 1
300042 400042 -2.156 20013 -20014 20021 -20022 20032 -20033 imp:n,p 1
300043 400043 -2.156 20013 -20014 20021 -20022 20033 -20034 imp:n,p 1
300044 400044 -2.156 20013 -20014 20021 -20022 20034 -20035 imp:n,p 1
300045 400045 -2.156 20014 -20015 20021 -20022 20030 -20031 imp:n,p 1
300046 400046 -2.156 20014 -20015 20021 -20022 20031 -20032 imp:n,p 1
300047 400047 -2.156 20014 -20015 20021 -20022 20032 -20033 imp:n,p 1
300048 400048 -2.156 20014 -20015 20021 -20022 20033 -20034 imp:n,p 1
300049 400049 -2.156 20014 -20015 20021 -20022 20034 -20035 imp:n,p 1
300050 400050 -2.156 20010 -20011 20022 -20023 20030 -20031 imp:n,p 1
300051 400051 -2.156 20010 -20011 20022 -20023 20031 -20032 imp:n,p 1
300052 400052 -2.156 20010 -20011 20022 -20023 20032 -20033 imp:n,p 1
300053 400053 -2.156 20010 -20011 20022 -20023 20033 -20034 imp:n,p 1
300054 400054 -2.156 20010 -20011 20022 -20023 20034 -20035 imp:n,p 1
300055 400055 -2.156 20011 -20012 20022 -20023 20030 -20031 imp:n,p 1
300056 400056 -2.156 20011 -20012 20022 -20023 20031 -20032 imp:n,p 1
300057 400057 -2.156 20011 -20012 20022 -20023 20032 -20033 imp:n,p 1
300058 400058 -2.156 20011 -20012 20022 -20023 20033 -20034 imp:n,p 1
300059 400059 -2.156 20011 -20012 20022 -20023 20034 -20035 imp:n,p 1
300060 400060 -2.156 20012 -20013 20022 -20023 20030 -20031 imp:n,p 1
300061 400061 -2.156 20012 -20013 20022 -20023 20031 -20032 imp:n,p 1
300062 400062 -2.156 20012 -20013 20022 -20023 20032 -20033 imp:n,p 1
300063 400063 -2.156 20012 -20013 20022 -20023 20033 -20034 imp:n,p 1
300064 400064 -2.156 20012 -20013 20022 -20023 20034 -20035 imp:n,p 1
300065 400065 -2.156 20013 -20014 20022 -20023 20030 -20031 imp:n,p 1
300066 400066 -2.156 20013 -20014 20022 -20023 20031 -20032 imp:n,p 1
300067 400067 -2.156 20013 -20014 20022 -20023 20032 -20033 imp:n,p 1
300068 400068 -2.156 20013 -20014 20022 -20023 20033 -20034 imp:n,p 1
300069 400069 -2.156 20013 -20014 20022 -20023 20034 -20035 imp:n,p 1
300070 400070 -2.156 20014 -20015 20022 -20023 20030 -20031 imp:n,p 1
300071 400071 -2.156 20014 -20015 20022 -20023 20031 -20032 imp:n,p 1
300072 400072 -2.156 20014 -20015 20022 -20023 20032 -20033 imp:n,p 1
300073 400073 -2.156 20014 -20015 20022 -20023 20033 -20034 imp:n,p 1
300074 400074 -2.156 20014 -20015 20022 -20023 20034 -20035 imp:n,p 1
300075 400075 -2.156 20010 -20011 20023 -20024 20030 -20031 imp:n,p 1
300076 400076 -2.156 20010 -20011 20023 -20024 20031 -20032 imp:n,p 1
300077 400077 -2.156 20010 -20011 20023 -20024 20032 -20033 imp:n,p 1
300078 400078 -2.156 20010 -20011 20023 -20024 20033 -20034 imp:n,p 1
300079 400079 -2.156 20010 -20011 20023 -20024 20034 -20035 imp:n,p 1
300080 400080 -2.156 20011 -20012 20023 -20024 20030 -20031 imp:n,p 1
300081 400081 -2.156 20011 -20012 20023 -20024 20031 -20032 imp:n,p 1
300082 400082 -2.156 20011 -20012 20023 -20024 20032 -20033 imp:n,p 1
300083 400083 -2.156 20011 -20012 20023 -20024 20033 -20034 imp:n,p 1
300084 400084 -2.156 20011 -20012 20023 -20024 20034 -20035 imp:n,p 1
300085 400085 -2.156 20012 -20013 20023 -20024 20030 -20031 imp:n,p 1
300086 400086 -2.156 20012 -20013 20023 -20024 20031 -20032 imp:n,p 1
300087 400087 -2.156 20012 -20013 20023 -20024 20032 -20033 imp:n,p 1
300088 400088 -2.156 20012 -20013 20023 -20024 20033 -20034 imp:n,p 1
300089 400089 -2.156 20012 -20013 20023 -20024 20034 -20035 imp:n,p 1
300090 400090 -2.156 20013 -20014 20023 -20024 20030 -20031 imp:n,p 1
300091 400091 -2.156 20013 -20014 20023 -20024 20031 -20032 imp:n,p 1
300092 400092 -2.156 20013 -20014 20023 -20024 20032 -20033 imp:n,p 1
300093 400093 -2.156 20013 -20014 20023 -20024 20033 -20034 imp:n,p 1
300094 400094 -2.156 20013 -20014 20023 -20024 20034 -20035 imp:n,p 1
300095 400095 -2.156 20014 -20015 20023 -20024 20030 -20031 imp:n,p 1
300096 400096 -2.156 20014 -20015 20023 -20024 20031 -20032 imp:n,p 1
300097 400097 -2.156 20014 -20015 20023 -20024 20032 -20033 imp:n,p 1
300098 400098 -2.156 20014 -20015 20023 -20024 20033 -20034 imp:n,p 1
300099 400099 -2.156 20014 -20015 20023 -20024 20034 -20035 imp:n,p 1
300100 400100 -2.156 20010 -20011 20024 -20025 20030 -20031 imp:n,p 1
300101 400101 -2.156 20010 -20011 20024 -20025 20031 -20032 imp:n,p 1
300102 400102 -2.156 20010 -20011 20024 -20025 20032 -20033 imp:n,p 1
300103 400103 -2.156 20010 -20011 20024 -20025 20033 -20034 imp:n,p 1
300104 400104 -2.156 20010 -20011 20024 -20025 20034 -20035 imp:n,p 1
300105 400105 -2.156 20011 -20012 20024 -20025 20030 -20031 imp:n,p 1
300106 400106 -2.156 20011 -20012 20024 -20025 20031 -20032 imp:n,p 1
300107 400107 -2.156 20011 -20012 20024 -20025 20032 -20033 imp:n,p 1
300108 400108 -2.156 20011 -20012 20024 -20025 20033 -20034 imp:n,p 1
300109 400109 -2.156 20011 -20012 20024 -20025 20034 -20035 imp:n,p 1
300110 400110 -2.156 20012 -20013 20024 -20025 20030 -20031 imp:n,p 1
300111 400111 -2.156 20012 -20013 20024 -20025 20031 -20032 imp:n,p 1
300112 400112 -2.156 20012 -20013 20024 -20025 20032 -20033 imp:n,p 1
300113 400113 -2.156 20012 -20013 20024 -20025 20033 -20034 imp:n,p 1
300114 400114 -2.156 20012 -20013 20024 -20025 20034 -20035 imp:n,p 1
300115 400115 -2.156 20013 -20014 20024 -20025 20030 -20031 imp:n,p 1
300116 400116 -2.156 20013 -20014 20024 -20025 20031 -20032 imp:n,p 1
300117 400117 -2.156 20013 -20014 20024 -20025 20032 -20033 imp:n,p 1
300118 400118 -2.156 20013 -20014 20024 -20025 20033 -20034 imp:n,p 1
300119 400119 -2.156 20013 -20014 20024 -20025 20034 -20035 imp:n,p 1
300120 400120 -2.156 20014 -20015 20024 -20025 20030 -20031 imp:n,p 1
300121 400121 -2.156 20014 -20015 20024 -20025 20031 -20032 imp:n,p 1
300122 400122 -2.156 20014 -20015 20024 -20025 20032 -20033 imp:n,p 1
300123 400123 -2.156 20014 -20015 20024 -20025 20033 -20034 imp:n,p 1
300124 400124 -2.156 20014 -20015 20024 -20025 20034 -20035 imp:n,p 1
c
30 12 -0.00129 -200 #101 #121 #122 #123 #124 #125 #126 #127 #128 #129 #130 #131 #132 #133
        #21 #211 #212 #22 #221 #222 #23 #231 #232 #24 #241 #242 #20 imp:n,p 1 $Rest of the World
31 0 200 imp:n,p 0 $Outside world

c SURFACE CARDS
c
c Sample Volume
20010 px -56.0
20011 px -33.59999999999991
20012 px -11.199999999999818
20013 px 11.199999999999818
20014 px 33.59999999999991
20015 px 56.0
20020 py -45.0
20021 py -27.0
20022 py -9.0
20023 py 9.0
20024 py 27.0
20025 py 45.0
20030 pz 92.0
20031 pz 82.0
20032 pz 72.0
20033 pz 62.0
20034 pz 52.0
20035 pz 42.0
c Active Detector Region
21 rcc 56  -5.0 -1.0   0.0 20.3 0.0   4.5 $Detector 1 Base center, Hx,Hy,Hz, radius
c Shielding Surfaces
c Shielding Pb
31 rpp 19 29 -7.5 7.5 -11 9 $PbPE xmin xmax ymin ymax zmin zmax
32 rpp 9 19 4 9 -11 9 $Pb xmin xmax ymin ymax zmin zmax
33 rpp 9 19 -9 -4 -11 9 $Pb xmin xmax ymin ymax zmin zmax
34 rpp 19 29 7.5 12.5 -11 9 $Pb xmin xmax ymin ymax zmin zmax
35 rpp 19 29 -12.5 -7.5 -11 9 $Pb xmin xmax ymin ymax zmin zmax
36 rpp 29 34 -15 15 -11 9 $Pb xmin xmax ymin ymax zmin zmax
37 rpp 9 19 -4 4 4 9 $Pb xmin xmax ymin ymax zmin zmax
38 rpp -26 26 18 28 -11 9 $BA1 xmin xmax ymin ymax zmin zmax
39 rpp -26 26 -28 -18 -11 9 $BA2 xmin xmax ymin ymax zmin zmax
40 rpp -65 65 -28 28 10 10.5 $Al xmin xmax ymin ymax zmin zmax
401 rpp -27 27 29 34 -11 9 $Fe xmin xmax ymin ymax zmin zmax
402 rpp -27 27 -34 -29 -11 9 $Fe xmin xmax ymin ymax zmin zmax
301 px -20
302 px 18
303 cx 3.71
304 cx 3.81
c Wheels Surfaces
c 23/10.5-12 turf tires, 22.6 lb rubber
c diameter 29cm, tread width 25cm, and sidewall height 13.76 cm
c set thickness of all sides 1.3 cm (s.t. weight is 22.6 lb)
41 rcc -2 77 8   0.0 25 0.0 29 $wheel 1 outer tread surface
42 rcc -2 77 8   0.0 25 0.0 27.7 $wheel 1 inner tread surface
421 rcc -2 75.7 8   0.0 1.3 0.0 29 $wheel 1 outside sidewall exterior
422 rcc -2 75.7 8   0.0 1.3 0.0 15.24 $wheel 1 outside sidewall interior
423 rcc -2 102 8   0.0 1.3 0.0 29 $wheel 1 inside sidewall exterior
424 rcc -2 102 8   0.0 1.3 0.0 15.24 $wheel 1 inside sidewall interior
43 rcc 68 77 8   0.0 25 0.0 29 $wheel 2
44 rcc 68 77 8   0.0 25 0.0 27.7
441 rcc 68 75.7 8   0.0 1.3 0.0 29
442 rcc 68 75.7 8   0.0 1.3 0.0 15.24
443 rcc 68 102 8   0.0 1.3 0.0 29
444 rcc 68 102 8   0.0 1.3 0.0 15.24
45 rcc -2 -77 8   0.0 -25 0.0 29 $wheel 3
46 rcc -2 -77 8   0.0 -25 0.0 27.7
461 rcc -2 -75.7 8   0.0 -1.3 0.0 29
462 rcc -2 -75.7 8   0.0 -1.3 0.0 15.24
463 rcc -2 -102 8   0.0 -1.3 0.0 29
464 rcc -2 -102 8   0.0 -1.3 0.0 15.24
47 rcc 68 -77 8   0.0 -25 0.0 29 $wheel 4
48 rcc 68 -77 8   0.0 -25 0.0 27.7
481 rcc 68 -75.7 8   0.0 -1.3 0.0 29
482 rcc 68 -75.7 8   0.0 -1.3 0.0 15.24
483 rcc 68 -102 8   0.0 -1.3 0.0 29
484 rcc 68 -102 8   0.0 -1.3 0.0 15.24
200 so 800    $sphere of 800cm centered at origin
c

c DATA CARDS
mode n p
c dump every hr
prdmp -60 -60 -1
c 100 keV Neutron Energy Cutoff
Cut:n 1j 0.1
c analog neutron transport
phys:n 1j 14
phys:p
sdef pos=0 0 0 erg=14.0 vec= 0 0 1 dir=d1
si1  -1 .93 1
sp1   0  0.0  1.0
c ********************
c begin material cards
c ********************
c Pure Carbon
c ****************************************
m400000 6000 -0.0005046873613668562 7000 -0.0005046873613668562 14000 -0.9989906252772661 
m400001 6000 -0.002116901386587406 7000 -0.002116901386587406 14000 -0.9957661972268254 
m400002 6000 -0.0037600676612593257 7000 -0.0037600676612593257 14000 -0.9924798646774815 
m400003 6000 -0.005871051717085153 7000 -0.005871051717085153 14000 -0.98825789656583 
m400004 6000 -0.008193412600432015 7000 -0.008193412600432015 14000 -0.9836131747991359 
m400005 6000 -0.00046388265317621856 7000 -0.00046388265317621856 14000 -0.9990722346936477 
m400006 6000 -0.0022568573573585643 7000 -0.0022568573573585643 14000 -0.9954862852852827 
m400007 6000 -0.00399712202607441 7000 -0.00399712202607441 14000 -0.9920057559478511 
m400008 6000 -0.005967476120178308 7000 -0.005967476120178308 14000 -0.9880650477596433 
m400009 6000 -0.007866360355099406 7000 -0.007866360355099406 14000 -0.9842672792898013 
m400010 6000 -0.0005406504887293228 7000 -0.0005406504887293228 14000 -0.9989186990225412 
m400011 6000 -0.0021989929245192523 7000 -0.0021989929245192523 14000 -0.9956020141509613 
m400012 6000 -0.003876214030054704 7000 -0.003876214030054704 14000 -0.9922475719398907 
m400013 6000 -0.0058532653042222505 7000 -0.0058532653042222505 14000 -0.9882934693915553 
m400014 6000 -0.008137965216453094 7000 -0.008137965216453094 14000 -0.983724069567094 
m400015 6000 -0.00038815736967136484 7000 -0.00038815736967136484 14000 -0.9992236852606573 
m400016 6000 -0.0021096831416100885 7000 -0.0021096831416100885 14000 -0.9957806337167797 
m400017 6000 -0.004102546632958156 7000 -0.004102546632958156 14000 -0.9917949067340837 
m400018 6000 -0.005917847711434579 7000 -0.005917847711434579 14000 -0.9881643045771307 
m400019 6000 -0.008146166495140805 7000 -0.008146166495140805 14000 -0.9837076670097185 
m400020 6000 -0.00063396150604078 7000 -0.00063396150604078 14000 -0.9987320769879189 
m400021 6000 -0.002141741637098844 7000 -0.002141741637098844 14000 -0.9957165167258023 
m400022 6000 -0.0038011957312559224 7000 -0.0038011957312559224 14000 -0.9923976085374884 
m400023 6000 -0.006333903293606527 7000 -0.006333903293606527 14000 -0.9873321934127869 
m400024 6000 -0.0077617892529243705 7000 -0.0077617892529243705 14000 -0.9844764214941509 
m400025 6000 -0.0005447724731076083 7000 -0.0005447724731076083 14000 -0.9989104550537848 
m400026 6000 -0.002366010600840916 7000 -0.002366010600840916 14000 -0.9952679787983179 
m400027 6000 -0.003947979314762138 7000 -0.003947979314762138 14000 -0.9921040413704758 
m400028 6000 -0.006081325126169938 7000 -0.006081325126169938 14000 -0.9878373497476599 
m400029 6000 -0.008502830882266058 7000 -0.008502830882266058 14000 -0.9829943382354679 
m400030 6000 -0.00041066826881672847 7000 -0.00041066826881672847 14000 -0.9991786634623668 
m400031 6000 -0.0019278543826118388 7000 -0.0019278543826118388 14000 -0.9961442912347764 
m400032 6000 -0.004166454000581661 7000 -0.004166454000581661 14000 -0.9916670919988368 
m400033 6000 -0.006152347640370977 7000 -0.006152347640370977 14000 -0.987695304719258 
m400034 6000 -0.007915258302784686 7000 -0.007915258302784686 14000 -0.9841694833944303 
m400035 6000 -0.0005200609536468131 7000 -0.0005200609536468131 14000 -0.9989598780927064 
m400036 6000 -0.0019616000419030934 7000 -0.0019616000419030934 14000 -0.996076799916194 
m400037 6000 -0.004040350441260174 7000 -0.004040350441260174 14000 -0.9919192991174797 
m400038 6000 -0.005790947871998306 7000 -0.005790947871998306 14000 -0.9884181042560034 
m400039 6000 -0.007796158229530606 7000 -0.007796158229530606 14000 -0.9844076835409388 
m400040 6000 -0.00047910878661920294 7000 -0.00047910878661920294 14000 -0.9990417824267612 
m400041 6000 -0.0020799296919037672 7000 -0.0020799296919037672 14000 -0.9958401406161929 
m400042 6000 -0.0040051597433081185 7000 -0.0040051597433081185 14000 -0.9919896805133835 
m400043 6000 -0.006146187291044492 7000 -0.006146187291044492 14000 -0.9877076254179109 
m400044 6000 -0.007838678377338634 7000 -0.007838678377338634 14000 -0.9843226432453226 
m400045 6000 -0.00044107853994716935 7000 -0.00044107853994716935 14000 -0.9991178429201054 
m400046 6000 -0.002039096588997863 7000 -0.002039096588997863 14000 -0.9959218068220046 
m400047 6000 -0.004148201076038241 7000 -0.004148201076038241 14000 -0.9917035978479235 
m400048 6000 -0.0059694655054148785 7000 -0.0059694655054148785 14000 -0.9880610689891701 
m400049 6000 -0.00804623648105095 7000 -0.00804623648105095 14000 -0.983907527037898 
m400050 6000 -0.00045094313657090295 7000 -0.00045094313657090295 14000 -0.9990981137268581 
m400051 6000 -0.001969439045483108 7000 -0.001969439045483108 14000 -0.9960611219090338 
m400052 6000 -0.0037448977236318338 7000 -0.0037448977236318338 14000 -0.9925102045527363 
m400053 6000 -0.005668054622037535 7000 -0.005668054622037535 14000 -0.9886638907559251 
m400054 6000 -0.007758648166050378 7000 -0.007758648166050378 14000 -0.9844827036678991 
m400055 6000 -0.0005492432874589975 7000 -0.0005492432874589975 14000 -0.998901513425082 
m400056 6000 -0.0018703843725601176 7000 -0.0018703843725601176 14000 -0.9962592312548795 
m400057 6000 -0.004062337399667549 7000 -0.004062337399667549 14000 -0.991875325200665 
m400058 6000 -0.006113520163288727 7000 -0.006113520163288727 14000 -0.9877729596734226 
m400059 6000 -0.007624584864781802 7000 -0.007624584864781802 14000 -0.9847508302704362 
m400060 6000 -0.0006342633353455639 7000 -0.0006342633353455639 14000 -0.9987314733293089 
m400061 6000 -0.001934004567606602 7000 -0.001934004567606602 14000 -0.9961319908647868 
m400062 6000 -0.0040313039248714285 7000 -0.0040313039248714285 14000 -0.9919373921502573 
m400063 6000 -0.006038936600207504 7000 -0.006038936600207504 14000 -0.9879221267995848 
m400064 6000 -0.007814858903676053 7000 -0.007814858903676053 14000 -0.984370282192648 
m400065 6000 -0.0006113605608256977 7000 -0.0006113605608256977 14000 -0.9987772788783486 
m400066 6000 -0.001986593422923447 7000 -0.001986593422923447 14000 -0.9960268131541529 
m400067 6000 -0.003891433188217888 7000 -0.003891433188217888 14000 -0.992217133623564 
m400068 6000 -0.005952763437286014 7000 -0.005952763437286014 14000 -0.9880944731254279 
m400069 6000 -0.007955975521823517 7000 -0.007955975521823517 14000 -0.9840880489563532 
m400070 6000 -0.0005357392365240999 7000 -0.0005357392365240999 14000 -0.9989285215269519 
m400071 6000 -0.0019773305334749307 7000 -0.0019773305334749307 14000 -0.9960453389330505 
m400072 6000 -0.004048618021552379 7000 -0.004048618021552379 14000 -0.9919027639568954 
m400073 6000 -0.006112594107878942 7000 -0.006112594107878942 14000 -0.9877748117842416 
m400074 6000 -0.0076932041728451465 7000 -0.0076932041728451465 14000 -0.9846135916543092 
m400075 6000 -0.0003794076494364198 7000 -0.0003794076494364198 14000 -0.9992411847011273 
m400076 6000 -0.0018009457483144416 7000 -0.0018009457483144416 14000 -0.9963981085033712 
m400077 6000 -0.003925624054299394 7000 -0.003925624054299394 14000 -0.9921487518914011 
m400078 6000 -0.005963978970579199 7000 -0.005963978970579199 14000 -0.9880720420588419 
m400079 6000 -0.007874218180811094 7000 -0.007874218180811094 14000 -0.9842515636383777 
m400080 6000 -0.0006110085597312428 7000 -0.0006110085597312428 14000 -0.9987779828805372 
m400081 6000 -0.0018721626303750552 7000 -0.0018721626303750552 14000 -0.9962556747392496 
m400082 6000 -0.0037480327575332593 7000 -0.0037480327575332593 14000 -0.9925039344849335 
m400083 6000 -0.005951108322051306 7000 -0.005951108322051306 14000 -0.9880977833558976 
m400084 6000 -0.007985029043256134 7000 -0.007985029043256134 14000 -0.9840299419134876 
m400085 6000 -0.00048709866928482026 7000 -0.00048709866928482026 14000 -0.9990258026614304 
m400086 6000 -0.002059484332749925 7000 -0.002059484332749925 14000 -0.9958810313345003 
m400087 6000 -0.00431355643294468 7000 -0.00431355643294468 14000 -0.9913728871341102 
m400088 6000 -0.005944097620488891 7000 -0.005944097620488891 14000 -0.9881118047590224 
m400089 6000 -0.00772818057074008 7000 -0.00772818057074008 14000 -0.9845436388585198 
m400090 6000 -0.0005720383180303805 7000 -0.0005720383180303805 14000 -0.9988559233639394 
m400091 6000 -0.0019191638737937936 7000 -0.0019191638737937936 14000 -0.9961616722524126 
m400092 6000 -0.004279927629199913 7000 -0.004279927629199913 14000 -0.9914401447416004 
m400093 6000 -0.006097752466626035 7000 -0.006097752466626035 14000 -0.9878044950667476 
m400094 6000 -0.007916606853502244 7000 -0.007916606853502244 14000 -0.9841667862929956 
m400095 6000 -0.0006381524252331686 7000 -0.0006381524252331686 14000 -0.9987236951495336 
m400096 6000 -0.0018070850557628533 7000 -0.0018070850557628533 14000 -0.9963858298884744 
m400097 6000 -0.003985633349045782 7000 -0.003985633349045782 14000 -0.9920287333019085 
m400098 6000 -0.006201450874941374 7000 -0.006201450874941374 14000 -0.9875970982501172 
m400099 6000 -0.007971801030252251 7000 -0.007971801030252251 14000 -0.9840563979394957 
m400100 6000 -0.0005796804367278042 7000 -0.0005796804367278042 14000 -0.9988406391265444 
m400101 6000 -0.0018401090479835825 7000 -0.0018401090479835825 14000 -0.9963197819040329 
m400102 6000 -0.0040723730857307894 7000 -0.0040723730857307894 14000 -0.9918552538285382 
m400103 6000 -0.006195870362281204 7000 -0.006195870362281204 14000 -0.9876082592754374 
m400104 6000 -0.008037939872188865 7000 -0.008037939872188865 14000 -0.9839241202556219 
m400105 6000 -0.0005244233339038273 7000 -0.0005244233339038273 14000 -0.9989511533321924 
m400106 6000 -0.0019799894348101086 7000 -0.0019799894348101086 14000 -0.9960400211303799 
m400107 6000 -0.003855046962869725 7000 -0.003855046962869725 14000 -0.9922899060742608 
m400108 6000 -0.006067389778198739 7000 -0.006067389778198739 14000 -0.9878652204436023 
m400109 6000 -0.007911658906449938 7000 -0.007911658906449938 14000 -0.9841766821871003 
m400110 6000 -0.0005007892205613238 7000 -0.0005007892205613238 14000 -0.9989984215588773 
m400111 6000 -0.002188509950416611 7000 -0.002188509950416611 14000 -0.9956229800991667 
m400112 6000 -0.004415097823181792 7000 -0.004415097823181792 14000 -0.9911698043536361 
m400113 6000 -0.0060718923257024405 7000 -0.0060718923257024405 14000 -0.9878562153485951 
m400114 6000 -0.007604789120922437 7000 -0.007604789120922437 14000 -0.9847904217581548 
m400115 6000 -0.00048228136911855943 7000 -0.00048228136911855943 14000 -0.9990354372617629 
m400116 6000 -0.002250385780458347 7000 -0.002250385780458347 14000 -0.9954992284390833 
m400117 6000 -0.004286630453763194 7000 -0.004286630453763194 14000 -0.9914267390924734 
m400118 6000 -0.005965079888588557 7000 -0.005965079888588557 14000 -0.9880698402228227 
m400119 6000 -0.007846601622071984 7000 -0.007846601622071984 14000 -0.9843067967558561 
m400120 6000 -0.0005764223530055005 7000 -0.0005764223530055005 14000 -0.998847155293989 
m400121 6000 -0.0023257419033695524 7000 -0.0023257419033695524 14000 -0.995348516193261 
m400122 6000 -0.0038727500753008067 7000 -0.0038727500753008067 14000 -0.9922544998493982 
m400123 6000 -0.006088239769687206 7000 -0.006088239769687206 14000 -0.9878235204606253 
m400124 6000 -0.007916751180287814 7000 -0.007916751180287814 14000 -0.9841664976394244 
c **********************************
c PE+Pb, dens=4.78 g/cm3
m2      6000    -0.04286 $Carbon
        1001    -0.00714 $Hydrogen
        82000   -0.95000 $Lead
c **********************************
m3    1001 -0.048535 $Boric acid
      5010 -0.034981
      5011 -0.139923
      8016 -0.776561
c **********************************
m4    82000 1 $Lead
c **********************************
m5 26000 1 $Iron
c **********************************
m6     13027   -1.000 $ Aluminum
c **********************************
c  SS-304 (8.00 g/cm3), #298 in PNNL Compendium
m7   006000.50c -0.0004000
     014000.60c -0.0050000
     015031.50c -0.0002300
     016000.60c -0.0001500
     024000.50c -0.1899981
     025055.60c -0.0099999
     026000.50c -0.7017229
     028000.50c -0.0924991
c ****************************************
c       LaBr detector
c ****************************************
m8       35079    -0.2946       $ Br79
         35081    -0.3069       $ Br81
         57139    -0.3485       $ La139
         58140    -0.0500       $ Ce140
c ************ air den=1.15e-3g/cc
m12     8016 -0.23
        7014 -0.77
c ************ Rubber Natural den=0.92 g/cc
m13     1001 -0.118371  $weight fraction
        6000 -0.881629
c
c end material cards
c
rand seed=8674536546524321 $different initial random #; seed# - any less 18 digits
c
c ********** begin tallies *********************
fc78 *********Broadened Pulse Height Tally Sum of Detectors 1,2 & 3 ***********
e78 0 1e-5 932i 8.4295
F78:p (101)
FT78 GEB -0.026198 0.059551 -0.037176
fc18 *********Unbroadened Pulse Height Tally Sum of Detectors 1,2 & 3 ***********
e18 0 1e-5 932i 8.4295
F18:p (101)
c ***********************************
c mplot tal 78 freq 10000
nps 1e9
