c CAS DETECTOR
c w/ Shielding in Place and Wheels
c
c CELL CARDS
c
c @@@@@@@@@@ Detectors @@@@@@@@@@@@@@@@@
c
101 8 -5.08 -21 imp:n,p 1 $LaBr Detector #1 Active Region
c
c @@@@@@@@@ Shielding @@@@@@@@@@@@@@@@@
c
121 2 -4.78 -31 imp:n,p 1 $PE_Pb
122 4 -11.29 -32 imp:n,p 1 $Pb1
123 4 -11.29 -33 imp:n,p 1 $Pb2
124 4 -11.29 -34 imp:n,p 1 $Pb3
125 4 -11.29 -35 imp:n,p 1 $Pb4
126 4 -11.29 -36 imp:n,p 1 $Pb5
127 4 -11.29 -37 imp:n,p 1 $Pb6
128 3 -1.5 -38 imp:n,p 1 $BA1
129 3 -1.5 -39 imp:n,p 1 $BA2
130 6 -2.7 -40 imp:n,p 1 $Al
131 7 -7.92 301 -302 303 -304 imp:n,p 1 $Fe-tube
132 5 -7.8 -401 imp:n,p 1 $Fe
133 5 -7.8 -402 imp:n,p 1 $Fe
c @@@@@@@@@@ Wheels @@@@@@@@@@@@@@@@@
c
21 13 -0.92 -41 42 imp:n,p 1 $Wheel 1
211 13 -0.92 -421 422 imp:n,p 1 $Wheel 1
212 13 -0.92 -423 424 imp:n,p 1 $Wheel 1
22 13 -0.92 -43 44 imp:n,p 1 $Wheel 2
221 13 -0.92 -441 442 imp:n,p 1 $Wheel 2
222 13 -0.92 -443 444 imp:n,p 1 $Wheel 2
23 13 -0.92 -45 46 imp:n,p 1 $Wheel 3
231 13 -0.92 -461 462 imp:n,p 1 $Wheel 3
232 13 -0.92 -463 464 imp:n,p 1 $Wheel 3
24 13 -0.92 -47 48 imp:n,p 1 $Wheel 4
241 13 -0.92 -481 482 imp:n,p 1 $Wheel 4
242 13 -0.92 -483 484 imp:n,p 1 $Wheel 4
c
c @@@@@@@@@@ SOIL VOLUME @@@@@@@@@@@
c
300000 400000 -2.156 20010 -20011 20020 -20021 20030 -20031 imp:n,p 1
300001 400001 -2.156 20010 -20011 20020 -20021 20031 -20032 imp:n,p 1
300002 400002 -2.156 20010 -20011 20020 -20021 20032 -20033 imp:n,p 1
300003 400003 -2.156 20010 -20011 20020 -20021 20033 -20034 imp:n,p 1
300004 400004 -2.156 20010 -20011 20020 -20021 20034 -20035 imp:n,p 1
300005 400005 -2.156 20011 -20012 20020 -20021 20030 -20031 imp:n,p 1
300006 400006 -2.156 20011 -20012 20020 -20021 20031 -20032 imp:n,p 1
300007 400007 -2.156 20011 -20012 20020 -20021 20032 -20033 imp:n,p 1
300008 400008 -2.156 20011 -20012 20020 -20021 20033 -20034 imp:n,p 1
300009 400009 -2.156 20011 -20012 20020 -20021 20034 -20035 imp:n,p 1
300010 400010 -2.156 20012 -20013 20020 -20021 20030 -20031 imp:n,p 1
300011 400011 -2.156 20012 -20013 20020 -20021 20031 -20032 imp:n,p 1
300012 400012 -2.156 20012 -20013 20020 -20021 20032 -20033 imp:n,p 1
300013 400013 -2.156 20012 -20013 20020 -20021 20033 -20034 imp:n,p 1
300014 400014 -2.156 20012 -20013 20020 -20021 20034 -20035 imp:n,p 1
300015 400015 -2.156 20013 -20014 20020 -20021 20030 -20031 imp:n,p 1
300016 400016 -2.156 20013 -20014 20020 -20021 20031 -20032 imp:n,p 1
300017 400017 -2.156 20013 -20014 20020 -20021 20032 -20033 imp:n,p 1
300018 400018 -2.156 20013 -20014 20020 -20021 20033 -20034 imp:n,p 1
300019 400019 -2.156 20013 -20014 20020 -20021 20034 -20035 imp:n,p 1
300020 400020 -2.156 20014 -20015 20020 -20021 20030 -20031 imp:n,p 1
300021 400021 -2.156 20014 -20015 20020 -20021 20031 -20032 imp:n,p 1
300022 400022 -2.156 20014 -20015 20020 -20021 20032 -20033 imp:n,p 1
300023 400023 -2.156 20014 -20015 20020 -20021 20033 -20034 imp:n,p 1
300024 400024 -2.156 20014 -20015 20020 -20021 20034 -20035 imp:n,p 1
300025 400025 -2.156 20010 -20011 20021 -20022 20030 -20031 imp:n,p 1
300026 400026 -2.156 20010 -20011 20021 -20022 20031 -20032 imp:n,p 1
300027 400027 -2.156 20010 -20011 20021 -20022 20032 -20033 imp:n,p 1
300028 400028 -2.156 20010 -20011 20021 -20022 20033 -20034 imp:n,p 1
300029 400029 -2.156 20010 -20011 20021 -20022 20034 -20035 imp:n,p 1
300030 400030 -2.156 20011 -20012 20021 -20022 20030 -20031 imp:n,p 1
300031 400031 -2.156 20011 -20012 20021 -20022 20031 -20032 imp:n,p 1
300032 400032 -2.156 20011 -20012 20021 -20022 20032 -20033 imp:n,p 1
300033 400033 -2.156 20011 -20012 20021 -20022 20033 -20034 imp:n,p 1
300034 400034 -2.156 20011 -20012 20021 -20022 20034 -20035 imp:n,p 1
300035 400035 -2.156 20012 -20013 20021 -20022 20030 -20031 imp:n,p 1
300036 400036 -2.156 20012 -20013 20021 -20022 20031 -20032 imp:n,p 1
300037 400037 -2.156 20012 -20013 20021 -20022 20032 -20033 imp:n,p 1
300038 400038 -2.156 20012 -20013 20021 -20022 20033 -20034 imp:n,p 1
300039 400039 -2.156 20012 -20013 20021 -20022 20034 -20035 imp:n,p 1
300040 400040 -2.156 20013 -20014 20021 -20022 20030 -20031 imp:n,p 1
300041 400041 -2.156 20013 -20014 20021 -20022 20031 -20032 imp:n,p 1
300042 400042 -2.156 20013 -20014 20021 -20022 20032 -20033 imp:n,p 1
300043 400043 -2.156 20013 -20014 20021 -20022 20033 -20034 imp:n,p 1
300044 400044 -2.156 20013 -20014 20021 -20022 20034 -20035 imp:n,p 1
300045 400045 -2.156 20014 -20015 20021 -20022 20030 -20031 imp:n,p 1
300046 400046 -2.156 20014 -20015 20021 -20022 20031 -20032 imp:n,p 1
300047 400047 -2.156 20014 -20015 20021 -20022 20032 -20033 imp:n,p 1
300048 400048 -2.156 20014 -20015 20021 -20022 20033 -20034 imp:n,p 1
300049 400049 -2.156 20014 -20015 20021 -20022 20034 -20035 imp:n,p 1
300050 400050 -2.156 20010 -20011 20022 -20023 20030 -20031 imp:n,p 1
300051 400051 -2.156 20010 -20011 20022 -20023 20031 -20032 imp:n,p 1
300052 400052 -2.156 20010 -20011 20022 -20023 20032 -20033 imp:n,p 1
300053 400053 -2.156 20010 -20011 20022 -20023 20033 -20034 imp:n,p 1
300054 400054 -2.156 20010 -20011 20022 -20023 20034 -20035 imp:n,p 1
300055 400055 -2.156 20011 -20012 20022 -20023 20030 -20031 imp:n,p 1
300056 400056 -2.156 20011 -20012 20022 -20023 20031 -20032 imp:n,p 1
300057 400057 -2.156 20011 -20012 20022 -20023 20032 -20033 imp:n,p 1
300058 400058 -2.156 20011 -20012 20022 -20023 20033 -20034 imp:n,p 1
300059 400059 -2.156 20011 -20012 20022 -20023 20034 -20035 imp:n,p 1
300060 400060 -2.156 20012 -20013 20022 -20023 20030 -20031 imp:n,p 1
300061 400061 -2.156 20012 -20013 20022 -20023 20031 -20032 imp:n,p 1
300062 400062 -2.156 20012 -20013 20022 -20023 20032 -20033 imp:n,p 1
300063 400063 -2.156 20012 -20013 20022 -20023 20033 -20034 imp:n,p 1
300064 400064 -2.156 20012 -20013 20022 -20023 20034 -20035 imp:n,p 1
300065 400065 -2.156 20013 -20014 20022 -20023 20030 -20031 imp:n,p 1
300066 400066 -2.156 20013 -20014 20022 -20023 20031 -20032 imp:n,p 1
300067 400067 -2.156 20013 -20014 20022 -20023 20032 -20033 imp:n,p 1
300068 400068 -2.156 20013 -20014 20022 -20023 20033 -20034 imp:n,p 1
300069 400069 -2.156 20013 -20014 20022 -20023 20034 -20035 imp:n,p 1
300070 400070 -2.156 20014 -20015 20022 -20023 20030 -20031 imp:n,p 1
300071 400071 -2.156 20014 -20015 20022 -20023 20031 -20032 imp:n,p 1
300072 400072 -2.156 20014 -20015 20022 -20023 20032 -20033 imp:n,p 1
300073 400073 -2.156 20014 -20015 20022 -20023 20033 -20034 imp:n,p 1
300074 400074 -2.156 20014 -20015 20022 -20023 20034 -20035 imp:n,p 1
300075 400075 -2.156 20010 -20011 20023 -20024 20030 -20031 imp:n,p 1
300076 400076 -2.156 20010 -20011 20023 -20024 20031 -20032 imp:n,p 1
300077 400077 -2.156 20010 -20011 20023 -20024 20032 -20033 imp:n,p 1
300078 400078 -2.156 20010 -20011 20023 -20024 20033 -20034 imp:n,p 1
300079 400079 -2.156 20010 -20011 20023 -20024 20034 -20035 imp:n,p 1
300080 400080 -2.156 20011 -20012 20023 -20024 20030 -20031 imp:n,p 1
300081 400081 -2.156 20011 -20012 20023 -20024 20031 -20032 imp:n,p 1
300082 400082 -2.156 20011 -20012 20023 -20024 20032 -20033 imp:n,p 1
300083 400083 -2.156 20011 -20012 20023 -20024 20033 -20034 imp:n,p 1
300084 400084 -2.156 20011 -20012 20023 -20024 20034 -20035 imp:n,p 1
300085 400085 -2.156 20012 -20013 20023 -20024 20030 -20031 imp:n,p 1
300086 400086 -2.156 20012 -20013 20023 -20024 20031 -20032 imp:n,p 1
300087 400087 -2.156 20012 -20013 20023 -20024 20032 -20033 imp:n,p 1
300088 400088 -2.156 20012 -20013 20023 -20024 20033 -20034 imp:n,p 1
300089 400089 -2.156 20012 -20013 20023 -20024 20034 -20035 imp:n,p 1
300090 400090 -2.156 20013 -20014 20023 -20024 20030 -20031 imp:n,p 1
300091 400091 -2.156 20013 -20014 20023 -20024 20031 -20032 imp:n,p 1
300092 400092 -2.156 20013 -20014 20023 -20024 20032 -20033 imp:n,p 1
300093 400093 -2.156 20013 -20014 20023 -20024 20033 -20034 imp:n,p 1
300094 400094 -2.156 20013 -20014 20023 -20024 20034 -20035 imp:n,p 1
300095 400095 -2.156 20014 -20015 20023 -20024 20030 -20031 imp:n,p 1
300096 400096 -2.156 20014 -20015 20023 -20024 20031 -20032 imp:n,p 1
300097 400097 -2.156 20014 -20015 20023 -20024 20032 -20033 imp:n,p 1
300098 400098 -2.156 20014 -20015 20023 -20024 20033 -20034 imp:n,p 1
300099 400099 -2.156 20014 -20015 20023 -20024 20034 -20035 imp:n,p 1
300100 400100 -2.156 20010 -20011 20024 -20025 20030 -20031 imp:n,p 1
300101 400101 -2.156 20010 -20011 20024 -20025 20031 -20032 imp:n,p 1
300102 400102 -2.156 20010 -20011 20024 -20025 20032 -20033 imp:n,p 1
300103 400103 -2.156 20010 -20011 20024 -20025 20033 -20034 imp:n,p 1
300104 400104 -2.156 20010 -20011 20024 -20025 20034 -20035 imp:n,p 1
300105 400105 -2.156 20011 -20012 20024 -20025 20030 -20031 imp:n,p 1
300106 400106 -2.156 20011 -20012 20024 -20025 20031 -20032 imp:n,p 1
300107 400107 -2.156 20011 -20012 20024 -20025 20032 -20033 imp:n,p 1
300108 400108 -2.156 20011 -20012 20024 -20025 20033 -20034 imp:n,p 1
300109 400109 -2.156 20011 -20012 20024 -20025 20034 -20035 imp:n,p 1
300110 400110 -2.156 20012 -20013 20024 -20025 20030 -20031 imp:n,p 1
300111 400111 -2.156 20012 -20013 20024 -20025 20031 -20032 imp:n,p 1
300112 400112 -2.156 20012 -20013 20024 -20025 20032 -20033 imp:n,p 1
300113 400113 -2.156 20012 -20013 20024 -20025 20033 -20034 imp:n,p 1
300114 400114 -2.156 20012 -20013 20024 -20025 20034 -20035 imp:n,p 1
300115 400115 -2.156 20013 -20014 20024 -20025 20030 -20031 imp:n,p 1
300116 400116 -2.156 20013 -20014 20024 -20025 20031 -20032 imp:n,p 1
300117 400117 -2.156 20013 -20014 20024 -20025 20032 -20033 imp:n,p 1
300118 400118 -2.156 20013 -20014 20024 -20025 20033 -20034 imp:n,p 1
300119 400119 -2.156 20013 -20014 20024 -20025 20034 -20035 imp:n,p 1
300120 400120 -2.156 20014 -20015 20024 -20025 20030 -20031 imp:n,p 1
300121 400121 -2.156 20014 -20015 20024 -20025 20031 -20032 imp:n,p 1
300122 400122 -2.156 20014 -20015 20024 -20025 20032 -20033 imp:n,p 1
300123 400123 -2.156 20014 -20015 20024 -20025 20033 -20034 imp:n,p 1
300124 400124 -2.156 20014 -20015 20024 -20025 20034 -20035 imp:n,p 1
c
30 12 -0.00129 -200 #101 #121 #122 #123 #124 #125 #126 #127 #128 #129 #130 #131 #132 #133
        #21 #211 #212 #22 #221 #222 #23 #231 #232 #24 #241 #242 #20 imp:n,p 1 $Rest of the World
31 0 200 imp:n,p 0 $Outside world

c SURFACE CARDS
c
c Sample Volume
20010 px -56.0
20011 px -33.600000000000364
20012 px -11.200000000000728
20013 px 11.200000000000728
20014 px 33.600000000000364
20015 px 56.0
20020 py -45.0
20021 py -27.0
20022 py -9.0
20023 py 9.0
20024 py 27.0
20025 py 45.0
20030 pz 92.0
20031 pz 82.0
20032 pz 72.0
20033 pz 62.0
20034 pz 52.0
20035 pz 42.0
c Active Detector Region
21 rcc 56  -5.0 -1.0   0.0 20.3 0.0   4.5 $Detector 1 Base center, Hx,Hy,Hz, radius
c Shielding Surfaces
c Shielding Pb
31 rpp 19 29 -7.5 7.5 -11 9 $PbPE xmin xmax ymin ymax zmin zmax
32 rpp 9 19 4 9 -11 9 $Pb xmin xmax ymin ymax zmin zmax
33 rpp 9 19 -9 -4 -11 9 $Pb xmin xmax ymin ymax zmin zmax
34 rpp 19 29 7.5 12.5 -11 9 $Pb xmin xmax ymin ymax zmin zmax
35 rpp 19 29 -12.5 -7.5 -11 9 $Pb xmin xmax ymin ymax zmin zmax
36 rpp 29 34 -15 15 -11 9 $Pb xmin xmax ymin ymax zmin zmax
37 rpp 9 19 -4 4 4 9 $Pb xmin xmax ymin ymax zmin zmax
38 rpp -26 26 18 28 -11 9 $BA1 xmin xmax ymin ymax zmin zmax
39 rpp -26 26 -28 -18 -11 9 $BA2 xmin xmax ymin ymax zmin zmax
40 rpp -65 65 -28 28 10 10.5 $Al xmin xmax ymin ymax zmin zmax
401 rpp -27 27 29 34 -11 9 $Fe xmin xmax ymin ymax zmin zmax
402 rpp -27 27 -34 -29 -11 9 $Fe xmin xmax ymin ymax zmin zmax
301 px -20
302 px 18
303 cx 3.71
304 cx 3.81
c Wheels Surfaces
c 23/10.5-12 turf tires, 22.6 lb rubber
c diameter 29cm, tread width 25cm, and sidewall height 13.76 cm
c set thickness of all sides 1.3 cm (s.t. weight is 22.6 lb)
41 rcc -2 77 8   0.0 25 0.0 29 $wheel 1 outer tread surface
42 rcc -2 77 8   0.0 25 0.0 27.7 $wheel 1 inner tread surface
421 rcc -2 75.7 8   0.0 1.3 0.0 29 $wheel 1 outside sidewall exterior
422 rcc -2 75.7 8   0.0 1.3 0.0 15.24 $wheel 1 outside sidewall interior
423 rcc -2 102 8   0.0 1.3 0.0 29 $wheel 1 inside sidewall exterior
424 rcc -2 102 8   0.0 1.3 0.0 15.24 $wheel 1 inside sidewall interior
43 rcc 68 77 8   0.0 25 0.0 29 $wheel 2
44 rcc 68 77 8   0.0 25 0.0 27.7
441 rcc 68 75.7 8   0.0 1.3 0.0 29
442 rcc 68 75.7 8   0.0 1.3 0.0 15.24
443 rcc 68 102 8   0.0 1.3 0.0 29
444 rcc 68 102 8   0.0 1.3 0.0 15.24
45 rcc -2 -77 8   0.0 -25 0.0 29 $wheel 3
46 rcc -2 -77 8   0.0 -25 0.0 27.7
461 rcc -2 -75.7 8   0.0 -1.3 0.0 29
462 rcc -2 -75.7 8   0.0 -1.3 0.0 15.24
463 rcc -2 -102 8   0.0 -1.3 0.0 29
464 rcc -2 -102 8   0.0 -1.3 0.0 15.24
47 rcc 68 -77 8   0.0 -25 0.0 29 $wheel 4
48 rcc 68 -77 8   0.0 -25 0.0 27.7
481 rcc 68 -75.7 8   0.0 -1.3 0.0 29
482 rcc 68 -75.7 8   0.0 -1.3 0.0 15.24
483 rcc 68 -102 8   0.0 -1.3 0.0 29
484 rcc 68 -102 8   0.0 -1.3 0.0 15.24
200 so 800    $sphere of 800cm centered at origin
c

c DATA CARDS
mode n p
c dump every hr
prdmp -60 -60 -1
c 100 keV Neutron Energy Cutoff
Cut:n 1j 0.1
c analog neutron transport
phys:n 1j 14
phys:p
sdef pos=0 0 0 erg=14.0 vec= 0 0 1 dir=d1
si1  -1 .93 1
sp1   0  0.0  1.0
c ********************
c begin material cards
c ********************
c Pure Carbon
c ****************************************
m400000 6000 -0.00045241770369637275 7000 -0.00045241770369637275 14000 -0.9990951645926072 
m400001 6000 -0.001884831103185401 7000 -0.001884831103185401 14000 -0.9962303377936291 
m400002 6000 -0.003977403332512307 7000 -0.003977403332512307 14000 -0.9920451933349755 
m400003 6000 -0.005898312555622782 7000 -0.005898312555622782 14000 -0.9882033748887541 
m400004 6000 -0.007616404438305291 7000 -0.007616404438305291 14000 -0.9847671911233894 
m400005 6000 -0.00037933393934200336 7000 -0.00037933393934200336 14000 -0.999241332121316 
m400006 6000 -0.0019741291516259325 7000 -0.0019741291516259325 14000 -0.9960517416967483 
m400007 6000 -0.0038233798736284326 7000 -0.0038233798736284326 14000 -0.9923532402527431 
m400008 6000 -0.006004969209170469 7000 -0.006004969209170469 14000 -0.9879900615816595 
m400009 6000 -0.007872880529481447 7000 -0.007872880529481447 14000 -0.9842542389410369 
m400010 6000 -0.0004577781524275819 7000 -0.0004577781524275819 14000 -0.9990844436951447 
m400011 6000 -0.0018696915848993953 7000 -0.0018696915848993953 14000 -0.9962606168302013 
m400012 6000 -0.0038790652454981293 7000 -0.0038790652454981293 14000 -0.9922418695090037 
m400013 6000 -0.00570432321738953 7000 -0.00570432321738953 14000 -0.988591353565221 
m400014 6000 -0.008220453433228619 7000 -0.008220453433228619 14000 -0.9835590931335426 
m400015 6000 -0.0003761694659937719 7000 -0.0003761694659937719 14000 -0.9992476610680125 
m400016 6000 -0.0018208187720483828 7000 -0.0018208187720483828 14000 -0.9963583624559031 
m400017 6000 -0.003849167584529752 7000 -0.003849167584529752 14000 -0.9923016648309408 
m400018 6000 -0.00607929664212318 7000 -0.00607929664212318 14000 -0.9878414067157538 
m400019 6000 -0.008122859781234955 7000 -0.008122859781234955 14000 -0.9837542804375298 
m400020 6000 -0.00044106101127118025 7000 -0.00044106101127118025 14000 -0.9991178779774574 
m400021 6000 -0.0020229087897265276 7000 -0.0020229087897265276 14000 -0.9959541824205468 
m400022 6000 -0.00410139053631684 7000 -0.00410139053631684 14000 -0.9917972189273663 
m400023 6000 -0.006000903487646236 7000 -0.006000903487646236 14000 -0.9879981930247075 
m400024 6000 -0.008295973326136664 7000 -0.008295973326136664 14000 -0.9834080533477269 
m400025 6000 -0.0005937772814341704 7000 -0.0005937772814341704 14000 -0.9988124454371315 
m400026 6000 -0.001977941016530671 7000 -0.001977941016530671 14000 -0.9960441179669387 
m400027 6000 -0.004088460155071512 7000 -0.004088460155071512 14000 -0.9918230796898565 
m400028 6000 -0.005795417920960656 7000 -0.005795417920960656 14000 -0.9884091641580787 
m400029 6000 -0.008044543879507867 7000 -0.008044543879507867 14000 -0.983910912240984 
m400030 6000 -0.0006069731930750441 7000 -0.0006069731930750441 14000 -0.99878605361385 
m400031 6000 -0.0020179442251427766 7000 -0.0020179442251427766 14000 -0.9959641115497146 
m400032 6000 -0.003939432336465078 7000 -0.003939432336465078 14000 -0.9921211353270698 
m400033 6000 -0.0059866004305188 7000 -0.0059866004305188 14000 -0.9880267991389625 
m400034 6000 -0.007924816928955237 7000 -0.007924816928955237 14000 -0.9841503661420896 
m400035 6000 -0.000521418763178699 7000 -0.000521418763178699 14000 -0.9989571624736425 
m400036 6000 -0.001886960802091128 7000 -0.001886960802091128 14000 -0.9962260783958179 
m400037 6000 -0.003968805042944859 7000 -0.003968805042944859 14000 -0.9920623899141101 
m400038 6000 -0.006188274723632294 7000 -0.006188274723632294 14000 -0.9876234505527356 
m400039 6000 -0.007963963275829496 7000 -0.007963963275829496 14000 -0.984072073448341 
m400040 6000 -0.0006179485286880243 7000 -0.0006179485286880243 14000 -0.9987641029426242 
m400041 6000 -0.0017043456444874245 7000 -0.0017043456444874245 14000 -0.9965913087110255 
m400042 6000 -0.004002284886730029 7000 -0.004002284886730029 14000 -0.9919954302265401 
m400043 6000 -0.0060359236114722326 7000 -0.0060359236114722326 14000 -0.9879281527770557 
m400044 6000 -0.008085103991983356 7000 -0.008085103991983356 14000 -0.9838297920160334 
m400045 6000 -0.0005692242872314904 7000 -0.0005692242872314904 14000 -0.9988615514255368 
m400046 6000 -0.0019748938050426386 7000 -0.0019748938050426386 14000 -0.9960502123899149 
m400047 6000 -0.00436766570664411 7000 -0.00436766570664411 14000 -0.9912646685867115 
m400048 6000 -0.005661074712069224 7000 -0.005661074712069224 14000 -0.9886778505758617 
m400049 6000 -0.007679562259852887 7000 -0.007679562259852887 14000 -0.984640875480294 
m400050 6000 -0.0004198523891768361 7000 -0.0004198523891768361 14000 -0.9991602952216464 
m400051 6000 -0.0019402080854739165 7000 -0.0019402080854739165 14000 -0.9961195838290523 
m400052 6000 -0.003972340153830091 7000 -0.003972340153830091 14000 -0.9920553196923398 
m400053 6000 -0.006036525533845823 7000 -0.006036525533845823 14000 -0.9879269489323083 
m400054 6000 -0.007671268650834047 7000 -0.007671268650834047 14000 -0.9846574626983319 
m400055 6000 -0.00040765694277597074 7000 -0.00040765694277597074 14000 -0.9991846861144478 
m400056 6000 -0.00181626641852547 7000 -0.00181626641852547 14000 -0.9963674671629491 
m400057 6000 -0.0039151612284264335 7000 -0.0039151612284264335 14000 -0.9921696775431476 
m400058 6000 -0.006393319778328649 7000 -0.006393319778328649 14000 -0.9872133604433428 
m400059 6000 -0.008130878153859485 7000 -0.008130878153859485 14000 -0.983738243692281 
m400060 6000 -0.00048353900290064533 7000 -0.00048353900290064533 14000 -0.9990329219941988 
m400061 6000 -0.002153230128161898 7000 -0.002153230128161898 14000 -0.9956935397436762 
m400062 6000 -0.004046069382523981 7000 -0.004046069382523981 14000 -0.9919078612349521 
m400063 6000 -0.005806790898286175 7000 -0.005806790898286175 14000 -0.9883864182034278 
m400064 6000 -0.007857668253042233 7000 -0.007857668253042233 14000 -0.9842846634939154 
m400065 6000 -0.0004376314090709771 7000 -0.0004376314090709771 14000 -0.9991247371818583 
m400066 6000 -0.0018639962242721709 7000 -0.0018639962242721709 14000 -0.9962720075514554 
m400067 6000 -0.004005442832440318 7000 -0.004005442832440318 14000 -0.9919891143351193 
m400068 6000 -0.005813457983481096 7000 -0.005813457983481096 14000 -0.9883730840330378 
m400069 6000 -0.007962262930925681 7000 -0.007962262930925681 14000 -0.9840754741381488 
m400070 6000 -0.00042365988691083796 7000 -0.00042365988691083796 14000 -0.9991526802261782 
m400071 6000 -0.0019062210055836887 7000 -0.0019062210055836887 14000 -0.9961875579888329 
m400072 6000 -0.003986400057046209 7000 -0.003986400057046209 14000 -0.9920271998859077 
m400073 6000 -0.005821655996327018 7000 -0.005821655996327018 14000 -0.988356688007346 
m400074 6000 -0.008226542559659527 7000 -0.008226542559659527 14000 -0.983546914880681 
m400075 6000 -0.0005534759031702094 7000 -0.0005534759031702094 14000 -0.9988930481936593 
m400076 6000 -0.0017662264965654783 7000 -0.0017662264965654783 14000 -0.9964675470068688 
m400077 6000 -0.003970628385405101 7000 -0.003970628385405101 14000 -0.9920587432291899 
m400078 6000 -0.005967828211946986 7000 -0.005967828211946986 14000 -0.988064343576106 
m400079 6000 -0.007894318203218847 7000 -0.007894318203218847 14000 -0.984211363593562 
m400080 6000 -0.0003972850204957038 7000 -0.0003972850204957038 14000 -0.9992054299590087 
m400081 6000 -0.0019209628465470619 7000 -0.0019209628465470619 14000 -0.996158074306906 
m400082 6000 -0.004120001430283467 7000 -0.004120001430283467 14000 -0.9917599971394329 
m400083 6000 -0.0057012277616444625 7000 -0.0057012277616444625 14000 -0.9885975444767109 
m400084 6000 -0.007944698395413646 7000 -0.007944698395413646 14000 -0.9841106032091723 
m400085 6000 -0.0004235054787935075 7000 -0.0004235054787935075 14000 -0.999152989042413 
m400086 6000 -0.0017401650395052627 7000 -0.0017401650395052627 14000 -0.9965196699209892 
m400087 6000 -0.0037352735183289517 7000 -0.0037352735183289517 14000 -0.992529452963342 
m400088 6000 -0.005645947934484832 7000 -0.005645947934484832 14000 -0.9887081041310304 
m400089 6000 -0.007817989937630544 7000 -0.007817989937630544 14000 -0.9843640201247392 
m400090 6000 -0.00046805015934183543 7000 -0.00046805015934183543 14000 -0.9990638996813164 
m400091 6000 -0.001843061180108456 7000 -0.001843061180108456 14000 -0.9963138776397831 
m400092 6000 -0.0038041866457527536 7000 -0.0038041866457527536 14000 -0.9923916267084943 
m400093 6000 -0.005566508395355868 7000 -0.005566508395355868 14000 -0.9888669832092883 
m400094 6000 -0.0076291296229078565 7000 -0.0076291296229078565 14000 -0.9847417407541839 
m400095 6000 -0.0006823937757967854 7000 -0.0006823937757967854 14000 -0.9986352124484063 
m400096 6000 -0.002079629260368021 7000 -0.002079629260368021 14000 -0.9958407414792643 
m400097 6000 -0.00416183246822318 7000 -0.00416183246822318 14000 -0.9916763350635537 
m400098 6000 -0.005909706952077024 7000 -0.005909706952077024 14000 -0.9881805860958461 
m400099 6000 -0.008120743513488005 7000 -0.008120743513488005 14000 -0.9837585129730239 
m400100 6000 -0.0005489218274253103 7000 -0.0005489218274253103 14000 -0.9989021563451493 
m400101 6000 -0.0017452609873089963 7000 -0.0017452609873089963 14000 -0.9965094780253823 
m400102 6000 -0.0038517637056321706 7000 -0.0038517637056321706 14000 -0.9922964725887353 
m400103 6000 -0.005941356940418158 7000 -0.005941356940418158 14000 -0.9881172861191636 
m400104 6000 -0.00794798262015362 7000 -0.00794798262015362 14000 -0.9841040347596932 
m400105 6000 -0.000522360481975542 7000 -0.000522360481975542 14000 -0.9989552790360489 
m400106 6000 -0.0021584303642296692 7000 -0.0021584303642296692 14000 -0.9956831392715402 
m400107 6000 -0.0038093641964621065 7000 -0.0038093641964621065 14000 -0.9923812716070763 
m400108 6000 -0.005836335587620172 7000 -0.005836335587620172 14000 -0.9883273288247598 
m400109 6000 -0.007852458116087672 7000 -0.007852458116087672 14000 -0.9842950837678248 
m400110 6000 -0.0005154828129025461 7000 -0.0005154828129025461 14000 -0.9989690343741952 
m400111 6000 -0.0019609969289443945 7000 -0.0019609969289443945 14000 -0.9960780061421111 
m400112 6000 -0.0038666691391964574 7000 -0.0038666691391964574 14000 -0.9922666617216072 
m400113 6000 -0.005858668130389326 7000 -0.005858668130389326 14000 -0.9882826637392214 
m400114 6000 -0.008160113589091094 7000 -0.008160113589091094 14000 -0.9836797728218178 
m400115 6000 -0.0003357627030889575 7000 -0.0003357627030889575 14000 -0.999328474593822 
m400116 6000 -0.0021682886406205544 7000 -0.0021682886406205544 14000 -0.995663422718759 
m400117 6000 -0.004073105497372693 7000 -0.004073105497372693 14000 -0.9918537890052544 
m400118 6000 -0.006210482581255594 7000 -0.006210482581255594 14000 -0.9875790348374889 
m400119 6000 -0.007885381999172889 7000 -0.007885381999172889 14000 -0.9842292360016542 
m400120 6000 -0.0006671023650432409 7000 -0.0006671023650432409 14000 -0.9986657952699136 
m400121 6000 -0.0022062368795093055 7000 -0.0022062368795093055 14000 -0.9955875262409816 
m400122 6000 -0.0042299927073576995 7000 -0.0042299927073576995 14000 -0.9915400145852847 
m400123 6000 -0.0056562651916093 7000 -0.0056562651916093 14000 -0.9886874696167816 
m400124 6000 -0.007930785616330593 7000 -0.007930785616330593 14000 -0.9841384287673389 
c **********************************
c PE+Pb, dens=4.78 g/cm3
m2      6000    -0.04286 $Carbon
        1001    -0.00714 $Hydrogen
        82000   -0.95000 $Lead
c **********************************
m3    1001 -0.048535 $Boric acid
      5010 -0.034981
      5011 -0.139923
      8016 -0.776561
c **********************************
m4    82000 1 $Lead
c **********************************
m5 26000 1 $Iron
c **********************************
m6     13027   -1.000 $ Aluminum
c **********************************
c  SS-304 (8.00 g/cm3), #298 in PNNL Compendium
m7   006000.50c -0.0004000
     014000.60c -0.0050000
     015031.50c -0.0002300
     016000.60c -0.0001500
     024000.50c -0.1899981
     025055.60c -0.0099999
     026000.50c -0.7017229
     028000.50c -0.0924991
c ****************************************
c       LaBr detector
c ****************************************
m8       35079    -0.2946       $ Br79
         35081    -0.3069       $ Br81
         57139    -0.3485       $ La139
         58140    -0.0500       $ Ce140
c ************ air den=1.15e-3g/cc
m12     8016 -0.23
        7014 -0.77
c ************ Rubber Natural den=0.92 g/cc
m13     1001 -0.118371  $weight fraction
        6000 -0.881629
c
c end material cards
c
rand seed=8674536546524321 $different initial random #; seed# - any less 18 digits
c
c ********** begin tallies *********************
fc78 *********Broadened Pulse Height Tally Sum of Detectors 1,2 & 3 ***********
e78 0 1e-5 932i 8.4295
F78:p (101)
FT78 GEB -0.026198 0.059551 -0.037176
fc18 *********Unbroadened Pulse Height Tally Sum of Detectors 1,2 & 3 ***********
e18 0 1e-5 932i 8.4295
F18:p (101)
c ***********************************
c mplot tal 78 freq 10000
nps 1e9
