c CAS DETECTOR
c w/ Shielding in Place and Wheels
c
c CELL CARDS
c
c @@@@@@@@@@ Detectors @@@@@@@@@@@@@@@@@
c
101 8 -5.08 -21 imp:n,p 1 $LaBr Detector #1 Active Region
c
c @@@@@@@@@ Shielding @@@@@@@@@@@@@@@@@
c
121 2 -4.78 -31 imp:n,p 1 $PE_Pb
122 4 -11.29 -32 imp:n,p 1 $Pb1
123 4 -11.29 -33 imp:n,p 1 $Pb2
124 4 -11.29 -34 imp:n,p 1 $Pb3
125 4 -11.29 -35 imp:n,p 1 $Pb4
126 4 -11.29 -36 imp:n,p 1 $Pb5
127 4 -11.29 -37 imp:n,p 1 $Pb6
128 3 -1.5 -38 imp:n,p 1 $BA1
129 3 -1.5 -39 imp:n,p 1 $BA2
130 6 -2.7 -40 imp:n,p 1 $Al
131 7 -7.92 301 -302 303 -304 imp:n,p 1 $Fe-tube
132 5 -7.8 -401 imp:n,p 1 $Fe
133 5 -7.8 -402 imp:n,p 1 $Fe
c @@@@@@@@@@ Wheels @@@@@@@@@@@@@@@@@
c
21 13 -0.92 -41 42 imp:n,p 1 $Wheel 1
211 13 -0.92 -421 422 imp:n,p 1 $Wheel 1
212 13 -0.92 -423 424 imp:n,p 1 $Wheel 1
22 13 -0.92 -43 44 imp:n,p 1 $Wheel 2
221 13 -0.92 -441 442 imp:n,p 1 $Wheel 2
222 13 -0.92 -443 444 imp:n,p 1 $Wheel 2
23 13 -0.92 -45 46 imp:n,p 1 $Wheel 3
231 13 -0.92 -461 462 imp:n,p 1 $Wheel 3
232 13 -0.92 -463 464 imp:n,p 1 $Wheel 3
24 13 -0.92 -47 48 imp:n,p 1 $Wheel 4
241 13 -0.92 -481 482 imp:n,p 1 $Wheel 4
242 13 -0.92 -483 484 imp:n,p 1 $Wheel 4
c
c @@@@@@@@@@ SOIL VOLUME @@@@@@@@@@@
c
300000 400000 -2.156 20010 -20011 20020 -20021 20030 -20031 imp:n,p 1
300001 400001 -2.156 20010 -20011 20020 -20021 20031 -20032 imp:n,p 1
300002 400002 -2.156 20010 -20011 20020 -20021 20032 -20033 imp:n,p 1
300003 400003 -2.156 20010 -20011 20020 -20021 20033 -20034 imp:n,p 1
300004 400004 -2.156 20010 -20011 20020 -20021 20034 -20035 imp:n,p 1
300005 400005 -2.156 20011 -20012 20020 -20021 20030 -20031 imp:n,p 1
300006 400006 -2.156 20011 -20012 20020 -20021 20031 -20032 imp:n,p 1
300007 400007 -2.156 20011 -20012 20020 -20021 20032 -20033 imp:n,p 1
300008 400008 -2.156 20011 -20012 20020 -20021 20033 -20034 imp:n,p 1
300009 400009 -2.156 20011 -20012 20020 -20021 20034 -20035 imp:n,p 1
300010 400010 -2.156 20012 -20013 20020 -20021 20030 -20031 imp:n,p 1
300011 400011 -2.156 20012 -20013 20020 -20021 20031 -20032 imp:n,p 1
300012 400012 -2.156 20012 -20013 20020 -20021 20032 -20033 imp:n,p 1
300013 400013 -2.156 20012 -20013 20020 -20021 20033 -20034 imp:n,p 1
300014 400014 -2.156 20012 -20013 20020 -20021 20034 -20035 imp:n,p 1
300015 400015 -2.156 20013 -20014 20020 -20021 20030 -20031 imp:n,p 1
300016 400016 -2.156 20013 -20014 20020 -20021 20031 -20032 imp:n,p 1
300017 400017 -2.156 20013 -20014 20020 -20021 20032 -20033 imp:n,p 1
300018 400018 -2.156 20013 -20014 20020 -20021 20033 -20034 imp:n,p 1
300019 400019 -2.156 20013 -20014 20020 -20021 20034 -20035 imp:n,p 1
300020 400020 -2.156 20014 -20015 20020 -20021 20030 -20031 imp:n,p 1
300021 400021 -2.156 20014 -20015 20020 -20021 20031 -20032 imp:n,p 1
300022 400022 -2.156 20014 -20015 20020 -20021 20032 -20033 imp:n,p 1
300023 400023 -2.156 20014 -20015 20020 -20021 20033 -20034 imp:n,p 1
300024 400024 -2.156 20014 -20015 20020 -20021 20034 -20035 imp:n,p 1
300025 400025 -2.156 20010 -20011 20021 -20022 20030 -20031 imp:n,p 1
300026 400026 -2.156 20010 -20011 20021 -20022 20031 -20032 imp:n,p 1
300027 400027 -2.156 20010 -20011 20021 -20022 20032 -20033 imp:n,p 1
300028 400028 -2.156 20010 -20011 20021 -20022 20033 -20034 imp:n,p 1
300029 400029 -2.156 20010 -20011 20021 -20022 20034 -20035 imp:n,p 1
300030 400030 -2.156 20011 -20012 20021 -20022 20030 -20031 imp:n,p 1
300031 400031 -2.156 20011 -20012 20021 -20022 20031 -20032 imp:n,p 1
300032 400032 -2.156 20011 -20012 20021 -20022 20032 -20033 imp:n,p 1
300033 400033 -2.156 20011 -20012 20021 -20022 20033 -20034 imp:n,p 1
300034 400034 -2.156 20011 -20012 20021 -20022 20034 -20035 imp:n,p 1
300035 400035 -2.156 20012 -20013 20021 -20022 20030 -20031 imp:n,p 1
300036 400036 -2.156 20012 -20013 20021 -20022 20031 -20032 imp:n,p 1
300037 400037 -2.156 20012 -20013 20021 -20022 20032 -20033 imp:n,p 1
300038 400038 -2.156 20012 -20013 20021 -20022 20033 -20034 imp:n,p 1
300039 400039 -2.156 20012 -20013 20021 -20022 20034 -20035 imp:n,p 1
300040 400040 -2.156 20013 -20014 20021 -20022 20030 -20031 imp:n,p 1
300041 400041 -2.156 20013 -20014 20021 -20022 20031 -20032 imp:n,p 1
300042 400042 -2.156 20013 -20014 20021 -20022 20032 -20033 imp:n,p 1
300043 400043 -2.156 20013 -20014 20021 -20022 20033 -20034 imp:n,p 1
300044 400044 -2.156 20013 -20014 20021 -20022 20034 -20035 imp:n,p 1
300045 400045 -2.156 20014 -20015 20021 -20022 20030 -20031 imp:n,p 1
300046 400046 -2.156 20014 -20015 20021 -20022 20031 -20032 imp:n,p 1
300047 400047 -2.156 20014 -20015 20021 -20022 20032 -20033 imp:n,p 1
300048 400048 -2.156 20014 -20015 20021 -20022 20033 -20034 imp:n,p 1
300049 400049 -2.156 20014 -20015 20021 -20022 20034 -20035 imp:n,p 1
300050 400050 -2.156 20010 -20011 20022 -20023 20030 -20031 imp:n,p 1
300051 400051 -2.156 20010 -20011 20022 -20023 20031 -20032 imp:n,p 1
300052 400052 -2.156 20010 -20011 20022 -20023 20032 -20033 imp:n,p 1
300053 400053 -2.156 20010 -20011 20022 -20023 20033 -20034 imp:n,p 1
300054 400054 -2.156 20010 -20011 20022 -20023 20034 -20035 imp:n,p 1
300055 400055 -2.156 20011 -20012 20022 -20023 20030 -20031 imp:n,p 1
300056 400056 -2.156 20011 -20012 20022 -20023 20031 -20032 imp:n,p 1
300057 400057 -2.156 20011 -20012 20022 -20023 20032 -20033 imp:n,p 1
300058 400058 -2.156 20011 -20012 20022 -20023 20033 -20034 imp:n,p 1
300059 400059 -2.156 20011 -20012 20022 -20023 20034 -20035 imp:n,p 1
300060 400060 -2.156 20012 -20013 20022 -20023 20030 -20031 imp:n,p 1
300061 400061 -2.156 20012 -20013 20022 -20023 20031 -20032 imp:n,p 1
300062 400062 -2.156 20012 -20013 20022 -20023 20032 -20033 imp:n,p 1
300063 400063 -2.156 20012 -20013 20022 -20023 20033 -20034 imp:n,p 1
300064 400064 -2.156 20012 -20013 20022 -20023 20034 -20035 imp:n,p 1
300065 400065 -2.156 20013 -20014 20022 -20023 20030 -20031 imp:n,p 1
300066 400066 -2.156 20013 -20014 20022 -20023 20031 -20032 imp:n,p 1
300067 400067 -2.156 20013 -20014 20022 -20023 20032 -20033 imp:n,p 1
300068 400068 -2.156 20013 -20014 20022 -20023 20033 -20034 imp:n,p 1
300069 400069 -2.156 20013 -20014 20022 -20023 20034 -20035 imp:n,p 1
300070 400070 -2.156 20014 -20015 20022 -20023 20030 -20031 imp:n,p 1
300071 400071 -2.156 20014 -20015 20022 -20023 20031 -20032 imp:n,p 1
300072 400072 -2.156 20014 -20015 20022 -20023 20032 -20033 imp:n,p 1
300073 400073 -2.156 20014 -20015 20022 -20023 20033 -20034 imp:n,p 1
300074 400074 -2.156 20014 -20015 20022 -20023 20034 -20035 imp:n,p 1
300075 400075 -2.156 20010 -20011 20023 -20024 20030 -20031 imp:n,p 1
300076 400076 -2.156 20010 -20011 20023 -20024 20031 -20032 imp:n,p 1
300077 400077 -2.156 20010 -20011 20023 -20024 20032 -20033 imp:n,p 1
300078 400078 -2.156 20010 -20011 20023 -20024 20033 -20034 imp:n,p 1
300079 400079 -2.156 20010 -20011 20023 -20024 20034 -20035 imp:n,p 1
300080 400080 -2.156 20011 -20012 20023 -20024 20030 -20031 imp:n,p 1
300081 400081 -2.156 20011 -20012 20023 -20024 20031 -20032 imp:n,p 1
300082 400082 -2.156 20011 -20012 20023 -20024 20032 -20033 imp:n,p 1
300083 400083 -2.156 20011 -20012 20023 -20024 20033 -20034 imp:n,p 1
300084 400084 -2.156 20011 -20012 20023 -20024 20034 -20035 imp:n,p 1
300085 400085 -2.156 20012 -20013 20023 -20024 20030 -20031 imp:n,p 1
300086 400086 -2.156 20012 -20013 20023 -20024 20031 -20032 imp:n,p 1
300087 400087 -2.156 20012 -20013 20023 -20024 20032 -20033 imp:n,p 1
300088 400088 -2.156 20012 -20013 20023 -20024 20033 -20034 imp:n,p 1
300089 400089 -2.156 20012 -20013 20023 -20024 20034 -20035 imp:n,p 1
300090 400090 -2.156 20013 -20014 20023 -20024 20030 -20031 imp:n,p 1
300091 400091 -2.156 20013 -20014 20023 -20024 20031 -20032 imp:n,p 1
300092 400092 -2.156 20013 -20014 20023 -20024 20032 -20033 imp:n,p 1
300093 400093 -2.156 20013 -20014 20023 -20024 20033 -20034 imp:n,p 1
300094 400094 -2.156 20013 -20014 20023 -20024 20034 -20035 imp:n,p 1
300095 400095 -2.156 20014 -20015 20023 -20024 20030 -20031 imp:n,p 1
300096 400096 -2.156 20014 -20015 20023 -20024 20031 -20032 imp:n,p 1
300097 400097 -2.156 20014 -20015 20023 -20024 20032 -20033 imp:n,p 1
300098 400098 -2.156 20014 -20015 20023 -20024 20033 -20034 imp:n,p 1
300099 400099 -2.156 20014 -20015 20023 -20024 20034 -20035 imp:n,p 1
300100 400100 -2.156 20010 -20011 20024 -20025 20030 -20031 imp:n,p 1
300101 400101 -2.156 20010 -20011 20024 -20025 20031 -20032 imp:n,p 1
300102 400102 -2.156 20010 -20011 20024 -20025 20032 -20033 imp:n,p 1
300103 400103 -2.156 20010 -20011 20024 -20025 20033 -20034 imp:n,p 1
300104 400104 -2.156 20010 -20011 20024 -20025 20034 -20035 imp:n,p 1
300105 400105 -2.156 20011 -20012 20024 -20025 20030 -20031 imp:n,p 1
300106 400106 -2.156 20011 -20012 20024 -20025 20031 -20032 imp:n,p 1
300107 400107 -2.156 20011 -20012 20024 -20025 20032 -20033 imp:n,p 1
300108 400108 -2.156 20011 -20012 20024 -20025 20033 -20034 imp:n,p 1
300109 400109 -2.156 20011 -20012 20024 -20025 20034 -20035 imp:n,p 1
300110 400110 -2.156 20012 -20013 20024 -20025 20030 -20031 imp:n,p 1
300111 400111 -2.156 20012 -20013 20024 -20025 20031 -20032 imp:n,p 1
300112 400112 -2.156 20012 -20013 20024 -20025 20032 -20033 imp:n,p 1
300113 400113 -2.156 20012 -20013 20024 -20025 20033 -20034 imp:n,p 1
300114 400114 -2.156 20012 -20013 20024 -20025 20034 -20035 imp:n,p 1
300115 400115 -2.156 20013 -20014 20024 -20025 20030 -20031 imp:n,p 1
300116 400116 -2.156 20013 -20014 20024 -20025 20031 -20032 imp:n,p 1
300117 400117 -2.156 20013 -20014 20024 -20025 20032 -20033 imp:n,p 1
300118 400118 -2.156 20013 -20014 20024 -20025 20033 -20034 imp:n,p 1
300119 400119 -2.156 20013 -20014 20024 -20025 20034 -20035 imp:n,p 1
300120 400120 -2.156 20014 -20015 20024 -20025 20030 -20031 imp:n,p 1
300121 400121 -2.156 20014 -20015 20024 -20025 20031 -20032 imp:n,p 1
300122 400122 -2.156 20014 -20015 20024 -20025 20032 -20033 imp:n,p 1
300123 400123 -2.156 20014 -20015 20024 -20025 20033 -20034 imp:n,p 1
300124 400124 -2.156 20014 -20015 20024 -20025 20034 -20035 imp:n,p 1
c
30 12 -0.00129 -200 #101 #121 #122 #123 #124 #125 #126 #127 #128 #129 #130 #131 #132 #133
        #21 #211 #212 #22 #221 #222 #23 #231 #232 #24 #241 #242 #20 imp:n,p 1 $Rest of the World
31 0 200 imp:n,p 0 $Outside world

c SURFACE CARDS
c
c Sample Volume
20010 px -56.0
20011 px -33.600000000000364
20012 px -11.200000000000728
20013 px 11.200000000000728
20014 px 33.600000000000364
20015 px 56.0
20020 py -45.0
20021 py -27.0
20022 py -9.0
20023 py 9.0
20024 py 27.0
20025 py 45.0
20030 pz 92.0
20031 pz 82.0
20032 pz 72.0
20033 pz 62.0
20034 pz 52.0
20035 pz 42.0
c Active Detector Region
21 rcc 56  -5.0 -1.0   0.0 20.3 0.0   4.5 $Detector 1 Base center, Hx,Hy,Hz, radius
c Shielding Surfaces
c Shielding Pb
31 rpp 19 29 -7.5 7.5 -11 9 $PbPE xmin xmax ymin ymax zmin zmax
32 rpp 9 19 4 9 -11 9 $Pb xmin xmax ymin ymax zmin zmax
33 rpp 9 19 -9 -4 -11 9 $Pb xmin xmax ymin ymax zmin zmax
34 rpp 19 29 7.5 12.5 -11 9 $Pb xmin xmax ymin ymax zmin zmax
35 rpp 19 29 -12.5 -7.5 -11 9 $Pb xmin xmax ymin ymax zmin zmax
36 rpp 29 34 -15 15 -11 9 $Pb xmin xmax ymin ymax zmin zmax
37 rpp 9 19 -4 4 4 9 $Pb xmin xmax ymin ymax zmin zmax
38 rpp -26 26 18 28 -11 9 $BA1 xmin xmax ymin ymax zmin zmax
39 rpp -26 26 -28 -18 -11 9 $BA2 xmin xmax ymin ymax zmin zmax
40 rpp -65 65 -28 28 10 10.5 $Al xmin xmax ymin ymax zmin zmax
401 rpp -27 27 29 34 -11 9 $Fe xmin xmax ymin ymax zmin zmax
402 rpp -27 27 -34 -29 -11 9 $Fe xmin xmax ymin ymax zmin zmax
301 px -20
302 px 18
303 cx 3.71
304 cx 3.81
c Wheels Surfaces
c 23/10.5-12 turf tires, 22.6 lb rubber
c diameter 29cm, tread width 25cm, and sidewall height 13.76 cm
c set thickness of all sides 1.3 cm (s.t. weight is 22.6 lb)
41 rcc -2 77 8   0.0 25 0.0 29 $wheel 1 outer tread surface
42 rcc -2 77 8   0.0 25 0.0 27.7 $wheel 1 inner tread surface
421 rcc -2 75.7 8   0.0 1.3 0.0 29 $wheel 1 outside sidewall exterior
422 rcc -2 75.7 8   0.0 1.3 0.0 15.24 $wheel 1 outside sidewall interior
423 rcc -2 102 8   0.0 1.3 0.0 29 $wheel 1 inside sidewall exterior
424 rcc -2 102 8   0.0 1.3 0.0 15.24 $wheel 1 inside sidewall interior
43 rcc 68 77 8   0.0 25 0.0 29 $wheel 2
44 rcc 68 77 8   0.0 25 0.0 27.7
441 rcc 68 75.7 8   0.0 1.3 0.0 29
442 rcc 68 75.7 8   0.0 1.3 0.0 15.24
443 rcc 68 102 8   0.0 1.3 0.0 29
444 rcc 68 102 8   0.0 1.3 0.0 15.24
45 rcc -2 -77 8   0.0 -25 0.0 29 $wheel 3
46 rcc -2 -77 8   0.0 -25 0.0 27.7
461 rcc -2 -75.7 8   0.0 -1.3 0.0 29
462 rcc -2 -75.7 8   0.0 -1.3 0.0 15.24
463 rcc -2 -102 8   0.0 -1.3 0.0 29
464 rcc -2 -102 8   0.0 -1.3 0.0 15.24
47 rcc 68 -77 8   0.0 -25 0.0 29 $wheel 4
48 rcc 68 -77 8   0.0 -25 0.0 27.7
481 rcc 68 -75.7 8   0.0 -1.3 0.0 29
482 rcc 68 -75.7 8   0.0 -1.3 0.0 15.24
483 rcc 68 -102 8   0.0 -1.3 0.0 29
484 rcc 68 -102 8   0.0 -1.3 0.0 15.24
200 so 800    $sphere of 800cm centered at origin
c

c DATA CARDS
mode n p
c dump every hr
prdmp -60 -60 -1
c 100 keV Neutron Energy Cutoff
Cut:n 1j 0.1
c analog neutron transport
phys:n 1j 14
phys:p
sdef pos=0 0 0 erg=14.0 vec= 0 0 1 dir=d1
si1  -1 .93 1
sp1   0  0.0  1.0
c ********************
c begin material cards
c ********************
c Pure Carbon
c ****************************************
m400000 6000 -0.0005849217400346861 7000 -0.0005849217400346861 14000 -0.9988301565199309 
m400001 6000 -0.001993000101582024 7000 -0.001993000101582024 14000 -0.9960139997968358 
m400002 6000 -0.00416021761971073 7000 -0.00416021761971073 14000 -0.9916795647605783 
m400003 6000 -0.006182637322689306 7000 -0.006182637322689306 14000 -0.9876347253546214 
m400004 6000 -0.008035130483256624 7000 -0.008035130483256624 14000 -0.9839297390334869 
m400005 6000 -0.0005071048270361949 7000 -0.0005071048270361949 14000 -0.9989857903459274 
m400006 6000 -0.0017046895936782638 7000 -0.0017046895936782638 14000 -0.9965906208126434 
m400007 6000 -0.004030824204632366 7000 -0.004030824204632366 14000 -0.991938351590735 
m400008 6000 -0.005814401964799571 7000 -0.005814401964799571 14000 -0.9883711960704005 
m400009 6000 -0.007784551818166071 7000 -0.007784551818166071 14000 -0.9844308963636682 
m400010 6000 -0.0005066452500595876 7000 -0.0005066452500595876 14000 -0.9989867094998809 
m400011 6000 -0.002158896201956523 7000 -0.002158896201956523 14000 -0.9956822075960872 
m400012 6000 -0.003973402444037043 7000 -0.003973402444037043 14000 -0.9920531951119262 
m400013 6000 -0.006146343875189556 7000 -0.006146343875189556 14000 -0.9877073122496209 
m400014 6000 -0.007687826425437396 7000 -0.007687826425437396 14000 -0.9846243471491251 
m400015 6000 -0.00048387852172930313 7000 -0.00048387852172930313 14000 -0.9990322429565412 
m400016 6000 -0.0019374592578827107 7000 -0.0019374592578827107 14000 -0.9961250814842344 
m400017 6000 -0.00407134879518266 7000 -0.00407134879518266 14000 -0.9918573024096347 
m400018 6000 -0.00605063898959147 7000 -0.00605063898959147 14000 -0.987898722020817 
m400019 6000 -0.007783110252943887 7000 -0.007783110252943887 14000 -0.9844337794941121 
m400020 6000 -0.0004868029295819344 7000 -0.0004868029295819344 14000 -0.9990263941408363 
m400021 6000 -0.001962489762972614 7000 -0.001962489762972614 14000 -0.9960750204740546 
m400022 6000 -0.003699589944010625 7000 -0.003699589944010625 14000 -0.9926008201119791 
m400023 6000 -0.006117114973109036 7000 -0.006117114973109036 14000 -0.9877657700537822 
m400024 6000 -0.008074562503707423 7000 -0.008074562503707423 14000 -0.983850874992585 
m400025 6000 -0.000429109151187014 7000 -0.000429109151187014 14000 -0.9991417816976257 
m400026 6000 -0.0023674614405659305 7000 -0.0023674614405659305 14000 -0.9952650771188679 
m400027 6000 -0.0039993271806676575 7000 -0.0039993271806676575 14000 -0.9920013456386649 
m400028 6000 -0.006126368758044362 7000 -0.006126368758044362 14000 -0.9877472624839112 
m400029 6000 -0.008123259372091112 7000 -0.008123259372091112 14000 -0.9837534812558179 
m400030 6000 -0.00038547534891007334 7000 -0.00038547534891007334 14000 -0.9992290493021799 
m400031 6000 -0.0019822650978892804 7000 -0.0019822650978892804 14000 -0.9960354698042216 
m400032 6000 -0.0038976978395184976 7000 -0.0038976978395184976 14000 -0.9922046043209631 
m400033 6000 -0.006068167808724803 7000 -0.006068167808724803 14000 -0.9878636643825502 
m400034 6000 -0.008024127466385846 7000 -0.008024127466385846 14000 -0.9839517450672284 
m400035 6000 -0.0002507223396404626 7000 -0.0002507223396404626 14000 -0.9994985553207191 
m400036 6000 -0.002005616374138598 7000 -0.002005616374138598 14000 -0.9959887672517231 
m400037 6000 -0.003923327817422624 7000 -0.003923327817422624 14000 -0.9921533443651548 
m400038 6000 -0.005981145634020236 7000 -0.005981145634020236 14000 -0.9880377087319597 
m400039 6000 -0.007902015528062183 7000 -0.007902015528062183 14000 -0.9841959689438753 
m400040 6000 -0.0005214997970400241 7000 -0.0005214997970400241 14000 -0.9989570004059201 
m400041 6000 -0.0021699451475853723 7000 -0.0021699451475853723 14000 -0.9956601097048295 
m400042 6000 -0.004173025681676432 7000 -0.004173025681676432 14000 -0.9916539486366469 
m400043 6000 -0.006095427314350371 7000 -0.006095427314350371 14000 -0.9878091453712992 
m400044 6000 -0.008018809543421074 7000 -0.008018809543421074 14000 -0.9839623809131579 
m400045 6000 -0.0004299730694248986 7000 -0.0004299730694248986 14000 -0.9991400538611503 
m400046 6000 -0.0020208887732546844 7000 -0.0020208887732546844 14000 -0.9959582224534909 
m400047 6000 -0.0039398232818569435 7000 -0.0039398232818569435 14000 -0.9921203534362861 
m400048 6000 -0.0057542685390487526 7000 -0.0057542685390487526 14000 -0.9884914629219026 
m400049 6000 -0.007986136110054384 7000 -0.007986136110054384 14000 -0.9840277277798916 
m400050 6000 -0.00046657245109512144 7000 -0.00046657245109512144 14000 -0.9990668550978096 
m400051 6000 -0.0017176986879024725 7000 -0.0017176986879024725 14000 -0.9965646026241948 
m400052 6000 -0.004142436350270484 7000 -0.004142436350270484 14000 -0.991715127299459 
m400053 6000 -0.006088300039910326 7000 -0.006088300039910326 14000 -0.9878233999201795 
m400054 6000 -0.0077617473371985315 7000 -0.0077617473371985315 14000 -0.9844765053256026 
m400055 6000 -0.0004623578236928439 7000 -0.0004623578236928439 14000 -0.9990752843526144 
m400056 6000 -0.0022031473544108825 7000 -0.0022031473544108825 14000 -0.9955937052911784 
m400057 6000 -0.004385193164381802 7000 -0.004385193164381802 14000 -0.9912296136712364 
m400058 6000 -0.005558244079334707 7000 -0.005558244079334707 14000 -0.9888835118413306 
m400059 6000 -0.008106807763695155 7000 -0.008106807763695155 14000 -0.9837863844726101 
m400060 6000 -0.0005355280627676577 7000 -0.0005355280627676577 14000 -0.9989289438744647 
m400061 6000 -0.001983012222968057 7000 -0.001983012222968057 14000 -0.9960339755540639 
m400062 6000 -0.0040254455141412165 7000 -0.0040254455141412165 14000 -0.9919491089717175 
m400063 6000 -0.005844354848933625 7000 -0.005844354848933625 14000 -0.9883112903021329 
m400064 6000 -0.007967218354158907 7000 -0.007967218354158907 14000 -0.9840655632916823 
m400065 6000 -0.0004647395755254375 7000 -0.0004647395755254375 14000 -0.9990705208489493 
m400066 6000 -0.002363888442306555 7000 -0.002363888442306555 14000 -0.995272223115387 
m400067 6000 -0.004044110958009664 7000 -0.004044110958009664 14000 -0.9919117780839806 
m400068 6000 -0.006071987543791677 7000 -0.006071987543791677 14000 -0.9878560249124163 
m400069 6000 -0.007990912434847269 7000 -0.007990912434847269 14000 -0.9840181751303055 
m400070 6000 -0.0005094823396812112 7000 -0.0005094823396812112 14000 -0.9989810353206378 
m400071 6000 -0.0018385300413281862 7000 -0.0018385300413281862 14000 -0.9963229399173434 
m400072 6000 -0.004035321609687558 7000 -0.004035321609687558 14000 -0.9919293567806247 
m400073 6000 -0.006123119306903534 7000 -0.006123119306903534 14000 -0.9877537613861928 
m400074 6000 -0.007897710547065548 7000 -0.007897710547065548 14000 -0.984204578905869 
m400075 6000 -0.00047414370304054007 7000 -0.00047414370304054007 14000 -0.9990517125939189 
m400076 6000 -0.0019842683378425655 7000 -0.0019842683378425655 14000 -0.9960314633243149 
m400077 6000 -0.004228809785606555 7000 -0.004228809785606555 14000 -0.9915423804287868 
m400078 6000 -0.006139445893972716 7000 -0.006139445893972716 14000 -0.9877211082120547 
m400079 6000 -0.0077657708892369115 7000 -0.0077657708892369115 14000 -0.9844684582215263 
m400080 6000 -0.000552220679919586 7000 -0.000552220679919586 14000 -0.9988955586401609 
m400081 6000 -0.002231947998882398 7000 -0.002231947998882398 14000 -0.995536104002235 
m400082 6000 -0.003995228051123087 7000 -0.003995228051123087 14000 -0.9920095438977538 
m400083 6000 -0.005999098350391185 7000 -0.005999098350391185 14000 -0.9880018032992175 
m400084 6000 -0.008116677805093772 7000 -0.008116677805093772 14000 -0.9837666443898123 
m400085 6000 -0.00042579007599308487 7000 -0.00042579007599308487 14000 -0.9991484198480138 
m400086 6000 -0.0018556608609210474 7000 -0.0018556608609210474 14000 -0.9962886782781579 
m400087 6000 -0.004188618825107917 7000 -0.004188618825107917 14000 -0.9916227623497841 
m400088 6000 -0.0063142144727961 7000 -0.0063142144727961 14000 -0.9873715710544079 
m400089 6000 -0.008097977945239128 7000 -0.008097977945239128 14000 -0.9838040441095217 
m400090 6000 -0.0005626848915805344 7000 -0.0005626848915805344 14000 -0.9988746302168391 
m400091 6000 -0.0018998694178599931 7000 -0.0018998694178599931 14000 -0.9962002611642798 
m400092 6000 -0.003997631643312547 7000 -0.003997631643312547 14000 -0.9920047367133749 
m400093 6000 -0.005888855825791172 7000 -0.005888855825791172 14000 -0.9882222883484175 
m400094 6000 -0.007938328692976799 7000 -0.007938328692976799 14000 -0.9841233426140462 
m400095 6000 -0.0004903419302997164 7000 -0.0004903419302997164 14000 -0.9990193161394005 
m400096 6000 -0.002089480278600761 7000 -0.002089480278600761 14000 -0.9958210394427982 
m400097 6000 -0.003986164922809425 7000 -0.003986164922809425 14000 -0.9920276701543811 
m400098 6000 -0.006257358188710136 7000 -0.006257358188710136 14000 -0.9874852836225796 
m400099 6000 -0.008008197364247342 7000 -0.008008197364247342 14000 -0.9839836052715057 
m400100 6000 -0.0003627476669635829 7000 -0.0003627476669635829 14000 -0.9992745046660728 
m400101 6000 -0.0019950800583072715 7000 -0.0019950800583072715 14000 -0.9960098398833851 
m400102 6000 -0.004007425985721805 7000 -0.004007425985721805 14000 -0.9919851480285563 
m400103 6000 -0.00575272004048381 7000 -0.00575272004048381 14000 -0.9884945599190322 
m400104 6000 -0.008028945316730082 7000 -0.008028945316730082 14000 -0.9839421093665399 
m400105 6000 -0.0005275083646775571 7000 -0.0005275083646775571 14000 -0.998944983270645 
m400106 6000 -0.0020717371644751337 7000 -0.0020717371644751337 14000 -0.9958565256710495 
m400107 6000 -0.004187721757598142 7000 -0.004187721757598142 14000 -0.9916245564848041 
m400108 6000 -0.006016057147791395 7000 -0.006016057147791395 14000 -0.9879678857044171 
m400109 6000 -0.008013649866548612 7000 -0.008013649866548612 14000 -0.9839727002669026 
m400110 6000 -0.0004762863730784547 7000 -0.0004762863730784547 14000 -0.9990474272538431 
m400111 6000 -0.0022688280071944565 7000 -0.0022688280071944565 14000 -0.995462343985611 
m400112 6000 -0.003942900781820179 7000 -0.003942900781820179 14000 -0.9921141984363596 
m400113 6000 -0.006026398864994439 7000 -0.006026398864994439 14000 -0.9879472022700112 
m400114 6000 -0.0082019448989031 7000 -0.0082019448989031 14000 -0.983596110202194 
m400115 6000 -0.000503988660864569 7000 -0.000503988660864569 14000 -0.9989920226782708 
m400116 6000 -0.0018541153799411334 7000 -0.0018541153799411334 14000 -0.9962917692401178 
m400117 6000 -0.003961512830173542 7000 -0.003961512830173542 14000 -0.992076974339653 
m400118 6000 -0.006104516562626247 7000 -0.006104516562626247 14000 -0.9877909668747473 
m400119 6000 -0.007948056751911885 7000 -0.007948056751911885 14000 -0.984103886496176 
m400120 6000 -0.0004860963784860793 7000 -0.0004860963784860793 14000 -0.9990278072430279 
m400121 6000 -0.001988700916156217 7000 -0.001988700916156217 14000 -0.9960225981676875 
m400122 6000 -0.004117262528012998 7000 -0.004117262528012998 14000 -0.9917654749439743 
m400123 6000 -0.006096112559328868 7000 -0.006096112559328868 14000 -0.9878077748813425 
m400124 6000 -0.007845819550125263 7000 -0.007845819550125263 14000 -0.9843083608997493 
c **********************************
c PE+Pb, dens=4.78 g/cm3
m2      6000    -0.04286 $Carbon
        1001    -0.00714 $Hydrogen
        82000   -0.95000 $Lead
c **********************************
m3    1001 -0.048535 $Boric acid
      5010 -0.034981
      5011 -0.139923
      8016 -0.776561
c **********************************
m4    82000 1 $Lead
c **********************************
m5 26000 1 $Iron
c **********************************
m6     13027   -1.000 $ Aluminum
c **********************************
c  SS-304 (8.00 g/cm3), #298 in PNNL Compendium
m7   006000.50c -0.0004000
     014000.60c -0.0050000
     015031.50c -0.0002300
     016000.60c -0.0001500
     024000.50c -0.1899981
     025055.60c -0.0099999
     026000.50c -0.7017229
     028000.50c -0.0924991
c ****************************************
c       LaBr detector
c ****************************************
m8       35079    -0.2946       $ Br79
         35081    -0.3069       $ Br81
         57139    -0.3485       $ La139
         58140    -0.0500       $ Ce140
c ************ air den=1.15e-3g/cc
m12     8016 -0.23
        7014 -0.77
c ************ Rubber Natural den=0.92 g/cc
m13     1001 -0.118371  $weight fraction
        6000 -0.881629
c
c end material cards
c
rand seed=8674536546524321 $different initial random #; seed# - any less 18 digits
c
c ********** begin tallies *********************
fc78 *********Broadened Pulse Height Tally Sum of Detectors 1,2 & 3 ***********
e78 0 1e-5 932i 8.4295
F78:p (101)
FT78 GEB -0.026198 0.059551 -0.037176
fc18 *********Unbroadened Pulse Height Tally Sum of Detectors 1,2 & 3 ***********
e18 0 1e-5 932i 8.4295
F18:p (101)
c ***********************************
c mplot tal 78 freq 10000
nps 1e9
