c CAS DETECTOR
c w/ Shielding in Place and Wheels
c
c CELL CARDS
c
c @@@@@@@@@@ Detectors @@@@@@@@@@@@@@@@@
c
101 8 -5.08 -21 imp:n,p 1 $LaBr Detector #1 Active Region
c
c @@@@@@@@@ Shielding @@@@@@@@@@@@@@@@@
c
121 2 -4.78 -31 imp:n,p 1 $PE_Pb
122 4 -11.29 -32 imp:n,p 1 $Pb1
123 4 -11.29 -33 imp:n,p 1 $Pb2
124 4 -11.29 -34 imp:n,p 1 $Pb3
125 4 -11.29 -35 imp:n,p 1 $Pb4
126 4 -11.29 -36 imp:n,p 1 $Pb5
127 4 -11.29 -37 imp:n,p 1 $Pb6
128 3 -1.5 -38 imp:n,p 1 $BA1
129 3 -1.5 -39 imp:n,p 1 $BA2
130 6 -2.7 -40 imp:n,p 1 $Al
131 7 -7.92 301 -302 303 -304 imp:n,p 1 $Fe-tube
132 5 -7.8 -401 imp:n,p 1 $Fe
133 5 -7.8 -402 imp:n,p 1 $Fe
c @@@@@@@@@@ Wheels @@@@@@@@@@@@@@@@@
c
21 13 -0.92 -41 42 imp:n,p 1 $Wheel 1
211 13 -0.92 -421 422 imp:n,p 1 $Wheel 1
212 13 -0.92 -423 424 imp:n,p 1 $Wheel 1
22 13 -0.92 -43 44 imp:n,p 1 $Wheel 2
221 13 -0.92 -441 442 imp:n,p 1 $Wheel 2
222 13 -0.92 -443 444 imp:n,p 1 $Wheel 2
23 13 -0.92 -45 46 imp:n,p 1 $Wheel 3
231 13 -0.92 -461 462 imp:n,p 1 $Wheel 3
232 13 -0.92 -463 464 imp:n,p 1 $Wheel 3
24 13 -0.92 -47 48 imp:n,p 1 $Wheel 4
241 13 -0.92 -481 482 imp:n,p 1 $Wheel 4
242 13 -0.92 -483 484 imp:n,p 1 $Wheel 4
c
c @@@@@@@@@@ SOIL VOLUME @@@@@@@@@@@
c
300000 400000 -2.156 20010 -20011 20020 -20021 20030 -20031 imp:n,p 1
300001 400001 -2.156 20010 -20011 20020 -20021 20031 -20032 imp:n,p 1
300002 400002 -2.156 20010 -20011 20020 -20021 20032 -20033 imp:n,p 1
300003 400003 -2.156 20010 -20011 20020 -20021 20033 -20034 imp:n,p 1
300004 400004 -2.156 20010 -20011 20020 -20021 20034 -20035 imp:n,p 1
300005 400005 -2.156 20011 -20012 20020 -20021 20030 -20031 imp:n,p 1
300006 400006 -2.156 20011 -20012 20020 -20021 20031 -20032 imp:n,p 1
300007 400007 -2.156 20011 -20012 20020 -20021 20032 -20033 imp:n,p 1
300008 400008 -2.156 20011 -20012 20020 -20021 20033 -20034 imp:n,p 1
300009 400009 -2.156 20011 -20012 20020 -20021 20034 -20035 imp:n,p 1
300010 400010 -2.156 20012 -20013 20020 -20021 20030 -20031 imp:n,p 1
300011 400011 -2.156 20012 -20013 20020 -20021 20031 -20032 imp:n,p 1
300012 400012 -2.156 20012 -20013 20020 -20021 20032 -20033 imp:n,p 1
300013 400013 -2.156 20012 -20013 20020 -20021 20033 -20034 imp:n,p 1
300014 400014 -2.156 20012 -20013 20020 -20021 20034 -20035 imp:n,p 1
300015 400015 -2.156 20013 -20014 20020 -20021 20030 -20031 imp:n,p 1
300016 400016 -2.156 20013 -20014 20020 -20021 20031 -20032 imp:n,p 1
300017 400017 -2.156 20013 -20014 20020 -20021 20032 -20033 imp:n,p 1
300018 400018 -2.156 20013 -20014 20020 -20021 20033 -20034 imp:n,p 1
300019 400019 -2.156 20013 -20014 20020 -20021 20034 -20035 imp:n,p 1
300020 400020 -2.156 20014 -20015 20020 -20021 20030 -20031 imp:n,p 1
300021 400021 -2.156 20014 -20015 20020 -20021 20031 -20032 imp:n,p 1
300022 400022 -2.156 20014 -20015 20020 -20021 20032 -20033 imp:n,p 1
300023 400023 -2.156 20014 -20015 20020 -20021 20033 -20034 imp:n,p 1
300024 400024 -2.156 20014 -20015 20020 -20021 20034 -20035 imp:n,p 1
300025 400025 -2.156 20010 -20011 20021 -20022 20030 -20031 imp:n,p 1
300026 400026 -2.156 20010 -20011 20021 -20022 20031 -20032 imp:n,p 1
300027 400027 -2.156 20010 -20011 20021 -20022 20032 -20033 imp:n,p 1
300028 400028 -2.156 20010 -20011 20021 -20022 20033 -20034 imp:n,p 1
300029 400029 -2.156 20010 -20011 20021 -20022 20034 -20035 imp:n,p 1
300030 400030 -2.156 20011 -20012 20021 -20022 20030 -20031 imp:n,p 1
300031 400031 -2.156 20011 -20012 20021 -20022 20031 -20032 imp:n,p 1
300032 400032 -2.156 20011 -20012 20021 -20022 20032 -20033 imp:n,p 1
300033 400033 -2.156 20011 -20012 20021 -20022 20033 -20034 imp:n,p 1
300034 400034 -2.156 20011 -20012 20021 -20022 20034 -20035 imp:n,p 1
300035 400035 -2.156 20012 -20013 20021 -20022 20030 -20031 imp:n,p 1
300036 400036 -2.156 20012 -20013 20021 -20022 20031 -20032 imp:n,p 1
300037 400037 -2.156 20012 -20013 20021 -20022 20032 -20033 imp:n,p 1
300038 400038 -2.156 20012 -20013 20021 -20022 20033 -20034 imp:n,p 1
300039 400039 -2.156 20012 -20013 20021 -20022 20034 -20035 imp:n,p 1
300040 400040 -2.156 20013 -20014 20021 -20022 20030 -20031 imp:n,p 1
300041 400041 -2.156 20013 -20014 20021 -20022 20031 -20032 imp:n,p 1
300042 400042 -2.156 20013 -20014 20021 -20022 20032 -20033 imp:n,p 1
300043 400043 -2.156 20013 -20014 20021 -20022 20033 -20034 imp:n,p 1
300044 400044 -2.156 20013 -20014 20021 -20022 20034 -20035 imp:n,p 1
300045 400045 -2.156 20014 -20015 20021 -20022 20030 -20031 imp:n,p 1
300046 400046 -2.156 20014 -20015 20021 -20022 20031 -20032 imp:n,p 1
300047 400047 -2.156 20014 -20015 20021 -20022 20032 -20033 imp:n,p 1
300048 400048 -2.156 20014 -20015 20021 -20022 20033 -20034 imp:n,p 1
300049 400049 -2.156 20014 -20015 20021 -20022 20034 -20035 imp:n,p 1
300050 400050 -2.156 20010 -20011 20022 -20023 20030 -20031 imp:n,p 1
300051 400051 -2.156 20010 -20011 20022 -20023 20031 -20032 imp:n,p 1
300052 400052 -2.156 20010 -20011 20022 -20023 20032 -20033 imp:n,p 1
300053 400053 -2.156 20010 -20011 20022 -20023 20033 -20034 imp:n,p 1
300054 400054 -2.156 20010 -20011 20022 -20023 20034 -20035 imp:n,p 1
300055 400055 -2.156 20011 -20012 20022 -20023 20030 -20031 imp:n,p 1
300056 400056 -2.156 20011 -20012 20022 -20023 20031 -20032 imp:n,p 1
300057 400057 -2.156 20011 -20012 20022 -20023 20032 -20033 imp:n,p 1
300058 400058 -2.156 20011 -20012 20022 -20023 20033 -20034 imp:n,p 1
300059 400059 -2.156 20011 -20012 20022 -20023 20034 -20035 imp:n,p 1
300060 400060 -2.156 20012 -20013 20022 -20023 20030 -20031 imp:n,p 1
300061 400061 -2.156 20012 -20013 20022 -20023 20031 -20032 imp:n,p 1
300062 400062 -2.156 20012 -20013 20022 -20023 20032 -20033 imp:n,p 1
300063 400063 -2.156 20012 -20013 20022 -20023 20033 -20034 imp:n,p 1
300064 400064 -2.156 20012 -20013 20022 -20023 20034 -20035 imp:n,p 1
300065 400065 -2.156 20013 -20014 20022 -20023 20030 -20031 imp:n,p 1
300066 400066 -2.156 20013 -20014 20022 -20023 20031 -20032 imp:n,p 1
300067 400067 -2.156 20013 -20014 20022 -20023 20032 -20033 imp:n,p 1
300068 400068 -2.156 20013 -20014 20022 -20023 20033 -20034 imp:n,p 1
300069 400069 -2.156 20013 -20014 20022 -20023 20034 -20035 imp:n,p 1
300070 400070 -2.156 20014 -20015 20022 -20023 20030 -20031 imp:n,p 1
300071 400071 -2.156 20014 -20015 20022 -20023 20031 -20032 imp:n,p 1
300072 400072 -2.156 20014 -20015 20022 -20023 20032 -20033 imp:n,p 1
300073 400073 -2.156 20014 -20015 20022 -20023 20033 -20034 imp:n,p 1
300074 400074 -2.156 20014 -20015 20022 -20023 20034 -20035 imp:n,p 1
300075 400075 -2.156 20010 -20011 20023 -20024 20030 -20031 imp:n,p 1
300076 400076 -2.156 20010 -20011 20023 -20024 20031 -20032 imp:n,p 1
300077 400077 -2.156 20010 -20011 20023 -20024 20032 -20033 imp:n,p 1
300078 400078 -2.156 20010 -20011 20023 -20024 20033 -20034 imp:n,p 1
300079 400079 -2.156 20010 -20011 20023 -20024 20034 -20035 imp:n,p 1
300080 400080 -2.156 20011 -20012 20023 -20024 20030 -20031 imp:n,p 1
300081 400081 -2.156 20011 -20012 20023 -20024 20031 -20032 imp:n,p 1
300082 400082 -2.156 20011 -20012 20023 -20024 20032 -20033 imp:n,p 1
300083 400083 -2.156 20011 -20012 20023 -20024 20033 -20034 imp:n,p 1
300084 400084 -2.156 20011 -20012 20023 -20024 20034 -20035 imp:n,p 1
300085 400085 -2.156 20012 -20013 20023 -20024 20030 -20031 imp:n,p 1
300086 400086 -2.156 20012 -20013 20023 -20024 20031 -20032 imp:n,p 1
300087 400087 -2.156 20012 -20013 20023 -20024 20032 -20033 imp:n,p 1
300088 400088 -2.156 20012 -20013 20023 -20024 20033 -20034 imp:n,p 1
300089 400089 -2.156 20012 -20013 20023 -20024 20034 -20035 imp:n,p 1
300090 400090 -2.156 20013 -20014 20023 -20024 20030 -20031 imp:n,p 1
300091 400091 -2.156 20013 -20014 20023 -20024 20031 -20032 imp:n,p 1
300092 400092 -2.156 20013 -20014 20023 -20024 20032 -20033 imp:n,p 1
300093 400093 -2.156 20013 -20014 20023 -20024 20033 -20034 imp:n,p 1
300094 400094 -2.156 20013 -20014 20023 -20024 20034 -20035 imp:n,p 1
300095 400095 -2.156 20014 -20015 20023 -20024 20030 -20031 imp:n,p 1
300096 400096 -2.156 20014 -20015 20023 -20024 20031 -20032 imp:n,p 1
300097 400097 -2.156 20014 -20015 20023 -20024 20032 -20033 imp:n,p 1
300098 400098 -2.156 20014 -20015 20023 -20024 20033 -20034 imp:n,p 1
300099 400099 -2.156 20014 -20015 20023 -20024 20034 -20035 imp:n,p 1
300100 400100 -2.156 20010 -20011 20024 -20025 20030 -20031 imp:n,p 1
300101 400101 -2.156 20010 -20011 20024 -20025 20031 -20032 imp:n,p 1
300102 400102 -2.156 20010 -20011 20024 -20025 20032 -20033 imp:n,p 1
300103 400103 -2.156 20010 -20011 20024 -20025 20033 -20034 imp:n,p 1
300104 400104 -2.156 20010 -20011 20024 -20025 20034 -20035 imp:n,p 1
300105 400105 -2.156 20011 -20012 20024 -20025 20030 -20031 imp:n,p 1
300106 400106 -2.156 20011 -20012 20024 -20025 20031 -20032 imp:n,p 1
300107 400107 -2.156 20011 -20012 20024 -20025 20032 -20033 imp:n,p 1
300108 400108 -2.156 20011 -20012 20024 -20025 20033 -20034 imp:n,p 1
300109 400109 -2.156 20011 -20012 20024 -20025 20034 -20035 imp:n,p 1
300110 400110 -2.156 20012 -20013 20024 -20025 20030 -20031 imp:n,p 1
300111 400111 -2.156 20012 -20013 20024 -20025 20031 -20032 imp:n,p 1
300112 400112 -2.156 20012 -20013 20024 -20025 20032 -20033 imp:n,p 1
300113 400113 -2.156 20012 -20013 20024 -20025 20033 -20034 imp:n,p 1
300114 400114 -2.156 20012 -20013 20024 -20025 20034 -20035 imp:n,p 1
300115 400115 -2.156 20013 -20014 20024 -20025 20030 -20031 imp:n,p 1
300116 400116 -2.156 20013 -20014 20024 -20025 20031 -20032 imp:n,p 1
300117 400117 -2.156 20013 -20014 20024 -20025 20032 -20033 imp:n,p 1
300118 400118 -2.156 20013 -20014 20024 -20025 20033 -20034 imp:n,p 1
300119 400119 -2.156 20013 -20014 20024 -20025 20034 -20035 imp:n,p 1
300120 400120 -2.156 20014 -20015 20024 -20025 20030 -20031 imp:n,p 1
300121 400121 -2.156 20014 -20015 20024 -20025 20031 -20032 imp:n,p 1
300122 400122 -2.156 20014 -20015 20024 -20025 20032 -20033 imp:n,p 1
300123 400123 -2.156 20014 -20015 20024 -20025 20033 -20034 imp:n,p 1
300124 400124 -2.156 20014 -20015 20024 -20025 20034 -20035 imp:n,p 1
c
30 12 -0.00129 -200 #101 #121 #122 #123 #124 #125 #126 #127 #128 #129 #130 #131 #132 #133
        #21 #211 #212 #22 #221 #222 #23 #231 #232 #24 #241 #242 #20 imp:n,p 1 $Rest of the World
31 0 200 imp:n,p 0 $Outside world

c SURFACE CARDS
c
c Sample Volume
20010 px -56.0
20011 px -33.600000000000364
20012 px -11.200000000000728
20013 px 11.200000000000728
20014 px 33.599999999998545
20015 px 56.0
20020 py -45.0
20021 py -27.0
20022 py -9.0
20023 py 9.0
20024 py 27.0
20025 py 45.0
20030 pz 92.0
20031 pz 82.0
20032 pz 72.0
20033 pz 62.0
20034 pz 52.0
20035 pz 42.0
c Active Detector Region
21 rcc 56  -5.0 -1.0   0.0 20.3 0.0   4.5 $Detector 1 Base center, Hx,Hy,Hz, radius
c Shielding Surfaces
c Shielding Pb
31 rpp 19 29 -7.5 7.5 -11 9 $PbPE xmin xmax ymin ymax zmin zmax
32 rpp 9 19 4 9 -11 9 $Pb xmin xmax ymin ymax zmin zmax
33 rpp 9 19 -9 -4 -11 9 $Pb xmin xmax ymin ymax zmin zmax
34 rpp 19 29 7.5 12.5 -11 9 $Pb xmin xmax ymin ymax zmin zmax
35 rpp 19 29 -12.5 -7.5 -11 9 $Pb xmin xmax ymin ymax zmin zmax
36 rpp 29 34 -15 15 -11 9 $Pb xmin xmax ymin ymax zmin zmax
37 rpp 9 19 -4 4 4 9 $Pb xmin xmax ymin ymax zmin zmax
38 rpp -26 26 18 28 -11 9 $BA1 xmin xmax ymin ymax zmin zmax
39 rpp -26 26 -28 -18 -11 9 $BA2 xmin xmax ymin ymax zmin zmax
40 rpp -65 65 -28 28 10 10.5 $Al xmin xmax ymin ymax zmin zmax
401 rpp -27 27 29 34 -11 9 $Fe xmin xmax ymin ymax zmin zmax
402 rpp -27 27 -34 -29 -11 9 $Fe xmin xmax ymin ymax zmin zmax
301 px -20
302 px 18
303 cx 3.71
304 cx 3.81
c Wheels Surfaces
c 23/10.5-12 turf tires, 22.6 lb rubber
c diameter 29cm, tread width 25cm, and sidewall height 13.76 cm
c set thickness of all sides 1.3 cm (s.t. weight is 22.6 lb)
41 rcc -2 77 8   0.0 25 0.0 29 $wheel 1 outer tread surface
42 rcc -2 77 8   0.0 25 0.0 27.7 $wheel 1 inner tread surface
421 rcc -2 75.7 8   0.0 1.3 0.0 29 $wheel 1 outside sidewall exterior
422 rcc -2 75.7 8   0.0 1.3 0.0 15.24 $wheel 1 outside sidewall interior
423 rcc -2 102 8   0.0 1.3 0.0 29 $wheel 1 inside sidewall exterior
424 rcc -2 102 8   0.0 1.3 0.0 15.24 $wheel 1 inside sidewall interior
43 rcc 68 77 8   0.0 25 0.0 29 $wheel 2
44 rcc 68 77 8   0.0 25 0.0 27.7
441 rcc 68 75.7 8   0.0 1.3 0.0 29
442 rcc 68 75.7 8   0.0 1.3 0.0 15.24
443 rcc 68 102 8   0.0 1.3 0.0 29
444 rcc 68 102 8   0.0 1.3 0.0 15.24
45 rcc -2 -77 8   0.0 -25 0.0 29 $wheel 3
46 rcc -2 -77 8   0.0 -25 0.0 27.7
461 rcc -2 -75.7 8   0.0 -1.3 0.0 29
462 rcc -2 -75.7 8   0.0 -1.3 0.0 15.24
463 rcc -2 -102 8   0.0 -1.3 0.0 29
464 rcc -2 -102 8   0.0 -1.3 0.0 15.24
47 rcc 68 -77 8   0.0 -25 0.0 29 $wheel 4
48 rcc 68 -77 8   0.0 -25 0.0 27.7
481 rcc 68 -75.7 8   0.0 -1.3 0.0 29
482 rcc 68 -75.7 8   0.0 -1.3 0.0 15.24
483 rcc 68 -102 8   0.0 -1.3 0.0 29
484 rcc 68 -102 8   0.0 -1.3 0.0 15.24
200 so 800    $sphere of 800cm centered at origin
c

c DATA CARDS
mode n p
c dump every hr
prdmp -60 -60 -1
c 100 keV Neutron Energy Cutoff
Cut:n 1j 0.1
c analog neutron transport
phys:n 1j 14
phys:p
sdef pos=0 0 0 erg=14.0 vec= 0 0 1 dir=d1
si1  -1 .93 1
sp1   0  0.0  1.0
c ********************
c begin material cards
c ********************
c Pure Carbon
c ****************************************
m400000 6000 -0.0005055203600787523 7000 -0.0005055203600787523 14000 -0.9989889592798425 
m400001 6000 -0.0019881811593691063 7000 -0.0019881811593691063 14000 -0.9960236376812616 
m400002 6000 -0.004297072564077087 7000 -0.004297072564077087 14000 -0.9914058548718456 
m400003 6000 -0.0057966760703309335 7000 -0.0057966760703309335 14000 -0.988406647859338 
m400004 6000 -0.008076563767225552 7000 -0.008076563767225552 14000 -0.9838468724655489 
m400005 6000 -0.0004150839602159719 7000 -0.0004150839602159719 14000 -0.9991698320795679 
m400006 6000 -0.002109028558374511 7000 -0.002109028558374511 14000 -0.9957819428832514 
m400007 6000 -0.003937140477333065 7000 -0.003937140477333065 14000 -0.9921257190453336 
m400008 6000 -0.005942009752490992 7000 -0.005942009752490992 14000 -0.9881159804950179 
m400009 6000 -0.008300509490685195 7000 -0.008300509490685195 14000 -0.9833989810186295 
m400010 6000 -0.0005677291649012176 7000 -0.0005677291649012176 14000 -0.9988645416701974 
m400011 6000 -0.002150318526809242 7000 -0.002150318526809242 14000 -0.9956993629463811 
m400012 6000 -0.0038417226990425015 7000 -0.0038417226990425015 14000 -0.9923165546019151 
m400013 6000 -0.00604978917124635 7000 -0.00604978917124635 14000 -0.9879004216575072 
m400014 6000 -0.007679675944902513 7000 -0.007679675944902513 14000 -0.9846406481101954 
m400015 6000 -0.00041848933552420377 7000 -0.00041848933552420377 14000 -0.9991630213289515 
m400016 6000 -0.0018602898501449696 7000 -0.0018602898501449696 14000 -0.9962794202997103 
m400017 6000 -0.004295327767528726 7000 -0.004295327767528726 14000 -0.9914093444649427 
m400018 6000 -0.0059272546765552344 7000 -0.0059272546765552344 14000 -0.9881454906468896 
m400019 6000 -0.008031330282171656 7000 -0.008031330282171656 14000 -0.9839373394356566 
m400020 6000 -0.0005441355903187815 7000 -0.0005441355903187815 14000 -0.9989117288193622 
m400021 6000 -0.0017554687012770358 7000 -0.0017554687012770358 14000 -0.9964890625974457 
m400022 6000 -0.004009784786697732 7000 -0.004009784786697732 14000 -0.9919804304266049 
m400023 6000 -0.005944042517293999 7000 -0.005944042517293999 14000 -0.9881119149654118 
m400024 6000 -0.007836485738318287 7000 -0.007836485738318287 14000 -0.9843270285233636 
m400025 6000 -0.0005075693618464251 7000 -0.0005075693618464251 14000 -0.9989848612763071 
m400026 6000 -0.0020337405524784016 7000 -0.0020337405524784016 14000 -0.9959325188950433 
m400027 6000 -0.004045964187240849 7000 -0.004045964187240849 14000 -0.9919080716255185 
m400028 6000 -0.005973866307145335 7000 -0.005973866307145335 14000 -0.9880522673857095 
m400029 6000 -0.007898726733340461 7000 -0.007898726733340461 14000 -0.9842025465333193 
m400030 6000 -0.0007013069463988142 7000 -0.0007013069463988142 14000 -0.9985973861072023 
m400031 6000 -0.0020897915814195424 7000 -0.0020897915814195424 14000 -0.9958204168371608 
m400032 6000 -0.004004630715673613 7000 -0.004004630715673613 14000 -0.9919907385686528 
m400033 6000 -0.006129047221805528 7000 -0.006129047221805528 14000 -0.9877419055563892 
m400034 6000 -0.007998486868389613 7000 -0.007998486868389613 14000 -0.984003026263221 
m400035 6000 -0.00044156435279267266 7000 -0.00044156435279267266 14000 -0.9991168712944148 
m400036 6000 -0.0018246675147358133 7000 -0.0018246675147358133 14000 -0.9963506649705284 
m400037 6000 -0.0040615784488285045 7000 -0.0040615784488285045 14000 -0.9918768431023431 
m400038 6000 -0.00616592119170328 7000 -0.00616592119170328 14000 -0.9876681576165935 
m400039 6000 -0.008012884104788577 7000 -0.008012884104788577 14000 -0.9839742317904229 
m400040 6000 -0.0006226158944673819 7000 -0.0006226158944673819 14000 -0.9987547682110653 
m400041 6000 -0.0020618704659490857 7000 -0.0020618704659490857 14000 -0.9958762590681018 
m400042 6000 -0.00366518523873008 7000 -0.00366518523873008 14000 -0.9926696295225399 
m400043 6000 -0.006029098877565206 7000 -0.006029098877565206 14000 -0.9879418022448699 
m400044 6000 -0.007893813638294694 7000 -0.007893813638294694 14000 -0.9842123727234108 
m400045 6000 -0.000566785796271571 7000 -0.000566785796271571 14000 -0.998866428407457 
m400046 6000 -0.0021131990960586767 7000 -0.0021131990960586767 14000 -0.9957736018078829 
m400047 6000 -0.0038753010827473656 7000 -0.0038753010827473656 14000 -0.9922493978345053 
m400048 6000 -0.006282870551855481 7000 -0.006282870551855481 14000 -0.9874342588962892 
m400049 6000 -0.007947292079521733 7000 -0.007947292079521733 14000 -0.9841054158409566 
m400050 6000 -0.00044902635444224806 7000 -0.00044902635444224806 14000 -0.9991019472911153 
m400051 6000 -0.001975667918707135 7000 -0.001975667918707135 14000 -0.9960486641625858 
m400052 6000 -0.0038213049677844994 7000 -0.0038213049677844994 14000 -0.9923573900644311 
m400053 6000 -0.006077063096232899 7000 -0.006077063096232899 14000 -0.9878458738075344 
m400054 6000 -0.00793789858064293 7000 -0.00793789858064293 14000 -0.9841242028387143 
m400055 6000 -0.0005094853928040211 7000 -0.0005094853928040211 14000 -0.9989810292143919 
m400056 6000 -0.0018481728993540736 7000 -0.0018481728993540736 14000 -0.9963036542012919 
m400057 6000 -0.0039492692607484255 7000 -0.0039492692607484255 14000 -0.9921014614785034 
m400058 6000 -0.005816758913925122 7000 -0.005816758913925122 14000 -0.9883664821721498 
m400059 6000 -0.007977816186853335 7000 -0.007977816186853335 14000 -0.9840443676262933 
m400060 6000 -0.0005130084012658909 7000 -0.0005130084012658909 14000 -0.9989739831974684 
m400061 6000 -0.0020521376512681404 7000 -0.0020521376512681404 14000 -0.9958957246974637 
m400062 6000 -0.004067442111832808 7000 -0.004067442111832808 14000 -0.991865115776334 
m400063 6000 -0.006059691798947449 7000 -0.006059691798947449 14000 -0.9878806164021051 
m400064 6000 -0.008048822440542893 7000 -0.008048822440542893 14000 -0.9839023551189143 
m400065 6000 -0.0004287725104439293 7000 -0.0004287725104439293 14000 -0.9991424549791121 
m400066 6000 -0.002156246866299838 7000 -0.002156246866299838 14000 -0.9956875062674 
m400067 6000 -0.003907210429995444 7000 -0.003907210429995444 14000 -0.9921855791400092 
m400068 6000 -0.006036061240486271 7000 -0.006036061240486271 14000 -0.9879278775190277 
m400069 6000 -0.007965850132919323 7000 -0.007965850132919323 14000 -0.9840682997341612 
m400070 6000 -0.0005553516152022658 7000 -0.0005553516152022658 14000 -0.9988892967695955 
m400071 6000 -0.002133190981542499 7000 -0.002133190981542499 14000 -0.9957336180369148 
m400072 6000 -0.003761244036320598 7000 -0.003761244036320598 14000 -0.9924775119273589 
m400073 6000 -0.0061868681106968405 7000 -0.0061868681106968405 14000 -0.9876262637786064 
m400074 6000 -0.008061783525272946 7000 -0.008061783525272946 14000 -0.9838764329494541 
m400075 6000 -0.0004813825533576989 7000 -0.0004813825533576989 14000 -0.9990372348932846 
m400076 6000 -0.0018359198278826178 7000 -0.0018359198278826178 14000 -0.9963281603442347 
m400077 6000 -0.003801673495539877 7000 -0.003801673495539877 14000 -0.9923966530089204 
m400078 6000 -0.006005917337699765 7000 -0.006005917337699765 14000 -0.9879881653246002 
m400079 6000 -0.007871245918801313 7000 -0.007871245918801313 14000 -0.9842575081623971 
m400080 6000 -0.0005257800179047736 7000 -0.0005257800179047736 14000 -0.9989484399641904 
m400081 6000 -0.0020821543259929853 7000 -0.0020821543259929853 14000 -0.995835691348014 
m400082 6000 -0.003999189951985411 7000 -0.003999189951985411 14000 -0.9920016200960292 
m400083 6000 -0.0059970080489790845 7000 -0.0059970080489790845 14000 -0.9880059839020415 
m400084 6000 -0.008296694371901808 7000 -0.008296694371901808 14000 -0.9834066112561968 
m400085 6000 -0.0006003674739905751 7000 -0.0006003674739905751 14000 -0.9987992650520188 
m400086 6000 -0.0019516038567146303 7000 -0.0019516038567146303 14000 -0.9960967922865709 
m400087 6000 -0.003744953493689801 7000 -0.003744953493689801 14000 -0.9925100930126206 
m400088 6000 -0.005715205882702673 7000 -0.005715205882702673 14000 -0.9885695882345948 
m400089 6000 -0.008102192638226195 7000 -0.008102192638226195 14000 -0.9837956147235474 
m400090 6000 -0.0004872227653719155 7000 -0.0004872227653719155 14000 -0.9990255544692562 
m400091 6000 -0.0023687688854856937 7000 -0.0023687688854856937 14000 -0.9952624622290284 
m400092 6000 -0.00383917180505383 7000 -0.00383917180505383 14000 -0.9923216563898924 
m400093 6000 -0.006131961088829504 7000 -0.006131961088829504 14000 -0.9877360778223411 
m400094 6000 -0.008124626883868032 7000 -0.008124626883868032 14000 -0.983750746232264 
m400095 6000 -0.0004220760376332578 7000 -0.0004220760376332578 14000 -0.9991558479247334 
m400096 6000 -0.0018040064498802 7000 -0.0018040064498802 14000 -0.9963919871002392 
m400097 6000 -0.003993808819871941 7000 -0.003993808819871941 14000 -0.9920123823602559 
m400098 6000 -0.005924384871195518 7000 -0.005924384871195518 14000 -0.988151230257609 
m400099 6000 -0.007911690345073476 7000 -0.007911690345073476 14000 -0.984176619309853 
m400100 6000 -0.0003947394780434927 7000 -0.0003947394780434927 14000 -0.9992105210439131 
m400101 6000 -0.0019178968976182353 7000 -0.0019178968976182353 14000 -0.9961642062047634 
m400102 6000 -0.004324661054053308 7000 -0.004324661054053308 14000 -0.9913506778918938 
m400103 6000 -0.006101776316944963 7000 -0.006101776316944963 14000 -0.98779644736611 
m400104 6000 -0.008237365184337464 7000 -0.008237365184337464 14000 -0.983525269631325 
m400105 6000 -0.00048178015495477255 7000 -0.00048178015495477255 14000 -0.9990364396900904 
m400106 6000 -0.0020081521123785193 7000 -0.0020081521123785193 14000 -0.9959836957752429 
m400107 6000 -0.003944850593714386 7000 -0.003944850593714386 14000 -0.9921102988125712 
m400108 6000 -0.006126284851113625 7000 -0.006126284851113625 14000 -0.9877474302977727 
m400109 6000 -0.007702677690285712 7000 -0.007702677690285712 14000 -0.9845946446194289 
m400110 6000 -0.0004220410832553676 7000 -0.0004220410832553676 14000 -0.9991559178334891 
m400111 6000 -0.0017330822719768683 7000 -0.0017330822719768683 14000 -0.9965338354560461 
m400112 6000 -0.0039726009547954135 7000 -0.0039726009547954135 14000 -0.9920547980904094 
m400113 6000 -0.006240322928530365 7000 -0.006240322928530365 14000 -0.9875193541429392 
m400114 6000 -0.00810632784804559 7000 -0.00810632784804559 14000 -0.9837873443039089 
m400115 6000 -0.0007016832520773065 7000 -0.0007016832520773065 14000 -0.9985966334958453 
m400116 6000 -0.0019669187083736733 7000 -0.0019669187083736733 14000 -0.9960661625832529 
m400117 6000 -0.004032452034877907 7000 -0.004032452034877907 14000 -0.9919350959302442 
m400118 6000 -0.0061639164376429256 7000 -0.0061639164376429256 14000 -0.9876721671247141 
m400119 6000 -0.008178940276378397 7000 -0.008178940276378397 14000 -0.9836421194472433 
m400120 6000 -0.0004521647569524935 7000 -0.0004521647569524935 14000 -0.999095670486095 
m400121 6000 -0.002015171952255082 7000 -0.002015171952255082 14000 -0.9959696560954902 
m400122 6000 -0.0036831698643929227 7000 -0.0036831698643929227 14000 -0.992633660271214 
m400123 6000 -0.006058798149635464 7000 -0.006058798149635464 14000 -0.9878824037007292 
m400124 6000 -0.008156215290023673 7000 -0.008156215290023673 14000 -0.9836875694199528 
c **********************************
c PE+Pb, dens=4.78 g/cm3
m2      6000    -0.04286 $Carbon
        1001    -0.00714 $Hydrogen
        82000   -0.95000 $Lead
c **********************************
m3    1001 -0.048535 $Boric acid
      5010 -0.034981
      5011 -0.139923
      8016 -0.776561
c **********************************
m4    82000 1 $Lead
c **********************************
m5 26000 1 $Iron
c **********************************
m6     13027   -1.000 $ Aluminum
c **********************************
c  SS-304 (8.00 g/cm3), #298 in PNNL Compendium
m7   006000.50c -0.0004000
     014000.60c -0.0050000
     015031.50c -0.0002300
     016000.60c -0.0001500
     024000.50c -0.1899981
     025055.60c -0.0099999
     026000.50c -0.7017229
     028000.50c -0.0924991
c ****************************************
c       LaBr detector
c ****************************************
m8       35079    -0.2946       $ Br79
         35081    -0.3069       $ Br81
         57139    -0.3485       $ La139
         58140    -0.0500       $ Ce140
c ************ air den=1.15e-3g/cc
m12     8016 -0.23
        7014 -0.77
c ************ Rubber Natural den=0.92 g/cc
m13     1001 -0.118371  $weight fraction
        6000 -0.881629
c
c end material cards
c
rand seed=8674536546524321 $different initial random #; seed# - any less 18 digits
c
c ********** begin tallies *********************
fc78 *********Broadened Pulse Height Tally Sum of Detectors 1,2 & 3 ***********
e78 0 1e-5 932i 8.4295
F78:p (101)
FT78 GEB -0.026198 0.059551 -0.037176
fc18 *********Unbroadened Pulse Height Tally Sum of Detectors 1,2 & 3 ***********
e18 0 1e-5 932i 8.4295
F18:p (101)
c ***********************************
c mplot tal 78 freq 10000
nps 1e9
