c CAS DETECTOR
c w/ Shielding in Place and Wheels
c
c CELL CARDS
c
c @@@@@@@@@@ Detectors @@@@@@@@@@@@@@@@@
c
101 8 -5.08 -21 imp:n,p 1 $LaBr Detector #1 Active Region
c
c @@@@@@@@@ Shielding @@@@@@@@@@@@@@@@@
c
121 2 -4.78 -31 imp:n,p 1 $PE_Pb
122 4 -11.29 -32 imp:n,p 1 $Pb1
123 4 -11.29 -33 imp:n,p 1 $Pb2
124 4 -11.29 -34 imp:n,p 1 $Pb3
125 4 -11.29 -35 imp:n,p 1 $Pb4
126 4 -11.29 -36 imp:n,p 1 $Pb5
127 4 -11.29 -37 imp:n,p 1 $Pb6
128 3 -1.5 -38 imp:n,p 1 $BA1
129 3 -1.5 -39 imp:n,p 1 $BA2
130 6 -2.7 -40 imp:n,p 1 $Al
131 7 -7.92 301 -302 303 -304 imp:n,p 1 $Fe-tube
132 5 -7.8 -401 imp:n,p 1 $Fe
133 5 -7.8 -402 imp:n,p 1 $Fe
c @@@@@@@@@@ Wheels @@@@@@@@@@@@@@@@@
c
21 13 -0.92 -41 42 imp:n,p 1 $Wheel 1
211 13 -0.92 -421 422 imp:n,p 1 $Wheel 1
212 13 -0.92 -423 424 imp:n,p 1 $Wheel 1
22 13 -0.92 -43 44 imp:n,p 1 $Wheel 2
221 13 -0.92 -441 442 imp:n,p 1 $Wheel 2
222 13 -0.92 -443 444 imp:n,p 1 $Wheel 2
23 13 -0.92 -45 46 imp:n,p 1 $Wheel 3
231 13 -0.92 -461 462 imp:n,p 1 $Wheel 3
232 13 -0.92 -463 464 imp:n,p 1 $Wheel 3
24 13 -0.92 -47 48 imp:n,p 1 $Wheel 4
241 13 -0.92 -481 482 imp:n,p 1 $Wheel 4
242 13 -0.92 -483 484 imp:n,p 1 $Wheel 4
c
c @@@@@@@@@@ SOIL VOLUME @@@@@@@@@@@
c
300000 400000 -2.156 20010 -20011 20020 -20021 20030 -20031 imp:n,p 1
300001 400001 -2.156 20010 -20011 20020 -20021 20031 -20032 imp:n,p 1
300002 400002 -2.156 20010 -20011 20020 -20021 20032 -20033 imp:n,p 1
300003 400003 -2.156 20010 -20011 20020 -20021 20033 -20034 imp:n,p 1
300004 400004 -2.156 20010 -20011 20020 -20021 20034 -20035 imp:n,p 1
300005 400005 -2.156 20011 -20012 20020 -20021 20030 -20031 imp:n,p 1
300006 400006 -2.156 20011 -20012 20020 -20021 20031 -20032 imp:n,p 1
300007 400007 -2.156 20011 -20012 20020 -20021 20032 -20033 imp:n,p 1
300008 400008 -2.156 20011 -20012 20020 -20021 20033 -20034 imp:n,p 1
300009 400009 -2.156 20011 -20012 20020 -20021 20034 -20035 imp:n,p 1
300010 400010 -2.156 20012 -20013 20020 -20021 20030 -20031 imp:n,p 1
300011 400011 -2.156 20012 -20013 20020 -20021 20031 -20032 imp:n,p 1
300012 400012 -2.156 20012 -20013 20020 -20021 20032 -20033 imp:n,p 1
300013 400013 -2.156 20012 -20013 20020 -20021 20033 -20034 imp:n,p 1
300014 400014 -2.156 20012 -20013 20020 -20021 20034 -20035 imp:n,p 1
300015 400015 -2.156 20013 -20014 20020 -20021 20030 -20031 imp:n,p 1
300016 400016 -2.156 20013 -20014 20020 -20021 20031 -20032 imp:n,p 1
300017 400017 -2.156 20013 -20014 20020 -20021 20032 -20033 imp:n,p 1
300018 400018 -2.156 20013 -20014 20020 -20021 20033 -20034 imp:n,p 1
300019 400019 -2.156 20013 -20014 20020 -20021 20034 -20035 imp:n,p 1
300020 400020 -2.156 20014 -20015 20020 -20021 20030 -20031 imp:n,p 1
300021 400021 -2.156 20014 -20015 20020 -20021 20031 -20032 imp:n,p 1
300022 400022 -2.156 20014 -20015 20020 -20021 20032 -20033 imp:n,p 1
300023 400023 -2.156 20014 -20015 20020 -20021 20033 -20034 imp:n,p 1
300024 400024 -2.156 20014 -20015 20020 -20021 20034 -20035 imp:n,p 1
300025 400025 -2.156 20010 -20011 20021 -20022 20030 -20031 imp:n,p 1
300026 400026 -2.156 20010 -20011 20021 -20022 20031 -20032 imp:n,p 1
300027 400027 -2.156 20010 -20011 20021 -20022 20032 -20033 imp:n,p 1
300028 400028 -2.156 20010 -20011 20021 -20022 20033 -20034 imp:n,p 1
300029 400029 -2.156 20010 -20011 20021 -20022 20034 -20035 imp:n,p 1
300030 400030 -2.156 20011 -20012 20021 -20022 20030 -20031 imp:n,p 1
300031 400031 -2.156 20011 -20012 20021 -20022 20031 -20032 imp:n,p 1
300032 400032 -2.156 20011 -20012 20021 -20022 20032 -20033 imp:n,p 1
300033 400033 -2.156 20011 -20012 20021 -20022 20033 -20034 imp:n,p 1
300034 400034 -2.156 20011 -20012 20021 -20022 20034 -20035 imp:n,p 1
300035 400035 -2.156 20012 -20013 20021 -20022 20030 -20031 imp:n,p 1
300036 400036 -2.156 20012 -20013 20021 -20022 20031 -20032 imp:n,p 1
300037 400037 -2.156 20012 -20013 20021 -20022 20032 -20033 imp:n,p 1
300038 400038 -2.156 20012 -20013 20021 -20022 20033 -20034 imp:n,p 1
300039 400039 -2.156 20012 -20013 20021 -20022 20034 -20035 imp:n,p 1
300040 400040 -2.156 20013 -20014 20021 -20022 20030 -20031 imp:n,p 1
300041 400041 -2.156 20013 -20014 20021 -20022 20031 -20032 imp:n,p 1
300042 400042 -2.156 20013 -20014 20021 -20022 20032 -20033 imp:n,p 1
300043 400043 -2.156 20013 -20014 20021 -20022 20033 -20034 imp:n,p 1
300044 400044 -2.156 20013 -20014 20021 -20022 20034 -20035 imp:n,p 1
300045 400045 -2.156 20014 -20015 20021 -20022 20030 -20031 imp:n,p 1
300046 400046 -2.156 20014 -20015 20021 -20022 20031 -20032 imp:n,p 1
300047 400047 -2.156 20014 -20015 20021 -20022 20032 -20033 imp:n,p 1
300048 400048 -2.156 20014 -20015 20021 -20022 20033 -20034 imp:n,p 1
300049 400049 -2.156 20014 -20015 20021 -20022 20034 -20035 imp:n,p 1
300050 400050 -2.156 20010 -20011 20022 -20023 20030 -20031 imp:n,p 1
300051 400051 -2.156 20010 -20011 20022 -20023 20031 -20032 imp:n,p 1
300052 400052 -2.156 20010 -20011 20022 -20023 20032 -20033 imp:n,p 1
300053 400053 -2.156 20010 -20011 20022 -20023 20033 -20034 imp:n,p 1
300054 400054 -2.156 20010 -20011 20022 -20023 20034 -20035 imp:n,p 1
300055 400055 -2.156 20011 -20012 20022 -20023 20030 -20031 imp:n,p 1
300056 400056 -2.156 20011 -20012 20022 -20023 20031 -20032 imp:n,p 1
300057 400057 -2.156 20011 -20012 20022 -20023 20032 -20033 imp:n,p 1
300058 400058 -2.156 20011 -20012 20022 -20023 20033 -20034 imp:n,p 1
300059 400059 -2.156 20011 -20012 20022 -20023 20034 -20035 imp:n,p 1
300060 400060 -2.156 20012 -20013 20022 -20023 20030 -20031 imp:n,p 1
300061 400061 -2.156 20012 -20013 20022 -20023 20031 -20032 imp:n,p 1
300062 400062 -2.156 20012 -20013 20022 -20023 20032 -20033 imp:n,p 1
300063 400063 -2.156 20012 -20013 20022 -20023 20033 -20034 imp:n,p 1
300064 400064 -2.156 20012 -20013 20022 -20023 20034 -20035 imp:n,p 1
300065 400065 -2.156 20013 -20014 20022 -20023 20030 -20031 imp:n,p 1
300066 400066 -2.156 20013 -20014 20022 -20023 20031 -20032 imp:n,p 1
300067 400067 -2.156 20013 -20014 20022 -20023 20032 -20033 imp:n,p 1
300068 400068 -2.156 20013 -20014 20022 -20023 20033 -20034 imp:n,p 1
300069 400069 -2.156 20013 -20014 20022 -20023 20034 -20035 imp:n,p 1
300070 400070 -2.156 20014 -20015 20022 -20023 20030 -20031 imp:n,p 1
300071 400071 -2.156 20014 -20015 20022 -20023 20031 -20032 imp:n,p 1
300072 400072 -2.156 20014 -20015 20022 -20023 20032 -20033 imp:n,p 1
300073 400073 -2.156 20014 -20015 20022 -20023 20033 -20034 imp:n,p 1
300074 400074 -2.156 20014 -20015 20022 -20023 20034 -20035 imp:n,p 1
300075 400075 -2.156 20010 -20011 20023 -20024 20030 -20031 imp:n,p 1
300076 400076 -2.156 20010 -20011 20023 -20024 20031 -20032 imp:n,p 1
300077 400077 -2.156 20010 -20011 20023 -20024 20032 -20033 imp:n,p 1
300078 400078 -2.156 20010 -20011 20023 -20024 20033 -20034 imp:n,p 1
300079 400079 -2.156 20010 -20011 20023 -20024 20034 -20035 imp:n,p 1
300080 400080 -2.156 20011 -20012 20023 -20024 20030 -20031 imp:n,p 1
300081 400081 -2.156 20011 -20012 20023 -20024 20031 -20032 imp:n,p 1
300082 400082 -2.156 20011 -20012 20023 -20024 20032 -20033 imp:n,p 1
300083 400083 -2.156 20011 -20012 20023 -20024 20033 -20034 imp:n,p 1
300084 400084 -2.156 20011 -20012 20023 -20024 20034 -20035 imp:n,p 1
300085 400085 -2.156 20012 -20013 20023 -20024 20030 -20031 imp:n,p 1
300086 400086 -2.156 20012 -20013 20023 -20024 20031 -20032 imp:n,p 1
300087 400087 -2.156 20012 -20013 20023 -20024 20032 -20033 imp:n,p 1
300088 400088 -2.156 20012 -20013 20023 -20024 20033 -20034 imp:n,p 1
300089 400089 -2.156 20012 -20013 20023 -20024 20034 -20035 imp:n,p 1
300090 400090 -2.156 20013 -20014 20023 -20024 20030 -20031 imp:n,p 1
300091 400091 -2.156 20013 -20014 20023 -20024 20031 -20032 imp:n,p 1
300092 400092 -2.156 20013 -20014 20023 -20024 20032 -20033 imp:n,p 1
300093 400093 -2.156 20013 -20014 20023 -20024 20033 -20034 imp:n,p 1
300094 400094 -2.156 20013 -20014 20023 -20024 20034 -20035 imp:n,p 1
300095 400095 -2.156 20014 -20015 20023 -20024 20030 -20031 imp:n,p 1
300096 400096 -2.156 20014 -20015 20023 -20024 20031 -20032 imp:n,p 1
300097 400097 -2.156 20014 -20015 20023 -20024 20032 -20033 imp:n,p 1
300098 400098 -2.156 20014 -20015 20023 -20024 20033 -20034 imp:n,p 1
300099 400099 -2.156 20014 -20015 20023 -20024 20034 -20035 imp:n,p 1
300100 400100 -2.156 20010 -20011 20024 -20025 20030 -20031 imp:n,p 1
300101 400101 -2.156 20010 -20011 20024 -20025 20031 -20032 imp:n,p 1
300102 400102 -2.156 20010 -20011 20024 -20025 20032 -20033 imp:n,p 1
300103 400103 -2.156 20010 -20011 20024 -20025 20033 -20034 imp:n,p 1
300104 400104 -2.156 20010 -20011 20024 -20025 20034 -20035 imp:n,p 1
300105 400105 -2.156 20011 -20012 20024 -20025 20030 -20031 imp:n,p 1
300106 400106 -2.156 20011 -20012 20024 -20025 20031 -20032 imp:n,p 1
300107 400107 -2.156 20011 -20012 20024 -20025 20032 -20033 imp:n,p 1
300108 400108 -2.156 20011 -20012 20024 -20025 20033 -20034 imp:n,p 1
300109 400109 -2.156 20011 -20012 20024 -20025 20034 -20035 imp:n,p 1
300110 400110 -2.156 20012 -20013 20024 -20025 20030 -20031 imp:n,p 1
300111 400111 -2.156 20012 -20013 20024 -20025 20031 -20032 imp:n,p 1
300112 400112 -2.156 20012 -20013 20024 -20025 20032 -20033 imp:n,p 1
300113 400113 -2.156 20012 -20013 20024 -20025 20033 -20034 imp:n,p 1
300114 400114 -2.156 20012 -20013 20024 -20025 20034 -20035 imp:n,p 1
300115 400115 -2.156 20013 -20014 20024 -20025 20030 -20031 imp:n,p 1
300116 400116 -2.156 20013 -20014 20024 -20025 20031 -20032 imp:n,p 1
300117 400117 -2.156 20013 -20014 20024 -20025 20032 -20033 imp:n,p 1
300118 400118 -2.156 20013 -20014 20024 -20025 20033 -20034 imp:n,p 1
300119 400119 -2.156 20013 -20014 20024 -20025 20034 -20035 imp:n,p 1
300120 400120 -2.156 20014 -20015 20024 -20025 20030 -20031 imp:n,p 1
300121 400121 -2.156 20014 -20015 20024 -20025 20031 -20032 imp:n,p 1
300122 400122 -2.156 20014 -20015 20024 -20025 20032 -20033 imp:n,p 1
300123 400123 -2.156 20014 -20015 20024 -20025 20033 -20034 imp:n,p 1
300124 400124 -2.156 20014 -20015 20024 -20025 20034 -20035 imp:n,p 1
c
30 12 -0.00129 -200 #101 #121 #122 #123 #124 #125 #126 #127 #128 #129 #130 #131 #132 #133
        #21 #211 #212 #22 #221 #222 #23 #231 #232 #24 #241 #242 #20 imp:n,p 1 $Rest of the World
31 0 200 imp:n,p 0 $Outside world

c SURFACE CARDS
c
c Sample Volume
20010 px -56.0
20011 px -33.59999999999991
20012 px -11.199999999999818
20013 px 11.199999999999818
20014 px 33.59999999999991
20015 px 56.0
20020 py -45.0
20021 py -27.0
20022 py -9.0
20023 py 9.0
20024 py 27.0
20025 py 45.0
20030 pz 92.0
20031 pz 82.0
20032 pz 72.0
20033 pz 62.0
20034 pz 52.0
20035 pz 42.0
c Active Detector Region
21 rcc 56  -5.0 -1.0   0.0 20.3 0.0   4.5 $Detector 1 Base center, Hx,Hy,Hz, radius
c Shielding Surfaces
c Shielding Pb
31 rpp 19 29 -7.5 7.5 -11 9 $PbPE xmin xmax ymin ymax zmin zmax
32 rpp 9 19 4 9 -11 9 $Pb xmin xmax ymin ymax zmin zmax
33 rpp 9 19 -9 -4 -11 9 $Pb xmin xmax ymin ymax zmin zmax
34 rpp 19 29 7.5 12.5 -11 9 $Pb xmin xmax ymin ymax zmin zmax
35 rpp 19 29 -12.5 -7.5 -11 9 $Pb xmin xmax ymin ymax zmin zmax
36 rpp 29 34 -15 15 -11 9 $Pb xmin xmax ymin ymax zmin zmax
37 rpp 9 19 -4 4 4 9 $Pb xmin xmax ymin ymax zmin zmax
38 rpp -26 26 18 28 -11 9 $BA1 xmin xmax ymin ymax zmin zmax
39 rpp -26 26 -28 -18 -11 9 $BA2 xmin xmax ymin ymax zmin zmax
40 rpp -65 65 -28 28 10 10.5 $Al xmin xmax ymin ymax zmin zmax
401 rpp -27 27 29 34 -11 9 $Fe xmin xmax ymin ymax zmin zmax
402 rpp -27 27 -34 -29 -11 9 $Fe xmin xmax ymin ymax zmin zmax
301 px -20
302 px 18
303 cx 3.71
304 cx 3.81
c Wheels Surfaces
c 23/10.5-12 turf tires, 22.6 lb rubber
c diameter 29cm, tread width 25cm, and sidewall height 13.76 cm
c set thickness of all sides 1.3 cm (s.t. weight is 22.6 lb)
41 rcc -2 77 8   0.0 25 0.0 29 $wheel 1 outer tread surface
42 rcc -2 77 8   0.0 25 0.0 27.7 $wheel 1 inner tread surface
421 rcc -2 75.7 8   0.0 1.3 0.0 29 $wheel 1 outside sidewall exterior
422 rcc -2 75.7 8   0.0 1.3 0.0 15.24 $wheel 1 outside sidewall interior
423 rcc -2 102 8   0.0 1.3 0.0 29 $wheel 1 inside sidewall exterior
424 rcc -2 102 8   0.0 1.3 0.0 15.24 $wheel 1 inside sidewall interior
43 rcc 68 77 8   0.0 25 0.0 29 $wheel 2
44 rcc 68 77 8   0.0 25 0.0 27.7
441 rcc 68 75.7 8   0.0 1.3 0.0 29
442 rcc 68 75.7 8   0.0 1.3 0.0 15.24
443 rcc 68 102 8   0.0 1.3 0.0 29
444 rcc 68 102 8   0.0 1.3 0.0 15.24
45 rcc -2 -77 8   0.0 -25 0.0 29 $wheel 3
46 rcc -2 -77 8   0.0 -25 0.0 27.7
461 rcc -2 -75.7 8   0.0 -1.3 0.0 29
462 rcc -2 -75.7 8   0.0 -1.3 0.0 15.24
463 rcc -2 -102 8   0.0 -1.3 0.0 29
464 rcc -2 -102 8   0.0 -1.3 0.0 15.24
47 rcc 68 -77 8   0.0 -25 0.0 29 $wheel 4
48 rcc 68 -77 8   0.0 -25 0.0 27.7
481 rcc 68 -75.7 8   0.0 -1.3 0.0 29
482 rcc 68 -75.7 8   0.0 -1.3 0.0 15.24
483 rcc 68 -102 8   0.0 -1.3 0.0 29
484 rcc 68 -102 8   0.0 -1.3 0.0 15.24
200 so 800    $sphere of 800cm centered at origin
c

c DATA CARDS
mode n p
c dump every hr
prdmp -60 -60 -1
c 100 keV Neutron Energy Cutoff
Cut:n 1j 0.1
c analog neutron transport
phys:n 1j 14
phys:p
sdef pos=0 0 0 erg=14.0 vec= 0 0 1 dir=d1
si1  -1 .93 1
sp1   0  0.0  1.0
c ********************
c begin material cards
c ********************
c Pure Carbon
c ****************************************
m400000 6000 -0.0005207533611935953 7000 -0.0005207533611935953 14000 -0.9989584932776131 
m400001 6000 -0.0020634782414084437 7000 -0.0020634782414084437 14000 -0.9958730435171832 
m400002 6000 -0.004062475992000323 7000 -0.004062475992000323 14000 -0.9918750480159997 
m400003 6000 -0.006025249069483823 7000 -0.006025249069483823 14000 -0.9879495018610323 
m400004 6000 -0.008059077066775612 7000 -0.008059077066775612 14000 -0.9838818458664487 
m400005 6000 -0.0006552220915895886 7000 -0.0006552220915895886 14000 -0.9986895558168208 
m400006 6000 -0.0019564013274106186 7000 -0.0019564013274106186 14000 -0.9960871973451789 
m400007 6000 -0.0037831542723235317 7000 -0.0037831542723235317 14000 -0.992433691455353 
m400008 6000 -0.0059187767136906514 7000 -0.0059187767136906514 14000 -0.9881624465726183 
m400009 6000 -0.007844969579528127 7000 -0.007844969579528127 14000 -0.984310060840944 
m400010 6000 -0.00039360190057682973 7000 -0.00039360190057682973 14000 -0.9992127961988464 
m400011 6000 -0.0022159279988772196 7000 -0.0022159279988772196 14000 -0.9955681440022457 
m400012 6000 -0.0038405225205884485 7000 -0.0038405225205884485 14000 -0.9923189549588232 
m400013 6000 -0.00608609047959836 7000 -0.00608609047959836 14000 -0.9878278190408032 
m400014 6000 -0.008049468977987853 7000 -0.008049468977987853 14000 -0.9839010620440244 
m400015 6000 -0.0004919830258162376 7000 -0.0004919830258162376 14000 -0.9990160339483676 
m400016 6000 -0.002133953519196275 7000 -0.002133953519196275 14000 -0.9957320929616077 
m400017 6000 -0.0039062311856128216 7000 -0.0039062311856128216 14000 -0.9921875376287745 
m400018 6000 -0.006107299798244443 7000 -0.006107299798244443 14000 -0.9877854004035109 
m400019 6000 -0.008149072654039686 7000 -0.008149072654039686 14000 -0.9837018546919205 
m400020 6000 -0.000391850603336356 7000 -0.000391850603336356 14000 -0.9992162987933273 
m400021 6000 -0.0017986493168067497 7000 -0.0017986493168067497 14000 -0.9964027013663862 
m400022 6000 -0.004124101159031988 7000 -0.004124101159031988 14000 -0.9917517976819359 
m400023 6000 -0.005928228474421854 7000 -0.005928228474421854 14000 -0.9881435430511565 
m400024 6000 -0.00805144196309992 7000 -0.00805144196309992 14000 -0.9838971160738006 
m400025 6000 -0.00044779125001302467 7000 -0.00044779125001302467 14000 -0.9991044174999741 
m400026 6000 -0.0020831830111486473 7000 -0.0020831830111486473 14000 -0.9958336339777025 
m400027 6000 -0.003795365845079272 7000 -0.003795365845079272 14000 -0.9924092683098413 
m400028 6000 -0.006070575364706173 7000 -0.006070575364706173 14000 -0.9878588492705874 
m400029 6000 -0.007865201435157974 7000 -0.007865201435157974 14000 -0.984269597129684 
m400030 6000 -0.0007252973843090962 7000 -0.0007252973843090962 14000 -0.9985494052313816 
m400031 6000 -0.0017813969849034689 7000 -0.0017813969849034689 14000 -0.9964372060301935 
m400032 6000 -0.004167903439580792 7000 -0.004167903439580792 14000 -0.9916641931208388 
m400033 6000 -0.006061204689105915 7000 -0.006061204689105915 14000 -0.987877590621788 
m400034 6000 -0.0077634946978741145 7000 -0.0077634946978741145 14000 -0.9844730106042519 
m400035 6000 -0.0005221976306231483 7000 -0.0005221976306231483 14000 -0.9989556047387537 
m400036 6000 -0.0020840960637137484 7000 -0.0020840960637137484 14000 -0.9958318078725725 
m400037 6000 -0.003714876597083302 7000 -0.003714876597083302 14000 -0.9925702468058336 
m400038 6000 -0.006035650020640238 7000 -0.006035650020640238 14000 -0.9879286999587196 
m400039 6000 -0.00801888008056781 7000 -0.00801888008056781 14000 -0.9839622398388644 
m400040 6000 -0.0004708057339844724 7000 -0.0004708057339844724 14000 -0.9990583885320311 
m400041 6000 -0.002303577400772962 7000 -0.002303577400772962 14000 -0.995392845198454 
m400042 6000 -0.0041018712484955115 7000 -0.0041018712484955115 14000 -0.991796257503009 
m400043 6000 -0.005974646475220836 7000 -0.005974646475220836 14000 -0.9880507070495586 
m400044 6000 -0.008095960687900854 7000 -0.008095960687900854 14000 -0.9838080786241983 
m400045 6000 -0.0006030156645496 7000 -0.0006030156645496 14000 -0.998793968670901 
m400046 6000 -0.001774601167526883 7000 -0.001774601167526883 14000 -0.9964507976649462 
m400047 6000 -0.004025298347648972 7000 -0.004025298347648972 14000 -0.991949403304702 
m400048 6000 -0.005873385469737024 7000 -0.005873385469737024 14000 -0.988253229060526 
m400049 6000 -0.007881674810208041 7000 -0.007881674810208041 14000 -0.9842366503795837 
m400050 6000 -0.000676007285479264 7000 -0.000676007285479264 14000 -0.9986479854290419 
m400051 6000 -0.00211229013938773 7000 -0.00211229013938773 14000 -0.9957754197212247 
m400052 6000 -0.003706917228100555 7000 -0.003706917228100555 14000 -0.992586165543799 
m400053 6000 -0.006047079948941978 7000 -0.006047079948941978 14000 -0.987905840102116 
m400054 6000 -0.00815334842427557 7000 -0.00815334842427557 14000 -0.9836933031514491 
m400055 6000 -0.0005057757724086282 7000 -0.0005057757724086282 14000 -0.9989884484551829 
m400056 6000 -0.002072143607627733 7000 -0.002072143607627733 14000 -0.9958557127847447 
m400057 6000 -0.004032339440722077 7000 -0.004032339440722077 14000 -0.9919353211185558 
m400058 6000 -0.005829399316303332 7000 -0.005829399316303332 14000 -0.9883412013673936 
m400059 6000 -0.008018436572960828 7000 -0.008018436572960828 14000 -0.9839631268540785 
m400060 6000 -0.0005396010651985095 7000 -0.0005396010651985095 14000 -0.998920797869603 
m400061 6000 -0.0020222009606749108 7000 -0.0020222009606749108 14000 -0.99595559807865 
m400062 6000 -0.003924674317010045 7000 -0.003924674317010045 14000 -0.9921506513659801 
m400063 6000 -0.0058622934950714875 7000 -0.0058622934950714875 14000 -0.988275413009857 
m400064 6000 -0.008112427602594634 7000 -0.008112427602594634 14000 -0.9837751447948109 
m400065 6000 -0.0005151946938475248 7000 -0.0005151946938475248 14000 -0.9989696106123048 
m400066 6000 -0.001967959485736727 7000 -0.001967959485736727 14000 -0.9960640810285265 
m400067 6000 -0.004175645311257132 7000 -0.004175645311257132 14000 -0.9916487093774856 
m400068 6000 -0.006137540719264848 7000 -0.006137540719264848 14000 -0.9877249185614706 
m400069 6000 -0.0077692747829385955 7000 -0.0077692747829385955 14000 -0.984461450434123 
m400070 6000 -0.000541231766659354 7000 -0.000541231766659354 14000 -0.9989175364666814 
m400071 6000 -0.002050963934740226 7000 -0.002050963934740226 14000 -0.9958980721305193 
m400072 6000 -0.0039927865773288045 7000 -0.0039927865773288045 14000 -0.9920144268453425 
m400073 6000 -0.005688290424404204 7000 -0.005688290424404204 14000 -0.9886234191511913 
m400074 6000 -0.007985535366042525 7000 -0.007985535366042525 14000 -0.9840289292679146 
m400075 6000 -0.00044626814926098843 7000 -0.00044626814926098843 14000 -0.9991074637014782 
m400076 6000 -0.002053146078020338 7000 -0.002053146078020338 14000 -0.9958937078439593 
m400077 6000 -0.004127968176095082 7000 -0.004127968176095082 14000 -0.9917440636478096 
m400078 6000 -0.006210088287207296 7000 -0.006210088287207296 14000 -0.9875798234255856 
m400079 6000 -0.007920121469069627 7000 -0.007920121469069627 14000 -0.9841597570618608 
m400080 6000 -0.0005727002775921916 7000 -0.0005727002775921916 14000 -0.9988545994448158 
m400081 6000 -0.001864671522679189 7000 -0.001864671522679189 14000 -0.9962706569546417 
m400082 6000 -0.0038349146113412108 7000 -0.0038349146113412108 14000 -0.9923301707773178 
m400083 6000 -0.005770888894744793 7000 -0.005770888894744793 14000 -0.9884582222105105 
m400084 6000 -0.0077191801730189325 7000 -0.0077191801730189325 14000 -0.9845616396539623 
m400085 6000 -0.0006365114327947621 7000 -0.0006365114327947621 14000 -0.9987269771344106 
m400086 6000 -0.002014027152224469 7000 -0.002014027152224469 14000 -0.995971945695551 
m400087 6000 -0.004060966401489483 7000 -0.004060966401489483 14000 -0.991878067197021 
m400088 6000 -0.005840692433626323 7000 -0.005840692433626323 14000 -0.9883186151327472 
m400089 6000 -0.007905189622528813 7000 -0.007905189622528813 14000 -0.9841896207549422 
m400090 6000 -0.0004461102625164456 7000 -0.0004461102625164456 14000 -0.9991077794749671 
m400091 6000 -0.0019445995029758062 7000 -0.0019445995029758062 14000 -0.9961108009940485 
m400092 6000 -0.004120993581653728 7000 -0.004120993581653728 14000 -0.9917580128366923 
m400093 6000 -0.006110930836152729 7000 -0.006110930836152729 14000 -0.9877781383276947 
m400094 6000 -0.007982015099119992 7000 -0.007982015099119992 14000 -0.9840359698017602 
m400095 6000 -0.0005098681721851972 7000 -0.0005098681721851972 14000 -0.9989802636556294 
m400096 6000 -0.001996840512903812 7000 -0.001996840512903812 14000 -0.9960063189741923 
m400097 6000 -0.004222382255364646 7000 -0.004222382255364646 14000 -0.9915552354892705 
m400098 6000 -0.0058063174508406 7000 -0.0058063174508406 14000 -0.9883873650983189 
m400099 6000 -0.0081339157683641 7000 -0.0081339157683641 14000 -0.9837321684632715 
m400100 6000 -0.0005235022607860543 7000 -0.0005235022607860543 14000 -0.998952995478428 
m400101 6000 -0.002270263603640462 7000 -0.002270263603640462 14000 -0.995459472792719 
m400102 6000 -0.003970677648680466 7000 -0.003970677648680466 14000 -0.9920586447026389 
m400103 6000 -0.00623812036422583 7000 -0.00623812036422583 14000 -0.9875237592715486 
m400104 6000 -0.008010956846842245 7000 -0.008010956846842245 14000 -0.9839780863063153 
m400105 6000 -0.00040745728447194227 7000 -0.00040745728447194227 14000 -0.9991850854310562 
m400106 6000 -0.001975337802625208 7000 -0.001975337802625208 14000 -0.9960493243947495 
m400107 6000 -0.004082516108870739 7000 -0.004082516108870739 14000 -0.9918349677822584 
m400108 6000 -0.005742979040988024 7000 -0.005742979040988024 14000 -0.9885140419180237 
m400109 6000 -0.007896880414245348 7000 -0.007896880414245348 14000 -0.9842062391715092 
m400110 6000 -0.0003239747333048608 7000 -0.0003239747333048608 14000 -0.9993520505333904 
m400111 6000 -0.002050846221651093 7000 -0.002050846221651093 14000 -0.9958983075566983 
m400112 6000 -0.003919645466464591 7000 -0.003919645466464591 14000 -0.9921607090670709 
m400113 6000 -0.005939959119359272 7000 -0.005939959119359272 14000 -0.9881200817612813 
m400114 6000 -0.008133185361356597 7000 -0.008133185361356597 14000 -0.9837336292772865 
m400115 6000 -0.0004940274261604981 7000 -0.0004940274261604981 14000 -0.999011945147679 
m400116 6000 -0.002085656495001506 7000 -0.002085656495001506 14000 -0.9958286870099972 
m400117 6000 -0.0037704666570026963 7000 -0.0037704666570026963 14000 -0.9924590666859945 
m400118 6000 -0.005840709419538224 7000 -0.005840709419538224 14000 -0.9883185811609236 
m400119 6000 -0.007889379918051706 7000 -0.007889379918051706 14000 -0.9842212401638968 
m400120 6000 -0.00042962145814458584 7000 -0.00042962145814458584 14000 -0.9991407570837108 
m400121 6000 -0.002290149335402714 7000 -0.002290149335402714 14000 -0.9954197013291944 
m400122 6000 -0.003715019216412066 7000 -0.003715019216412066 14000 -0.9925699615671759 
m400123 6000 -0.006079896927847105 7000 -0.006079896927847105 14000 -0.9878402061443058 
m400124 6000 -0.007814825970773799 7000 -0.007814825970773799 14000 -0.9843703480584525 
c **********************************
c PE+Pb, dens=4.78 g/cm3
m2      6000    -0.04286 $Carbon
        1001    -0.00714 $Hydrogen
        82000   -0.95000 $Lead
c **********************************
m3    1001 -0.048535 $Boric acid
      5010 -0.034981
      5011 -0.139923
      8016 -0.776561
c **********************************
m4    82000 1 $Lead
c **********************************
m5 26000 1 $Iron
c **********************************
m6     13027   -1.000 $ Aluminum
c **********************************
c  SS-304 (8.00 g/cm3), #298 in PNNL Compendium
m7   006000.50c -0.0004000
     014000.60c -0.0050000
     015031.50c -0.0002300
     016000.60c -0.0001500
     024000.50c -0.1899981
     025055.60c -0.0099999
     026000.50c -0.7017229
     028000.50c -0.0924991
c ****************************************
c       LaBr detector
c ****************************************
m8       35079    -0.2946       $ Br79
         35081    -0.3069       $ Br81
         57139    -0.3485       $ La139
         58140    -0.0500       $ Ce140
c ************ air den=1.15e-3g/cc
m12     8016 -0.23
        7014 -0.77
c ************ Rubber Natural den=0.92 g/cc
m13     1001 -0.118371  $weight fraction
        6000 -0.881629
c
c end material cards
c
rand seed=8674536546524321 $different initial random #; seed# - any less 18 digits
c
c ********** begin tallies *********************
fc78 *********Broadened Pulse Height Tally Sum of Detectors 1,2 & 3 ***********
e78 0 1e-5 932i 8.4295
F78:p (101)
FT78 GEB -0.026198 0.059551 -0.037176
fc18 *********Unbroadened Pulse Height Tally Sum of Detectors 1,2 & 3 ***********
e18 0 1e-5 932i 8.4295
F18:p (101)
c ***********************************
c mplot tal 78 freq 10000
nps 1e9
