c CAS DETECTOR
c w/ Shielding in Place and Wheels
c
c CELL CARDS
c
c @@@@@@@@@@ Detectors @@@@@@@@@@@@@@@@@
c
101 8 -5.08 -21 imp:n,p 1 $LaBr Detector #1 Active Region
c
c @@@@@@@@@ Shielding @@@@@@@@@@@@@@@@@
c
121 2 -4.78 -31 imp:n,p 1 $PE_Pb
122 4 -11.29 -32 imp:n,p 1 $Pb1
123 4 -11.29 -33 imp:n,p 1 $Pb2
124 4 -11.29 -34 imp:n,p 1 $Pb3
125 4 -11.29 -35 imp:n,p 1 $Pb4
126 4 -11.29 -36 imp:n,p 1 $Pb5
127 4 -11.29 -37 imp:n,p 1 $Pb6
128 3 -1.5 -38 imp:n,p 1 $BA1
129 3 -1.5 -39 imp:n,p 1 $BA2
130 6 -2.7 -40 imp:n,p 1 $Al
131 7 -7.92 301 -302 303 -304 imp:n,p 1 $Fe-tube
132 5 -7.8 -401 imp:n,p 1 $Fe
133 5 -7.8 -402 imp:n,p 1 $Fe
c @@@@@@@@@@ Wheels @@@@@@@@@@@@@@@@@
c
21 13 -0.92 -41 42 imp:n,p 1 $Wheel 1
211 13 -0.92 -421 422 imp:n,p 1 $Wheel 1
212 13 -0.92 -423 424 imp:n,p 1 $Wheel 1
22 13 -0.92 -43 44 imp:n,p 1 $Wheel 2
221 13 -0.92 -441 442 imp:n,p 1 $Wheel 2
222 13 -0.92 -443 444 imp:n,p 1 $Wheel 2
23 13 -0.92 -45 46 imp:n,p 1 $Wheel 3
231 13 -0.92 -461 462 imp:n,p 1 $Wheel 3
232 13 -0.92 -463 464 imp:n,p 1 $Wheel 3
24 13 -0.92 -47 48 imp:n,p 1 $Wheel 4
241 13 -0.92 -481 482 imp:n,p 1 $Wheel 4
242 13 -0.92 -483 484 imp:n,p 1 $Wheel 4
c
c @@@@@@@@@@ SOIL VOLUME @@@@@@@@@@@
c
300000 400000 -2.156 20010 -20011 20020 -20021 20030 -20031 imp:n,p 1
300001 400001 -2.156 20010 -20011 20020 -20021 20031 -20032 imp:n,p 1
300002 400002 -2.156 20010 -20011 20020 -20021 20032 -20033 imp:n,p 1
300003 400003 -2.156 20010 -20011 20020 -20021 20033 -20034 imp:n,p 1
300004 400004 -2.156 20010 -20011 20020 -20021 20034 -20035 imp:n,p 1
300005 400005 -2.156 20011 -20012 20020 -20021 20030 -20031 imp:n,p 1
300006 400006 -2.156 20011 -20012 20020 -20021 20031 -20032 imp:n,p 1
300007 400007 -2.156 20011 -20012 20020 -20021 20032 -20033 imp:n,p 1
300008 400008 -2.156 20011 -20012 20020 -20021 20033 -20034 imp:n,p 1
300009 400009 -2.156 20011 -20012 20020 -20021 20034 -20035 imp:n,p 1
300010 400010 -2.156 20012 -20013 20020 -20021 20030 -20031 imp:n,p 1
300011 400011 -2.156 20012 -20013 20020 -20021 20031 -20032 imp:n,p 1
300012 400012 -2.156 20012 -20013 20020 -20021 20032 -20033 imp:n,p 1
300013 400013 -2.156 20012 -20013 20020 -20021 20033 -20034 imp:n,p 1
300014 400014 -2.156 20012 -20013 20020 -20021 20034 -20035 imp:n,p 1
300015 400015 -2.156 20013 -20014 20020 -20021 20030 -20031 imp:n,p 1
300016 400016 -2.156 20013 -20014 20020 -20021 20031 -20032 imp:n,p 1
300017 400017 -2.156 20013 -20014 20020 -20021 20032 -20033 imp:n,p 1
300018 400018 -2.156 20013 -20014 20020 -20021 20033 -20034 imp:n,p 1
300019 400019 -2.156 20013 -20014 20020 -20021 20034 -20035 imp:n,p 1
300020 400020 -2.156 20014 -20015 20020 -20021 20030 -20031 imp:n,p 1
300021 400021 -2.156 20014 -20015 20020 -20021 20031 -20032 imp:n,p 1
300022 400022 -2.156 20014 -20015 20020 -20021 20032 -20033 imp:n,p 1
300023 400023 -2.156 20014 -20015 20020 -20021 20033 -20034 imp:n,p 1
300024 400024 -2.156 20014 -20015 20020 -20021 20034 -20035 imp:n,p 1
300025 400025 -2.156 20010 -20011 20021 -20022 20030 -20031 imp:n,p 1
300026 400026 -2.156 20010 -20011 20021 -20022 20031 -20032 imp:n,p 1
300027 400027 -2.156 20010 -20011 20021 -20022 20032 -20033 imp:n,p 1
300028 400028 -2.156 20010 -20011 20021 -20022 20033 -20034 imp:n,p 1
300029 400029 -2.156 20010 -20011 20021 -20022 20034 -20035 imp:n,p 1
300030 400030 -2.156 20011 -20012 20021 -20022 20030 -20031 imp:n,p 1
300031 400031 -2.156 20011 -20012 20021 -20022 20031 -20032 imp:n,p 1
300032 400032 -2.156 20011 -20012 20021 -20022 20032 -20033 imp:n,p 1
300033 400033 -2.156 20011 -20012 20021 -20022 20033 -20034 imp:n,p 1
300034 400034 -2.156 20011 -20012 20021 -20022 20034 -20035 imp:n,p 1
300035 400035 -2.156 20012 -20013 20021 -20022 20030 -20031 imp:n,p 1
300036 400036 -2.156 20012 -20013 20021 -20022 20031 -20032 imp:n,p 1
300037 400037 -2.156 20012 -20013 20021 -20022 20032 -20033 imp:n,p 1
300038 400038 -2.156 20012 -20013 20021 -20022 20033 -20034 imp:n,p 1
300039 400039 -2.156 20012 -20013 20021 -20022 20034 -20035 imp:n,p 1
300040 400040 -2.156 20013 -20014 20021 -20022 20030 -20031 imp:n,p 1
300041 400041 -2.156 20013 -20014 20021 -20022 20031 -20032 imp:n,p 1
300042 400042 -2.156 20013 -20014 20021 -20022 20032 -20033 imp:n,p 1
300043 400043 -2.156 20013 -20014 20021 -20022 20033 -20034 imp:n,p 1
300044 400044 -2.156 20013 -20014 20021 -20022 20034 -20035 imp:n,p 1
300045 400045 -2.156 20014 -20015 20021 -20022 20030 -20031 imp:n,p 1
300046 400046 -2.156 20014 -20015 20021 -20022 20031 -20032 imp:n,p 1
300047 400047 -2.156 20014 -20015 20021 -20022 20032 -20033 imp:n,p 1
300048 400048 -2.156 20014 -20015 20021 -20022 20033 -20034 imp:n,p 1
300049 400049 -2.156 20014 -20015 20021 -20022 20034 -20035 imp:n,p 1
300050 400050 -2.156 20010 -20011 20022 -20023 20030 -20031 imp:n,p 1
300051 400051 -2.156 20010 -20011 20022 -20023 20031 -20032 imp:n,p 1
300052 400052 -2.156 20010 -20011 20022 -20023 20032 -20033 imp:n,p 1
300053 400053 -2.156 20010 -20011 20022 -20023 20033 -20034 imp:n,p 1
300054 400054 -2.156 20010 -20011 20022 -20023 20034 -20035 imp:n,p 1
300055 400055 -2.156 20011 -20012 20022 -20023 20030 -20031 imp:n,p 1
300056 400056 -2.156 20011 -20012 20022 -20023 20031 -20032 imp:n,p 1
300057 400057 -2.156 20011 -20012 20022 -20023 20032 -20033 imp:n,p 1
300058 400058 -2.156 20011 -20012 20022 -20023 20033 -20034 imp:n,p 1
300059 400059 -2.156 20011 -20012 20022 -20023 20034 -20035 imp:n,p 1
300060 400060 -2.156 20012 -20013 20022 -20023 20030 -20031 imp:n,p 1
300061 400061 -2.156 20012 -20013 20022 -20023 20031 -20032 imp:n,p 1
300062 400062 -2.156 20012 -20013 20022 -20023 20032 -20033 imp:n,p 1
300063 400063 -2.156 20012 -20013 20022 -20023 20033 -20034 imp:n,p 1
300064 400064 -2.156 20012 -20013 20022 -20023 20034 -20035 imp:n,p 1
300065 400065 -2.156 20013 -20014 20022 -20023 20030 -20031 imp:n,p 1
300066 400066 -2.156 20013 -20014 20022 -20023 20031 -20032 imp:n,p 1
300067 400067 -2.156 20013 -20014 20022 -20023 20032 -20033 imp:n,p 1
300068 400068 -2.156 20013 -20014 20022 -20023 20033 -20034 imp:n,p 1
300069 400069 -2.156 20013 -20014 20022 -20023 20034 -20035 imp:n,p 1
300070 400070 -2.156 20014 -20015 20022 -20023 20030 -20031 imp:n,p 1
300071 400071 -2.156 20014 -20015 20022 -20023 20031 -20032 imp:n,p 1
300072 400072 -2.156 20014 -20015 20022 -20023 20032 -20033 imp:n,p 1
300073 400073 -2.156 20014 -20015 20022 -20023 20033 -20034 imp:n,p 1
300074 400074 -2.156 20014 -20015 20022 -20023 20034 -20035 imp:n,p 1
300075 400075 -2.156 20010 -20011 20023 -20024 20030 -20031 imp:n,p 1
300076 400076 -2.156 20010 -20011 20023 -20024 20031 -20032 imp:n,p 1
300077 400077 -2.156 20010 -20011 20023 -20024 20032 -20033 imp:n,p 1
300078 400078 -2.156 20010 -20011 20023 -20024 20033 -20034 imp:n,p 1
300079 400079 -2.156 20010 -20011 20023 -20024 20034 -20035 imp:n,p 1
300080 400080 -2.156 20011 -20012 20023 -20024 20030 -20031 imp:n,p 1
300081 400081 -2.156 20011 -20012 20023 -20024 20031 -20032 imp:n,p 1
300082 400082 -2.156 20011 -20012 20023 -20024 20032 -20033 imp:n,p 1
300083 400083 -2.156 20011 -20012 20023 -20024 20033 -20034 imp:n,p 1
300084 400084 -2.156 20011 -20012 20023 -20024 20034 -20035 imp:n,p 1
300085 400085 -2.156 20012 -20013 20023 -20024 20030 -20031 imp:n,p 1
300086 400086 -2.156 20012 -20013 20023 -20024 20031 -20032 imp:n,p 1
300087 400087 -2.156 20012 -20013 20023 -20024 20032 -20033 imp:n,p 1
300088 400088 -2.156 20012 -20013 20023 -20024 20033 -20034 imp:n,p 1
300089 400089 -2.156 20012 -20013 20023 -20024 20034 -20035 imp:n,p 1
300090 400090 -2.156 20013 -20014 20023 -20024 20030 -20031 imp:n,p 1
300091 400091 -2.156 20013 -20014 20023 -20024 20031 -20032 imp:n,p 1
300092 400092 -2.156 20013 -20014 20023 -20024 20032 -20033 imp:n,p 1
300093 400093 -2.156 20013 -20014 20023 -20024 20033 -20034 imp:n,p 1
300094 400094 -2.156 20013 -20014 20023 -20024 20034 -20035 imp:n,p 1
300095 400095 -2.156 20014 -20015 20023 -20024 20030 -20031 imp:n,p 1
300096 400096 -2.156 20014 -20015 20023 -20024 20031 -20032 imp:n,p 1
300097 400097 -2.156 20014 -20015 20023 -20024 20032 -20033 imp:n,p 1
300098 400098 -2.156 20014 -20015 20023 -20024 20033 -20034 imp:n,p 1
300099 400099 -2.156 20014 -20015 20023 -20024 20034 -20035 imp:n,p 1
300100 400100 -2.156 20010 -20011 20024 -20025 20030 -20031 imp:n,p 1
300101 400101 -2.156 20010 -20011 20024 -20025 20031 -20032 imp:n,p 1
300102 400102 -2.156 20010 -20011 20024 -20025 20032 -20033 imp:n,p 1
300103 400103 -2.156 20010 -20011 20024 -20025 20033 -20034 imp:n,p 1
300104 400104 -2.156 20010 -20011 20024 -20025 20034 -20035 imp:n,p 1
300105 400105 -2.156 20011 -20012 20024 -20025 20030 -20031 imp:n,p 1
300106 400106 -2.156 20011 -20012 20024 -20025 20031 -20032 imp:n,p 1
300107 400107 -2.156 20011 -20012 20024 -20025 20032 -20033 imp:n,p 1
300108 400108 -2.156 20011 -20012 20024 -20025 20033 -20034 imp:n,p 1
300109 400109 -2.156 20011 -20012 20024 -20025 20034 -20035 imp:n,p 1
300110 400110 -2.156 20012 -20013 20024 -20025 20030 -20031 imp:n,p 1
300111 400111 -2.156 20012 -20013 20024 -20025 20031 -20032 imp:n,p 1
300112 400112 -2.156 20012 -20013 20024 -20025 20032 -20033 imp:n,p 1
300113 400113 -2.156 20012 -20013 20024 -20025 20033 -20034 imp:n,p 1
300114 400114 -2.156 20012 -20013 20024 -20025 20034 -20035 imp:n,p 1
300115 400115 -2.156 20013 -20014 20024 -20025 20030 -20031 imp:n,p 1
300116 400116 -2.156 20013 -20014 20024 -20025 20031 -20032 imp:n,p 1
300117 400117 -2.156 20013 -20014 20024 -20025 20032 -20033 imp:n,p 1
300118 400118 -2.156 20013 -20014 20024 -20025 20033 -20034 imp:n,p 1
300119 400119 -2.156 20013 -20014 20024 -20025 20034 -20035 imp:n,p 1
300120 400120 -2.156 20014 -20015 20024 -20025 20030 -20031 imp:n,p 1
300121 400121 -2.156 20014 -20015 20024 -20025 20031 -20032 imp:n,p 1
300122 400122 -2.156 20014 -20015 20024 -20025 20032 -20033 imp:n,p 1
300123 400123 -2.156 20014 -20015 20024 -20025 20033 -20034 imp:n,p 1
300124 400124 -2.156 20014 -20015 20024 -20025 20034 -20035 imp:n,p 1
c
30 12 -0.00129 -200 #101 #121 #122 #123 #124 #125 #126 #127 #128 #129 #130 #131 #132 #133
        #21 #211 #212 #22 #221 #222 #23 #231 #232 #24 #241 #242 #20 imp:n,p 1 $Rest of the World
31 0 200 imp:n,p 0 $Outside world

c SURFACE CARDS
c
c Sample Volume
20010 px -56.0
20011 px -33.600000000000364
20012 px -11.199999999999818
20013 px 11.199999999999818
20014 px 33.600000000000364
20015 px 56.0
20020 py -45.0
20021 py -27.0
20022 py -9.0
20023 py 9.0
20024 py 27.0
20025 py 45.0
20030 pz 92.0
20031 pz 82.0
20032 pz 72.0
20033 pz 62.0
20034 pz 52.0
20035 pz 42.0
c Active Detector Region
21 rcc 56  -5.0 -1.0   0.0 20.3 0.0   4.5 $Detector 1 Base center, Hx,Hy,Hz, radius
c Shielding Surfaces
c Shielding Pb
31 rpp 19 29 -7.5 7.5 -11 9 $PbPE xmin xmax ymin ymax zmin zmax
32 rpp 9 19 4 9 -11 9 $Pb xmin xmax ymin ymax zmin zmax
33 rpp 9 19 -9 -4 -11 9 $Pb xmin xmax ymin ymax zmin zmax
34 rpp 19 29 7.5 12.5 -11 9 $Pb xmin xmax ymin ymax zmin zmax
35 rpp 19 29 -12.5 -7.5 -11 9 $Pb xmin xmax ymin ymax zmin zmax
36 rpp 29 34 -15 15 -11 9 $Pb xmin xmax ymin ymax zmin zmax
37 rpp 9 19 -4 4 4 9 $Pb xmin xmax ymin ymax zmin zmax
38 rpp -26 26 18 28 -11 9 $BA1 xmin xmax ymin ymax zmin zmax
39 rpp -26 26 -28 -18 -11 9 $BA2 xmin xmax ymin ymax zmin zmax
40 rpp -65 65 -28 28 10 10.5 $Al xmin xmax ymin ymax zmin zmax
401 rpp -27 27 29 34 -11 9 $Fe xmin xmax ymin ymax zmin zmax
402 rpp -27 27 -34 -29 -11 9 $Fe xmin xmax ymin ymax zmin zmax
301 px -20
302 px 18
303 cx 3.71
304 cx 3.81
c Wheels Surfaces
c 23/10.5-12 turf tires, 22.6 lb rubber
c diameter 29cm, tread width 25cm, and sidewall height 13.76 cm
c set thickness of all sides 1.3 cm (s.t. weight is 22.6 lb)
41 rcc -2 77 8   0.0 25 0.0 29 $wheel 1 outer tread surface
42 rcc -2 77 8   0.0 25 0.0 27.7 $wheel 1 inner tread surface
421 rcc -2 75.7 8   0.0 1.3 0.0 29 $wheel 1 outside sidewall exterior
422 rcc -2 75.7 8   0.0 1.3 0.0 15.24 $wheel 1 outside sidewall interior
423 rcc -2 102 8   0.0 1.3 0.0 29 $wheel 1 inside sidewall exterior
424 rcc -2 102 8   0.0 1.3 0.0 15.24 $wheel 1 inside sidewall interior
43 rcc 68 77 8   0.0 25 0.0 29 $wheel 2
44 rcc 68 77 8   0.0 25 0.0 27.7
441 rcc 68 75.7 8   0.0 1.3 0.0 29
442 rcc 68 75.7 8   0.0 1.3 0.0 15.24
443 rcc 68 102 8   0.0 1.3 0.0 29
444 rcc 68 102 8   0.0 1.3 0.0 15.24
45 rcc -2 -77 8   0.0 -25 0.0 29 $wheel 3
46 rcc -2 -77 8   0.0 -25 0.0 27.7
461 rcc -2 -75.7 8   0.0 -1.3 0.0 29
462 rcc -2 -75.7 8   0.0 -1.3 0.0 15.24
463 rcc -2 -102 8   0.0 -1.3 0.0 29
464 rcc -2 -102 8   0.0 -1.3 0.0 15.24
47 rcc 68 -77 8   0.0 -25 0.0 29 $wheel 4
48 rcc 68 -77 8   0.0 -25 0.0 27.7
481 rcc 68 -75.7 8   0.0 -1.3 0.0 29
482 rcc 68 -75.7 8   0.0 -1.3 0.0 15.24
483 rcc 68 -102 8   0.0 -1.3 0.0 29
484 rcc 68 -102 8   0.0 -1.3 0.0 15.24
200 so 800    $sphere of 800cm centered at origin
c

c DATA CARDS
mode n p
c dump every hr
prdmp -60 -60 -1
c 100 keV Neutron Energy Cutoff
Cut:n 1j 0.1
c analog neutron transport
phys:n 1j 14
phys:p
sdef pos=0 0 0 erg=14.0 vec= 0 0 1 dir=d1
si1  -1 .93 1
sp1   0  0.0  1.0
c ********************
c begin material cards
c ********************
c Pure Carbon
c ****************************************
m400000 6000 -0.0004236146938385188 7000 -0.0004236146938385188 14000 -0.999152770612323 
m400001 6000 -0.002179565791539528 7000 -0.002179565791539528 14000 -0.995640868416921 
m400002 6000 -0.00376104714202135 7000 -0.00376104714202135 14000 -0.9924779057159573 
m400003 6000 -0.00593669455537422 7000 -0.00593669455537422 14000 -0.9881266108892512 
m400004 6000 -0.00812526190913226 7000 -0.00812526190913226 14000 -0.9837494761817354 
m400005 6000 -0.00040294203248889313 7000 -0.00040294203248889313 14000 -0.9991941159350222 
m400006 6000 -0.0018982691444505526 7000 -0.0018982691444505526 14000 -0.996203461711099 
m400007 6000 -0.004133632789828815 7000 -0.004133632789828815 14000 -0.9917327344203422 
m400008 6000 -0.0059601691089678395 7000 -0.0059601691089678395 14000 -0.9880796617820645 
m400009 6000 -0.007825484315273138 7000 -0.007825484315273138 14000 -0.9843490313694538 
m400010 6000 -0.0005433293047729438 7000 -0.0005433293047729438 14000 -0.998913341390454 
m400011 6000 -0.0019299994712356384 7000 -0.0019299994712356384 14000 -0.9961400010575285 
m400012 6000 -0.004119859286875946 7000 -0.004119859286875946 14000 -0.9917602814262477 
m400013 6000 -0.006291803435684456 7000 -0.006291803435684456 14000 -0.987416393128631 
m400014 6000 -0.007847718890100401 7000 -0.007847718890100401 14000 -0.9843045622197992 
m400015 6000 -0.0004972809677339363 7000 -0.0004972809677339363 14000 -0.9990054380645322 
m400016 6000 -0.0020425832910786913 7000 -0.0020425832910786913 14000 -0.9959148334178426 
m400017 6000 -0.004175994415411596 7000 -0.004175994415411596 14000 -0.9916480111691768 
m400018 6000 -0.006018028663033887 7000 -0.006018028663033887 14000 -0.9879639426739325 
m400019 6000 -0.007842805631211354 7000 -0.007842805631211354 14000 -0.9843143887375774 
m400020 6000 -0.0006215342951410305 7000 -0.0006215342951410305 14000 -0.9987569314097178 
m400021 6000 -0.002154575026913675 7000 -0.002154575026913675 14000 -0.9956908499461724 
m400022 6000 -0.00382748253508849 7000 -0.00382748253508849 14000 -0.9923450349298232 
m400023 6000 -0.006045084609979109 7000 -0.006045084609979109 14000 -0.9879098307800418 
m400024 6000 -0.00800954035969423 7000 -0.00800954035969423 14000 -0.9839809192806116 
m400025 6000 -0.0004814864537573063 7000 -0.0004814864537573063 14000 -0.9990370270924853 
m400026 6000 -0.002119267758847918 7000 -0.002119267758847918 14000 -0.9957614644823041 
m400027 6000 -0.003912596884929145 7000 -0.003912596884929145 14000 -0.9921748062301416 
m400028 6000 -0.005969149195171839 7000 -0.005969149195171839 14000 -0.9880617016096561 
m400029 6000 -0.007883840734396713 7000 -0.007883840734396713 14000 -0.9842323185312065 
m400030 6000 -0.0006845998219267227 7000 -0.0006845998219267227 14000 -0.9986308003561467 
m400031 6000 -0.0021547563880253483 7000 -0.0021547563880253483 14000 -0.9956904872239494 
m400032 6000 -0.003828835259375652 7000 -0.003828835259375652 14000 -0.9923423294812486 
m400033 6000 -0.005973163431749322 7000 -0.005973163431749322 14000 -0.9880536731365014 
m400034 6000 -0.007884027382338687 7000 -0.007884027382338687 14000 -0.9842319452353224 
m400035 6000 -0.000766989690430224 7000 -0.000766989690430224 14000 -0.9984660206191394 
m400036 6000 -0.0019708951475667616 7000 -0.0019708951475667616 14000 -0.9960582097048665 
m400037 6000 -0.003969105676353324 7000 -0.003969105676353324 14000 -0.9920617886472932 
m400038 6000 -0.006118802138065128 7000 -0.006118802138065128 14000 -0.9877623957238697 
m400039 6000 -0.008189901427913098 7000 -0.008189901427913098 14000 -0.9836201971441735 
m400040 6000 -0.000606600496917012 7000 -0.000606600496917012 14000 -0.9987867990061661 
m400041 6000 -0.00198251594751145 7000 -0.00198251594751145 14000 -0.9960349681049769 
m400042 6000 -0.0042790500845325385 7000 -0.0042790500845325385 14000 -0.9914418998309347 
m400043 6000 -0.006197412436457089 7000 -0.006197412436457089 14000 -0.9876051751270859 
m400044 6000 -0.007829216411577671 7000 -0.007829216411577671 14000 -0.9843415671768448 
m400045 6000 -0.0003694534221948379 7000 -0.0003694534221948379 14000 -0.9992610931556104 
m400046 6000 -0.0017424947778992405 7000 -0.0017424947778992405 14000 -0.9965150104442014 
m400047 6000 -0.004055162393545961 7000 -0.004055162393545961 14000 -0.991889675212908 
m400048 6000 -0.005835004958608935 7000 -0.005835004958608935 14000 -0.9883299900827821 
m400049 6000 -0.007858266355678628 7000 -0.007858266355678628 14000 -0.9842834672886428 
m400050 6000 -0.0006041546551092107 7000 -0.0006041546551092107 14000 -0.9987916906897816 
m400051 6000 -0.0021516267158037373 7000 -0.0021516267158037373 14000 -0.9956967465683927 
m400052 6000 -0.003819691116027577 7000 -0.003819691116027577 14000 -0.9923606177679446 
m400053 6000 -0.0061859504977644 7000 -0.0061859504977644 14000 -0.9876280990044709 
m400054 6000 -0.008389314908599444 7000 -0.008389314908599444 14000 -0.9832213701828009 
m400055 6000 -0.00046730631066490414 7000 -0.00046730631066490414 14000 -0.9990653873786702 
m400056 6000 -0.001915819979668454 7000 -0.001915819979668454 14000 -0.9961683600406631 
m400057 6000 -0.0037479115693732235 7000 -0.0037479115693732235 14000 -0.9925041768612534 
m400058 6000 -0.0059771445086027756 7000 -0.0059771445086027756 14000 -0.9880457109827945 
m400059 6000 -0.007870549753020891 7000 -0.007870549753020891 14000 -0.9842589004939579 
m400060 6000 -0.0005308274701360516 7000 -0.0005308274701360516 14000 -0.9989383450597279 
m400061 6000 -0.0019937303784399525 7000 -0.0019937303784399525 14000 -0.9960125392431199 
m400062 6000 -0.003954890991106721 7000 -0.003954890991106721 14000 -0.9920902180177865 
m400063 6000 -0.005993304336822772 7000 -0.005993304336822772 14000 -0.9880133913263542 
m400064 6000 -0.007968015420500022 7000 -0.007968015420500022 14000 -0.9840639691589996 
m400065 6000 -0.0003416621194343925 7000 -0.0003416621194343925 14000 -0.9993166757611313 
m400066 6000 -0.0019359118890277497 7000 -0.0019359118890277497 14000 -0.9961281762219447 
m400067 6000 -0.003944939471812723 7000 -0.003944939471812723 14000 -0.9921101210563746 
m400068 6000 -0.005967814101688808 7000 -0.005967814101688808 14000 -0.9880643717966224 
m400069 6000 -0.008056045596747143 7000 -0.008056045596747143 14000 -0.9838879088065053 
m400070 6000 -0.0004652352293946241 7000 -0.0004652352293946241 14000 -0.9990695295412106 
m400071 6000 -0.002021135901884657 7000 -0.002021135901884657 14000 -0.9959577281962306 
m400072 6000 -0.0038306580193207523 7000 -0.0038306580193207523 14000 -0.9923386839613584 
m400073 6000 -0.00583341853488066 7000 -0.00583341853488066 14000 -0.9883331629302387 
m400074 6000 -0.00803260957027663 7000 -0.00803260957027663 14000 -0.9839347808594467 
m400075 6000 -0.0005787975878698198 7000 -0.0005787975878698198 14000 -0.9988424048242603 
m400076 6000 -0.002017636868395499 7000 -0.002017636868395499 14000 -0.9959647262632093 
m400077 6000 -0.003848003106807349 7000 -0.003848003106807349 14000 -0.9923039937863853 
m400078 6000 -0.0061736149286330776 7000 -0.0061736149286330776 14000 -0.9876527701427336 
m400079 6000 -0.008022396306310901 7000 -0.008022396306310901 14000 -0.9839552073873783 
m400080 6000 -0.0005847394327334395 7000 -0.0005847394327334395 14000 -0.9988305211345332 
m400081 6000 -0.002178684323323105 7000 -0.002178684323323105 14000 -0.9956426313533535 
m400082 6000 -0.00421403062660122 7000 -0.00421403062660122 14000 -0.9915719387467976 
m400083 6000 -0.00568440599088678 7000 -0.00568440599088678 14000 -0.9886311880182265 
m400084 6000 -0.007962916002389823 7000 -0.007962916002389823 14000 -0.9840741679952203 
m400085 6000 -0.00048592057280364017 7000 -0.00048592057280364017 14000 -0.9990281588543927 
m400086 6000 -0.0019772984612457327 7000 -0.0019772984612457327 14000 -0.9960454030775086 
m400087 6000 -0.00407372049016178 7000 -0.00407372049016178 14000 -0.9918525590196761 
m400088 6000 -0.0060735803134730985 7000 -0.0060735803134730985 14000 -0.9878528393730538 
m400089 6000 -0.007722168841261166 7000 -0.007722168841261166 14000 -0.9845556623174775 
m400090 6000 -0.0004903058895233917 7000 -0.0004903058895233917 14000 -0.9990193882209533 
m400091 6000 -0.0019556250639959707 7000 -0.0019556250639959707 14000 -0.9960887498720083 
m400092 6000 -0.004199338365918605 7000 -0.004199338365918605 14000 -0.9916013232681626 
m400093 6000 -0.006092459587107105 7000 -0.006092459587107105 14000 -0.9878150808257854 
m400094 6000 -0.007558679543709488 7000 -0.007558679543709488 14000 -0.984882640912581 
m400095 6000 -0.0004996803994857396 7000 -0.0004996803994857396 14000 -0.9990006392010286 
m400096 6000 -0.0020626814409670617 7000 -0.0020626814409670617 14000 -0.9958746371180658 
m400097 6000 -0.004012773846714628 7000 -0.004012773846714628 14000 -0.9919744523065708 
m400098 6000 -0.005842986472102371 7000 -0.005842986472102371 14000 -0.9883140270557952 
m400099 6000 -0.007943753755758499 7000 -0.007943753755758499 14000 -0.984112492488483 
m400100 6000 -0.00043357936832343806 7000 -0.00043357936832343806 14000 -0.9991328412633534 
m400101 6000 -0.002055916727139724 7000 -0.002055916727139724 14000 -0.9958881665457209 
m400102 6000 -0.004191074416120436 7000 -0.004191074416120436 14000 -0.9916178511677591 
m400103 6000 -0.0060426763831691556 7000 -0.0060426763831691556 14000 -0.9879146472336616 
m400104 6000 -0.00802673146755825 7000 -0.00802673146755825 14000 -0.9839465370648837 
m400105 6000 -0.00041691153596096355 7000 -0.00041691153596096355 14000 -0.9991661769280782 
m400106 6000 -0.0018986485063978587 7000 -0.0018986485063978587 14000 -0.9962027029872044 
m400107 6000 -0.004234652908402895 7000 -0.004234652908402895 14000 -0.9915306941831943 
m400108 6000 -0.00586508195187654 7000 -0.00586508195187654 14000 -0.9882698360962467 
m400109 6000 -0.008236924529779395 7000 -0.008236924529779395 14000 -0.9835261509404409 
m400110 6000 -0.00040123527725786326 7000 -0.00040123527725786326 14000 -0.9991975294454842 
m400111 6000 -0.001826563359590741 7000 -0.001826563359590741 14000 -0.9963468732808184 
m400112 6000 -0.0040509676482987644 7000 -0.0040509676482987644 14000 -0.9918980647034026 
m400113 6000 -0.005620669623990621 7000 -0.005620669623990621 14000 -0.9887586607520188 
m400114 6000 -0.008161298081313124 7000 -0.008161298081313124 14000 -0.9836774038373739 
m400115 6000 -0.00048614712569764384 7000 -0.00048614712569764384 14000 -0.9990277057486046 
m400116 6000 -0.002090365271901574 7000 -0.002090365271901574 14000 -0.9958192694561971 
m400117 6000 -0.003942987325189743 7000 -0.003942987325189743 14000 -0.9921140253496206 
m400118 6000 -0.006094102545257893 7000 -0.006094102545257893 14000 -0.9878117949094842 
m400119 6000 -0.007984652496540935 7000 -0.007984652496540935 14000 -0.984030695006918 
m400120 6000 -0.0005660453985439985 7000 -0.0005660453985439985 14000 -0.998867909202912 
m400121 6000 -0.0021562476159438255 7000 -0.0021562476159438255 14000 -0.9956875047681126 
m400122 6000 -0.004165707662170566 7000 -0.004165707662170566 14000 -0.991668584675659 
m400123 6000 -0.005706448058192901 7000 -0.005706448058192901 14000 -0.9885871038836143 
m400124 6000 -0.00786167447813635 7000 -0.00786167447813635 14000 -0.984276651043727 
c **********************************
c PE+Pb, dens=4.78 g/cm3
m2      6000    -0.04286 $Carbon
        1001    -0.00714 $Hydrogen
        82000   -0.95000 $Lead
c **********************************
m3    1001 -0.048535 $Boric acid
      5010 -0.034981
      5011 -0.139923
      8016 -0.776561
c **********************************
m4    82000 1 $Lead
c **********************************
m5 26000 1 $Iron
c **********************************
m6     13027   -1.000 $ Aluminum
c **********************************
c  SS-304 (8.00 g/cm3), #298 in PNNL Compendium
m7   006000.50c -0.0004000
     014000.60c -0.0050000
     015031.50c -0.0002300
     016000.60c -0.0001500
     024000.50c -0.1899981
     025055.60c -0.0099999
     026000.50c -0.7017229
     028000.50c -0.0924991
c ****************************************
c       LaBr detector
c ****************************************
m8       35079    -0.2946       $ Br79
         35081    -0.3069       $ Br81
         57139    -0.3485       $ La139
         58140    -0.0500       $ Ce140
c ************ air den=1.15e-3g/cc
m12     8016 -0.23
        7014 -0.77
c ************ Rubber Natural den=0.92 g/cc
m13     1001 -0.118371  $weight fraction
        6000 -0.881629
c
c end material cards
c
rand seed=8674536546524321 $different initial random #; seed# - any less 18 digits
c
c ********** begin tallies *********************
fc78 *********Broadened Pulse Height Tally Sum of Detectors 1,2 & 3 ***********
e78 0 1e-5 932i 8.4295
F78:p (101)
FT78 GEB -0.026198 0.059551 -0.037176
fc18 *********Unbroadened Pulse Height Tally Sum of Detectors 1,2 & 3 ***********
e18 0 1e-5 932i 8.4295
F18:p (101)
c ***********************************
c mplot tal 78 freq 10000
nps 1e9
