c CAS DETECTOR
c w/ Shielding in Place and Wheels
c
c CELL CARDS
c
c @@@@@@@@@@ Detectors @@@@@@@@@@@@@@@@@
c
101 8 -5.08 -21 imp:n,p 1 $LaBr Detector #1 Active Region
c
c @@@@@@@@@ Shielding @@@@@@@@@@@@@@@@@
c
121 2 -4.78 -31 imp:n,p 1 $PE_Pb
122 4 -11.29 -32 imp:n,p 1 $Pb1
123 4 -11.29 -33 imp:n,p 1 $Pb2
124 4 -11.29 -34 imp:n,p 1 $Pb3
125 4 -11.29 -35 imp:n,p 1 $Pb4
126 4 -11.29 -36 imp:n,p 1 $Pb5
127 4 -11.29 -37 imp:n,p 1 $Pb6
128 3 -1.5 -38 imp:n,p 1 $BA1
129 3 -1.5 -39 imp:n,p 1 $BA2
130 6 -2.7 -40 imp:n,p 1 $Al
131 7 -7.92 301 -302 303 -304 imp:n,p 1 $Fe-tube
132 5 -7.8 -401 imp:n,p 1 $Fe
133 5 -7.8 -402 imp:n,p 1 $Fe
c @@@@@@@@@@ Wheels @@@@@@@@@@@@@@@@@
c
21 13 -0.92 -41 42 imp:n,p 1 $Wheel 1
211 13 -0.92 -421 422 imp:n,p 1 $Wheel 1
212 13 -0.92 -423 424 imp:n,p 1 $Wheel 1
22 13 -0.92 -43 44 imp:n,p 1 $Wheel 2
221 13 -0.92 -441 442 imp:n,p 1 $Wheel 2
222 13 -0.92 -443 444 imp:n,p 1 $Wheel 2
23 13 -0.92 -45 46 imp:n,p 1 $Wheel 3
231 13 -0.92 -461 462 imp:n,p 1 $Wheel 3
232 13 -0.92 -463 464 imp:n,p 1 $Wheel 3
24 13 -0.92 -47 48 imp:n,p 1 $Wheel 4
241 13 -0.92 -481 482 imp:n,p 1 $Wheel 4
242 13 -0.92 -483 484 imp:n,p 1 $Wheel 4
c
c @@@@@@@@@@ SOIL VOLUME @@@@@@@@@@@
c
300000 400000 -2.156 20010 -20011 20020 -20021 20030 -20031 imp:n,p 1
300001 400001 -2.156 20010 -20011 20020 -20021 20031 -20032 imp:n,p 1
300002 400002 -2.156 20010 -20011 20020 -20021 20032 -20033 imp:n,p 1
300003 400003 -2.156 20010 -20011 20020 -20021 20033 -20034 imp:n,p 1
300004 400004 -2.156 20010 -20011 20020 -20021 20034 -20035 imp:n,p 1
300005 400005 -2.156 20011 -20012 20020 -20021 20030 -20031 imp:n,p 1
300006 400006 -2.156 20011 -20012 20020 -20021 20031 -20032 imp:n,p 1
300007 400007 -2.156 20011 -20012 20020 -20021 20032 -20033 imp:n,p 1
300008 400008 -2.156 20011 -20012 20020 -20021 20033 -20034 imp:n,p 1
300009 400009 -2.156 20011 -20012 20020 -20021 20034 -20035 imp:n,p 1
300010 400010 -2.156 20012 -20013 20020 -20021 20030 -20031 imp:n,p 1
300011 400011 -2.156 20012 -20013 20020 -20021 20031 -20032 imp:n,p 1
300012 400012 -2.156 20012 -20013 20020 -20021 20032 -20033 imp:n,p 1
300013 400013 -2.156 20012 -20013 20020 -20021 20033 -20034 imp:n,p 1
300014 400014 -2.156 20012 -20013 20020 -20021 20034 -20035 imp:n,p 1
300015 400015 -2.156 20013 -20014 20020 -20021 20030 -20031 imp:n,p 1
300016 400016 -2.156 20013 -20014 20020 -20021 20031 -20032 imp:n,p 1
300017 400017 -2.156 20013 -20014 20020 -20021 20032 -20033 imp:n,p 1
300018 400018 -2.156 20013 -20014 20020 -20021 20033 -20034 imp:n,p 1
300019 400019 -2.156 20013 -20014 20020 -20021 20034 -20035 imp:n,p 1
300020 400020 -2.156 20014 -20015 20020 -20021 20030 -20031 imp:n,p 1
300021 400021 -2.156 20014 -20015 20020 -20021 20031 -20032 imp:n,p 1
300022 400022 -2.156 20014 -20015 20020 -20021 20032 -20033 imp:n,p 1
300023 400023 -2.156 20014 -20015 20020 -20021 20033 -20034 imp:n,p 1
300024 400024 -2.156 20014 -20015 20020 -20021 20034 -20035 imp:n,p 1
300025 400025 -2.156 20010 -20011 20021 -20022 20030 -20031 imp:n,p 1
300026 400026 -2.156 20010 -20011 20021 -20022 20031 -20032 imp:n,p 1
300027 400027 -2.156 20010 -20011 20021 -20022 20032 -20033 imp:n,p 1
300028 400028 -2.156 20010 -20011 20021 -20022 20033 -20034 imp:n,p 1
300029 400029 -2.156 20010 -20011 20021 -20022 20034 -20035 imp:n,p 1
300030 400030 -2.156 20011 -20012 20021 -20022 20030 -20031 imp:n,p 1
300031 400031 -2.156 20011 -20012 20021 -20022 20031 -20032 imp:n,p 1
300032 400032 -2.156 20011 -20012 20021 -20022 20032 -20033 imp:n,p 1
300033 400033 -2.156 20011 -20012 20021 -20022 20033 -20034 imp:n,p 1
300034 400034 -2.156 20011 -20012 20021 -20022 20034 -20035 imp:n,p 1
300035 400035 -2.156 20012 -20013 20021 -20022 20030 -20031 imp:n,p 1
300036 400036 -2.156 20012 -20013 20021 -20022 20031 -20032 imp:n,p 1
300037 400037 -2.156 20012 -20013 20021 -20022 20032 -20033 imp:n,p 1
300038 400038 -2.156 20012 -20013 20021 -20022 20033 -20034 imp:n,p 1
300039 400039 -2.156 20012 -20013 20021 -20022 20034 -20035 imp:n,p 1
300040 400040 -2.156 20013 -20014 20021 -20022 20030 -20031 imp:n,p 1
300041 400041 -2.156 20013 -20014 20021 -20022 20031 -20032 imp:n,p 1
300042 400042 -2.156 20013 -20014 20021 -20022 20032 -20033 imp:n,p 1
300043 400043 -2.156 20013 -20014 20021 -20022 20033 -20034 imp:n,p 1
300044 400044 -2.156 20013 -20014 20021 -20022 20034 -20035 imp:n,p 1
300045 400045 -2.156 20014 -20015 20021 -20022 20030 -20031 imp:n,p 1
300046 400046 -2.156 20014 -20015 20021 -20022 20031 -20032 imp:n,p 1
300047 400047 -2.156 20014 -20015 20021 -20022 20032 -20033 imp:n,p 1
300048 400048 -2.156 20014 -20015 20021 -20022 20033 -20034 imp:n,p 1
300049 400049 -2.156 20014 -20015 20021 -20022 20034 -20035 imp:n,p 1
300050 400050 -2.156 20010 -20011 20022 -20023 20030 -20031 imp:n,p 1
300051 400051 -2.156 20010 -20011 20022 -20023 20031 -20032 imp:n,p 1
300052 400052 -2.156 20010 -20011 20022 -20023 20032 -20033 imp:n,p 1
300053 400053 -2.156 20010 -20011 20022 -20023 20033 -20034 imp:n,p 1
300054 400054 -2.156 20010 -20011 20022 -20023 20034 -20035 imp:n,p 1
300055 400055 -2.156 20011 -20012 20022 -20023 20030 -20031 imp:n,p 1
300056 400056 -2.156 20011 -20012 20022 -20023 20031 -20032 imp:n,p 1
300057 400057 -2.156 20011 -20012 20022 -20023 20032 -20033 imp:n,p 1
300058 400058 -2.156 20011 -20012 20022 -20023 20033 -20034 imp:n,p 1
300059 400059 -2.156 20011 -20012 20022 -20023 20034 -20035 imp:n,p 1
300060 400060 -2.156 20012 -20013 20022 -20023 20030 -20031 imp:n,p 1
300061 400061 -2.156 20012 -20013 20022 -20023 20031 -20032 imp:n,p 1
300062 400062 -2.156 20012 -20013 20022 -20023 20032 -20033 imp:n,p 1
300063 400063 -2.156 20012 -20013 20022 -20023 20033 -20034 imp:n,p 1
300064 400064 -2.156 20012 -20013 20022 -20023 20034 -20035 imp:n,p 1
300065 400065 -2.156 20013 -20014 20022 -20023 20030 -20031 imp:n,p 1
300066 400066 -2.156 20013 -20014 20022 -20023 20031 -20032 imp:n,p 1
300067 400067 -2.156 20013 -20014 20022 -20023 20032 -20033 imp:n,p 1
300068 400068 -2.156 20013 -20014 20022 -20023 20033 -20034 imp:n,p 1
300069 400069 -2.156 20013 -20014 20022 -20023 20034 -20035 imp:n,p 1
300070 400070 -2.156 20014 -20015 20022 -20023 20030 -20031 imp:n,p 1
300071 400071 -2.156 20014 -20015 20022 -20023 20031 -20032 imp:n,p 1
300072 400072 -2.156 20014 -20015 20022 -20023 20032 -20033 imp:n,p 1
300073 400073 -2.156 20014 -20015 20022 -20023 20033 -20034 imp:n,p 1
300074 400074 -2.156 20014 -20015 20022 -20023 20034 -20035 imp:n,p 1
300075 400075 -2.156 20010 -20011 20023 -20024 20030 -20031 imp:n,p 1
300076 400076 -2.156 20010 -20011 20023 -20024 20031 -20032 imp:n,p 1
300077 400077 -2.156 20010 -20011 20023 -20024 20032 -20033 imp:n,p 1
300078 400078 -2.156 20010 -20011 20023 -20024 20033 -20034 imp:n,p 1
300079 400079 -2.156 20010 -20011 20023 -20024 20034 -20035 imp:n,p 1
300080 400080 -2.156 20011 -20012 20023 -20024 20030 -20031 imp:n,p 1
300081 400081 -2.156 20011 -20012 20023 -20024 20031 -20032 imp:n,p 1
300082 400082 -2.156 20011 -20012 20023 -20024 20032 -20033 imp:n,p 1
300083 400083 -2.156 20011 -20012 20023 -20024 20033 -20034 imp:n,p 1
300084 400084 -2.156 20011 -20012 20023 -20024 20034 -20035 imp:n,p 1
300085 400085 -2.156 20012 -20013 20023 -20024 20030 -20031 imp:n,p 1
300086 400086 -2.156 20012 -20013 20023 -20024 20031 -20032 imp:n,p 1
300087 400087 -2.156 20012 -20013 20023 -20024 20032 -20033 imp:n,p 1
300088 400088 -2.156 20012 -20013 20023 -20024 20033 -20034 imp:n,p 1
300089 400089 -2.156 20012 -20013 20023 -20024 20034 -20035 imp:n,p 1
300090 400090 -2.156 20013 -20014 20023 -20024 20030 -20031 imp:n,p 1
300091 400091 -2.156 20013 -20014 20023 -20024 20031 -20032 imp:n,p 1
300092 400092 -2.156 20013 -20014 20023 -20024 20032 -20033 imp:n,p 1
300093 400093 -2.156 20013 -20014 20023 -20024 20033 -20034 imp:n,p 1
300094 400094 -2.156 20013 -20014 20023 -20024 20034 -20035 imp:n,p 1
300095 400095 -2.156 20014 -20015 20023 -20024 20030 -20031 imp:n,p 1
300096 400096 -2.156 20014 -20015 20023 -20024 20031 -20032 imp:n,p 1
300097 400097 -2.156 20014 -20015 20023 -20024 20032 -20033 imp:n,p 1
300098 400098 -2.156 20014 -20015 20023 -20024 20033 -20034 imp:n,p 1
300099 400099 -2.156 20014 -20015 20023 -20024 20034 -20035 imp:n,p 1
300100 400100 -2.156 20010 -20011 20024 -20025 20030 -20031 imp:n,p 1
300101 400101 -2.156 20010 -20011 20024 -20025 20031 -20032 imp:n,p 1
300102 400102 -2.156 20010 -20011 20024 -20025 20032 -20033 imp:n,p 1
300103 400103 -2.156 20010 -20011 20024 -20025 20033 -20034 imp:n,p 1
300104 400104 -2.156 20010 -20011 20024 -20025 20034 -20035 imp:n,p 1
300105 400105 -2.156 20011 -20012 20024 -20025 20030 -20031 imp:n,p 1
300106 400106 -2.156 20011 -20012 20024 -20025 20031 -20032 imp:n,p 1
300107 400107 -2.156 20011 -20012 20024 -20025 20032 -20033 imp:n,p 1
300108 400108 -2.156 20011 -20012 20024 -20025 20033 -20034 imp:n,p 1
300109 400109 -2.156 20011 -20012 20024 -20025 20034 -20035 imp:n,p 1
300110 400110 -2.156 20012 -20013 20024 -20025 20030 -20031 imp:n,p 1
300111 400111 -2.156 20012 -20013 20024 -20025 20031 -20032 imp:n,p 1
300112 400112 -2.156 20012 -20013 20024 -20025 20032 -20033 imp:n,p 1
300113 400113 -2.156 20012 -20013 20024 -20025 20033 -20034 imp:n,p 1
300114 400114 -2.156 20012 -20013 20024 -20025 20034 -20035 imp:n,p 1
300115 400115 -2.156 20013 -20014 20024 -20025 20030 -20031 imp:n,p 1
300116 400116 -2.156 20013 -20014 20024 -20025 20031 -20032 imp:n,p 1
300117 400117 -2.156 20013 -20014 20024 -20025 20032 -20033 imp:n,p 1
300118 400118 -2.156 20013 -20014 20024 -20025 20033 -20034 imp:n,p 1
300119 400119 -2.156 20013 -20014 20024 -20025 20034 -20035 imp:n,p 1
300120 400120 -2.156 20014 -20015 20024 -20025 20030 -20031 imp:n,p 1
300121 400121 -2.156 20014 -20015 20024 -20025 20031 -20032 imp:n,p 1
300122 400122 -2.156 20014 -20015 20024 -20025 20032 -20033 imp:n,p 1
300123 400123 -2.156 20014 -20015 20024 -20025 20033 -20034 imp:n,p 1
300124 400124 -2.156 20014 -20015 20024 -20025 20034 -20035 imp:n,p 1
c
30 12 -0.00129 -200 #101 #121 #122 #123 #124 #125 #126 #127 #128 #129 #130 #131 #132 #133
        #21 #211 #212 #22 #221 #222 #23 #231 #232 #24 #241 #242 #20 imp:n,p 1 $Rest of the World
31 0 200 imp:n,p 0 $Outside world

c SURFACE CARDS
c
c Sample Volume
20010 px -56.0
20011 px -33.59999999999991
20012 px -11.199999999999818
20013 px 11.199999999999818
20014 px 33.59999999999991
20015 px 56.0
20020 py -45.0
20021 py -27.0
20022 py -9.0
20023 py 9.0
20024 py 27.0
20025 py 45.0
20030 pz 92.0
20031 pz 82.0
20032 pz 72.0
20033 pz 62.0
20034 pz 52.0
20035 pz 42.0
c Active Detector Region
21 rcc 56  -5.0 -1.0   0.0 20.3 0.0   4.5 $Detector 1 Base center, Hx,Hy,Hz, radius
c Shielding Surfaces
c Shielding Pb
31 rpp 19 29 -7.5 7.5 -11 9 $PbPE xmin xmax ymin ymax zmin zmax
32 rpp 9 19 4 9 -11 9 $Pb xmin xmax ymin ymax zmin zmax
33 rpp 9 19 -9 -4 -11 9 $Pb xmin xmax ymin ymax zmin zmax
34 rpp 19 29 7.5 12.5 -11 9 $Pb xmin xmax ymin ymax zmin zmax
35 rpp 19 29 -12.5 -7.5 -11 9 $Pb xmin xmax ymin ymax zmin zmax
36 rpp 29 34 -15 15 -11 9 $Pb xmin xmax ymin ymax zmin zmax
37 rpp 9 19 -4 4 4 9 $Pb xmin xmax ymin ymax zmin zmax
38 rpp -26 26 18 28 -11 9 $BA1 xmin xmax ymin ymax zmin zmax
39 rpp -26 26 -28 -18 -11 9 $BA2 xmin xmax ymin ymax zmin zmax
40 rpp -65 65 -28 28 10 10.5 $Al xmin xmax ymin ymax zmin zmax
401 rpp -27 27 29 34 -11 9 $Fe xmin xmax ymin ymax zmin zmax
402 rpp -27 27 -34 -29 -11 9 $Fe xmin xmax ymin ymax zmin zmax
301 px -20
302 px 18
303 cx 3.71
304 cx 3.81
c Wheels Surfaces
c 23/10.5-12 turf tires, 22.6 lb rubber
c diameter 29cm, tread width 25cm, and sidewall height 13.76 cm
c set thickness of all sides 1.3 cm (s.t. weight is 22.6 lb)
41 rcc -2 77 8   0.0 25 0.0 29 $wheel 1 outer tread surface
42 rcc -2 77 8   0.0 25 0.0 27.7 $wheel 1 inner tread surface
421 rcc -2 75.7 8   0.0 1.3 0.0 29 $wheel 1 outside sidewall exterior
422 rcc -2 75.7 8   0.0 1.3 0.0 15.24 $wheel 1 outside sidewall interior
423 rcc -2 102 8   0.0 1.3 0.0 29 $wheel 1 inside sidewall exterior
424 rcc -2 102 8   0.0 1.3 0.0 15.24 $wheel 1 inside sidewall interior
43 rcc 68 77 8   0.0 25 0.0 29 $wheel 2
44 rcc 68 77 8   0.0 25 0.0 27.7
441 rcc 68 75.7 8   0.0 1.3 0.0 29
442 rcc 68 75.7 8   0.0 1.3 0.0 15.24
443 rcc 68 102 8   0.0 1.3 0.0 29
444 rcc 68 102 8   0.0 1.3 0.0 15.24
45 rcc -2 -77 8   0.0 -25 0.0 29 $wheel 3
46 rcc -2 -77 8   0.0 -25 0.0 27.7
461 rcc -2 -75.7 8   0.0 -1.3 0.0 29
462 rcc -2 -75.7 8   0.0 -1.3 0.0 15.24
463 rcc -2 -102 8   0.0 -1.3 0.0 29
464 rcc -2 -102 8   0.0 -1.3 0.0 15.24
47 rcc 68 -77 8   0.0 -25 0.0 29 $wheel 4
48 rcc 68 -77 8   0.0 -25 0.0 27.7
481 rcc 68 -75.7 8   0.0 -1.3 0.0 29
482 rcc 68 -75.7 8   0.0 -1.3 0.0 15.24
483 rcc 68 -102 8   0.0 -1.3 0.0 29
484 rcc 68 -102 8   0.0 -1.3 0.0 15.24
200 so 800    $sphere of 800cm centered at origin
c

c DATA CARDS
mode n p
c dump every hr
prdmp -60 -60 -1
c 100 keV Neutron Energy Cutoff
Cut:n 1j 0.1
c analog neutron transport
phys:n 1j 14
phys:p
sdef pos=0 0 0 erg=14.0 vec= 0 0 1 dir=d1
si1  -1 .93 1
sp1   0  0.0  1.0
c ********************
c begin material cards
c ********************
c Pure Carbon
c ****************************************
m400000 6000 -0.0006130544200124819 7000 -0.0006130544200124819 14000 -0.9987738911599747 
m400001 6000 -0.001937295755467304 7000 -0.001937295755467304 14000 -0.9961254084890652 
m400002 6000 -0.003914649434990114 7000 -0.003914649434990114 14000 -0.9921707011300199 
m400003 6000 -0.005993848838182782 7000 -0.005993848838182782 14000 -0.9880123023236344 
m400004 6000 -0.007741638004822642 7000 -0.007741638004822642 14000 -0.9845167239903551 
m400005 6000 -0.0005177466861725752 7000 -0.0005177466861725752 14000 -0.9989645066276548 
m400006 6000 -0.0021960985727193204 7000 -0.0021960985727193204 14000 -0.9956078028545613 
m400007 6000 -0.004130243527237161 7000 -0.004130243527237161 14000 -0.9917395129455255 
m400008 6000 -0.0057956418481521265 7000 -0.0057956418481521265 14000 -0.9884087163036958 
m400009 6000 -0.007985245247235397 7000 -0.007985245247235397 14000 -0.9840295095055294 
m400010 6000 -0.00044278257815885306 7000 -0.00044278257815885306 14000 -0.9991144348436822 
m400011 6000 -0.00202012730145634 7000 -0.00202012730145634 14000 -0.9959597453970875 
m400012 6000 -0.004218052226922503 7000 -0.004218052226922503 14000 -0.9915638955461552 
m400013 6000 -0.005882512127224404 7000 -0.005882512127224404 14000 -0.9882349757455511 
m400014 6000 -0.008239568704238306 7000 -0.008239568704238306 14000 -0.9835208625915235 
m400015 6000 -0.0005482253047668534 7000 -0.0005482253047668534 14000 -0.9989035493904662 
m400016 6000 -0.0020570673141484517 7000 -0.0020570673141484517 14000 -0.995885865371703 
m400017 6000 -0.003711422114221361 7000 -0.003711422114221361 14000 -0.9925771557715573 
m400018 6000 -0.005647956821794511 7000 -0.005647956821794511 14000 -0.9887040863564113 
m400019 6000 -0.008085414423318277 7000 -0.008085414423318277 14000 -0.9838291711533634 
m400020 6000 -0.0005516139392266689 7000 -0.0005516139392266689 14000 -0.9988967721215468 
m400021 6000 -0.0019641295673416648 7000 -0.0019641295673416648 14000 -0.9960717408653167 
m400022 6000 -0.004179042119841163 7000 -0.004179042119841163 14000 -0.9916419157603177 
m400023 6000 -0.006088635015420127 7000 -0.006088635015420127 14000 -0.9878227299691595 
m400024 6000 -0.008018527288674006 7000 -0.008018527288674006 14000 -0.983962945422652 
m400025 6000 -0.0005239470986029732 7000 -0.0005239470986029732 14000 -0.9989521058027943 
m400026 6000 -0.002237807601288746 7000 -0.002237807601288746 14000 -0.9955243847974223 
m400027 6000 -0.0041927637654690115 7000 -0.0041927637654690115 14000 -0.9916144724690621 
m400028 6000 -0.00598505476710254 7000 -0.00598505476710254 14000 -0.9880298904657948 
m400029 6000 -0.00782748607806846 7000 -0.00782748607806846 14000 -0.9843450278438632 
m400030 6000 -0.0004902860804022929 7000 -0.0004902860804022929 14000 -0.9990194278391953 
m400031 6000 -0.0021201016038238777 7000 -0.0021201016038238777 14000 -0.9957597967923523 
m400032 6000 -0.0035118859964010213 7000 -0.0035118859964010213 14000 -0.9929762280071978 
m400033 6000 -0.006046169645802424 7000 -0.006046169645802424 14000 -0.987907660708395 
m400034 6000 -0.008054317763033725 7000 -0.008054317763033725 14000 -0.9838913644739327 
m400035 6000 -0.00046243803089706796 7000 -0.00046243803089706796 14000 -0.9990751239382056 
m400036 6000 -0.0018507629619326726 7000 -0.0018507629619326726 14000 -0.9962984740761347 
m400037 6000 -0.0037151535606666166 7000 -0.0037151535606666166 14000 -0.9925696928786673 
m400038 6000 -0.006032478861375661 7000 -0.006032478861375661 14000 -0.9879350422772482 
m400039 6000 -0.00812799878968039 7000 -0.00812799878968039 14000 -0.9837440024206394 
m400040 6000 -0.0006057586454553692 7000 -0.0006057586454553692 14000 -0.9987884827090894 
m400041 6000 -0.0020491156019183765 7000 -0.0020491156019183765 14000 -0.9959017687961631 
m400042 6000 -0.0036997326341380566 7000 -0.0036997326341380566 14000 -0.9926005347317237 
m400043 6000 -0.005984818420571161 7000 -0.005984818420571161 14000 -0.9880303631588572 
m400044 6000 -0.007923555749085903 7000 -0.007923555749085903 14000 -0.9841528885018284 
m400045 6000 -0.00038999864350445406 7000 -0.00038999864350445406 14000 -0.9992200027129908 
m400046 6000 -0.0017248069714156536 7000 -0.0017248069714156536 14000 -0.9965503860571684 
m400047 6000 -0.004123849995028938 7000 -0.004123849995028938 14000 -0.9917523000099421 
m400048 6000 -0.006078037869663483 7000 -0.006078037869663483 14000 -0.987843924260673 
m400049 6000 -0.00782455147348117 7000 -0.00782455147348117 14000 -0.9843508970530378 
m400050 6000 -0.0004024324492085584 7000 -0.0004024324492085584 14000 -0.9991951351015829 
m400051 6000 -0.002084523185234364 7000 -0.002084523185234364 14000 -0.9958309536295313 
m400052 6000 -0.004010052201452598 7000 -0.004010052201452598 14000 -0.9919798955970949 
m400053 6000 -0.005946276254631785 7000 -0.005946276254631785 14000 -0.9881074474907365 
m400054 6000 -0.00793741216110862 7000 -0.00793741216110862 14000 -0.9841251756777828 
m400055 6000 -0.0004155990159315612 7000 -0.0004155990159315612 14000 -0.9991688019681371 
m400056 6000 -0.002043891788092101 7000 -0.002043891788092101 14000 -0.9959122164238157 
m400057 6000 -0.003821880893664521 7000 -0.003821880893664521 14000 -0.9923562382126709 
m400058 6000 -0.00612635130046906 7000 -0.00612635130046906 14000 -0.987747297399062 
m400059 6000 -0.008043541409949659 7000 -0.008043541409949659 14000 -0.9839129171801008 
m400060 6000 -0.0005353614828133425 7000 -0.0005353614828133425 14000 -0.9989292770343735 
m400061 6000 -0.0020337636503652222 7000 -0.0020337636503652222 14000 -0.9959324726992694 
m400062 6000 -0.00437592852370273 7000 -0.00437592852370273 14000 -0.9912481429525947 
m400063 6000 -0.005996233994405628 7000 -0.005996233994405628 14000 -0.9880075320111885 
m400064 6000 -0.0077457156236112054 7000 -0.0077457156236112054 14000 -0.9845085687527777 
m400065 6000 -0.0004338694812108662 7000 -0.0004338694812108662 14000 -0.9991322610375782 
m400066 6000 -0.0020030023393516117 7000 -0.0020030023393516117 14000 -0.9959939953212971 
m400067 6000 -0.004073280408172644 7000 -0.004073280408172644 14000 -0.9918534391836548 
m400068 6000 -0.00604512645397939 7000 -0.00604512645397939 14000 -0.9879097470920413 
m400069 6000 -0.007911576320688387 7000 -0.007911576320688387 14000 -0.9841768473586231 
m400070 6000 -0.0005077858069435262 7000 -0.0005077858069435262 14000 -0.9989844283861129 
m400071 6000 -0.0018610147728441466 7000 -0.0018610147728441466 14000 -0.9962779704543115 
m400072 6000 -0.004265521432926036 7000 -0.004265521432926036 14000 -0.9914689571341482 
m400073 6000 -0.005728211170906845 7000 -0.005728211170906845 14000 -0.9885435776581865 
m400074 6000 -0.007909754547666358 7000 -0.007909754547666358 14000 -0.9841804909046672 
m400075 6000 -0.00035525837680160923 7000 -0.00035525837680160923 14000 -0.9992894832463967 
m400076 6000 -0.001979729071698207 7000 -0.001979729071698207 14000 -0.9960405418566037 
m400077 6000 -0.003921436483116788 7000 -0.003921436483116788 14000 -0.9921571270337664 
m400078 6000 -0.006005531713872374 7000 -0.006005531713872374 14000 -0.9879889365722551 
m400079 6000 -0.007984264918163888 7000 -0.007984264918163888 14000 -0.9840314701636728 
m400080 6000 -0.000629106040072431 7000 -0.000629106040072431 14000 -0.998741787919855 
m400081 6000 -0.00202422706696267 7000 -0.00202422706696267 14000 -0.9959515458660746 
m400082 6000 -0.003854232213125253 7000 -0.003854232213125253 14000 -0.9922915355737497 
m400083 6000 -0.006141475644247901 7000 -0.006141475644247901 14000 -0.9877170487115042 
m400084 6000 -0.007798734409292823 7000 -0.007798734409292823 14000 -0.9844025311814144 
m400085 6000 -0.000463297324018751 7000 -0.000463297324018751 14000 -0.9990734053519623 
m400086 6000 -0.001733938211569986 7000 -0.001733938211569986 14000 -0.99653212357686 
m400087 6000 -0.003960658504551412 7000 -0.003960658504551412 14000 -0.9920786829908971 
m400088 6000 -0.006021574722398463 7000 -0.006021574722398463 14000 -0.9879568505552031 
m400089 6000 -0.007979782350293006 7000 -0.007979782350293006 14000 -0.9840404352994139 
m400090 6000 -0.0004867149870185234 7000 -0.0004867149870185234 14000 -0.9990265700259628 
m400091 6000 -0.0021295743806379604 7000 -0.0021295743806379604 14000 -0.9957408512387239 
m400092 6000 -0.004089246534866928 7000 -0.004089246534866928 14000 -0.9918215069302663 
m400093 6000 -0.005880353960258695 7000 -0.005880353960258695 14000 -0.9882392920794824 
m400094 6000 -0.007863667277594678 7000 -0.007863667277594678 14000 -0.9842726654448108 
m400095 6000 -0.0004407543602423524 7000 -0.0004407543602423524 14000 -0.9991184912795152 
m400096 6000 -0.0018927317027487428 7000 -0.0018927317027487428 14000 -0.9962145365945024 
m400097 6000 -0.004007833398626173 7000 -0.004007833398626173 14000 -0.9919843332027473 
m400098 6000 -0.005567246240517053 7000 -0.005567246240517053 14000 -0.9888655075189656 
m400099 6000 -0.008029149113580363 7000 -0.008029149113580363 14000 -0.983941701772839 
m400100 6000 -0.0006144425620897023 7000 -0.0006144425620897023 14000 -0.9987711148758204 
m400101 6000 -0.0023443383881774837 7000 -0.0023443383881774837 14000 -0.9953113232236448 
m400102 6000 -0.003755521098855476 7000 -0.003755521098855476 14000 -0.9924889578022891 
m400103 6000 -0.006080172244303331 7000 -0.006080172244303331 14000 -0.9878396555113934 
m400104 6000 -0.007849245242318262 7000 -0.007849245242318262 14000 -0.9843015095153631 
m400105 6000 -0.0006364389535885196 7000 -0.0006364389535885196 14000 -0.9987271220928227 
m400106 6000 -0.0018316502466008537 7000 -0.0018316502466008537 14000 -0.9963366995067983 
m400107 6000 -0.0037615181995966918 7000 -0.0037615181995966918 14000 -0.9924769636008063 
m400108 6000 -0.005949486591327918 7000 -0.005949486591327918 14000 -0.9881010268173442 
m400109 6000 -0.008194182357954945 7000 -0.008194182357954945 14000 -0.9836116352840902 
m400110 6000 -0.0004837287192678924 7000 -0.0004837287192678924 14000 -0.9990325425614642 
m400111 6000 -0.002045036161541918 7000 -0.002045036161541918 14000 -0.9959099276769162 
m400112 6000 -0.00415598821768864 7000 -0.00415598821768864 14000 -0.9916880235646229 
m400113 6000 -0.00581609607621254 7000 -0.00581609607621254 14000 -0.9883678078475748 
m400114 6000 -0.008041844167150926 7000 -0.008041844167150926 14000 -0.9839163116656979 
m400115 6000 -0.000535414625547188 7000 -0.000535414625547188 14000 -0.9989291707489057 
m400116 6000 -0.002056898007461935 7000 -0.002056898007461935 14000 -0.9958862039850764 
m400117 6000 -0.004169244224366286 7000 -0.004169244224366286 14000 -0.9916615115512678 
m400118 6000 -0.005913327874665281 7000 -0.005913327874665281 14000 -0.9881733442506692 
m400119 6000 -0.008086593708672702 7000 -0.008086593708672702 14000 -0.9838268125826549 
m400120 6000 -0.0006034198170987773 7000 -0.0006034198170987773 14000 -0.9987931603658022 
m400121 6000 -0.001958908474177108 7000 -0.001958908474177108 14000 -0.996082183051646 
m400122 6000 -0.00393851494216367 7000 -0.00393851494216367 14000 -0.9921229701156723 
m400123 6000 -0.00562415989424953 7000 -0.00562415989424953 14000 -0.9887516802115008 
m400124 6000 -0.007933278302809238 7000 -0.007933278302809238 14000 -0.9841334433943817 
c **********************************
c PE+Pb, dens=4.78 g/cm3
m2      6000    -0.04286 $Carbon
        1001    -0.00714 $Hydrogen
        82000   -0.95000 $Lead
c **********************************
m3    1001 -0.048535 $Boric acid
      5010 -0.034981
      5011 -0.139923
      8016 -0.776561
c **********************************
m4    82000 1 $Lead
c **********************************
m5 26000 1 $Iron
c **********************************
m6     13027   -1.000 $ Aluminum
c **********************************
c  SS-304 (8.00 g/cm3), #298 in PNNL Compendium
m7   006000.50c -0.0004000
     014000.60c -0.0050000
     015031.50c -0.0002300
     016000.60c -0.0001500
     024000.50c -0.1899981
     025055.60c -0.0099999
     026000.50c -0.7017229
     028000.50c -0.0924991
c ****************************************
c       LaBr detector
c ****************************************
m8       35079    -0.2946       $ Br79
         35081    -0.3069       $ Br81
         57139    -0.3485       $ La139
         58140    -0.0500       $ Ce140
c ************ air den=1.15e-3g/cc
m12     8016 -0.23
        7014 -0.77
c ************ Rubber Natural den=0.92 g/cc
m13     1001 -0.118371  $weight fraction
        6000 -0.881629
c
c end material cards
c
rand seed=8674536546524321 $different initial random #; seed# - any less 18 digits
c
c ********** begin tallies *********************
fc78 *********Broadened Pulse Height Tally Sum of Detectors 1,2 & 3 ***********
e78 0 1e-5 932i 8.4295
F78:p (101)
FT78 GEB -0.026198 0.059551 -0.037176
fc18 *********Unbroadened Pulse Height Tally Sum of Detectors 1,2 & 3 ***********
e18 0 1e-5 932i 8.4295
F18:p (101)
c ***********************************
c mplot tal 78 freq 10000
nps 1e9
