c CAS DETECTOR
c w/ Shielding in Place and Wheels
c
c CELL CARDS
c
c @@@@@@@@@@ Detectors @@@@@@@@@@@@@@@@@
c
101 8 -5.08 -21 imp:n,p 1 $LaBr Detector #1 Active Region
c
c @@@@@@@@@ Shielding @@@@@@@@@@@@@@@@@
c
121 2 -4.78 -31 imp:n,p 1 $PE_Pb
122 4 -11.29 -32 imp:n,p 1 $Pb1
123 4 -11.29 -33 imp:n,p 1 $Pb2
124 4 -11.29 -34 imp:n,p 1 $Pb3
125 4 -11.29 -35 imp:n,p 1 $Pb4
126 4 -11.29 -36 imp:n,p 1 $Pb5
127 4 -11.29 -37 imp:n,p 1 $Pb6
128 3 -1.5 -38 imp:n,p 1 $BA1
129 3 -1.5 -39 imp:n,p 1 $BA2
130 6 -2.7 -40 imp:n,p 1 $Al
131 7 -7.92 301 -302 303 -304 imp:n,p 1 $Fe-tube
132 5 -7.8 -401 imp:n,p 1 $Fe
133 5 -7.8 -402 imp:n,p 1 $Fe
c @@@@@@@@@@ Wheels @@@@@@@@@@@@@@@@@
c
21 13 -0.92 -41 42 imp:n,p 1 $Wheel 1
211 13 -0.92 -421 422 imp:n,p 1 $Wheel 1
212 13 -0.92 -423 424 imp:n,p 1 $Wheel 1
22 13 -0.92 -43 44 imp:n,p 1 $Wheel 2
221 13 -0.92 -441 442 imp:n,p 1 $Wheel 2
222 13 -0.92 -443 444 imp:n,p 1 $Wheel 2
23 13 -0.92 -45 46 imp:n,p 1 $Wheel 3
231 13 -0.92 -461 462 imp:n,p 1 $Wheel 3
232 13 -0.92 -463 464 imp:n,p 1 $Wheel 3
24 13 -0.92 -47 48 imp:n,p 1 $Wheel 4
241 13 -0.92 -481 482 imp:n,p 1 $Wheel 4
242 13 -0.92 -483 484 imp:n,p 1 $Wheel 4
c
c @@@@@@@@@@ SOIL VOLUME @@@@@@@@@@@
c
300000 400000 -2.156 20010 -20011 20020 -20021 20030 -20031 imp:n,p 1
300001 400001 -2.156 20010 -20011 20020 -20021 20031 -20032 imp:n,p 1
300002 400002 -2.156 20010 -20011 20020 -20021 20032 -20033 imp:n,p 1
300003 400003 -2.156 20010 -20011 20020 -20021 20033 -20034 imp:n,p 1
300004 400004 -2.156 20010 -20011 20020 -20021 20034 -20035 imp:n,p 1
300005 400005 -2.156 20011 -20012 20020 -20021 20030 -20031 imp:n,p 1
300006 400006 -2.156 20011 -20012 20020 -20021 20031 -20032 imp:n,p 1
300007 400007 -2.156 20011 -20012 20020 -20021 20032 -20033 imp:n,p 1
300008 400008 -2.156 20011 -20012 20020 -20021 20033 -20034 imp:n,p 1
300009 400009 -2.156 20011 -20012 20020 -20021 20034 -20035 imp:n,p 1
300010 400010 -2.156 20012 -20013 20020 -20021 20030 -20031 imp:n,p 1
300011 400011 -2.156 20012 -20013 20020 -20021 20031 -20032 imp:n,p 1
300012 400012 -2.156 20012 -20013 20020 -20021 20032 -20033 imp:n,p 1
300013 400013 -2.156 20012 -20013 20020 -20021 20033 -20034 imp:n,p 1
300014 400014 -2.156 20012 -20013 20020 -20021 20034 -20035 imp:n,p 1
300015 400015 -2.156 20013 -20014 20020 -20021 20030 -20031 imp:n,p 1
300016 400016 -2.156 20013 -20014 20020 -20021 20031 -20032 imp:n,p 1
300017 400017 -2.156 20013 -20014 20020 -20021 20032 -20033 imp:n,p 1
300018 400018 -2.156 20013 -20014 20020 -20021 20033 -20034 imp:n,p 1
300019 400019 -2.156 20013 -20014 20020 -20021 20034 -20035 imp:n,p 1
300020 400020 -2.156 20014 -20015 20020 -20021 20030 -20031 imp:n,p 1
300021 400021 -2.156 20014 -20015 20020 -20021 20031 -20032 imp:n,p 1
300022 400022 -2.156 20014 -20015 20020 -20021 20032 -20033 imp:n,p 1
300023 400023 -2.156 20014 -20015 20020 -20021 20033 -20034 imp:n,p 1
300024 400024 -2.156 20014 -20015 20020 -20021 20034 -20035 imp:n,p 1
300025 400025 -2.156 20010 -20011 20021 -20022 20030 -20031 imp:n,p 1
300026 400026 -2.156 20010 -20011 20021 -20022 20031 -20032 imp:n,p 1
300027 400027 -2.156 20010 -20011 20021 -20022 20032 -20033 imp:n,p 1
300028 400028 -2.156 20010 -20011 20021 -20022 20033 -20034 imp:n,p 1
300029 400029 -2.156 20010 -20011 20021 -20022 20034 -20035 imp:n,p 1
300030 400030 -2.156 20011 -20012 20021 -20022 20030 -20031 imp:n,p 1
300031 400031 -2.156 20011 -20012 20021 -20022 20031 -20032 imp:n,p 1
300032 400032 -2.156 20011 -20012 20021 -20022 20032 -20033 imp:n,p 1
300033 400033 -2.156 20011 -20012 20021 -20022 20033 -20034 imp:n,p 1
300034 400034 -2.156 20011 -20012 20021 -20022 20034 -20035 imp:n,p 1
300035 400035 -2.156 20012 -20013 20021 -20022 20030 -20031 imp:n,p 1
300036 400036 -2.156 20012 -20013 20021 -20022 20031 -20032 imp:n,p 1
300037 400037 -2.156 20012 -20013 20021 -20022 20032 -20033 imp:n,p 1
300038 400038 -2.156 20012 -20013 20021 -20022 20033 -20034 imp:n,p 1
300039 400039 -2.156 20012 -20013 20021 -20022 20034 -20035 imp:n,p 1
300040 400040 -2.156 20013 -20014 20021 -20022 20030 -20031 imp:n,p 1
300041 400041 -2.156 20013 -20014 20021 -20022 20031 -20032 imp:n,p 1
300042 400042 -2.156 20013 -20014 20021 -20022 20032 -20033 imp:n,p 1
300043 400043 -2.156 20013 -20014 20021 -20022 20033 -20034 imp:n,p 1
300044 400044 -2.156 20013 -20014 20021 -20022 20034 -20035 imp:n,p 1
300045 400045 -2.156 20014 -20015 20021 -20022 20030 -20031 imp:n,p 1
300046 400046 -2.156 20014 -20015 20021 -20022 20031 -20032 imp:n,p 1
300047 400047 -2.156 20014 -20015 20021 -20022 20032 -20033 imp:n,p 1
300048 400048 -2.156 20014 -20015 20021 -20022 20033 -20034 imp:n,p 1
300049 400049 -2.156 20014 -20015 20021 -20022 20034 -20035 imp:n,p 1
300050 400050 -2.156 20010 -20011 20022 -20023 20030 -20031 imp:n,p 1
300051 400051 -2.156 20010 -20011 20022 -20023 20031 -20032 imp:n,p 1
300052 400052 -2.156 20010 -20011 20022 -20023 20032 -20033 imp:n,p 1
300053 400053 -2.156 20010 -20011 20022 -20023 20033 -20034 imp:n,p 1
300054 400054 -2.156 20010 -20011 20022 -20023 20034 -20035 imp:n,p 1
300055 400055 -2.156 20011 -20012 20022 -20023 20030 -20031 imp:n,p 1
300056 400056 -2.156 20011 -20012 20022 -20023 20031 -20032 imp:n,p 1
300057 400057 -2.156 20011 -20012 20022 -20023 20032 -20033 imp:n,p 1
300058 400058 -2.156 20011 -20012 20022 -20023 20033 -20034 imp:n,p 1
300059 400059 -2.156 20011 -20012 20022 -20023 20034 -20035 imp:n,p 1
300060 400060 -2.156 20012 -20013 20022 -20023 20030 -20031 imp:n,p 1
300061 400061 -2.156 20012 -20013 20022 -20023 20031 -20032 imp:n,p 1
300062 400062 -2.156 20012 -20013 20022 -20023 20032 -20033 imp:n,p 1
300063 400063 -2.156 20012 -20013 20022 -20023 20033 -20034 imp:n,p 1
300064 400064 -2.156 20012 -20013 20022 -20023 20034 -20035 imp:n,p 1
300065 400065 -2.156 20013 -20014 20022 -20023 20030 -20031 imp:n,p 1
300066 400066 -2.156 20013 -20014 20022 -20023 20031 -20032 imp:n,p 1
300067 400067 -2.156 20013 -20014 20022 -20023 20032 -20033 imp:n,p 1
300068 400068 -2.156 20013 -20014 20022 -20023 20033 -20034 imp:n,p 1
300069 400069 -2.156 20013 -20014 20022 -20023 20034 -20035 imp:n,p 1
300070 400070 -2.156 20014 -20015 20022 -20023 20030 -20031 imp:n,p 1
300071 400071 -2.156 20014 -20015 20022 -20023 20031 -20032 imp:n,p 1
300072 400072 -2.156 20014 -20015 20022 -20023 20032 -20033 imp:n,p 1
300073 400073 -2.156 20014 -20015 20022 -20023 20033 -20034 imp:n,p 1
300074 400074 -2.156 20014 -20015 20022 -20023 20034 -20035 imp:n,p 1
300075 400075 -2.156 20010 -20011 20023 -20024 20030 -20031 imp:n,p 1
300076 400076 -2.156 20010 -20011 20023 -20024 20031 -20032 imp:n,p 1
300077 400077 -2.156 20010 -20011 20023 -20024 20032 -20033 imp:n,p 1
300078 400078 -2.156 20010 -20011 20023 -20024 20033 -20034 imp:n,p 1
300079 400079 -2.156 20010 -20011 20023 -20024 20034 -20035 imp:n,p 1
300080 400080 -2.156 20011 -20012 20023 -20024 20030 -20031 imp:n,p 1
300081 400081 -2.156 20011 -20012 20023 -20024 20031 -20032 imp:n,p 1
300082 400082 -2.156 20011 -20012 20023 -20024 20032 -20033 imp:n,p 1
300083 400083 -2.156 20011 -20012 20023 -20024 20033 -20034 imp:n,p 1
300084 400084 -2.156 20011 -20012 20023 -20024 20034 -20035 imp:n,p 1
300085 400085 -2.156 20012 -20013 20023 -20024 20030 -20031 imp:n,p 1
300086 400086 -2.156 20012 -20013 20023 -20024 20031 -20032 imp:n,p 1
300087 400087 -2.156 20012 -20013 20023 -20024 20032 -20033 imp:n,p 1
300088 400088 -2.156 20012 -20013 20023 -20024 20033 -20034 imp:n,p 1
300089 400089 -2.156 20012 -20013 20023 -20024 20034 -20035 imp:n,p 1
300090 400090 -2.156 20013 -20014 20023 -20024 20030 -20031 imp:n,p 1
300091 400091 -2.156 20013 -20014 20023 -20024 20031 -20032 imp:n,p 1
300092 400092 -2.156 20013 -20014 20023 -20024 20032 -20033 imp:n,p 1
300093 400093 -2.156 20013 -20014 20023 -20024 20033 -20034 imp:n,p 1
300094 400094 -2.156 20013 -20014 20023 -20024 20034 -20035 imp:n,p 1
300095 400095 -2.156 20014 -20015 20023 -20024 20030 -20031 imp:n,p 1
300096 400096 -2.156 20014 -20015 20023 -20024 20031 -20032 imp:n,p 1
300097 400097 -2.156 20014 -20015 20023 -20024 20032 -20033 imp:n,p 1
300098 400098 -2.156 20014 -20015 20023 -20024 20033 -20034 imp:n,p 1
300099 400099 -2.156 20014 -20015 20023 -20024 20034 -20035 imp:n,p 1
300100 400100 -2.156 20010 -20011 20024 -20025 20030 -20031 imp:n,p 1
300101 400101 -2.156 20010 -20011 20024 -20025 20031 -20032 imp:n,p 1
300102 400102 -2.156 20010 -20011 20024 -20025 20032 -20033 imp:n,p 1
300103 400103 -2.156 20010 -20011 20024 -20025 20033 -20034 imp:n,p 1
300104 400104 -2.156 20010 -20011 20024 -20025 20034 -20035 imp:n,p 1
300105 400105 -2.156 20011 -20012 20024 -20025 20030 -20031 imp:n,p 1
300106 400106 -2.156 20011 -20012 20024 -20025 20031 -20032 imp:n,p 1
300107 400107 -2.156 20011 -20012 20024 -20025 20032 -20033 imp:n,p 1
300108 400108 -2.156 20011 -20012 20024 -20025 20033 -20034 imp:n,p 1
300109 400109 -2.156 20011 -20012 20024 -20025 20034 -20035 imp:n,p 1
300110 400110 -2.156 20012 -20013 20024 -20025 20030 -20031 imp:n,p 1
300111 400111 -2.156 20012 -20013 20024 -20025 20031 -20032 imp:n,p 1
300112 400112 -2.156 20012 -20013 20024 -20025 20032 -20033 imp:n,p 1
300113 400113 -2.156 20012 -20013 20024 -20025 20033 -20034 imp:n,p 1
300114 400114 -2.156 20012 -20013 20024 -20025 20034 -20035 imp:n,p 1
300115 400115 -2.156 20013 -20014 20024 -20025 20030 -20031 imp:n,p 1
300116 400116 -2.156 20013 -20014 20024 -20025 20031 -20032 imp:n,p 1
300117 400117 -2.156 20013 -20014 20024 -20025 20032 -20033 imp:n,p 1
300118 400118 -2.156 20013 -20014 20024 -20025 20033 -20034 imp:n,p 1
300119 400119 -2.156 20013 -20014 20024 -20025 20034 -20035 imp:n,p 1
300120 400120 -2.156 20014 -20015 20024 -20025 20030 -20031 imp:n,p 1
300121 400121 -2.156 20014 -20015 20024 -20025 20031 -20032 imp:n,p 1
300122 400122 -2.156 20014 -20015 20024 -20025 20032 -20033 imp:n,p 1
300123 400123 -2.156 20014 -20015 20024 -20025 20033 -20034 imp:n,p 1
300124 400124 -2.156 20014 -20015 20024 -20025 20034 -20035 imp:n,p 1
c
30 12 -0.00129 -200 #101 #121 #122 #123 #124 #125 #126 #127 #128 #129 #130 #131 #132 #133
        #21 #211 #212 #22 #221 #222 #23 #231 #232 #24 #241 #242 #20 imp:n,p 1 $Rest of the World
31 0 200 imp:n,p 0 $Outside world

c SURFACE CARDS
c
c Sample Volume
20010 px -56.0
20011 px -33.60000000000002
20012 px -11.200000000000045
20013 px 11.200000000000045
20014 px 33.60000000000002
20015 px 56.0
20020 py -45.0
20021 py -27.0
20022 py -9.0
20023 py 9.0
20024 py 27.0
20025 py 45.0
20030 pz 92.0
20031 pz 82.0
20032 pz 72.0
20033 pz 62.0
20034 pz 52.0
20035 pz 42.0
c Active Detector Region
21 rcc 56  -5.0 -1.0   0.0 20.3 0.0   4.5 $Detector 1 Base center, Hx,Hy,Hz, radius
c Shielding Surfaces
c Shielding Pb
31 rpp 19 29 -7.5 7.5 -11 9 $PbPE xmin xmax ymin ymax zmin zmax
32 rpp 9 19 4 9 -11 9 $Pb xmin xmax ymin ymax zmin zmax
33 rpp 9 19 -9 -4 -11 9 $Pb xmin xmax ymin ymax zmin zmax
34 rpp 19 29 7.5 12.5 -11 9 $Pb xmin xmax ymin ymax zmin zmax
35 rpp 19 29 -12.5 -7.5 -11 9 $Pb xmin xmax ymin ymax zmin zmax
36 rpp 29 34 -15 15 -11 9 $Pb xmin xmax ymin ymax zmin zmax
37 rpp 9 19 -4 4 4 9 $Pb xmin xmax ymin ymax zmin zmax
38 rpp -26 26 18 28 -11 9 $BA1 xmin xmax ymin ymax zmin zmax
39 rpp -26 26 -28 -18 -11 9 $BA2 xmin xmax ymin ymax zmin zmax
40 rpp -65 65 -28 28 10 10.5 $Al xmin xmax ymin ymax zmin zmax
401 rpp -27 27 29 34 -11 9 $Fe xmin xmax ymin ymax zmin zmax
402 rpp -27 27 -34 -29 -11 9 $Fe xmin xmax ymin ymax zmin zmax
301 px -20
302 px 18
303 cx 3.71
304 cx 3.81
c Wheels Surfaces
c 23/10.5-12 turf tires, 22.6 lb rubber
c diameter 29cm, tread width 25cm, and sidewall height 13.76 cm
c set thickness of all sides 1.3 cm (s.t. weight is 22.6 lb)
41 rcc -2 77 8   0.0 25 0.0 29 $wheel 1 outer tread surface
42 rcc -2 77 8   0.0 25 0.0 27.7 $wheel 1 inner tread surface
421 rcc -2 75.7 8   0.0 1.3 0.0 29 $wheel 1 outside sidewall exterior
422 rcc -2 75.7 8   0.0 1.3 0.0 15.24 $wheel 1 outside sidewall interior
423 rcc -2 102 8   0.0 1.3 0.0 29 $wheel 1 inside sidewall exterior
424 rcc -2 102 8   0.0 1.3 0.0 15.24 $wheel 1 inside sidewall interior
43 rcc 68 77 8   0.0 25 0.0 29 $wheel 2
44 rcc 68 77 8   0.0 25 0.0 27.7
441 rcc 68 75.7 8   0.0 1.3 0.0 29
442 rcc 68 75.7 8   0.0 1.3 0.0 15.24
443 rcc 68 102 8   0.0 1.3 0.0 29
444 rcc 68 102 8   0.0 1.3 0.0 15.24
45 rcc -2 -77 8   0.0 -25 0.0 29 $wheel 3
46 rcc -2 -77 8   0.0 -25 0.0 27.7
461 rcc -2 -75.7 8   0.0 -1.3 0.0 29
462 rcc -2 -75.7 8   0.0 -1.3 0.0 15.24
463 rcc -2 -102 8   0.0 -1.3 0.0 29
464 rcc -2 -102 8   0.0 -1.3 0.0 15.24
47 rcc 68 -77 8   0.0 -25 0.0 29 $wheel 4
48 rcc 68 -77 8   0.0 -25 0.0 27.7
481 rcc 68 -75.7 8   0.0 -1.3 0.0 29
482 rcc 68 -75.7 8   0.0 -1.3 0.0 15.24
483 rcc 68 -102 8   0.0 -1.3 0.0 29
484 rcc 68 -102 8   0.0 -1.3 0.0 15.24
200 so 800    $sphere of 800cm centered at origin
c

c DATA CARDS
mode n p
c dump every hr
prdmp -60 -60 -1
c 100 keV Neutron Energy Cutoff
Cut:n 1j 0.1
c analog neutron transport
phys:n 1j 14
phys:p
sdef pos=0 0 0 erg=14.0 vec= 0 0 1 dir=d1
si1  -1 .93 1
sp1   0  0.0  1.0
c ********************
c begin material cards
c ********************
c Pure Carbon
c ****************************************
m400000 6000 -0.0007551452115894872 7000 -0.0007551452115894872 14000 -0.998489709576821 
m400001 6000 -0.002219905397973283 7000 -0.002219905397973283 14000 -0.9955601892040532 
m400002 6000 -0.0037713600518193085 7000 -0.0037713600518193085 14000 -0.9924572798963613 
m400003 6000 -0.006205438099551548 7000 -0.006205438099551548 14000 -0.9875891238008968 
m400004 6000 -0.007803216462501972 7000 -0.007803216462501972 14000 -0.984393567074996 
m400005 6000 -0.0003832628333859808 7000 -0.0003832628333859808 14000 -0.9992334743332281 
m400006 6000 -0.001983565082218877 7000 -0.001983565082218877 14000 -0.9960328698355625 
m400007 6000 -0.004316852947539397 7000 -0.004316852947539397 14000 -0.9913662941049214 
m400008 6000 -0.006163698071866231 7000 -0.006163698071866231 14000 -0.9876726038562679 
m400009 6000 -0.008126465762098986 7000 -0.008126465762098986 14000 -0.983747068475802 
m400010 6000 -0.0004613073354220943 7000 -0.0004613073354220943 14000 -0.9990773853291557 
m400011 6000 -0.0018448121162819577 7000 -0.0018448121162819577 14000 -0.9963103757674358 
m400012 6000 -0.004062077041639645 7000 -0.004062077041639645 14000 -0.9918758459167206 
m400013 6000 -0.005936885214178048 7000 -0.005936885214178048 14000 -0.988126229571644 
m400014 6000 -0.008022226854638622 7000 -0.008022226854638622 14000 -0.9839555462907231 
m400015 6000 -0.0005108499335545604 7000 -0.0005108499335545604 14000 -0.9989783001328909 
m400016 6000 -0.0021285452486278058 7000 -0.0021285452486278058 14000 -0.9957429095027444 
m400017 6000 -0.003893224857364473 7000 -0.003893224857364473 14000 -0.9922135502852713 
m400018 6000 -0.00622898087611505 7000 -0.00622898087611505 14000 -0.9875420382477698 
m400019 6000 -0.008023612817259164 7000 -0.008023612817259164 14000 -0.9839527743654811 
m400020 6000 -0.00035361195947280355 7000 -0.00035361195947280355 14000 -0.9992927760810545 
m400021 6000 -0.002023061295930806 7000 -0.002023061295930806 14000 -0.9959538774081385 
m400022 6000 -0.003827010449479513 7000 -0.003827010449479513 14000 -0.9923459791010412 
m400023 6000 -0.006119425982887986 7000 -0.006119425982887986 14000 -0.9877611480342244 
m400024 6000 -0.007914628250028817 7000 -0.007914628250028817 14000 -0.9841707434999424 
m400025 6000 -0.00046776461883795307 7000 -0.00046776461883795307 14000 -0.9990644707623241 
m400026 6000 -0.00206579911251225 7000 -0.00206579911251225 14000 -0.9958684017749755 
m400027 6000 -0.004065165494154404 7000 -0.004065165494154404 14000 -0.9918696690116913 
m400028 6000 -0.006079235606347425 7000 -0.006079235606347425 14000 -0.9878415287873054 
m400029 6000 -0.00764394904974345 7000 -0.00764394904974345 14000 -0.984712101900513 
m400030 6000 -0.00038367375303385165 7000 -0.00038367375303385165 14000 -0.9992326524939322 
m400031 6000 -0.0020293126029858155 7000 -0.0020293126029858155 14000 -0.9959413747940279 
m400032 6000 -0.0038043647215871795 7000 -0.0038043647215871795 14000 -0.9923912705568257 
m400033 6000 -0.005859594644742636 7000 -0.005859594644742636 14000 -0.988280810710515 
m400034 6000 -0.00795055829101282 7000 -0.00795055829101282 14000 -0.9840988834179747 
m400035 6000 -0.0004872142224407568 7000 -0.0004872142224407568 14000 -0.9990255715551188 
m400036 6000 -0.0021547859159315574 7000 -0.0021547859159315574 14000 -0.9956904281681368 
m400037 6000 -0.0037401046135775414 7000 -0.0037401046135775414 14000 -0.992519790772845 
m400038 6000 -0.006159141432097554 7000 -0.006159141432097554 14000 -0.9876817171358049 
m400039 6000 -0.008041433803036539 7000 -0.008041433803036539 14000 -0.9839171323939269 
m400040 6000 -0.0008149635727934326 7000 -0.0008149635727934326 14000 -0.9983700728544131 
m400041 6000 -0.0016920306381560902 7000 -0.0016920306381560902 14000 -0.9966159387236879 
m400042 6000 -0.004274534913649874 7000 -0.004274534913649874 14000 -0.9914509301727005 
m400043 6000 -0.005772086416059041 7000 -0.005772086416059041 14000 -0.9884558271678822 
m400044 6000 -0.008017915008887861 7000 -0.008017915008887861 14000 -0.983964169982224 
m400045 6000 -0.0004518242422697122 7000 -0.0004518242422697122 14000 -0.9990963515154607 
m400046 6000 -0.0019262069159643417 7000 -0.0019262069159643417 14000 -0.9961475861680714 
m400047 6000 -0.004058180893503987 7000 -0.004058180893503987 14000 -0.9918836382129919 
m400048 6000 -0.00611083354862061 7000 -0.00611083354862061 14000 -0.9877783329027586 
m400049 6000 -0.008081872066658655 7000 -0.008081872066658655 14000 -0.9838362558666829 
m400050 6000 -0.0005414736330656277 7000 -0.0005414736330656277 14000 -0.9989170527338688 
m400051 6000 -0.0017736317016030828 7000 -0.0017736317016030828 14000 -0.9964527365967938 
m400052 6000 -0.004135316430462166 7000 -0.004135316430462166 14000 -0.9917293671390756 
m400053 6000 -0.006237308103471521 7000 -0.006237308103471521 14000 -0.9875253837930572 
m400054 6000 -0.007777779765826977 7000 -0.007777779765826977 14000 -0.9844444404683463 
m400055 6000 -0.00039446891923037924 7000 -0.00039446891923037924 14000 -0.9992110621615393 
m400056 6000 -0.0018435815137002468 7000 -0.0018435815137002468 14000 -0.9963128369725992 
m400057 6000 -0.00427585242056164 7000 -0.00427585242056164 14000 -0.9914482951588766 
m400058 6000 -0.006067094111833649 7000 -0.006067094111833649 14000 -0.9878658117763328 
m400059 6000 -0.008000320049838187 7000 -0.008000320049838187 14000 -0.9839993599003239 
m400060 6000 -0.0005031940547984221 7000 -0.0005031940547984221 14000 -0.9989936118904033 
m400061 6000 -0.0019955966043723804 7000 -0.0019955966043723804 14000 -0.9960088067912551 
m400062 6000 -0.004194130451113569 7000 -0.004194130451113569 14000 -0.9916117390977733 
m400063 6000 -0.005880809775313409 7000 -0.005880809775313409 14000 -0.9882383804493732 
m400064 6000 -0.007937036526750225 7000 -0.007937036526750225 14000 -0.9841259269464997 
m400065 6000 -0.0004062670255669573 7000 -0.0004062670255669573 14000 -0.9991874659488663 
m400066 6000 -0.0021526039721147987 7000 -0.0021526039721147987 14000 -0.9956947920557704 
m400067 6000 -0.003879000015045112 7000 -0.003879000015045112 14000 -0.9922419999699098 
m400068 6000 -0.006031968030753271 7000 -0.006031968030753271 14000 -0.9879360639384935 
m400069 6000 -0.008289164877319228 7000 -0.008289164877319228 14000 -0.9834216702453615 
m400070 6000 -0.00047756180227948974 7000 -0.00047756180227948974 14000 -0.9990448763954408 
m400071 6000 -0.0021714755459864674 7000 -0.0021714755459864674 14000 -0.9956570489080266 
m400072 6000 -0.004144802461917122 7000 -0.004144802461917122 14000 -0.9917103950761655 
m400073 6000 -0.006037775738636241 7000 -0.006037775738636241 14000 -0.9879244485227275 
m400074 6000 -0.00792958241101456 7000 -0.00792958241101456 14000 -0.9841408351779708 
m400075 6000 -0.0005177499423465293 7000 -0.0005177499423465293 14000 -0.998964500115307 
m400076 6000 -0.0018907891011904776 7000 -0.0018907891011904776 14000 -0.9962184217976191 
m400077 6000 -0.0038793940702092113 7000 -0.0038793940702092113 14000 -0.9922412118595816 
m400078 6000 -0.006122293596391421 7000 -0.006122293596391421 14000 -0.9877554128072171 
m400079 6000 -0.00796700593543698 7000 -0.00796700593543698 14000 -0.984065988129126 
m400080 6000 -0.0005198727608664778 7000 -0.0005198727608664778 14000 -0.9989602544782674 
m400081 6000 -0.0019286159608086298 7000 -0.0019286159608086298 14000 -0.9961427680783828 
m400082 6000 -0.004000217982621983 7000 -0.004000217982621983 14000 -0.991999564034756 
m400083 6000 -0.0059198677300273195 7000 -0.0059198677300273195 14000 -0.9881602645399452 
m400084 6000 -0.0077806567449559445 7000 -0.0077806567449559445 14000 -0.9844386865100881 
m400085 6000 -0.0005484206521550984 7000 -0.0005484206521550984 14000 -0.9989031586956898 
m400086 6000 -0.0020642435360123147 7000 -0.0020642435360123147 14000 -0.9958715129279754 
m400087 6000 -0.003901066412331668 7000 -0.003901066412331668 14000 -0.9921978671753371 
m400088 6000 -0.006286158838413176 7000 -0.006286158838413176 14000 -0.9874276823231738 
m400089 6000 -0.008028570039237286 7000 -0.008028570039237286 14000 -0.9839428599215253 
m400090 6000 -0.0006256714699080765 7000 -0.0006256714699080765 14000 -0.998748657060184 
m400091 6000 -0.0021020062675410397 7000 -0.0021020062675410397 14000 -0.9957959874649183 
m400092 6000 -0.00394001982864031 7000 -0.00394001982864031 14000 -0.9921199603427197 
m400093 6000 -0.0058793856721951 7000 -0.0058793856721951 14000 -0.9882412286556097 
m400094 6000 -0.008176370315473051 7000 -0.008176370315473051 14000 -0.9836472593690538 
m400095 6000 -0.0003769112868821087 7000 -0.0003769112868821087 14000 -0.9992461774262358 
m400096 6000 -0.0021596204018214937 7000 -0.0021596204018214937 14000 -0.9956807591963571 
m400097 6000 -0.004063280897542698 7000 -0.004063280897542698 14000 -0.9918734382049145 
m400098 6000 -0.005928518236158965 7000 -0.005928518236158965 14000 -0.9881429635276823 
m400099 6000 -0.00804960364765624 7000 -0.00804960364765624 14000 -0.9839007927046876 
m400100 6000 -0.0003876144616711078 7000 -0.0003876144616711078 14000 -0.9992247710766577 
m400101 6000 -0.0018601000614454602 7000 -0.0018601000614454602 14000 -0.9962797998771091 
m400102 6000 -0.0041125619903410226 7000 -0.0041125619903410226 14000 -0.9917748760193179 
m400103 6000 -0.006088459402818147 7000 -0.006088459402818147 14000 -0.9878230811943634 
m400104 6000 -0.008313622521828944 7000 -0.008313622521828944 14000 -0.9833727549563421 
m400105 6000 -0.00038043556774131515 7000 -0.00038043556774131515 14000 -0.9992391288645173 
m400106 6000 -0.002139427976567552 7000 -0.002139427976567552 14000 -0.9957211440468653 
m400107 6000 -0.004044072707859746 7000 -0.004044072707859746 14000 -0.9919118545842807 
m400108 6000 -0.005920177214863216 7000 -0.005920177214863216 14000 -0.9881596455702735 
m400109 6000 -0.007785407650341584 7000 -0.007785407650341584 14000 -0.9844291846993163 
m400110 6000 -0.000605550760176713 7000 -0.000605550760176713 14000 -0.9987888984796465 
m400111 6000 -0.0021846427247211916 7000 -0.0021846427247211916 14000 -0.9956307145505573 
m400112 6000 -0.0037404397350160735 7000 -0.0037404397350160735 14000 -0.9925191205299676 
m400113 6000 -0.006150713992550754 7000 -0.006150713992550754 14000 -0.9876985720148985 
m400114 6000 -0.008162061985560094 7000 -0.008162061985560094 14000 -0.9836758760288796 
m400115 6000 -0.0006622133417240726 7000 -0.0006622133417240726 14000 -0.9986755733165521 
m400116 6000 -0.0019955294701841458 7000 -0.0019955294701841458 14000 -0.9960089410596313 
m400117 6000 -0.004428417624546177 7000 -0.004428417624546177 14000 -0.9911431647509077 
m400118 6000 -0.0060073597765200725 7000 -0.0060073597765200725 14000 -0.98798528044696 
m400119 6000 -0.007650438337138014 7000 -0.007650438337138014 14000 -0.9846991233257242 
m400120 6000 -0.0005699247568751215 7000 -0.0005699247568751215 14000 -0.9988601504862499 
m400121 6000 -0.0019741605782507303 7000 -0.0019741605782507303 14000 -0.9960516788434985 
m400122 6000 -0.0037146709081147993 7000 -0.0037146709081147993 14000 -0.9925706581837708 
m400123 6000 -0.0058891573329087924 7000 -0.0058891573329087924 14000 -0.9882216853341823 
m400124 6000 -0.007876961229944803 7000 -0.007876961229944803 14000 -0.9842460775401105 
c **********************************
c PE+Pb, dens=4.78 g/cm3
m2      6000    -0.04286 $Carbon
        1001    -0.00714 $Hydrogen
        82000   -0.95000 $Lead
c **********************************
m3    1001 -0.048535 $Boric acid
      5010 -0.034981
      5011 -0.139923
      8016 -0.776561
c **********************************
m4    82000 1 $Lead
c **********************************
m5 26000 1 $Iron
c **********************************
m6     13027   -1.000 $ Aluminum
c **********************************
c  SS-304 (8.00 g/cm3), #298 in PNNL Compendium
m7   006000.50c -0.0004000
     014000.60c -0.0050000
     015031.50c -0.0002300
     016000.60c -0.0001500
     024000.50c -0.1899981
     025055.60c -0.0099999
     026000.50c -0.7017229
     028000.50c -0.0924991
c ****************************************
c       LaBr detector
c ****************************************
m8       35079    -0.2946       $ Br79
         35081    -0.3069       $ Br81
         57139    -0.3485       $ La139
         58140    -0.0500       $ Ce140
c ************ air den=1.15e-3g/cc
m12     8016 -0.23
        7014 -0.77
c ************ Rubber Natural den=0.92 g/cc
m13     1001 -0.118371  $weight fraction
        6000 -0.881629
c
c end material cards
c
rand seed=8674536546524321 $different initial random #; seed# - any less 18 digits
c
c ********** begin tallies *********************
fc78 *********Broadened Pulse Height Tally Sum of Detectors 1,2 & 3 ***********
e78 0 1e-5 932i 8.4295
F78:p (101)
FT78 GEB -0.026198 0.059551 -0.037176
fc18 *********Unbroadened Pulse Height Tally Sum of Detectors 1,2 & 3 ***********
e18 0 1e-5 932i 8.4295
F18:p (101)
c ***********************************
c mplot tal 78 freq 10000
nps 1e9
