c CAS DETECTOR
c w/ Shielding in Place and Wheels
c
c CELL CARDS
c
c @@@@@@@@@@ Detectors @@@@@@@@@@@@@@@@@
c
101 8 -5.08 -21 imp:n,p 1 $LaBr Detector #1 Active Region
c
c @@@@@@@@@ Shielding @@@@@@@@@@@@@@@@@
c
121 2 -4.78 -31 imp:n,p 1 $PE_Pb
122 4 -11.29 -32 imp:n,p 1 $Pb1
123 4 -11.29 -33 imp:n,p 1 $Pb2
124 4 -11.29 -34 imp:n,p 1 $Pb3
125 4 -11.29 -35 imp:n,p 1 $Pb4
126 4 -11.29 -36 imp:n,p 1 $Pb5
127 4 -11.29 -37 imp:n,p 1 $Pb6
128 3 -1.5 -38 imp:n,p 1 $BA1
129 3 -1.5 -39 imp:n,p 1 $BA2
130 6 -2.7 -40 imp:n,p 1 $Al
131 7 -7.92 301 -302 303 -304 imp:n,p 1 $Fe-tube
132 5 -7.8 -401 imp:n,p 1 $Fe
133 5 -7.8 -402 imp:n,p 1 $Fe
c @@@@@@@@@@ Wheels @@@@@@@@@@@@@@@@@
c
21 13 -0.92 -41 42 imp:n,p 1 $Wheel 1
211 13 -0.92 -421 422 imp:n,p 1 $Wheel 1
212 13 -0.92 -423 424 imp:n,p 1 $Wheel 1
22 13 -0.92 -43 44 imp:n,p 1 $Wheel 2
221 13 -0.92 -441 442 imp:n,p 1 $Wheel 2
222 13 -0.92 -443 444 imp:n,p 1 $Wheel 2
23 13 -0.92 -45 46 imp:n,p 1 $Wheel 3
231 13 -0.92 -461 462 imp:n,p 1 $Wheel 3
232 13 -0.92 -463 464 imp:n,p 1 $Wheel 3
24 13 -0.92 -47 48 imp:n,p 1 $Wheel 4
241 13 -0.92 -481 482 imp:n,p 1 $Wheel 4
242 13 -0.92 -483 484 imp:n,p 1 $Wheel 4
c
c @@@@@@@@@@ SOIL VOLUME @@@@@@@@@@@
c
300000 400000 -2.156 20010 -20011 20020 -20021 20030 -20031 imp:n,p 1
300001 400001 -2.156 20010 -20011 20020 -20021 20031 -20032 imp:n,p 1
300002 400002 -2.156 20010 -20011 20020 -20021 20032 -20033 imp:n,p 1
300003 400003 -2.156 20010 -20011 20020 -20021 20033 -20034 imp:n,p 1
300004 400004 -2.156 20010 -20011 20020 -20021 20034 -20035 imp:n,p 1
300005 400005 -2.156 20011 -20012 20020 -20021 20030 -20031 imp:n,p 1
300006 400006 -2.156 20011 -20012 20020 -20021 20031 -20032 imp:n,p 1
300007 400007 -2.156 20011 -20012 20020 -20021 20032 -20033 imp:n,p 1
300008 400008 -2.156 20011 -20012 20020 -20021 20033 -20034 imp:n,p 1
300009 400009 -2.156 20011 -20012 20020 -20021 20034 -20035 imp:n,p 1
300010 400010 -2.156 20012 -20013 20020 -20021 20030 -20031 imp:n,p 1
300011 400011 -2.156 20012 -20013 20020 -20021 20031 -20032 imp:n,p 1
300012 400012 -2.156 20012 -20013 20020 -20021 20032 -20033 imp:n,p 1
300013 400013 -2.156 20012 -20013 20020 -20021 20033 -20034 imp:n,p 1
300014 400014 -2.156 20012 -20013 20020 -20021 20034 -20035 imp:n,p 1
300015 400015 -2.156 20013 -20014 20020 -20021 20030 -20031 imp:n,p 1
300016 400016 -2.156 20013 -20014 20020 -20021 20031 -20032 imp:n,p 1
300017 400017 -2.156 20013 -20014 20020 -20021 20032 -20033 imp:n,p 1
300018 400018 -2.156 20013 -20014 20020 -20021 20033 -20034 imp:n,p 1
300019 400019 -2.156 20013 -20014 20020 -20021 20034 -20035 imp:n,p 1
300020 400020 -2.156 20014 -20015 20020 -20021 20030 -20031 imp:n,p 1
300021 400021 -2.156 20014 -20015 20020 -20021 20031 -20032 imp:n,p 1
300022 400022 -2.156 20014 -20015 20020 -20021 20032 -20033 imp:n,p 1
300023 400023 -2.156 20014 -20015 20020 -20021 20033 -20034 imp:n,p 1
300024 400024 -2.156 20014 -20015 20020 -20021 20034 -20035 imp:n,p 1
300025 400025 -2.156 20010 -20011 20021 -20022 20030 -20031 imp:n,p 1
300026 400026 -2.156 20010 -20011 20021 -20022 20031 -20032 imp:n,p 1
300027 400027 -2.156 20010 -20011 20021 -20022 20032 -20033 imp:n,p 1
300028 400028 -2.156 20010 -20011 20021 -20022 20033 -20034 imp:n,p 1
300029 400029 -2.156 20010 -20011 20021 -20022 20034 -20035 imp:n,p 1
300030 400030 -2.156 20011 -20012 20021 -20022 20030 -20031 imp:n,p 1
300031 400031 -2.156 20011 -20012 20021 -20022 20031 -20032 imp:n,p 1
300032 400032 -2.156 20011 -20012 20021 -20022 20032 -20033 imp:n,p 1
300033 400033 -2.156 20011 -20012 20021 -20022 20033 -20034 imp:n,p 1
300034 400034 -2.156 20011 -20012 20021 -20022 20034 -20035 imp:n,p 1
300035 400035 -2.156 20012 -20013 20021 -20022 20030 -20031 imp:n,p 1
300036 400036 -2.156 20012 -20013 20021 -20022 20031 -20032 imp:n,p 1
300037 400037 -2.156 20012 -20013 20021 -20022 20032 -20033 imp:n,p 1
300038 400038 -2.156 20012 -20013 20021 -20022 20033 -20034 imp:n,p 1
300039 400039 -2.156 20012 -20013 20021 -20022 20034 -20035 imp:n,p 1
300040 400040 -2.156 20013 -20014 20021 -20022 20030 -20031 imp:n,p 1
300041 400041 -2.156 20013 -20014 20021 -20022 20031 -20032 imp:n,p 1
300042 400042 -2.156 20013 -20014 20021 -20022 20032 -20033 imp:n,p 1
300043 400043 -2.156 20013 -20014 20021 -20022 20033 -20034 imp:n,p 1
300044 400044 -2.156 20013 -20014 20021 -20022 20034 -20035 imp:n,p 1
300045 400045 -2.156 20014 -20015 20021 -20022 20030 -20031 imp:n,p 1
300046 400046 -2.156 20014 -20015 20021 -20022 20031 -20032 imp:n,p 1
300047 400047 -2.156 20014 -20015 20021 -20022 20032 -20033 imp:n,p 1
300048 400048 -2.156 20014 -20015 20021 -20022 20033 -20034 imp:n,p 1
300049 400049 -2.156 20014 -20015 20021 -20022 20034 -20035 imp:n,p 1
300050 400050 -2.156 20010 -20011 20022 -20023 20030 -20031 imp:n,p 1
300051 400051 -2.156 20010 -20011 20022 -20023 20031 -20032 imp:n,p 1
300052 400052 -2.156 20010 -20011 20022 -20023 20032 -20033 imp:n,p 1
300053 400053 -2.156 20010 -20011 20022 -20023 20033 -20034 imp:n,p 1
300054 400054 -2.156 20010 -20011 20022 -20023 20034 -20035 imp:n,p 1
300055 400055 -2.156 20011 -20012 20022 -20023 20030 -20031 imp:n,p 1
300056 400056 -2.156 20011 -20012 20022 -20023 20031 -20032 imp:n,p 1
300057 400057 -2.156 20011 -20012 20022 -20023 20032 -20033 imp:n,p 1
300058 400058 -2.156 20011 -20012 20022 -20023 20033 -20034 imp:n,p 1
300059 400059 -2.156 20011 -20012 20022 -20023 20034 -20035 imp:n,p 1
300060 400060 -2.156 20012 -20013 20022 -20023 20030 -20031 imp:n,p 1
300061 400061 -2.156 20012 -20013 20022 -20023 20031 -20032 imp:n,p 1
300062 400062 -2.156 20012 -20013 20022 -20023 20032 -20033 imp:n,p 1
300063 400063 -2.156 20012 -20013 20022 -20023 20033 -20034 imp:n,p 1
300064 400064 -2.156 20012 -20013 20022 -20023 20034 -20035 imp:n,p 1
300065 400065 -2.156 20013 -20014 20022 -20023 20030 -20031 imp:n,p 1
300066 400066 -2.156 20013 -20014 20022 -20023 20031 -20032 imp:n,p 1
300067 400067 -2.156 20013 -20014 20022 -20023 20032 -20033 imp:n,p 1
300068 400068 -2.156 20013 -20014 20022 -20023 20033 -20034 imp:n,p 1
300069 400069 -2.156 20013 -20014 20022 -20023 20034 -20035 imp:n,p 1
300070 400070 -2.156 20014 -20015 20022 -20023 20030 -20031 imp:n,p 1
300071 400071 -2.156 20014 -20015 20022 -20023 20031 -20032 imp:n,p 1
300072 400072 -2.156 20014 -20015 20022 -20023 20032 -20033 imp:n,p 1
300073 400073 -2.156 20014 -20015 20022 -20023 20033 -20034 imp:n,p 1
300074 400074 -2.156 20014 -20015 20022 -20023 20034 -20035 imp:n,p 1
300075 400075 -2.156 20010 -20011 20023 -20024 20030 -20031 imp:n,p 1
300076 400076 -2.156 20010 -20011 20023 -20024 20031 -20032 imp:n,p 1
300077 400077 -2.156 20010 -20011 20023 -20024 20032 -20033 imp:n,p 1
300078 400078 -2.156 20010 -20011 20023 -20024 20033 -20034 imp:n,p 1
300079 400079 -2.156 20010 -20011 20023 -20024 20034 -20035 imp:n,p 1
300080 400080 -2.156 20011 -20012 20023 -20024 20030 -20031 imp:n,p 1
300081 400081 -2.156 20011 -20012 20023 -20024 20031 -20032 imp:n,p 1
300082 400082 -2.156 20011 -20012 20023 -20024 20032 -20033 imp:n,p 1
300083 400083 -2.156 20011 -20012 20023 -20024 20033 -20034 imp:n,p 1
300084 400084 -2.156 20011 -20012 20023 -20024 20034 -20035 imp:n,p 1
300085 400085 -2.156 20012 -20013 20023 -20024 20030 -20031 imp:n,p 1
300086 400086 -2.156 20012 -20013 20023 -20024 20031 -20032 imp:n,p 1
300087 400087 -2.156 20012 -20013 20023 -20024 20032 -20033 imp:n,p 1
300088 400088 -2.156 20012 -20013 20023 -20024 20033 -20034 imp:n,p 1
300089 400089 -2.156 20012 -20013 20023 -20024 20034 -20035 imp:n,p 1
300090 400090 -2.156 20013 -20014 20023 -20024 20030 -20031 imp:n,p 1
300091 400091 -2.156 20013 -20014 20023 -20024 20031 -20032 imp:n,p 1
300092 400092 -2.156 20013 -20014 20023 -20024 20032 -20033 imp:n,p 1
300093 400093 -2.156 20013 -20014 20023 -20024 20033 -20034 imp:n,p 1
300094 400094 -2.156 20013 -20014 20023 -20024 20034 -20035 imp:n,p 1
300095 400095 -2.156 20014 -20015 20023 -20024 20030 -20031 imp:n,p 1
300096 400096 -2.156 20014 -20015 20023 -20024 20031 -20032 imp:n,p 1
300097 400097 -2.156 20014 -20015 20023 -20024 20032 -20033 imp:n,p 1
300098 400098 -2.156 20014 -20015 20023 -20024 20033 -20034 imp:n,p 1
300099 400099 -2.156 20014 -20015 20023 -20024 20034 -20035 imp:n,p 1
300100 400100 -2.156 20010 -20011 20024 -20025 20030 -20031 imp:n,p 1
300101 400101 -2.156 20010 -20011 20024 -20025 20031 -20032 imp:n,p 1
300102 400102 -2.156 20010 -20011 20024 -20025 20032 -20033 imp:n,p 1
300103 400103 -2.156 20010 -20011 20024 -20025 20033 -20034 imp:n,p 1
300104 400104 -2.156 20010 -20011 20024 -20025 20034 -20035 imp:n,p 1
300105 400105 -2.156 20011 -20012 20024 -20025 20030 -20031 imp:n,p 1
300106 400106 -2.156 20011 -20012 20024 -20025 20031 -20032 imp:n,p 1
300107 400107 -2.156 20011 -20012 20024 -20025 20032 -20033 imp:n,p 1
300108 400108 -2.156 20011 -20012 20024 -20025 20033 -20034 imp:n,p 1
300109 400109 -2.156 20011 -20012 20024 -20025 20034 -20035 imp:n,p 1
300110 400110 -2.156 20012 -20013 20024 -20025 20030 -20031 imp:n,p 1
300111 400111 -2.156 20012 -20013 20024 -20025 20031 -20032 imp:n,p 1
300112 400112 -2.156 20012 -20013 20024 -20025 20032 -20033 imp:n,p 1
300113 400113 -2.156 20012 -20013 20024 -20025 20033 -20034 imp:n,p 1
300114 400114 -2.156 20012 -20013 20024 -20025 20034 -20035 imp:n,p 1
300115 400115 -2.156 20013 -20014 20024 -20025 20030 -20031 imp:n,p 1
300116 400116 -2.156 20013 -20014 20024 -20025 20031 -20032 imp:n,p 1
300117 400117 -2.156 20013 -20014 20024 -20025 20032 -20033 imp:n,p 1
300118 400118 -2.156 20013 -20014 20024 -20025 20033 -20034 imp:n,p 1
300119 400119 -2.156 20013 -20014 20024 -20025 20034 -20035 imp:n,p 1
300120 400120 -2.156 20014 -20015 20024 -20025 20030 -20031 imp:n,p 1
300121 400121 -2.156 20014 -20015 20024 -20025 20031 -20032 imp:n,p 1
300122 400122 -2.156 20014 -20015 20024 -20025 20032 -20033 imp:n,p 1
300123 400123 -2.156 20014 -20015 20024 -20025 20033 -20034 imp:n,p 1
300124 400124 -2.156 20014 -20015 20024 -20025 20034 -20035 imp:n,p 1
c
30 12 -0.00129 -200 #101 #121 #122 #123 #124 #125 #126 #127 #128 #129 #130 #131 #132 #133
        #21 #211 #212 #22 #221 #222 #23 #231 #232 #24 #241 #242 #20 imp:n,p 1 $Rest of the World
31 0 200 imp:n,p 0 $Outside world

c SURFACE CARDS
c
c Sample Volume
20010 px -56.0
20011 px -33.600000000000364
20012 px -11.200000000000728
20013 px 11.200000000000728
20014 px 33.600000000000364
20015 px 56.0
20020 py -45.0
20021 py -27.0
20022 py -9.0
20023 py 9.0
20024 py 27.0
20025 py 45.0
20030 pz 92.0
20031 pz 82.0
20032 pz 72.0
20033 pz 62.0
20034 pz 52.0
20035 pz 42.0
c Active Detector Region
21 rcc 56  -5.0 -1.0   0.0 20.3 0.0   4.5 $Detector 1 Base center, Hx,Hy,Hz, radius
c Shielding Surfaces
c Shielding Pb
31 rpp 19 29 -7.5 7.5 -11 9 $PbPE xmin xmax ymin ymax zmin zmax
32 rpp 9 19 4 9 -11 9 $Pb xmin xmax ymin ymax zmin zmax
33 rpp 9 19 -9 -4 -11 9 $Pb xmin xmax ymin ymax zmin zmax
34 rpp 19 29 7.5 12.5 -11 9 $Pb xmin xmax ymin ymax zmin zmax
35 rpp 19 29 -12.5 -7.5 -11 9 $Pb xmin xmax ymin ymax zmin zmax
36 rpp 29 34 -15 15 -11 9 $Pb xmin xmax ymin ymax zmin zmax
37 rpp 9 19 -4 4 4 9 $Pb xmin xmax ymin ymax zmin zmax
38 rpp -26 26 18 28 -11 9 $BA1 xmin xmax ymin ymax zmin zmax
39 rpp -26 26 -28 -18 -11 9 $BA2 xmin xmax ymin ymax zmin zmax
40 rpp -65 65 -28 28 10 10.5 $Al xmin xmax ymin ymax zmin zmax
401 rpp -27 27 29 34 -11 9 $Fe xmin xmax ymin ymax zmin zmax
402 rpp -27 27 -34 -29 -11 9 $Fe xmin xmax ymin ymax zmin zmax
301 px -20
302 px 18
303 cx 3.71
304 cx 3.81
c Wheels Surfaces
c 23/10.5-12 turf tires, 22.6 lb rubber
c diameter 29cm, tread width 25cm, and sidewall height 13.76 cm
c set thickness of all sides 1.3 cm (s.t. weight is 22.6 lb)
41 rcc -2 77 8   0.0 25 0.0 29 $wheel 1 outer tread surface
42 rcc -2 77 8   0.0 25 0.0 27.7 $wheel 1 inner tread surface
421 rcc -2 75.7 8   0.0 1.3 0.0 29 $wheel 1 outside sidewall exterior
422 rcc -2 75.7 8   0.0 1.3 0.0 15.24 $wheel 1 outside sidewall interior
423 rcc -2 102 8   0.0 1.3 0.0 29 $wheel 1 inside sidewall exterior
424 rcc -2 102 8   0.0 1.3 0.0 15.24 $wheel 1 inside sidewall interior
43 rcc 68 77 8   0.0 25 0.0 29 $wheel 2
44 rcc 68 77 8   0.0 25 0.0 27.7
441 rcc 68 75.7 8   0.0 1.3 0.0 29
442 rcc 68 75.7 8   0.0 1.3 0.0 15.24
443 rcc 68 102 8   0.0 1.3 0.0 29
444 rcc 68 102 8   0.0 1.3 0.0 15.24
45 rcc -2 -77 8   0.0 -25 0.0 29 $wheel 3
46 rcc -2 -77 8   0.0 -25 0.0 27.7
461 rcc -2 -75.7 8   0.0 -1.3 0.0 29
462 rcc -2 -75.7 8   0.0 -1.3 0.0 15.24
463 rcc -2 -102 8   0.0 -1.3 0.0 29
464 rcc -2 -102 8   0.0 -1.3 0.0 15.24
47 rcc 68 -77 8   0.0 -25 0.0 29 $wheel 4
48 rcc 68 -77 8   0.0 -25 0.0 27.7
481 rcc 68 -75.7 8   0.0 -1.3 0.0 29
482 rcc 68 -75.7 8   0.0 -1.3 0.0 15.24
483 rcc 68 -102 8   0.0 -1.3 0.0 29
484 rcc 68 -102 8   0.0 -1.3 0.0 15.24
200 so 800    $sphere of 800cm centered at origin
c

c DATA CARDS
mode n p
c dump every hr
prdmp -60 -60 -1
c 100 keV Neutron Energy Cutoff
Cut:n 1j 0.1
c analog neutron transport
phys:n 1j 14
phys:p
sdef pos=0 0 0 erg=14.0 vec= 0 0 1 dir=d1
si1  -1 .93 1
sp1   0  0.0  1.0
c ********************
c begin material cards
c ********************
c Pure Carbon
c ****************************************
m400000 6000 -0.00043024595043176476 7000 -0.00043024595043176476 14000 -0.9991395080991364 
m400001 6000 -0.0019209217067070073 7000 -0.0019209217067070073 14000 -0.9961581565865858 
m400002 6000 -0.0040811377177285895 7000 -0.0040811377177285895 14000 -0.9918377245645431 
m400003 6000 -0.0058344395873336456 7000 -0.0058344395873336456 14000 -0.9883311208253328 
m400004 6000 -0.007908621216306606 7000 -0.007908621216306606 14000 -0.9841827575673869 
m400005 6000 -0.00045581609172624937 7000 -0.00045581609172624937 14000 -0.9990883678165475 
m400006 6000 -0.0020351536888637838 7000 -0.0020351536888637838 14000 -0.9959296926222723 
m400007 6000 -0.004239646872472509 7000 -0.004239646872472509 14000 -0.9915207062550548 
m400008 6000 -0.00582464192396068 7000 -0.00582464192396068 14000 -0.9883507161520788 
m400009 6000 -0.007965009944721905 7000 -0.007965009944721905 14000 -0.9840699801105558 
m400010 6000 -0.0005802768313430804 7000 -0.0005802768313430804 14000 -0.998839446337314 
m400011 6000 -0.0018851937219508466 7000 -0.0018851937219508466 14000 -0.9962296125560983 
m400012 6000 -0.004015481265585011 7000 -0.004015481265585011 14000 -0.9919690374688299 
m400013 6000 -0.005962014394125372 7000 -0.005962014394125372 14000 -0.9880759712117492 
m400014 6000 -0.008064909823492686 7000 -0.008064909823492686 14000 -0.9838701803530143 
m400015 6000 -0.00047291085852867393 7000 -0.00047291085852867393 14000 -0.9990541782829427 
m400016 6000 -0.002058404468562441 7000 -0.002058404468562441 14000 -0.9958831910628753 
m400017 6000 -0.004204876891832108 7000 -0.004204876891832108 14000 -0.9915902462163355 
m400018 6000 -0.0058484768041202305 7000 -0.0058484768041202305 14000 -0.98830304639176 
m400019 6000 -0.0083744867357256 7000 -0.0083744867357256 14000 -0.9832510265285487 
m400020 6000 -0.00043581908018960045 7000 -0.00043581908018960045 14000 -0.9991283618396207 
m400021 6000 -0.0019910476173584106 7000 -0.0019910476173584106 14000 -0.9960179047652828 
m400022 6000 -0.003932973307903904 7000 -0.003932973307903904 14000 -0.9921340533841925 
m400023 6000 -0.005855188708141168 7000 -0.005855188708141168 14000 -0.9882896225837179 
m400024 6000 -0.007897025609787639 7000 -0.007897025609787639 14000 -0.9842059487804246 
m400025 6000 -0.0004792567134755364 7000 -0.0004792567134755364 14000 -0.9990414865730487 
m400026 6000 -0.0016250319641941827 7000 -0.0016250319641941827 14000 -0.9967499360716116 
m400027 6000 -0.004008282741769636 7000 -0.004008282741769636 14000 -0.9919834345164606 
m400028 6000 -0.00599154284163012 7000 -0.00599154284163012 14000 -0.9880169143167398 
m400029 6000 -0.007908906949677132 7000 -0.007908906949677132 14000 -0.9841821861006457 
m400030 6000 -0.0007890291198436011 7000 -0.0007890291198436011 14000 -0.998421941760313 
m400031 6000 -0.002086999141854082 7000 -0.002086999141854082 14000 -0.995826001716292 
m400032 6000 -0.003984600525970522 7000 -0.003984600525970522 14000 -0.9920307989480591 
m400033 6000 -0.005930838506855266 7000 -0.005930838506855266 14000 -0.9881383229862892 
m400034 6000 -0.007800822954937027 7000 -0.007800822954937027 14000 -0.984398354090126 
m400035 6000 -0.00043299268771681074 7000 -0.00043299268771681074 14000 -0.9991340146245665 
m400036 6000 -0.0023164994179291133 7000 -0.0023164994179291133 14000 -0.9953670011641421 
m400037 6000 -0.00378890925108697 7000 -0.00378890925108697 14000 -0.9924221814978264 
m400038 6000 -0.006228152262410583 7000 -0.006228152262410583 14000 -0.9875436954751787 
m400039 6000 -0.008107036247197842 7000 -0.008107036247197842 14000 -0.9837859275056041 
m400040 6000 -0.0005051100462097731 7000 -0.0005051100462097731 14000 -0.9989897799075804 
m400041 6000 -0.002293094165369239 7000 -0.002293094165369239 14000 -0.9954138116692617 
m400042 6000 -0.0042550600065753225 7000 -0.0042550600065753225 14000 -0.9914898799868497 
m400043 6000 -0.006179151289492963 7000 -0.006179151289492963 14000 -0.9876416974210143 
m400044 6000 -0.008021396463756209 7000 -0.008021396463756209 14000 -0.9839572070724872 
m400045 6000 -0.0006105203031774156 7000 -0.0006105203031774156 14000 -0.9987789593936455 
m400046 6000 -0.0020691486601581996 7000 -0.0020691486601581996 14000 -0.9958617026796835 
m400047 6000 -0.004084614180014762 7000 -0.004084614180014762 14000 -0.9918307716399701 
m400048 6000 -0.006022846647510459 7000 -0.006022846647510459 14000 -0.9879543067049792 
m400049 6000 -0.008042461932190277 7000 -0.008042461932190277 14000 -0.9839150761356195 
m400050 6000 -0.0005140682815684755 7000 -0.0005140682815684755 14000 -0.998971863436863 
m400051 6000 -0.0019888996461065135 7000 -0.0019888996461065135 14000 -0.9960222007077872 
m400052 6000 -0.004127651470486526 7000 -0.004127651470486526 14000 -0.9917446970590268 
m400053 6000 -0.005767973115596343 7000 -0.005767973115596343 14000 -0.9884640537688075 
m400054 6000 -0.008132296349324868 7000 -0.008132296349324868 14000 -0.9837354073013503 
m400055 6000 -0.0006783833600972329 7000 -0.0006783833600972329 14000 -0.9986432332798052 
m400056 6000 -0.001863020863316148 7000 -0.001863020863316148 14000 -0.9962739582733675 
m400057 6000 -0.004071862908011878 7000 -0.004071862908011878 14000 -0.9918562741839758 
m400058 6000 -0.006062803222605685 7000 -0.006062803222605685 14000 -0.9878743935547883 
m400059 6000 -0.008096389673343946 7000 -0.008096389673343946 14000 -0.9838072206533123 
m400060 6000 -0.0005485736791037268 7000 -0.0005485736791037268 14000 -0.9989028526417926 
m400061 6000 -0.001839881210034108 7000 -0.001839881210034108 14000 -0.9963202375799317 
m400062 6000 -0.004004980234503514 7000 -0.004004980234503514 14000 -0.9919900395309931 
m400063 6000 -0.006391120080280525 7000 -0.006391120080280525 14000 -0.9872177598394387 
m400064 6000 -0.008065141244066775 7000 -0.008065141244066775 14000 -0.9838697175118665 
m400065 6000 -0.0006492743880452577 7000 -0.0006492743880452577 14000 -0.9987014512239095 
m400066 6000 -0.001970371684632175 7000 -0.001970371684632175 14000 -0.9960592566307356 
m400067 6000 -0.004002093636079196 7000 -0.004002093636079196 14000 -0.9919958127278414 
m400068 6000 -0.006177606464223024 7000 -0.006177606464223024 14000 -0.987644787071554 
m400069 6000 -0.008074434699791043 7000 -0.008074434699791043 14000 -0.9838511306004176 
m400070 6000 -0.0004448788939590579 7000 -0.0004448788939590579 14000 -0.9991102422120821 
m400071 6000 -0.0021075688200610904 7000 -0.0021075688200610904 14000 -0.9957848623598778 
m400072 6000 -0.0042661173150395 7000 -0.0042661173150395 14000 -0.9914677653699211 
m400073 6000 -0.006344916631337463 7000 -0.006344916631337463 14000 -0.9873101667373251 
m400074 6000 -0.008297814242398857 7000 -0.008297814242398857 14000 -0.9834043715152023 
m400075 6000 -0.00044769775739564755 7000 -0.00044769775739564755 14000 -0.9991046044852087 
m400076 6000 -0.0022198546683581174 7000 -0.0022198546683581174 14000 -0.9955602906632837 
m400077 6000 -0.003960084549006927 7000 -0.003960084549006927 14000 -0.9920798309019858 
m400078 6000 -0.006093588440169875 7000 -0.006093588440169875 14000 -0.9878128231196601 
m400079 6000 -0.008268062074168435 7000 -0.008268062074168435 14000 -0.9834638758516632 
m400080 6000 -0.0004963974045409157 7000 -0.0004963974045409157 14000 -0.999007205190918 
m400081 6000 -0.0017798246078791428 7000 -0.0017798246078791428 14000 -0.996440350784242 
m400082 6000 -0.004138219837457171 7000 -0.004138219837457171 14000 -0.9917235603250859 
m400083 6000 -0.0062006389789642105 7000 -0.0062006389789642105 14000 -0.9875987220420712 
m400084 6000 -0.008010810273171225 7000 -0.008010810273171225 14000 -0.9839783794536578 
m400085 6000 -0.0006196627908339959 7000 -0.0006196627908339959 14000 -0.998760674418332 
m400086 6000 -0.0018559158612501282 7000 -0.0018559158612501282 14000 -0.9962881682774996 
m400087 6000 -0.0036063558791770466 7000 -0.0036063558791770466 14000 -0.992787288241646 
m400088 6000 -0.0062126463898356556 7000 -0.0062126463898356556 14000 -0.9875747072203288 
m400089 6000 -0.007816984386237296 7000 -0.007816984386237296 14000 -0.9843660312275258 
m400090 6000 -0.0005216469676846243 7000 -0.0005216469676846243 14000 -0.9989567060646307 
m400091 6000 -0.0019933965206519245 7000 -0.0019933965206519245 14000 -0.9960132069586962 
m400092 6000 -0.0041422196291514115 7000 -0.0041422196291514115 14000 -0.9917155607416972 
m400093 6000 -0.006025504701065317 7000 -0.006025504701065317 14000 -0.9879489905978693 
m400094 6000 -0.007910455586242959 7000 -0.007910455586242959 14000 -0.9841790888275138 
m400095 6000 -0.000660221079861669 7000 -0.000660221079861669 14000 -0.9986795578402767 
m400096 6000 -0.0023017281974821086 7000 -0.0023017281974821086 14000 -0.9953965436050355 
m400097 6000 -0.0039763072853090005 7000 -0.0039763072853090005 14000 -0.9920473854293819 
m400098 6000 -0.005994924300583044 7000 -0.005994924300583044 14000 -0.9880101513988341 
m400099 6000 -0.007742645078043181 7000 -0.007742645078043181 14000 -0.9845147098439135 
m400100 6000 -0.000496653254562877 7000 -0.000496653254562877 14000 -0.9990066934908743 
m400101 6000 -0.0017865147639842377 7000 -0.0017865147639842377 14000 -0.9964269704720313 
m400102 6000 -0.00399671887878057 7000 -0.00399671887878057 14000 -0.9920065622424388 
m400103 6000 -0.005772486924067345 7000 -0.005772486924067345 14000 -0.9884550261518654 
m400104 6000 -0.007815806484806015 7000 -0.007815806484806015 14000 -0.9843683870303883 
m400105 6000 -0.00042951514837574317 7000 -0.00042951514837574317 14000 -0.9991409697032485 
m400106 6000 -0.0018823881011148177 7000 -0.0018823881011148177 14000 -0.9962352237977703 
m400107 6000 -0.003979486370369053 7000 -0.003979486370369053 14000 -0.9920410272592619 
m400108 6000 -0.00613216288055404 7000 -0.00613216288055404 14000 -0.9877356742388919 
m400109 6000 -0.008399611036501409 7000 -0.008399611036501409 14000 -0.9832007779269974 
m400110 6000 -0.0005713290685989863 7000 -0.0005713290685989863 14000 -0.9988573418628022 
m400111 6000 -0.0020828643597029027 7000 -0.0020828643597029027 14000 -0.9958342712805941 
m400112 6000 -0.004116493144347074 7000 -0.004116493144347074 14000 -0.9917670137113059 
m400113 6000 -0.006246576766813006 7000 -0.006246576766813006 14000 -0.9875068464663738 
m400114 6000 -0.007896876552698733 7000 -0.007896876552698733 14000 -0.9842062468946026 
m400115 6000 -0.0004321907540102506 7000 -0.0004321907540102506 14000 -0.9991356184919795 
m400116 6000 -0.0020889179033132606 7000 -0.0020889179033132606 14000 -0.9958221641933733 
m400117 6000 -0.003919545528804353 7000 -0.003919545528804353 14000 -0.9921609089423913 
m400118 6000 -0.005880657376320519 7000 -0.005880657376320519 14000 -0.988238685247359 
m400119 6000 -0.008096123777089731 7000 -0.008096123777089731 14000 -0.9838077524458204 
m400120 6000 -0.0005834082085993216 7000 -0.0005834082085993216 14000 -0.9988331835828013 
m400121 6000 -0.002162296100983873 7000 -0.002162296100983873 14000 -0.9956754077980325 
m400122 6000 -0.004198109075413852 7000 -0.004198109075413852 14000 -0.9916037818491721 
m400123 6000 -0.005828151700700451 7000 -0.005828151700700451 14000 -0.9883436965985992 
m400124 6000 -0.008420738834574585 7000 -0.008420738834574585 14000 -0.9831585223308508 
c **********************************
c PE+Pb, dens=4.78 g/cm3
m2      6000    -0.04286 $Carbon
        1001    -0.00714 $Hydrogen
        82000   -0.95000 $Lead
c **********************************
m3    1001 -0.048535 $Boric acid
      5010 -0.034981
      5011 -0.139923
      8016 -0.776561
c **********************************
m4    82000 1 $Lead
c **********************************
m5 26000 1 $Iron
c **********************************
m6     13027   -1.000 $ Aluminum
c **********************************
c  SS-304 (8.00 g/cm3), #298 in PNNL Compendium
m7   006000.50c -0.0004000
     014000.60c -0.0050000
     015031.50c -0.0002300
     016000.60c -0.0001500
     024000.50c -0.1899981
     025055.60c -0.0099999
     026000.50c -0.7017229
     028000.50c -0.0924991
c ****************************************
c       LaBr detector
c ****************************************
m8       35079    -0.2946       $ Br79
         35081    -0.3069       $ Br81
         57139    -0.3485       $ La139
         58140    -0.0500       $ Ce140
c ************ air den=1.15e-3g/cc
m12     8016 -0.23
        7014 -0.77
c ************ Rubber Natural den=0.92 g/cc
m13     1001 -0.118371  $weight fraction
        6000 -0.881629
c
c end material cards
c
rand seed=8674536546524321 $different initial random #; seed# - any less 18 digits
c
c ********** begin tallies *********************
fc78 *********Broadened Pulse Height Tally Sum of Detectors 1,2 & 3 ***********
e78 0 1e-5 932i 8.4295
F78:p (101)
FT78 GEB -0.026198 0.059551 -0.037176
fc18 *********Unbroadened Pulse Height Tally Sum of Detectors 1,2 & 3 ***********
e18 0 1e-5 932i 8.4295
F18:p (101)
c ***********************************
c mplot tal 78 freq 10000
nps 1e9
