c CAS DETECTOR
c w/ Shielding in Place and Wheels
c
c CELL CARDS
c
c @@@@@@@@@@ Detectors @@@@@@@@@@@@@@@@@
c
101 8 -5.08 -21 imp:n,p 1 $LaBr Detector #1 Active Region
c
c @@@@@@@@@ Shielding @@@@@@@@@@@@@@@@@
c
121 2 -4.78 -31 imp:n,p 1 $PE_Pb
122 4 -11.29 -32 imp:n,p 1 $Pb1
123 4 -11.29 -33 imp:n,p 1 $Pb2
124 4 -11.29 -34 imp:n,p 1 $Pb3
125 4 -11.29 -35 imp:n,p 1 $Pb4
126 4 -11.29 -36 imp:n,p 1 $Pb5
127 4 -11.29 -37 imp:n,p 1 $Pb6
128 3 -1.5 -38 imp:n,p 1 $BA1
129 3 -1.5 -39 imp:n,p 1 $BA2
130 6 -2.7 -40 imp:n,p 1 $Al
131 7 -7.92 301 -302 303 -304 imp:n,p 1 $Fe-tube
132 5 -7.8 -401 imp:n,p 1 $Fe
133 5 -7.8 -402 imp:n,p 1 $Fe
c @@@@@@@@@@ Wheels @@@@@@@@@@@@@@@@@
c
21 13 -0.92 -41 42 imp:n,p 1 $Wheel 1
211 13 -0.92 -421 422 imp:n,p 1 $Wheel 1
212 13 -0.92 -423 424 imp:n,p 1 $Wheel 1
22 13 -0.92 -43 44 imp:n,p 1 $Wheel 2
221 13 -0.92 -441 442 imp:n,p 1 $Wheel 2
222 13 -0.92 -443 444 imp:n,p 1 $Wheel 2
23 13 -0.92 -45 46 imp:n,p 1 $Wheel 3
231 13 -0.92 -461 462 imp:n,p 1 $Wheel 3
232 13 -0.92 -463 464 imp:n,p 1 $Wheel 3
24 13 -0.92 -47 48 imp:n,p 1 $Wheel 4
241 13 -0.92 -481 482 imp:n,p 1 $Wheel 4
242 13 -0.92 -483 484 imp:n,p 1 $Wheel 4
c
c @@@@@@@@@@ SOIL VOLUME @@@@@@@@@@@
c
300000 400000 -2.156 20010 -20011 20020 -20021 20030 -20031 imp:n,p 1
300001 400001 -2.156 20010 -20011 20020 -20021 20031 -20032 imp:n,p 1
300002 400002 -2.156 20010 -20011 20020 -20021 20032 -20033 imp:n,p 1
300003 400003 -2.156 20010 -20011 20020 -20021 20033 -20034 imp:n,p 1
300004 400004 -2.156 20010 -20011 20020 -20021 20034 -20035 imp:n,p 1
300005 400005 -2.156 20011 -20012 20020 -20021 20030 -20031 imp:n,p 1
300006 400006 -2.156 20011 -20012 20020 -20021 20031 -20032 imp:n,p 1
300007 400007 -2.156 20011 -20012 20020 -20021 20032 -20033 imp:n,p 1
300008 400008 -2.156 20011 -20012 20020 -20021 20033 -20034 imp:n,p 1
300009 400009 -2.156 20011 -20012 20020 -20021 20034 -20035 imp:n,p 1
300010 400010 -2.156 20012 -20013 20020 -20021 20030 -20031 imp:n,p 1
300011 400011 -2.156 20012 -20013 20020 -20021 20031 -20032 imp:n,p 1
300012 400012 -2.156 20012 -20013 20020 -20021 20032 -20033 imp:n,p 1
300013 400013 -2.156 20012 -20013 20020 -20021 20033 -20034 imp:n,p 1
300014 400014 -2.156 20012 -20013 20020 -20021 20034 -20035 imp:n,p 1
300015 400015 -2.156 20013 -20014 20020 -20021 20030 -20031 imp:n,p 1
300016 400016 -2.156 20013 -20014 20020 -20021 20031 -20032 imp:n,p 1
300017 400017 -2.156 20013 -20014 20020 -20021 20032 -20033 imp:n,p 1
300018 400018 -2.156 20013 -20014 20020 -20021 20033 -20034 imp:n,p 1
300019 400019 -2.156 20013 -20014 20020 -20021 20034 -20035 imp:n,p 1
300020 400020 -2.156 20014 -20015 20020 -20021 20030 -20031 imp:n,p 1
300021 400021 -2.156 20014 -20015 20020 -20021 20031 -20032 imp:n,p 1
300022 400022 -2.156 20014 -20015 20020 -20021 20032 -20033 imp:n,p 1
300023 400023 -2.156 20014 -20015 20020 -20021 20033 -20034 imp:n,p 1
300024 400024 -2.156 20014 -20015 20020 -20021 20034 -20035 imp:n,p 1
300025 400025 -2.156 20010 -20011 20021 -20022 20030 -20031 imp:n,p 1
300026 400026 -2.156 20010 -20011 20021 -20022 20031 -20032 imp:n,p 1
300027 400027 -2.156 20010 -20011 20021 -20022 20032 -20033 imp:n,p 1
300028 400028 -2.156 20010 -20011 20021 -20022 20033 -20034 imp:n,p 1
300029 400029 -2.156 20010 -20011 20021 -20022 20034 -20035 imp:n,p 1
300030 400030 -2.156 20011 -20012 20021 -20022 20030 -20031 imp:n,p 1
300031 400031 -2.156 20011 -20012 20021 -20022 20031 -20032 imp:n,p 1
300032 400032 -2.156 20011 -20012 20021 -20022 20032 -20033 imp:n,p 1
300033 400033 -2.156 20011 -20012 20021 -20022 20033 -20034 imp:n,p 1
300034 400034 -2.156 20011 -20012 20021 -20022 20034 -20035 imp:n,p 1
300035 400035 -2.156 20012 -20013 20021 -20022 20030 -20031 imp:n,p 1
300036 400036 -2.156 20012 -20013 20021 -20022 20031 -20032 imp:n,p 1
300037 400037 -2.156 20012 -20013 20021 -20022 20032 -20033 imp:n,p 1
300038 400038 -2.156 20012 -20013 20021 -20022 20033 -20034 imp:n,p 1
300039 400039 -2.156 20012 -20013 20021 -20022 20034 -20035 imp:n,p 1
300040 400040 -2.156 20013 -20014 20021 -20022 20030 -20031 imp:n,p 1
300041 400041 -2.156 20013 -20014 20021 -20022 20031 -20032 imp:n,p 1
300042 400042 -2.156 20013 -20014 20021 -20022 20032 -20033 imp:n,p 1
300043 400043 -2.156 20013 -20014 20021 -20022 20033 -20034 imp:n,p 1
300044 400044 -2.156 20013 -20014 20021 -20022 20034 -20035 imp:n,p 1
300045 400045 -2.156 20014 -20015 20021 -20022 20030 -20031 imp:n,p 1
300046 400046 -2.156 20014 -20015 20021 -20022 20031 -20032 imp:n,p 1
300047 400047 -2.156 20014 -20015 20021 -20022 20032 -20033 imp:n,p 1
300048 400048 -2.156 20014 -20015 20021 -20022 20033 -20034 imp:n,p 1
300049 400049 -2.156 20014 -20015 20021 -20022 20034 -20035 imp:n,p 1
300050 400050 -2.156 20010 -20011 20022 -20023 20030 -20031 imp:n,p 1
300051 400051 -2.156 20010 -20011 20022 -20023 20031 -20032 imp:n,p 1
300052 400052 -2.156 20010 -20011 20022 -20023 20032 -20033 imp:n,p 1
300053 400053 -2.156 20010 -20011 20022 -20023 20033 -20034 imp:n,p 1
300054 400054 -2.156 20010 -20011 20022 -20023 20034 -20035 imp:n,p 1
300055 400055 -2.156 20011 -20012 20022 -20023 20030 -20031 imp:n,p 1
300056 400056 -2.156 20011 -20012 20022 -20023 20031 -20032 imp:n,p 1
300057 400057 -2.156 20011 -20012 20022 -20023 20032 -20033 imp:n,p 1
300058 400058 -2.156 20011 -20012 20022 -20023 20033 -20034 imp:n,p 1
300059 400059 -2.156 20011 -20012 20022 -20023 20034 -20035 imp:n,p 1
300060 400060 -2.156 20012 -20013 20022 -20023 20030 -20031 imp:n,p 1
300061 400061 -2.156 20012 -20013 20022 -20023 20031 -20032 imp:n,p 1
300062 400062 -2.156 20012 -20013 20022 -20023 20032 -20033 imp:n,p 1
300063 400063 -2.156 20012 -20013 20022 -20023 20033 -20034 imp:n,p 1
300064 400064 -2.156 20012 -20013 20022 -20023 20034 -20035 imp:n,p 1
300065 400065 -2.156 20013 -20014 20022 -20023 20030 -20031 imp:n,p 1
300066 400066 -2.156 20013 -20014 20022 -20023 20031 -20032 imp:n,p 1
300067 400067 -2.156 20013 -20014 20022 -20023 20032 -20033 imp:n,p 1
300068 400068 -2.156 20013 -20014 20022 -20023 20033 -20034 imp:n,p 1
300069 400069 -2.156 20013 -20014 20022 -20023 20034 -20035 imp:n,p 1
300070 400070 -2.156 20014 -20015 20022 -20023 20030 -20031 imp:n,p 1
300071 400071 -2.156 20014 -20015 20022 -20023 20031 -20032 imp:n,p 1
300072 400072 -2.156 20014 -20015 20022 -20023 20032 -20033 imp:n,p 1
300073 400073 -2.156 20014 -20015 20022 -20023 20033 -20034 imp:n,p 1
300074 400074 -2.156 20014 -20015 20022 -20023 20034 -20035 imp:n,p 1
300075 400075 -2.156 20010 -20011 20023 -20024 20030 -20031 imp:n,p 1
300076 400076 -2.156 20010 -20011 20023 -20024 20031 -20032 imp:n,p 1
300077 400077 -2.156 20010 -20011 20023 -20024 20032 -20033 imp:n,p 1
300078 400078 -2.156 20010 -20011 20023 -20024 20033 -20034 imp:n,p 1
300079 400079 -2.156 20010 -20011 20023 -20024 20034 -20035 imp:n,p 1
300080 400080 -2.156 20011 -20012 20023 -20024 20030 -20031 imp:n,p 1
300081 400081 -2.156 20011 -20012 20023 -20024 20031 -20032 imp:n,p 1
300082 400082 -2.156 20011 -20012 20023 -20024 20032 -20033 imp:n,p 1
300083 400083 -2.156 20011 -20012 20023 -20024 20033 -20034 imp:n,p 1
300084 400084 -2.156 20011 -20012 20023 -20024 20034 -20035 imp:n,p 1
300085 400085 -2.156 20012 -20013 20023 -20024 20030 -20031 imp:n,p 1
300086 400086 -2.156 20012 -20013 20023 -20024 20031 -20032 imp:n,p 1
300087 400087 -2.156 20012 -20013 20023 -20024 20032 -20033 imp:n,p 1
300088 400088 -2.156 20012 -20013 20023 -20024 20033 -20034 imp:n,p 1
300089 400089 -2.156 20012 -20013 20023 -20024 20034 -20035 imp:n,p 1
300090 400090 -2.156 20013 -20014 20023 -20024 20030 -20031 imp:n,p 1
300091 400091 -2.156 20013 -20014 20023 -20024 20031 -20032 imp:n,p 1
300092 400092 -2.156 20013 -20014 20023 -20024 20032 -20033 imp:n,p 1
300093 400093 -2.156 20013 -20014 20023 -20024 20033 -20034 imp:n,p 1
300094 400094 -2.156 20013 -20014 20023 -20024 20034 -20035 imp:n,p 1
300095 400095 -2.156 20014 -20015 20023 -20024 20030 -20031 imp:n,p 1
300096 400096 -2.156 20014 -20015 20023 -20024 20031 -20032 imp:n,p 1
300097 400097 -2.156 20014 -20015 20023 -20024 20032 -20033 imp:n,p 1
300098 400098 -2.156 20014 -20015 20023 -20024 20033 -20034 imp:n,p 1
300099 400099 -2.156 20014 -20015 20023 -20024 20034 -20035 imp:n,p 1
300100 400100 -2.156 20010 -20011 20024 -20025 20030 -20031 imp:n,p 1
300101 400101 -2.156 20010 -20011 20024 -20025 20031 -20032 imp:n,p 1
300102 400102 -2.156 20010 -20011 20024 -20025 20032 -20033 imp:n,p 1
300103 400103 -2.156 20010 -20011 20024 -20025 20033 -20034 imp:n,p 1
300104 400104 -2.156 20010 -20011 20024 -20025 20034 -20035 imp:n,p 1
300105 400105 -2.156 20011 -20012 20024 -20025 20030 -20031 imp:n,p 1
300106 400106 -2.156 20011 -20012 20024 -20025 20031 -20032 imp:n,p 1
300107 400107 -2.156 20011 -20012 20024 -20025 20032 -20033 imp:n,p 1
300108 400108 -2.156 20011 -20012 20024 -20025 20033 -20034 imp:n,p 1
300109 400109 -2.156 20011 -20012 20024 -20025 20034 -20035 imp:n,p 1
300110 400110 -2.156 20012 -20013 20024 -20025 20030 -20031 imp:n,p 1
300111 400111 -2.156 20012 -20013 20024 -20025 20031 -20032 imp:n,p 1
300112 400112 -2.156 20012 -20013 20024 -20025 20032 -20033 imp:n,p 1
300113 400113 -2.156 20012 -20013 20024 -20025 20033 -20034 imp:n,p 1
300114 400114 -2.156 20012 -20013 20024 -20025 20034 -20035 imp:n,p 1
300115 400115 -2.156 20013 -20014 20024 -20025 20030 -20031 imp:n,p 1
300116 400116 -2.156 20013 -20014 20024 -20025 20031 -20032 imp:n,p 1
300117 400117 -2.156 20013 -20014 20024 -20025 20032 -20033 imp:n,p 1
300118 400118 -2.156 20013 -20014 20024 -20025 20033 -20034 imp:n,p 1
300119 400119 -2.156 20013 -20014 20024 -20025 20034 -20035 imp:n,p 1
300120 400120 -2.156 20014 -20015 20024 -20025 20030 -20031 imp:n,p 1
300121 400121 -2.156 20014 -20015 20024 -20025 20031 -20032 imp:n,p 1
300122 400122 -2.156 20014 -20015 20024 -20025 20032 -20033 imp:n,p 1
300123 400123 -2.156 20014 -20015 20024 -20025 20033 -20034 imp:n,p 1
300124 400124 -2.156 20014 -20015 20024 -20025 20034 -20035 imp:n,p 1
c
30 12 -0.00129 -200 #101 #121 #122 #123 #124 #125 #126 #127 #128 #129 #130 #131 #132 #133
        #21 #211 #212 #22 #221 #222 #23 #231 #232 #24 #241 #242 #20 imp:n,p 1 $Rest of the World
31 0 200 imp:n,p 0 $Outside world

c SURFACE CARDS
c
c Sample Volume
20010 px -56.0
20011 px -33.600000000000364
20012 px -11.200000000000728
20013 px 11.200000000000728
20014 px 33.600000000000364
20015 px 56.0
20020 py -45.0
20021 py -27.0
20022 py -9.0
20023 py 9.0
20024 py 27.0
20025 py 45.0
20030 pz 92.0
20031 pz 82.0
20032 pz 72.0
20033 pz 62.0
20034 pz 52.0
20035 pz 42.0
c Active Detector Region
21 rcc 56  -5.0 -1.0   0.0 20.3 0.0   4.5 $Detector 1 Base center, Hx,Hy,Hz, radius
c Shielding Surfaces
c Shielding Pb
31 rpp 19 29 -7.5 7.5 -11 9 $PbPE xmin xmax ymin ymax zmin zmax
32 rpp 9 19 4 9 -11 9 $Pb xmin xmax ymin ymax zmin zmax
33 rpp 9 19 -9 -4 -11 9 $Pb xmin xmax ymin ymax zmin zmax
34 rpp 19 29 7.5 12.5 -11 9 $Pb xmin xmax ymin ymax zmin zmax
35 rpp 19 29 -12.5 -7.5 -11 9 $Pb xmin xmax ymin ymax zmin zmax
36 rpp 29 34 -15 15 -11 9 $Pb xmin xmax ymin ymax zmin zmax
37 rpp 9 19 -4 4 4 9 $Pb xmin xmax ymin ymax zmin zmax
38 rpp -26 26 18 28 -11 9 $BA1 xmin xmax ymin ymax zmin zmax
39 rpp -26 26 -28 -18 -11 9 $BA2 xmin xmax ymin ymax zmin zmax
40 rpp -65 65 -28 28 10 10.5 $Al xmin xmax ymin ymax zmin zmax
401 rpp -27 27 29 34 -11 9 $Fe xmin xmax ymin ymax zmin zmax
402 rpp -27 27 -34 -29 -11 9 $Fe xmin xmax ymin ymax zmin zmax
301 px -20
302 px 18
303 cx 3.71
304 cx 3.81
c Wheels Surfaces
c 23/10.5-12 turf tires, 22.6 lb rubber
c diameter 29cm, tread width 25cm, and sidewall height 13.76 cm
c set thickness of all sides 1.3 cm (s.t. weight is 22.6 lb)
41 rcc -2 77 8   0.0 25 0.0 29 $wheel 1 outer tread surface
42 rcc -2 77 8   0.0 25 0.0 27.7 $wheel 1 inner tread surface
421 rcc -2 75.7 8   0.0 1.3 0.0 29 $wheel 1 outside sidewall exterior
422 rcc -2 75.7 8   0.0 1.3 0.0 15.24 $wheel 1 outside sidewall interior
423 rcc -2 102 8   0.0 1.3 0.0 29 $wheel 1 inside sidewall exterior
424 rcc -2 102 8   0.0 1.3 0.0 15.24 $wheel 1 inside sidewall interior
43 rcc 68 77 8   0.0 25 0.0 29 $wheel 2
44 rcc 68 77 8   0.0 25 0.0 27.7
441 rcc 68 75.7 8   0.0 1.3 0.0 29
442 rcc 68 75.7 8   0.0 1.3 0.0 15.24
443 rcc 68 102 8   0.0 1.3 0.0 29
444 rcc 68 102 8   0.0 1.3 0.0 15.24
45 rcc -2 -77 8   0.0 -25 0.0 29 $wheel 3
46 rcc -2 -77 8   0.0 -25 0.0 27.7
461 rcc -2 -75.7 8   0.0 -1.3 0.0 29
462 rcc -2 -75.7 8   0.0 -1.3 0.0 15.24
463 rcc -2 -102 8   0.0 -1.3 0.0 29
464 rcc -2 -102 8   0.0 -1.3 0.0 15.24
47 rcc 68 -77 8   0.0 -25 0.0 29 $wheel 4
48 rcc 68 -77 8   0.0 -25 0.0 27.7
481 rcc 68 -75.7 8   0.0 -1.3 0.0 29
482 rcc 68 -75.7 8   0.0 -1.3 0.0 15.24
483 rcc 68 -102 8   0.0 -1.3 0.0 29
484 rcc 68 -102 8   0.0 -1.3 0.0 15.24
200 so 800    $sphere of 800cm centered at origin
c

c DATA CARDS
mode n p
c dump every hr
prdmp -60 -60 -1
c 100 keV Neutron Energy Cutoff
Cut:n 1j 0.1
c analog neutron transport
phys:n 1j 14
phys:p
sdef pos=0 0 0 erg=14.0 vec= 0 0 1 dir=d1
si1  -1 .93 1
sp1   0  0.0  1.0
c ********************
c begin material cards
c ********************
c Pure Carbon
c ****************************************
m400000 6000 -0.0005260779831902083 7000 -0.0005260779831902083 14000 -0.9989478440336196 
m400001 6000 -0.002000925695394171 7000 -0.002000925695394171 14000 -0.9959981486092119 
m400002 6000 -0.00408063061403564 7000 -0.00408063061403564 14000 -0.9918387387719286 
m400003 6000 -0.00603973282988173 7000 -0.00603973282988173 14000 -0.9879205343402365 
m400004 6000 -0.007847160260398684 7000 -0.007847160260398684 14000 -0.9843056794792027 
m400005 6000 -0.0004623408201652577 7000 -0.0004623408201652577 14000 -0.9990753183596693 
m400006 6000 -0.0021353820126836036 7000 -0.0021353820126836036 14000 -0.9957292359746327 
m400007 6000 -0.003973943963648942 7000 -0.003973943963648942 14000 -0.992052112072702 
m400008 6000 -0.006178891772031676 7000 -0.006178891772031676 14000 -0.9876422164559368 
m400009 6000 -0.008031052894344927 7000 -0.008031052894344927 14000 -0.9839378942113102 
m400010 6000 -0.0005439673120971304 7000 -0.0005439673120971304 14000 -0.9989120653758057 
m400011 6000 -0.0020370037132856956 7000 -0.0020370037132856956 14000 -0.9959259925734285 
m400012 6000 -0.004120562250911105 7000 -0.004120562250911105 14000 -0.991758875498178 
m400013 6000 -0.006063593605860903 7000 -0.006063593605860903 14000 -0.9878728127882783 
m400014 6000 -0.00801510842108335 7000 -0.00801510842108335 14000 -0.983969783157833 
m400015 6000 -0.0006310819619645908 7000 -0.0006310819619645908 14000 -0.9987378360760708 
m400016 6000 -0.0021891490804977916 7000 -0.0021891490804977916 14000 -0.9956217018390044 
m400017 6000 -0.003972160610033052 7000 -0.003972160610033052 14000 -0.9920556787799341 
m400018 6000 -0.005888751961237766 7000 -0.005888751961237766 14000 -0.9882224960775244 
m400019 6000 -0.0075407507838675236 7000 -0.0075407507838675236 14000 -0.9849184984322652 
m400020 6000 -0.0006316645770344415 7000 -0.0006316645770344415 14000 -0.998736670845931 
m400021 6000 -0.0019250562393789666 7000 -0.0019250562393789666 14000 -0.9961498875212418 
m400022 6000 -0.0036094909612179884 7000 -0.0036094909612179884 14000 -0.9927810180775637 
m400023 6000 -0.006027289248673834 7000 -0.006027289248673834 14000 -0.9879454215026524 
m400024 6000 -0.007944961840075855 7000 -0.007944961840075855 14000 -0.9841100763198481 
m400025 6000 -0.0003828294020572405 7000 -0.0003828294020572405 14000 -0.9992343411958854 
m400026 6000 -0.0019222266928580348 7000 -0.0019222266928580348 14000 -0.9961555466142842 
m400027 6000 -0.003928850945296415 7000 -0.003928850945296415 14000 -0.9921422981094071 
m400028 6000 -0.005924174307111975 7000 -0.005924174307111975 14000 -0.9881516513857761 
m400029 6000 -0.008382430400405965 7000 -0.008382430400405965 14000 -0.9832351391991881 
m400030 6000 -0.0005301297488609292 7000 -0.0005301297488609292 14000 -0.9989397405022785 
m400031 6000 -0.001862940072092738 7000 -0.001862940072092738 14000 -0.9962741198558147 
m400032 6000 -0.004067605254623979 7000 -0.004067605254623979 14000 -0.991864789490752 
m400033 6000 -0.006008737240937594 7000 -0.006008737240937594 14000 -0.9879825255181248 
m400034 6000 -0.008000735913578876 7000 -0.008000735913578876 14000 -0.9839985281728422 
m400035 6000 -0.0003749527612589142 7000 -0.0003749527612589142 14000 -0.9992500944774824 
m400036 6000 -0.002055839293189739 7000 -0.002055839293189739 14000 -0.9958883214136206 
m400037 6000 -0.00383418110588744 7000 -0.00383418110588744 14000 -0.992331637788225 
m400038 6000 -0.006056949010376246 7000 -0.006056949010376246 14000 -0.9878861019792474 
m400039 6000 -0.007847048453332216 7000 -0.007847048453332216 14000 -0.9843059030933357 
m400040 6000 -0.0004891753717868122 7000 -0.0004891753717868122 14000 -0.9990216492564263 
m400041 6000 -0.0017651951509476188 7000 -0.0017651951509476188 14000 -0.9964696096981045 
m400042 6000 -0.003924415580071872 7000 -0.003924415580071872 14000 -0.9921511688398563 
m400043 6000 -0.005920546698791139 7000 -0.005920546698791139 14000 -0.9881589066024178 
m400044 6000 -0.00776112115498938 7000 -0.00776112115498938 14000 -0.9844777576900212 
m400045 6000 -0.000571856820905413 7000 -0.000571856820905413 14000 -0.9988562863581891 
m400046 6000 -0.002033969643889396 7000 -0.002033969643889396 14000 -0.9959320607122213 
m400047 6000 -0.004118118671147207 7000 -0.004118118671147207 14000 -0.9917637626577052 
m400048 6000 -0.00618646249725398 7000 -0.00618646249725398 14000 -0.9876270750054921 
m400049 6000 -0.008163319377766685 7000 -0.008163319377766685 14000 -0.9836733612444661 
m400050 6000 -0.0005914238553781114 7000 -0.0005914238553781114 14000 -0.9988171522892441 
m400051 6000 -0.001909102041186357 7000 -0.001909102041186357 14000 -0.9961817959176272 
m400052 6000 -0.004011560118240292 7000 -0.004011560118240292 14000 -0.9919768797635196 
m400053 6000 -0.006003527454320435 7000 -0.006003527454320435 14000 -0.9879929450913589 
m400054 6000 -0.00795101772002589 7000 -0.00795101772002589 14000 -0.9840979645599479 
m400055 6000 -0.00035904312819071404 7000 -0.00035904312819071404 14000 -0.9992819137436186 
m400056 6000 -0.001925978138089352 7000 -0.001925978138089352 14000 -0.9961480437238212 
m400057 6000 -0.003797317264741092 7000 -0.003797317264741092 14000 -0.9924053654705177 
m400058 6000 -0.006017890135635456 7000 -0.006017890135635456 14000 -0.987964219728729 
m400059 6000 -0.008044760043327966 7000 -0.008044760043327966 14000 -0.9839104799133443 
m400060 6000 -0.0005297134893498704 7000 -0.0005297134893498704 14000 -0.9989405730213003 
m400061 6000 -0.0019292661956831006 7000 -0.0019292661956831006 14000 -0.9961414676086336 
m400062 6000 -0.0041385065452599415 7000 -0.0041385065452599415 14000 -0.9917229869094801 
m400063 6000 -0.005935319017015872 7000 -0.005935319017015872 14000 -0.9881293619659681 
m400064 6000 -0.007858279009879279 7000 -0.007858279009879279 14000 -0.9842834419802412 
m400065 6000 -0.0005221708008195023 7000 -0.0005221708008195023 14000 -0.998955658398361 
m400066 6000 -0.0017220895428413721 7000 -0.0017220895428413721 14000 -0.9965558209143175 
m400067 6000 -0.0038795950710489705 7000 -0.0038795950710489705 14000 -0.9922408098579022 
m400068 6000 -0.005946324515522582 7000 -0.005946324515522582 14000 -0.9881073509689549 
m400069 6000 -0.00804357367587085 7000 -0.00804357367587085 14000 -0.9839128526482583 
m400070 6000 -0.00034883701100538026 7000 -0.00034883701100538026 14000 -0.9993023259779892 
m400071 6000 -0.0020372361659318776 7000 -0.0020372361659318776 14000 -0.9959255276681366 
m400072 6000 -0.004162594639442805 7000 -0.004162594639442805 14000 -0.9916748107211144 
m400073 6000 -0.006007328104000298 7000 -0.006007328104000298 14000 -0.9879853437919996 
m400074 6000 -0.0077138599624173585 7000 -0.0077138599624173585 14000 -0.9845722800751651 
m400075 6000 -0.0004520950629442837 7000 -0.0004520950629442837 14000 -0.9990958098741116 
m400076 6000 -0.0020969592257603625 7000 -0.0020969592257603625 14000 -0.9958060815484795 
m400077 6000 -0.0038155029784758426 7000 -0.0038155029784758426 14000 -0.9923689940430483 
m400078 6000 -0.005937595937742877 7000 -0.005937595937742877 14000 -0.9881248081245145 
m400079 6000 -0.007995692007010424 7000 -0.007995692007010424 14000 -0.9840086159859794 
m400080 6000 -0.0005704290063292958 7000 -0.0005704290063292958 14000 -0.9988591419873413 
m400081 6000 -0.0018040131028389883 7000 -0.0018040131028389883 14000 -0.9963919737943222 
m400082 6000 -0.003703557738051082 7000 -0.003703557738051082 14000 -0.9925928845238978 
m400083 6000 -0.005960273781703534 7000 -0.005960273781703534 14000 -0.9880794524365926 
m400084 6000 -0.007766905942643812 7000 -0.007766905942643812 14000 -0.9844661881147122 
m400085 6000 -0.000569058476753867 7000 -0.000569058476753867 14000 -0.9988618830464923 
m400086 6000 -0.0023170026102577 7000 -0.0023170026102577 14000 -0.9953659947794846 
m400087 6000 -0.0038291191772137495 7000 -0.0038291191772137495 14000 -0.9923417616455723 
m400088 6000 -0.0059417844144196595 7000 -0.0059417844144196595 14000 -0.9881164311711604 
m400089 6000 -0.008169843418309342 7000 -0.008169843418309342 14000 -0.9836603131633812 
m400090 6000 -0.000489558671951439 7000 -0.000489558671951439 14000 -0.999020882656097 
m400091 6000 -0.0018775989786771563 7000 -0.0018775989786771563 14000 -0.9962448020426458 
m400092 6000 -0.0038316391300689595 7000 -0.0038316391300689595 14000 -0.9923367217398622 
m400093 6000 -0.0059758558070622915 7000 -0.0059758558070622915 14000 -0.9880482883858756 
m400094 6000 -0.00800251813312111 7000 -0.00800251813312111 14000 -0.9839949637337582 
m400095 6000 -0.000537103959096854 7000 -0.000537103959096854 14000 -0.9989257920818059 
m400096 6000 -0.002063387195618613 7000 -0.002063387195618613 14000 -0.9958732256087625 
m400097 6000 -0.004146731628235303 7000 -0.004146731628235303 14000 -0.9917065367435294 
m400098 6000 -0.006031141495183383 7000 -0.006031141495183383 14000 -0.9879377170096333 
m400099 6000 -0.007922879259681263 7000 -0.007922879259681263 14000 -0.9841542414806377 
m400100 6000 -0.0005701754137153577 7000 -0.0005701754137153577 14000 -0.9988596491725693 
m400101 6000 -0.0021305209990401816 7000 -0.0021305209990401816 14000 -0.9957389580019196 
m400102 6000 -0.004122558674477698 7000 -0.004122558674477698 14000 -0.9917548826510445 
m400103 6000 -0.00613005436140671 7000 -0.00613005436140671 14000 -0.9877398912771868 
m400104 6000 -0.008316042237836788 7000 -0.008316042237836788 14000 -0.9833679155243263 
m400105 6000 -0.0004848934637066478 7000 -0.0004848934637066478 14000 -0.999030213072587 
m400106 6000 -0.0019420110175201138 7000 -0.0019420110175201138 14000 -0.9961159779649601 
m400107 6000 -0.004146819160721039 7000 -0.004146819160721039 14000 -0.9917063616785581 
m400108 6000 -0.006221599123031507 7000 -0.006221599123031507 14000 -0.9875568017539372 
m400109 6000 -0.007996419134946196 7000 -0.007996419134946196 14000 -0.9840071617301078 
m400110 6000 -0.0006325048485301563 7000 -0.0006325048485301563 14000 -0.9987349903029396 
m400111 6000 -0.0022665280781023413 7000 -0.0022665280781023413 14000 -0.9954669438437952 
m400112 6000 -0.004014958201690531 7000 -0.004014958201690531 14000 -0.9919700835966191 
m400113 6000 -0.006030649317895206 7000 -0.006030649317895206 14000 -0.9879387013642096 
m400114 6000 -0.007959404003489828 7000 -0.007959404003489828 14000 -0.9840811919930208 
m400115 6000 -0.000364774251916114 7000 -0.000364774251916114 14000 -0.9992704514961676 
m400116 6000 -0.0020231483878187244 7000 -0.0020231483878187244 14000 -0.9959537032243629 
m400117 6000 -0.004029000746021588 7000 -0.004029000746021588 14000 -0.9919419985079563 
m400118 6000 -0.006104627355944311 7000 -0.006104627355944311 14000 -0.9877907452881112 
m400119 6000 -0.008028347558807394 7000 -0.008028347558807394 14000 -0.9839433048823854 
m400120 6000 -0.00037791431323458766 7000 -0.00037791431323458766 14000 -0.9992441713735309 
m400121 6000 -0.0018260614642860462 7000 -0.0018260614642860462 14000 -0.9963478770714279 
m400122 6000 -0.004131222997800964 7000 -0.004131222997800964 14000 -0.9917375540043979 
m400123 6000 -0.006017168714046728 7000 -0.006017168714046728 14000 -0.9879656625719067 
m400124 6000 -0.007792415656306461 7000 -0.007792415656306461 14000 -0.9844151686873869 
c **********************************
c PE+Pb, dens=4.78 g/cm3
m2      6000    -0.04286 $Carbon
        1001    -0.00714 $Hydrogen
        82000   -0.95000 $Lead
c **********************************
m3    1001 -0.048535 $Boric acid
      5010 -0.034981
      5011 -0.139923
      8016 -0.776561
c **********************************
m4    82000 1 $Lead
c **********************************
m5 26000 1 $Iron
c **********************************
m6     13027   -1.000 $ Aluminum
c **********************************
c  SS-304 (8.00 g/cm3), #298 in PNNL Compendium
m7   006000.50c -0.0004000
     014000.60c -0.0050000
     015031.50c -0.0002300
     016000.60c -0.0001500
     024000.50c -0.1899981
     025055.60c -0.0099999
     026000.50c -0.7017229
     028000.50c -0.0924991
c ****************************************
c       LaBr detector
c ****************************************
m8       35079    -0.2946       $ Br79
         35081    -0.3069       $ Br81
         57139    -0.3485       $ La139
         58140    -0.0500       $ Ce140
c ************ air den=1.15e-3g/cc
m12     8016 -0.23
        7014 -0.77
c ************ Rubber Natural den=0.92 g/cc
m13     1001 -0.118371  $weight fraction
        6000 -0.881629
c
c end material cards
c
rand seed=8674536546524321 $different initial random #; seed# - any less 18 digits
c
c ********** begin tallies *********************
fc78 *********Broadened Pulse Height Tally Sum of Detectors 1,2 & 3 ***********
e78 0 1e-5 932i 8.4295
F78:p (101)
FT78 GEB -0.026198 0.059551 -0.037176
fc18 *********Unbroadened Pulse Height Tally Sum of Detectors 1,2 & 3 ***********
e18 0 1e-5 932i 8.4295
F18:p (101)
c ***********************************
c mplot tal 78 freq 10000
nps 1e9
