c CAS DETECTOR
c w/ Shielding in Place and Wheels
c
c CELL CARDS
c
c @@@@@@@@@@ Detectors @@@@@@@@@@@@@@@@@
c
101 8 -5.08 -21 imp:n,p 1 $LaBr Detector #1 Active Region
c
c @@@@@@@@@ Shielding @@@@@@@@@@@@@@@@@
c
121 2 -4.78 -31 imp:n,p 1 $PE_Pb
122 4 -11.29 -32 imp:n,p 1 $Pb1
123 4 -11.29 -33 imp:n,p 1 $Pb2
124 4 -11.29 -34 imp:n,p 1 $Pb3
125 4 -11.29 -35 imp:n,p 1 $Pb4
126 4 -11.29 -36 imp:n,p 1 $Pb5
127 4 -11.29 -37 imp:n,p 1 $Pb6
128 3 -1.5 -38 imp:n,p 1 $BA1
129 3 -1.5 -39 imp:n,p 1 $BA2
130 6 -2.7 -40 imp:n,p 1 $Al
131 7 -7.92 301 -302 303 -304 imp:n,p 1 $Fe-tube
132 5 -7.8 -401 imp:n,p 1 $Fe
133 5 -7.8 -402 imp:n,p 1 $Fe
c @@@@@@@@@@ Wheels @@@@@@@@@@@@@@@@@
c
21 13 -0.92 -41 42 imp:n,p 1 $Wheel 1
211 13 -0.92 -421 422 imp:n,p 1 $Wheel 1
212 13 -0.92 -423 424 imp:n,p 1 $Wheel 1
22 13 -0.92 -43 44 imp:n,p 1 $Wheel 2
221 13 -0.92 -441 442 imp:n,p 1 $Wheel 2
222 13 -0.92 -443 444 imp:n,p 1 $Wheel 2
23 13 -0.92 -45 46 imp:n,p 1 $Wheel 3
231 13 -0.92 -461 462 imp:n,p 1 $Wheel 3
232 13 -0.92 -463 464 imp:n,p 1 $Wheel 3
24 13 -0.92 -47 48 imp:n,p 1 $Wheel 4
241 13 -0.92 -481 482 imp:n,p 1 $Wheel 4
242 13 -0.92 -483 484 imp:n,p 1 $Wheel 4
c
c @@@@@@@@@@ SOIL VOLUME @@@@@@@@@@@
c
300000 400000 -2.156 20010 -20011 20020 -20021 20030 -20031 imp:n,p 1
300001 400001 -2.156 20010 -20011 20020 -20021 20031 -20032 imp:n,p 1
300002 400002 -2.156 20010 -20011 20020 -20021 20032 -20033 imp:n,p 1
300003 400003 -2.156 20010 -20011 20020 -20021 20033 -20034 imp:n,p 1
300004 400004 -2.156 20010 -20011 20020 -20021 20034 -20035 imp:n,p 1
300005 400005 -2.156 20011 -20012 20020 -20021 20030 -20031 imp:n,p 1
300006 400006 -2.156 20011 -20012 20020 -20021 20031 -20032 imp:n,p 1
300007 400007 -2.156 20011 -20012 20020 -20021 20032 -20033 imp:n,p 1
300008 400008 -2.156 20011 -20012 20020 -20021 20033 -20034 imp:n,p 1
300009 400009 -2.156 20011 -20012 20020 -20021 20034 -20035 imp:n,p 1
300010 400010 -2.156 20012 -20013 20020 -20021 20030 -20031 imp:n,p 1
300011 400011 -2.156 20012 -20013 20020 -20021 20031 -20032 imp:n,p 1
300012 400012 -2.156 20012 -20013 20020 -20021 20032 -20033 imp:n,p 1
300013 400013 -2.156 20012 -20013 20020 -20021 20033 -20034 imp:n,p 1
300014 400014 -2.156 20012 -20013 20020 -20021 20034 -20035 imp:n,p 1
300015 400015 -2.156 20013 -20014 20020 -20021 20030 -20031 imp:n,p 1
300016 400016 -2.156 20013 -20014 20020 -20021 20031 -20032 imp:n,p 1
300017 400017 -2.156 20013 -20014 20020 -20021 20032 -20033 imp:n,p 1
300018 400018 -2.156 20013 -20014 20020 -20021 20033 -20034 imp:n,p 1
300019 400019 -2.156 20013 -20014 20020 -20021 20034 -20035 imp:n,p 1
300020 400020 -2.156 20014 -20015 20020 -20021 20030 -20031 imp:n,p 1
300021 400021 -2.156 20014 -20015 20020 -20021 20031 -20032 imp:n,p 1
300022 400022 -2.156 20014 -20015 20020 -20021 20032 -20033 imp:n,p 1
300023 400023 -2.156 20014 -20015 20020 -20021 20033 -20034 imp:n,p 1
300024 400024 -2.156 20014 -20015 20020 -20021 20034 -20035 imp:n,p 1
300025 400025 -2.156 20010 -20011 20021 -20022 20030 -20031 imp:n,p 1
300026 400026 -2.156 20010 -20011 20021 -20022 20031 -20032 imp:n,p 1
300027 400027 -2.156 20010 -20011 20021 -20022 20032 -20033 imp:n,p 1
300028 400028 -2.156 20010 -20011 20021 -20022 20033 -20034 imp:n,p 1
300029 400029 -2.156 20010 -20011 20021 -20022 20034 -20035 imp:n,p 1
300030 400030 -2.156 20011 -20012 20021 -20022 20030 -20031 imp:n,p 1
300031 400031 -2.156 20011 -20012 20021 -20022 20031 -20032 imp:n,p 1
300032 400032 -2.156 20011 -20012 20021 -20022 20032 -20033 imp:n,p 1
300033 400033 -2.156 20011 -20012 20021 -20022 20033 -20034 imp:n,p 1
300034 400034 -2.156 20011 -20012 20021 -20022 20034 -20035 imp:n,p 1
300035 400035 -2.156 20012 -20013 20021 -20022 20030 -20031 imp:n,p 1
300036 400036 -2.156 20012 -20013 20021 -20022 20031 -20032 imp:n,p 1
300037 400037 -2.156 20012 -20013 20021 -20022 20032 -20033 imp:n,p 1
300038 400038 -2.156 20012 -20013 20021 -20022 20033 -20034 imp:n,p 1
300039 400039 -2.156 20012 -20013 20021 -20022 20034 -20035 imp:n,p 1
300040 400040 -2.156 20013 -20014 20021 -20022 20030 -20031 imp:n,p 1
300041 400041 -2.156 20013 -20014 20021 -20022 20031 -20032 imp:n,p 1
300042 400042 -2.156 20013 -20014 20021 -20022 20032 -20033 imp:n,p 1
300043 400043 -2.156 20013 -20014 20021 -20022 20033 -20034 imp:n,p 1
300044 400044 -2.156 20013 -20014 20021 -20022 20034 -20035 imp:n,p 1
300045 400045 -2.156 20014 -20015 20021 -20022 20030 -20031 imp:n,p 1
300046 400046 -2.156 20014 -20015 20021 -20022 20031 -20032 imp:n,p 1
300047 400047 -2.156 20014 -20015 20021 -20022 20032 -20033 imp:n,p 1
300048 400048 -2.156 20014 -20015 20021 -20022 20033 -20034 imp:n,p 1
300049 400049 -2.156 20014 -20015 20021 -20022 20034 -20035 imp:n,p 1
300050 400050 -2.156 20010 -20011 20022 -20023 20030 -20031 imp:n,p 1
300051 400051 -2.156 20010 -20011 20022 -20023 20031 -20032 imp:n,p 1
300052 400052 -2.156 20010 -20011 20022 -20023 20032 -20033 imp:n,p 1
300053 400053 -2.156 20010 -20011 20022 -20023 20033 -20034 imp:n,p 1
300054 400054 -2.156 20010 -20011 20022 -20023 20034 -20035 imp:n,p 1
300055 400055 -2.156 20011 -20012 20022 -20023 20030 -20031 imp:n,p 1
300056 400056 -2.156 20011 -20012 20022 -20023 20031 -20032 imp:n,p 1
300057 400057 -2.156 20011 -20012 20022 -20023 20032 -20033 imp:n,p 1
300058 400058 -2.156 20011 -20012 20022 -20023 20033 -20034 imp:n,p 1
300059 400059 -2.156 20011 -20012 20022 -20023 20034 -20035 imp:n,p 1
300060 400060 -2.156 20012 -20013 20022 -20023 20030 -20031 imp:n,p 1
300061 400061 -2.156 20012 -20013 20022 -20023 20031 -20032 imp:n,p 1
300062 400062 -2.156 20012 -20013 20022 -20023 20032 -20033 imp:n,p 1
300063 400063 -2.156 20012 -20013 20022 -20023 20033 -20034 imp:n,p 1
300064 400064 -2.156 20012 -20013 20022 -20023 20034 -20035 imp:n,p 1
300065 400065 -2.156 20013 -20014 20022 -20023 20030 -20031 imp:n,p 1
300066 400066 -2.156 20013 -20014 20022 -20023 20031 -20032 imp:n,p 1
300067 400067 -2.156 20013 -20014 20022 -20023 20032 -20033 imp:n,p 1
300068 400068 -2.156 20013 -20014 20022 -20023 20033 -20034 imp:n,p 1
300069 400069 -2.156 20013 -20014 20022 -20023 20034 -20035 imp:n,p 1
300070 400070 -2.156 20014 -20015 20022 -20023 20030 -20031 imp:n,p 1
300071 400071 -2.156 20014 -20015 20022 -20023 20031 -20032 imp:n,p 1
300072 400072 -2.156 20014 -20015 20022 -20023 20032 -20033 imp:n,p 1
300073 400073 -2.156 20014 -20015 20022 -20023 20033 -20034 imp:n,p 1
300074 400074 -2.156 20014 -20015 20022 -20023 20034 -20035 imp:n,p 1
300075 400075 -2.156 20010 -20011 20023 -20024 20030 -20031 imp:n,p 1
300076 400076 -2.156 20010 -20011 20023 -20024 20031 -20032 imp:n,p 1
300077 400077 -2.156 20010 -20011 20023 -20024 20032 -20033 imp:n,p 1
300078 400078 -2.156 20010 -20011 20023 -20024 20033 -20034 imp:n,p 1
300079 400079 -2.156 20010 -20011 20023 -20024 20034 -20035 imp:n,p 1
300080 400080 -2.156 20011 -20012 20023 -20024 20030 -20031 imp:n,p 1
300081 400081 -2.156 20011 -20012 20023 -20024 20031 -20032 imp:n,p 1
300082 400082 -2.156 20011 -20012 20023 -20024 20032 -20033 imp:n,p 1
300083 400083 -2.156 20011 -20012 20023 -20024 20033 -20034 imp:n,p 1
300084 400084 -2.156 20011 -20012 20023 -20024 20034 -20035 imp:n,p 1
300085 400085 -2.156 20012 -20013 20023 -20024 20030 -20031 imp:n,p 1
300086 400086 -2.156 20012 -20013 20023 -20024 20031 -20032 imp:n,p 1
300087 400087 -2.156 20012 -20013 20023 -20024 20032 -20033 imp:n,p 1
300088 400088 -2.156 20012 -20013 20023 -20024 20033 -20034 imp:n,p 1
300089 400089 -2.156 20012 -20013 20023 -20024 20034 -20035 imp:n,p 1
300090 400090 -2.156 20013 -20014 20023 -20024 20030 -20031 imp:n,p 1
300091 400091 -2.156 20013 -20014 20023 -20024 20031 -20032 imp:n,p 1
300092 400092 -2.156 20013 -20014 20023 -20024 20032 -20033 imp:n,p 1
300093 400093 -2.156 20013 -20014 20023 -20024 20033 -20034 imp:n,p 1
300094 400094 -2.156 20013 -20014 20023 -20024 20034 -20035 imp:n,p 1
300095 400095 -2.156 20014 -20015 20023 -20024 20030 -20031 imp:n,p 1
300096 400096 -2.156 20014 -20015 20023 -20024 20031 -20032 imp:n,p 1
300097 400097 -2.156 20014 -20015 20023 -20024 20032 -20033 imp:n,p 1
300098 400098 -2.156 20014 -20015 20023 -20024 20033 -20034 imp:n,p 1
300099 400099 -2.156 20014 -20015 20023 -20024 20034 -20035 imp:n,p 1
300100 400100 -2.156 20010 -20011 20024 -20025 20030 -20031 imp:n,p 1
300101 400101 -2.156 20010 -20011 20024 -20025 20031 -20032 imp:n,p 1
300102 400102 -2.156 20010 -20011 20024 -20025 20032 -20033 imp:n,p 1
300103 400103 -2.156 20010 -20011 20024 -20025 20033 -20034 imp:n,p 1
300104 400104 -2.156 20010 -20011 20024 -20025 20034 -20035 imp:n,p 1
300105 400105 -2.156 20011 -20012 20024 -20025 20030 -20031 imp:n,p 1
300106 400106 -2.156 20011 -20012 20024 -20025 20031 -20032 imp:n,p 1
300107 400107 -2.156 20011 -20012 20024 -20025 20032 -20033 imp:n,p 1
300108 400108 -2.156 20011 -20012 20024 -20025 20033 -20034 imp:n,p 1
300109 400109 -2.156 20011 -20012 20024 -20025 20034 -20035 imp:n,p 1
300110 400110 -2.156 20012 -20013 20024 -20025 20030 -20031 imp:n,p 1
300111 400111 -2.156 20012 -20013 20024 -20025 20031 -20032 imp:n,p 1
300112 400112 -2.156 20012 -20013 20024 -20025 20032 -20033 imp:n,p 1
300113 400113 -2.156 20012 -20013 20024 -20025 20033 -20034 imp:n,p 1
300114 400114 -2.156 20012 -20013 20024 -20025 20034 -20035 imp:n,p 1
300115 400115 -2.156 20013 -20014 20024 -20025 20030 -20031 imp:n,p 1
300116 400116 -2.156 20013 -20014 20024 -20025 20031 -20032 imp:n,p 1
300117 400117 -2.156 20013 -20014 20024 -20025 20032 -20033 imp:n,p 1
300118 400118 -2.156 20013 -20014 20024 -20025 20033 -20034 imp:n,p 1
300119 400119 -2.156 20013 -20014 20024 -20025 20034 -20035 imp:n,p 1
300120 400120 -2.156 20014 -20015 20024 -20025 20030 -20031 imp:n,p 1
300121 400121 -2.156 20014 -20015 20024 -20025 20031 -20032 imp:n,p 1
300122 400122 -2.156 20014 -20015 20024 -20025 20032 -20033 imp:n,p 1
300123 400123 -2.156 20014 -20015 20024 -20025 20033 -20034 imp:n,p 1
300124 400124 -2.156 20014 -20015 20024 -20025 20034 -20035 imp:n,p 1
c
30 12 -0.00129 -200 #101 #121 #122 #123 #124 #125 #126 #127 #128 #129 #130 #131 #132 #133
        #21 #211 #212 #22 #221 #222 #23 #231 #232 #24 #241 #242 #20 imp:n,p 1 $Rest of the World
31 0 200 imp:n,p 0 $Outside world

c SURFACE CARDS
c
c Sample Volume
20010 px -56.0
20011 px -33.600000000000364
20012 px -11.200000000000728
20013 px 11.200000000000728
20014 px 33.600000000000364
20015 px 56.0
20020 py -45.0
20021 py -27.0
20022 py -9.0
20023 py 9.0
20024 py 27.0
20025 py 45.0
20030 pz 92.0
20031 pz 82.0
20032 pz 72.0
20033 pz 62.0
20034 pz 52.0
20035 pz 42.0
c Active Detector Region
21 rcc 56  -5.0 -1.0   0.0 20.3 0.0   4.5 $Detector 1 Base center, Hx,Hy,Hz, radius
c Shielding Surfaces
c Shielding Pb
31 rpp 19 29 -7.5 7.5 -11 9 $PbPE xmin xmax ymin ymax zmin zmax
32 rpp 9 19 4 9 -11 9 $Pb xmin xmax ymin ymax zmin zmax
33 rpp 9 19 -9 -4 -11 9 $Pb xmin xmax ymin ymax zmin zmax
34 rpp 19 29 7.5 12.5 -11 9 $Pb xmin xmax ymin ymax zmin zmax
35 rpp 19 29 -12.5 -7.5 -11 9 $Pb xmin xmax ymin ymax zmin zmax
36 rpp 29 34 -15 15 -11 9 $Pb xmin xmax ymin ymax zmin zmax
37 rpp 9 19 -4 4 4 9 $Pb xmin xmax ymin ymax zmin zmax
38 rpp -26 26 18 28 -11 9 $BA1 xmin xmax ymin ymax zmin zmax
39 rpp -26 26 -28 -18 -11 9 $BA2 xmin xmax ymin ymax zmin zmax
40 rpp -65 65 -28 28 10 10.5 $Al xmin xmax ymin ymax zmin zmax
401 rpp -27 27 29 34 -11 9 $Fe xmin xmax ymin ymax zmin zmax
402 rpp -27 27 -34 -29 -11 9 $Fe xmin xmax ymin ymax zmin zmax
301 px -20
302 px 18
303 cx 3.71
304 cx 3.81
c Wheels Surfaces
c 23/10.5-12 turf tires, 22.6 lb rubber
c diameter 29cm, tread width 25cm, and sidewall height 13.76 cm
c set thickness of all sides 1.3 cm (s.t. weight is 22.6 lb)
41 rcc -2 77 8   0.0 25 0.0 29 $wheel 1 outer tread surface
42 rcc -2 77 8   0.0 25 0.0 27.7 $wheel 1 inner tread surface
421 rcc -2 75.7 8   0.0 1.3 0.0 29 $wheel 1 outside sidewall exterior
422 rcc -2 75.7 8   0.0 1.3 0.0 15.24 $wheel 1 outside sidewall interior
423 rcc -2 102 8   0.0 1.3 0.0 29 $wheel 1 inside sidewall exterior
424 rcc -2 102 8   0.0 1.3 0.0 15.24 $wheel 1 inside sidewall interior
43 rcc 68 77 8   0.0 25 0.0 29 $wheel 2
44 rcc 68 77 8   0.0 25 0.0 27.7
441 rcc 68 75.7 8   0.0 1.3 0.0 29
442 rcc 68 75.7 8   0.0 1.3 0.0 15.24
443 rcc 68 102 8   0.0 1.3 0.0 29
444 rcc 68 102 8   0.0 1.3 0.0 15.24
45 rcc -2 -77 8   0.0 -25 0.0 29 $wheel 3
46 rcc -2 -77 8   0.0 -25 0.0 27.7
461 rcc -2 -75.7 8   0.0 -1.3 0.0 29
462 rcc -2 -75.7 8   0.0 -1.3 0.0 15.24
463 rcc -2 -102 8   0.0 -1.3 0.0 29
464 rcc -2 -102 8   0.0 -1.3 0.0 15.24
47 rcc 68 -77 8   0.0 -25 0.0 29 $wheel 4
48 rcc 68 -77 8   0.0 -25 0.0 27.7
481 rcc 68 -75.7 8   0.0 -1.3 0.0 29
482 rcc 68 -75.7 8   0.0 -1.3 0.0 15.24
483 rcc 68 -102 8   0.0 -1.3 0.0 29
484 rcc 68 -102 8   0.0 -1.3 0.0 15.24
200 so 800    $sphere of 800cm centered at origin
c

c DATA CARDS
mode n p
c dump every hr
prdmp -60 -60 -1
c 100 keV Neutron Energy Cutoff
Cut:n 1j 0.1
c analog neutron transport
phys:n 1j 14
phys:p
sdef pos=0 0 0 erg=14.0 vec= 0 0 1 dir=d1
si1  -1 .93 1
sp1   0  0.0  1.0
c ********************
c begin material cards
c ********************
c Pure Carbon
c ****************************************
m400000 6000 -0.0005003175878703786 7000 -0.0005003175878703786 14000 -0.9989993648242591 
m400001 6000 -0.002286271426907006 7000 -0.002286271426907006 14000 -0.9954274571461859 
m400002 6000 -0.0040569569937920205 7000 -0.0040569569937920205 14000 -0.9918860860124158 
m400003 6000 -0.006144790289955856 7000 -0.006144790289955856 14000 -0.9877104194200882 
m400004 6000 -0.008126427352555633 7000 -0.008126427352555633 14000 -0.9837471452948887 
m400005 6000 -0.0004838947072808027 7000 -0.0004838947072808027 14000 -0.9990322105854385 
m400006 6000 -0.0020106466040925213 7000 -0.0020106466040925213 14000 -0.9959787067918147 
m400007 6000 -0.0038660855329227793 7000 -0.0038660855329227793 14000 -0.992267828934154 
m400008 6000 -0.005929681048504692 7000 -0.005929681048504692 14000 -0.9881406379029908 
m400009 6000 -0.00768032228919145 7000 -0.00768032228919145 14000 -0.9846393554216171 
m400010 6000 -0.0004157308073270248 7000 -0.0004157308073270248 14000 -0.999168538385346 
m400011 6000 -0.0021290681133255517 7000 -0.0021290681133255517 14000 -0.9957418637733488 
m400012 6000 -0.003900124811495659 7000 -0.003900124811495659 14000 -0.9921997503770089 
m400013 6000 -0.005442874978996431 7000 -0.005442874978996431 14000 -0.989114250042007 
m400014 6000 -0.008222752040334173 7000 -0.008222752040334173 14000 -0.9835544959193315 
m400015 6000 -0.0006067195915855327 7000 -0.0006067195915855327 14000 -0.9987865608168288 
m400016 6000 -0.0021018167711628873 7000 -0.0021018167711628873 14000 -0.9957963664576739 
m400017 6000 -0.0039025359421938407 7000 -0.0039025359421938407 14000 -0.9921949281156127 
m400018 6000 -0.005966472411773191 7000 -0.005966472411773191 14000 -0.9880670551764539 
m400019 6000 -0.007907564688087718 7000 -0.007907564688087718 14000 -0.9841848706238244 
m400020 6000 -0.0004476028195256232 7000 -0.0004476028195256232 14000 -0.9991047943609488 
m400021 6000 -0.0021448611092042234 7000 -0.0021448611092042234 14000 -0.9957102777815915 
m400022 6000 -0.004247389118458879 7000 -0.004247389118458879 14000 -0.9915052217630823 
m400023 6000 -0.006074026330406027 7000 -0.006074026330406027 14000 -0.9878519473391881 
m400024 6000 -0.007914222108612002 7000 -0.007914222108612002 14000 -0.984171555782776 
m400025 6000 -0.0005671676453622176 7000 -0.0005671676453622176 14000 -0.9988656647092755 
m400026 6000 -0.002003529727271858 7000 -0.002003529727271858 14000 -0.995992940545456 
m400027 6000 -0.004385407122798931 7000 -0.004385407122798931 14000 -0.991229185754402 
m400028 6000 -0.0064689483965005125 7000 -0.0064689483965005125 14000 -0.9870621032069988 
m400029 6000 -0.008137625685964817 7000 -0.008137625685964817 14000 -0.9837247486280704 
m400030 6000 -0.0005642981141776034 7000 -0.0005642981141776034 14000 -0.9988714037716447 
m400031 6000 -0.0020337651357188406 7000 -0.0020337651357188406 14000 -0.9959324697285623 
m400032 6000 -0.004099581446331923 7000 -0.004099581446331923 14000 -0.9918008371073362 
m400033 6000 -0.005716489482358256 7000 -0.005716489482358256 14000 -0.9885670210352835 
m400034 6000 -0.007821217951189077 7000 -0.007821217951189077 14000 -0.9843575640976221 
m400035 6000 -0.0005601882671037972 7000 -0.0005601882671037972 14000 -0.9988796234657923 
m400036 6000 -0.0018040695772041006 7000 -0.0018040695772041006 14000 -0.9963918608455922 
m400037 6000 -0.004174763986852089 7000 -0.004174763986852089 14000 -0.991650472026296 
m400038 6000 -0.006048465648265943 7000 -0.006048465648265943 14000 -0.9879030687034681 
m400039 6000 -0.007960095007909694 7000 -0.007960095007909694 14000 -0.9840798099841809 
m400040 6000 -0.000500880432418856 7000 -0.000500880432418856 14000 -0.9989982391351626 
m400041 6000 -0.0021479901178077378 7000 -0.0021479901178077378 14000 -0.9957040197643845 
m400042 6000 -0.003829446670235364 7000 -0.003829446670235364 14000 -0.9923411066595291 
m400043 6000 -0.006054503096727729 7000 -0.006054503096727729 14000 -0.9878909938065447 
m400044 6000 -0.007789798592346152 7000 -0.007789798592346152 14000 -0.984420402815308 
m400045 6000 -0.0004573067623275326 7000 -0.0004573067623275326 14000 -0.9990853864753454 
m400046 6000 -0.001986028536449311 7000 -0.001986028536449311 14000 -0.9960279429271016 
m400047 6000 -0.004234142255118149 7000 -0.004234142255118149 14000 -0.9915317154897633 
m400048 6000 -0.006165974646967422 7000 -0.006165974646967422 14000 -0.9876680507060652 
m400049 6000 -0.008070805915908266 7000 -0.008070805915908266 14000 -0.9838583881681836 
m400050 6000 -0.000623280047863296 7000 -0.000623280047863296 14000 -0.9987534399042733 
m400051 6000 -0.0019880950006170637 7000 -0.0019880950006170637 14000 -0.9960238099987657 
m400052 6000 -0.0043754848681535384 7000 -0.0043754848681535384 14000 -0.9912490302636925 
m400053 6000 -0.00597517071934105 7000 -0.00597517071934105 14000 -0.9880496585613175 
m400054 6000 -0.007872408101037186 7000 -0.007872408101037186 14000 -0.9842551837979255 
m400055 6000 -0.0004582282690879335 7000 -0.0004582282690879335 14000 -0.9990835434618245 
m400056 6000 -0.002121272143679775 7000 -0.002121272143679775 14000 -0.9957574557126405 
m400057 6000 -0.0039620444420673554 7000 -0.0039620444420673554 14000 -0.9920759111158653 
m400058 6000 -0.005955838471086388 7000 -0.005955838471086388 14000 -0.9880883230578269 
m400059 6000 -0.008183584548864102 7000 -0.008183584548864102 14000 -0.9836328309022718 
m400060 6000 -0.00039697179030831334 7000 -0.00039697179030831334 14000 -0.9992060564193835 
m400061 6000 -0.001861467840434566 7000 -0.001861467840434566 14000 -0.9962770643191307 
m400062 6000 -0.0038289779847744732 7000 -0.0038289779847744732 14000 -0.9923420440304508 
m400063 6000 -0.006290918349474486 7000 -0.006290918349474486 14000 -0.9874181633010514 
m400064 6000 -0.008007039821832622 7000 -0.008007039821832622 14000 -0.983985920356335 
m400065 6000 -0.0004689012788705062 7000 -0.0004689012788705062 14000 -0.9990621974422593 
m400066 6000 -0.0020422286618632735 7000 -0.0020422286618632735 14000 -0.9959155426762736 
m400067 6000 -0.003747148354135285 7000 -0.003747148354135285 14000 -0.9925057032917292 
m400068 6000 -0.0060192518259049 7000 -0.0060192518259049 14000 -0.9879614963481902 
m400069 6000 -0.007780115744689329 7000 -0.007780115744689329 14000 -0.9844397685106212 
m400070 6000 -0.0004705403340640366 7000 -0.0004705403340640366 14000 -0.9990589193318721 
m400071 6000 -0.002121220409460854 7000 -0.002121220409460854 14000 -0.9957575591810781 
m400072 6000 -0.003918106961457491 7000 -0.003918106961457491 14000 -0.9921637860770851 
m400073 6000 -0.006083142881150984 7000 -0.006083142881150984 14000 -0.9878337142376981 
m400074 6000 -0.00775222811302554 7000 -0.00775222811302554 14000 -0.984495543773949 
m400075 6000 -0.0005888593233764829 7000 -0.0005888593233764829 14000 -0.9988222813532469 
m400076 6000 -0.0019913585441854093 7000 -0.0019913585441854093 14000 -0.9960172829116292 
m400077 6000 -0.0038939601406483802 7000 -0.0038939601406483802 14000 -0.992212079718703 
m400078 6000 -0.005744376753304364 7000 -0.005744376753304364 14000 -0.9885112464933915 
m400079 6000 -0.00817256459739625 7000 -0.00817256459739625 14000 -0.9836548708052076 
m400080 6000 -0.0005152622686793517 7000 -0.0005152622686793517 14000 -0.9989694754626415 
m400081 6000 -0.0019645154238639565 7000 -0.0019645154238639565 14000 -0.9960709691522722 
m400082 6000 -0.003919779927541662 7000 -0.003919779927541662 14000 -0.9921604401449167 
m400083 6000 -0.006081235519023656 7000 -0.006081235519023656 14000 -0.9878375289619525 
m400084 6000 -0.007947407162323205 7000 -0.007947407162323205 14000 -0.9841051856753537 
m400085 6000 -0.00048685999390531907 7000 -0.00048685999390531907 14000 -0.9990262800121892 
m400086 6000 -0.002040907419671199 7000 -0.002040907419671199 14000 -0.9959181851606577 
m400087 6000 -0.003958400605827275 7000 -0.003958400605827275 14000 -0.9920831987883457 
m400088 6000 -0.005737143095522531 7000 -0.005737143095522531 14000 -0.9885257138089549 
m400089 6000 -0.007743593427057224 7000 -0.007743593427057224 14000 -0.9845128131458852 
m400090 6000 -0.000499481519164873 7000 -0.000499481519164873 14000 -0.9990010369616702 
m400091 6000 -0.0018389115615922893 7000 -0.0018389115615922893 14000 -0.9963221768768155 
m400092 6000 -0.004351547982556636 7000 -0.004351547982556636 14000 -0.9912969040348866 
m400093 6000 -0.005903269239530071 7000 -0.005903269239530071 14000 -0.9881934615209395 
m400094 6000 -0.007987041211196222 7000 -0.007987041211196222 14000 -0.9840259175776077 
m400095 6000 -0.000490523761198132 7000 -0.000490523761198132 14000 -0.9990189524776036 
m400096 6000 -0.0020334728853318596 7000 -0.0020334728853318596 14000 -0.9959330542293362 
m400097 6000 -0.003975700292323501 7000 -0.003975700292323501 14000 -0.992048599415353 
m400098 6000 -0.005647503923400167 7000 -0.005647503923400167 14000 -0.9887049921531995 
m400099 6000 -0.008125767050802575 7000 -0.008125767050802575 14000 -0.9837484658983946 
m400100 6000 -0.00046715083100059575 7000 -0.00046715083100059575 14000 -0.9990656983379987 
m400101 6000 -0.0020928698560706656 7000 -0.0020928698560706656 14000 -0.9958142602878586 
m400102 6000 -0.0038380895021074076 7000 -0.0038380895021074076 14000 -0.9923238209957848 
m400103 6000 -0.006123741084929354 7000 -0.006123741084929354 14000 -0.9877525178301413 
m400104 6000 -0.007927048661425469 7000 -0.007927048661425469 14000 -0.984145902677149 
m400105 6000 -0.00048385764188734907 7000 -0.00048385764188734907 14000 -0.9990322847162253 
m400106 6000 -0.001733235557469478 7000 -0.001733235557469478 14000 -0.9965335288850612 
m400107 6000 -0.0038242435727582264 7000 -0.0038242435727582264 14000 -0.9923515128544834 
m400108 6000 -0.005731067885287836 7000 -0.005731067885287836 14000 -0.9885378642294244 
m400109 6000 -0.007771807692835664 7000 -0.007771807692835664 14000 -0.9844563846143282 
m400110 6000 -0.0005584365867120519 7000 -0.0005584365867120519 14000 -0.9988831268265759 
m400111 6000 -0.0019897856966866237 7000 -0.0019897856966866237 14000 -0.9960204286066268 
m400112 6000 -0.0036796125711342957 7000 -0.0036796125711342957 14000 -0.9926407748577313 
m400113 6000 -0.006139628048391932 7000 -0.006139628048391932 14000 -0.9877207439032161 
m400114 6000 -0.008031839488480396 7000 -0.008031839488480396 14000 -0.9839363210230394 
m400115 6000 -0.00041419580824820503 7000 -0.00041419580824820503 14000 -0.9991716083835036 
m400116 6000 -0.0018019637265543828 7000 -0.0018019637265543828 14000 -0.996396072546891 
m400117 6000 -0.004102324769654175 7000 -0.004102324769654175 14000 -0.9917953504606917 
m400118 6000 -0.00617471685500236 7000 -0.00617471685500236 14000 -0.987650566289995 
m400119 6000 -0.00787211104782754 7000 -0.00787211104782754 14000 -0.9842557779043449 
m400120 6000 -0.0004680192952703851 7000 -0.0004680192952703851 14000 -0.9990639614094592 
m400121 6000 -0.0019376142256684143 7000 -0.0019376142256684143 14000 -0.9961247715486633 
m400122 6000 -0.0037066909924809003 7000 -0.0037066909924809003 14000 -0.9925866180150384 
m400123 6000 -0.006065162021348007 7000 -0.006065162021348007 14000 -0.9878696759573039 
m400124 6000 -0.00799429526514941 7000 -0.00799429526514941 14000 -0.9840114094697014 
c **********************************
c PE+Pb, dens=4.78 g/cm3
m2      6000    -0.04286 $Carbon
        1001    -0.00714 $Hydrogen
        82000   -0.95000 $Lead
c **********************************
m3    1001 -0.048535 $Boric acid
      5010 -0.034981
      5011 -0.139923
      8016 -0.776561
c **********************************
m4    82000 1 $Lead
c **********************************
m5 26000 1 $Iron
c **********************************
m6     13027   -1.000 $ Aluminum
c **********************************
c  SS-304 (8.00 g/cm3), #298 in PNNL Compendium
m7   006000.50c -0.0004000
     014000.60c -0.0050000
     015031.50c -0.0002300
     016000.60c -0.0001500
     024000.50c -0.1899981
     025055.60c -0.0099999
     026000.50c -0.7017229
     028000.50c -0.0924991
c ****************************************
c       LaBr detector
c ****************************************
m8       35079    -0.2946       $ Br79
         35081    -0.3069       $ Br81
         57139    -0.3485       $ La139
         58140    -0.0500       $ Ce140
c ************ air den=1.15e-3g/cc
m12     8016 -0.23
        7014 -0.77
c ************ Rubber Natural den=0.92 g/cc
m13     1001 -0.118371  $weight fraction
        6000 -0.881629
c
c end material cards
c
rand seed=8674536546524321 $different initial random #; seed# - any less 18 digits
c
c ********** begin tallies *********************
fc78 *********Broadened Pulse Height Tally Sum of Detectors 1,2 & 3 ***********
e78 0 1e-5 932i 8.4295
F78:p (101)
FT78 GEB -0.026198 0.059551 -0.037176
fc18 *********Unbroadened Pulse Height Tally Sum of Detectors 1,2 & 3 ***********
e18 0 1e-5 932i 8.4295
F18:p (101)
c ***********************************
c mplot tal 78 freq 10000
nps 1e9
