c CAS DETECTOR
c w/ Shielding in Place and Wheels
c
c CELL CARDS
c
c @@@@@@@@@@ Detectors @@@@@@@@@@@@@@@@@
c
101 8 -5.08 -21 imp:n,p 1 $LaBr Detector #1 Active Region
c
c @@@@@@@@@ Shielding @@@@@@@@@@@@@@@@@
c
121 2 -4.78 -31 imp:n,p 1 $PE_Pb
122 4 -11.29 -32 imp:n,p 1 $Pb1
123 4 -11.29 -33 imp:n,p 1 $Pb2
124 4 -11.29 -34 imp:n,p 1 $Pb3
125 4 -11.29 -35 imp:n,p 1 $Pb4
126 4 -11.29 -36 imp:n,p 1 $Pb5
127 4 -11.29 -37 imp:n,p 1 $Pb6
128 3 -1.5 -38 imp:n,p 1 $BA1
129 3 -1.5 -39 imp:n,p 1 $BA2
130 6 -2.7 -40 imp:n,p 1 $Al
131 7 -7.92 301 -302 303 -304 imp:n,p 1 $Fe-tube
132 5 -7.8 -401 imp:n,p 1 $Fe
133 5 -7.8 -402 imp:n,p 1 $Fe
c @@@@@@@@@@ Wheels @@@@@@@@@@@@@@@@@
c
21 13 -0.92 -41 42 imp:n,p 1 $Wheel 1
211 13 -0.92 -421 422 imp:n,p 1 $Wheel 1
212 13 -0.92 -423 424 imp:n,p 1 $Wheel 1
22 13 -0.92 -43 44 imp:n,p 1 $Wheel 2
221 13 -0.92 -441 442 imp:n,p 1 $Wheel 2
222 13 -0.92 -443 444 imp:n,p 1 $Wheel 2
23 13 -0.92 -45 46 imp:n,p 1 $Wheel 3
231 13 -0.92 -461 462 imp:n,p 1 $Wheel 3
232 13 -0.92 -463 464 imp:n,p 1 $Wheel 3
24 13 -0.92 -47 48 imp:n,p 1 $Wheel 4
241 13 -0.92 -481 482 imp:n,p 1 $Wheel 4
242 13 -0.92 -483 484 imp:n,p 1 $Wheel 4
c
c @@@@@@@@@@ SOIL VOLUME @@@@@@@@@@@
c
300000 400000 -2.156 20010 -20011 20020 -20021 20030 -20031 imp:n,p 1
300001 400001 -2.156 20010 -20011 20020 -20021 20031 -20032 imp:n,p 1
300002 400002 -2.156 20010 -20011 20020 -20021 20032 -20033 imp:n,p 1
300003 400003 -2.156 20010 -20011 20020 -20021 20033 -20034 imp:n,p 1
300004 400004 -2.156 20010 -20011 20020 -20021 20034 -20035 imp:n,p 1
300005 400005 -2.156 20011 -20012 20020 -20021 20030 -20031 imp:n,p 1
300006 400006 -2.156 20011 -20012 20020 -20021 20031 -20032 imp:n,p 1
300007 400007 -2.156 20011 -20012 20020 -20021 20032 -20033 imp:n,p 1
300008 400008 -2.156 20011 -20012 20020 -20021 20033 -20034 imp:n,p 1
300009 400009 -2.156 20011 -20012 20020 -20021 20034 -20035 imp:n,p 1
300010 400010 -2.156 20012 -20013 20020 -20021 20030 -20031 imp:n,p 1
300011 400011 -2.156 20012 -20013 20020 -20021 20031 -20032 imp:n,p 1
300012 400012 -2.156 20012 -20013 20020 -20021 20032 -20033 imp:n,p 1
300013 400013 -2.156 20012 -20013 20020 -20021 20033 -20034 imp:n,p 1
300014 400014 -2.156 20012 -20013 20020 -20021 20034 -20035 imp:n,p 1
300015 400015 -2.156 20013 -20014 20020 -20021 20030 -20031 imp:n,p 1
300016 400016 -2.156 20013 -20014 20020 -20021 20031 -20032 imp:n,p 1
300017 400017 -2.156 20013 -20014 20020 -20021 20032 -20033 imp:n,p 1
300018 400018 -2.156 20013 -20014 20020 -20021 20033 -20034 imp:n,p 1
300019 400019 -2.156 20013 -20014 20020 -20021 20034 -20035 imp:n,p 1
300020 400020 -2.156 20014 -20015 20020 -20021 20030 -20031 imp:n,p 1
300021 400021 -2.156 20014 -20015 20020 -20021 20031 -20032 imp:n,p 1
300022 400022 -2.156 20014 -20015 20020 -20021 20032 -20033 imp:n,p 1
300023 400023 -2.156 20014 -20015 20020 -20021 20033 -20034 imp:n,p 1
300024 400024 -2.156 20014 -20015 20020 -20021 20034 -20035 imp:n,p 1
300025 400025 -2.156 20010 -20011 20021 -20022 20030 -20031 imp:n,p 1
300026 400026 -2.156 20010 -20011 20021 -20022 20031 -20032 imp:n,p 1
300027 400027 -2.156 20010 -20011 20021 -20022 20032 -20033 imp:n,p 1
300028 400028 -2.156 20010 -20011 20021 -20022 20033 -20034 imp:n,p 1
300029 400029 -2.156 20010 -20011 20021 -20022 20034 -20035 imp:n,p 1
300030 400030 -2.156 20011 -20012 20021 -20022 20030 -20031 imp:n,p 1
300031 400031 -2.156 20011 -20012 20021 -20022 20031 -20032 imp:n,p 1
300032 400032 -2.156 20011 -20012 20021 -20022 20032 -20033 imp:n,p 1
300033 400033 -2.156 20011 -20012 20021 -20022 20033 -20034 imp:n,p 1
300034 400034 -2.156 20011 -20012 20021 -20022 20034 -20035 imp:n,p 1
300035 400035 -2.156 20012 -20013 20021 -20022 20030 -20031 imp:n,p 1
300036 400036 -2.156 20012 -20013 20021 -20022 20031 -20032 imp:n,p 1
300037 400037 -2.156 20012 -20013 20021 -20022 20032 -20033 imp:n,p 1
300038 400038 -2.156 20012 -20013 20021 -20022 20033 -20034 imp:n,p 1
300039 400039 -2.156 20012 -20013 20021 -20022 20034 -20035 imp:n,p 1
300040 400040 -2.156 20013 -20014 20021 -20022 20030 -20031 imp:n,p 1
300041 400041 -2.156 20013 -20014 20021 -20022 20031 -20032 imp:n,p 1
300042 400042 -2.156 20013 -20014 20021 -20022 20032 -20033 imp:n,p 1
300043 400043 -2.156 20013 -20014 20021 -20022 20033 -20034 imp:n,p 1
300044 400044 -2.156 20013 -20014 20021 -20022 20034 -20035 imp:n,p 1
300045 400045 -2.156 20014 -20015 20021 -20022 20030 -20031 imp:n,p 1
300046 400046 -2.156 20014 -20015 20021 -20022 20031 -20032 imp:n,p 1
300047 400047 -2.156 20014 -20015 20021 -20022 20032 -20033 imp:n,p 1
300048 400048 -2.156 20014 -20015 20021 -20022 20033 -20034 imp:n,p 1
300049 400049 -2.156 20014 -20015 20021 -20022 20034 -20035 imp:n,p 1
300050 400050 -2.156 20010 -20011 20022 -20023 20030 -20031 imp:n,p 1
300051 400051 -2.156 20010 -20011 20022 -20023 20031 -20032 imp:n,p 1
300052 400052 -2.156 20010 -20011 20022 -20023 20032 -20033 imp:n,p 1
300053 400053 -2.156 20010 -20011 20022 -20023 20033 -20034 imp:n,p 1
300054 400054 -2.156 20010 -20011 20022 -20023 20034 -20035 imp:n,p 1
300055 400055 -2.156 20011 -20012 20022 -20023 20030 -20031 imp:n,p 1
300056 400056 -2.156 20011 -20012 20022 -20023 20031 -20032 imp:n,p 1
300057 400057 -2.156 20011 -20012 20022 -20023 20032 -20033 imp:n,p 1
300058 400058 -2.156 20011 -20012 20022 -20023 20033 -20034 imp:n,p 1
300059 400059 -2.156 20011 -20012 20022 -20023 20034 -20035 imp:n,p 1
300060 400060 -2.156 20012 -20013 20022 -20023 20030 -20031 imp:n,p 1
300061 400061 -2.156 20012 -20013 20022 -20023 20031 -20032 imp:n,p 1
300062 400062 -2.156 20012 -20013 20022 -20023 20032 -20033 imp:n,p 1
300063 400063 -2.156 20012 -20013 20022 -20023 20033 -20034 imp:n,p 1
300064 400064 -2.156 20012 -20013 20022 -20023 20034 -20035 imp:n,p 1
300065 400065 -2.156 20013 -20014 20022 -20023 20030 -20031 imp:n,p 1
300066 400066 -2.156 20013 -20014 20022 -20023 20031 -20032 imp:n,p 1
300067 400067 -2.156 20013 -20014 20022 -20023 20032 -20033 imp:n,p 1
300068 400068 -2.156 20013 -20014 20022 -20023 20033 -20034 imp:n,p 1
300069 400069 -2.156 20013 -20014 20022 -20023 20034 -20035 imp:n,p 1
300070 400070 -2.156 20014 -20015 20022 -20023 20030 -20031 imp:n,p 1
300071 400071 -2.156 20014 -20015 20022 -20023 20031 -20032 imp:n,p 1
300072 400072 -2.156 20014 -20015 20022 -20023 20032 -20033 imp:n,p 1
300073 400073 -2.156 20014 -20015 20022 -20023 20033 -20034 imp:n,p 1
300074 400074 -2.156 20014 -20015 20022 -20023 20034 -20035 imp:n,p 1
300075 400075 -2.156 20010 -20011 20023 -20024 20030 -20031 imp:n,p 1
300076 400076 -2.156 20010 -20011 20023 -20024 20031 -20032 imp:n,p 1
300077 400077 -2.156 20010 -20011 20023 -20024 20032 -20033 imp:n,p 1
300078 400078 -2.156 20010 -20011 20023 -20024 20033 -20034 imp:n,p 1
300079 400079 -2.156 20010 -20011 20023 -20024 20034 -20035 imp:n,p 1
300080 400080 -2.156 20011 -20012 20023 -20024 20030 -20031 imp:n,p 1
300081 400081 -2.156 20011 -20012 20023 -20024 20031 -20032 imp:n,p 1
300082 400082 -2.156 20011 -20012 20023 -20024 20032 -20033 imp:n,p 1
300083 400083 -2.156 20011 -20012 20023 -20024 20033 -20034 imp:n,p 1
300084 400084 -2.156 20011 -20012 20023 -20024 20034 -20035 imp:n,p 1
300085 400085 -2.156 20012 -20013 20023 -20024 20030 -20031 imp:n,p 1
300086 400086 -2.156 20012 -20013 20023 -20024 20031 -20032 imp:n,p 1
300087 400087 -2.156 20012 -20013 20023 -20024 20032 -20033 imp:n,p 1
300088 400088 -2.156 20012 -20013 20023 -20024 20033 -20034 imp:n,p 1
300089 400089 -2.156 20012 -20013 20023 -20024 20034 -20035 imp:n,p 1
300090 400090 -2.156 20013 -20014 20023 -20024 20030 -20031 imp:n,p 1
300091 400091 -2.156 20013 -20014 20023 -20024 20031 -20032 imp:n,p 1
300092 400092 -2.156 20013 -20014 20023 -20024 20032 -20033 imp:n,p 1
300093 400093 -2.156 20013 -20014 20023 -20024 20033 -20034 imp:n,p 1
300094 400094 -2.156 20013 -20014 20023 -20024 20034 -20035 imp:n,p 1
300095 400095 -2.156 20014 -20015 20023 -20024 20030 -20031 imp:n,p 1
300096 400096 -2.156 20014 -20015 20023 -20024 20031 -20032 imp:n,p 1
300097 400097 -2.156 20014 -20015 20023 -20024 20032 -20033 imp:n,p 1
300098 400098 -2.156 20014 -20015 20023 -20024 20033 -20034 imp:n,p 1
300099 400099 -2.156 20014 -20015 20023 -20024 20034 -20035 imp:n,p 1
300100 400100 -2.156 20010 -20011 20024 -20025 20030 -20031 imp:n,p 1
300101 400101 -2.156 20010 -20011 20024 -20025 20031 -20032 imp:n,p 1
300102 400102 -2.156 20010 -20011 20024 -20025 20032 -20033 imp:n,p 1
300103 400103 -2.156 20010 -20011 20024 -20025 20033 -20034 imp:n,p 1
300104 400104 -2.156 20010 -20011 20024 -20025 20034 -20035 imp:n,p 1
300105 400105 -2.156 20011 -20012 20024 -20025 20030 -20031 imp:n,p 1
300106 400106 -2.156 20011 -20012 20024 -20025 20031 -20032 imp:n,p 1
300107 400107 -2.156 20011 -20012 20024 -20025 20032 -20033 imp:n,p 1
300108 400108 -2.156 20011 -20012 20024 -20025 20033 -20034 imp:n,p 1
300109 400109 -2.156 20011 -20012 20024 -20025 20034 -20035 imp:n,p 1
300110 400110 -2.156 20012 -20013 20024 -20025 20030 -20031 imp:n,p 1
300111 400111 -2.156 20012 -20013 20024 -20025 20031 -20032 imp:n,p 1
300112 400112 -2.156 20012 -20013 20024 -20025 20032 -20033 imp:n,p 1
300113 400113 -2.156 20012 -20013 20024 -20025 20033 -20034 imp:n,p 1
300114 400114 -2.156 20012 -20013 20024 -20025 20034 -20035 imp:n,p 1
300115 400115 -2.156 20013 -20014 20024 -20025 20030 -20031 imp:n,p 1
300116 400116 -2.156 20013 -20014 20024 -20025 20031 -20032 imp:n,p 1
300117 400117 -2.156 20013 -20014 20024 -20025 20032 -20033 imp:n,p 1
300118 400118 -2.156 20013 -20014 20024 -20025 20033 -20034 imp:n,p 1
300119 400119 -2.156 20013 -20014 20024 -20025 20034 -20035 imp:n,p 1
300120 400120 -2.156 20014 -20015 20024 -20025 20030 -20031 imp:n,p 1
300121 400121 -2.156 20014 -20015 20024 -20025 20031 -20032 imp:n,p 1
300122 400122 -2.156 20014 -20015 20024 -20025 20032 -20033 imp:n,p 1
300123 400123 -2.156 20014 -20015 20024 -20025 20033 -20034 imp:n,p 1
300124 400124 -2.156 20014 -20015 20024 -20025 20034 -20035 imp:n,p 1
c
30 12 -0.00129 -200 #101 #121 #122 #123 #124 #125 #126 #127 #128 #129 #130 #131 #132 #133
        #21 #211 #212 #22 #221 #222 #23 #231 #232 #24 #241 #242 #20 imp:n,p 1 $Rest of the World
31 0 200 imp:n,p 0 $Outside world

c SURFACE CARDS
c
c Sample Volume
20010 px -56.0
20011 px -33.600000000000364
20012 px -11.200000000000728
20013 px 11.200000000000728
20014 px 33.600000000000364
20015 px 56.0
20020 py -45.0
20021 py -27.0
20022 py -9.0
20023 py 9.0
20024 py 27.0
20025 py 45.0
20030 pz 92.0
20031 pz 82.0
20032 pz 72.0
20033 pz 62.0
20034 pz 52.0
20035 pz 42.0
c Active Detector Region
21 rcc 56  -5.0 -1.0   0.0 20.3 0.0   4.5 $Detector 1 Base center, Hx,Hy,Hz, radius
c Shielding Surfaces
c Shielding Pb
31 rpp 19 29 -7.5 7.5 -11 9 $PbPE xmin xmax ymin ymax zmin zmax
32 rpp 9 19 4 9 -11 9 $Pb xmin xmax ymin ymax zmin zmax
33 rpp 9 19 -9 -4 -11 9 $Pb xmin xmax ymin ymax zmin zmax
34 rpp 19 29 7.5 12.5 -11 9 $Pb xmin xmax ymin ymax zmin zmax
35 rpp 19 29 -12.5 -7.5 -11 9 $Pb xmin xmax ymin ymax zmin zmax
36 rpp 29 34 -15 15 -11 9 $Pb xmin xmax ymin ymax zmin zmax
37 rpp 9 19 -4 4 4 9 $Pb xmin xmax ymin ymax zmin zmax
38 rpp -26 26 18 28 -11 9 $BA1 xmin xmax ymin ymax zmin zmax
39 rpp -26 26 -28 -18 -11 9 $BA2 xmin xmax ymin ymax zmin zmax
40 rpp -65 65 -28 28 10 10.5 $Al xmin xmax ymin ymax zmin zmax
401 rpp -27 27 29 34 -11 9 $Fe xmin xmax ymin ymax zmin zmax
402 rpp -27 27 -34 -29 -11 9 $Fe xmin xmax ymin ymax zmin zmax
301 px -20
302 px 18
303 cx 3.71
304 cx 3.81
c Wheels Surfaces
c 23/10.5-12 turf tires, 22.6 lb rubber
c diameter 29cm, tread width 25cm, and sidewall height 13.76 cm
c set thickness of all sides 1.3 cm (s.t. weight is 22.6 lb)
41 rcc -2 77 8   0.0 25 0.0 29 $wheel 1 outer tread surface
42 rcc -2 77 8   0.0 25 0.0 27.7 $wheel 1 inner tread surface
421 rcc -2 75.7 8   0.0 1.3 0.0 29 $wheel 1 outside sidewall exterior
422 rcc -2 75.7 8   0.0 1.3 0.0 15.24 $wheel 1 outside sidewall interior
423 rcc -2 102 8   0.0 1.3 0.0 29 $wheel 1 inside sidewall exterior
424 rcc -2 102 8   0.0 1.3 0.0 15.24 $wheel 1 inside sidewall interior
43 rcc 68 77 8   0.0 25 0.0 29 $wheel 2
44 rcc 68 77 8   0.0 25 0.0 27.7
441 rcc 68 75.7 8   0.0 1.3 0.0 29
442 rcc 68 75.7 8   0.0 1.3 0.0 15.24
443 rcc 68 102 8   0.0 1.3 0.0 29
444 rcc 68 102 8   0.0 1.3 0.0 15.24
45 rcc -2 -77 8   0.0 -25 0.0 29 $wheel 3
46 rcc -2 -77 8   0.0 -25 0.0 27.7
461 rcc -2 -75.7 8   0.0 -1.3 0.0 29
462 rcc -2 -75.7 8   0.0 -1.3 0.0 15.24
463 rcc -2 -102 8   0.0 -1.3 0.0 29
464 rcc -2 -102 8   0.0 -1.3 0.0 15.24
47 rcc 68 -77 8   0.0 -25 0.0 29 $wheel 4
48 rcc 68 -77 8   0.0 -25 0.0 27.7
481 rcc 68 -75.7 8   0.0 -1.3 0.0 29
482 rcc 68 -75.7 8   0.0 -1.3 0.0 15.24
483 rcc 68 -102 8   0.0 -1.3 0.0 29
484 rcc 68 -102 8   0.0 -1.3 0.0 15.24
200 so 800    $sphere of 800cm centered at origin
c

c DATA CARDS
mode n p
c dump every hr
prdmp -60 -60 -1
c 100 keV Neutron Energy Cutoff
Cut:n 1j 0.1
c analog neutron transport
phys:n 1j 14
phys:p
sdef pos=0 0 0 erg=14.0 vec= 0 0 1 dir=d1
si1  -1 .93 1
sp1   0  0.0  1.0
c ********************
c begin material cards
c ********************
c Pure Carbon
c ****************************************
m400000 6000 -0.000572056692247935 7000 -0.000572056692247935 14000 -0.998855886615504 
m400001 6000 -0.002131673044678514 7000 -0.002131673044678514 14000 -0.9957366539106431 
m400002 6000 -0.004136320288038194 7000 -0.004136320288038194 14000 -0.9917273594239235 
m400003 6000 -0.006085794464291492 7000 -0.006085794464291492 14000 -0.987828411071417 
m400004 6000 -0.008284282063025457 7000 -0.008284282063025457 14000 -0.9834314358739491 
m400005 6000 -0.0006302891500885469 7000 -0.0006302891500885469 14000 -0.9987394216998227 
m400006 6000 -0.002265419846750023 7000 -0.002265419846750023 14000 -0.9954691603065001 
m400007 6000 -0.004088492293407628 7000 -0.004088492293407628 14000 -0.9918230154131846 
m400008 6000 -0.006242354530614431 7000 -0.006242354530614431 14000 -0.9875152909387711 
m400009 6000 -0.008338354564569422 7000 -0.008338354564569422 14000 -0.9833232908708612 
m400010 6000 -0.0005454825833111184 7000 -0.0005454825833111184 14000 -0.9989090348333776 
m400011 6000 -0.0025277433553529153 7000 -0.0025277433553529153 14000 -0.994944513289294 
m400012 6000 -0.0043353713019342495 7000 -0.0043353713019342495 14000 -0.9913292573961319 
m400013 6000 -0.00602675042567543 7000 -0.00602675042567543 14000 -0.987946499148649 
m400014 6000 -0.008044338235968696 7000 -0.008044338235968696 14000 -0.9839113235280625 
m400015 6000 -0.0006386350601397068 7000 -0.0006386350601397068 14000 -0.9987227298797207 
m400016 6000 -0.0024776022271117224 7000 -0.0024776022271117224 14000 -0.9950447955457767 
m400017 6000 -0.003836815955139953 7000 -0.003836815955139953 14000 -0.9923263680897199 
m400018 6000 -0.006274187587463279 7000 -0.006274187587463279 14000 -0.9874516248250736 
m400019 6000 -0.00846715067576812 7000 -0.00846715067576812 14000 -0.983065698648464 
m400020 6000 -0.0004074168176802719 7000 -0.0004074168176802719 14000 -0.9991851663646396 
m400021 6000 -0.002226955136182455 7000 -0.002226955136182455 14000 -0.9955460897276354 
m400022 6000 -0.003842856573945506 7000 -0.003842856573945506 14000 -0.9923142868521091 
m400023 6000 -0.00615117999691239 7000 -0.00615117999691239 14000 -0.9876976400061753 
m400024 6000 -0.008185535601115602 7000 -0.008185535601115602 14000 -0.983628928797769 
m400025 6000 -0.0005056937376591152 7000 -0.0005056937376591152 14000 -0.9989886125246819 
m400026 6000 -0.0022741298370894613 7000 -0.0022741298370894613 14000 -0.9954517403258213 
m400027 6000 -0.004406197742689844 7000 -0.004406197742689844 14000 -0.9911876045146204 
m400028 6000 -0.006323025185862272 7000 -0.006323025185862272 14000 -0.9873539496282757 
m400029 6000 -0.008176955678067428 7000 -0.008176955678067428 14000 -0.9836460886438654 
m400030 6000 -0.000609076516015718 7000 -0.000609076516015718 14000 -0.9987818469679687 
m400031 6000 -0.0022598333440267417 7000 -0.0022598333440267417 14000 -0.9954803333119466 
m400032 6000 -0.0038900951371048276 7000 -0.0038900951371048276 14000 -0.9922198097257904 
m400033 6000 -0.006390499463275332 7000 -0.006390499463275332 14000 -0.9872190010734491 
m400034 6000 -0.008359218100669375 7000 -0.008359218100669375 14000 -0.9832815637986614 
m400035 6000 -0.0006980656508301835 7000 -0.0006980656508301835 14000 -0.9986038686983395 
m400036 6000 -0.0019387563286688587 7000 -0.0019387563286688587 14000 -0.9961224873426622 
m400037 6000 -0.004185919811220617 7000 -0.004185919811220617 14000 -0.9916281603775589 
m400038 6000 -0.00641829979630577 7000 -0.00641829979630577 14000 -0.9871634004073883 
m400039 6000 -0.007893406582476193 7000 -0.007893406582476193 14000 -0.9842131868350478 
m400040 6000 -0.0005658597252906978 7000 -0.0005658597252906978 14000 -0.9988682805494186 
m400041 6000 -0.00199578038287505 7000 -0.00199578038287505 14000 -0.9960084392342502 
m400042 6000 -0.004526875368346348 7000 -0.004526875368346348 14000 -0.9909462492633074 
m400043 6000 -0.0063124593634536095 7000 -0.0063124593634536095 14000 -0.9873750812730927 
m400044 6000 -0.008391184708401729 7000 -0.008391184708401729 14000 -0.9832176305831966 
m400045 6000 -0.0006459702758393224 7000 -0.0006459702758393224 14000 -0.9987080594483213 
m400046 6000 -0.0024893923103282687 7000 -0.0024893923103282687 14000 -0.9950212153793436 
m400047 6000 -0.0043581049892328656 7000 -0.0043581049892328656 14000 -0.9912837900215345 
m400048 6000 -0.00616512986227464 7000 -0.00616512986227464 14000 -0.9876697402754505 
m400049 6000 -0.008127066397138751 7000 -0.008127066397138751 14000 -0.9837458672057227 
m400050 6000 -0.0006487420140994442 7000 -0.0006487420140994442 14000 -0.998702515971801 
m400051 6000 -0.002216324074324962 7000 -0.002216324074324962 14000 -0.9955673518513499 
m400052 6000 -0.004128382196364939 7000 -0.004128382196364939 14000 -0.9917432356072702 
m400053 6000 -0.006468474194321485 7000 -0.006468474194321485 14000 -0.9870630516113572 
m400054 6000 -0.008224027367131775 7000 -0.008224027367131775 14000 -0.9835519452657364 
m400055 6000 -0.0008619322886930743 7000 -0.0008619322886930743 14000 -0.9982761354226138 
m400056 6000 -0.0021628445923533453 7000 -0.0021628445923533453 14000 -0.9956743108152935 
m400057 6000 -0.004169652023349882 7000 -0.004169652023349882 14000 -0.9916606959533003 
m400058 6000 -0.00630515029967039 7000 -0.00630515029967039 14000 -0.9873896994006591 
m400059 6000 -0.0082044641065408 7000 -0.0082044641065408 14000 -0.9835910717869183 
m400060 6000 -0.0006516742471646967 7000 -0.0006516742471646967 14000 -0.9986966515056704 
m400061 6000 -0.0018987891689656651 7000 -0.0018987891689656651 14000 -0.9962024216620686 
m400062 6000 -0.003928233053522076 7000 -0.003928233053522076 14000 -0.9921435338929558 
m400063 6000 -0.006162272079143688 7000 -0.006162272079143688 14000 -0.9876754558417129 
m400064 6000 -0.008279055221041182 7000 -0.008279055221041182 14000 -0.9834418895579178 
m400065 6000 -0.0007764579257217873 7000 -0.0007764579257217873 14000 -0.9984470841485567 
m400066 6000 -0.001997838595486662 7000 -0.001997838595486662 14000 -0.9960043228090266 
m400067 6000 -0.004182487917950788 7000 -0.004182487917950788 14000 -0.9916350241640987 
m400068 6000 -0.006228062618097946 7000 -0.006228062618097946 14000 -0.987543874763804 
m400069 6000 -0.008214494909571024 7000 -0.008214494909571024 14000 -0.9835710101808581 
m400070 6000 -0.0007492192544861572 7000 -0.0007492192544861572 14000 -0.9985015614910275 
m400071 6000 -0.0022116355343458887 7000 -0.0022116355343458887 14000 -0.995576728931308 
m400072 6000 -0.004423624229222164 7000 -0.004423624229222164 14000 -0.9911527515415557 
m400073 6000 -0.006486448261028169 7000 -0.006486448261028169 14000 -0.9870271034779434 
m400074 6000 -0.007910736885044477 7000 -0.007910736885044477 14000 -0.9841785262299108 
m400075 6000 -0.0006493743646248328 7000 -0.0006493743646248328 14000 -0.9987012512707506 
m400076 6000 -0.0019469175082762688 7000 -0.0019469175082762688 14000 -0.9961061649834471 
m400077 6000 -0.003987897584955405 7000 -0.003987897584955405 14000 -0.9920242048300889 
m400078 6000 -0.005876891633033799 7000 -0.005876891633033799 14000 -0.9882462167339322 
m400079 6000 -0.008410480532460449 7000 -0.008410480532460449 14000 -0.9831790389350791 
m400080 6000 -0.000691737215460533 7000 -0.000691737215460533 14000 -0.9986165255690789 
m400081 6000 -0.0023450902046879564 7000 -0.0023450902046879564 14000 -0.995309819590624 
m400082 6000 -0.0038966539908054003 7000 -0.0038966539908054003 14000 -0.9922066920183892 
m400083 6000 -0.0061683065661133785 7000 -0.0061683065661133785 14000 -0.9876633868677729 
m400084 6000 -0.008195862403882658 7000 -0.008195862403882658 14000 -0.9836082751922348 
m400085 6000 -0.0007180524034912343 7000 -0.0007180524034912343 14000 -0.9985638951930176 
m400086 6000 -0.0020725644080985613 7000 -0.0020725644080985613 14000 -0.9958548711838027 
m400087 6000 -0.004171653468401783 7000 -0.004171653468401783 14000 -0.9916566930631961 
m400088 6000 -0.0063697680960433465 7000 -0.0063697680960433465 14000 -0.9872604638079133 
m400089 6000 -0.008257829393522815 7000 -0.008257829393522815 14000 -0.9834843412129544 
m400090 6000 -0.0007502536977931503 7000 -0.0007502536977931503 14000 -0.9984994926044136 
m400091 6000 -0.002374543316618965 7000 -0.002374543316618965 14000 -0.9952509133667621 
m400092 6000 -0.004246306564874813 7000 -0.004246306564874813 14000 -0.9915073868702505 
m400093 6000 -0.006012209430421716 7000 -0.006012209430421716 14000 -0.9879755811391568 
m400094 6000 -0.00811478299648882 7000 -0.00811478299648882 14000 -0.9837704340070226 
m400095 6000 -0.0007036077470702415 7000 -0.0007036077470702415 14000 -0.9985927845058594 
m400096 6000 -0.0020692771320009805 7000 -0.0020692771320009805 14000 -0.9958614457359981 
m400097 6000 -0.004110444425675263 7000 -0.004110444425675263 14000 -0.9917791111486494 
m400098 6000 -0.006223399555658255 7000 -0.006223399555658255 14000 -0.9875532008886837 
m400099 6000 -0.008307617852105804 7000 -0.008307617852105804 14000 -0.9833847642957885 
m400100 6000 -0.0005246636350809197 7000 -0.0005246636350809197 14000 -0.998950672729838 
m400101 6000 -0.0022301594416175127 7000 -0.0022301594416175127 14000 -0.9955396811167647 
m400102 6000 -0.0043807032282678895 7000 -0.0043807032282678895 14000 -0.9912385935434643 
m400103 6000 -0.006559609942866655 7000 -0.006559609942866655 14000 -0.9868807801142668 
m400104 6000 -0.008160702527164648 7000 -0.008160702527164648 14000 -0.9836785949456704 
m400105 6000 -0.0007157584459571879 7000 -0.0007157584459571879 14000 -0.9985684831080854 
m400106 6000 -0.0023098661822573917 7000 -0.0023098661822573917 14000 -0.9953802676354855 
m400107 6000 -0.004475873898765924 7000 -0.004475873898765924 14000 -0.9910482522024684 
m400108 6000 -0.006457530537136904 7000 -0.006457530537136904 14000 -0.987084938925726 
m400109 6000 -0.008065333301471462 7000 -0.008065333301471462 14000 -0.9838693333970571 
m400110 6000 -0.0005179656883870568 7000 -0.0005179656883870568 14000 -0.9989640686232261 
m400111 6000 -0.002298397035979843 7000 -0.002298397035979843 14000 -0.9954032059280402 
m400112 6000 -0.004201024200957012 7000 -0.004201024200957012 14000 -0.9915979515980858 
m400113 6000 -0.006490607827557298 7000 -0.006490607827557298 14000 -0.9870187843448852 
m400114 6000 -0.007938112669961942 7000 -0.007938112669961942 14000 -0.9841237746600763 
m400115 6000 -0.0005742831401566313 7000 -0.0005742831401566313 14000 -0.9988514337196868 
m400116 6000 -0.002494346852672163 7000 -0.002494346852672163 14000 -0.9950113062946557 
m400117 6000 -0.004017220275811543 7000 -0.004017220275811543 14000 -0.9919655594483767 
m400118 6000 -0.006406173563334221 7000 -0.006406173563334221 14000 -0.9871876528733314 
m400119 6000 -0.008022301459958725 7000 -0.008022301459958725 14000 -0.9839553970800824 
m400120 6000 -0.0005502398329832256 7000 -0.0005502398329832256 14000 -0.9988995203340337 
m400121 6000 -0.0020611797204519258 7000 -0.0020611797204519258 14000 -0.9958776405590961 
m400122 6000 -0.004105511193403019 7000 -0.004105511193403019 14000 -0.991788977613194 
m400123 6000 -0.006105169832374757 7000 -0.006105169832374757 14000 -0.9877896603352505 
m400124 6000 -0.008038587236285494 7000 -0.008038587236285494 14000 -0.9839228255274288 
c **********************************
c PE+Pb, dens=4.78 g/cm3
m2      6000    -0.04286 $Carbon
        1001    -0.00714 $Hydrogen
        82000   -0.95000 $Lead
c **********************************
m3    1001 -0.048535 $Boric acid
      5010 -0.034981
      5011 -0.139923
      8016 -0.776561
c **********************************
m4    82000 1 $Lead
c **********************************
m5 26000 1 $Iron
c **********************************
m6     13027   -1.000 $ Aluminum
c **********************************
c  SS-304 (8.00 g/cm3), #298 in PNNL Compendium
m7   006000.50c -0.0004000
     014000.60c -0.0050000
     015031.50c -0.0002300
     016000.60c -0.0001500
     024000.50c -0.1899981
     025055.60c -0.0099999
     026000.50c -0.7017229
     028000.50c -0.0924991
c ****************************************
c       LaBr detector
c ****************************************
m8       35079    -0.2946       $ Br79
         35081    -0.3069       $ Br81
         57139    -0.3485       $ La139
         58140    -0.0500       $ Ce140
c ************ air den=1.15e-3g/cc
m12     8016 -0.23
        7014 -0.77
c ************ Rubber Natural den=0.92 g/cc
m13     1001 -0.118371  $weight fraction
        6000 -0.881629
c
c end material cards
c
rand seed=8674536546524321 $different initial random #; seed# - any less 18 digits
c
c ********** begin tallies *********************
fc78 *********Broadened Pulse Height Tally Sum of Detectors 1,2 & 3 ***********
e78 0 1e-5 932i 8.4295
F78:p (101)
FT78 GEB -0.026198 0.059551 -0.037176
fc18 *********Unbroadened Pulse Height Tally Sum of Detectors 1,2 & 3 ***********
e18 0 1e-5 932i 8.4295
F18:p (101)
c ***********************************
c mplot tal 78 freq 10000
nps 1e9
