c CAS DETECTOR
c w/ Shielding in Place and Wheels
c
c CELL CARDS
c
c @@@@@@@@@@ Detectors @@@@@@@@@@@@@@@@@
c
101 8 -5.08 -21 imp:n,p 1 $LaBr Detector #1 Active Region
c
c @@@@@@@@@ Shielding @@@@@@@@@@@@@@@@@
c
121 2 -4.78 -31 imp:n,p 1 $PE_Pb
122 4 -11.29 -32 imp:n,p 1 $Pb1
123 4 -11.29 -33 imp:n,p 1 $Pb2
124 4 -11.29 -34 imp:n,p 1 $Pb3
125 4 -11.29 -35 imp:n,p 1 $Pb4
126 4 -11.29 -36 imp:n,p 1 $Pb5
127 4 -11.29 -37 imp:n,p 1 $Pb6
128 3 -1.5 -38 imp:n,p 1 $BA1
129 3 -1.5 -39 imp:n,p 1 $BA2
130 6 -2.7 -40 imp:n,p 1 $Al
131 7 -7.92 301 -302 303 -304 imp:n,p 1 $Fe-tube
132 5 -7.8 -401 imp:n,p 1 $Fe
133 5 -7.8 -402 imp:n,p 1 $Fe
c @@@@@@@@@@ Wheels @@@@@@@@@@@@@@@@@
c
21 13 -0.92 -41 42 imp:n,p 1 $Wheel 1
211 13 -0.92 -421 422 imp:n,p 1 $Wheel 1
212 13 -0.92 -423 424 imp:n,p 1 $Wheel 1
22 13 -0.92 -43 44 imp:n,p 1 $Wheel 2
221 13 -0.92 -441 442 imp:n,p 1 $Wheel 2
222 13 -0.92 -443 444 imp:n,p 1 $Wheel 2
23 13 -0.92 -45 46 imp:n,p 1 $Wheel 3
231 13 -0.92 -461 462 imp:n,p 1 $Wheel 3
232 13 -0.92 -463 464 imp:n,p 1 $Wheel 3
24 13 -0.92 -47 48 imp:n,p 1 $Wheel 4
241 13 -0.92 -481 482 imp:n,p 1 $Wheel 4
242 13 -0.92 -483 484 imp:n,p 1 $Wheel 4
c
c @@@@@@@@@@ SOIL VOLUME @@@@@@@@@@@
c
300000 400000 -2.156 20010 -20011 20020 -20021 20030 -20031 imp:n,p 1
300001 400001 -2.156 20010 -20011 20020 -20021 20031 -20032 imp:n,p 1
300002 400002 -2.156 20010 -20011 20020 -20021 20032 -20033 imp:n,p 1
300003 400003 -2.156 20010 -20011 20020 -20021 20033 -20034 imp:n,p 1
300004 400004 -2.156 20010 -20011 20020 -20021 20034 -20035 imp:n,p 1
300005 400005 -2.156 20011 -20012 20020 -20021 20030 -20031 imp:n,p 1
300006 400006 -2.156 20011 -20012 20020 -20021 20031 -20032 imp:n,p 1
300007 400007 -2.156 20011 -20012 20020 -20021 20032 -20033 imp:n,p 1
300008 400008 -2.156 20011 -20012 20020 -20021 20033 -20034 imp:n,p 1
300009 400009 -2.156 20011 -20012 20020 -20021 20034 -20035 imp:n,p 1
300010 400010 -2.156 20012 -20013 20020 -20021 20030 -20031 imp:n,p 1
300011 400011 -2.156 20012 -20013 20020 -20021 20031 -20032 imp:n,p 1
300012 400012 -2.156 20012 -20013 20020 -20021 20032 -20033 imp:n,p 1
300013 400013 -2.156 20012 -20013 20020 -20021 20033 -20034 imp:n,p 1
300014 400014 -2.156 20012 -20013 20020 -20021 20034 -20035 imp:n,p 1
300015 400015 -2.156 20013 -20014 20020 -20021 20030 -20031 imp:n,p 1
300016 400016 -2.156 20013 -20014 20020 -20021 20031 -20032 imp:n,p 1
300017 400017 -2.156 20013 -20014 20020 -20021 20032 -20033 imp:n,p 1
300018 400018 -2.156 20013 -20014 20020 -20021 20033 -20034 imp:n,p 1
300019 400019 -2.156 20013 -20014 20020 -20021 20034 -20035 imp:n,p 1
300020 400020 -2.156 20014 -20015 20020 -20021 20030 -20031 imp:n,p 1
300021 400021 -2.156 20014 -20015 20020 -20021 20031 -20032 imp:n,p 1
300022 400022 -2.156 20014 -20015 20020 -20021 20032 -20033 imp:n,p 1
300023 400023 -2.156 20014 -20015 20020 -20021 20033 -20034 imp:n,p 1
300024 400024 -2.156 20014 -20015 20020 -20021 20034 -20035 imp:n,p 1
300025 400025 -2.156 20010 -20011 20021 -20022 20030 -20031 imp:n,p 1
300026 400026 -2.156 20010 -20011 20021 -20022 20031 -20032 imp:n,p 1
300027 400027 -2.156 20010 -20011 20021 -20022 20032 -20033 imp:n,p 1
300028 400028 -2.156 20010 -20011 20021 -20022 20033 -20034 imp:n,p 1
300029 400029 -2.156 20010 -20011 20021 -20022 20034 -20035 imp:n,p 1
300030 400030 -2.156 20011 -20012 20021 -20022 20030 -20031 imp:n,p 1
300031 400031 -2.156 20011 -20012 20021 -20022 20031 -20032 imp:n,p 1
300032 400032 -2.156 20011 -20012 20021 -20022 20032 -20033 imp:n,p 1
300033 400033 -2.156 20011 -20012 20021 -20022 20033 -20034 imp:n,p 1
300034 400034 -2.156 20011 -20012 20021 -20022 20034 -20035 imp:n,p 1
300035 400035 -2.156 20012 -20013 20021 -20022 20030 -20031 imp:n,p 1
300036 400036 -2.156 20012 -20013 20021 -20022 20031 -20032 imp:n,p 1
300037 400037 -2.156 20012 -20013 20021 -20022 20032 -20033 imp:n,p 1
300038 400038 -2.156 20012 -20013 20021 -20022 20033 -20034 imp:n,p 1
300039 400039 -2.156 20012 -20013 20021 -20022 20034 -20035 imp:n,p 1
300040 400040 -2.156 20013 -20014 20021 -20022 20030 -20031 imp:n,p 1
300041 400041 -2.156 20013 -20014 20021 -20022 20031 -20032 imp:n,p 1
300042 400042 -2.156 20013 -20014 20021 -20022 20032 -20033 imp:n,p 1
300043 400043 -2.156 20013 -20014 20021 -20022 20033 -20034 imp:n,p 1
300044 400044 -2.156 20013 -20014 20021 -20022 20034 -20035 imp:n,p 1
300045 400045 -2.156 20014 -20015 20021 -20022 20030 -20031 imp:n,p 1
300046 400046 -2.156 20014 -20015 20021 -20022 20031 -20032 imp:n,p 1
300047 400047 -2.156 20014 -20015 20021 -20022 20032 -20033 imp:n,p 1
300048 400048 -2.156 20014 -20015 20021 -20022 20033 -20034 imp:n,p 1
300049 400049 -2.156 20014 -20015 20021 -20022 20034 -20035 imp:n,p 1
300050 400050 -2.156 20010 -20011 20022 -20023 20030 -20031 imp:n,p 1
300051 400051 -2.156 20010 -20011 20022 -20023 20031 -20032 imp:n,p 1
300052 400052 -2.156 20010 -20011 20022 -20023 20032 -20033 imp:n,p 1
300053 400053 -2.156 20010 -20011 20022 -20023 20033 -20034 imp:n,p 1
300054 400054 -2.156 20010 -20011 20022 -20023 20034 -20035 imp:n,p 1
300055 400055 -2.156 20011 -20012 20022 -20023 20030 -20031 imp:n,p 1
300056 400056 -2.156 20011 -20012 20022 -20023 20031 -20032 imp:n,p 1
300057 400057 -2.156 20011 -20012 20022 -20023 20032 -20033 imp:n,p 1
300058 400058 -2.156 20011 -20012 20022 -20023 20033 -20034 imp:n,p 1
300059 400059 -2.156 20011 -20012 20022 -20023 20034 -20035 imp:n,p 1
300060 400060 -2.156 20012 -20013 20022 -20023 20030 -20031 imp:n,p 1
300061 400061 -2.156 20012 -20013 20022 -20023 20031 -20032 imp:n,p 1
300062 400062 -2.156 20012 -20013 20022 -20023 20032 -20033 imp:n,p 1
300063 400063 -2.156 20012 -20013 20022 -20023 20033 -20034 imp:n,p 1
300064 400064 -2.156 20012 -20013 20022 -20023 20034 -20035 imp:n,p 1
300065 400065 -2.156 20013 -20014 20022 -20023 20030 -20031 imp:n,p 1
300066 400066 -2.156 20013 -20014 20022 -20023 20031 -20032 imp:n,p 1
300067 400067 -2.156 20013 -20014 20022 -20023 20032 -20033 imp:n,p 1
300068 400068 -2.156 20013 -20014 20022 -20023 20033 -20034 imp:n,p 1
300069 400069 -2.156 20013 -20014 20022 -20023 20034 -20035 imp:n,p 1
300070 400070 -2.156 20014 -20015 20022 -20023 20030 -20031 imp:n,p 1
300071 400071 -2.156 20014 -20015 20022 -20023 20031 -20032 imp:n,p 1
300072 400072 -2.156 20014 -20015 20022 -20023 20032 -20033 imp:n,p 1
300073 400073 -2.156 20014 -20015 20022 -20023 20033 -20034 imp:n,p 1
300074 400074 -2.156 20014 -20015 20022 -20023 20034 -20035 imp:n,p 1
300075 400075 -2.156 20010 -20011 20023 -20024 20030 -20031 imp:n,p 1
300076 400076 -2.156 20010 -20011 20023 -20024 20031 -20032 imp:n,p 1
300077 400077 -2.156 20010 -20011 20023 -20024 20032 -20033 imp:n,p 1
300078 400078 -2.156 20010 -20011 20023 -20024 20033 -20034 imp:n,p 1
300079 400079 -2.156 20010 -20011 20023 -20024 20034 -20035 imp:n,p 1
300080 400080 -2.156 20011 -20012 20023 -20024 20030 -20031 imp:n,p 1
300081 400081 -2.156 20011 -20012 20023 -20024 20031 -20032 imp:n,p 1
300082 400082 -2.156 20011 -20012 20023 -20024 20032 -20033 imp:n,p 1
300083 400083 -2.156 20011 -20012 20023 -20024 20033 -20034 imp:n,p 1
300084 400084 -2.156 20011 -20012 20023 -20024 20034 -20035 imp:n,p 1
300085 400085 -2.156 20012 -20013 20023 -20024 20030 -20031 imp:n,p 1
300086 400086 -2.156 20012 -20013 20023 -20024 20031 -20032 imp:n,p 1
300087 400087 -2.156 20012 -20013 20023 -20024 20032 -20033 imp:n,p 1
300088 400088 -2.156 20012 -20013 20023 -20024 20033 -20034 imp:n,p 1
300089 400089 -2.156 20012 -20013 20023 -20024 20034 -20035 imp:n,p 1
300090 400090 -2.156 20013 -20014 20023 -20024 20030 -20031 imp:n,p 1
300091 400091 -2.156 20013 -20014 20023 -20024 20031 -20032 imp:n,p 1
300092 400092 -2.156 20013 -20014 20023 -20024 20032 -20033 imp:n,p 1
300093 400093 -2.156 20013 -20014 20023 -20024 20033 -20034 imp:n,p 1
300094 400094 -2.156 20013 -20014 20023 -20024 20034 -20035 imp:n,p 1
300095 400095 -2.156 20014 -20015 20023 -20024 20030 -20031 imp:n,p 1
300096 400096 -2.156 20014 -20015 20023 -20024 20031 -20032 imp:n,p 1
300097 400097 -2.156 20014 -20015 20023 -20024 20032 -20033 imp:n,p 1
300098 400098 -2.156 20014 -20015 20023 -20024 20033 -20034 imp:n,p 1
300099 400099 -2.156 20014 -20015 20023 -20024 20034 -20035 imp:n,p 1
300100 400100 -2.156 20010 -20011 20024 -20025 20030 -20031 imp:n,p 1
300101 400101 -2.156 20010 -20011 20024 -20025 20031 -20032 imp:n,p 1
300102 400102 -2.156 20010 -20011 20024 -20025 20032 -20033 imp:n,p 1
300103 400103 -2.156 20010 -20011 20024 -20025 20033 -20034 imp:n,p 1
300104 400104 -2.156 20010 -20011 20024 -20025 20034 -20035 imp:n,p 1
300105 400105 -2.156 20011 -20012 20024 -20025 20030 -20031 imp:n,p 1
300106 400106 -2.156 20011 -20012 20024 -20025 20031 -20032 imp:n,p 1
300107 400107 -2.156 20011 -20012 20024 -20025 20032 -20033 imp:n,p 1
300108 400108 -2.156 20011 -20012 20024 -20025 20033 -20034 imp:n,p 1
300109 400109 -2.156 20011 -20012 20024 -20025 20034 -20035 imp:n,p 1
300110 400110 -2.156 20012 -20013 20024 -20025 20030 -20031 imp:n,p 1
300111 400111 -2.156 20012 -20013 20024 -20025 20031 -20032 imp:n,p 1
300112 400112 -2.156 20012 -20013 20024 -20025 20032 -20033 imp:n,p 1
300113 400113 -2.156 20012 -20013 20024 -20025 20033 -20034 imp:n,p 1
300114 400114 -2.156 20012 -20013 20024 -20025 20034 -20035 imp:n,p 1
300115 400115 -2.156 20013 -20014 20024 -20025 20030 -20031 imp:n,p 1
300116 400116 -2.156 20013 -20014 20024 -20025 20031 -20032 imp:n,p 1
300117 400117 -2.156 20013 -20014 20024 -20025 20032 -20033 imp:n,p 1
300118 400118 -2.156 20013 -20014 20024 -20025 20033 -20034 imp:n,p 1
300119 400119 -2.156 20013 -20014 20024 -20025 20034 -20035 imp:n,p 1
300120 400120 -2.156 20014 -20015 20024 -20025 20030 -20031 imp:n,p 1
300121 400121 -2.156 20014 -20015 20024 -20025 20031 -20032 imp:n,p 1
300122 400122 -2.156 20014 -20015 20024 -20025 20032 -20033 imp:n,p 1
300123 400123 -2.156 20014 -20015 20024 -20025 20033 -20034 imp:n,p 1
300124 400124 -2.156 20014 -20015 20024 -20025 20034 -20035 imp:n,p 1
c
30 12 -0.00129 -200 #101 #121 #122 #123 #124 #125 #126 #127 #128 #129 #130 #131 #132 #133
        #21 #211 #212 #22 #221 #222 #23 #231 #232 #24 #241 #242 #20 imp:n,p 1 $Rest of the World
31 0 200 imp:n,p 0 $Outside world

c SURFACE CARDS
c
c Sample Volume
20010 px -56.0
20011 px -33.600000000000364
20012 px -11.200000000000728
20013 px 11.200000000000728
20014 px 33.600000000000364
20015 px 56.0
20020 py -45.0
20021 py -27.0
20022 py -9.0
20023 py 9.0
20024 py 27.0
20025 py 45.0
20030 pz 92.0
20031 pz 82.0
20032 pz 72.0
20033 pz 62.0
20034 pz 52.0
20035 pz 42.0
c Active Detector Region
21 rcc 56  -5.0 -1.0   0.0 20.3 0.0   4.5 $Detector 1 Base center, Hx,Hy,Hz, radius
c Shielding Surfaces
c Shielding Pb
31 rpp 19 29 -7.5 7.5 -11 9 $PbPE xmin xmax ymin ymax zmin zmax
32 rpp 9 19 4 9 -11 9 $Pb xmin xmax ymin ymax zmin zmax
33 rpp 9 19 -9 -4 -11 9 $Pb xmin xmax ymin ymax zmin zmax
34 rpp 19 29 7.5 12.5 -11 9 $Pb xmin xmax ymin ymax zmin zmax
35 rpp 19 29 -12.5 -7.5 -11 9 $Pb xmin xmax ymin ymax zmin zmax
36 rpp 29 34 -15 15 -11 9 $Pb xmin xmax ymin ymax zmin zmax
37 rpp 9 19 -4 4 4 9 $Pb xmin xmax ymin ymax zmin zmax
38 rpp -26 26 18 28 -11 9 $BA1 xmin xmax ymin ymax zmin zmax
39 rpp -26 26 -28 -18 -11 9 $BA2 xmin xmax ymin ymax zmin zmax
40 rpp -65 65 -28 28 10 10.5 $Al xmin xmax ymin ymax zmin zmax
401 rpp -27 27 29 34 -11 9 $Fe xmin xmax ymin ymax zmin zmax
402 rpp -27 27 -34 -29 -11 9 $Fe xmin xmax ymin ymax zmin zmax
301 px -20
302 px 18
303 cx 3.71
304 cx 3.81
c Wheels Surfaces
c 23/10.5-12 turf tires, 22.6 lb rubber
c diameter 29cm, tread width 25cm, and sidewall height 13.76 cm
c set thickness of all sides 1.3 cm (s.t. weight is 22.6 lb)
41 rcc -2 77 8   0.0 25 0.0 29 $wheel 1 outer tread surface
42 rcc -2 77 8   0.0 25 0.0 27.7 $wheel 1 inner tread surface
421 rcc -2 75.7 8   0.0 1.3 0.0 29 $wheel 1 outside sidewall exterior
422 rcc -2 75.7 8   0.0 1.3 0.0 15.24 $wheel 1 outside sidewall interior
423 rcc -2 102 8   0.0 1.3 0.0 29 $wheel 1 inside sidewall exterior
424 rcc -2 102 8   0.0 1.3 0.0 15.24 $wheel 1 inside sidewall interior
43 rcc 68 77 8   0.0 25 0.0 29 $wheel 2
44 rcc 68 77 8   0.0 25 0.0 27.7
441 rcc 68 75.7 8   0.0 1.3 0.0 29
442 rcc 68 75.7 8   0.0 1.3 0.0 15.24
443 rcc 68 102 8   0.0 1.3 0.0 29
444 rcc 68 102 8   0.0 1.3 0.0 15.24
45 rcc -2 -77 8   0.0 -25 0.0 29 $wheel 3
46 rcc -2 -77 8   0.0 -25 0.0 27.7
461 rcc -2 -75.7 8   0.0 -1.3 0.0 29
462 rcc -2 -75.7 8   0.0 -1.3 0.0 15.24
463 rcc -2 -102 8   0.0 -1.3 0.0 29
464 rcc -2 -102 8   0.0 -1.3 0.0 15.24
47 rcc 68 -77 8   0.0 -25 0.0 29 $wheel 4
48 rcc 68 -77 8   0.0 -25 0.0 27.7
481 rcc 68 -75.7 8   0.0 -1.3 0.0 29
482 rcc 68 -75.7 8   0.0 -1.3 0.0 15.24
483 rcc 68 -102 8   0.0 -1.3 0.0 29
484 rcc 68 -102 8   0.0 -1.3 0.0 15.24
200 so 800    $sphere of 800cm centered at origin
c

c DATA CARDS
mode n p
c dump every hr
prdmp -60 -60 -1
c 100 keV Neutron Energy Cutoff
Cut:n 1j 0.1
c analog neutron transport
phys:n 1j 14
phys:p
sdef pos=0 0 0 erg=14.0 vec= 0 0 1 dir=d1
si1  -1 .93 1
sp1   0  0.0  1.0
c ********************
c begin material cards
c ********************
c Pure Carbon
c ****************************************
m400000 6000 -0.0005174878415782749 7000 -0.0005174878415782749 14000 -0.9989650243168433 
m400001 6000 -0.002446681298005243 7000 -0.002446681298005243 14000 -0.9951066374039895 
m400002 6000 -0.004065841269002217 7000 -0.004065841269002217 14000 -0.9918683174619956 
m400003 6000 -0.005954428983103449 7000 -0.005954428983103449 14000 -0.9880911420337932 
m400004 6000 -0.008345797855105287 7000 -0.008345797855105287 14000 -0.9833084042897896 
m400005 6000 -0.0005091373054667029 7000 -0.0005091373054667029 14000 -0.9989817253890668 
m400006 6000 -0.0021031361633840344 7000 -0.0021031361633840344 14000 -0.9957937276732318 
m400007 6000 -0.0041437119799830405 7000 -0.0041437119799830405 14000 -0.991712576040034 
m400008 6000 -0.005971019681779528 7000 -0.005971019681779528 14000 -0.9880579606364409 
m400009 6000 -0.008068542494816781 7000 -0.008068542494816781 14000 -0.9838629150103663 
m400010 6000 -0.0007356192532925654 7000 -0.0007356192532925654 14000 -0.9985287614934153 
m400011 6000 -0.0021810616309492813 7000 -0.0021810616309492813 14000 -0.9956378767381016 
m400012 6000 -0.003996084079758737 7000 -0.003996084079758737 14000 -0.9920078318404826 
m400013 6000 -0.006266681614059239 7000 -0.006266681614059239 14000 -0.9874666367718814 
m400014 6000 -0.008102565615396748 7000 -0.008102565615396748 14000 -0.9837948687692066 
m400015 6000 -0.0005370045074325906 7000 -0.0005370045074325906 14000 -0.998925990985135 
m400016 6000 -0.002105583097779438 7000 -0.002105583097779438 14000 -0.9957888338044413 
m400017 6000 -0.004299272484818572 7000 -0.004299272484818572 14000 -0.9914014550303629 
m400018 6000 -0.00601866716723912 7000 -0.00601866716723912 14000 -0.9879626656655215 
m400019 6000 -0.008074814781001293 7000 -0.008074814781001293 14000 -0.9838503704379974 
m400020 6000 -0.0005537735084819059 7000 -0.0005537735084819059 14000 -0.9988924529830362 
m400021 6000 -0.0020261155760275605 7000 -0.0020261155760275605 14000 -0.9959477688479449 
m400022 6000 -0.004099379423508482 7000 -0.004099379423508482 14000 -0.9918012411529834 
m400023 6000 -0.0063554597868558035 7000 -0.0063554597868558035 14000 -0.9872890804262886 
m400024 6000 -0.008074038564530059 7000 -0.008074038564530059 14000 -0.98385192287094 
m400025 6000 -0.0005324503496041038 7000 -0.0005324503496041038 14000 -0.9989350993007919 
m400026 6000 -0.0019378427485175092 7000 -0.0019378427485175092 14000 -0.9961243145029648 
m400027 6000 -0.004101015187256683 7000 -0.004101015187256683 14000 -0.9917979696254864 
m400028 6000 -0.006244291529090481 7000 -0.006244291529090481 14000 -0.9875114169418187 
m400029 6000 -0.008228068636714764 7000 -0.008228068636714764 14000 -0.9835438627265706 
m400030 6000 -0.0005718011432941325 7000 -0.0005718011432941325 14000 -0.9988563977134117 
m400031 6000 -0.002205002485092432 7000 -0.002205002485092432 14000 -0.9955899950298154 
m400032 6000 -0.004089708272002995 7000 -0.004089708272002995 14000 -0.9918205834559941 
m400033 6000 -0.006102008764399023 7000 -0.006102008764399023 14000 -0.987795982471202 
m400034 6000 -0.008413903401331323 7000 -0.008413903401331323 14000 -0.9831721931973373 
m400035 6000 -0.0004923778339004979 7000 -0.0004923778339004979 14000 -0.999015244332199 
m400036 6000 -0.0021938186499536726 7000 -0.0021938186499536726 14000 -0.9956123627000929 
m400037 6000 -0.004113478560213088 7000 -0.004113478560213088 14000 -0.9917730428795738 
m400038 6000 -0.006325518911099211 7000 -0.006325518911099211 14000 -0.9873489621778018 
m400039 6000 -0.007994161073947433 7000 -0.007994161073947433 14000 -0.9840116778521054 
m400040 6000 -0.000596393104459564 7000 -0.000596393104459564 14000 -0.9988072137910808 
m400041 6000 -0.0019019998049441833 7000 -0.0019019998049441833 14000 -0.9961960003901118 
m400042 6000 -0.004140727213063182 7000 -0.004140727213063182 14000 -0.9917185455738737 
m400043 6000 -0.006061596414537935 7000 -0.006061596414537935 14000 -0.9878768071709244 
m400044 6000 -0.008196104125380896 7000 -0.008196104125380896 14000 -0.9836077917492383 
m400045 6000 -0.000554767021561201 7000 -0.000554767021561201 14000 -0.9988904659568776 
m400046 6000 -0.00203135098491507 7000 -0.00203135098491507 14000 -0.99593729803017 
m400047 6000 -0.004233637657654944 7000 -0.004233637657654944 14000 -0.99153272468469 
m400048 6000 -0.006132546075951737 7000 -0.006132546075951737 14000 -0.9877349078480965 
m400049 6000 -0.008019409478331928 7000 -0.008019409478331928 14000 -0.983961181043336 
m400050 6000 -0.0005707371978493625 7000 -0.0005707371978493625 14000 -0.9988585256043012 
m400051 6000 -0.0019215338415354945 7000 -0.0019215338415354945 14000 -0.9961569323169291 
m400052 6000 -0.00405163671024493 7000 -0.00405163671024493 14000 -0.9918967265795102 
m400053 6000 -0.006385129073627059 7000 -0.006385129073627059 14000 -0.9872297418527457 
m400054 6000 -0.008209080888612545 7000 -0.008209080888612545 14000 -0.983581838222775 
m400055 6000 -0.0005653099068596184 7000 -0.0005653099068596184 14000 -0.9988693801862809 
m400056 6000 -0.0024199013567120196 7000 -0.0024199013567120196 14000 -0.9951601972865761 
m400057 6000 -0.003916623917343783 7000 -0.003916623917343783 14000 -0.9921667521653126 
m400058 6000 -0.006285243183360421 7000 -0.006285243183360421 14000 -0.9874295136332791 
m400059 6000 -0.008194232341025431 7000 -0.008194232341025431 14000 -0.983611535317949 
m400060 6000 -0.0005931496912898813 7000 -0.0005931496912898813 14000 -0.9988137006174204 
m400061 6000 -0.001974832475450653 7000 -0.001974832475450653 14000 -0.9960503350490987 
m400062 6000 -0.0044003583917411335 7000 -0.0044003583917411335 14000 -0.9911992832165174 
m400063 6000 -0.006008760803076935 7000 -0.006008760803076935 14000 -0.9879824783938463 
m400064 6000 -0.008085431659284664 7000 -0.008085431659284664 14000 -0.9838291366814309 
m400065 6000 -0.0005481387832220391 7000 -0.0005481387832220391 14000 -0.998903722433556 
m400066 6000 -0.002290267129890759 7000 -0.002290267129890759 14000 -0.9954194657402187 
m400067 6000 -0.003907314893272578 7000 -0.003907314893272578 14000 -0.9921853702134551 
m400068 6000 -0.006214133498060468 7000 -0.006214133498060468 14000 -0.9875717330038792 
m400069 6000 -0.008170857283901956 7000 -0.008170857283901956 14000 -0.9836582854321962 
m400070 6000 -0.000488016117351741 7000 -0.000488016117351741 14000 -0.9990239677652962 
m400071 6000 -0.0021380696142115556 7000 -0.0021380696142115556 14000 -0.9957238607715769 
m400072 6000 -0.0041966102948046554 7000 -0.0041966102948046554 14000 -0.9916067794103904 
m400073 6000 -0.006066471187722202 7000 -0.006066471187722202 14000 -0.9878670576245555 
m400074 6000 -0.008044208604510173 7000 -0.008044208604510173 14000 -0.9839115827909795 
m400075 6000 -0.0007802349092994187 7000 -0.0007802349092994187 14000 -0.9984395301814013 
m400076 6000 -0.0019559133897587145 7000 -0.0019559133897587145 14000 -0.9960881732204828 
m400077 6000 -0.003957884399044214 7000 -0.003957884399044214 14000 -0.9920842312019115 
m400078 6000 -0.0061000234260697676 7000 -0.0061000234260697676 14000 -0.9877999531478605 
m400079 6000 -0.0079759733530081 7000 -0.0079759733530081 14000 -0.9840480532939836 
m400080 6000 -0.00043314972902505855 7000 -0.00043314972902505855 14000 -0.9991337005419502 
m400081 6000 -0.0019278575671805311 7000 -0.0019278575671805311 14000 -0.996144284865639 
m400082 6000 -0.004089730938543642 7000 -0.004089730938543642 14000 -0.9918205381229127 
m400083 6000 -0.006067820080291439 7000 -0.006067820080291439 14000 -0.987864359839417 
m400084 6000 -0.007915324350322488 7000 -0.007915324350322488 14000 -0.9841693512993552 
m400085 6000 -0.0005805884646152993 7000 -0.0005805884646152993 14000 -0.9988388230707695 
m400086 6000 -0.001938781845302593 7000 -0.001938781845302593 14000 -0.9961224363093948 
m400087 6000 -0.004021964447637796 7000 -0.004021964447637796 14000 -0.9919560711047246 
m400088 6000 -0.006142302068844935 7000 -0.006142302068844935 14000 -0.9877153958623103 
m400089 6000 -0.008041229936795857 7000 -0.008041229936795857 14000 -0.9839175401264083 
m400090 6000 -0.0005498249578592618 7000 -0.0005498249578592618 14000 -0.9989003500842817 
m400091 6000 -0.002014488838489289 7000 -0.002014488838489289 14000 -0.9959710223230214 
m400092 6000 -0.004078215279126957 7000 -0.004078215279126957 14000 -0.9918435694417461 
m400093 6000 -0.006050884123954842 7000 -0.006050884123954842 14000 -0.9878982317520901 
m400094 6000 -0.00798906307606535 7000 -0.00798906307606535 14000 -0.9840218738478693 
m400095 6000 -0.0006390485247217864 7000 -0.0006390485247217864 14000 -0.9987219029505564 
m400096 6000 -0.0018542363375144378 7000 -0.0018542363375144378 14000 -0.996291527324971 
m400097 6000 -0.004102650685483837 7000 -0.004102650685483837 14000 -0.9917946986290321 
m400098 6000 -0.005981023180778188 7000 -0.005981023180778188 14000 -0.9880379536384433 
m400099 6000 -0.008046632538823645 7000 -0.008046632538823645 14000 -0.9839067349223527 
m400100 6000 -0.0004991752264461518 7000 -0.0004991752264461518 14000 -0.9990016495471076 
m400101 6000 -0.0022955072524987203 7000 -0.0022955072524987203 14000 -0.9954089854950026 
m400102 6000 -0.0038912886886849868 7000 -0.0038912886886849868 14000 -0.9922174226226299 
m400103 6000 -0.006386899147440992 7000 -0.006386899147440992 14000 -0.987226201705118 
m400104 6000 -0.007997385309272777 7000 -0.007997385309272777 14000 -0.9840052293814544 
m400105 6000 -0.000872236326748859 7000 -0.000872236326748859 14000 -0.9982555273465021 
m400106 6000 -0.002163357641848256 7000 -0.002163357641848256 14000 -0.9956732847163033 
m400107 6000 -0.004278072301109675 7000 -0.004278072301109675 14000 -0.9914438553977807 
m400108 6000 -0.00630693597814616 7000 -0.00630693597814616 14000 -0.9873861280437077 
m400109 6000 -0.008197882502230542 7000 -0.008197882502230542 14000 -0.9836042349955388 
m400110 6000 -0.0004498143769386416 7000 -0.0004498143769386416 14000 -0.9991003712461228 
m400111 6000 -0.002039016914849828 7000 -0.002039016914849828 14000 -0.9959219661703004 
m400112 6000 -0.004148191012037742 7000 -0.004148191012037742 14000 -0.9917036179759247 
m400113 6000 -0.006162549295381545 7000 -0.006162549295381545 14000 -0.9876749014092371 
m400114 6000 -0.008231311058215047 7000 -0.008231311058215047 14000 -0.9835373778835697 
m400115 6000 -0.00043045194393822586 7000 -0.00043045194393822586 14000 -0.9991390961121235 
m400116 6000 -0.0018767262821176931 7000 -0.0018767262821176931 14000 -0.9962465474357647 
m400117 6000 -0.004059242433230509 7000 -0.004059242433230509 14000 -0.9918815151335391 
m400118 6000 -0.005958054051881632 7000 -0.005958054051881632 14000 -0.9880838918962368 
m400119 6000 -0.008425486558463605 7000 -0.008425486558463605 14000 -0.9831490268830727 
m400120 6000 -0.0008037078399135609 7000 -0.0008037078399135609 14000 -0.9983925843201729 
m400121 6000 -0.0023261103627180103 7000 -0.0023261103627180103 14000 -0.9953477792745642 
m400122 6000 -0.0037903025754713955 7000 -0.0037903025754713955 14000 -0.9924193948490572 
m400123 6000 -0.00596334227866817 7000 -0.00596334227866817 14000 -0.9880733154426636 
m400124 6000 -0.008120543138656486 7000 -0.008120543138656486 14000 -0.983758913722687 
c **********************************
c PE+Pb, dens=4.78 g/cm3
m2      6000    -0.04286 $Carbon
        1001    -0.00714 $Hydrogen
        82000   -0.95000 $Lead
c **********************************
m3    1001 -0.048535 $Boric acid
      5010 -0.034981
      5011 -0.139923
      8016 -0.776561
c **********************************
m4    82000 1 $Lead
c **********************************
m5 26000 1 $Iron
c **********************************
m6     13027   -1.000 $ Aluminum
c **********************************
c  SS-304 (8.00 g/cm3), #298 in PNNL Compendium
m7   006000.50c -0.0004000
     014000.60c -0.0050000
     015031.50c -0.0002300
     016000.60c -0.0001500
     024000.50c -0.1899981
     025055.60c -0.0099999
     026000.50c -0.7017229
     028000.50c -0.0924991
c ****************************************
c       LaBr detector
c ****************************************
m8       35079    -0.2946       $ Br79
         35081    -0.3069       $ Br81
         57139    -0.3485       $ La139
         58140    -0.0500       $ Ce140
c ************ air den=1.15e-3g/cc
m12     8016 -0.23
        7014 -0.77
c ************ Rubber Natural den=0.92 g/cc
m13     1001 -0.118371  $weight fraction
        6000 -0.881629
c
c end material cards
c
rand seed=8674536546524321 $different initial random #; seed# - any less 18 digits
c
c ********** begin tallies *********************
fc78 *********Broadened Pulse Height Tally Sum of Detectors 1,2 & 3 ***********
e78 0 1e-5 932i 8.4295
F78:p (101)
FT78 GEB -0.026198 0.059551 -0.037176
fc18 *********Unbroadened Pulse Height Tally Sum of Detectors 1,2 & 3 ***********
e18 0 1e-5 932i 8.4295
F18:p (101)
c ***********************************
c mplot tal 78 freq 10000
nps 1e9
