c CAS DETECTOR
c w/ Shielding in Place and Wheels
c
c CELL CARDS
c
c @@@@@@@@@@ Detectors @@@@@@@@@@@@@@@@@
c
101 8 -5.08 -21 imp:n,p 1 $LaBr Detector #1 Active Region
c
c @@@@@@@@@ Shielding @@@@@@@@@@@@@@@@@
c
121 2 -4.78 -31 imp:n,p 1 $PE_Pb
122 4 -11.29 -32 imp:n,p 1 $Pb1
123 4 -11.29 -33 imp:n,p 1 $Pb2
124 4 -11.29 -34 imp:n,p 1 $Pb3
125 4 -11.29 -35 imp:n,p 1 $Pb4
126 4 -11.29 -36 imp:n,p 1 $Pb5
127 4 -11.29 -37 imp:n,p 1 $Pb6
128 3 -1.5 -38 imp:n,p 1 $BA1
129 3 -1.5 -39 imp:n,p 1 $BA2
130 6 -2.7 -40 imp:n,p 1 $Al
131 7 -7.92 301 -302 303 -304 imp:n,p 1 $Fe-tube
132 5 -7.8 -401 imp:n,p 1 $Fe
133 5 -7.8 -402 imp:n,p 1 $Fe
c @@@@@@@@@@ Wheels @@@@@@@@@@@@@@@@@
c
21 13 -0.92 -41 42 imp:n,p 1 $Wheel 1
211 13 -0.92 -421 422 imp:n,p 1 $Wheel 1
212 13 -0.92 -423 424 imp:n,p 1 $Wheel 1
22 13 -0.92 -43 44 imp:n,p 1 $Wheel 2
221 13 -0.92 -441 442 imp:n,p 1 $Wheel 2
222 13 -0.92 -443 444 imp:n,p 1 $Wheel 2
23 13 -0.92 -45 46 imp:n,p 1 $Wheel 3
231 13 -0.92 -461 462 imp:n,p 1 $Wheel 3
232 13 -0.92 -463 464 imp:n,p 1 $Wheel 3
24 13 -0.92 -47 48 imp:n,p 1 $Wheel 4
241 13 -0.92 -481 482 imp:n,p 1 $Wheel 4
242 13 -0.92 -483 484 imp:n,p 1 $Wheel 4
c
c @@@@@@@@@@ SOIL VOLUME @@@@@@@@@@@
c
300000 400000 -2.156 20010 -20011 20020 -20021 20030 -20031 imp:n,p 1
300001 400001 -2.156 20010 -20011 20020 -20021 20031 -20032 imp:n,p 1
300002 400002 -2.156 20010 -20011 20020 -20021 20032 -20033 imp:n,p 1
300003 400003 -2.156 20010 -20011 20020 -20021 20033 -20034 imp:n,p 1
300004 400004 -2.156 20010 -20011 20020 -20021 20034 -20035 imp:n,p 1
300005 400005 -2.156 20011 -20012 20020 -20021 20030 -20031 imp:n,p 1
300006 400006 -2.156 20011 -20012 20020 -20021 20031 -20032 imp:n,p 1
300007 400007 -2.156 20011 -20012 20020 -20021 20032 -20033 imp:n,p 1
300008 400008 -2.156 20011 -20012 20020 -20021 20033 -20034 imp:n,p 1
300009 400009 -2.156 20011 -20012 20020 -20021 20034 -20035 imp:n,p 1
300010 400010 -2.156 20012 -20013 20020 -20021 20030 -20031 imp:n,p 1
300011 400011 -2.156 20012 -20013 20020 -20021 20031 -20032 imp:n,p 1
300012 400012 -2.156 20012 -20013 20020 -20021 20032 -20033 imp:n,p 1
300013 400013 -2.156 20012 -20013 20020 -20021 20033 -20034 imp:n,p 1
300014 400014 -2.156 20012 -20013 20020 -20021 20034 -20035 imp:n,p 1
300015 400015 -2.156 20013 -20014 20020 -20021 20030 -20031 imp:n,p 1
300016 400016 -2.156 20013 -20014 20020 -20021 20031 -20032 imp:n,p 1
300017 400017 -2.156 20013 -20014 20020 -20021 20032 -20033 imp:n,p 1
300018 400018 -2.156 20013 -20014 20020 -20021 20033 -20034 imp:n,p 1
300019 400019 -2.156 20013 -20014 20020 -20021 20034 -20035 imp:n,p 1
300020 400020 -2.156 20014 -20015 20020 -20021 20030 -20031 imp:n,p 1
300021 400021 -2.156 20014 -20015 20020 -20021 20031 -20032 imp:n,p 1
300022 400022 -2.156 20014 -20015 20020 -20021 20032 -20033 imp:n,p 1
300023 400023 -2.156 20014 -20015 20020 -20021 20033 -20034 imp:n,p 1
300024 400024 -2.156 20014 -20015 20020 -20021 20034 -20035 imp:n,p 1
300025 400025 -2.156 20010 -20011 20021 -20022 20030 -20031 imp:n,p 1
300026 400026 -2.156 20010 -20011 20021 -20022 20031 -20032 imp:n,p 1
300027 400027 -2.156 20010 -20011 20021 -20022 20032 -20033 imp:n,p 1
300028 400028 -2.156 20010 -20011 20021 -20022 20033 -20034 imp:n,p 1
300029 400029 -2.156 20010 -20011 20021 -20022 20034 -20035 imp:n,p 1
300030 400030 -2.156 20011 -20012 20021 -20022 20030 -20031 imp:n,p 1
300031 400031 -2.156 20011 -20012 20021 -20022 20031 -20032 imp:n,p 1
300032 400032 -2.156 20011 -20012 20021 -20022 20032 -20033 imp:n,p 1
300033 400033 -2.156 20011 -20012 20021 -20022 20033 -20034 imp:n,p 1
300034 400034 -2.156 20011 -20012 20021 -20022 20034 -20035 imp:n,p 1
300035 400035 -2.156 20012 -20013 20021 -20022 20030 -20031 imp:n,p 1
300036 400036 -2.156 20012 -20013 20021 -20022 20031 -20032 imp:n,p 1
300037 400037 -2.156 20012 -20013 20021 -20022 20032 -20033 imp:n,p 1
300038 400038 -2.156 20012 -20013 20021 -20022 20033 -20034 imp:n,p 1
300039 400039 -2.156 20012 -20013 20021 -20022 20034 -20035 imp:n,p 1
300040 400040 -2.156 20013 -20014 20021 -20022 20030 -20031 imp:n,p 1
300041 400041 -2.156 20013 -20014 20021 -20022 20031 -20032 imp:n,p 1
300042 400042 -2.156 20013 -20014 20021 -20022 20032 -20033 imp:n,p 1
300043 400043 -2.156 20013 -20014 20021 -20022 20033 -20034 imp:n,p 1
300044 400044 -2.156 20013 -20014 20021 -20022 20034 -20035 imp:n,p 1
300045 400045 -2.156 20014 -20015 20021 -20022 20030 -20031 imp:n,p 1
300046 400046 -2.156 20014 -20015 20021 -20022 20031 -20032 imp:n,p 1
300047 400047 -2.156 20014 -20015 20021 -20022 20032 -20033 imp:n,p 1
300048 400048 -2.156 20014 -20015 20021 -20022 20033 -20034 imp:n,p 1
300049 400049 -2.156 20014 -20015 20021 -20022 20034 -20035 imp:n,p 1
300050 400050 -2.156 20010 -20011 20022 -20023 20030 -20031 imp:n,p 1
300051 400051 -2.156 20010 -20011 20022 -20023 20031 -20032 imp:n,p 1
300052 400052 -2.156 20010 -20011 20022 -20023 20032 -20033 imp:n,p 1
300053 400053 -2.156 20010 -20011 20022 -20023 20033 -20034 imp:n,p 1
300054 400054 -2.156 20010 -20011 20022 -20023 20034 -20035 imp:n,p 1
300055 400055 -2.156 20011 -20012 20022 -20023 20030 -20031 imp:n,p 1
300056 400056 -2.156 20011 -20012 20022 -20023 20031 -20032 imp:n,p 1
300057 400057 -2.156 20011 -20012 20022 -20023 20032 -20033 imp:n,p 1
300058 400058 -2.156 20011 -20012 20022 -20023 20033 -20034 imp:n,p 1
300059 400059 -2.156 20011 -20012 20022 -20023 20034 -20035 imp:n,p 1
300060 400060 -2.156 20012 -20013 20022 -20023 20030 -20031 imp:n,p 1
300061 400061 -2.156 20012 -20013 20022 -20023 20031 -20032 imp:n,p 1
300062 400062 -2.156 20012 -20013 20022 -20023 20032 -20033 imp:n,p 1
300063 400063 -2.156 20012 -20013 20022 -20023 20033 -20034 imp:n,p 1
300064 400064 -2.156 20012 -20013 20022 -20023 20034 -20035 imp:n,p 1
300065 400065 -2.156 20013 -20014 20022 -20023 20030 -20031 imp:n,p 1
300066 400066 -2.156 20013 -20014 20022 -20023 20031 -20032 imp:n,p 1
300067 400067 -2.156 20013 -20014 20022 -20023 20032 -20033 imp:n,p 1
300068 400068 -2.156 20013 -20014 20022 -20023 20033 -20034 imp:n,p 1
300069 400069 -2.156 20013 -20014 20022 -20023 20034 -20035 imp:n,p 1
300070 400070 -2.156 20014 -20015 20022 -20023 20030 -20031 imp:n,p 1
300071 400071 -2.156 20014 -20015 20022 -20023 20031 -20032 imp:n,p 1
300072 400072 -2.156 20014 -20015 20022 -20023 20032 -20033 imp:n,p 1
300073 400073 -2.156 20014 -20015 20022 -20023 20033 -20034 imp:n,p 1
300074 400074 -2.156 20014 -20015 20022 -20023 20034 -20035 imp:n,p 1
300075 400075 -2.156 20010 -20011 20023 -20024 20030 -20031 imp:n,p 1
300076 400076 -2.156 20010 -20011 20023 -20024 20031 -20032 imp:n,p 1
300077 400077 -2.156 20010 -20011 20023 -20024 20032 -20033 imp:n,p 1
300078 400078 -2.156 20010 -20011 20023 -20024 20033 -20034 imp:n,p 1
300079 400079 -2.156 20010 -20011 20023 -20024 20034 -20035 imp:n,p 1
300080 400080 -2.156 20011 -20012 20023 -20024 20030 -20031 imp:n,p 1
300081 400081 -2.156 20011 -20012 20023 -20024 20031 -20032 imp:n,p 1
300082 400082 -2.156 20011 -20012 20023 -20024 20032 -20033 imp:n,p 1
300083 400083 -2.156 20011 -20012 20023 -20024 20033 -20034 imp:n,p 1
300084 400084 -2.156 20011 -20012 20023 -20024 20034 -20035 imp:n,p 1
300085 400085 -2.156 20012 -20013 20023 -20024 20030 -20031 imp:n,p 1
300086 400086 -2.156 20012 -20013 20023 -20024 20031 -20032 imp:n,p 1
300087 400087 -2.156 20012 -20013 20023 -20024 20032 -20033 imp:n,p 1
300088 400088 -2.156 20012 -20013 20023 -20024 20033 -20034 imp:n,p 1
300089 400089 -2.156 20012 -20013 20023 -20024 20034 -20035 imp:n,p 1
300090 400090 -2.156 20013 -20014 20023 -20024 20030 -20031 imp:n,p 1
300091 400091 -2.156 20013 -20014 20023 -20024 20031 -20032 imp:n,p 1
300092 400092 -2.156 20013 -20014 20023 -20024 20032 -20033 imp:n,p 1
300093 400093 -2.156 20013 -20014 20023 -20024 20033 -20034 imp:n,p 1
300094 400094 -2.156 20013 -20014 20023 -20024 20034 -20035 imp:n,p 1
300095 400095 -2.156 20014 -20015 20023 -20024 20030 -20031 imp:n,p 1
300096 400096 -2.156 20014 -20015 20023 -20024 20031 -20032 imp:n,p 1
300097 400097 -2.156 20014 -20015 20023 -20024 20032 -20033 imp:n,p 1
300098 400098 -2.156 20014 -20015 20023 -20024 20033 -20034 imp:n,p 1
300099 400099 -2.156 20014 -20015 20023 -20024 20034 -20035 imp:n,p 1
300100 400100 -2.156 20010 -20011 20024 -20025 20030 -20031 imp:n,p 1
300101 400101 -2.156 20010 -20011 20024 -20025 20031 -20032 imp:n,p 1
300102 400102 -2.156 20010 -20011 20024 -20025 20032 -20033 imp:n,p 1
300103 400103 -2.156 20010 -20011 20024 -20025 20033 -20034 imp:n,p 1
300104 400104 -2.156 20010 -20011 20024 -20025 20034 -20035 imp:n,p 1
300105 400105 -2.156 20011 -20012 20024 -20025 20030 -20031 imp:n,p 1
300106 400106 -2.156 20011 -20012 20024 -20025 20031 -20032 imp:n,p 1
300107 400107 -2.156 20011 -20012 20024 -20025 20032 -20033 imp:n,p 1
300108 400108 -2.156 20011 -20012 20024 -20025 20033 -20034 imp:n,p 1
300109 400109 -2.156 20011 -20012 20024 -20025 20034 -20035 imp:n,p 1
300110 400110 -2.156 20012 -20013 20024 -20025 20030 -20031 imp:n,p 1
300111 400111 -2.156 20012 -20013 20024 -20025 20031 -20032 imp:n,p 1
300112 400112 -2.156 20012 -20013 20024 -20025 20032 -20033 imp:n,p 1
300113 400113 -2.156 20012 -20013 20024 -20025 20033 -20034 imp:n,p 1
300114 400114 -2.156 20012 -20013 20024 -20025 20034 -20035 imp:n,p 1
300115 400115 -2.156 20013 -20014 20024 -20025 20030 -20031 imp:n,p 1
300116 400116 -2.156 20013 -20014 20024 -20025 20031 -20032 imp:n,p 1
300117 400117 -2.156 20013 -20014 20024 -20025 20032 -20033 imp:n,p 1
300118 400118 -2.156 20013 -20014 20024 -20025 20033 -20034 imp:n,p 1
300119 400119 -2.156 20013 -20014 20024 -20025 20034 -20035 imp:n,p 1
300120 400120 -2.156 20014 -20015 20024 -20025 20030 -20031 imp:n,p 1
300121 400121 -2.156 20014 -20015 20024 -20025 20031 -20032 imp:n,p 1
300122 400122 -2.156 20014 -20015 20024 -20025 20032 -20033 imp:n,p 1
300123 400123 -2.156 20014 -20015 20024 -20025 20033 -20034 imp:n,p 1
300124 400124 -2.156 20014 -20015 20024 -20025 20034 -20035 imp:n,p 1
c
30 12 -0.00129 -200 #101 #121 #122 #123 #124 #125 #126 #127 #128 #129 #130 #131 #132 #133
        #21 #211 #212 #22 #221 #222 #23 #231 #232 #24 #241 #242 #20 imp:n,p 1 $Rest of the World
31 0 200 imp:n,p 0 $Outside world

c SURFACE CARDS
c
c Sample Volume
20010 px -56.0
20011 px -33.59999999999991
20012 px -11.199999999999818
20013 px 11.199999999999818
20014 px 33.59999999999991
20015 px 56.0
20020 py -45.0
20021 py -27.0
20022 py -9.0
20023 py 9.0
20024 py 27.0
20025 py 45.0
20030 pz 92.0
20031 pz 82.0
20032 pz 72.0
20033 pz 62.0
20034 pz 52.0
20035 pz 42.0
c Active Detector Region
21 rcc 56  -5.0 -1.0   0.0 20.3 0.0   4.5 $Detector 1 Base center, Hx,Hy,Hz, radius
c Shielding Surfaces
c Shielding Pb
31 rpp 19 29 -7.5 7.5 -11 9 $PbPE xmin xmax ymin ymax zmin zmax
32 rpp 9 19 4 9 -11 9 $Pb xmin xmax ymin ymax zmin zmax
33 rpp 9 19 -9 -4 -11 9 $Pb xmin xmax ymin ymax zmin zmax
34 rpp 19 29 7.5 12.5 -11 9 $Pb xmin xmax ymin ymax zmin zmax
35 rpp 19 29 -12.5 -7.5 -11 9 $Pb xmin xmax ymin ymax zmin zmax
36 rpp 29 34 -15 15 -11 9 $Pb xmin xmax ymin ymax zmin zmax
37 rpp 9 19 -4 4 4 9 $Pb xmin xmax ymin ymax zmin zmax
38 rpp -26 26 18 28 -11 9 $BA1 xmin xmax ymin ymax zmin zmax
39 rpp -26 26 -28 -18 -11 9 $BA2 xmin xmax ymin ymax zmin zmax
40 rpp -65 65 -28 28 10 10.5 $Al xmin xmax ymin ymax zmin zmax
401 rpp -27 27 29 34 -11 9 $Fe xmin xmax ymin ymax zmin zmax
402 rpp -27 27 -34 -29 -11 9 $Fe xmin xmax ymin ymax zmin zmax
301 px -20
302 px 18
303 cx 3.71
304 cx 3.81
c Wheels Surfaces
c 23/10.5-12 turf tires, 22.6 lb rubber
c diameter 29cm, tread width 25cm, and sidewall height 13.76 cm
c set thickness of all sides 1.3 cm (s.t. weight is 22.6 lb)
41 rcc -2 77 8   0.0 25 0.0 29 $wheel 1 outer tread surface
42 rcc -2 77 8   0.0 25 0.0 27.7 $wheel 1 inner tread surface
421 rcc -2 75.7 8   0.0 1.3 0.0 29 $wheel 1 outside sidewall exterior
422 rcc -2 75.7 8   0.0 1.3 0.0 15.24 $wheel 1 outside sidewall interior
423 rcc -2 102 8   0.0 1.3 0.0 29 $wheel 1 inside sidewall exterior
424 rcc -2 102 8   0.0 1.3 0.0 15.24 $wheel 1 inside sidewall interior
43 rcc 68 77 8   0.0 25 0.0 29 $wheel 2
44 rcc 68 77 8   0.0 25 0.0 27.7
441 rcc 68 75.7 8   0.0 1.3 0.0 29
442 rcc 68 75.7 8   0.0 1.3 0.0 15.24
443 rcc 68 102 8   0.0 1.3 0.0 29
444 rcc 68 102 8   0.0 1.3 0.0 15.24
45 rcc -2 -77 8   0.0 -25 0.0 29 $wheel 3
46 rcc -2 -77 8   0.0 -25 0.0 27.7
461 rcc -2 -75.7 8   0.0 -1.3 0.0 29
462 rcc -2 -75.7 8   0.0 -1.3 0.0 15.24
463 rcc -2 -102 8   0.0 -1.3 0.0 29
464 rcc -2 -102 8   0.0 -1.3 0.0 15.24
47 rcc 68 -77 8   0.0 -25 0.0 29 $wheel 4
48 rcc 68 -77 8   0.0 -25 0.0 27.7
481 rcc 68 -75.7 8   0.0 -1.3 0.0 29
482 rcc 68 -75.7 8   0.0 -1.3 0.0 15.24
483 rcc 68 -102 8   0.0 -1.3 0.0 29
484 rcc 68 -102 8   0.0 -1.3 0.0 15.24
200 so 800    $sphere of 800cm centered at origin
c

c DATA CARDS
mode n p
c dump every hr
prdmp -60 -60 -1
c 100 keV Neutron Energy Cutoff
Cut:n 1j 0.1
c analog neutron transport
phys:n 1j 14
phys:p
sdef pos=0 0 0 erg=14.0 vec= 0 0 1 dir=d1
si1  -1 .93 1
sp1   0  0.0  1.0
c ********************
c begin material cards
c ********************
c Pure Carbon
c ****************************************
m400000 6000 -0.0004963337625073574 7000 -0.0004963337625073574 14000 -0.9990073324749854 
m400001 6000 -0.0021551261187701906 7000 -0.0021551261187701906 14000 -0.9956897477624596 
m400002 6000 -0.003943845143267799 7000 -0.003943845143267799 14000 -0.9921123097134644 
m400003 6000 -0.006049477499678173 7000 -0.006049477499678173 14000 -0.9879010450006434 
m400004 6000 -0.007660715633296524 7000 -0.007660715633296524 14000 -0.9846785687334068 
m400005 6000 -0.000600944593053054 7000 -0.000600944593053054 14000 -0.998798110813894 
m400006 6000 -0.0020481558763409185 7000 -0.0020481558763409185 14000 -0.9959036882473181 
m400007 6000 -0.003808543666560987 7000 -0.003808543666560987 14000 -0.992382912666878 
m400008 6000 -0.006007623674299383 7000 -0.006007623674299383 14000 -0.9879847526514014 
m400009 6000 -0.00790506650266086 7000 -0.00790506650266086 14000 -0.984189866994678 
m400010 6000 -0.00044604418795486417 7000 -0.00044604418795486417 14000 -0.9991079116240903 
m400011 6000 -0.0021366143194406937 7000 -0.0021366143194406937 14000 -0.9957267713611191 
m400012 6000 -0.003959164858988482 7000 -0.003959164858988482 14000 -0.992081670282023 
m400013 6000 -0.0058240528024482785 7000 -0.0058240528024482785 14000 -0.9883518943951037 
m400014 6000 -0.007766916086242548 7000 -0.007766916086242548 14000 -0.9844661678275147 
m400015 6000 -0.0004983267363110239 7000 -0.0004983267363110239 14000 -0.9990033465273779 
m400016 6000 -0.0017663054988118338 7000 -0.0017663054988118338 14000 -0.9964673890023761 
m400017 6000 -0.003996315495925806 7000 -0.003996315495925806 14000 -0.992007369008148 
m400018 6000 -0.005743080575593303 7000 -0.005743080575593303 14000 -0.9885138388488137 
m400019 6000 -0.008057500579436045 7000 -0.008057500579436045 14000 -0.9838849988411279 
m400020 6000 -0.0005126662378525645 7000 -0.0005126662378525645 14000 -0.9989746675242946 
m400021 6000 -0.001981889412826322 7000 -0.001981889412826322 14000 -0.9960362211743471 
m400022 6000 -0.0037041847133827193 7000 -0.0037041847133827193 14000 -0.9925916305732345 
m400023 6000 -0.00592839033787054 7000 -0.00592839033787054 14000 -0.988143219324259 
m400024 6000 -0.007843823148881372 7000 -0.007843823148881372 14000 -0.9843123537022374 
m400025 6000 -0.0005032276175668798 7000 -0.0005032276175668798 14000 -0.9989935447648662 
m400026 6000 -0.0018770105954435418 7000 -0.0018770105954435418 14000 -0.9962459788091128 
m400027 6000 -0.004005766639104957 7000 -0.004005766639104957 14000 -0.9919884667217902 
m400028 6000 -0.006218582785829441 7000 -0.006218582785829441 14000 -0.9875628344283414 
m400029 6000 -0.008143739130361849 7000 -0.008143739130361849 14000 -0.9837125217392765 
m400030 6000 -0.000364472420777643 7000 -0.000364472420777643 14000 -0.9992710551584448 
m400031 6000 -0.0016207021785755254 7000 -0.0016207021785755254 14000 -0.996758595642849 
m400032 6000 -0.003969329687495343 7000 -0.003969329687495343 14000 -0.9920613406250092 
m400033 6000 -0.005800973053800458 7000 -0.005800973053800458 14000 -0.9883980538923989 
m400034 6000 -0.007861838567347026 7000 -0.007861838567347026 14000 -0.984276322865306 
m400035 6000 -0.0003342579769122741 7000 -0.0003342579769122741 14000 -0.9993314840461756 
m400036 6000 -0.001876324558601702 7000 -0.001876324558601702 14000 -0.9962473508827966 
m400037 6000 -0.004134932726326304 7000 -0.004134932726326304 14000 -0.9917301345473473 
m400038 6000 -0.005891712147585495 7000 -0.005891712147585495 14000 -0.9882165757048291 
m400039 6000 -0.008076670422395545 7000 -0.008076670422395545 14000 -0.983846659155209 
m400040 6000 -0.0005011498692542169 7000 -0.0005011498692542169 14000 -0.9989977002614916 
m400041 6000 -0.0016967727139749703 7000 -0.0016967727139749703 14000 -0.9966064545720499 
m400042 6000 -0.0041442700969166225 7000 -0.0041442700969166225 14000 -0.9917114598061667 
m400043 6000 -0.0059129809609263385 7000 -0.0059129809609263385 14000 -0.9881740380781474 
m400044 6000 -0.008111407721533397 7000 -0.008111407721533397 14000 -0.9837771845569331 
m400045 6000 -0.0005607997070591265 7000 -0.0005607997070591265 14000 -0.9988784005858817 
m400046 6000 -0.0019034725030576953 7000 -0.0019034725030576953 14000 -0.9961930549938849 
m400047 6000 -0.004022444350259564 7000 -0.004022444350259564 14000 -0.9919551112994806 
m400048 6000 -0.005999314687316241 7000 -0.005999314687316241 14000 -0.9880013706253675 
m400049 6000 -0.0076067294384878255 7000 -0.0076067294384878255 14000 -0.9847865411230246 
m400050 6000 -0.00045312765721011744 7000 -0.00045312765721011744 14000 -0.9990937446855799 
m400051 6000 -0.0019544249039369316 7000 -0.0019544249039369316 14000 -0.9960911501921259 
m400052 6000 -0.0041152873461548925 7000 -0.0041152873461548925 14000 -0.9917694253076903 
m400053 6000 -0.005853444925494681 7000 -0.005853444925494681 14000 -0.9882931101490106 
m400054 6000 -0.007742520821027102 7000 -0.007742520821027102 14000 -0.9845149583579458 
m400055 6000 -0.0004497790083826163 7000 -0.0004497790083826163 14000 -0.9991004419832349 
m400056 6000 -0.0019534147591904623 7000 -0.0019534147591904623 14000 -0.9960931704816192 
m400057 6000 -0.004057251784895752 7000 -0.004057251784895752 14000 -0.9918854964302085 
m400058 6000 -0.006028185945138918 7000 -0.006028185945138918 14000 -0.9879436281097224 
m400059 6000 -0.007892190744490112 7000 -0.007892190744490112 14000 -0.9842156185110197 
m400060 6000 -0.00043377910394426294 7000 -0.00043377910394426294 14000 -0.9991324417921114 
m400061 6000 -0.0019316542833518124 7000 -0.0019316542833518124 14000 -0.9961366914332963 
m400062 6000 -0.0039034899837472924 7000 -0.0039034899837472924 14000 -0.9921930200325054 
m400063 6000 -0.005788059403808842 7000 -0.005788059403808842 14000 -0.9884238811923822 
m400064 6000 -0.00808673004393263 7000 -0.00808673004393263 14000 -0.9838265399121344 
m400065 6000 -0.00046345986026301035 7000 -0.00046345986026301035 14000 -0.9990730802794743 
m400066 6000 -0.0017281553089411215 7000 -0.0017281553089411215 14000 -0.9965436893821175 
m400067 6000 -0.0038193017324298804 7000 -0.0038193017324298804 14000 -0.9923613965351404 
m400068 6000 -0.005827438174947586 7000 -0.005827438174947586 14000 -0.9883451236501051 
m400069 6000 -0.007796053780705668 7000 -0.007796053780705668 14000 -0.9844078924385884 
m400070 6000 -0.0005504529463999448 7000 -0.0005504529463999448 14000 -0.9988990941072001 
m400071 6000 -0.0019507937652660172 7000 -0.0019507937652660172 14000 -0.9960984124694677 
m400072 6000 -0.003736009705288682 7000 -0.003736009705288682 14000 -0.9925279805894229 
m400073 6000 -0.005669992422505508 7000 -0.005669992422505508 14000 -0.9886600151549892 
m400074 6000 -0.007982342408809698 7000 -0.007982342408809698 14000 -0.9840353151823809 
m400075 6000 -0.0004272746429753166 7000 -0.0004272746429753166 14000 -0.999145450714049 
m400076 6000 -0.002139799063063555 7000 -0.002139799063063555 14000 -0.9957204018738729 
m400077 6000 -0.004033380223939165 7000 -0.004033380223939165 14000 -0.9919332395521216 
m400078 6000 -0.0060617203502915 7000 -0.0060617203502915 14000 -0.9878765592994171 
m400079 6000 -0.007935810166250211 7000 -0.007935810166250211 14000 -0.9841283796674998 
m400080 6000 -0.0006264633105437555 7000 -0.0006264633105437555 14000 -0.9987470733789123 
m400081 6000 -0.0025318354692063323 7000 -0.0025318354692063323 14000 -0.9949363290615875 
m400082 6000 -0.003910188219066497 7000 -0.003910188219066497 14000 -0.9921796235618671 
m400083 6000 -0.005780971601945335 7000 -0.005780971601945335 14000 -0.9884380567961094 
m400084 6000 -0.00796930257109222 7000 -0.00796930257109222 14000 -0.9840613948578152 
m400085 6000 -0.0005557122409014828 7000 -0.0005557122409014828 14000 -0.9988885755181971 
m400086 6000 -0.001832695786511594 7000 -0.001832695786511594 14000 -0.9963346084269773 
m400087 6000 -0.0038688414145937296 7000 -0.0038688414145937296 14000 -0.9922623171708126 
m400088 6000 -0.005862935899963649 7000 -0.005862935899963649 14000 -0.9882741282000729 
m400089 6000 -0.007973402564422492 7000 -0.007973402564422492 14000 -0.984053194871155 
m400090 6000 -0.00047996232614458753 7000 -0.00047996232614458753 14000 -0.9990400753477107 
m400091 6000 -0.001615952218806191 7000 -0.001615952218806191 14000 -0.9967680955623877 
m400092 6000 -0.003922516498170363 7000 -0.003922516498170363 14000 -0.9921549670036595 
m400093 6000 -0.005968746903437928 7000 -0.005968746903437928 14000 -0.988062506193124 
m400094 6000 -0.008169919702706833 7000 -0.008169919702706833 14000 -0.9836601605945865 
m400095 6000 -0.00041157045575135554 7000 -0.00041157045575135554 14000 -0.9991768590884973 
m400096 6000 -0.0016774217254367325 7000 -0.0016774217254367325 14000 -0.9966451565491264 
m400097 6000 -0.004393645390538105 7000 -0.004393645390538105 14000 -0.9912127092189235 
m400098 6000 -0.006017858938541618 7000 -0.006017858938541618 14000 -0.9879642821229168 
m400099 6000 -0.007840366511198866 7000 -0.007840366511198866 14000 -0.9843192669776021 
m400100 6000 -0.0004910804199465389 7000 -0.0004910804199465389 14000 -0.999017839160107 
m400101 6000 -0.0018904814164852068 7000 -0.0018904814164852068 14000 -0.9962190371670296 
m400102 6000 -0.004114973517327546 7000 -0.004114973517327546 14000 -0.991770052965345 
m400103 6000 -0.005919139671592402 7000 -0.005919139671592402 14000 -0.9881617206568157 
m400104 6000 -0.007662408772389737 7000 -0.007662408772389737 14000 -0.9846751824552203 
m400105 6000 -0.00059040213874205 7000 -0.00059040213874205 14000 -0.9988191957225158 
m400106 6000 -0.0019331268781589603 7000 -0.0019331268781589603 14000 -0.9961337462436819 
m400107 6000 -0.0037941007350055156 7000 -0.0037941007350055156 14000 -0.9924117985299888 
m400108 6000 -0.005835491366812272 7000 -0.005835491366812272 14000 -0.9883290172663756 
m400109 6000 -0.007882431907398816 7000 -0.007882431907398816 14000 -0.9842351361852023 
m400110 6000 -0.0007335769712862619 7000 -0.0007335769712862619 14000 -0.9985328460574278 
m400111 6000 -0.0025245785069208083 7000 -0.0025245785069208083 14000 -0.9949508429861585 
m400112 6000 -0.004001104596072617 7000 -0.004001104596072617 14000 -0.9919977908078549 
m400113 6000 -0.00602040608386329 7000 -0.00602040608386329 14000 -0.9879591878322735 
m400114 6000 -0.007873888544594572 7000 -0.007873888544594572 14000 -0.9842522229108106 
m400115 6000 -0.000590415496747517 7000 -0.000590415496747517 14000 -0.9988191690065051 
m400116 6000 -0.0021455730047408544 7000 -0.0021455730047408544 14000 -0.9957088539905183 
m400117 6000 -0.0039899169138542705 7000 -0.0039899169138542705 14000 -0.9920201661722915 
m400118 6000 -0.006125556066209956 7000 -0.006125556066209956 14000 -0.9877488878675803 
m400119 6000 -0.007965614843287054 7000 -0.007965614843287054 14000 -0.9840687703134262 
m400120 6000 -0.0005719570128422159 7000 -0.0005719570128422159 14000 -0.9988560859743155 
m400121 6000 -0.0019107902024254214 7000 -0.0019107902024254214 14000 -0.9961784195951491 
m400122 6000 -0.0037865683456178504 7000 -0.0037865683456178504 14000 -0.992426863308764 
m400123 6000 -0.005518411798711878 7000 -0.005518411798711878 14000 -0.988963176402576 
m400124 6000 -0.007908462177488512 7000 -0.007908462177488512 14000 -0.9841830756450233 
c **********************************
c PE+Pb, dens=4.78 g/cm3
m2      6000    -0.04286 $Carbon
        1001    -0.00714 $Hydrogen
        82000   -0.95000 $Lead
c **********************************
m3    1001 -0.048535 $Boric acid
      5010 -0.034981
      5011 -0.139923
      8016 -0.776561
c **********************************
m4    82000 1 $Lead
c **********************************
m5 26000 1 $Iron
c **********************************
m6     13027   -1.000 $ Aluminum
c **********************************
c  SS-304 (8.00 g/cm3), #298 in PNNL Compendium
m7   006000.50c -0.0004000
     014000.60c -0.0050000
     015031.50c -0.0002300
     016000.60c -0.0001500
     024000.50c -0.1899981
     025055.60c -0.0099999
     026000.50c -0.7017229
     028000.50c -0.0924991
c ****************************************
c       LaBr detector
c ****************************************
m8       35079    -0.2946       $ Br79
         35081    -0.3069       $ Br81
         57139    -0.3485       $ La139
         58140    -0.0500       $ Ce140
c ************ air den=1.15e-3g/cc
m12     8016 -0.23
        7014 -0.77
c ************ Rubber Natural den=0.92 g/cc
m13     1001 -0.118371  $weight fraction
        6000 -0.881629
c
c end material cards
c
rand seed=8674536546524321 $different initial random #; seed# - any less 18 digits
c
c ********** begin tallies *********************
fc78 *********Broadened Pulse Height Tally Sum of Detectors 1,2 & 3 ***********
e78 0 1e-5 932i 8.4295
F78:p (101)
FT78 GEB -0.026198 0.059551 -0.037176
fc18 *********Unbroadened Pulse Height Tally Sum of Detectors 1,2 & 3 ***********
e18 0 1e-5 932i 8.4295
F18:p (101)
c ***********************************
c mplot tal 78 freq 10000
nps 1e9
