c CAS DETECTOR
c w/ Shielding in Place and Wheels
c
c CELL CARDS
c
c @@@@@@@@@@ Detectors @@@@@@@@@@@@@@@@@
c
101 8 -5.08 -21 imp:n,p 1 $LaBr Detector #1 Active Region
c
c @@@@@@@@@ Shielding @@@@@@@@@@@@@@@@@
c
121 2 -4.78 -31 imp:n,p 1 $PE_Pb
122 4 -11.29 -32 imp:n,p 1 $Pb1
123 4 -11.29 -33 imp:n,p 1 $Pb2
124 4 -11.29 -34 imp:n,p 1 $Pb3
125 4 -11.29 -35 imp:n,p 1 $Pb4
126 4 -11.29 -36 imp:n,p 1 $Pb5
127 4 -11.29 -37 imp:n,p 1 $Pb6
128 3 -1.5 -38 imp:n,p 1 $BA1
129 3 -1.5 -39 imp:n,p 1 $BA2
130 6 -2.7 -40 imp:n,p 1 $Al
131 7 -7.92 301 -302 303 -304 imp:n,p 1 $Fe-tube
132 5 -7.8 -401 imp:n,p 1 $Fe
133 5 -7.8 -402 imp:n,p 1 $Fe
c @@@@@@@@@@ Wheels @@@@@@@@@@@@@@@@@
c
21 13 -0.92 -41 42 imp:n,p 1 $Wheel 1
211 13 -0.92 -421 422 imp:n,p 1 $Wheel 1
212 13 -0.92 -423 424 imp:n,p 1 $Wheel 1
22 13 -0.92 -43 44 imp:n,p 1 $Wheel 2
221 13 -0.92 -441 442 imp:n,p 1 $Wheel 2
222 13 -0.92 -443 444 imp:n,p 1 $Wheel 2
23 13 -0.92 -45 46 imp:n,p 1 $Wheel 3
231 13 -0.92 -461 462 imp:n,p 1 $Wheel 3
232 13 -0.92 -463 464 imp:n,p 1 $Wheel 3
24 13 -0.92 -47 48 imp:n,p 1 $Wheel 4
241 13 -0.92 -481 482 imp:n,p 1 $Wheel 4
242 13 -0.92 -483 484 imp:n,p 1 $Wheel 4
c
c @@@@@@@@@@ SOIL VOLUME @@@@@@@@@@@
c
300000 400000 -2.156 20010 -20011 20020 -20021 20030 -20031 imp:n,p 1
300001 400001 -2.156 20010 -20011 20020 -20021 20031 -20032 imp:n,p 1
300002 400002 -2.156 20010 -20011 20020 -20021 20032 -20033 imp:n,p 1
300003 400003 -2.156 20010 -20011 20020 -20021 20033 -20034 imp:n,p 1
300004 400004 -2.156 20010 -20011 20020 -20021 20034 -20035 imp:n,p 1
300005 400005 -2.156 20011 -20012 20020 -20021 20030 -20031 imp:n,p 1
300006 400006 -2.156 20011 -20012 20020 -20021 20031 -20032 imp:n,p 1
300007 400007 -2.156 20011 -20012 20020 -20021 20032 -20033 imp:n,p 1
300008 400008 -2.156 20011 -20012 20020 -20021 20033 -20034 imp:n,p 1
300009 400009 -2.156 20011 -20012 20020 -20021 20034 -20035 imp:n,p 1
300010 400010 -2.156 20012 -20013 20020 -20021 20030 -20031 imp:n,p 1
300011 400011 -2.156 20012 -20013 20020 -20021 20031 -20032 imp:n,p 1
300012 400012 -2.156 20012 -20013 20020 -20021 20032 -20033 imp:n,p 1
300013 400013 -2.156 20012 -20013 20020 -20021 20033 -20034 imp:n,p 1
300014 400014 -2.156 20012 -20013 20020 -20021 20034 -20035 imp:n,p 1
300015 400015 -2.156 20013 -20014 20020 -20021 20030 -20031 imp:n,p 1
300016 400016 -2.156 20013 -20014 20020 -20021 20031 -20032 imp:n,p 1
300017 400017 -2.156 20013 -20014 20020 -20021 20032 -20033 imp:n,p 1
300018 400018 -2.156 20013 -20014 20020 -20021 20033 -20034 imp:n,p 1
300019 400019 -2.156 20013 -20014 20020 -20021 20034 -20035 imp:n,p 1
300020 400020 -2.156 20014 -20015 20020 -20021 20030 -20031 imp:n,p 1
300021 400021 -2.156 20014 -20015 20020 -20021 20031 -20032 imp:n,p 1
300022 400022 -2.156 20014 -20015 20020 -20021 20032 -20033 imp:n,p 1
300023 400023 -2.156 20014 -20015 20020 -20021 20033 -20034 imp:n,p 1
300024 400024 -2.156 20014 -20015 20020 -20021 20034 -20035 imp:n,p 1
300025 400025 -2.156 20010 -20011 20021 -20022 20030 -20031 imp:n,p 1
300026 400026 -2.156 20010 -20011 20021 -20022 20031 -20032 imp:n,p 1
300027 400027 -2.156 20010 -20011 20021 -20022 20032 -20033 imp:n,p 1
300028 400028 -2.156 20010 -20011 20021 -20022 20033 -20034 imp:n,p 1
300029 400029 -2.156 20010 -20011 20021 -20022 20034 -20035 imp:n,p 1
300030 400030 -2.156 20011 -20012 20021 -20022 20030 -20031 imp:n,p 1
300031 400031 -2.156 20011 -20012 20021 -20022 20031 -20032 imp:n,p 1
300032 400032 -2.156 20011 -20012 20021 -20022 20032 -20033 imp:n,p 1
300033 400033 -2.156 20011 -20012 20021 -20022 20033 -20034 imp:n,p 1
300034 400034 -2.156 20011 -20012 20021 -20022 20034 -20035 imp:n,p 1
300035 400035 -2.156 20012 -20013 20021 -20022 20030 -20031 imp:n,p 1
300036 400036 -2.156 20012 -20013 20021 -20022 20031 -20032 imp:n,p 1
300037 400037 -2.156 20012 -20013 20021 -20022 20032 -20033 imp:n,p 1
300038 400038 -2.156 20012 -20013 20021 -20022 20033 -20034 imp:n,p 1
300039 400039 -2.156 20012 -20013 20021 -20022 20034 -20035 imp:n,p 1
300040 400040 -2.156 20013 -20014 20021 -20022 20030 -20031 imp:n,p 1
300041 400041 -2.156 20013 -20014 20021 -20022 20031 -20032 imp:n,p 1
300042 400042 -2.156 20013 -20014 20021 -20022 20032 -20033 imp:n,p 1
300043 400043 -2.156 20013 -20014 20021 -20022 20033 -20034 imp:n,p 1
300044 400044 -2.156 20013 -20014 20021 -20022 20034 -20035 imp:n,p 1
300045 400045 -2.156 20014 -20015 20021 -20022 20030 -20031 imp:n,p 1
300046 400046 -2.156 20014 -20015 20021 -20022 20031 -20032 imp:n,p 1
300047 400047 -2.156 20014 -20015 20021 -20022 20032 -20033 imp:n,p 1
300048 400048 -2.156 20014 -20015 20021 -20022 20033 -20034 imp:n,p 1
300049 400049 -2.156 20014 -20015 20021 -20022 20034 -20035 imp:n,p 1
300050 400050 -2.156 20010 -20011 20022 -20023 20030 -20031 imp:n,p 1
300051 400051 -2.156 20010 -20011 20022 -20023 20031 -20032 imp:n,p 1
300052 400052 -2.156 20010 -20011 20022 -20023 20032 -20033 imp:n,p 1
300053 400053 -2.156 20010 -20011 20022 -20023 20033 -20034 imp:n,p 1
300054 400054 -2.156 20010 -20011 20022 -20023 20034 -20035 imp:n,p 1
300055 400055 -2.156 20011 -20012 20022 -20023 20030 -20031 imp:n,p 1
300056 400056 -2.156 20011 -20012 20022 -20023 20031 -20032 imp:n,p 1
300057 400057 -2.156 20011 -20012 20022 -20023 20032 -20033 imp:n,p 1
300058 400058 -2.156 20011 -20012 20022 -20023 20033 -20034 imp:n,p 1
300059 400059 -2.156 20011 -20012 20022 -20023 20034 -20035 imp:n,p 1
300060 400060 -2.156 20012 -20013 20022 -20023 20030 -20031 imp:n,p 1
300061 400061 -2.156 20012 -20013 20022 -20023 20031 -20032 imp:n,p 1
300062 400062 -2.156 20012 -20013 20022 -20023 20032 -20033 imp:n,p 1
300063 400063 -2.156 20012 -20013 20022 -20023 20033 -20034 imp:n,p 1
300064 400064 -2.156 20012 -20013 20022 -20023 20034 -20035 imp:n,p 1
300065 400065 -2.156 20013 -20014 20022 -20023 20030 -20031 imp:n,p 1
300066 400066 -2.156 20013 -20014 20022 -20023 20031 -20032 imp:n,p 1
300067 400067 -2.156 20013 -20014 20022 -20023 20032 -20033 imp:n,p 1
300068 400068 -2.156 20013 -20014 20022 -20023 20033 -20034 imp:n,p 1
300069 400069 -2.156 20013 -20014 20022 -20023 20034 -20035 imp:n,p 1
300070 400070 -2.156 20014 -20015 20022 -20023 20030 -20031 imp:n,p 1
300071 400071 -2.156 20014 -20015 20022 -20023 20031 -20032 imp:n,p 1
300072 400072 -2.156 20014 -20015 20022 -20023 20032 -20033 imp:n,p 1
300073 400073 -2.156 20014 -20015 20022 -20023 20033 -20034 imp:n,p 1
300074 400074 -2.156 20014 -20015 20022 -20023 20034 -20035 imp:n,p 1
300075 400075 -2.156 20010 -20011 20023 -20024 20030 -20031 imp:n,p 1
300076 400076 -2.156 20010 -20011 20023 -20024 20031 -20032 imp:n,p 1
300077 400077 -2.156 20010 -20011 20023 -20024 20032 -20033 imp:n,p 1
300078 400078 -2.156 20010 -20011 20023 -20024 20033 -20034 imp:n,p 1
300079 400079 -2.156 20010 -20011 20023 -20024 20034 -20035 imp:n,p 1
300080 400080 -2.156 20011 -20012 20023 -20024 20030 -20031 imp:n,p 1
300081 400081 -2.156 20011 -20012 20023 -20024 20031 -20032 imp:n,p 1
300082 400082 -2.156 20011 -20012 20023 -20024 20032 -20033 imp:n,p 1
300083 400083 -2.156 20011 -20012 20023 -20024 20033 -20034 imp:n,p 1
300084 400084 -2.156 20011 -20012 20023 -20024 20034 -20035 imp:n,p 1
300085 400085 -2.156 20012 -20013 20023 -20024 20030 -20031 imp:n,p 1
300086 400086 -2.156 20012 -20013 20023 -20024 20031 -20032 imp:n,p 1
300087 400087 -2.156 20012 -20013 20023 -20024 20032 -20033 imp:n,p 1
300088 400088 -2.156 20012 -20013 20023 -20024 20033 -20034 imp:n,p 1
300089 400089 -2.156 20012 -20013 20023 -20024 20034 -20035 imp:n,p 1
300090 400090 -2.156 20013 -20014 20023 -20024 20030 -20031 imp:n,p 1
300091 400091 -2.156 20013 -20014 20023 -20024 20031 -20032 imp:n,p 1
300092 400092 -2.156 20013 -20014 20023 -20024 20032 -20033 imp:n,p 1
300093 400093 -2.156 20013 -20014 20023 -20024 20033 -20034 imp:n,p 1
300094 400094 -2.156 20013 -20014 20023 -20024 20034 -20035 imp:n,p 1
300095 400095 -2.156 20014 -20015 20023 -20024 20030 -20031 imp:n,p 1
300096 400096 -2.156 20014 -20015 20023 -20024 20031 -20032 imp:n,p 1
300097 400097 -2.156 20014 -20015 20023 -20024 20032 -20033 imp:n,p 1
300098 400098 -2.156 20014 -20015 20023 -20024 20033 -20034 imp:n,p 1
300099 400099 -2.156 20014 -20015 20023 -20024 20034 -20035 imp:n,p 1
300100 400100 -2.156 20010 -20011 20024 -20025 20030 -20031 imp:n,p 1
300101 400101 -2.156 20010 -20011 20024 -20025 20031 -20032 imp:n,p 1
300102 400102 -2.156 20010 -20011 20024 -20025 20032 -20033 imp:n,p 1
300103 400103 -2.156 20010 -20011 20024 -20025 20033 -20034 imp:n,p 1
300104 400104 -2.156 20010 -20011 20024 -20025 20034 -20035 imp:n,p 1
300105 400105 -2.156 20011 -20012 20024 -20025 20030 -20031 imp:n,p 1
300106 400106 -2.156 20011 -20012 20024 -20025 20031 -20032 imp:n,p 1
300107 400107 -2.156 20011 -20012 20024 -20025 20032 -20033 imp:n,p 1
300108 400108 -2.156 20011 -20012 20024 -20025 20033 -20034 imp:n,p 1
300109 400109 -2.156 20011 -20012 20024 -20025 20034 -20035 imp:n,p 1
300110 400110 -2.156 20012 -20013 20024 -20025 20030 -20031 imp:n,p 1
300111 400111 -2.156 20012 -20013 20024 -20025 20031 -20032 imp:n,p 1
300112 400112 -2.156 20012 -20013 20024 -20025 20032 -20033 imp:n,p 1
300113 400113 -2.156 20012 -20013 20024 -20025 20033 -20034 imp:n,p 1
300114 400114 -2.156 20012 -20013 20024 -20025 20034 -20035 imp:n,p 1
300115 400115 -2.156 20013 -20014 20024 -20025 20030 -20031 imp:n,p 1
300116 400116 -2.156 20013 -20014 20024 -20025 20031 -20032 imp:n,p 1
300117 400117 -2.156 20013 -20014 20024 -20025 20032 -20033 imp:n,p 1
300118 400118 -2.156 20013 -20014 20024 -20025 20033 -20034 imp:n,p 1
300119 400119 -2.156 20013 -20014 20024 -20025 20034 -20035 imp:n,p 1
300120 400120 -2.156 20014 -20015 20024 -20025 20030 -20031 imp:n,p 1
300121 400121 -2.156 20014 -20015 20024 -20025 20031 -20032 imp:n,p 1
300122 400122 -2.156 20014 -20015 20024 -20025 20032 -20033 imp:n,p 1
300123 400123 -2.156 20014 -20015 20024 -20025 20033 -20034 imp:n,p 1
300124 400124 -2.156 20014 -20015 20024 -20025 20034 -20035 imp:n,p 1
c
30 12 -0.00129 -200 #101 #121 #122 #123 #124 #125 #126 #127 #128 #129 #130 #131 #132 #133
        #21 #211 #212 #22 #221 #222 #23 #231 #232 #24 #241 #242 #20 imp:n,p 1 $Rest of the World
31 0 200 imp:n,p 0 $Outside world

c SURFACE CARDS
c
c Sample Volume
20010 px -56.0
20011 px -33.600000000000364
20012 px -11.200000000000728
20013 px 11.200000000000728
20014 px 33.600000000000364
20015 px 56.0
20020 py -45.0
20021 py -27.0
20022 py -9.0
20023 py 9.0
20024 py 27.0
20025 py 45.0
20030 pz 92.0
20031 pz 82.0
20032 pz 72.0
20033 pz 62.0
20034 pz 52.0
20035 pz 42.0
c Active Detector Region
21 rcc 56  -5.0 -1.0   0.0 20.3 0.0   4.5 $Detector 1 Base center, Hx,Hy,Hz, radius
c Shielding Surfaces
c Shielding Pb
31 rpp 19 29 -7.5 7.5 -11 9 $PbPE xmin xmax ymin ymax zmin zmax
32 rpp 9 19 4 9 -11 9 $Pb xmin xmax ymin ymax zmin zmax
33 rpp 9 19 -9 -4 -11 9 $Pb xmin xmax ymin ymax zmin zmax
34 rpp 19 29 7.5 12.5 -11 9 $Pb xmin xmax ymin ymax zmin zmax
35 rpp 19 29 -12.5 -7.5 -11 9 $Pb xmin xmax ymin ymax zmin zmax
36 rpp 29 34 -15 15 -11 9 $Pb xmin xmax ymin ymax zmin zmax
37 rpp 9 19 -4 4 4 9 $Pb xmin xmax ymin ymax zmin zmax
38 rpp -26 26 18 28 -11 9 $BA1 xmin xmax ymin ymax zmin zmax
39 rpp -26 26 -28 -18 -11 9 $BA2 xmin xmax ymin ymax zmin zmax
40 rpp -65 65 -28 28 10 10.5 $Al xmin xmax ymin ymax zmin zmax
401 rpp -27 27 29 34 -11 9 $Fe xmin xmax ymin ymax zmin zmax
402 rpp -27 27 -34 -29 -11 9 $Fe xmin xmax ymin ymax zmin zmax
301 px -20
302 px 18
303 cx 3.71
304 cx 3.81
c Wheels Surfaces
c 23/10.5-12 turf tires, 22.6 lb rubber
c diameter 29cm, tread width 25cm, and sidewall height 13.76 cm
c set thickness of all sides 1.3 cm (s.t. weight is 22.6 lb)
41 rcc -2 77 8   0.0 25 0.0 29 $wheel 1 outer tread surface
42 rcc -2 77 8   0.0 25 0.0 27.7 $wheel 1 inner tread surface
421 rcc -2 75.7 8   0.0 1.3 0.0 29 $wheel 1 outside sidewall exterior
422 rcc -2 75.7 8   0.0 1.3 0.0 15.24 $wheel 1 outside sidewall interior
423 rcc -2 102 8   0.0 1.3 0.0 29 $wheel 1 inside sidewall exterior
424 rcc -2 102 8   0.0 1.3 0.0 15.24 $wheel 1 inside sidewall interior
43 rcc 68 77 8   0.0 25 0.0 29 $wheel 2
44 rcc 68 77 8   0.0 25 0.0 27.7
441 rcc 68 75.7 8   0.0 1.3 0.0 29
442 rcc 68 75.7 8   0.0 1.3 0.0 15.24
443 rcc 68 102 8   0.0 1.3 0.0 29
444 rcc 68 102 8   0.0 1.3 0.0 15.24
45 rcc -2 -77 8   0.0 -25 0.0 29 $wheel 3
46 rcc -2 -77 8   0.0 -25 0.0 27.7
461 rcc -2 -75.7 8   0.0 -1.3 0.0 29
462 rcc -2 -75.7 8   0.0 -1.3 0.0 15.24
463 rcc -2 -102 8   0.0 -1.3 0.0 29
464 rcc -2 -102 8   0.0 -1.3 0.0 15.24
47 rcc 68 -77 8   0.0 -25 0.0 29 $wheel 4
48 rcc 68 -77 8   0.0 -25 0.0 27.7
481 rcc 68 -75.7 8   0.0 -1.3 0.0 29
482 rcc 68 -75.7 8   0.0 -1.3 0.0 15.24
483 rcc 68 -102 8   0.0 -1.3 0.0 29
484 rcc 68 -102 8   0.0 -1.3 0.0 15.24
200 so 800    $sphere of 800cm centered at origin
c

c DATA CARDS
mode n p
c dump every hr
prdmp -60 -60 -1
c 100 keV Neutron Energy Cutoff
Cut:n 1j 0.1
c analog neutron transport
phys:n 1j 14
phys:p
sdef pos=0 0 0 erg=14.0 vec= 0 0 1 dir=d1
si1  -1 .93 1
sp1   0  0.0  1.0
c ********************
c begin material cards
c ********************
c Pure Carbon
c ****************************************
m400000 6000 -0.000692011548347188 7000 -0.000692011548347188 14000 -0.9986159769033055 
m400001 6000 -0.0024221101751989117 7000 -0.0024221101751989117 14000 -0.9951557796496024 
m400002 6000 -0.004192454531056696 7000 -0.004192454531056696 14000 -0.9916150909378864 
m400003 6000 -0.006327447333270791 7000 -0.006327447333270791 14000 -0.987345105333458 
m400004 6000 -0.008075074370667176 7000 -0.008075074370667176 14000 -0.9838498512586661 
m400005 6000 -0.0005068516046744628 7000 -0.0005068516046744628 14000 -0.9989862967906512 
m400006 6000 -0.002348544247562951 7000 -0.002348544247562951 14000 -0.9953029115048742 
m400007 6000 -0.004134682359788785 7000 -0.004134682359788785 14000 -0.9917306352804225 
m400008 6000 -0.0062690733207859325 7000 -0.0062690733207859325 14000 -0.9874618533584283 
m400009 6000 -0.008306914067262782 7000 -0.008306914067262782 14000 -0.9833861718654743 
m400010 6000 -0.0008183161549759788 7000 -0.0008183161549759788 14000 -0.9983633676900482 
m400011 6000 -0.0024203232742653403 7000 -0.0024203232742653403 14000 -0.995159353451469 
m400012 6000 -0.004281821299277867 7000 -0.004281821299277867 14000 -0.9914363574014444 
m400013 6000 -0.006082404620521183 7000 -0.006082404620521183 14000 -0.9878351907589575 
m400014 6000 -0.008172357818984387 7000 -0.008172357818984387 14000 -0.9836552843620313 
m400015 6000 -0.0006742070852398445 7000 -0.0006742070852398445 14000 -0.9986515858295206 
m400016 6000 -0.0020417439680434388 7000 -0.0020417439680434388 14000 -0.9959165120639131 
m400017 6000 -0.004031328978055852 7000 -0.004031328978055852 14000 -0.9919373420438882 
m400018 6000 -0.006145965505686118 7000 -0.006145965505686118 14000 -0.9877080689886277 
m400019 6000 -0.008100357734392678 7000 -0.008100357734392678 14000 -0.9837992845312145 
m400020 6000 -0.000674877468499161 7000 -0.000674877468499161 14000 -0.9986502450630016 
m400021 6000 -0.0023121227111959713 7000 -0.0023121227111959713 14000 -0.9953757545776081 
m400022 6000 -0.004183434806092245 7000 -0.004183434806092245 14000 -0.9916331303878155 
m400023 6000 -0.006300912260783935 7000 -0.006300912260783935 14000 -0.987398175478432 
m400024 6000 -0.008065898066689807 7000 -0.008065898066689807 14000 -0.98386820386662 
m400025 6000 -0.0005414471778515045 7000 -0.0005414471778515045 14000 -0.998917105644297 
m400026 6000 -0.0022585548316861946 7000 -0.0022585548316861946 14000 -0.9954828903366275 
m400027 6000 -0.004059902271750757 7000 -0.004059902271750757 14000 -0.9918801954564984 
m400028 6000 -0.00612325071982932 7000 -0.00612325071982932 14000 -0.9877534985603411 
m400029 6000 -0.008519919530435871 7000 -0.008519919530435871 14000 -0.9829601609391284 
m400030 6000 -0.0006944185586779403 7000 -0.0006944185586779403 14000 -0.9986111628826442 
m400031 6000 -0.002475432665477914 7000 -0.002475432665477914 14000 -0.995049134669044 
m400032 6000 -0.0043867573743323575 7000 -0.0043867573743323575 14000 -0.9912264852513353 
m400033 6000 -0.00605616649746736 7000 -0.00605616649746736 14000 -0.9878876670050656 
m400034 6000 -0.008002056069975413 7000 -0.008002056069975413 14000 -0.9839958878600495 
m400035 6000 -0.0007291773670631342 7000 -0.0007291773670631342 14000 -0.9985416452658739 
m400036 6000 -0.0021585464932174915 7000 -0.0021585464932174915 14000 -0.9956829070135648 
m400037 6000 -0.004084391464069226 7000 -0.004084391464069226 14000 -0.9918312170718613 
m400038 6000 -0.00637446473818428 7000 -0.00637446473818428 14000 -0.9872510705236316 
m400039 6000 -0.008060780721714494 7000 -0.008060780721714494 14000 -0.9838784385565709 
m400040 6000 -0.00045940414497624976 7000 -0.00045940414497624976 14000 -0.9990811917100474 
m400041 6000 -0.0021663629634248545 7000 -0.0021663629634248545 14000 -0.9956672740731503 
m400042 6000 -0.004314510493698537 7000 -0.004314510493698537 14000 -0.9913709790126028 
m400043 6000 -0.006392573434715334 7000 -0.006392573434715334 14000 -0.9872148531305691 
m400044 6000 -0.008312942491620685 7000 -0.008312942491620685 14000 -0.9833741150167588 
m400045 6000 -0.000668108146636405 7000 -0.000668108146636405 14000 -0.998663783706727 
m400046 6000 -0.0022995486666116875 7000 -0.0022995486666116875 14000 -0.9954009026667766 
m400047 6000 -0.004324087406937011 7000 -0.004324087406937011 14000 -0.9913518251861262 
m400048 6000 -0.006206215681042641 7000 -0.006206215681042641 14000 -0.9875875686379149 
m400049 6000 -0.008162337636872508 7000 -0.008162337636872508 14000 -0.9836753247262547 
m400050 6000 -0.0006116444600832082 7000 -0.0006116444600832082 14000 -0.9987767110798338 
m400051 6000 -0.0023498625888949375 7000 -0.0023498625888949375 14000 -0.9953002748222101 
m400052 6000 -0.00439390951724629 7000 -0.00439390951724629 14000 -0.9912121809655072 
m400053 6000 -0.006291167311374025 7000 -0.006291167311374025 14000 -0.987417665377252 
m400054 6000 -0.008351947983034524 7000 -0.008351947983034524 14000 -0.9832961040339312 
m400055 6000 -0.0004938455527389006 7000 -0.0004938455527389006 14000 -0.9990123088945221 
m400056 6000 -0.0021569165573473935 7000 -0.0021569165573473935 14000 -0.9956861668853052 
m400057 6000 -0.004137531834872874 7000 -0.004137531834872874 14000 -0.9917249363302537 
m400058 6000 -0.006219514145828563 7000 -0.006219514145828563 14000 -0.9875609717083428 
m400059 6000 -0.008426962312795354 7000 -0.008426962312795354 14000 -0.983146075374409 
m400060 6000 -0.0004489323727337302 7000 -0.0004489323727337302 14000 -0.9991021352545326 
m400061 6000 -0.002329900805543073 7000 -0.002329900805543073 14000 -0.9953401983889136 
m400062 6000 -0.0044391328998731015 7000 -0.0044391328998731015 14000 -0.9911217342002538 
m400063 6000 -0.006128257242819358 7000 -0.006128257242819358 14000 -0.9877434855143616 
m400064 6000 -0.008182550612412697 7000 -0.008182550612412697 14000 -0.9836348987751744 
m400065 6000 -0.0005154072849853626 7000 -0.0005154072849853626 14000 -0.9989691854300292 
m400066 6000 -0.0020885774122632993 7000 -0.0020885774122632993 14000 -0.9958228451754734 
m400067 6000 -0.0040095307503847395 7000 -0.0040095307503847395 14000 -0.9919809384992305 
m400068 6000 -0.006281952332886341 7000 -0.006281952332886341 14000 -0.9874360953342273 
m400069 6000 -0.008166975662353306 7000 -0.008166975662353306 14000 -0.9836660486752933 
m400070 6000 -0.0006704080148110257 7000 -0.0006704080148110257 14000 -0.9986591839703779 
m400071 6000 -0.002384184355107335 7000 -0.002384184355107335 14000 -0.9952316312897855 
m400072 6000 -0.004071907117562472 7000 -0.004071907117562472 14000 -0.9918561857648747 
m400073 6000 -0.0062922864879792085 7000 -0.0062922864879792085 14000 -0.9874154270240416 
m400074 6000 -0.007953936687820167 7000 -0.007953936687820167 14000 -0.9840921266243597 
m400075 6000 -0.00045915688588582304 7000 -0.00045915688588582304 14000 -0.9990816862282282 
m400076 6000 -0.002281903942860755 7000 -0.002281903942860755 14000 -0.9954361921142785 
m400077 6000 -0.004412691387303477 7000 -0.004412691387303477 14000 -0.9911746172253931 
m400078 6000 -0.0058985992588808855 7000 -0.0058985992588808855 14000 -0.9882028014822383 
m400079 6000 -0.00805801371221095 7000 -0.00805801371221095 14000 -0.983883972575578 
m400080 6000 -0.0004472487805602256 7000 -0.0004472487805602256 14000 -0.9991055024388799 
m400081 6000 -0.0022176486173936505 7000 -0.0022176486173936505 14000 -0.9955647027652127 
m400082 6000 -0.004357475930911226 7000 -0.004357475930911226 14000 -0.9912850481381775 
m400083 6000 -0.006315019149362689 7000 -0.006315019149362689 14000 -0.987369961701275 
m400084 6000 -0.007912116869606913 7000 -0.007912116869606913 14000 -0.9841757662607863 
m400085 6000 -0.0005080368160063689 7000 -0.0005080368160063689 14000 -0.998983926367987 
m400086 6000 -0.002182527042338638 7000 -0.002182527042338638 14000 -0.9956349459153229 
m400087 6000 -0.00423559339488327 7000 -0.00423559339488327 14000 -0.9915288132102333 
m400088 6000 -0.006261727848045215 7000 -0.006261727848045215 14000 -0.9874765443039096 
m400089 6000 -0.008195715548783882 7000 -0.008195715548783882 14000 -0.9836085689024325 
m400090 6000 -0.0005006791910759981 7000 -0.0005006791910759981 14000 -0.998998641617848 
m400091 6000 -0.0023623935850507318 7000 -0.0023623935850507318 14000 -0.9952752128298984 
m400092 6000 -0.004143397525325329 7000 -0.004143397525325329 14000 -0.9917132049493492 
m400093 6000 -0.006226738395205529 7000 -0.006226738395205529 14000 -0.9875465232095888 
m400094 6000 -0.00808277966840807 7000 -0.00808277966840807 14000 -0.9838344406631837 
m400095 6000 -0.0007089288106773195 7000 -0.0007089288106773195 14000 -0.9985821423786454 
m400096 6000 -0.00197514225861103 7000 -0.00197514225861103 14000 -0.9960497154827779 
m400097 6000 -0.004122367138801832 7000 -0.004122367138801832 14000 -0.9917552657223964 
m400098 6000 -0.006289827264749015 7000 -0.006289827264749015 14000 -0.9874203454705018 
m400099 6000 -0.008395216583626524 7000 -0.008395216583626524 14000 -0.9832095668327469 
m400100 6000 -0.0005114902035523277 7000 -0.0005114902035523277 14000 -0.9989770195928953 
m400101 6000 -0.0022319189351481857 7000 -0.0022319189351481857 14000 -0.9955361621297035 
m400102 6000 -0.004234525802778314 7000 -0.004234525802778314 14000 -0.9915309483944431 
m400103 6000 -0.006178928460918717 7000 -0.006178928460918717 14000 -0.9876421430781624 
m400104 6000 -0.008232255331190342 7000 -0.008232255331190342 14000 -0.9835354893376193 
m400105 6000 -0.0006944429625853978 7000 -0.0006944429625853978 14000 -0.9986111140748293 
m400106 6000 -0.0024477241004436665 7000 -0.0024477241004436665 14000 -0.9951045517991127 
m400107 6000 -0.003892772470524806 7000 -0.003892772470524806 14000 -0.9922144550589502 
m400108 6000 -0.006262727425444524 7000 -0.006262727425444524 14000 -0.9874745451491109 
m400109 6000 -0.007949871490024905 7000 -0.007949871490024905 14000 -0.9841002570199499 
m400110 6000 -0.000663262370856581 7000 -0.000663262370856581 14000 -0.9986734752582868 
m400111 6000 -0.0020002255251033696 7000 -0.0020002255251033696 14000 -0.9959995489497931 
m400112 6000 -0.004034434909188123 7000 -0.004034434909188123 14000 -0.9919311301816239 
m400113 6000 -0.006068735320137952 7000 -0.006068735320137952 14000 -0.9878625293597239 
m400114 6000 -0.008155200714737633 7000 -0.008155200714737633 14000 -0.9836895985705242 
m400115 6000 -0.000561629640139712 7000 -0.000561629640139712 14000 -0.9988767407197208 
m400116 6000 -0.0022362349076527786 7000 -0.0022362349076527786 14000 -0.9955275301846946 
m400117 6000 -0.004341887573123202 7000 -0.004341887573123202 14000 -0.9913162248537536 
m400118 6000 -0.0058483081773614476 7000 -0.0058483081773614476 14000 -0.9883033836452769 
m400119 6000 -0.00852988148311425 7000 -0.00852988148311425 14000 -0.9829402370337713 
m400120 6000 -0.0006604962789852648 7000 -0.0006604962789852648 14000 -0.9986790074420293 
m400121 6000 -0.0023702221970991868 7000 -0.0023702221970991868 14000 -0.9952595556058016 
m400122 6000 -0.004149352562143535 7000 -0.004149352562143535 14000 -0.9917012948757129 
m400123 6000 -0.005981841645181324 7000 -0.005981841645181324 14000 -0.9880363167096375 
m400124 6000 -0.008153088209450743 7000 -0.008153088209450743 14000 -0.9836938235810984 
c **********************************
c PE+Pb, dens=4.78 g/cm3
m2      6000    -0.04286 $Carbon
        1001    -0.00714 $Hydrogen
        82000   -0.95000 $Lead
c **********************************
m3    1001 -0.048535 $Boric acid
      5010 -0.034981
      5011 -0.139923
      8016 -0.776561
c **********************************
m4    82000 1 $Lead
c **********************************
m5 26000 1 $Iron
c **********************************
m6     13027   -1.000 $ Aluminum
c **********************************
c  SS-304 (8.00 g/cm3), #298 in PNNL Compendium
m7   006000.50c -0.0004000
     014000.60c -0.0050000
     015031.50c -0.0002300
     016000.60c -0.0001500
     024000.50c -0.1899981
     025055.60c -0.0099999
     026000.50c -0.7017229
     028000.50c -0.0924991
c ****************************************
c       LaBr detector
c ****************************************
m8       35079    -0.2946       $ Br79
         35081    -0.3069       $ Br81
         57139    -0.3485       $ La139
         58140    -0.0500       $ Ce140
c ************ air den=1.15e-3g/cc
m12     8016 -0.23
        7014 -0.77
c ************ Rubber Natural den=0.92 g/cc
m13     1001 -0.118371  $weight fraction
        6000 -0.881629
c
c end material cards
c
rand seed=8674536546524321 $different initial random #; seed# - any less 18 digits
c
c ********** begin tallies *********************
fc78 *********Broadened Pulse Height Tally Sum of Detectors 1,2 & 3 ***********
e78 0 1e-5 932i 8.4295
F78:p (101)
FT78 GEB -0.026198 0.059551 -0.037176
fc18 *********Unbroadened Pulse Height Tally Sum of Detectors 1,2 & 3 ***********
e18 0 1e-5 932i 8.4295
F18:p (101)
c ***********************************
c mplot tal 78 freq 10000
nps 1e9
