c CAS DETECTOR
c w/ Shielding in Place and Wheels
c
c CELL CARDS
c
c @@@@@@@@@@ Detectors @@@@@@@@@@@@@@@@@
c
101 8 -5.08 -21 imp:n,p 1 $LaBr Detector #1 Active Region
c
c @@@@@@@@@ Shielding @@@@@@@@@@@@@@@@@
c
121 2 -4.78 -31 imp:n,p 1 $PE_Pb
122 4 -11.29 -32 imp:n,p 1 $Pb1
123 4 -11.29 -33 imp:n,p 1 $Pb2
124 4 -11.29 -34 imp:n,p 1 $Pb3
125 4 -11.29 -35 imp:n,p 1 $Pb4
126 4 -11.29 -36 imp:n,p 1 $Pb5
127 4 -11.29 -37 imp:n,p 1 $Pb6
128 3 -1.5 -38 imp:n,p 1 $BA1
129 3 -1.5 -39 imp:n,p 1 $BA2
130 6 -2.7 -40 imp:n,p 1 $Al
131 7 -7.92 301 -302 303 -304 imp:n,p 1 $Fe-tube
132 5 -7.8 -401 imp:n,p 1 $Fe
133 5 -7.8 -402 imp:n,p 1 $Fe
c @@@@@@@@@@ Wheels @@@@@@@@@@@@@@@@@
c
21 13 -0.92 -41 42 imp:n,p 1 $Wheel 1
211 13 -0.92 -421 422 imp:n,p 1 $Wheel 1
212 13 -0.92 -423 424 imp:n,p 1 $Wheel 1
22 13 -0.92 -43 44 imp:n,p 1 $Wheel 2
221 13 -0.92 -441 442 imp:n,p 1 $Wheel 2
222 13 -0.92 -443 444 imp:n,p 1 $Wheel 2
23 13 -0.92 -45 46 imp:n,p 1 $Wheel 3
231 13 -0.92 -461 462 imp:n,p 1 $Wheel 3
232 13 -0.92 -463 464 imp:n,p 1 $Wheel 3
24 13 -0.92 -47 48 imp:n,p 1 $Wheel 4
241 13 -0.92 -481 482 imp:n,p 1 $Wheel 4
242 13 -0.92 -483 484 imp:n,p 1 $Wheel 4
c
c @@@@@@@@@@ SOIL VOLUME @@@@@@@@@@@
c
300000 400000 -2.156 20010 -20011 20020 -20021 20030 -20031 imp:n,p 1
300001 400001 -2.156 20010 -20011 20020 -20021 20031 -20032 imp:n,p 1
300002 400002 -2.156 20010 -20011 20020 -20021 20032 -20033 imp:n,p 1
300003 400003 -2.156 20010 -20011 20020 -20021 20033 -20034 imp:n,p 1
300004 400004 -2.156 20010 -20011 20020 -20021 20034 -20035 imp:n,p 1
300005 400005 -2.156 20011 -20012 20020 -20021 20030 -20031 imp:n,p 1
300006 400006 -2.156 20011 -20012 20020 -20021 20031 -20032 imp:n,p 1
300007 400007 -2.156 20011 -20012 20020 -20021 20032 -20033 imp:n,p 1
300008 400008 -2.156 20011 -20012 20020 -20021 20033 -20034 imp:n,p 1
300009 400009 -2.156 20011 -20012 20020 -20021 20034 -20035 imp:n,p 1
300010 400010 -2.156 20012 -20013 20020 -20021 20030 -20031 imp:n,p 1
300011 400011 -2.156 20012 -20013 20020 -20021 20031 -20032 imp:n,p 1
300012 400012 -2.156 20012 -20013 20020 -20021 20032 -20033 imp:n,p 1
300013 400013 -2.156 20012 -20013 20020 -20021 20033 -20034 imp:n,p 1
300014 400014 -2.156 20012 -20013 20020 -20021 20034 -20035 imp:n,p 1
300015 400015 -2.156 20013 -20014 20020 -20021 20030 -20031 imp:n,p 1
300016 400016 -2.156 20013 -20014 20020 -20021 20031 -20032 imp:n,p 1
300017 400017 -2.156 20013 -20014 20020 -20021 20032 -20033 imp:n,p 1
300018 400018 -2.156 20013 -20014 20020 -20021 20033 -20034 imp:n,p 1
300019 400019 -2.156 20013 -20014 20020 -20021 20034 -20035 imp:n,p 1
300020 400020 -2.156 20014 -20015 20020 -20021 20030 -20031 imp:n,p 1
300021 400021 -2.156 20014 -20015 20020 -20021 20031 -20032 imp:n,p 1
300022 400022 -2.156 20014 -20015 20020 -20021 20032 -20033 imp:n,p 1
300023 400023 -2.156 20014 -20015 20020 -20021 20033 -20034 imp:n,p 1
300024 400024 -2.156 20014 -20015 20020 -20021 20034 -20035 imp:n,p 1
300025 400025 -2.156 20010 -20011 20021 -20022 20030 -20031 imp:n,p 1
300026 400026 -2.156 20010 -20011 20021 -20022 20031 -20032 imp:n,p 1
300027 400027 -2.156 20010 -20011 20021 -20022 20032 -20033 imp:n,p 1
300028 400028 -2.156 20010 -20011 20021 -20022 20033 -20034 imp:n,p 1
300029 400029 -2.156 20010 -20011 20021 -20022 20034 -20035 imp:n,p 1
300030 400030 -2.156 20011 -20012 20021 -20022 20030 -20031 imp:n,p 1
300031 400031 -2.156 20011 -20012 20021 -20022 20031 -20032 imp:n,p 1
300032 400032 -2.156 20011 -20012 20021 -20022 20032 -20033 imp:n,p 1
300033 400033 -2.156 20011 -20012 20021 -20022 20033 -20034 imp:n,p 1
300034 400034 -2.156 20011 -20012 20021 -20022 20034 -20035 imp:n,p 1
300035 400035 -2.156 20012 -20013 20021 -20022 20030 -20031 imp:n,p 1
300036 400036 -2.156 20012 -20013 20021 -20022 20031 -20032 imp:n,p 1
300037 400037 -2.156 20012 -20013 20021 -20022 20032 -20033 imp:n,p 1
300038 400038 -2.156 20012 -20013 20021 -20022 20033 -20034 imp:n,p 1
300039 400039 -2.156 20012 -20013 20021 -20022 20034 -20035 imp:n,p 1
300040 400040 -2.156 20013 -20014 20021 -20022 20030 -20031 imp:n,p 1
300041 400041 -2.156 20013 -20014 20021 -20022 20031 -20032 imp:n,p 1
300042 400042 -2.156 20013 -20014 20021 -20022 20032 -20033 imp:n,p 1
300043 400043 -2.156 20013 -20014 20021 -20022 20033 -20034 imp:n,p 1
300044 400044 -2.156 20013 -20014 20021 -20022 20034 -20035 imp:n,p 1
300045 400045 -2.156 20014 -20015 20021 -20022 20030 -20031 imp:n,p 1
300046 400046 -2.156 20014 -20015 20021 -20022 20031 -20032 imp:n,p 1
300047 400047 -2.156 20014 -20015 20021 -20022 20032 -20033 imp:n,p 1
300048 400048 -2.156 20014 -20015 20021 -20022 20033 -20034 imp:n,p 1
300049 400049 -2.156 20014 -20015 20021 -20022 20034 -20035 imp:n,p 1
300050 400050 -2.156 20010 -20011 20022 -20023 20030 -20031 imp:n,p 1
300051 400051 -2.156 20010 -20011 20022 -20023 20031 -20032 imp:n,p 1
300052 400052 -2.156 20010 -20011 20022 -20023 20032 -20033 imp:n,p 1
300053 400053 -2.156 20010 -20011 20022 -20023 20033 -20034 imp:n,p 1
300054 400054 -2.156 20010 -20011 20022 -20023 20034 -20035 imp:n,p 1
300055 400055 -2.156 20011 -20012 20022 -20023 20030 -20031 imp:n,p 1
300056 400056 -2.156 20011 -20012 20022 -20023 20031 -20032 imp:n,p 1
300057 400057 -2.156 20011 -20012 20022 -20023 20032 -20033 imp:n,p 1
300058 400058 -2.156 20011 -20012 20022 -20023 20033 -20034 imp:n,p 1
300059 400059 -2.156 20011 -20012 20022 -20023 20034 -20035 imp:n,p 1
300060 400060 -2.156 20012 -20013 20022 -20023 20030 -20031 imp:n,p 1
300061 400061 -2.156 20012 -20013 20022 -20023 20031 -20032 imp:n,p 1
300062 400062 -2.156 20012 -20013 20022 -20023 20032 -20033 imp:n,p 1
300063 400063 -2.156 20012 -20013 20022 -20023 20033 -20034 imp:n,p 1
300064 400064 -2.156 20012 -20013 20022 -20023 20034 -20035 imp:n,p 1
300065 400065 -2.156 20013 -20014 20022 -20023 20030 -20031 imp:n,p 1
300066 400066 -2.156 20013 -20014 20022 -20023 20031 -20032 imp:n,p 1
300067 400067 -2.156 20013 -20014 20022 -20023 20032 -20033 imp:n,p 1
300068 400068 -2.156 20013 -20014 20022 -20023 20033 -20034 imp:n,p 1
300069 400069 -2.156 20013 -20014 20022 -20023 20034 -20035 imp:n,p 1
300070 400070 -2.156 20014 -20015 20022 -20023 20030 -20031 imp:n,p 1
300071 400071 -2.156 20014 -20015 20022 -20023 20031 -20032 imp:n,p 1
300072 400072 -2.156 20014 -20015 20022 -20023 20032 -20033 imp:n,p 1
300073 400073 -2.156 20014 -20015 20022 -20023 20033 -20034 imp:n,p 1
300074 400074 -2.156 20014 -20015 20022 -20023 20034 -20035 imp:n,p 1
300075 400075 -2.156 20010 -20011 20023 -20024 20030 -20031 imp:n,p 1
300076 400076 -2.156 20010 -20011 20023 -20024 20031 -20032 imp:n,p 1
300077 400077 -2.156 20010 -20011 20023 -20024 20032 -20033 imp:n,p 1
300078 400078 -2.156 20010 -20011 20023 -20024 20033 -20034 imp:n,p 1
300079 400079 -2.156 20010 -20011 20023 -20024 20034 -20035 imp:n,p 1
300080 400080 -2.156 20011 -20012 20023 -20024 20030 -20031 imp:n,p 1
300081 400081 -2.156 20011 -20012 20023 -20024 20031 -20032 imp:n,p 1
300082 400082 -2.156 20011 -20012 20023 -20024 20032 -20033 imp:n,p 1
300083 400083 -2.156 20011 -20012 20023 -20024 20033 -20034 imp:n,p 1
300084 400084 -2.156 20011 -20012 20023 -20024 20034 -20035 imp:n,p 1
300085 400085 -2.156 20012 -20013 20023 -20024 20030 -20031 imp:n,p 1
300086 400086 -2.156 20012 -20013 20023 -20024 20031 -20032 imp:n,p 1
300087 400087 -2.156 20012 -20013 20023 -20024 20032 -20033 imp:n,p 1
300088 400088 -2.156 20012 -20013 20023 -20024 20033 -20034 imp:n,p 1
300089 400089 -2.156 20012 -20013 20023 -20024 20034 -20035 imp:n,p 1
300090 400090 -2.156 20013 -20014 20023 -20024 20030 -20031 imp:n,p 1
300091 400091 -2.156 20013 -20014 20023 -20024 20031 -20032 imp:n,p 1
300092 400092 -2.156 20013 -20014 20023 -20024 20032 -20033 imp:n,p 1
300093 400093 -2.156 20013 -20014 20023 -20024 20033 -20034 imp:n,p 1
300094 400094 -2.156 20013 -20014 20023 -20024 20034 -20035 imp:n,p 1
300095 400095 -2.156 20014 -20015 20023 -20024 20030 -20031 imp:n,p 1
300096 400096 -2.156 20014 -20015 20023 -20024 20031 -20032 imp:n,p 1
300097 400097 -2.156 20014 -20015 20023 -20024 20032 -20033 imp:n,p 1
300098 400098 -2.156 20014 -20015 20023 -20024 20033 -20034 imp:n,p 1
300099 400099 -2.156 20014 -20015 20023 -20024 20034 -20035 imp:n,p 1
300100 400100 -2.156 20010 -20011 20024 -20025 20030 -20031 imp:n,p 1
300101 400101 -2.156 20010 -20011 20024 -20025 20031 -20032 imp:n,p 1
300102 400102 -2.156 20010 -20011 20024 -20025 20032 -20033 imp:n,p 1
300103 400103 -2.156 20010 -20011 20024 -20025 20033 -20034 imp:n,p 1
300104 400104 -2.156 20010 -20011 20024 -20025 20034 -20035 imp:n,p 1
300105 400105 -2.156 20011 -20012 20024 -20025 20030 -20031 imp:n,p 1
300106 400106 -2.156 20011 -20012 20024 -20025 20031 -20032 imp:n,p 1
300107 400107 -2.156 20011 -20012 20024 -20025 20032 -20033 imp:n,p 1
300108 400108 -2.156 20011 -20012 20024 -20025 20033 -20034 imp:n,p 1
300109 400109 -2.156 20011 -20012 20024 -20025 20034 -20035 imp:n,p 1
300110 400110 -2.156 20012 -20013 20024 -20025 20030 -20031 imp:n,p 1
300111 400111 -2.156 20012 -20013 20024 -20025 20031 -20032 imp:n,p 1
300112 400112 -2.156 20012 -20013 20024 -20025 20032 -20033 imp:n,p 1
300113 400113 -2.156 20012 -20013 20024 -20025 20033 -20034 imp:n,p 1
300114 400114 -2.156 20012 -20013 20024 -20025 20034 -20035 imp:n,p 1
300115 400115 -2.156 20013 -20014 20024 -20025 20030 -20031 imp:n,p 1
300116 400116 -2.156 20013 -20014 20024 -20025 20031 -20032 imp:n,p 1
300117 400117 -2.156 20013 -20014 20024 -20025 20032 -20033 imp:n,p 1
300118 400118 -2.156 20013 -20014 20024 -20025 20033 -20034 imp:n,p 1
300119 400119 -2.156 20013 -20014 20024 -20025 20034 -20035 imp:n,p 1
300120 400120 -2.156 20014 -20015 20024 -20025 20030 -20031 imp:n,p 1
300121 400121 -2.156 20014 -20015 20024 -20025 20031 -20032 imp:n,p 1
300122 400122 -2.156 20014 -20015 20024 -20025 20032 -20033 imp:n,p 1
300123 400123 -2.156 20014 -20015 20024 -20025 20033 -20034 imp:n,p 1
300124 400124 -2.156 20014 -20015 20024 -20025 20034 -20035 imp:n,p 1
c
30 12 -0.00129 -200 #101 #121 #122 #123 #124 #125 #126 #127 #128 #129 #130 #131 #132 #133
        #21 #211 #212 #22 #221 #222 #23 #231 #232 #24 #241 #242 #20 imp:n,p 1 $Rest of the World
31 0 200 imp:n,p 0 $Outside world

c SURFACE CARDS
c
c Sample Volume
20010 px -56.0
20011 px -33.600000000000364
20012 px -11.200000000000728
20013 px 11.200000000000728
20014 px 33.600000000000364
20015 px 56.0
20020 py -45.0
20021 py -27.0
20022 py -9.0
20023 py 9.0
20024 py 27.0
20025 py 45.0
20030 pz 92.0
20031 pz 82.0
20032 pz 72.0
20033 pz 62.0
20034 pz 52.0
20035 pz 42.0
c Active Detector Region
21 rcc 56  -5.0 -1.0   0.0 20.3 0.0   4.5 $Detector 1 Base center, Hx,Hy,Hz, radius
c Shielding Surfaces
c Shielding Pb
31 rpp 19 29 -7.5 7.5 -11 9 $PbPE xmin xmax ymin ymax zmin zmax
32 rpp 9 19 4 9 -11 9 $Pb xmin xmax ymin ymax zmin zmax
33 rpp 9 19 -9 -4 -11 9 $Pb xmin xmax ymin ymax zmin zmax
34 rpp 19 29 7.5 12.5 -11 9 $Pb xmin xmax ymin ymax zmin zmax
35 rpp 19 29 -12.5 -7.5 -11 9 $Pb xmin xmax ymin ymax zmin zmax
36 rpp 29 34 -15 15 -11 9 $Pb xmin xmax ymin ymax zmin zmax
37 rpp 9 19 -4 4 4 9 $Pb xmin xmax ymin ymax zmin zmax
38 rpp -26 26 18 28 -11 9 $BA1 xmin xmax ymin ymax zmin zmax
39 rpp -26 26 -28 -18 -11 9 $BA2 xmin xmax ymin ymax zmin zmax
40 rpp -65 65 -28 28 10 10.5 $Al xmin xmax ymin ymax zmin zmax
401 rpp -27 27 29 34 -11 9 $Fe xmin xmax ymin ymax zmin zmax
402 rpp -27 27 -34 -29 -11 9 $Fe xmin xmax ymin ymax zmin zmax
301 px -20
302 px 18
303 cx 3.71
304 cx 3.81
c Wheels Surfaces
c 23/10.5-12 turf tires, 22.6 lb rubber
c diameter 29cm, tread width 25cm, and sidewall height 13.76 cm
c set thickness of all sides 1.3 cm (s.t. weight is 22.6 lb)
41 rcc -2 77 8   0.0 25 0.0 29 $wheel 1 outer tread surface
42 rcc -2 77 8   0.0 25 0.0 27.7 $wheel 1 inner tread surface
421 rcc -2 75.7 8   0.0 1.3 0.0 29 $wheel 1 outside sidewall exterior
422 rcc -2 75.7 8   0.0 1.3 0.0 15.24 $wheel 1 outside sidewall interior
423 rcc -2 102 8   0.0 1.3 0.0 29 $wheel 1 inside sidewall exterior
424 rcc -2 102 8   0.0 1.3 0.0 15.24 $wheel 1 inside sidewall interior
43 rcc 68 77 8   0.0 25 0.0 29 $wheel 2
44 rcc 68 77 8   0.0 25 0.0 27.7
441 rcc 68 75.7 8   0.0 1.3 0.0 29
442 rcc 68 75.7 8   0.0 1.3 0.0 15.24
443 rcc 68 102 8   0.0 1.3 0.0 29
444 rcc 68 102 8   0.0 1.3 0.0 15.24
45 rcc -2 -77 8   0.0 -25 0.0 29 $wheel 3
46 rcc -2 -77 8   0.0 -25 0.0 27.7
461 rcc -2 -75.7 8   0.0 -1.3 0.0 29
462 rcc -2 -75.7 8   0.0 -1.3 0.0 15.24
463 rcc -2 -102 8   0.0 -1.3 0.0 29
464 rcc -2 -102 8   0.0 -1.3 0.0 15.24
47 rcc 68 -77 8   0.0 -25 0.0 29 $wheel 4
48 rcc 68 -77 8   0.0 -25 0.0 27.7
481 rcc 68 -75.7 8   0.0 -1.3 0.0 29
482 rcc 68 -75.7 8   0.0 -1.3 0.0 15.24
483 rcc 68 -102 8   0.0 -1.3 0.0 29
484 rcc 68 -102 8   0.0 -1.3 0.0 15.24
200 so 800    $sphere of 800cm centered at origin
c

c DATA CARDS
mode n p
c dump every hr
prdmp -60 -60 -1
c 100 keV Neutron Energy Cutoff
Cut:n 1j 0.1
c analog neutron transport
phys:n 1j 14
phys:p
sdef pos=0 0 0 erg=14.0 vec= 0 0 1 dir=d1
si1  -1 .93 1
sp1   0  0.0  1.0
c ********************
c begin material cards
c ********************
c Pure Carbon
c ****************************************
m400000 6000 -0.0006382062937568046 7000 -0.0006382062937568046 14000 -0.9987235874124865 
m400001 6000 -0.002413773554130713 7000 -0.002413773554130713 14000 -0.9951724528917386 
m400002 6000 -0.004056648821068405 7000 -0.004056648821068405 14000 -0.991886702357863 
m400003 6000 -0.006206512610601347 7000 -0.006206512610601347 14000 -0.987586974778797 
m400004 6000 -0.007978512268312477 7000 -0.007978512268312477 14000 -0.984042975463375 
m400005 6000 -0.0007406506923841433 7000 -0.0007406506923841433 14000 -0.9985186986152316 
m400006 6000 -0.0023577084513312346 7000 -0.0023577084513312346 14000 -0.9952845830973377 
m400007 6000 -0.004104432615494901 7000 -0.004104432615494901 14000 -0.9917911347690104 
m400008 6000 -0.005933257852729695 7000 -0.005933257852729695 14000 -0.9881334842945405 
m400009 6000 -0.008112667428507891 7000 -0.008112667428507891 14000 -0.9837746651429841 
m400010 6000 -0.0005388332461932005 7000 -0.0005388332461932005 14000 -0.9989223335076137 
m400011 6000 -0.0023610737669619523 7000 -0.0023610737669619523 14000 -0.9952778524660759 
m400012 6000 -0.004327907146332544 7000 -0.004327907146332544 14000 -0.9913441857073347 
m400013 6000 -0.0063932248811096925 7000 -0.0063932248811096925 14000 -0.9872135502377808 
m400014 6000 -0.008217335525997325 7000 -0.008217335525997325 14000 -0.9835653289480054 
m400015 6000 -0.0005103217079202159 7000 -0.0005103217079202159 14000 -0.9989793565841594 
m400016 6000 -0.002061928605604051 7000 -0.002061928605604051 14000 -0.9958761427887918 
m400017 6000 -0.003969536738924443 7000 -0.003969536738924443 14000 -0.9920609265221512 
m400018 6000 -0.006304577235420014 7000 -0.006304577235420014 14000 -0.9873908455291598 
m400019 6000 -0.008195123468284988 7000 -0.008195123468284988 14000 -0.9836097530634298 
m400020 6000 -0.0005298310140640856 7000 -0.0005298310140640856 14000 -0.9989403379718719 
m400021 6000 -0.0022569155819809603 7000 -0.0022569155819809603 14000 -0.995486168836038 
m400022 6000 -0.0043286384583036165 7000 -0.0043286384583036165 14000 -0.9913427230833932 
m400023 6000 -0.00621743431414462 7000 -0.00621743431414462 14000 -0.9875651313717109 
m400024 6000 -0.00816801148258605 7000 -0.00816801148258605 14000 -0.9836639770348279 
m400025 6000 -0.00044577493336182686 7000 -0.00044577493336182686 14000 -0.9991084501332759 
m400026 6000 -0.002095596595096936 7000 -0.002095596595096936 14000 -0.9958088068098061 
m400027 6000 -0.0041213962165795185 7000 -0.0041213962165795185 14000 -0.991757207566841 
m400028 6000 -0.006222788566346416 7000 -0.006222788566346416 14000 -0.9875544228673072 
m400029 6000 -0.008209272713205115 7000 -0.008209272713205115 14000 -0.9835814545735899 
m400030 6000 -0.0005600179232010541 7000 -0.0005600179232010541 14000 -0.9988799641535978 
m400031 6000 -0.002154890057807131 7000 -0.002154890057807131 14000 -0.9956902198843858 
m400032 6000 -0.004324089629982919 7000 -0.004324089629982919 14000 -0.9913518207400341 
m400033 6000 -0.006456912479330571 7000 -0.006456912479330571 14000 -0.9870861750413384 
m400034 6000 -0.007956519413537602 7000 -0.007956519413537602 14000 -0.9840869611729249 
m400035 6000 -0.0005993987306441768 7000 -0.0005993987306441768 14000 -0.9988012025387114 
m400036 6000 -0.0020279838854897797 7000 -0.0020279838854897797 14000 -0.9959440322290203 
m400037 6000 -0.004204231707337513 7000 -0.004204231707337513 14000 -0.9915915365853246 
m400038 6000 -0.006314981364629011 7000 -0.006314981364629011 14000 -0.9873700372707421 
m400039 6000 -0.008030384809779521 7000 -0.008030384809779521 14000 -0.9839392303804412 
m400040 6000 -0.00046332551002308876 7000 -0.00046332551002308876 14000 -0.9990733489799538 
m400041 6000 -0.002316273152422957 7000 -0.002316273152422957 14000 -0.995367453695154 
m400042 6000 -0.004165065764539041 7000 -0.004165065764539041 14000 -0.9916698684709218 
m400043 6000 -0.006178744108014529 7000 -0.006178744108014529 14000 -0.9876425117839709 
m400044 6000 -0.008224642623832457 7000 -0.008224642623832457 14000 -0.983550714752335 
m400045 6000 -0.00048720794620431675 7000 -0.00048720794620431675 14000 -0.9990255841075917 
m400046 6000 -0.002137348987378154 7000 -0.002137348987378154 14000 -0.995725302025244 
m400047 6000 -0.0041665623783336435 7000 -0.0041665623783336435 14000 -0.9916668752433327 
m400048 6000 -0.0060447047087867885 7000 -0.0060447047087867885 14000 -0.9879105905824264 
m400049 6000 -0.00790846909568898 7000 -0.00790846909568898 14000 -0.9841830618086224 
m400050 6000 -0.0006695340395214238 7000 -0.0006695340395214238 14000 -0.9986609319209572 
m400051 6000 -0.002295399336119944 7000 -0.002295399336119944 14000 -0.9954092013277601 
m400052 6000 -0.004399630510951588 7000 -0.004399630510951588 14000 -0.9912007389780969 
m400053 6000 -0.006194659359403168 7000 -0.006194659359403168 14000 -0.9876106812811938 
m400054 6000 -0.008158574526203895 7000 -0.008158574526203895 14000 -0.9836828509475926 
m400055 6000 -0.0007262086352894267 7000 -0.0007262086352894267 14000 -0.998547582729421 
m400056 6000 -0.0022219665570679856 7000 -0.0022219665570679856 14000 -0.9955560668858642 
m400057 6000 -0.003834983048127778 7000 -0.003834983048127778 14000 -0.9923300339037445 
m400058 6000 -0.006383361978302224 7000 -0.006383361978302224 14000 -0.9872332760433957 
m400059 6000 -0.00805788853476944 7000 -0.00805788853476944 14000 -0.9838842229304611 
m400060 6000 -0.0006404197630403785 7000 -0.0006404197630403785 14000 -0.9987191604739192 
m400061 6000 -0.0020683655940167693 7000 -0.0020683655940167693 14000 -0.9958632688119661 
m400062 6000 -0.004046486795810216 7000 -0.004046486795810216 14000 -0.9919070264083797 
m400063 6000 -0.006260503488252896 7000 -0.006260503488252896 14000 -0.9874789930234944 
m400064 6000 -0.007953450506109697 7000 -0.007953450506109697 14000 -0.9840930989877802 
m400065 6000 -0.0005388194370418351 7000 -0.0005388194370418351 14000 -0.9989223611259166 
m400066 6000 -0.0020203975420630908 7000 -0.0020203975420630908 14000 -0.9959592049158735 
m400067 6000 -0.004205804213714281 7000 -0.004205804213714281 14000 -0.9915883915725716 
m400068 6000 -0.006336555410048651 7000 -0.006336555410048651 14000 -0.9873268891799029 
m400069 6000 -0.008462891280634178 7000 -0.008462891280634178 14000 -0.9830742174387318 
m400070 6000 -0.0005556605337276741 7000 -0.0005556605337276741 14000 -0.9988886789325445 
m400071 6000 -0.002023470328608243 7000 -0.002023470328608243 14000 -0.9959530593427831 
m400072 6000 -0.004059831005949873 7000 -0.004059831005949873 14000 -0.9918803379881002 
m400073 6000 -0.006239873218215769 7000 -0.006239873218215769 14000 -0.9875202535635688 
m400074 6000 -0.008109059473066864 7000 -0.008109059473066864 14000 -0.9837818810538663 
m400075 6000 -0.0005809530345620254 7000 -0.0005809530345620254 14000 -0.9988380939308759 
m400076 6000 -0.0024768512550224627 7000 -0.0024768512550224627 14000 -0.9950462974899554 
m400077 6000 -0.004067869592011145 7000 -0.004067869592011145 14000 -0.9918642608159778 
m400078 6000 -0.0060027034896961515 7000 -0.0060027034896961515 14000 -0.9879945930206075 
m400079 6000 -0.008103088617641642 7000 -0.008103088617641642 14000 -0.9837938227647167 
m400080 6000 -0.0007101909104257594 7000 -0.0007101909104257594 14000 -0.9985796181791483 
m400081 6000 -0.0023816361923089785 7000 -0.0023816361923089785 14000 -0.995236727615382 
m400082 6000 -0.003933052535759691 7000 -0.003933052535759691 14000 -0.9921338949284805 
m400083 6000 -0.0061655010445669485 7000 -0.0061655010445669485 14000 -0.9876689979108663 
m400084 6000 -0.008169317840255064 7000 -0.008169317840255064 14000 -0.9836613643194897 
m400085 6000 -0.0007802931824362139 7000 -0.0007802931824362139 14000 -0.9984394136351277 
m400086 6000 -0.0019804650986329298 7000 -0.0019804650986329298 14000 -0.9960390698027344 
m400087 6000 -0.004259854325139505 7000 -0.004259854325139505 14000 -0.9914802913497208 
m400088 6000 -0.00602101750950794 7000 -0.00602101750950794 14000 -0.9879579649809845 
m400089 6000 -0.008052183484319256 7000 -0.008052183484319256 14000 -0.9838956330313617 
m400090 6000 -0.0006373858322692284 7000 -0.0006373858322692284 14000 -0.9987252283354614 
m400091 6000 -0.0020060838852842032 7000 -0.0020060838852842032 14000 -0.9959878322294317 
m400092 6000 -0.004360565633401109 7000 -0.004360565633401109 14000 -0.9912788687331978 
m400093 6000 -0.0061426306733853905 7000 -0.0061426306733853905 14000 -0.9877147386532293 
m400094 6000 -0.008006257825717905 7000 -0.008006257825717905 14000 -0.9839874843485643 
m400095 6000 -0.0006827949686357801 7000 -0.0006827949686357801 14000 -0.9986344100627284 
m400096 6000 -0.001993479674590572 7000 -0.001993479674590572 14000 -0.9960130406508189 
m400097 6000 -0.004133864199152097 7000 -0.004133864199152097 14000 -0.9917322716016956 
m400098 6000 -0.006260092420757964 7000 -0.006260092420757964 14000 -0.9874798151584843 
m400099 6000 -0.0080544972009951 7000 -0.0080544972009951 14000 -0.9838910055980099 
m400100 6000 -0.0005063565422217127 7000 -0.0005063565422217127 14000 -0.9989872869155567 
m400101 6000 -0.002186854444821884 7000 -0.002186854444821884 14000 -0.9956262911103562 
m400102 6000 -0.0037894559309909594 7000 -0.0037894559309909594 14000 -0.9924210881380181 
m400103 6000 -0.006144255534601233 7000 -0.006144255534601233 14000 -0.9877114889307976 
m400104 6000 -0.008101177881869176 7000 -0.008101177881869176 14000 -0.9837976442362617 
m400105 6000 -0.0006736320715775683 7000 -0.0006736320715775683 14000 -0.9986527358568448 
m400106 6000 -0.001995393194275861 7000 -0.001995393194275861 14000 -0.9960092136114482 
m400107 6000 -0.004228770082593862 7000 -0.004228770082593862 14000 -0.9915424598348122 
m400108 6000 -0.006346880570192055 7000 -0.006346880570192055 14000 -0.9873062388596158 
m400109 6000 -0.008346306322624024 7000 -0.008346306322624024 14000 -0.983307387354752 
m400110 6000 -0.0006286254687200257 7000 -0.0006286254687200257 14000 -0.9987427490625599 
m400111 6000 -0.0020575969766701368 7000 -0.0020575969766701368 14000 -0.9958848060466594 
m400112 6000 -0.004084800202714987 7000 -0.004084800202714987 14000 -0.9918303995945702 
m400113 6000 -0.0062179178660453195 7000 -0.0062179178660453195 14000 -0.9875641642679092 
m400114 6000 -0.0083309315453679 7000 -0.0083309315453679 14000 -0.9833381369092642 
m400115 6000 -0.0005760927919226362 7000 -0.0005760927919226362 14000 -0.9988478144161546 
m400116 6000 -0.001968205123046388 7000 -0.001968205123046388 14000 -0.9960635897539073 
m400117 6000 -0.0042212595002730354 7000 -0.0042212595002730354 14000 -0.9915574809994535 
m400118 6000 -0.006177089548237755 7000 -0.006177089548237755 14000 -0.9876458209035239 
m400119 6000 -0.008122725831232953 7000 -0.008122725831232953 14000 -0.9837545483375341 
m400120 6000 -0.0007558791160343735 7000 -0.0007558791160343735 14000 -0.9984882417679315 
m400121 6000 -0.0021756068508809756 7000 -0.0021756068508809756 14000 -0.9956487862982384 
m400122 6000 -0.004174399826577793 7000 -0.004174399826577793 14000 -0.9916512003468445 
m400123 6000 -0.006508626083183564 7000 -0.006508626083183564 14000 -0.9869827478336332 
m400124 6000 -0.008335607113466393 7000 -0.008335607113466393 14000 -0.9833287857730673 
c **********************************
c PE+Pb, dens=4.78 g/cm3
m2      6000    -0.04286 $Carbon
        1001    -0.00714 $Hydrogen
        82000   -0.95000 $Lead
c **********************************
m3    1001 -0.048535 $Boric acid
      5010 -0.034981
      5011 -0.139923
      8016 -0.776561
c **********************************
m4    82000 1 $Lead
c **********************************
m5 26000 1 $Iron
c **********************************
m6     13027   -1.000 $ Aluminum
c **********************************
c  SS-304 (8.00 g/cm3), #298 in PNNL Compendium
m7   006000.50c -0.0004000
     014000.60c -0.0050000
     015031.50c -0.0002300
     016000.60c -0.0001500
     024000.50c -0.1899981
     025055.60c -0.0099999
     026000.50c -0.7017229
     028000.50c -0.0924991
c ****************************************
c       LaBr detector
c ****************************************
m8       35079    -0.2946       $ Br79
         35081    -0.3069       $ Br81
         57139    -0.3485       $ La139
         58140    -0.0500       $ Ce140
c ************ air den=1.15e-3g/cc
m12     8016 -0.23
        7014 -0.77
c ************ Rubber Natural den=0.92 g/cc
m13     1001 -0.118371  $weight fraction
        6000 -0.881629
c
c end material cards
c
rand seed=8674536546524321 $different initial random #; seed# - any less 18 digits
c
c ********** begin tallies *********************
fc78 *********Broadened Pulse Height Tally Sum of Detectors 1,2 & 3 ***********
e78 0 1e-5 932i 8.4295
F78:p (101)
FT78 GEB -0.026198 0.059551 -0.037176
fc18 *********Unbroadened Pulse Height Tally Sum of Detectors 1,2 & 3 ***********
e18 0 1e-5 932i 8.4295
F18:p (101)
c ***********************************
c mplot tal 78 freq 10000
nps 1e9
