c CAS DETECTOR
c w/ Shielding in Place and Wheels
c
c CELL CARDS
c
c @@@@@@@@@@ Detectors @@@@@@@@@@@@@@@@@
c
101 8 -5.08 -21 imp:n,p 1 $LaBr Detector #1 Active Region
c
c @@@@@@@@@ Shielding @@@@@@@@@@@@@@@@@
c
121 2 -4.78 -31 imp:n,p 1 $PE_Pb
122 4 -11.29 -32 imp:n,p 1 $Pb1
123 4 -11.29 -33 imp:n,p 1 $Pb2
124 4 -11.29 -34 imp:n,p 1 $Pb3
125 4 -11.29 -35 imp:n,p 1 $Pb4
126 4 -11.29 -36 imp:n,p 1 $Pb5
127 4 -11.29 -37 imp:n,p 1 $Pb6
128 3 -1.5 -38 imp:n,p 1 $BA1
129 3 -1.5 -39 imp:n,p 1 $BA2
130 6 -2.7 -40 imp:n,p 1 $Al
131 7 -7.92 301 -302 303 -304 imp:n,p 1 $Fe-tube
132 5 -7.8 -401 imp:n,p 1 $Fe
133 5 -7.8 -402 imp:n,p 1 $Fe
c @@@@@@@@@@ Wheels @@@@@@@@@@@@@@@@@
c
21 13 -0.92 -41 42 imp:n,p 1 $Wheel 1
211 13 -0.92 -421 422 imp:n,p 1 $Wheel 1
212 13 -0.92 -423 424 imp:n,p 1 $Wheel 1
22 13 -0.92 -43 44 imp:n,p 1 $Wheel 2
221 13 -0.92 -441 442 imp:n,p 1 $Wheel 2
222 13 -0.92 -443 444 imp:n,p 1 $Wheel 2
23 13 -0.92 -45 46 imp:n,p 1 $Wheel 3
231 13 -0.92 -461 462 imp:n,p 1 $Wheel 3
232 13 -0.92 -463 464 imp:n,p 1 $Wheel 3
24 13 -0.92 -47 48 imp:n,p 1 $Wheel 4
241 13 -0.92 -481 482 imp:n,p 1 $Wheel 4
242 13 -0.92 -483 484 imp:n,p 1 $Wheel 4
c
c @@@@@@@@@@ SOIL VOLUME @@@@@@@@@@@
c
300000 400000 -2.156 20010 -20011 20020 -20021 20030 -20031 imp:n,p 1
300001 400001 -2.156 20010 -20011 20020 -20021 20031 -20032 imp:n,p 1
300002 400002 -2.156 20010 -20011 20020 -20021 20032 -20033 imp:n,p 1
300003 400003 -2.156 20010 -20011 20020 -20021 20033 -20034 imp:n,p 1
300004 400004 -2.156 20010 -20011 20020 -20021 20034 -20035 imp:n,p 1
300005 400005 -2.156 20011 -20012 20020 -20021 20030 -20031 imp:n,p 1
300006 400006 -2.156 20011 -20012 20020 -20021 20031 -20032 imp:n,p 1
300007 400007 -2.156 20011 -20012 20020 -20021 20032 -20033 imp:n,p 1
300008 400008 -2.156 20011 -20012 20020 -20021 20033 -20034 imp:n,p 1
300009 400009 -2.156 20011 -20012 20020 -20021 20034 -20035 imp:n,p 1
300010 400010 -2.156 20012 -20013 20020 -20021 20030 -20031 imp:n,p 1
300011 400011 -2.156 20012 -20013 20020 -20021 20031 -20032 imp:n,p 1
300012 400012 -2.156 20012 -20013 20020 -20021 20032 -20033 imp:n,p 1
300013 400013 -2.156 20012 -20013 20020 -20021 20033 -20034 imp:n,p 1
300014 400014 -2.156 20012 -20013 20020 -20021 20034 -20035 imp:n,p 1
300015 400015 -2.156 20013 -20014 20020 -20021 20030 -20031 imp:n,p 1
300016 400016 -2.156 20013 -20014 20020 -20021 20031 -20032 imp:n,p 1
300017 400017 -2.156 20013 -20014 20020 -20021 20032 -20033 imp:n,p 1
300018 400018 -2.156 20013 -20014 20020 -20021 20033 -20034 imp:n,p 1
300019 400019 -2.156 20013 -20014 20020 -20021 20034 -20035 imp:n,p 1
300020 400020 -2.156 20014 -20015 20020 -20021 20030 -20031 imp:n,p 1
300021 400021 -2.156 20014 -20015 20020 -20021 20031 -20032 imp:n,p 1
300022 400022 -2.156 20014 -20015 20020 -20021 20032 -20033 imp:n,p 1
300023 400023 -2.156 20014 -20015 20020 -20021 20033 -20034 imp:n,p 1
300024 400024 -2.156 20014 -20015 20020 -20021 20034 -20035 imp:n,p 1
300025 400025 -2.156 20010 -20011 20021 -20022 20030 -20031 imp:n,p 1
300026 400026 -2.156 20010 -20011 20021 -20022 20031 -20032 imp:n,p 1
300027 400027 -2.156 20010 -20011 20021 -20022 20032 -20033 imp:n,p 1
300028 400028 -2.156 20010 -20011 20021 -20022 20033 -20034 imp:n,p 1
300029 400029 -2.156 20010 -20011 20021 -20022 20034 -20035 imp:n,p 1
300030 400030 -2.156 20011 -20012 20021 -20022 20030 -20031 imp:n,p 1
300031 400031 -2.156 20011 -20012 20021 -20022 20031 -20032 imp:n,p 1
300032 400032 -2.156 20011 -20012 20021 -20022 20032 -20033 imp:n,p 1
300033 400033 -2.156 20011 -20012 20021 -20022 20033 -20034 imp:n,p 1
300034 400034 -2.156 20011 -20012 20021 -20022 20034 -20035 imp:n,p 1
300035 400035 -2.156 20012 -20013 20021 -20022 20030 -20031 imp:n,p 1
300036 400036 -2.156 20012 -20013 20021 -20022 20031 -20032 imp:n,p 1
300037 400037 -2.156 20012 -20013 20021 -20022 20032 -20033 imp:n,p 1
300038 400038 -2.156 20012 -20013 20021 -20022 20033 -20034 imp:n,p 1
300039 400039 -2.156 20012 -20013 20021 -20022 20034 -20035 imp:n,p 1
300040 400040 -2.156 20013 -20014 20021 -20022 20030 -20031 imp:n,p 1
300041 400041 -2.156 20013 -20014 20021 -20022 20031 -20032 imp:n,p 1
300042 400042 -2.156 20013 -20014 20021 -20022 20032 -20033 imp:n,p 1
300043 400043 -2.156 20013 -20014 20021 -20022 20033 -20034 imp:n,p 1
300044 400044 -2.156 20013 -20014 20021 -20022 20034 -20035 imp:n,p 1
300045 400045 -2.156 20014 -20015 20021 -20022 20030 -20031 imp:n,p 1
300046 400046 -2.156 20014 -20015 20021 -20022 20031 -20032 imp:n,p 1
300047 400047 -2.156 20014 -20015 20021 -20022 20032 -20033 imp:n,p 1
300048 400048 -2.156 20014 -20015 20021 -20022 20033 -20034 imp:n,p 1
300049 400049 -2.156 20014 -20015 20021 -20022 20034 -20035 imp:n,p 1
300050 400050 -2.156 20010 -20011 20022 -20023 20030 -20031 imp:n,p 1
300051 400051 -2.156 20010 -20011 20022 -20023 20031 -20032 imp:n,p 1
300052 400052 -2.156 20010 -20011 20022 -20023 20032 -20033 imp:n,p 1
300053 400053 -2.156 20010 -20011 20022 -20023 20033 -20034 imp:n,p 1
300054 400054 -2.156 20010 -20011 20022 -20023 20034 -20035 imp:n,p 1
300055 400055 -2.156 20011 -20012 20022 -20023 20030 -20031 imp:n,p 1
300056 400056 -2.156 20011 -20012 20022 -20023 20031 -20032 imp:n,p 1
300057 400057 -2.156 20011 -20012 20022 -20023 20032 -20033 imp:n,p 1
300058 400058 -2.156 20011 -20012 20022 -20023 20033 -20034 imp:n,p 1
300059 400059 -2.156 20011 -20012 20022 -20023 20034 -20035 imp:n,p 1
300060 400060 -2.156 20012 -20013 20022 -20023 20030 -20031 imp:n,p 1
300061 400061 -2.156 20012 -20013 20022 -20023 20031 -20032 imp:n,p 1
300062 400062 -2.156 20012 -20013 20022 -20023 20032 -20033 imp:n,p 1
300063 400063 -2.156 20012 -20013 20022 -20023 20033 -20034 imp:n,p 1
300064 400064 -2.156 20012 -20013 20022 -20023 20034 -20035 imp:n,p 1
300065 400065 -2.156 20013 -20014 20022 -20023 20030 -20031 imp:n,p 1
300066 400066 -2.156 20013 -20014 20022 -20023 20031 -20032 imp:n,p 1
300067 400067 -2.156 20013 -20014 20022 -20023 20032 -20033 imp:n,p 1
300068 400068 -2.156 20013 -20014 20022 -20023 20033 -20034 imp:n,p 1
300069 400069 -2.156 20013 -20014 20022 -20023 20034 -20035 imp:n,p 1
300070 400070 -2.156 20014 -20015 20022 -20023 20030 -20031 imp:n,p 1
300071 400071 -2.156 20014 -20015 20022 -20023 20031 -20032 imp:n,p 1
300072 400072 -2.156 20014 -20015 20022 -20023 20032 -20033 imp:n,p 1
300073 400073 -2.156 20014 -20015 20022 -20023 20033 -20034 imp:n,p 1
300074 400074 -2.156 20014 -20015 20022 -20023 20034 -20035 imp:n,p 1
300075 400075 -2.156 20010 -20011 20023 -20024 20030 -20031 imp:n,p 1
300076 400076 -2.156 20010 -20011 20023 -20024 20031 -20032 imp:n,p 1
300077 400077 -2.156 20010 -20011 20023 -20024 20032 -20033 imp:n,p 1
300078 400078 -2.156 20010 -20011 20023 -20024 20033 -20034 imp:n,p 1
300079 400079 -2.156 20010 -20011 20023 -20024 20034 -20035 imp:n,p 1
300080 400080 -2.156 20011 -20012 20023 -20024 20030 -20031 imp:n,p 1
300081 400081 -2.156 20011 -20012 20023 -20024 20031 -20032 imp:n,p 1
300082 400082 -2.156 20011 -20012 20023 -20024 20032 -20033 imp:n,p 1
300083 400083 -2.156 20011 -20012 20023 -20024 20033 -20034 imp:n,p 1
300084 400084 -2.156 20011 -20012 20023 -20024 20034 -20035 imp:n,p 1
300085 400085 -2.156 20012 -20013 20023 -20024 20030 -20031 imp:n,p 1
300086 400086 -2.156 20012 -20013 20023 -20024 20031 -20032 imp:n,p 1
300087 400087 -2.156 20012 -20013 20023 -20024 20032 -20033 imp:n,p 1
300088 400088 -2.156 20012 -20013 20023 -20024 20033 -20034 imp:n,p 1
300089 400089 -2.156 20012 -20013 20023 -20024 20034 -20035 imp:n,p 1
300090 400090 -2.156 20013 -20014 20023 -20024 20030 -20031 imp:n,p 1
300091 400091 -2.156 20013 -20014 20023 -20024 20031 -20032 imp:n,p 1
300092 400092 -2.156 20013 -20014 20023 -20024 20032 -20033 imp:n,p 1
300093 400093 -2.156 20013 -20014 20023 -20024 20033 -20034 imp:n,p 1
300094 400094 -2.156 20013 -20014 20023 -20024 20034 -20035 imp:n,p 1
300095 400095 -2.156 20014 -20015 20023 -20024 20030 -20031 imp:n,p 1
300096 400096 -2.156 20014 -20015 20023 -20024 20031 -20032 imp:n,p 1
300097 400097 -2.156 20014 -20015 20023 -20024 20032 -20033 imp:n,p 1
300098 400098 -2.156 20014 -20015 20023 -20024 20033 -20034 imp:n,p 1
300099 400099 -2.156 20014 -20015 20023 -20024 20034 -20035 imp:n,p 1
300100 400100 -2.156 20010 -20011 20024 -20025 20030 -20031 imp:n,p 1
300101 400101 -2.156 20010 -20011 20024 -20025 20031 -20032 imp:n,p 1
300102 400102 -2.156 20010 -20011 20024 -20025 20032 -20033 imp:n,p 1
300103 400103 -2.156 20010 -20011 20024 -20025 20033 -20034 imp:n,p 1
300104 400104 -2.156 20010 -20011 20024 -20025 20034 -20035 imp:n,p 1
300105 400105 -2.156 20011 -20012 20024 -20025 20030 -20031 imp:n,p 1
300106 400106 -2.156 20011 -20012 20024 -20025 20031 -20032 imp:n,p 1
300107 400107 -2.156 20011 -20012 20024 -20025 20032 -20033 imp:n,p 1
300108 400108 -2.156 20011 -20012 20024 -20025 20033 -20034 imp:n,p 1
300109 400109 -2.156 20011 -20012 20024 -20025 20034 -20035 imp:n,p 1
300110 400110 -2.156 20012 -20013 20024 -20025 20030 -20031 imp:n,p 1
300111 400111 -2.156 20012 -20013 20024 -20025 20031 -20032 imp:n,p 1
300112 400112 -2.156 20012 -20013 20024 -20025 20032 -20033 imp:n,p 1
300113 400113 -2.156 20012 -20013 20024 -20025 20033 -20034 imp:n,p 1
300114 400114 -2.156 20012 -20013 20024 -20025 20034 -20035 imp:n,p 1
300115 400115 -2.156 20013 -20014 20024 -20025 20030 -20031 imp:n,p 1
300116 400116 -2.156 20013 -20014 20024 -20025 20031 -20032 imp:n,p 1
300117 400117 -2.156 20013 -20014 20024 -20025 20032 -20033 imp:n,p 1
300118 400118 -2.156 20013 -20014 20024 -20025 20033 -20034 imp:n,p 1
300119 400119 -2.156 20013 -20014 20024 -20025 20034 -20035 imp:n,p 1
300120 400120 -2.156 20014 -20015 20024 -20025 20030 -20031 imp:n,p 1
300121 400121 -2.156 20014 -20015 20024 -20025 20031 -20032 imp:n,p 1
300122 400122 -2.156 20014 -20015 20024 -20025 20032 -20033 imp:n,p 1
300123 400123 -2.156 20014 -20015 20024 -20025 20033 -20034 imp:n,p 1
300124 400124 -2.156 20014 -20015 20024 -20025 20034 -20035 imp:n,p 1
c
30 12 -0.00129 -200 #101 #121 #122 #123 #124 #125 #126 #127 #128 #129 #130 #131 #132 #133
        #21 #211 #212 #22 #221 #222 #23 #231 #232 #24 #241 #242 #20 imp:n,p 1 $Rest of the World
31 0 200 imp:n,p 0 $Outside world

c SURFACE CARDS
c
c Sample Volume
20010 px -56.0
20011 px -33.600000000000364
20012 px -11.200000000000728
20013 px 11.200000000000728
20014 px 33.600000000000364
20015 px 56.0
20020 py -45.0
20021 py -27.0
20022 py -9.0
20023 py 9.0
20024 py 27.0
20025 py 45.0
20030 pz 92.0
20031 pz 82.0
20032 pz 72.0
20033 pz 62.0
20034 pz 52.0
20035 pz 42.0
c Active Detector Region
21 rcc 56  -5.0 -1.0   0.0 20.3 0.0   4.5 $Detector 1 Base center, Hx,Hy,Hz, radius
c Shielding Surfaces
c Shielding Pb
31 rpp 19 29 -7.5 7.5 -11 9 $PbPE xmin xmax ymin ymax zmin zmax
32 rpp 9 19 4 9 -11 9 $Pb xmin xmax ymin ymax zmin zmax
33 rpp 9 19 -9 -4 -11 9 $Pb xmin xmax ymin ymax zmin zmax
34 rpp 19 29 7.5 12.5 -11 9 $Pb xmin xmax ymin ymax zmin zmax
35 rpp 19 29 -12.5 -7.5 -11 9 $Pb xmin xmax ymin ymax zmin zmax
36 rpp 29 34 -15 15 -11 9 $Pb xmin xmax ymin ymax zmin zmax
37 rpp 9 19 -4 4 4 9 $Pb xmin xmax ymin ymax zmin zmax
38 rpp -26 26 18 28 -11 9 $BA1 xmin xmax ymin ymax zmin zmax
39 rpp -26 26 -28 -18 -11 9 $BA2 xmin xmax ymin ymax zmin zmax
40 rpp -65 65 -28 28 10 10.5 $Al xmin xmax ymin ymax zmin zmax
401 rpp -27 27 29 34 -11 9 $Fe xmin xmax ymin ymax zmin zmax
402 rpp -27 27 -34 -29 -11 9 $Fe xmin xmax ymin ymax zmin zmax
301 px -20
302 px 18
303 cx 3.71
304 cx 3.81
c Wheels Surfaces
c 23/10.5-12 turf tires, 22.6 lb rubber
c diameter 29cm, tread width 25cm, and sidewall height 13.76 cm
c set thickness of all sides 1.3 cm (s.t. weight is 22.6 lb)
41 rcc -2 77 8   0.0 25 0.0 29 $wheel 1 outer tread surface
42 rcc -2 77 8   0.0 25 0.0 27.7 $wheel 1 inner tread surface
421 rcc -2 75.7 8   0.0 1.3 0.0 29 $wheel 1 outside sidewall exterior
422 rcc -2 75.7 8   0.0 1.3 0.0 15.24 $wheel 1 outside sidewall interior
423 rcc -2 102 8   0.0 1.3 0.0 29 $wheel 1 inside sidewall exterior
424 rcc -2 102 8   0.0 1.3 0.0 15.24 $wheel 1 inside sidewall interior
43 rcc 68 77 8   0.0 25 0.0 29 $wheel 2
44 rcc 68 77 8   0.0 25 0.0 27.7
441 rcc 68 75.7 8   0.0 1.3 0.0 29
442 rcc 68 75.7 8   0.0 1.3 0.0 15.24
443 rcc 68 102 8   0.0 1.3 0.0 29
444 rcc 68 102 8   0.0 1.3 0.0 15.24
45 rcc -2 -77 8   0.0 -25 0.0 29 $wheel 3
46 rcc -2 -77 8   0.0 -25 0.0 27.7
461 rcc -2 -75.7 8   0.0 -1.3 0.0 29
462 rcc -2 -75.7 8   0.0 -1.3 0.0 15.24
463 rcc -2 -102 8   0.0 -1.3 0.0 29
464 rcc -2 -102 8   0.0 -1.3 0.0 15.24
47 rcc 68 -77 8   0.0 -25 0.0 29 $wheel 4
48 rcc 68 -77 8   0.0 -25 0.0 27.7
481 rcc 68 -75.7 8   0.0 -1.3 0.0 29
482 rcc 68 -75.7 8   0.0 -1.3 0.0 15.24
483 rcc 68 -102 8   0.0 -1.3 0.0 29
484 rcc 68 -102 8   0.0 -1.3 0.0 15.24
200 so 800    $sphere of 800cm centered at origin
c

c DATA CARDS
mode n p
c dump every hr
prdmp -60 -60 -1
c 100 keV Neutron Energy Cutoff
Cut:n 1j 0.1
c analog neutron transport
phys:n 1j 14
phys:p
sdef pos=0 0 0 erg=14.0 vec= 0 0 1 dir=d1
si1  -1 .93 1
sp1   0  0.0  1.0
c ********************
c begin material cards
c ********************
c Pure Carbon
c ****************************************
m400000 6000 -0.0007917023165616363 7000 -0.0007917023165616363 14000 -0.9984165953668769 
m400001 6000 -0.002029037364207899 7000 -0.002029037364207899 14000 -0.9959419252715839 
m400002 6000 -0.004120958297701491 7000 -0.004120958297701491 14000 -0.9917580834045969 
m400003 6000 -0.0064007651482921 7000 -0.0064007651482921 14000 -0.987198469703416 
m400004 6000 -0.008230216491788053 7000 -0.008230216491788053 14000 -0.983539567016424 
m400005 6000 -0.0006211434397386021 7000 -0.0006211434397386021 14000 -0.9987577131205227 
m400006 6000 -0.0024869849953690075 7000 -0.0024869849953690075 14000 -0.995026030009262 
m400007 6000 -0.004103896015216679 7000 -0.004103896015216679 14000 -0.9917922079695662 
m400008 6000 -0.006268100456293185 7000 -0.006268100456293185 14000 -0.9874637990874136 
m400009 6000 -0.008109448569232455 7000 -0.008109448569232455 14000 -0.9837811028615353 
m400010 6000 -0.0004820187764678297 7000 -0.0004820187764678297 14000 -0.9990359624470644 
m400011 6000 -0.002228029128748259 7000 -0.002228029128748259 14000 -0.9955439417425037 
m400012 6000 -0.004407243120980108 7000 -0.004407243120980108 14000 -0.9911855137580398 
m400013 6000 -0.006348848505512718 7000 -0.006348848505512718 14000 -0.9873023029889747 
m400014 6000 -0.008285667246095535 7000 -0.008285667246095535 14000 -0.9834286655078088 
m400015 6000 -0.0004990679162622251 7000 -0.0004990679162622251 14000 -0.9990018641674753 
m400016 6000 -0.002297271126434834 7000 -0.002297271126434834 14000 -0.9954054577471303 
m400017 6000 -0.004312016058714508 7000 -0.004312016058714508 14000 -0.9913759678825711 
m400018 6000 -0.006048183461788918 7000 -0.006048183461788918 14000 -0.9879036330764224 
m400019 6000 -0.008027914337884925 7000 -0.008027914337884925 14000 -0.9839441713242298 
m400020 6000 -0.0005387111001972664 7000 -0.0005387111001972664 14000 -0.9989225777996055 
m400021 6000 -0.0021732805174518245 7000 -0.0021732805174518245 14000 -0.9956534389650967 
m400022 6000 -0.004050655451965395 7000 -0.004050655451965395 14000 -0.9918986890960693 
m400023 6000 -0.005971234662752629 7000 -0.005971234662752629 14000 -0.9880575306744949 
m400024 6000 -0.008173027204440965 7000 -0.008173027204440965 14000 -0.9836539455911177 
m400025 6000 -0.0006568899085675323 7000 -0.0006568899085675323 14000 -0.9986862201828647 
m400026 6000 -0.0023420744894463866 7000 -0.0023420744894463866 14000 -0.9953158510211072 
m400027 6000 -0.004072842020359905 7000 -0.004072842020359905 14000 -0.9918543159592805 
m400028 6000 -0.006059260855721028 7000 -0.006059260855721028 14000 -0.9878814782885581 
m400029 6000 -0.008268034116004125 7000 -0.008268034116004125 14000 -0.9834639317679915 
m400030 6000 -0.0005327761916507183 7000 -0.0005327761916507183 14000 -0.9989344476166986 
m400031 6000 -0.002308317760849121 7000 -0.002308317760849121 14000 -0.9953833644783019 
m400032 6000 -0.004024719065394813 7000 -0.004024719065394813 14000 -0.9919505618692104 
m400033 6000 -0.006040468769193614 7000 -0.006040468769193614 14000 -0.9879190624616128 
m400034 6000 -0.008226154148098453 7000 -0.008226154148098453 14000 -0.9835476917038032 
m400035 6000 -0.0006555207315843053 7000 -0.0006555207315843053 14000 -0.9986889585368313 
m400036 6000 -0.0021158165296775748 7000 -0.0021158165296775748 14000 -0.9957683669406451 
m400037 6000 -0.004089208296196947 7000 -0.004089208296196947 14000 -0.991821583407606 
m400038 6000 -0.005875491879160555 7000 -0.005875491879160555 14000 -0.988249016241679 
m400039 6000 -0.008221269744850471 7000 -0.008221269744850471 14000 -0.9835574605102991 
m400040 6000 -0.0005710697319003846 7000 -0.0005710697319003846 14000 -0.9988578605361991 
m400041 6000 -0.0024968456528666762 7000 -0.0024968456528666762 14000 -0.9950063086942665 
m400042 6000 -0.004480907852409601 7000 -0.004480907852409601 14000 -0.9910381842951808 
m400043 6000 -0.006432419052071765 7000 -0.006432419052071765 14000 -0.9871351618958565 
m400044 6000 -0.008113990236590334 7000 -0.008113990236590334 14000 -0.9837720195268193 
m400045 6000 -0.0006450890755248582 7000 -0.0006450890755248582 14000 -0.9987098218489501 
m400046 6000 -0.0021931013167516967 7000 -0.0021931013167516967 14000 -0.9956137973664962 
m400047 6000 -0.0040286664823641185 7000 -0.0040286664823641185 14000 -0.9919426670352717 
m400048 6000 -0.006375896566933695 7000 -0.006375896566933695 14000 -0.9872482068661328 
m400049 6000 -0.00813532587447836 7000 -0.00813532587447836 14000 -0.9837293482510431 
m400050 6000 -0.0006970579107552742 7000 -0.0006970579107552742 14000 -0.9986058841784896 
m400051 6000 -0.00220291173480292 7000 -0.00220291173480292 14000 -0.9955941765303941 
m400052 6000 -0.004102218380448567 7000 -0.004102218380448567 14000 -0.9917955632391029 
m400053 6000 -0.005976260717916401 7000 -0.005976260717916401 14000 -0.9880474785641671 
m400054 6000 -0.008136694269866768 7000 -0.008136694269866768 14000 -0.9837266114602667 
m400055 6000 -0.0006334928699095427 7000 -0.0006334928699095427 14000 -0.9987330142601811 
m400056 6000 -0.002439778471448307 7000 -0.002439778471448307 14000 -0.9951204430571033 
m400057 6000 -0.0041300805338823155 7000 -0.0041300805338823155 14000 -0.9917398389322354 
m400058 6000 -0.006021593194103015 7000 -0.006021593194103015 14000 -0.9879568136117943 
m400059 6000 -0.008638002029672395 7000 -0.008638002029672395 14000 -0.9827239959406552 
m400060 6000 -0.0005238959462034625 7000 -0.0005238959462034625 14000 -0.998952208107593 
m400061 6000 -0.001889086136715553 7000 -0.001889086136715553 14000 -0.9962218277265691 
m400062 6000 -0.004168083008942201 7000 -0.004168083008942201 14000 -0.9916638339821153 
m400063 6000 -0.005723419005744913 7000 -0.005723419005744913 14000 -0.9885531619885102 
m400064 6000 -0.007711241775542162 7000 -0.007711241775542162 14000 -0.9845775164489154 
m400065 6000 -0.0006023307134073885 7000 -0.0006023307134073885 14000 -0.9987953385731854 
m400066 6000 -0.0020919886169253506 7000 -0.0020919886169253506 14000 -0.9958160227661496 
m400067 6000 -0.004030809880446726 7000 -0.004030809880446726 14000 -0.9919383802391064 
m400068 6000 -0.006431048893625284 7000 -0.006431048893625284 14000 -0.9871379022127491 
m400069 6000 -0.008473606319665402 7000 -0.008473606319665402 14000 -0.9830527873606694 
m400070 6000 -0.0006416911015502721 7000 -0.0006416911015502721 14000 -0.9987166177968994 
m400071 6000 -0.002245937654154176 7000 -0.002245937654154176 14000 -0.9955081246916917 
m400072 6000 -0.004207341504249438 7000 -0.004207341504249438 14000 -0.9915853169915012 
m400073 6000 -0.006111824700278843 7000 -0.006111824700278843 14000 -0.9877763505994424 
m400074 6000 -0.00820234563789464 7000 -0.00820234563789464 14000 -0.9835953087242109 
m400075 6000 -0.000617265258751064 7000 -0.000617265258751064 14000 -0.9987654694824977 
m400076 6000 -0.0020993116485060457 7000 -0.0020993116485060457 14000 -0.9958013767029881 
m400077 6000 -0.004194190830658218 7000 -0.004194190830658218 14000 -0.9916116183386836 
m400078 6000 -0.006117231819173915 7000 -0.006117231819173915 14000 -0.9877655363616519 
m400079 6000 -0.008162800714933775 7000 -0.008162800714933775 14000 -0.9836743985701326 
m400080 6000 -0.0005238008786057133 7000 -0.0005238008786057133 14000 -0.9989523982427885 
m400081 6000 -0.0020805709352725217 7000 -0.0020805709352725217 14000 -0.9958388581294547 
m400082 6000 -0.004375184394686019 7000 -0.004375184394686019 14000 -0.9912496312106279 
m400083 6000 -0.006118937041769349 7000 -0.006118937041769349 14000 -0.9877621259164613 
m400084 6000 -0.008106883163152872 7000 -0.008106883163152872 14000 -0.9837862336736943 
m400085 6000 -0.0005239313808358779 7000 -0.0005239313808358779 14000 -0.9989521372383281 
m400086 6000 -0.002411981671279286 7000 -0.002411981671279286 14000 -0.9951760366574415 
m400087 6000 -0.004498784529224402 7000 -0.004498784529224402 14000 -0.9910024309415512 
m400088 6000 -0.0058028083665765786 7000 -0.0058028083665765786 14000 -0.9883943832668466 
m400089 6000 -0.00791630159195707 7000 -0.00791630159195707 14000 -0.9841673968160858 
m400090 6000 -0.0007390806969735454 7000 -0.0007390806969735454 14000 -0.9985218386060529 
m400091 6000 -0.0021812298797746366 7000 -0.0021812298797746366 14000 -0.9956375402404508 
m400092 6000 -0.0042734290728904415 7000 -0.0042734290728904415 14000 -0.9914531418542191 
m400093 6000 -0.006334383931567099 7000 -0.006334383931567099 14000 -0.9873312321368658 
m400094 6000 -0.008338268317757701 7000 -0.008338268317757701 14000 -0.9833234633644845 
m400095 6000 -0.0006918854265359302 7000 -0.0006918854265359302 14000 -0.998616229146928 
m400096 6000 -0.002028170729831177 7000 -0.002028170729831177 14000 -0.9959436585403375 
m400097 6000 -0.004053384941265513 7000 -0.004053384941265513 14000 -0.9918932301174689 
m400098 6000 -0.006306710740275877 7000 -0.006306710740275877 14000 -0.9873865785194482 
m400099 6000 -0.007929195426105911 7000 -0.007929195426105911 14000 -0.9841416091477879 
m400100 6000 -0.0005509960141419932 7000 -0.0005509960141419932 14000 -0.998898007971716 
m400101 6000 -0.002435020663685836 7000 -0.002435020663685836 14000 -0.9951299586726284 
m400102 6000 -0.004044573026619128 7000 -0.004044573026619128 14000 -0.9919108539467616 
m400103 6000 -0.006225110537920824 7000 -0.006225110537920824 14000 -0.9875497789241582 
m400104 6000 -0.008092859575226624 7000 -0.008092859575226624 14000 -0.9838142808495473 
m400105 6000 -0.0005788473512280051 7000 -0.0005788473512280051 14000 -0.9988423052975439 
m400106 6000 -0.0017881415580564288 7000 -0.0017881415580564288 14000 -0.9964237168838871 
m400107 6000 -0.0041179386214549515 7000 -0.0041179386214549515 14000 -0.9917641227570902 
m400108 6000 -0.006201306653944844 7000 -0.006201306653944844 14000 -0.9875973866921103 
m400109 6000 -0.007880946327303202 7000 -0.007880946327303202 14000 -0.9842381073453936 
m400110 6000 -0.0006942383737039754 7000 -0.0006942383737039754 14000 -0.998611523252592 
m400111 6000 -0.0023219755141518188 7000 -0.0023219755141518188 14000 -0.9953560489716964 
m400112 6000 -0.004069824366771465 7000 -0.004069824366771465 14000 -0.9918603512664572 
m400113 6000 -0.005982019294926083 7000 -0.005982019294926083 14000 -0.9880359614101478 
m400114 6000 -0.00797307304170967 7000 -0.00797307304170967 14000 -0.9840538539165807 
m400115 6000 -0.0007104758010978539 7000 -0.0007104758010978539 14000 -0.9985790483978043 
m400116 6000 -0.0024208516339083797 7000 -0.0024208516339083797 14000 -0.9951582967321829 
m400117 6000 -0.004237309876318111 7000 -0.004237309876318111 14000 -0.9915253802473635 
m400118 6000 -0.006296448328089114 7000 -0.006296448328089114 14000 -0.9874071033438221 
m400119 6000 -0.008386814465463332 7000 -0.008386814465463332 14000 -0.9832263710690735 
m400120 6000 -0.0007266085177483102 7000 -0.0007266085177483102 14000 -0.9985467829645035 
m400121 6000 -0.0023600488553260305 7000 -0.0023600488553260305 14000 -0.9952799022893479 
m400122 6000 -0.0041162232708235975 7000 -0.0041162232708235975 14000 -0.9917675534583524 
m400123 6000 -0.006004175285975562 7000 -0.006004175285975562 14000 -0.9879916494280487 
m400124 6000 -0.008119310960957379 7000 -0.008119310960957379 14000 -0.9837613780780851 
c **********************************
c PE+Pb, dens=4.78 g/cm3
m2      6000    -0.04286 $Carbon
        1001    -0.00714 $Hydrogen
        82000   -0.95000 $Lead
c **********************************
m3    1001 -0.048535 $Boric acid
      5010 -0.034981
      5011 -0.139923
      8016 -0.776561
c **********************************
m4    82000 1 $Lead
c **********************************
m5 26000 1 $Iron
c **********************************
m6     13027   -1.000 $ Aluminum
c **********************************
c  SS-304 (8.00 g/cm3), #298 in PNNL Compendium
m7   006000.50c -0.0004000
     014000.60c -0.0050000
     015031.50c -0.0002300
     016000.60c -0.0001500
     024000.50c -0.1899981
     025055.60c -0.0099999
     026000.50c -0.7017229
     028000.50c -0.0924991
c ****************************************
c       LaBr detector
c ****************************************
m8       35079    -0.2946       $ Br79
         35081    -0.3069       $ Br81
         57139    -0.3485       $ La139
         58140    -0.0500       $ Ce140
c ************ air den=1.15e-3g/cc
m12     8016 -0.23
        7014 -0.77
c ************ Rubber Natural den=0.92 g/cc
m13     1001 -0.118371  $weight fraction
        6000 -0.881629
c
c end material cards
c
rand seed=8674536546524321 $different initial random #; seed# - any less 18 digits
c
c ********** begin tallies *********************
fc78 *********Broadened Pulse Height Tally Sum of Detectors 1,2 & 3 ***********
e78 0 1e-5 932i 8.4295
F78:p (101)
FT78 GEB -0.026198 0.059551 -0.037176
fc18 *********Unbroadened Pulse Height Tally Sum of Detectors 1,2 & 3 ***********
e18 0 1e-5 932i 8.4295
F18:p (101)
c ***********************************
c mplot tal 78 freq 10000
nps 1e9
