c CAS DETECTOR
c w/ Shielding in Place and Wheels
c
c CELL CARDS
c
c @@@@@@@@@@ Detectors @@@@@@@@@@@@@@@@@
c
101 8 -5.08 -21 imp:n,p 1 $LaBr Detector #1 Active Region
c
c @@@@@@@@@ Shielding @@@@@@@@@@@@@@@@@
c
121 2 -4.78 -31 imp:n,p 1 $PE_Pb
122 4 -11.29 -32 imp:n,p 1 $Pb1
123 4 -11.29 -33 imp:n,p 1 $Pb2
124 4 -11.29 -34 imp:n,p 1 $Pb3
125 4 -11.29 -35 imp:n,p 1 $Pb4
126 4 -11.29 -36 imp:n,p 1 $Pb5
127 4 -11.29 -37 imp:n,p 1 $Pb6
128 3 -1.5 -38 imp:n,p 1 $BA1
129 3 -1.5 -39 imp:n,p 1 $BA2
130 6 -2.7 -40 imp:n,p 1 $Al
131 7 -7.92 301 -302 303 -304 imp:n,p 1 $Fe-tube
132 5 -7.8 -401 imp:n,p 1 $Fe
133 5 -7.8 -402 imp:n,p 1 $Fe
c @@@@@@@@@@ Wheels @@@@@@@@@@@@@@@@@
c
21 13 -0.92 -41 42 imp:n,p 1 $Wheel 1
211 13 -0.92 -421 422 imp:n,p 1 $Wheel 1
212 13 -0.92 -423 424 imp:n,p 1 $Wheel 1
22 13 -0.92 -43 44 imp:n,p 1 $Wheel 2
221 13 -0.92 -441 442 imp:n,p 1 $Wheel 2
222 13 -0.92 -443 444 imp:n,p 1 $Wheel 2
23 13 -0.92 -45 46 imp:n,p 1 $Wheel 3
231 13 -0.92 -461 462 imp:n,p 1 $Wheel 3
232 13 -0.92 -463 464 imp:n,p 1 $Wheel 3
24 13 -0.92 -47 48 imp:n,p 1 $Wheel 4
241 13 -0.92 -481 482 imp:n,p 1 $Wheel 4
242 13 -0.92 -483 484 imp:n,p 1 $Wheel 4
c
c @@@@@@@@@@ SOIL VOLUME @@@@@@@@@@@
c
300000 400000 -2.156 20010 -20011 20020 -20021 20030 -20031 imp:n,p 1
300001 400001 -2.156 20010 -20011 20020 -20021 20031 -20032 imp:n,p 1
300002 400002 -2.156 20010 -20011 20020 -20021 20032 -20033 imp:n,p 1
300003 400003 -2.156 20010 -20011 20020 -20021 20033 -20034 imp:n,p 1
300004 400004 -2.156 20010 -20011 20020 -20021 20034 -20035 imp:n,p 1
300005 400005 -2.156 20011 -20012 20020 -20021 20030 -20031 imp:n,p 1
300006 400006 -2.156 20011 -20012 20020 -20021 20031 -20032 imp:n,p 1
300007 400007 -2.156 20011 -20012 20020 -20021 20032 -20033 imp:n,p 1
300008 400008 -2.156 20011 -20012 20020 -20021 20033 -20034 imp:n,p 1
300009 400009 -2.156 20011 -20012 20020 -20021 20034 -20035 imp:n,p 1
300010 400010 -2.156 20012 -20013 20020 -20021 20030 -20031 imp:n,p 1
300011 400011 -2.156 20012 -20013 20020 -20021 20031 -20032 imp:n,p 1
300012 400012 -2.156 20012 -20013 20020 -20021 20032 -20033 imp:n,p 1
300013 400013 -2.156 20012 -20013 20020 -20021 20033 -20034 imp:n,p 1
300014 400014 -2.156 20012 -20013 20020 -20021 20034 -20035 imp:n,p 1
300015 400015 -2.156 20013 -20014 20020 -20021 20030 -20031 imp:n,p 1
300016 400016 -2.156 20013 -20014 20020 -20021 20031 -20032 imp:n,p 1
300017 400017 -2.156 20013 -20014 20020 -20021 20032 -20033 imp:n,p 1
300018 400018 -2.156 20013 -20014 20020 -20021 20033 -20034 imp:n,p 1
300019 400019 -2.156 20013 -20014 20020 -20021 20034 -20035 imp:n,p 1
300020 400020 -2.156 20014 -20015 20020 -20021 20030 -20031 imp:n,p 1
300021 400021 -2.156 20014 -20015 20020 -20021 20031 -20032 imp:n,p 1
300022 400022 -2.156 20014 -20015 20020 -20021 20032 -20033 imp:n,p 1
300023 400023 -2.156 20014 -20015 20020 -20021 20033 -20034 imp:n,p 1
300024 400024 -2.156 20014 -20015 20020 -20021 20034 -20035 imp:n,p 1
300025 400025 -2.156 20010 -20011 20021 -20022 20030 -20031 imp:n,p 1
300026 400026 -2.156 20010 -20011 20021 -20022 20031 -20032 imp:n,p 1
300027 400027 -2.156 20010 -20011 20021 -20022 20032 -20033 imp:n,p 1
300028 400028 -2.156 20010 -20011 20021 -20022 20033 -20034 imp:n,p 1
300029 400029 -2.156 20010 -20011 20021 -20022 20034 -20035 imp:n,p 1
300030 400030 -2.156 20011 -20012 20021 -20022 20030 -20031 imp:n,p 1
300031 400031 -2.156 20011 -20012 20021 -20022 20031 -20032 imp:n,p 1
300032 400032 -2.156 20011 -20012 20021 -20022 20032 -20033 imp:n,p 1
300033 400033 -2.156 20011 -20012 20021 -20022 20033 -20034 imp:n,p 1
300034 400034 -2.156 20011 -20012 20021 -20022 20034 -20035 imp:n,p 1
300035 400035 -2.156 20012 -20013 20021 -20022 20030 -20031 imp:n,p 1
300036 400036 -2.156 20012 -20013 20021 -20022 20031 -20032 imp:n,p 1
300037 400037 -2.156 20012 -20013 20021 -20022 20032 -20033 imp:n,p 1
300038 400038 -2.156 20012 -20013 20021 -20022 20033 -20034 imp:n,p 1
300039 400039 -2.156 20012 -20013 20021 -20022 20034 -20035 imp:n,p 1
300040 400040 -2.156 20013 -20014 20021 -20022 20030 -20031 imp:n,p 1
300041 400041 -2.156 20013 -20014 20021 -20022 20031 -20032 imp:n,p 1
300042 400042 -2.156 20013 -20014 20021 -20022 20032 -20033 imp:n,p 1
300043 400043 -2.156 20013 -20014 20021 -20022 20033 -20034 imp:n,p 1
300044 400044 -2.156 20013 -20014 20021 -20022 20034 -20035 imp:n,p 1
300045 400045 -2.156 20014 -20015 20021 -20022 20030 -20031 imp:n,p 1
300046 400046 -2.156 20014 -20015 20021 -20022 20031 -20032 imp:n,p 1
300047 400047 -2.156 20014 -20015 20021 -20022 20032 -20033 imp:n,p 1
300048 400048 -2.156 20014 -20015 20021 -20022 20033 -20034 imp:n,p 1
300049 400049 -2.156 20014 -20015 20021 -20022 20034 -20035 imp:n,p 1
300050 400050 -2.156 20010 -20011 20022 -20023 20030 -20031 imp:n,p 1
300051 400051 -2.156 20010 -20011 20022 -20023 20031 -20032 imp:n,p 1
300052 400052 -2.156 20010 -20011 20022 -20023 20032 -20033 imp:n,p 1
300053 400053 -2.156 20010 -20011 20022 -20023 20033 -20034 imp:n,p 1
300054 400054 -2.156 20010 -20011 20022 -20023 20034 -20035 imp:n,p 1
300055 400055 -2.156 20011 -20012 20022 -20023 20030 -20031 imp:n,p 1
300056 400056 -2.156 20011 -20012 20022 -20023 20031 -20032 imp:n,p 1
300057 400057 -2.156 20011 -20012 20022 -20023 20032 -20033 imp:n,p 1
300058 400058 -2.156 20011 -20012 20022 -20023 20033 -20034 imp:n,p 1
300059 400059 -2.156 20011 -20012 20022 -20023 20034 -20035 imp:n,p 1
300060 400060 -2.156 20012 -20013 20022 -20023 20030 -20031 imp:n,p 1
300061 400061 -2.156 20012 -20013 20022 -20023 20031 -20032 imp:n,p 1
300062 400062 -2.156 20012 -20013 20022 -20023 20032 -20033 imp:n,p 1
300063 400063 -2.156 20012 -20013 20022 -20023 20033 -20034 imp:n,p 1
300064 400064 -2.156 20012 -20013 20022 -20023 20034 -20035 imp:n,p 1
300065 400065 -2.156 20013 -20014 20022 -20023 20030 -20031 imp:n,p 1
300066 400066 -2.156 20013 -20014 20022 -20023 20031 -20032 imp:n,p 1
300067 400067 -2.156 20013 -20014 20022 -20023 20032 -20033 imp:n,p 1
300068 400068 -2.156 20013 -20014 20022 -20023 20033 -20034 imp:n,p 1
300069 400069 -2.156 20013 -20014 20022 -20023 20034 -20035 imp:n,p 1
300070 400070 -2.156 20014 -20015 20022 -20023 20030 -20031 imp:n,p 1
300071 400071 -2.156 20014 -20015 20022 -20023 20031 -20032 imp:n,p 1
300072 400072 -2.156 20014 -20015 20022 -20023 20032 -20033 imp:n,p 1
300073 400073 -2.156 20014 -20015 20022 -20023 20033 -20034 imp:n,p 1
300074 400074 -2.156 20014 -20015 20022 -20023 20034 -20035 imp:n,p 1
300075 400075 -2.156 20010 -20011 20023 -20024 20030 -20031 imp:n,p 1
300076 400076 -2.156 20010 -20011 20023 -20024 20031 -20032 imp:n,p 1
300077 400077 -2.156 20010 -20011 20023 -20024 20032 -20033 imp:n,p 1
300078 400078 -2.156 20010 -20011 20023 -20024 20033 -20034 imp:n,p 1
300079 400079 -2.156 20010 -20011 20023 -20024 20034 -20035 imp:n,p 1
300080 400080 -2.156 20011 -20012 20023 -20024 20030 -20031 imp:n,p 1
300081 400081 -2.156 20011 -20012 20023 -20024 20031 -20032 imp:n,p 1
300082 400082 -2.156 20011 -20012 20023 -20024 20032 -20033 imp:n,p 1
300083 400083 -2.156 20011 -20012 20023 -20024 20033 -20034 imp:n,p 1
300084 400084 -2.156 20011 -20012 20023 -20024 20034 -20035 imp:n,p 1
300085 400085 -2.156 20012 -20013 20023 -20024 20030 -20031 imp:n,p 1
300086 400086 -2.156 20012 -20013 20023 -20024 20031 -20032 imp:n,p 1
300087 400087 -2.156 20012 -20013 20023 -20024 20032 -20033 imp:n,p 1
300088 400088 -2.156 20012 -20013 20023 -20024 20033 -20034 imp:n,p 1
300089 400089 -2.156 20012 -20013 20023 -20024 20034 -20035 imp:n,p 1
300090 400090 -2.156 20013 -20014 20023 -20024 20030 -20031 imp:n,p 1
300091 400091 -2.156 20013 -20014 20023 -20024 20031 -20032 imp:n,p 1
300092 400092 -2.156 20013 -20014 20023 -20024 20032 -20033 imp:n,p 1
300093 400093 -2.156 20013 -20014 20023 -20024 20033 -20034 imp:n,p 1
300094 400094 -2.156 20013 -20014 20023 -20024 20034 -20035 imp:n,p 1
300095 400095 -2.156 20014 -20015 20023 -20024 20030 -20031 imp:n,p 1
300096 400096 -2.156 20014 -20015 20023 -20024 20031 -20032 imp:n,p 1
300097 400097 -2.156 20014 -20015 20023 -20024 20032 -20033 imp:n,p 1
300098 400098 -2.156 20014 -20015 20023 -20024 20033 -20034 imp:n,p 1
300099 400099 -2.156 20014 -20015 20023 -20024 20034 -20035 imp:n,p 1
300100 400100 -2.156 20010 -20011 20024 -20025 20030 -20031 imp:n,p 1
300101 400101 -2.156 20010 -20011 20024 -20025 20031 -20032 imp:n,p 1
300102 400102 -2.156 20010 -20011 20024 -20025 20032 -20033 imp:n,p 1
300103 400103 -2.156 20010 -20011 20024 -20025 20033 -20034 imp:n,p 1
300104 400104 -2.156 20010 -20011 20024 -20025 20034 -20035 imp:n,p 1
300105 400105 -2.156 20011 -20012 20024 -20025 20030 -20031 imp:n,p 1
300106 400106 -2.156 20011 -20012 20024 -20025 20031 -20032 imp:n,p 1
300107 400107 -2.156 20011 -20012 20024 -20025 20032 -20033 imp:n,p 1
300108 400108 -2.156 20011 -20012 20024 -20025 20033 -20034 imp:n,p 1
300109 400109 -2.156 20011 -20012 20024 -20025 20034 -20035 imp:n,p 1
300110 400110 -2.156 20012 -20013 20024 -20025 20030 -20031 imp:n,p 1
300111 400111 -2.156 20012 -20013 20024 -20025 20031 -20032 imp:n,p 1
300112 400112 -2.156 20012 -20013 20024 -20025 20032 -20033 imp:n,p 1
300113 400113 -2.156 20012 -20013 20024 -20025 20033 -20034 imp:n,p 1
300114 400114 -2.156 20012 -20013 20024 -20025 20034 -20035 imp:n,p 1
300115 400115 -2.156 20013 -20014 20024 -20025 20030 -20031 imp:n,p 1
300116 400116 -2.156 20013 -20014 20024 -20025 20031 -20032 imp:n,p 1
300117 400117 -2.156 20013 -20014 20024 -20025 20032 -20033 imp:n,p 1
300118 400118 -2.156 20013 -20014 20024 -20025 20033 -20034 imp:n,p 1
300119 400119 -2.156 20013 -20014 20024 -20025 20034 -20035 imp:n,p 1
300120 400120 -2.156 20014 -20015 20024 -20025 20030 -20031 imp:n,p 1
300121 400121 -2.156 20014 -20015 20024 -20025 20031 -20032 imp:n,p 1
300122 400122 -2.156 20014 -20015 20024 -20025 20032 -20033 imp:n,p 1
300123 400123 -2.156 20014 -20015 20024 -20025 20033 -20034 imp:n,p 1
300124 400124 -2.156 20014 -20015 20024 -20025 20034 -20035 imp:n,p 1
c
30 12 -0.00129 -200 #101 #121 #122 #123 #124 #125 #126 #127 #128 #129 #130 #131 #132 #133
        #21 #211 #212 #22 #221 #222 #23 #231 #232 #24 #241 #242 #20 imp:n,p 1 $Rest of the World
31 0 200 imp:n,p 0 $Outside world

c SURFACE CARDS
c
c Sample Volume
20010 px -56.0
20011 px -33.600000000000364
20012 px -11.200000000000728
20013 px 11.200000000000728
20014 px 33.600000000000364
20015 px 56.0
20020 py -45.0
20021 py -27.0
20022 py -9.0
20023 py 9.0
20024 py 27.0
20025 py 45.0
20030 pz 92.0
20031 pz 82.0
20032 pz 72.0
20033 pz 62.0
20034 pz 52.0
20035 pz 42.0
c Active Detector Region
21 rcc 56  -5.0 -1.0   0.0 20.3 0.0   4.5 $Detector 1 Base center, Hx,Hy,Hz, radius
c Shielding Surfaces
c Shielding Pb
31 rpp 19 29 -7.5 7.5 -11 9 $PbPE xmin xmax ymin ymax zmin zmax
32 rpp 9 19 4 9 -11 9 $Pb xmin xmax ymin ymax zmin zmax
33 rpp 9 19 -9 -4 -11 9 $Pb xmin xmax ymin ymax zmin zmax
34 rpp 19 29 7.5 12.5 -11 9 $Pb xmin xmax ymin ymax zmin zmax
35 rpp 19 29 -12.5 -7.5 -11 9 $Pb xmin xmax ymin ymax zmin zmax
36 rpp 29 34 -15 15 -11 9 $Pb xmin xmax ymin ymax zmin zmax
37 rpp 9 19 -4 4 4 9 $Pb xmin xmax ymin ymax zmin zmax
38 rpp -26 26 18 28 -11 9 $BA1 xmin xmax ymin ymax zmin zmax
39 rpp -26 26 -28 -18 -11 9 $BA2 xmin xmax ymin ymax zmin zmax
40 rpp -65 65 -28 28 10 10.5 $Al xmin xmax ymin ymax zmin zmax
401 rpp -27 27 29 34 -11 9 $Fe xmin xmax ymin ymax zmin zmax
402 rpp -27 27 -34 -29 -11 9 $Fe xmin xmax ymin ymax zmin zmax
301 px -20
302 px 18
303 cx 3.71
304 cx 3.81
c Wheels Surfaces
c 23/10.5-12 turf tires, 22.6 lb rubber
c diameter 29cm, tread width 25cm, and sidewall height 13.76 cm
c set thickness of all sides 1.3 cm (s.t. weight is 22.6 lb)
41 rcc -2 77 8   0.0 25 0.0 29 $wheel 1 outer tread surface
42 rcc -2 77 8   0.0 25 0.0 27.7 $wheel 1 inner tread surface
421 rcc -2 75.7 8   0.0 1.3 0.0 29 $wheel 1 outside sidewall exterior
422 rcc -2 75.7 8   0.0 1.3 0.0 15.24 $wheel 1 outside sidewall interior
423 rcc -2 102 8   0.0 1.3 0.0 29 $wheel 1 inside sidewall exterior
424 rcc -2 102 8   0.0 1.3 0.0 15.24 $wheel 1 inside sidewall interior
43 rcc 68 77 8   0.0 25 0.0 29 $wheel 2
44 rcc 68 77 8   0.0 25 0.0 27.7
441 rcc 68 75.7 8   0.0 1.3 0.0 29
442 rcc 68 75.7 8   0.0 1.3 0.0 15.24
443 rcc 68 102 8   0.0 1.3 0.0 29
444 rcc 68 102 8   0.0 1.3 0.0 15.24
45 rcc -2 -77 8   0.0 -25 0.0 29 $wheel 3
46 rcc -2 -77 8   0.0 -25 0.0 27.7
461 rcc -2 -75.7 8   0.0 -1.3 0.0 29
462 rcc -2 -75.7 8   0.0 -1.3 0.0 15.24
463 rcc -2 -102 8   0.0 -1.3 0.0 29
464 rcc -2 -102 8   0.0 -1.3 0.0 15.24
47 rcc 68 -77 8   0.0 -25 0.0 29 $wheel 4
48 rcc 68 -77 8   0.0 -25 0.0 27.7
481 rcc 68 -75.7 8   0.0 -1.3 0.0 29
482 rcc 68 -75.7 8   0.0 -1.3 0.0 15.24
483 rcc 68 -102 8   0.0 -1.3 0.0 29
484 rcc 68 -102 8   0.0 -1.3 0.0 15.24
200 so 800    $sphere of 800cm centered at origin
c

c DATA CARDS
mode n p
c dump every hr
prdmp -60 -60 -1
c 100 keV Neutron Energy Cutoff
Cut:n 1j 0.1
c analog neutron transport
phys:n 1j 14
phys:p
sdef pos=0 0 0 erg=14.0 vec= 0 0 1 dir=d1
si1  -1 .93 1
sp1   0  0.0  1.0
c ********************
c begin material cards
c ********************
c Pure Carbon
c ****************************************
m400000 6000 -0.0006645366998806933 7000 -0.0006645366998806933 14000 -0.9986709266002388 
m400001 6000 -0.0018739883015091777 7000 -0.0018739883015091777 14000 -0.9962520233969815 
m400002 6000 -0.004069775719506188 7000 -0.004069775719506188 14000 -0.9918604485609877 
m400003 6000 -0.006309669563724215 7000 -0.006309669563724215 14000 -0.9873806608725515 
m400004 6000 -0.008246317456407247 7000 -0.008246317456407247 14000 -0.9835073650871854 
m400005 6000 -0.0004888616848736209 7000 -0.0004888616848736209 14000 -0.999022276630253 
m400006 6000 -0.0020910590658650297 7000 -0.0020910590658650297 14000 -0.9958178818682704 
m400007 6000 -0.004184145163822931 7000 -0.004184145163822931 14000 -0.991631709672354 
m400008 6000 -0.006166621155696137 7000 -0.006166621155696137 14000 -0.9876667576886078 
m400009 6000 -0.008047315898051277 7000 -0.008047315898051277 14000 -0.9839053682038975 
m400010 6000 -0.0004955444624648778 7000 -0.0004955444624648778 14000 -0.9990089110750701 
m400011 6000 -0.0023032772790800176 7000 -0.0023032772790800176 14000 -0.99539344544184 
m400012 6000 -0.004249665739339573 7000 -0.004249665739339573 14000 -0.9915006685213208 
m400013 6000 -0.006150590652650646 7000 -0.006150590652650646 14000 -0.9876988186946986 
m400014 6000 -0.008435893379278732 7000 -0.008435893379278732 14000 -0.9831282132414424 
m400015 6000 -0.0005985363061929198 7000 -0.0005985363061929198 14000 -0.998802927387614 
m400016 6000 -0.0023083692727761873 7000 -0.0023083692727761873 14000 -0.9953832614544473 
m400017 6000 -0.004058240021239754 7000 -0.004058240021239754 14000 -0.9918835199575207 
m400018 6000 -0.006041050166341956 7000 -0.006041050166341956 14000 -0.9879178996673161 
m400019 6000 -0.008143770646880636 7000 -0.008143770646880636 14000 -0.9837124587062387 
m400020 6000 -0.000725348212363948 7000 -0.000725348212363948 14000 -0.998549303575272 
m400021 6000 -0.0022439573906465273 7000 -0.0022439573906465273 14000 -0.9955120852187068 
m400022 6000 -0.004260601184881262 7000 -0.004260601184881262 14000 -0.9914787976302374 
m400023 6000 -0.0060388497516626225 7000 -0.0060388497516626225 14000 -0.987922300496675 
m400024 6000 -0.008068932208342532 7000 -0.008068932208342532 14000 -0.9838621355833151 
m400025 6000 -0.0006400997932595704 7000 -0.0006400997932595704 14000 -0.998719800413481 
m400026 6000 -0.0023156095678560583 7000 -0.0023156095678560583 14000 -0.9953687808642878 
m400027 6000 -0.003945589874687465 7000 -0.003945589874687465 14000 -0.9921088202506252 
m400028 6000 -0.00614705483418429 7000 -0.00614705483418429 14000 -0.9877058903316311 
m400029 6000 -0.008538854538374215 7000 -0.008538854538374215 14000 -0.9829222909232515 
m400030 6000 -0.0005801967430202263 7000 -0.0005801967430202263 14000 -0.9988396065139592 
m400031 6000 -0.002191199287949758 7000 -0.002191199287949758 14000 -0.9956176014241003 
m400032 6000 -0.004092921684944331 7000 -0.004092921684944331 14000 -0.9918141566301112 
m400033 6000 -0.006111433506180184 7000 -0.006111433506180184 14000 -0.9877771329876395 
m400034 6000 -0.008161855216822228 7000 -0.008161855216822228 14000 -0.9836762895663556 
m400035 6000 -0.0006006459315737534 7000 -0.0006006459315737534 14000 -0.9987987081368526 
m400036 6000 -0.002117965454799115 7000 -0.002117965454799115 14000 -0.9957640690904017 
m400037 6000 -0.00420174891958407 7000 -0.00420174891958407 14000 -0.9915965021608322 
m400038 6000 -0.006014333148424619 7000 -0.006014333148424619 14000 -0.9879713337031507 
m400039 6000 -0.007868179156661716 7000 -0.007868179156661716 14000 -0.984263641686677 
m400040 6000 -0.0008147257811308848 7000 -0.0008147257811308848 14000 -0.998370548437738 
m400041 6000 -0.0020894816358995125 7000 -0.0020894816358995125 14000 -0.9958210367282007 
m400042 6000 -0.004118950015898264 7000 -0.004118950015898264 14000 -0.9917620999682036 
m400043 6000 -0.0060458834293359185 7000 -0.0060458834293359185 14000 -0.9879082331413284 
m400044 6000 -0.008387122641731588 7000 -0.008387122641731588 14000 -0.983225754716537 
m400045 6000 -0.0007167815144396304 7000 -0.0007167815144396304 14000 -0.9985664369711209 
m400046 6000 -0.002324292675814443 7000 -0.002324292675814443 14000 -0.9953514146483713 
m400047 6000 -0.004235751228408659 7000 -0.004235751228408659 14000 -0.9915284975431827 
m400048 6000 -0.006233213929601375 7000 -0.006233213929601375 14000 -0.9875335721407974 
m400049 6000 -0.008239562954444024 7000 -0.008239562954444024 14000 -0.9835208740911119 
m400050 6000 -0.000671778169580412 7000 -0.000671778169580412 14000 -0.9986564436608393 
m400051 6000 -0.0019526473212602038 7000 -0.0019526473212602038 14000 -0.9960947053574793 
m400052 6000 -0.004365014769275146 7000 -0.004365014769275146 14000 -0.9912699704614498 
m400053 6000 -0.006537079265906481 7000 -0.006537079265906481 14000 -0.9869258414681872 
m400054 6000 -0.008205845410642093 7000 -0.008205845410642093 14000 -0.9835883091787163 
m400055 6000 -0.000555169897181282 7000 -0.000555169897181282 14000 -0.9988896602056377 
m400056 6000 -0.0021924853597978847 7000 -0.0021924853597978847 14000 -0.9956150292804041 
m400057 6000 -0.004179031774294663 7000 -0.004179031774294663 14000 -0.9916419364514109 
m400058 6000 -0.006263554746928099 7000 -0.006263554746928099 14000 -0.9874728905061437 
m400059 6000 -0.00810711234359565 7000 -0.00810711234359565 14000 -0.9837857753128089 
m400060 6000 -0.0006108036811590038 7000 -0.0006108036811590038 14000 -0.9987783926376818 
m400061 6000 -0.0020598062693570544 7000 -0.0020598062693570544 14000 -0.995880387461286 
m400062 6000 -0.004540546610484929 7000 -0.004540546610484929 14000 -0.99091890677903 
m400063 6000 -0.006106985278749404 7000 -0.006106985278749404 14000 -0.9877860294425013 
m400064 6000 -0.008004598852743622 7000 -0.008004598852743622 14000 -0.9839908022945124 
m400065 6000 -0.0005492582704041299 7000 -0.0005492582704041299 14000 -0.9989014834591914 
m400066 6000 -0.002530718324361491 7000 -0.002530718324361491 14000 -0.9949385633512771 
m400067 6000 -0.004445094617702729 7000 -0.004445094617702729 14000 -0.9911098107645945 
m400068 6000 -0.006022533966418454 7000 -0.006022533966418454 14000 -0.9879549320671629 
m400069 6000 -0.008356866150098901 7000 -0.008356866150098901 14000 -0.9832862676998022 
m400070 6000 -0.0004560225898804568 7000 -0.0004560225898804568 14000 -0.9990879548202394 
m400071 6000 -0.002494622945334442 7000 -0.002494622945334442 14000 -0.9950107541093313 
m400072 6000 -0.004229240077353131 7000 -0.004229240077353131 14000 -0.991541519845294 
m400073 6000 -0.006062121404359161 7000 -0.006062121404359161 14000 -0.9878757571912817 
m400074 6000 -0.00802150391873242 7000 -0.00802150391873242 14000 -0.9839569921625351 
m400075 6000 -0.0007590676684835418 7000 -0.0007590676684835418 14000 -0.998481864663033 
m400076 6000 -0.0021242262040660456 7000 -0.0021242262040660456 14000 -0.9957515475918679 
m400077 6000 -0.004026297327979583 7000 -0.004026297327979583 14000 -0.991947405344041 
m400078 6000 -0.0062284324329469195 7000 -0.0062284324329469195 14000 -0.9875431351341061 
m400079 6000 -0.008222509106855373 7000 -0.008222509106855373 14000 -0.9835549817862892 
m400080 6000 -0.00046487158959133295 7000 -0.00046487158959133295 14000 -0.9990702568208174 
m400081 6000 -0.0020397123810781954 7000 -0.0020397123810781954 14000 -0.9959205752378439 
m400082 6000 -0.0043085004530538954 7000 -0.0043085004530538954 14000 -0.9913829990938919 
m400083 6000 -0.006442074111792925 7000 -0.006442074111792925 14000 -0.9871158517764144 
m400084 6000 -0.008148932842583561 7000 -0.008148932842583561 14000 -0.9837021343148328 
m400085 6000 -0.0006322774285092625 7000 -0.0006322774285092625 14000 -0.9987354451429815 
m400086 6000 -0.0020069564404483855 7000 -0.0020069564404483855 14000 -0.995986087119103 
m400087 6000 -0.004070448406264484 7000 -0.004070448406264484 14000 -0.9918591031874715 
m400088 6000 -0.006292701699067457 7000 -0.006292701699067457 14000 -0.9874145966018649 
m400089 6000 -0.008156494843773891 7000 -0.008156494843773891 14000 -0.9836870103124524 
m400090 6000 -0.0006126532824847329 7000 -0.0006126532824847329 14000 -0.9987746934350306 
m400091 6000 -0.002191631164749475 7000 -0.002191631164749475 14000 -0.9956167376705009 
m400092 6000 -0.004103251771403241 7000 -0.004103251771403241 14000 -0.9917934964571935 
m400093 6000 -0.006004354307613988 7000 -0.006004354307613988 14000 -0.9879912913847723 
m400094 6000 -0.008090861773683752 7000 -0.008090861773683752 14000 -0.9838182764526325 
m400095 6000 -0.0006198018904107521 7000 -0.0006198018904107521 14000 -0.9987603962191784 
m400096 6000 -0.0020972856679413493 7000 -0.0020972856679413493 14000 -0.9958054286641174 
m400097 6000 -0.004342164277921157 7000 -0.004342164277921157 14000 -0.9913156714441578 
m400098 6000 -0.006282921270035479 7000 -0.006282921270035479 14000 -0.9874341574599289 
m400099 6000 -0.008371522791086125 7000 -0.008371522791086125 14000 -0.9832569544178275 
m400100 6000 -0.0004244262166106072 7000 -0.0004244262166106072 14000 -0.9991511475667788 
m400101 6000 -0.002540112419724108 7000 -0.002540112419724108 14000 -0.9949197751605519 
m400102 6000 -0.004163404437403227 7000 -0.004163404437403227 14000 -0.9916731911251938 
m400103 6000 -0.0061511398891292875 7000 -0.0061511398891292875 14000 -0.9876977202217412 
m400104 6000 -0.008208308325289106 7000 -0.008208308325289106 14000 -0.9835833833494222 
m400105 6000 -0.0008014689201596097 7000 -0.0008014689201596097 14000 -0.9983970621596805 
m400106 6000 -0.0020700320576831103 7000 -0.0020700320576831103 14000 -0.9958599358846338 
m400107 6000 -0.0041362791309215675 7000 -0.0041362791309215675 14000 -0.9917274417381569 
m400108 6000 -0.006301217720642262 7000 -0.006301217720642262 14000 -0.9873975645587154 
m400109 6000 -0.007896377575071719 7000 -0.007896377575071719 14000 -0.9842072448498562 
m400110 6000 -0.0005609110688027494 7000 -0.0005609110688027494 14000 -0.9988781778623945 
m400111 6000 -0.002290094470102519 7000 -0.002290094470102519 14000 -0.995419811059795 
m400112 6000 -0.0041118792396477935 7000 -0.0041118792396477935 14000 -0.9917762415207045 
m400113 6000 -0.006349012532188987 7000 -0.006349012532188987 14000 -0.9873019749356223 
m400114 6000 -0.008144091705638706 7000 -0.008144091705638706 14000 -0.9837118165887224 
m400115 6000 -0.0005518999250826126 7000 -0.0005518999250826126 14000 -0.9988962001498346 
m400116 6000 -0.002303348488744498 7000 -0.002303348488744498 14000 -0.9953933030225111 
m400117 6000 -0.0042981459574184585 7000 -0.0042981459574184585 14000 -0.9914037080851632 
m400118 6000 -0.005997355020848677 7000 -0.005997355020848677 14000 -0.9880052899583027 
m400119 6000 -0.00842994384456819 7000 -0.00842994384456819 14000 -0.9831401123108638 
m400120 6000 -0.0006690047225911755 7000 -0.0006690047225911755 14000 -0.9986619905548177 
m400121 6000 -0.0020213825747854614 7000 -0.0020213825747854614 14000 -0.995957234850429 
m400122 6000 -0.004185183138017743 7000 -0.004185183138017743 14000 -0.9916296337239645 
m400123 6000 -0.006154459713301888 7000 -0.006154459713301888 14000 -0.987691080573396 
m400124 6000 -0.008249936526994494 7000 -0.008249936526994494 14000 -0.9835001269460109 
c **********************************
c PE+Pb, dens=4.78 g/cm3
m2      6000    -0.04286 $Carbon
        1001    -0.00714 $Hydrogen
        82000   -0.95000 $Lead
c **********************************
m3    1001 -0.048535 $Boric acid
      5010 -0.034981
      5011 -0.139923
      8016 -0.776561
c **********************************
m4    82000 1 $Lead
c **********************************
m5 26000 1 $Iron
c **********************************
m6     13027   -1.000 $ Aluminum
c **********************************
c  SS-304 (8.00 g/cm3), #298 in PNNL Compendium
m7   006000.50c -0.0004000
     014000.60c -0.0050000
     015031.50c -0.0002300
     016000.60c -0.0001500
     024000.50c -0.1899981
     025055.60c -0.0099999
     026000.50c -0.7017229
     028000.50c -0.0924991
c ****************************************
c       LaBr detector
c ****************************************
m8       35079    -0.2946       $ Br79
         35081    -0.3069       $ Br81
         57139    -0.3485       $ La139
         58140    -0.0500       $ Ce140
c ************ air den=1.15e-3g/cc
m12     8016 -0.23
        7014 -0.77
c ************ Rubber Natural den=0.92 g/cc
m13     1001 -0.118371  $weight fraction
        6000 -0.881629
c
c end material cards
c
rand seed=8674536546524321 $different initial random #; seed# - any less 18 digits
c
c ********** begin tallies *********************
fc78 *********Broadened Pulse Height Tally Sum of Detectors 1,2 & 3 ***********
e78 0 1e-5 932i 8.4295
F78:p (101)
FT78 GEB -0.026198 0.059551 -0.037176
fc18 *********Unbroadened Pulse Height Tally Sum of Detectors 1,2 & 3 ***********
e18 0 1e-5 932i 8.4295
F18:p (101)
c ***********************************
c mplot tal 78 freq 10000
nps 1e9
