c CAS DETECTOR
c w/ Shielding in Place and Wheels
c
c CELL CARDS
c
c @@@@@@@@@@ Detectors @@@@@@@@@@@@@@@@@
c
101 8 -5.08 -21 imp:n,p 1 $LaBr Detector #1 Active Region
c
c @@@@@@@@@ Shielding @@@@@@@@@@@@@@@@@
c
121 2 -4.78 -31 imp:n,p 1 $PE_Pb
122 4 -11.29 -32 imp:n,p 1 $Pb1
123 4 -11.29 -33 imp:n,p 1 $Pb2
124 4 -11.29 -34 imp:n,p 1 $Pb3
125 4 -11.29 -35 imp:n,p 1 $Pb4
126 4 -11.29 -36 imp:n,p 1 $Pb5
127 4 -11.29 -37 imp:n,p 1 $Pb6
128 3 -1.5 -38 imp:n,p 1 $BA1
129 3 -1.5 -39 imp:n,p 1 $BA2
130 6 -2.7 -40 imp:n,p 1 $Al
131 7 -7.92 301 -302 303 -304 imp:n,p 1 $Fe-tube
132 5 -7.8 -401 imp:n,p 1 $Fe
133 5 -7.8 -402 imp:n,p 1 $Fe
c @@@@@@@@@@ Wheels @@@@@@@@@@@@@@@@@
c
21 13 -0.92 -41 42 imp:n,p 1 $Wheel 1
211 13 -0.92 -421 422 imp:n,p 1 $Wheel 1
212 13 -0.92 -423 424 imp:n,p 1 $Wheel 1
22 13 -0.92 -43 44 imp:n,p 1 $Wheel 2
221 13 -0.92 -441 442 imp:n,p 1 $Wheel 2
222 13 -0.92 -443 444 imp:n,p 1 $Wheel 2
23 13 -0.92 -45 46 imp:n,p 1 $Wheel 3
231 13 -0.92 -461 462 imp:n,p 1 $Wheel 3
232 13 -0.92 -463 464 imp:n,p 1 $Wheel 3
24 13 -0.92 -47 48 imp:n,p 1 $Wheel 4
241 13 -0.92 -481 482 imp:n,p 1 $Wheel 4
242 13 -0.92 -483 484 imp:n,p 1 $Wheel 4
c
c @@@@@@@@@@ SOIL VOLUME @@@@@@@@@@@
c
300000 400000 -2.156 20010 -20011 20020 -20021 20030 -20031 imp:n,p 1
300001 400001 -2.156 20010 -20011 20020 -20021 20031 -20032 imp:n,p 1
300002 400002 -2.156 20010 -20011 20020 -20021 20032 -20033 imp:n,p 1
300003 400003 -2.156 20010 -20011 20020 -20021 20033 -20034 imp:n,p 1
300004 400004 -2.156 20010 -20011 20020 -20021 20034 -20035 imp:n,p 1
300005 400005 -2.156 20011 -20012 20020 -20021 20030 -20031 imp:n,p 1
300006 400006 -2.156 20011 -20012 20020 -20021 20031 -20032 imp:n,p 1
300007 400007 -2.156 20011 -20012 20020 -20021 20032 -20033 imp:n,p 1
300008 400008 -2.156 20011 -20012 20020 -20021 20033 -20034 imp:n,p 1
300009 400009 -2.156 20011 -20012 20020 -20021 20034 -20035 imp:n,p 1
300010 400010 -2.156 20012 -20013 20020 -20021 20030 -20031 imp:n,p 1
300011 400011 -2.156 20012 -20013 20020 -20021 20031 -20032 imp:n,p 1
300012 400012 -2.156 20012 -20013 20020 -20021 20032 -20033 imp:n,p 1
300013 400013 -2.156 20012 -20013 20020 -20021 20033 -20034 imp:n,p 1
300014 400014 -2.156 20012 -20013 20020 -20021 20034 -20035 imp:n,p 1
300015 400015 -2.156 20013 -20014 20020 -20021 20030 -20031 imp:n,p 1
300016 400016 -2.156 20013 -20014 20020 -20021 20031 -20032 imp:n,p 1
300017 400017 -2.156 20013 -20014 20020 -20021 20032 -20033 imp:n,p 1
300018 400018 -2.156 20013 -20014 20020 -20021 20033 -20034 imp:n,p 1
300019 400019 -2.156 20013 -20014 20020 -20021 20034 -20035 imp:n,p 1
300020 400020 -2.156 20014 -20015 20020 -20021 20030 -20031 imp:n,p 1
300021 400021 -2.156 20014 -20015 20020 -20021 20031 -20032 imp:n,p 1
300022 400022 -2.156 20014 -20015 20020 -20021 20032 -20033 imp:n,p 1
300023 400023 -2.156 20014 -20015 20020 -20021 20033 -20034 imp:n,p 1
300024 400024 -2.156 20014 -20015 20020 -20021 20034 -20035 imp:n,p 1
300025 400025 -2.156 20010 -20011 20021 -20022 20030 -20031 imp:n,p 1
300026 400026 -2.156 20010 -20011 20021 -20022 20031 -20032 imp:n,p 1
300027 400027 -2.156 20010 -20011 20021 -20022 20032 -20033 imp:n,p 1
300028 400028 -2.156 20010 -20011 20021 -20022 20033 -20034 imp:n,p 1
300029 400029 -2.156 20010 -20011 20021 -20022 20034 -20035 imp:n,p 1
300030 400030 -2.156 20011 -20012 20021 -20022 20030 -20031 imp:n,p 1
300031 400031 -2.156 20011 -20012 20021 -20022 20031 -20032 imp:n,p 1
300032 400032 -2.156 20011 -20012 20021 -20022 20032 -20033 imp:n,p 1
300033 400033 -2.156 20011 -20012 20021 -20022 20033 -20034 imp:n,p 1
300034 400034 -2.156 20011 -20012 20021 -20022 20034 -20035 imp:n,p 1
300035 400035 -2.156 20012 -20013 20021 -20022 20030 -20031 imp:n,p 1
300036 400036 -2.156 20012 -20013 20021 -20022 20031 -20032 imp:n,p 1
300037 400037 -2.156 20012 -20013 20021 -20022 20032 -20033 imp:n,p 1
300038 400038 -2.156 20012 -20013 20021 -20022 20033 -20034 imp:n,p 1
300039 400039 -2.156 20012 -20013 20021 -20022 20034 -20035 imp:n,p 1
300040 400040 -2.156 20013 -20014 20021 -20022 20030 -20031 imp:n,p 1
300041 400041 -2.156 20013 -20014 20021 -20022 20031 -20032 imp:n,p 1
300042 400042 -2.156 20013 -20014 20021 -20022 20032 -20033 imp:n,p 1
300043 400043 -2.156 20013 -20014 20021 -20022 20033 -20034 imp:n,p 1
300044 400044 -2.156 20013 -20014 20021 -20022 20034 -20035 imp:n,p 1
300045 400045 -2.156 20014 -20015 20021 -20022 20030 -20031 imp:n,p 1
300046 400046 -2.156 20014 -20015 20021 -20022 20031 -20032 imp:n,p 1
300047 400047 -2.156 20014 -20015 20021 -20022 20032 -20033 imp:n,p 1
300048 400048 -2.156 20014 -20015 20021 -20022 20033 -20034 imp:n,p 1
300049 400049 -2.156 20014 -20015 20021 -20022 20034 -20035 imp:n,p 1
300050 400050 -2.156 20010 -20011 20022 -20023 20030 -20031 imp:n,p 1
300051 400051 -2.156 20010 -20011 20022 -20023 20031 -20032 imp:n,p 1
300052 400052 -2.156 20010 -20011 20022 -20023 20032 -20033 imp:n,p 1
300053 400053 -2.156 20010 -20011 20022 -20023 20033 -20034 imp:n,p 1
300054 400054 -2.156 20010 -20011 20022 -20023 20034 -20035 imp:n,p 1
300055 400055 -2.156 20011 -20012 20022 -20023 20030 -20031 imp:n,p 1
300056 400056 -2.156 20011 -20012 20022 -20023 20031 -20032 imp:n,p 1
300057 400057 -2.156 20011 -20012 20022 -20023 20032 -20033 imp:n,p 1
300058 400058 -2.156 20011 -20012 20022 -20023 20033 -20034 imp:n,p 1
300059 400059 -2.156 20011 -20012 20022 -20023 20034 -20035 imp:n,p 1
300060 400060 -2.156 20012 -20013 20022 -20023 20030 -20031 imp:n,p 1
300061 400061 -2.156 20012 -20013 20022 -20023 20031 -20032 imp:n,p 1
300062 400062 -2.156 20012 -20013 20022 -20023 20032 -20033 imp:n,p 1
300063 400063 -2.156 20012 -20013 20022 -20023 20033 -20034 imp:n,p 1
300064 400064 -2.156 20012 -20013 20022 -20023 20034 -20035 imp:n,p 1
300065 400065 -2.156 20013 -20014 20022 -20023 20030 -20031 imp:n,p 1
300066 400066 -2.156 20013 -20014 20022 -20023 20031 -20032 imp:n,p 1
300067 400067 -2.156 20013 -20014 20022 -20023 20032 -20033 imp:n,p 1
300068 400068 -2.156 20013 -20014 20022 -20023 20033 -20034 imp:n,p 1
300069 400069 -2.156 20013 -20014 20022 -20023 20034 -20035 imp:n,p 1
300070 400070 -2.156 20014 -20015 20022 -20023 20030 -20031 imp:n,p 1
300071 400071 -2.156 20014 -20015 20022 -20023 20031 -20032 imp:n,p 1
300072 400072 -2.156 20014 -20015 20022 -20023 20032 -20033 imp:n,p 1
300073 400073 -2.156 20014 -20015 20022 -20023 20033 -20034 imp:n,p 1
300074 400074 -2.156 20014 -20015 20022 -20023 20034 -20035 imp:n,p 1
300075 400075 -2.156 20010 -20011 20023 -20024 20030 -20031 imp:n,p 1
300076 400076 -2.156 20010 -20011 20023 -20024 20031 -20032 imp:n,p 1
300077 400077 -2.156 20010 -20011 20023 -20024 20032 -20033 imp:n,p 1
300078 400078 -2.156 20010 -20011 20023 -20024 20033 -20034 imp:n,p 1
300079 400079 -2.156 20010 -20011 20023 -20024 20034 -20035 imp:n,p 1
300080 400080 -2.156 20011 -20012 20023 -20024 20030 -20031 imp:n,p 1
300081 400081 -2.156 20011 -20012 20023 -20024 20031 -20032 imp:n,p 1
300082 400082 -2.156 20011 -20012 20023 -20024 20032 -20033 imp:n,p 1
300083 400083 -2.156 20011 -20012 20023 -20024 20033 -20034 imp:n,p 1
300084 400084 -2.156 20011 -20012 20023 -20024 20034 -20035 imp:n,p 1
300085 400085 -2.156 20012 -20013 20023 -20024 20030 -20031 imp:n,p 1
300086 400086 -2.156 20012 -20013 20023 -20024 20031 -20032 imp:n,p 1
300087 400087 -2.156 20012 -20013 20023 -20024 20032 -20033 imp:n,p 1
300088 400088 -2.156 20012 -20013 20023 -20024 20033 -20034 imp:n,p 1
300089 400089 -2.156 20012 -20013 20023 -20024 20034 -20035 imp:n,p 1
300090 400090 -2.156 20013 -20014 20023 -20024 20030 -20031 imp:n,p 1
300091 400091 -2.156 20013 -20014 20023 -20024 20031 -20032 imp:n,p 1
300092 400092 -2.156 20013 -20014 20023 -20024 20032 -20033 imp:n,p 1
300093 400093 -2.156 20013 -20014 20023 -20024 20033 -20034 imp:n,p 1
300094 400094 -2.156 20013 -20014 20023 -20024 20034 -20035 imp:n,p 1
300095 400095 -2.156 20014 -20015 20023 -20024 20030 -20031 imp:n,p 1
300096 400096 -2.156 20014 -20015 20023 -20024 20031 -20032 imp:n,p 1
300097 400097 -2.156 20014 -20015 20023 -20024 20032 -20033 imp:n,p 1
300098 400098 -2.156 20014 -20015 20023 -20024 20033 -20034 imp:n,p 1
300099 400099 -2.156 20014 -20015 20023 -20024 20034 -20035 imp:n,p 1
300100 400100 -2.156 20010 -20011 20024 -20025 20030 -20031 imp:n,p 1
300101 400101 -2.156 20010 -20011 20024 -20025 20031 -20032 imp:n,p 1
300102 400102 -2.156 20010 -20011 20024 -20025 20032 -20033 imp:n,p 1
300103 400103 -2.156 20010 -20011 20024 -20025 20033 -20034 imp:n,p 1
300104 400104 -2.156 20010 -20011 20024 -20025 20034 -20035 imp:n,p 1
300105 400105 -2.156 20011 -20012 20024 -20025 20030 -20031 imp:n,p 1
300106 400106 -2.156 20011 -20012 20024 -20025 20031 -20032 imp:n,p 1
300107 400107 -2.156 20011 -20012 20024 -20025 20032 -20033 imp:n,p 1
300108 400108 -2.156 20011 -20012 20024 -20025 20033 -20034 imp:n,p 1
300109 400109 -2.156 20011 -20012 20024 -20025 20034 -20035 imp:n,p 1
300110 400110 -2.156 20012 -20013 20024 -20025 20030 -20031 imp:n,p 1
300111 400111 -2.156 20012 -20013 20024 -20025 20031 -20032 imp:n,p 1
300112 400112 -2.156 20012 -20013 20024 -20025 20032 -20033 imp:n,p 1
300113 400113 -2.156 20012 -20013 20024 -20025 20033 -20034 imp:n,p 1
300114 400114 -2.156 20012 -20013 20024 -20025 20034 -20035 imp:n,p 1
300115 400115 -2.156 20013 -20014 20024 -20025 20030 -20031 imp:n,p 1
300116 400116 -2.156 20013 -20014 20024 -20025 20031 -20032 imp:n,p 1
300117 400117 -2.156 20013 -20014 20024 -20025 20032 -20033 imp:n,p 1
300118 400118 -2.156 20013 -20014 20024 -20025 20033 -20034 imp:n,p 1
300119 400119 -2.156 20013 -20014 20024 -20025 20034 -20035 imp:n,p 1
300120 400120 -2.156 20014 -20015 20024 -20025 20030 -20031 imp:n,p 1
300121 400121 -2.156 20014 -20015 20024 -20025 20031 -20032 imp:n,p 1
300122 400122 -2.156 20014 -20015 20024 -20025 20032 -20033 imp:n,p 1
300123 400123 -2.156 20014 -20015 20024 -20025 20033 -20034 imp:n,p 1
300124 400124 -2.156 20014 -20015 20024 -20025 20034 -20035 imp:n,p 1
c
30 12 -0.00129 -200 #101 #121 #122 #123 #124 #125 #126 #127 #128 #129 #130 #131 #132 #133
        #21 #211 #212 #22 #221 #222 #23 #231 #232 #24 #241 #242 #20 imp:n,p 1 $Rest of the World
31 0 200 imp:n,p 0 $Outside world

c SURFACE CARDS
c
c Sample Volume
20010 px -56.0
20011 px -33.59999999999991
20012 px -11.200000000000045
20013 px 11.200000000000045
20014 px 33.59999999999991
20015 px 56.0
20020 py -45.0
20021 py -27.0
20022 py -9.0
20023 py 9.0
20024 py 27.0
20025 py 45.0
20030 pz 92.0
20031 pz 82.0
20032 pz 72.0
20033 pz 62.0
20034 pz 52.0
20035 pz 42.0
c Active Detector Region
21 rcc 56  -5.0 -1.0   0.0 20.3 0.0   4.5 $Detector 1 Base center, Hx,Hy,Hz, radius
c Shielding Surfaces
c Shielding Pb
31 rpp 19 29 -7.5 7.5 -11 9 $PbPE xmin xmax ymin ymax zmin zmax
32 rpp 9 19 4 9 -11 9 $Pb xmin xmax ymin ymax zmin zmax
33 rpp 9 19 -9 -4 -11 9 $Pb xmin xmax ymin ymax zmin zmax
34 rpp 19 29 7.5 12.5 -11 9 $Pb xmin xmax ymin ymax zmin zmax
35 rpp 19 29 -12.5 -7.5 -11 9 $Pb xmin xmax ymin ymax zmin zmax
36 rpp 29 34 -15 15 -11 9 $Pb xmin xmax ymin ymax zmin zmax
37 rpp 9 19 -4 4 4 9 $Pb xmin xmax ymin ymax zmin zmax
38 rpp -26 26 18 28 -11 9 $BA1 xmin xmax ymin ymax zmin zmax
39 rpp -26 26 -28 -18 -11 9 $BA2 xmin xmax ymin ymax zmin zmax
40 rpp -65 65 -28 28 10 10.5 $Al xmin xmax ymin ymax zmin zmax
401 rpp -27 27 29 34 -11 9 $Fe xmin xmax ymin ymax zmin zmax
402 rpp -27 27 -34 -29 -11 9 $Fe xmin xmax ymin ymax zmin zmax
301 px -20
302 px 18
303 cx 3.71
304 cx 3.81
c Wheels Surfaces
c 23/10.5-12 turf tires, 22.6 lb rubber
c diameter 29cm, tread width 25cm, and sidewall height 13.76 cm
c set thickness of all sides 1.3 cm (s.t. weight is 22.6 lb)
41 rcc -2 77 8   0.0 25 0.0 29 $wheel 1 outer tread surface
42 rcc -2 77 8   0.0 25 0.0 27.7 $wheel 1 inner tread surface
421 rcc -2 75.7 8   0.0 1.3 0.0 29 $wheel 1 outside sidewall exterior
422 rcc -2 75.7 8   0.0 1.3 0.0 15.24 $wheel 1 outside sidewall interior
423 rcc -2 102 8   0.0 1.3 0.0 29 $wheel 1 inside sidewall exterior
424 rcc -2 102 8   0.0 1.3 0.0 15.24 $wheel 1 inside sidewall interior
43 rcc 68 77 8   0.0 25 0.0 29 $wheel 2
44 rcc 68 77 8   0.0 25 0.0 27.7
441 rcc 68 75.7 8   0.0 1.3 0.0 29
442 rcc 68 75.7 8   0.0 1.3 0.0 15.24
443 rcc 68 102 8   0.0 1.3 0.0 29
444 rcc 68 102 8   0.0 1.3 0.0 15.24
45 rcc -2 -77 8   0.0 -25 0.0 29 $wheel 3
46 rcc -2 -77 8   0.0 -25 0.0 27.7
461 rcc -2 -75.7 8   0.0 -1.3 0.0 29
462 rcc -2 -75.7 8   0.0 -1.3 0.0 15.24
463 rcc -2 -102 8   0.0 -1.3 0.0 29
464 rcc -2 -102 8   0.0 -1.3 0.0 15.24
47 rcc 68 -77 8   0.0 -25 0.0 29 $wheel 4
48 rcc 68 -77 8   0.0 -25 0.0 27.7
481 rcc 68 -75.7 8   0.0 -1.3 0.0 29
482 rcc 68 -75.7 8   0.0 -1.3 0.0 15.24
483 rcc 68 -102 8   0.0 -1.3 0.0 29
484 rcc 68 -102 8   0.0 -1.3 0.0 15.24
200 so 800    $sphere of 800cm centered at origin
c

c DATA CARDS
mode n p
c dump every hr
prdmp -60 -60 -1
c 100 keV Neutron Energy Cutoff
Cut:n 1j 0.1
c analog neutron transport
phys:n 1j 14
phys:p
sdef pos=0 0 0 erg=14.0 vec= 0 0 1 dir=d1
si1  -1 .93 1
sp1   0  0.0  1.0
c ********************
c begin material cards
c ********************
c Pure Carbon
c ****************************************
m400000 6000 -0.0005095180253096929 7000 -0.0005095180253096929 14000 -0.9989809639493805 
m400001 6000 -0.0021187809608478494 7000 -0.0021187809608478494 14000 -0.9957624380783046 
m400002 6000 -0.0038968871866326337 7000 -0.0038968871866326337 14000 -0.9922062256267347 
m400003 6000 -0.005772898491546224 7000 -0.005772898491546224 14000 -0.9884542030169077 
m400004 6000 -0.007772646553541421 7000 -0.007772646553541421 14000 -0.9844547068929171 
m400005 6000 -0.00048053774261766843 7000 -0.00048053774261766843 14000 -0.9990389245147644 
m400006 6000 -0.0021488409496055686 7000 -0.0021488409496055686 14000 -0.9957023181007891 
m400007 6000 -0.00406099091656162 7000 -0.00406099091656162 14000 -0.9918780181668767 
m400008 6000 -0.0060036250408791346 7000 -0.0060036250408791346 14000 -0.9879927499182415 
m400009 6000 -0.00821648373111918 7000 -0.00821648373111918 14000 -0.9835670325377621 
m400010 6000 -0.0006383098306130034 7000 -0.0006383098306130034 14000 -0.9987233803387742 
m400011 6000 -0.002360198221461742 7000 -0.002360198221461742 14000 -0.9952796035570765 
m400012 6000 -0.0038583326878669968 7000 -0.0038583326878669968 14000 -0.9922833346242661 
m400013 6000 -0.005892069549445976 7000 -0.005892069549445976 14000 -0.9882158609011078 
m400014 6000 -0.008219592920133925 7000 -0.008219592920133925 14000 -0.9835608141597321 
m400015 6000 -0.0005400996907990339 7000 -0.0005400996907990339 14000 -0.9989198006184019 
m400016 6000 -0.001928201821103278 7000 -0.001928201821103278 14000 -0.9961435963577934 
m400017 6000 -0.004205041659150629 7000 -0.004205041659150629 14000 -0.9915899166816986 
m400018 6000 -0.006062509576940026 7000 -0.006062509576940026 14000 -0.9878749808461201 
m400019 6000 -0.008012651187609979 7000 -0.008012651187609979 14000 -0.9839746976247801 
m400020 6000 -0.000513416116504407 7000 -0.000513416116504407 14000 -0.998973167766991 
m400021 6000 -0.001929859936305435 7000 -0.001929859936305435 14000 -0.9961402801273891 
m400022 6000 -0.00402129323379416 7000 -0.00402129323379416 14000 -0.9919574135324118 
m400023 6000 -0.0064248144665332565 7000 -0.0064248144665332565 14000 -0.9871503710669333 
m400024 6000 -0.00777610936017933 7000 -0.00777610936017933 14000 -0.9844477812796413 
m400025 6000 -0.00044961073456695324 7000 -0.00044961073456695324 14000 -0.9991007785308659 
m400026 6000 -0.0018632439832815461 7000 -0.0018632439832815461 14000 -0.996273512033437 
m400027 6000 -0.004021699252202676 7000 -0.004021699252202676 14000 -0.9919566014955947 
m400028 6000 -0.0061372319722335445 7000 -0.0061372319722335445 14000 -0.987725536055533 
m400029 6000 -0.008335983384673624 7000 -0.008335983384673624 14000 -0.9833280332306528 
m400030 6000 -0.0005768744794519053 7000 -0.0005768744794519053 14000 -0.9988462510410961 
m400031 6000 -0.002070770528287581 7000 -0.002070770528287581 14000 -0.995858458943425 
m400032 6000 -0.004028883495134336 7000 -0.004028883495134336 14000 -0.9919422330097316 
m400033 6000 -0.006252796941309701 7000 -0.006252796941309701 14000 -0.9874944061173809 
m400034 6000 -0.008202744392440516 7000 -0.008202744392440516 14000 -0.983594511215119 
m400035 6000 -0.000486063145563545 7000 -0.000486063145563545 14000 -0.9990278737088729 
m400036 6000 -0.001960635882730005 7000 -0.001960635882730005 14000 -0.99607872823454 
m400037 6000 -0.004160175670658248 7000 -0.004160175670658248 14000 -0.9916796486586833 
m400038 6000 -0.006249785594165363 7000 -0.006249785594165363 14000 -0.9875004288116693 
m400039 6000 -0.008179221534684526 7000 -0.008179221534684526 14000 -0.9836415569306309 
m400040 6000 -0.0002944397626727539 7000 -0.0002944397626727539 14000 -0.9994111204746544 
m400041 6000 -0.0021658939472284718 7000 -0.0021658939472284718 14000 -0.9956682121055429 
m400042 6000 -0.003969179349624403 7000 -0.003969179349624403 14000 -0.9920616413007513 
m400043 6000 -0.005937994188670681 7000 -0.005937994188670681 14000 -0.9881240116226587 
m400044 6000 -0.007819937504500975 7000 -0.007819937504500975 14000 -0.9843601249909981 
m400045 6000 -0.0006626577265436756 7000 -0.0006626577265436756 14000 -0.9986746845469124 
m400046 6000 -0.0019650085269299045 7000 -0.0019650085269299045 14000 -0.9960699829461405 
m400047 6000 -0.003962131111764762 7000 -0.003962131111764762 14000 -0.9920757377764704 
m400048 6000 -0.006141538229989256 7000 -0.006141538229989256 14000 -0.9877169235400212 
m400049 6000 -0.008032523583939265 7000 -0.008032523583939265 14000 -0.9839349528321215 
m400050 6000 -0.0004201585908153233 7000 -0.0004201585908153233 14000 -0.9991596828183691 
m400051 6000 -0.002035415704986033 7000 -0.002035415704986033 14000 -0.9959291685900281 
m400052 6000 -0.004099688390608711 7000 -0.004099688390608711 14000 -0.9918006232187825 
m400053 6000 -0.006020781572536833 7000 -0.006020781572536833 14000 -0.9879584368549265 
m400054 6000 -0.007810211019438474 7000 -0.007810211019438474 14000 -0.9843795779611233 
m400055 6000 -0.0005360237933506934 7000 -0.0005360237933506934 14000 -0.9989279524132985 
m400056 6000 -0.0020156560478795747 7000 -0.0020156560478795747 14000 -0.995968687904241 
m400057 6000 -0.0038288067696253245 7000 -0.0038288067696253245 14000 -0.9923423864607491 
m400058 6000 -0.006067606893366781 7000 -0.006067606893366781 14000 -0.9878647862132666 
m400059 6000 -0.007895885946202606 7000 -0.007895885946202606 14000 -0.9842082281075949 
m400060 6000 -0.0004125956405020663 7000 -0.0004125956405020663 14000 -0.9991748087189959 
m400061 6000 -0.0020596414048962564 7000 -0.0020596414048962564 14000 -0.9958807171902077 
m400062 6000 -0.004064021266260968 7000 -0.004064021266260968 14000 -0.9918719574674779 
m400063 6000 -0.006247230775737543 7000 -0.006247230775737543 14000 -0.9875055384485252 
m400064 6000 -0.008269443113752535 7000 -0.008269443113752535 14000 -0.9834611137724949 
m400065 6000 -0.00032123090824888527 7000 -0.00032123090824888527 14000 -0.9993575381835023 
m400066 6000 -0.002118838795518219 7000 -0.002118838795518219 14000 -0.9957623224089638 
m400067 6000 -0.00409577092863671 7000 -0.00409577092863671 14000 -0.9918084581427261 
m400068 6000 -0.006201292031458951 7000 -0.006201292031458951 14000 -0.9875974159370818 
m400069 6000 -0.008171155267883935 7000 -0.008171155267883935 14000 -0.9836576894642322 
m400070 6000 -0.0006600813052643568 7000 -0.0006600813052643568 14000 -0.9986798373894712 
m400071 6000 -0.0018365060050079423 7000 -0.0018365060050079423 14000 -0.9963269879899842 
m400072 6000 -0.004035225393060265 7000 -0.004035225393060265 14000 -0.9919295492138793 
m400073 6000 -0.005952252949578644 7000 -0.005952252949578644 14000 -0.9880954941008427 
m400074 6000 -0.008167376554717044 7000 -0.008167376554717044 14000 -0.983665246890566 
m400075 6000 -0.000556301780171391 7000 -0.000556301780171391 14000 -0.9988873964396572 
m400076 6000 -0.0021051218643439243 7000 -0.0021051218643439243 14000 -0.9957897562713123 
m400077 6000 -0.00410882328029492 7000 -0.00410882328029492 14000 -0.9917823534394101 
m400078 6000 -0.006120054509888239 7000 -0.006120054509888239 14000 -0.9877598909802233 
m400079 6000 -0.007961498535114171 7000 -0.007961498535114171 14000 -0.9840770029297716 
m400080 6000 -0.0007012364600937699 7000 -0.0007012364600937699 14000 -0.9985975270798124 
m400081 6000 -0.001938775120758828 7000 -0.001938775120758828 14000 -0.9961224497584824 
m400082 6000 -0.004081400052605465 7000 -0.004081400052605465 14000 -0.9918371998947891 
m400083 6000 -0.005987573493172419 7000 -0.005987573493172419 14000 -0.9880248530136552 
m400084 6000 -0.007892066437607878 7000 -0.007892066437607878 14000 -0.9842158671247841 
m400085 6000 -0.0005163880122403696 7000 -0.0005163880122403696 14000 -0.9989672239755194 
m400086 6000 -0.002012313554174964 7000 -0.002012313554174964 14000 -0.9959753728916501 
m400087 6000 -0.004131291840301152 7000 -0.004131291840301152 14000 -0.9917374163193977 
m400088 6000 -0.00574476656438418 7000 -0.00574476656438418 14000 -0.9885104668712317 
m400089 6000 -0.008052803542524207 7000 -0.008052803542524207 14000 -0.9838943929149516 
m400090 6000 -0.0003435162082272488 7000 -0.0003435162082272488 14000 -0.9993129675835456 
m400091 6000 -0.002182878947891572 7000 -0.002182878947891572 14000 -0.9956342421042165 
m400092 6000 -0.003943325152167517 7000 -0.003943325152167517 14000 -0.9921133496956651 
m400093 6000 -0.006091630735354882 7000 -0.006091630735354882 14000 -0.9878167385292903 
m400094 6000 -0.008460488918793762 7000 -0.008460488918793762 14000 -0.9830790221624122 
m400095 6000 -0.0005751081436680905 7000 -0.0005751081436680905 14000 -0.9988497837126635 
m400096 6000 -0.002273592874850445 7000 -0.002273592874850445 14000 -0.9954528142502994 
m400097 6000 -0.0038560865085475416 7000 -0.0038560865085475416 14000 -0.992287826982905 
m400098 6000 -0.006124276049392772 7000 -0.006124276049392772 14000 -0.9877514479012146 
m400099 6000 -0.008022466890978536 7000 -0.008022466890978536 14000 -0.9839550662180427 
m400100 6000 -0.0007271935598898092 7000 -0.0007271935598898092 14000 -0.9985456128802204 
m400101 6000 -0.0021304614164442963 7000 -0.0021304614164442963 14000 -0.9957390771671115 
m400102 6000 -0.003637345980799089 7000 -0.003637345980799089 14000 -0.9927253080384021 
m400103 6000 -0.006080953586497094 7000 -0.006080953586497094 14000 -0.9878380928270061 
m400104 6000 -0.00806916027464572 7000 -0.00806916027464572 14000 -0.9838616794507086 
m400105 6000 -0.0005314529791227226 7000 -0.0005314529791227226 14000 -0.9989370940417546 
m400106 6000 -0.002127153161191911 7000 -0.002127153161191911 14000 -0.9957456936776166 
m400107 6000 -0.0039283015455482875 7000 -0.0039283015455482875 14000 -0.9921433969089033 
m400108 6000 -0.00593237424944856 7000 -0.00593237424944856 14000 -0.9881352515011027 
m400109 6000 -0.0078034452914238625 7000 -0.0078034452914238625 14000 -0.9843931094171526 
m400110 6000 -0.000459419700270777 7000 -0.000459419700270777 14000 -0.9990811605994584 
m400111 6000 -0.002160623606308662 7000 -0.002160623606308662 14000 -0.9956787527873826 
m400112 6000 -0.004088556981909556 7000 -0.004088556981909556 14000 -0.9918228860361807 
m400113 6000 -0.006122264423968481 7000 -0.006122264423968481 14000 -0.9877554711520632 
m400114 6000 -0.00789714596384401 7000 -0.00789714596384401 14000 -0.9842057080723121 
m400115 6000 -0.0005480294126392822 7000 -0.0005480294126392822 14000 -0.9989039411747214 
m400116 6000 -0.0017398726143926886 7000 -0.0017398726143926886 14000 -0.9965202547712146 
m400117 6000 -0.004053251914063986 7000 -0.004053251914063986 14000 -0.9918934961718716 
m400118 6000 -0.00589179791721434 7000 -0.00589179791721434 14000 -0.988216404165571 
m400119 6000 -0.008093394430226391 7000 -0.008093394430226391 14000 -0.9838132111395472 
m400120 6000 -0.0003637374853191397 7000 -0.0003637374853191397 14000 -0.9992725250293616 
m400121 6000 -0.0018968927882889455 7000 -0.0018968927882889455 14000 -0.9962062144234217 
m400122 6000 -0.004074931666307818 7000 -0.004074931666307818 14000 -0.9918501366673841 
m400123 6000 -0.006130542537040477 7000 -0.006130542537040477 14000 -0.9877389149259193 
m400124 6000 -0.008009678673863806 7000 -0.008009678673863806 14000 -0.9839806426522725 
c **********************************
c PE+Pb, dens=4.78 g/cm3
m2      6000    -0.04286 $Carbon
        1001    -0.00714 $Hydrogen
        82000   -0.95000 $Lead
c **********************************
m3    1001 -0.048535 $Boric acid
      5010 -0.034981
      5011 -0.139923
      8016 -0.776561
c **********************************
m4    82000 1 $Lead
c **********************************
m5 26000 1 $Iron
c **********************************
m6     13027   -1.000 $ Aluminum
c **********************************
c  SS-304 (8.00 g/cm3), #298 in PNNL Compendium
m7   006000.50c -0.0004000
     014000.60c -0.0050000
     015031.50c -0.0002300
     016000.60c -0.0001500
     024000.50c -0.1899981
     025055.60c -0.0099999
     026000.50c -0.7017229
     028000.50c -0.0924991
c ****************************************
c       LaBr detector
c ****************************************
m8       35079    -0.2946       $ Br79
         35081    -0.3069       $ Br81
         57139    -0.3485       $ La139
         58140    -0.0500       $ Ce140
c ************ air den=1.15e-3g/cc
m12     8016 -0.23
        7014 -0.77
c ************ Rubber Natural den=0.92 g/cc
m13     1001 -0.118371  $weight fraction
        6000 -0.881629
c
c end material cards
c
rand seed=8674536546524321 $different initial random #; seed# - any less 18 digits
c
c ********** begin tallies *********************
fc78 *********Broadened Pulse Height Tally Sum of Detectors 1,2 & 3 ***********
e78 0 1e-5 932i 8.4295
F78:p (101)
FT78 GEB -0.026198 0.059551 -0.037176
fc18 *********Unbroadened Pulse Height Tally Sum of Detectors 1,2 & 3 ***********
e18 0 1e-5 932i 8.4295
F18:p (101)
c ***********************************
c mplot tal 78 freq 10000
nps 1e9
