c CAS DETECTOR
c w/ Shielding in Place and Wheels
c
c CELL CARDS
c
c @@@@@@@@@@ Detectors @@@@@@@@@@@@@@@@@
c
101 8 -5.08 -21 imp:n,p 1 $LaBr Detector #1 Active Region
c
c @@@@@@@@@ Shielding @@@@@@@@@@@@@@@@@
c
121 2 -4.78 -31 imp:n,p 1 $PE_Pb
122 4 -11.29 -32 imp:n,p 1 $Pb1
123 4 -11.29 -33 imp:n,p 1 $Pb2
124 4 -11.29 -34 imp:n,p 1 $Pb3
125 4 -11.29 -35 imp:n,p 1 $Pb4
126 4 -11.29 -36 imp:n,p 1 $Pb5
127 4 -11.29 -37 imp:n,p 1 $Pb6
128 3 -1.5 -38 imp:n,p 1 $BA1
129 3 -1.5 -39 imp:n,p 1 $BA2
130 6 -2.7 -40 imp:n,p 1 $Al
131 7 -7.92 301 -302 303 -304 imp:n,p 1 $Fe-tube
132 5 -7.8 -401 imp:n,p 1 $Fe
133 5 -7.8 -402 imp:n,p 1 $Fe
c @@@@@@@@@@ Wheels @@@@@@@@@@@@@@@@@
c
21 13 -0.92 -41 42 imp:n,p 1 $Wheel 1
211 13 -0.92 -421 422 imp:n,p 1 $Wheel 1
212 13 -0.92 -423 424 imp:n,p 1 $Wheel 1
22 13 -0.92 -43 44 imp:n,p 1 $Wheel 2
221 13 -0.92 -441 442 imp:n,p 1 $Wheel 2
222 13 -0.92 -443 444 imp:n,p 1 $Wheel 2
23 13 -0.92 -45 46 imp:n,p 1 $Wheel 3
231 13 -0.92 -461 462 imp:n,p 1 $Wheel 3
232 13 -0.92 -463 464 imp:n,p 1 $Wheel 3
24 13 -0.92 -47 48 imp:n,p 1 $Wheel 4
241 13 -0.92 -481 482 imp:n,p 1 $Wheel 4
242 13 -0.92 -483 484 imp:n,p 1 $Wheel 4
c
c @@@@@@@@@@ SOIL VOLUME @@@@@@@@@@@
c
300000 400000 -2.156 20010 -20011 20020 -20021 20030 -20031 imp:n,p 1
300001 400001 -2.156 20010 -20011 20020 -20021 20031 -20032 imp:n,p 1
300002 400002 -2.156 20010 -20011 20020 -20021 20032 -20033 imp:n,p 1
300003 400003 -2.156 20010 -20011 20020 -20021 20033 -20034 imp:n,p 1
300004 400004 -2.156 20010 -20011 20020 -20021 20034 -20035 imp:n,p 1
300005 400005 -2.156 20011 -20012 20020 -20021 20030 -20031 imp:n,p 1
300006 400006 -2.156 20011 -20012 20020 -20021 20031 -20032 imp:n,p 1
300007 400007 -2.156 20011 -20012 20020 -20021 20032 -20033 imp:n,p 1
300008 400008 -2.156 20011 -20012 20020 -20021 20033 -20034 imp:n,p 1
300009 400009 -2.156 20011 -20012 20020 -20021 20034 -20035 imp:n,p 1
300010 400010 -2.156 20012 -20013 20020 -20021 20030 -20031 imp:n,p 1
300011 400011 -2.156 20012 -20013 20020 -20021 20031 -20032 imp:n,p 1
300012 400012 -2.156 20012 -20013 20020 -20021 20032 -20033 imp:n,p 1
300013 400013 -2.156 20012 -20013 20020 -20021 20033 -20034 imp:n,p 1
300014 400014 -2.156 20012 -20013 20020 -20021 20034 -20035 imp:n,p 1
300015 400015 -2.156 20013 -20014 20020 -20021 20030 -20031 imp:n,p 1
300016 400016 -2.156 20013 -20014 20020 -20021 20031 -20032 imp:n,p 1
300017 400017 -2.156 20013 -20014 20020 -20021 20032 -20033 imp:n,p 1
300018 400018 -2.156 20013 -20014 20020 -20021 20033 -20034 imp:n,p 1
300019 400019 -2.156 20013 -20014 20020 -20021 20034 -20035 imp:n,p 1
300020 400020 -2.156 20014 -20015 20020 -20021 20030 -20031 imp:n,p 1
300021 400021 -2.156 20014 -20015 20020 -20021 20031 -20032 imp:n,p 1
300022 400022 -2.156 20014 -20015 20020 -20021 20032 -20033 imp:n,p 1
300023 400023 -2.156 20014 -20015 20020 -20021 20033 -20034 imp:n,p 1
300024 400024 -2.156 20014 -20015 20020 -20021 20034 -20035 imp:n,p 1
300025 400025 -2.156 20010 -20011 20021 -20022 20030 -20031 imp:n,p 1
300026 400026 -2.156 20010 -20011 20021 -20022 20031 -20032 imp:n,p 1
300027 400027 -2.156 20010 -20011 20021 -20022 20032 -20033 imp:n,p 1
300028 400028 -2.156 20010 -20011 20021 -20022 20033 -20034 imp:n,p 1
300029 400029 -2.156 20010 -20011 20021 -20022 20034 -20035 imp:n,p 1
300030 400030 -2.156 20011 -20012 20021 -20022 20030 -20031 imp:n,p 1
300031 400031 -2.156 20011 -20012 20021 -20022 20031 -20032 imp:n,p 1
300032 400032 -2.156 20011 -20012 20021 -20022 20032 -20033 imp:n,p 1
300033 400033 -2.156 20011 -20012 20021 -20022 20033 -20034 imp:n,p 1
300034 400034 -2.156 20011 -20012 20021 -20022 20034 -20035 imp:n,p 1
300035 400035 -2.156 20012 -20013 20021 -20022 20030 -20031 imp:n,p 1
300036 400036 -2.156 20012 -20013 20021 -20022 20031 -20032 imp:n,p 1
300037 400037 -2.156 20012 -20013 20021 -20022 20032 -20033 imp:n,p 1
300038 400038 -2.156 20012 -20013 20021 -20022 20033 -20034 imp:n,p 1
300039 400039 -2.156 20012 -20013 20021 -20022 20034 -20035 imp:n,p 1
300040 400040 -2.156 20013 -20014 20021 -20022 20030 -20031 imp:n,p 1
300041 400041 -2.156 20013 -20014 20021 -20022 20031 -20032 imp:n,p 1
300042 400042 -2.156 20013 -20014 20021 -20022 20032 -20033 imp:n,p 1
300043 400043 -2.156 20013 -20014 20021 -20022 20033 -20034 imp:n,p 1
300044 400044 -2.156 20013 -20014 20021 -20022 20034 -20035 imp:n,p 1
300045 400045 -2.156 20014 -20015 20021 -20022 20030 -20031 imp:n,p 1
300046 400046 -2.156 20014 -20015 20021 -20022 20031 -20032 imp:n,p 1
300047 400047 -2.156 20014 -20015 20021 -20022 20032 -20033 imp:n,p 1
300048 400048 -2.156 20014 -20015 20021 -20022 20033 -20034 imp:n,p 1
300049 400049 -2.156 20014 -20015 20021 -20022 20034 -20035 imp:n,p 1
300050 400050 -2.156 20010 -20011 20022 -20023 20030 -20031 imp:n,p 1
300051 400051 -2.156 20010 -20011 20022 -20023 20031 -20032 imp:n,p 1
300052 400052 -2.156 20010 -20011 20022 -20023 20032 -20033 imp:n,p 1
300053 400053 -2.156 20010 -20011 20022 -20023 20033 -20034 imp:n,p 1
300054 400054 -2.156 20010 -20011 20022 -20023 20034 -20035 imp:n,p 1
300055 400055 -2.156 20011 -20012 20022 -20023 20030 -20031 imp:n,p 1
300056 400056 -2.156 20011 -20012 20022 -20023 20031 -20032 imp:n,p 1
300057 400057 -2.156 20011 -20012 20022 -20023 20032 -20033 imp:n,p 1
300058 400058 -2.156 20011 -20012 20022 -20023 20033 -20034 imp:n,p 1
300059 400059 -2.156 20011 -20012 20022 -20023 20034 -20035 imp:n,p 1
300060 400060 -2.156 20012 -20013 20022 -20023 20030 -20031 imp:n,p 1
300061 400061 -2.156 20012 -20013 20022 -20023 20031 -20032 imp:n,p 1
300062 400062 -2.156 20012 -20013 20022 -20023 20032 -20033 imp:n,p 1
300063 400063 -2.156 20012 -20013 20022 -20023 20033 -20034 imp:n,p 1
300064 400064 -2.156 20012 -20013 20022 -20023 20034 -20035 imp:n,p 1
300065 400065 -2.156 20013 -20014 20022 -20023 20030 -20031 imp:n,p 1
300066 400066 -2.156 20013 -20014 20022 -20023 20031 -20032 imp:n,p 1
300067 400067 -2.156 20013 -20014 20022 -20023 20032 -20033 imp:n,p 1
300068 400068 -2.156 20013 -20014 20022 -20023 20033 -20034 imp:n,p 1
300069 400069 -2.156 20013 -20014 20022 -20023 20034 -20035 imp:n,p 1
300070 400070 -2.156 20014 -20015 20022 -20023 20030 -20031 imp:n,p 1
300071 400071 -2.156 20014 -20015 20022 -20023 20031 -20032 imp:n,p 1
300072 400072 -2.156 20014 -20015 20022 -20023 20032 -20033 imp:n,p 1
300073 400073 -2.156 20014 -20015 20022 -20023 20033 -20034 imp:n,p 1
300074 400074 -2.156 20014 -20015 20022 -20023 20034 -20035 imp:n,p 1
300075 400075 -2.156 20010 -20011 20023 -20024 20030 -20031 imp:n,p 1
300076 400076 -2.156 20010 -20011 20023 -20024 20031 -20032 imp:n,p 1
300077 400077 -2.156 20010 -20011 20023 -20024 20032 -20033 imp:n,p 1
300078 400078 -2.156 20010 -20011 20023 -20024 20033 -20034 imp:n,p 1
300079 400079 -2.156 20010 -20011 20023 -20024 20034 -20035 imp:n,p 1
300080 400080 -2.156 20011 -20012 20023 -20024 20030 -20031 imp:n,p 1
300081 400081 -2.156 20011 -20012 20023 -20024 20031 -20032 imp:n,p 1
300082 400082 -2.156 20011 -20012 20023 -20024 20032 -20033 imp:n,p 1
300083 400083 -2.156 20011 -20012 20023 -20024 20033 -20034 imp:n,p 1
300084 400084 -2.156 20011 -20012 20023 -20024 20034 -20035 imp:n,p 1
300085 400085 -2.156 20012 -20013 20023 -20024 20030 -20031 imp:n,p 1
300086 400086 -2.156 20012 -20013 20023 -20024 20031 -20032 imp:n,p 1
300087 400087 -2.156 20012 -20013 20023 -20024 20032 -20033 imp:n,p 1
300088 400088 -2.156 20012 -20013 20023 -20024 20033 -20034 imp:n,p 1
300089 400089 -2.156 20012 -20013 20023 -20024 20034 -20035 imp:n,p 1
300090 400090 -2.156 20013 -20014 20023 -20024 20030 -20031 imp:n,p 1
300091 400091 -2.156 20013 -20014 20023 -20024 20031 -20032 imp:n,p 1
300092 400092 -2.156 20013 -20014 20023 -20024 20032 -20033 imp:n,p 1
300093 400093 -2.156 20013 -20014 20023 -20024 20033 -20034 imp:n,p 1
300094 400094 -2.156 20013 -20014 20023 -20024 20034 -20035 imp:n,p 1
300095 400095 -2.156 20014 -20015 20023 -20024 20030 -20031 imp:n,p 1
300096 400096 -2.156 20014 -20015 20023 -20024 20031 -20032 imp:n,p 1
300097 400097 -2.156 20014 -20015 20023 -20024 20032 -20033 imp:n,p 1
300098 400098 -2.156 20014 -20015 20023 -20024 20033 -20034 imp:n,p 1
300099 400099 -2.156 20014 -20015 20023 -20024 20034 -20035 imp:n,p 1
300100 400100 -2.156 20010 -20011 20024 -20025 20030 -20031 imp:n,p 1
300101 400101 -2.156 20010 -20011 20024 -20025 20031 -20032 imp:n,p 1
300102 400102 -2.156 20010 -20011 20024 -20025 20032 -20033 imp:n,p 1
300103 400103 -2.156 20010 -20011 20024 -20025 20033 -20034 imp:n,p 1
300104 400104 -2.156 20010 -20011 20024 -20025 20034 -20035 imp:n,p 1
300105 400105 -2.156 20011 -20012 20024 -20025 20030 -20031 imp:n,p 1
300106 400106 -2.156 20011 -20012 20024 -20025 20031 -20032 imp:n,p 1
300107 400107 -2.156 20011 -20012 20024 -20025 20032 -20033 imp:n,p 1
300108 400108 -2.156 20011 -20012 20024 -20025 20033 -20034 imp:n,p 1
300109 400109 -2.156 20011 -20012 20024 -20025 20034 -20035 imp:n,p 1
300110 400110 -2.156 20012 -20013 20024 -20025 20030 -20031 imp:n,p 1
300111 400111 -2.156 20012 -20013 20024 -20025 20031 -20032 imp:n,p 1
300112 400112 -2.156 20012 -20013 20024 -20025 20032 -20033 imp:n,p 1
300113 400113 -2.156 20012 -20013 20024 -20025 20033 -20034 imp:n,p 1
300114 400114 -2.156 20012 -20013 20024 -20025 20034 -20035 imp:n,p 1
300115 400115 -2.156 20013 -20014 20024 -20025 20030 -20031 imp:n,p 1
300116 400116 -2.156 20013 -20014 20024 -20025 20031 -20032 imp:n,p 1
300117 400117 -2.156 20013 -20014 20024 -20025 20032 -20033 imp:n,p 1
300118 400118 -2.156 20013 -20014 20024 -20025 20033 -20034 imp:n,p 1
300119 400119 -2.156 20013 -20014 20024 -20025 20034 -20035 imp:n,p 1
300120 400120 -2.156 20014 -20015 20024 -20025 20030 -20031 imp:n,p 1
300121 400121 -2.156 20014 -20015 20024 -20025 20031 -20032 imp:n,p 1
300122 400122 -2.156 20014 -20015 20024 -20025 20032 -20033 imp:n,p 1
300123 400123 -2.156 20014 -20015 20024 -20025 20033 -20034 imp:n,p 1
300124 400124 -2.156 20014 -20015 20024 -20025 20034 -20035 imp:n,p 1
c
30 12 -0.00129 -200 #101 #121 #122 #123 #124 #125 #126 #127 #128 #129 #130 #131 #132 #133
        #21 #211 #212 #22 #221 #222 #23 #231 #232 #24 #241 #242 #20 imp:n,p 1 $Rest of the World
31 0 200 imp:n,p 0 $Outside world

c SURFACE CARDS
c
c Sample Volume
20010 px -56.0
20011 px -33.59999999999991
20012 px -11.199999999999818
20013 px 11.199999999999818
20014 px 33.59999999999991
20015 px 56.0
20020 py -45.0
20021 py -27.0
20022 py -9.0
20023 py 9.0
20024 py 27.0
20025 py 45.0
20030 pz 92.0
20031 pz 82.0
20032 pz 72.0
20033 pz 62.0
20034 pz 52.0
20035 pz 42.0
c Active Detector Region
21 rcc 56  -5.0 -1.0   0.0 20.3 0.0   4.5 $Detector 1 Base center, Hx,Hy,Hz, radius
c Shielding Surfaces
c Shielding Pb
31 rpp 19 29 -7.5 7.5 -11 9 $PbPE xmin xmax ymin ymax zmin zmax
32 rpp 9 19 4 9 -11 9 $Pb xmin xmax ymin ymax zmin zmax
33 rpp 9 19 -9 -4 -11 9 $Pb xmin xmax ymin ymax zmin zmax
34 rpp 19 29 7.5 12.5 -11 9 $Pb xmin xmax ymin ymax zmin zmax
35 rpp 19 29 -12.5 -7.5 -11 9 $Pb xmin xmax ymin ymax zmin zmax
36 rpp 29 34 -15 15 -11 9 $Pb xmin xmax ymin ymax zmin zmax
37 rpp 9 19 -4 4 4 9 $Pb xmin xmax ymin ymax zmin zmax
38 rpp -26 26 18 28 -11 9 $BA1 xmin xmax ymin ymax zmin zmax
39 rpp -26 26 -28 -18 -11 9 $BA2 xmin xmax ymin ymax zmin zmax
40 rpp -65 65 -28 28 10 10.5 $Al xmin xmax ymin ymax zmin zmax
401 rpp -27 27 29 34 -11 9 $Fe xmin xmax ymin ymax zmin zmax
402 rpp -27 27 -34 -29 -11 9 $Fe xmin xmax ymin ymax zmin zmax
301 px -20
302 px 18
303 cx 3.71
304 cx 3.81
c Wheels Surfaces
c 23/10.5-12 turf tires, 22.6 lb rubber
c diameter 29cm, tread width 25cm, and sidewall height 13.76 cm
c set thickness of all sides 1.3 cm (s.t. weight is 22.6 lb)
41 rcc -2 77 8   0.0 25 0.0 29 $wheel 1 outer tread surface
42 rcc -2 77 8   0.0 25 0.0 27.7 $wheel 1 inner tread surface
421 rcc -2 75.7 8   0.0 1.3 0.0 29 $wheel 1 outside sidewall exterior
422 rcc -2 75.7 8   0.0 1.3 0.0 15.24 $wheel 1 outside sidewall interior
423 rcc -2 102 8   0.0 1.3 0.0 29 $wheel 1 inside sidewall exterior
424 rcc -2 102 8   0.0 1.3 0.0 15.24 $wheel 1 inside sidewall interior
43 rcc 68 77 8   0.0 25 0.0 29 $wheel 2
44 rcc 68 77 8   0.0 25 0.0 27.7
441 rcc 68 75.7 8   0.0 1.3 0.0 29
442 rcc 68 75.7 8   0.0 1.3 0.0 15.24
443 rcc 68 102 8   0.0 1.3 0.0 29
444 rcc 68 102 8   0.0 1.3 0.0 15.24
45 rcc -2 -77 8   0.0 -25 0.0 29 $wheel 3
46 rcc -2 -77 8   0.0 -25 0.0 27.7
461 rcc -2 -75.7 8   0.0 -1.3 0.0 29
462 rcc -2 -75.7 8   0.0 -1.3 0.0 15.24
463 rcc -2 -102 8   0.0 -1.3 0.0 29
464 rcc -2 -102 8   0.0 -1.3 0.0 15.24
47 rcc 68 -77 8   0.0 -25 0.0 29 $wheel 4
48 rcc 68 -77 8   0.0 -25 0.0 27.7
481 rcc 68 -75.7 8   0.0 -1.3 0.0 29
482 rcc 68 -75.7 8   0.0 -1.3 0.0 15.24
483 rcc 68 -102 8   0.0 -1.3 0.0 29
484 rcc 68 -102 8   0.0 -1.3 0.0 15.24
200 so 800    $sphere of 800cm centered at origin
c

c DATA CARDS
mode n p
c dump every hr
prdmp -60 -60 -1
c 100 keV Neutron Energy Cutoff
Cut:n 1j 0.1
c analog neutron transport
phys:n 1j 14
phys:p
sdef pos=0 0 0 erg=14.0 vec= 0 0 1 dir=d1
si1  -1 .93 1
sp1   0  0.0  1.0
c ********************
c begin material cards
c ********************
c Pure Carbon
c ****************************************
m400000 6000 -0.0005047456986636733 7000 -0.0005047456986636733 14000 -0.9989905086026728 
m400001 6000 -0.0018099067873441044 7000 -0.0018099067873441044 14000 -0.9963801864253117 
m400002 6000 -0.003917176921272716 7000 -0.003917176921272716 14000 -0.992165646157455 
m400003 6000 -0.005949818943552263 7000 -0.005949818943552263 14000 -0.9881003621128959 
m400004 6000 -0.008004779303719359 7000 -0.008004779303719359 14000 -0.9839904413925612 
m400005 6000 -0.0004929990704429101 7000 -0.0004929990704429101 14000 -0.9990140018591142 
m400006 6000 -0.00206115818636748 7000 -0.00206115818636748 14000 -0.9958776836272648 
m400007 6000 -0.003901142871180388 7000 -0.003901142871180388 14000 -0.9921977142576389 
m400008 6000 -0.005773788424134341 7000 -0.005773788424134341 14000 -0.988452423151731 
m400009 6000 -0.007784687089309993 7000 -0.007784687089309993 14000 -0.98443062582138 
m400010 6000 -0.0005044641551324191 7000 -0.0005044641551324191 14000 -0.998991071689735 
m400011 6000 -0.0019611199530351724 7000 -0.0019611199530351724 14000 -0.9960777600939295 
m400012 6000 -0.004080549353646284 7000 -0.004080549353646284 14000 -0.9918389012927074 
m400013 6000 -0.006095819755227012 7000 -0.006095819755227012 14000 -0.987808360489546 
m400014 6000 -0.007818947295148464 7000 -0.007818947295148464 14000 -0.984362105409703 
m400015 6000 -0.0004779145751135282 7000 -0.0004779145751135282 14000 -0.9990441708497731 
m400016 6000 -0.0021601285447621476 7000 -0.0021601285447621476 14000 -0.9956797429104759 
m400017 6000 -0.003947976935988185 7000 -0.003947976935988185 14000 -0.9921040461280238 
m400018 6000 -0.006115946967721137 7000 -0.006115946967721137 14000 -0.9877681060645576 
m400019 6000 -0.007719396075748167 7000 -0.007719396075748167 14000 -0.9845612078485039 
m400020 6000 -0.00044475743201492557 7000 -0.00044475743201492557 14000 -0.9991104851359702 
m400021 6000 -0.0019944684828593073 7000 -0.0019944684828593073 14000 -0.9960110630342811 
m400022 6000 -0.003908240400149063 7000 -0.003908240400149063 14000 -0.9921835191997019 
m400023 6000 -0.0058254523696583994 7000 -0.0058254523696583994 14000 -0.9883490952606833 
m400024 6000 -0.00794418244183556 7000 -0.00794418244183556 14000 -0.984111635116329 
m400025 6000 -0.0004023302868992237 7000 -0.0004023302868992237 14000 -0.9991953394262015 
m400026 6000 -0.0017580712156757181 7000 -0.0017580712156757181 14000 -0.996483857568649 
m400027 6000 -0.004006901948058067 7000 -0.004006901948058067 14000 -0.991986196103884 
m400028 6000 -0.006000633839309922 7000 -0.006000633839309922 14000 -0.9879987323213802 
m400029 6000 -0.008145208457735184 7000 -0.008145208457735184 14000 -0.9837095830845294 
m400030 6000 -0.00037279287841142177 7000 -0.00037279287841142177 14000 -0.9992544142431773 
m400031 6000 -0.001993724962634262 7000 -0.001993724962634262 14000 -0.9960125500747311 
m400032 6000 -0.003961508690687121 7000 -0.003961508690687121 14000 -0.9920769826186256 
m400033 6000 -0.005815475280594102 7000 -0.005815475280594102 14000 -0.9883690494388118 
m400034 6000 -0.007949984663030934 7000 -0.007949984663030934 14000 -0.9841000306739379 
m400035 6000 -0.00038972427709770495 7000 -0.00038972427709770495 14000 -0.9992205514458047 
m400036 6000 -0.002011891632940076 7000 -0.002011891632940076 14000 -0.9959762167341192 
m400037 6000 -0.004094514317541678 7000 -0.004094514317541678 14000 -0.9918109713649169 
m400038 6000 -0.005890143622788305 7000 -0.005890143622788305 14000 -0.9882197127544232 
m400039 6000 -0.007800438488507711 7000 -0.007800438488507711 14000 -0.9843991230229847 
m400040 6000 -0.0003826923787998335 7000 -0.0003826923787998335 14000 -0.9992346152424004 
m400041 6000 -0.0016721846695129086 7000 -0.0016721846695129086 14000 -0.9966556306609742 
m400042 6000 -0.003887394911497021 7000 -0.003887394911497021 14000 -0.9922252101770057 
m400043 6000 -0.0059674303843072 7000 -0.0059674303843072 14000 -0.9880651392313854 
m400044 6000 -0.00783776408597699 7000 -0.00783776408597699 14000 -0.984324471828046 
m400045 6000 -0.000708362697897417 7000 -0.000708362697897417 14000 -0.9985832746042052 
m400046 6000 -0.0019102993302530932 7000 -0.0019102993302530932 14000 -0.9961794013394939 
m400047 6000 -0.0037417354144091593 7000 -0.0037417354144091593 14000 -0.9925165291711816 
m400048 6000 -0.006013983742163713 7000 -0.006013983742163713 14000 -0.9879720325156727 
m400049 6000 -0.007598015786423011 7000 -0.007598015786423011 14000 -0.9848039684271541 
m400050 6000 -0.000511881456755512 7000 -0.000511881456755512 14000 -0.9989762370864891 
m400051 6000 -0.002038399212389256 7000 -0.002038399212389256 14000 -0.9959232015752213 
m400052 6000 -0.004033629024534277 7000 -0.004033629024534277 14000 -0.9919327419509315 
m400053 6000 -0.0059847702326364235 7000 -0.0059847702326364235 14000 -0.9880304595347273 
m400054 6000 -0.00801365180668543 7000 -0.00801365180668543 14000 -0.9839726963866293 
m400055 6000 -0.00040473888253023197 7000 -0.00040473888253023197 14000 -0.9991905222349398 
m400056 6000 -0.001980993776565471 7000 -0.001980993776565471 14000 -0.9960380124468691 
m400057 6000 -0.003669116881159204 7000 -0.003669116881159204 14000 -0.9926617662376814 
m400058 6000 -0.005998852752617984 7000 -0.005998852752617984 14000 -0.9880022944947641 
m400059 6000 -0.007838255970279593 7000 -0.007838255970279593 14000 -0.9843234880594409 
m400060 6000 -0.000666672483610692 7000 -0.000666672483610692 14000 -0.9986666550327787 
m400061 6000 -0.0019016294161332548 7000 -0.0019016294161332548 14000 -0.9961967411677334 
m400062 6000 -0.0038437555510561715 7000 -0.0038437555510561715 14000 -0.9923124888978876 
m400063 6000 -0.005867306726756247 7000 -0.005867306726756247 14000 -0.9882653865464875 
m400064 6000 -0.00807753085503822 7000 -0.00807753085503822 14000 -0.9838449382899236 
m400065 6000 -0.0005296571359994633 7000 -0.0005296571359994633 14000 -0.9989406857280012 
m400066 6000 -0.0018814244190845106 7000 -0.0018814244190845106 14000 -0.9962371511618306 
m400067 6000 -0.004022321819111444 7000 -0.004022321819111444 14000 -0.9919553563617769 
m400068 6000 -0.005718923356321974 7000 -0.005718923356321974 14000 -0.9885621532873559 
m400069 6000 -0.007730788040428901 7000 -0.007730788040428901 14000 -0.984538423919142 
m400070 6000 -0.00043896877916175506 7000 -0.00043896877916175506 14000 -0.9991220624416765 
m400071 6000 -0.0019284796508364241 7000 -0.0019284796508364241 14000 -0.9961430406983268 
m400072 6000 -0.003992728917011427 7000 -0.003992728917011427 14000 -0.9920145421659768 
m400073 6000 -0.005872806887052793 7000 -0.005872806887052793 14000 -0.9882543862258945 
m400074 6000 -0.00808899187221147 7000 -0.00808899187221147 14000 -0.9838220162555774 
m400075 6000 -0.0005134189742083648 7000 -0.0005134189742083648 14000 -0.9989731620515834 
m400076 6000 -0.0021824954425728503 7000 -0.0021824954425728503 14000 -0.9956350091148545 
m400077 6000 -0.00411431354176918 7000 -0.00411431354176918 14000 -0.9917713729164614 
m400078 6000 -0.0058061355046944325 7000 -0.0058061355046944325 14000 -0.9883877289906109 
m400079 6000 -0.007879481606949143 7000 -0.007879481606949143 14000 -0.9842410367861018 
m400080 6000 -0.000496789338075953 7000 -0.000496789338075953 14000 -0.999006421323848 
m400081 6000 -0.0017993268921054986 7000 -0.0017993268921054986 14000 -0.9964013462157889 
m400082 6000 -0.0037357358422890207 7000 -0.0037357358422890207 14000 -0.9925285283154222 
m400083 6000 -0.005905835708161955 7000 -0.005905835708161955 14000 -0.9881883285836763 
m400084 6000 -0.007806198534500648 7000 -0.007806198534500648 14000 -0.9843876029309986 
m400085 6000 -0.0004960124703334789 7000 -0.0004960124703334789 14000 -0.999007975059333 
m400086 6000 -0.001885342211144019 7000 -0.001885342211144019 14000 -0.9962293155777121 
m400087 6000 -0.004208284478463494 7000 -0.004208284478463494 14000 -0.9915834310430732 
m400088 6000 -0.005785385961698238 7000 -0.005785385961698238 14000 -0.9884292280766034 
m400089 6000 -0.00786055370602944 7000 -0.00786055370602944 14000 -0.9842788925879411 
m400090 6000 -0.0006005397146104749 7000 -0.0006005397146104749 14000 -0.9987989205707791 
m400091 6000 -0.0018371959851261187 7000 -0.0018371959851261187 14000 -0.9963256080297477 
m400092 6000 -0.0040298926932911296 7000 -0.0040298926932911296 14000 -0.9919402146134177 
m400093 6000 -0.005995995385968612 7000 -0.005995995385968612 14000 -0.9880080092280629 
m400094 6000 -0.0076272904630202195 7000 -0.0076272904630202195 14000 -0.9847454190739594 
m400095 6000 -0.000662660678667229 7000 -0.000662660678667229 14000 -0.9986746786426656 
m400096 6000 -0.0019945164661347567 7000 -0.0019945164661347567 14000 -0.9960109670677306 
m400097 6000 -0.004118445151923258 7000 -0.004118445151923258 14000 -0.9917631096961539 
m400098 6000 -0.006109205580349376 7000 -0.006109205580349376 14000 -0.9877815888393013 
m400099 6000 -0.007928538046395216 7000 -0.007928538046395216 14000 -0.9841429239072097 
m400100 6000 -0.0005778971351183052 7000 -0.0005778971351183052 14000 -0.9988442057297634 
m400101 6000 -0.002065689539803302 7000 -0.002065689539803302 14000 -0.9958686209203935 
m400102 6000 -0.0038457132531868722 7000 -0.0038457132531868722 14000 -0.9923085734936266 
m400103 6000 -0.006135262873231065 7000 -0.006135262873231065 14000 -0.987729474253538 
m400104 6000 -0.007701896284405697 7000 -0.007701896284405697 14000 -0.9845962074311888 
m400105 6000 -0.0004703011723517553 7000 -0.0004703011723517553 14000 -0.9990593976552965 
m400106 6000 -0.0020614994123131646 7000 -0.0020614994123131646 14000 -0.9958770011753737 
m400107 6000 -0.0036458136552257646 7000 -0.0036458136552257646 14000 -0.9927083726895484 
m400108 6000 -0.005824636938062183 7000 -0.005824636938062183 14000 -0.9883507261238759 
m400109 6000 -0.007834703326849908 7000 -0.007834703326849908 14000 -0.9843305933463006 
m400110 6000 -0.0004951737026754929 7000 -0.0004951737026754929 14000 -0.9990096525946492 
m400111 6000 -0.002045715674579348 7000 -0.002045715674579348 14000 -0.9959085686508413 
m400112 6000 -0.003814973102204368 7000 -0.003814973102204368 14000 -0.992370053795591 
m400113 6000 -0.005897279526155057 7000 -0.005897279526155057 14000 -0.9882054409476898 
m400114 6000 -0.007983243121404034 7000 -0.007983243121404034 14000 -0.9840335137571923 
m400115 6000 -0.0006273867387217444 7000 -0.0006273867387217444 14000 -0.9987452265225564 
m400116 6000 -0.0020174178604092483 7000 -0.0020174178604092483 14000 -0.9959651642791815 
m400117 6000 -0.004088456720368721 7000 -0.004088456720368721 14000 -0.9918230865592625 
m400118 6000 -0.0055986306359926815 7000 -0.0055986306359926815 14000 -0.9888027387280147 
m400119 6000 -0.008066889033903887 7000 -0.008066889033903887 14000 -0.9838662219321921 
m400120 6000 -0.0005875043808604788 7000 -0.0005875043808604788 14000 -0.998824991238279 
m400121 6000 -0.0017946360480763327 7000 -0.0017946360480763327 14000 -0.9964107279038475 
m400122 6000 -0.003858926246889315 7000 -0.003858926246889315 14000 -0.9922821475062216 
m400123 6000 -0.006071078301334042 7000 -0.006071078301334042 14000 -0.9878578433973323 
m400124 6000 -0.007924535329611002 7000 -0.007924535329611002 14000 -0.9841509293407782 
c **********************************
c PE+Pb, dens=4.78 g/cm3
m2      6000    -0.04286 $Carbon
        1001    -0.00714 $Hydrogen
        82000   -0.95000 $Lead
c **********************************
m3    1001 -0.048535 $Boric acid
      5010 -0.034981
      5011 -0.139923
      8016 -0.776561
c **********************************
m4    82000 1 $Lead
c **********************************
m5 26000 1 $Iron
c **********************************
m6     13027   -1.000 $ Aluminum
c **********************************
c  SS-304 (8.00 g/cm3), #298 in PNNL Compendium
m7   006000.50c -0.0004000
     014000.60c -0.0050000
     015031.50c -0.0002300
     016000.60c -0.0001500
     024000.50c -0.1899981
     025055.60c -0.0099999
     026000.50c -0.7017229
     028000.50c -0.0924991
c ****************************************
c       LaBr detector
c ****************************************
m8       35079    -0.2946       $ Br79
         35081    -0.3069       $ Br81
         57139    -0.3485       $ La139
         58140    -0.0500       $ Ce140
c ************ air den=1.15e-3g/cc
m12     8016 -0.23
        7014 -0.77
c ************ Rubber Natural den=0.92 g/cc
m13     1001 -0.118371  $weight fraction
        6000 -0.881629
c
c end material cards
c
rand seed=8674536546524321 $different initial random #; seed# - any less 18 digits
c
c ********** begin tallies *********************
fc78 *********Broadened Pulse Height Tally Sum of Detectors 1,2 & 3 ***********
e78 0 1e-5 932i 8.4295
F78:p (101)
FT78 GEB -0.026198 0.059551 -0.037176
fc18 *********Unbroadened Pulse Height Tally Sum of Detectors 1,2 & 3 ***********
e18 0 1e-5 932i 8.4295
F18:p (101)
c ***********************************
c mplot tal 78 freq 10000
nps 1e9
