c CAS DETECTOR
c w/ Shielding in Place and Wheels
c
c CELL CARDS
c
c @@@@@@@@@@ Detectors @@@@@@@@@@@@@@@@@
c
101 8 -5.08 -21 imp:n,p 1 $LaBr Detector #1 Active Region
c
c @@@@@@@@@ Shielding @@@@@@@@@@@@@@@@@
c
121 2 -4.78 -31 imp:n,p 1 $PE_Pb
122 4 -11.29 -32 imp:n,p 1 $Pb1
123 4 -11.29 -33 imp:n,p 1 $Pb2
124 4 -11.29 -34 imp:n,p 1 $Pb3
125 4 -11.29 -35 imp:n,p 1 $Pb4
126 4 -11.29 -36 imp:n,p 1 $Pb5
127 4 -11.29 -37 imp:n,p 1 $Pb6
128 3 -1.5 -38 imp:n,p 1 $BA1
129 3 -1.5 -39 imp:n,p 1 $BA2
130 6 -2.7 -40 imp:n,p 1 $Al
131 7 -7.92 301 -302 303 -304 imp:n,p 1 $Fe-tube
132 5 -7.8 -401 imp:n,p 1 $Fe
133 5 -7.8 -402 imp:n,p 1 $Fe
c @@@@@@@@@@ Wheels @@@@@@@@@@@@@@@@@
c
21 13 -0.92 -41 42 imp:n,p 1 $Wheel 1
211 13 -0.92 -421 422 imp:n,p 1 $Wheel 1
212 13 -0.92 -423 424 imp:n,p 1 $Wheel 1
22 13 -0.92 -43 44 imp:n,p 1 $Wheel 2
221 13 -0.92 -441 442 imp:n,p 1 $Wheel 2
222 13 -0.92 -443 444 imp:n,p 1 $Wheel 2
23 13 -0.92 -45 46 imp:n,p 1 $Wheel 3
231 13 -0.92 -461 462 imp:n,p 1 $Wheel 3
232 13 -0.92 -463 464 imp:n,p 1 $Wheel 3
24 13 -0.92 -47 48 imp:n,p 1 $Wheel 4
241 13 -0.92 -481 482 imp:n,p 1 $Wheel 4
242 13 -0.92 -483 484 imp:n,p 1 $Wheel 4
c
c @@@@@@@@@@ SOIL VOLUME @@@@@@@@@@@
c
300000 400000 -2.156 20010 -20011 20020 -20021 20030 -20031 imp:n,p 1
300001 400001 -2.156 20010 -20011 20020 -20021 20031 -20032 imp:n,p 1
300002 400002 -2.156 20010 -20011 20020 -20021 20032 -20033 imp:n,p 1
300003 400003 -2.156 20010 -20011 20020 -20021 20033 -20034 imp:n,p 1
300004 400004 -2.156 20010 -20011 20020 -20021 20034 -20035 imp:n,p 1
300005 400005 -2.156 20011 -20012 20020 -20021 20030 -20031 imp:n,p 1
300006 400006 -2.156 20011 -20012 20020 -20021 20031 -20032 imp:n,p 1
300007 400007 -2.156 20011 -20012 20020 -20021 20032 -20033 imp:n,p 1
300008 400008 -2.156 20011 -20012 20020 -20021 20033 -20034 imp:n,p 1
300009 400009 -2.156 20011 -20012 20020 -20021 20034 -20035 imp:n,p 1
300010 400010 -2.156 20012 -20013 20020 -20021 20030 -20031 imp:n,p 1
300011 400011 -2.156 20012 -20013 20020 -20021 20031 -20032 imp:n,p 1
300012 400012 -2.156 20012 -20013 20020 -20021 20032 -20033 imp:n,p 1
300013 400013 -2.156 20012 -20013 20020 -20021 20033 -20034 imp:n,p 1
300014 400014 -2.156 20012 -20013 20020 -20021 20034 -20035 imp:n,p 1
300015 400015 -2.156 20013 -20014 20020 -20021 20030 -20031 imp:n,p 1
300016 400016 -2.156 20013 -20014 20020 -20021 20031 -20032 imp:n,p 1
300017 400017 -2.156 20013 -20014 20020 -20021 20032 -20033 imp:n,p 1
300018 400018 -2.156 20013 -20014 20020 -20021 20033 -20034 imp:n,p 1
300019 400019 -2.156 20013 -20014 20020 -20021 20034 -20035 imp:n,p 1
300020 400020 -2.156 20014 -20015 20020 -20021 20030 -20031 imp:n,p 1
300021 400021 -2.156 20014 -20015 20020 -20021 20031 -20032 imp:n,p 1
300022 400022 -2.156 20014 -20015 20020 -20021 20032 -20033 imp:n,p 1
300023 400023 -2.156 20014 -20015 20020 -20021 20033 -20034 imp:n,p 1
300024 400024 -2.156 20014 -20015 20020 -20021 20034 -20035 imp:n,p 1
300025 400025 -2.156 20010 -20011 20021 -20022 20030 -20031 imp:n,p 1
300026 400026 -2.156 20010 -20011 20021 -20022 20031 -20032 imp:n,p 1
300027 400027 -2.156 20010 -20011 20021 -20022 20032 -20033 imp:n,p 1
300028 400028 -2.156 20010 -20011 20021 -20022 20033 -20034 imp:n,p 1
300029 400029 -2.156 20010 -20011 20021 -20022 20034 -20035 imp:n,p 1
300030 400030 -2.156 20011 -20012 20021 -20022 20030 -20031 imp:n,p 1
300031 400031 -2.156 20011 -20012 20021 -20022 20031 -20032 imp:n,p 1
300032 400032 -2.156 20011 -20012 20021 -20022 20032 -20033 imp:n,p 1
300033 400033 -2.156 20011 -20012 20021 -20022 20033 -20034 imp:n,p 1
300034 400034 -2.156 20011 -20012 20021 -20022 20034 -20035 imp:n,p 1
300035 400035 -2.156 20012 -20013 20021 -20022 20030 -20031 imp:n,p 1
300036 400036 -2.156 20012 -20013 20021 -20022 20031 -20032 imp:n,p 1
300037 400037 -2.156 20012 -20013 20021 -20022 20032 -20033 imp:n,p 1
300038 400038 -2.156 20012 -20013 20021 -20022 20033 -20034 imp:n,p 1
300039 400039 -2.156 20012 -20013 20021 -20022 20034 -20035 imp:n,p 1
300040 400040 -2.156 20013 -20014 20021 -20022 20030 -20031 imp:n,p 1
300041 400041 -2.156 20013 -20014 20021 -20022 20031 -20032 imp:n,p 1
300042 400042 -2.156 20013 -20014 20021 -20022 20032 -20033 imp:n,p 1
300043 400043 -2.156 20013 -20014 20021 -20022 20033 -20034 imp:n,p 1
300044 400044 -2.156 20013 -20014 20021 -20022 20034 -20035 imp:n,p 1
300045 400045 -2.156 20014 -20015 20021 -20022 20030 -20031 imp:n,p 1
300046 400046 -2.156 20014 -20015 20021 -20022 20031 -20032 imp:n,p 1
300047 400047 -2.156 20014 -20015 20021 -20022 20032 -20033 imp:n,p 1
300048 400048 -2.156 20014 -20015 20021 -20022 20033 -20034 imp:n,p 1
300049 400049 -2.156 20014 -20015 20021 -20022 20034 -20035 imp:n,p 1
300050 400050 -2.156 20010 -20011 20022 -20023 20030 -20031 imp:n,p 1
300051 400051 -2.156 20010 -20011 20022 -20023 20031 -20032 imp:n,p 1
300052 400052 -2.156 20010 -20011 20022 -20023 20032 -20033 imp:n,p 1
300053 400053 -2.156 20010 -20011 20022 -20023 20033 -20034 imp:n,p 1
300054 400054 -2.156 20010 -20011 20022 -20023 20034 -20035 imp:n,p 1
300055 400055 -2.156 20011 -20012 20022 -20023 20030 -20031 imp:n,p 1
300056 400056 -2.156 20011 -20012 20022 -20023 20031 -20032 imp:n,p 1
300057 400057 -2.156 20011 -20012 20022 -20023 20032 -20033 imp:n,p 1
300058 400058 -2.156 20011 -20012 20022 -20023 20033 -20034 imp:n,p 1
300059 400059 -2.156 20011 -20012 20022 -20023 20034 -20035 imp:n,p 1
300060 400060 -2.156 20012 -20013 20022 -20023 20030 -20031 imp:n,p 1
300061 400061 -2.156 20012 -20013 20022 -20023 20031 -20032 imp:n,p 1
300062 400062 -2.156 20012 -20013 20022 -20023 20032 -20033 imp:n,p 1
300063 400063 -2.156 20012 -20013 20022 -20023 20033 -20034 imp:n,p 1
300064 400064 -2.156 20012 -20013 20022 -20023 20034 -20035 imp:n,p 1
300065 400065 -2.156 20013 -20014 20022 -20023 20030 -20031 imp:n,p 1
300066 400066 -2.156 20013 -20014 20022 -20023 20031 -20032 imp:n,p 1
300067 400067 -2.156 20013 -20014 20022 -20023 20032 -20033 imp:n,p 1
300068 400068 -2.156 20013 -20014 20022 -20023 20033 -20034 imp:n,p 1
300069 400069 -2.156 20013 -20014 20022 -20023 20034 -20035 imp:n,p 1
300070 400070 -2.156 20014 -20015 20022 -20023 20030 -20031 imp:n,p 1
300071 400071 -2.156 20014 -20015 20022 -20023 20031 -20032 imp:n,p 1
300072 400072 -2.156 20014 -20015 20022 -20023 20032 -20033 imp:n,p 1
300073 400073 -2.156 20014 -20015 20022 -20023 20033 -20034 imp:n,p 1
300074 400074 -2.156 20014 -20015 20022 -20023 20034 -20035 imp:n,p 1
300075 400075 -2.156 20010 -20011 20023 -20024 20030 -20031 imp:n,p 1
300076 400076 -2.156 20010 -20011 20023 -20024 20031 -20032 imp:n,p 1
300077 400077 -2.156 20010 -20011 20023 -20024 20032 -20033 imp:n,p 1
300078 400078 -2.156 20010 -20011 20023 -20024 20033 -20034 imp:n,p 1
300079 400079 -2.156 20010 -20011 20023 -20024 20034 -20035 imp:n,p 1
300080 400080 -2.156 20011 -20012 20023 -20024 20030 -20031 imp:n,p 1
300081 400081 -2.156 20011 -20012 20023 -20024 20031 -20032 imp:n,p 1
300082 400082 -2.156 20011 -20012 20023 -20024 20032 -20033 imp:n,p 1
300083 400083 -2.156 20011 -20012 20023 -20024 20033 -20034 imp:n,p 1
300084 400084 -2.156 20011 -20012 20023 -20024 20034 -20035 imp:n,p 1
300085 400085 -2.156 20012 -20013 20023 -20024 20030 -20031 imp:n,p 1
300086 400086 -2.156 20012 -20013 20023 -20024 20031 -20032 imp:n,p 1
300087 400087 -2.156 20012 -20013 20023 -20024 20032 -20033 imp:n,p 1
300088 400088 -2.156 20012 -20013 20023 -20024 20033 -20034 imp:n,p 1
300089 400089 -2.156 20012 -20013 20023 -20024 20034 -20035 imp:n,p 1
300090 400090 -2.156 20013 -20014 20023 -20024 20030 -20031 imp:n,p 1
300091 400091 -2.156 20013 -20014 20023 -20024 20031 -20032 imp:n,p 1
300092 400092 -2.156 20013 -20014 20023 -20024 20032 -20033 imp:n,p 1
300093 400093 -2.156 20013 -20014 20023 -20024 20033 -20034 imp:n,p 1
300094 400094 -2.156 20013 -20014 20023 -20024 20034 -20035 imp:n,p 1
300095 400095 -2.156 20014 -20015 20023 -20024 20030 -20031 imp:n,p 1
300096 400096 -2.156 20014 -20015 20023 -20024 20031 -20032 imp:n,p 1
300097 400097 -2.156 20014 -20015 20023 -20024 20032 -20033 imp:n,p 1
300098 400098 -2.156 20014 -20015 20023 -20024 20033 -20034 imp:n,p 1
300099 400099 -2.156 20014 -20015 20023 -20024 20034 -20035 imp:n,p 1
300100 400100 -2.156 20010 -20011 20024 -20025 20030 -20031 imp:n,p 1
300101 400101 -2.156 20010 -20011 20024 -20025 20031 -20032 imp:n,p 1
300102 400102 -2.156 20010 -20011 20024 -20025 20032 -20033 imp:n,p 1
300103 400103 -2.156 20010 -20011 20024 -20025 20033 -20034 imp:n,p 1
300104 400104 -2.156 20010 -20011 20024 -20025 20034 -20035 imp:n,p 1
300105 400105 -2.156 20011 -20012 20024 -20025 20030 -20031 imp:n,p 1
300106 400106 -2.156 20011 -20012 20024 -20025 20031 -20032 imp:n,p 1
300107 400107 -2.156 20011 -20012 20024 -20025 20032 -20033 imp:n,p 1
300108 400108 -2.156 20011 -20012 20024 -20025 20033 -20034 imp:n,p 1
300109 400109 -2.156 20011 -20012 20024 -20025 20034 -20035 imp:n,p 1
300110 400110 -2.156 20012 -20013 20024 -20025 20030 -20031 imp:n,p 1
300111 400111 -2.156 20012 -20013 20024 -20025 20031 -20032 imp:n,p 1
300112 400112 -2.156 20012 -20013 20024 -20025 20032 -20033 imp:n,p 1
300113 400113 -2.156 20012 -20013 20024 -20025 20033 -20034 imp:n,p 1
300114 400114 -2.156 20012 -20013 20024 -20025 20034 -20035 imp:n,p 1
300115 400115 -2.156 20013 -20014 20024 -20025 20030 -20031 imp:n,p 1
300116 400116 -2.156 20013 -20014 20024 -20025 20031 -20032 imp:n,p 1
300117 400117 -2.156 20013 -20014 20024 -20025 20032 -20033 imp:n,p 1
300118 400118 -2.156 20013 -20014 20024 -20025 20033 -20034 imp:n,p 1
300119 400119 -2.156 20013 -20014 20024 -20025 20034 -20035 imp:n,p 1
300120 400120 -2.156 20014 -20015 20024 -20025 20030 -20031 imp:n,p 1
300121 400121 -2.156 20014 -20015 20024 -20025 20031 -20032 imp:n,p 1
300122 400122 -2.156 20014 -20015 20024 -20025 20032 -20033 imp:n,p 1
300123 400123 -2.156 20014 -20015 20024 -20025 20033 -20034 imp:n,p 1
300124 400124 -2.156 20014 -20015 20024 -20025 20034 -20035 imp:n,p 1
c
30 12 -0.00129 -200 #101 #121 #122 #123 #124 #125 #126 #127 #128 #129 #130 #131 #132 #133
        #21 #211 #212 #22 #221 #222 #23 #231 #232 #24 #241 #242 #20 imp:n,p 1 $Rest of the World
31 0 200 imp:n,p 0 $Outside world

c SURFACE CARDS
c
c Sample Volume
20010 px -56.0
20011 px -33.600000000000364
20012 px -11.200000000000728
20013 px 11.200000000000728
20014 px 33.600000000000364
20015 px 56.0
20020 py -45.0
20021 py -27.0
20022 py -9.0
20023 py 9.0
20024 py 27.0
20025 py 45.0
20030 pz 92.0
20031 pz 82.0
20032 pz 72.0
20033 pz 62.0
20034 pz 52.0
20035 pz 42.0
c Active Detector Region
21 rcc 56  -5.0 -1.0   0.0 20.3 0.0   4.5 $Detector 1 Base center, Hx,Hy,Hz, radius
c Shielding Surfaces
c Shielding Pb
31 rpp 19 29 -7.5 7.5 -11 9 $PbPE xmin xmax ymin ymax zmin zmax
32 rpp 9 19 4 9 -11 9 $Pb xmin xmax ymin ymax zmin zmax
33 rpp 9 19 -9 -4 -11 9 $Pb xmin xmax ymin ymax zmin zmax
34 rpp 19 29 7.5 12.5 -11 9 $Pb xmin xmax ymin ymax zmin zmax
35 rpp 19 29 -12.5 -7.5 -11 9 $Pb xmin xmax ymin ymax zmin zmax
36 rpp 29 34 -15 15 -11 9 $Pb xmin xmax ymin ymax zmin zmax
37 rpp 9 19 -4 4 4 9 $Pb xmin xmax ymin ymax zmin zmax
38 rpp -26 26 18 28 -11 9 $BA1 xmin xmax ymin ymax zmin zmax
39 rpp -26 26 -28 -18 -11 9 $BA2 xmin xmax ymin ymax zmin zmax
40 rpp -65 65 -28 28 10 10.5 $Al xmin xmax ymin ymax zmin zmax
401 rpp -27 27 29 34 -11 9 $Fe xmin xmax ymin ymax zmin zmax
402 rpp -27 27 -34 -29 -11 9 $Fe xmin xmax ymin ymax zmin zmax
301 px -20
302 px 18
303 cx 3.71
304 cx 3.81
c Wheels Surfaces
c 23/10.5-12 turf tires, 22.6 lb rubber
c diameter 29cm, tread width 25cm, and sidewall height 13.76 cm
c set thickness of all sides 1.3 cm (s.t. weight is 22.6 lb)
41 rcc -2 77 8   0.0 25 0.0 29 $wheel 1 outer tread surface
42 rcc -2 77 8   0.0 25 0.0 27.7 $wheel 1 inner tread surface
421 rcc -2 75.7 8   0.0 1.3 0.0 29 $wheel 1 outside sidewall exterior
422 rcc -2 75.7 8   0.0 1.3 0.0 15.24 $wheel 1 outside sidewall interior
423 rcc -2 102 8   0.0 1.3 0.0 29 $wheel 1 inside sidewall exterior
424 rcc -2 102 8   0.0 1.3 0.0 15.24 $wheel 1 inside sidewall interior
43 rcc 68 77 8   0.0 25 0.0 29 $wheel 2
44 rcc 68 77 8   0.0 25 0.0 27.7
441 rcc 68 75.7 8   0.0 1.3 0.0 29
442 rcc 68 75.7 8   0.0 1.3 0.0 15.24
443 rcc 68 102 8   0.0 1.3 0.0 29
444 rcc 68 102 8   0.0 1.3 0.0 15.24
45 rcc -2 -77 8   0.0 -25 0.0 29 $wheel 3
46 rcc -2 -77 8   0.0 -25 0.0 27.7
461 rcc -2 -75.7 8   0.0 -1.3 0.0 29
462 rcc -2 -75.7 8   0.0 -1.3 0.0 15.24
463 rcc -2 -102 8   0.0 -1.3 0.0 29
464 rcc -2 -102 8   0.0 -1.3 0.0 15.24
47 rcc 68 -77 8   0.0 -25 0.0 29 $wheel 4
48 rcc 68 -77 8   0.0 -25 0.0 27.7
481 rcc 68 -75.7 8   0.0 -1.3 0.0 29
482 rcc 68 -75.7 8   0.0 -1.3 0.0 15.24
483 rcc 68 -102 8   0.0 -1.3 0.0 29
484 rcc 68 -102 8   0.0 -1.3 0.0 15.24
200 so 800    $sphere of 800cm centered at origin
c

c DATA CARDS
mode n p
c dump every hr
prdmp -60 -60 -1
c 100 keV Neutron Energy Cutoff
Cut:n 1j 0.1
c analog neutron transport
phys:n 1j 14
phys:p
sdef pos=0 0 0 erg=14.0 vec= 0 0 1 dir=d1
si1  -1 .93 1
sp1   0  0.0  1.0
c ********************
c begin material cards
c ********************
c Pure Carbon
c ****************************************
m400000 6000 -0.000449530154816246 7000 -0.000449530154816246 14000 -0.9991009396903674 
m400001 6000 -0.0018045769459471548 7000 -0.0018045769459471548 14000 -0.9963908461081056 
m400002 6000 -0.00379182397447983 7000 -0.00379182397447983 14000 -0.9924163520510405 
m400003 6000 -0.005792684837551199 7000 -0.005792684837551199 14000 -0.9884146303248975 
m400004 6000 -0.007652843419490093 7000 -0.007652843419490093 14000 -0.9846943131610195 
m400005 6000 -0.0005847861658455724 7000 -0.0005847861658455724 14000 -0.9988304276683085 
m400006 6000 -0.0017665243147375114 7000 -0.0017665243147375114 14000 -0.996466951370525 
m400007 6000 -0.003887974460249914 7000 -0.003887974460249914 14000 -0.9922240510795006 
m400008 6000 -0.00578579573349039 7000 -0.00578579573349039 14000 -0.9884284085330193 
m400009 6000 -0.0076496345682662385 7000 -0.0076496345682662385 14000 -0.9847007308634673 
m400010 6000 -0.0003687082825571085 7000 -0.0003687082825571085 14000 -0.9992625834348858 
m400011 6000 -0.0018193296555908212 7000 -0.0018193296555908212 14000 -0.9963613406888182 
m400012 6000 -0.00398529036315336 7000 -0.00398529036315336 14000 -0.9920294192736934 
m400013 6000 -0.005877064921067049 7000 -0.005877064921067049 14000 -0.9882458701578656 
m400014 6000 -0.007863140884982666 7000 -0.007863140884982666 14000 -0.984273718230035 
m400015 6000 -0.0005133041467735626 7000 -0.0005133041467735626 14000 -0.9989733917064527 
m400016 6000 -0.002015906788139579 7000 -0.002015906788139579 14000 -0.995968186423721 
m400017 6000 -0.004015746923247922 7000 -0.004015746923247922 14000 -0.9919685061535042 
m400018 6000 -0.005844872008597953 7000 -0.005844872008597953 14000 -0.9883102559828041 
m400019 6000 -0.007550771028626202 7000 -0.007550771028626202 14000 -0.9848984579427476 
m400020 6000 -0.00038538432919590205 7000 -0.00038538432919590205 14000 -0.9992292313416082 
m400021 6000 -0.001918529623676492 7000 -0.001918529623676492 14000 -0.9961629407526468 
m400022 6000 -0.003669184535272707 7000 -0.003669184535272707 14000 -0.9926616309294549 
m400023 6000 -0.005911542114127152 7000 -0.005911542114127152 14000 -0.9881769157717458 
m400024 6000 -0.00791066815231018 7000 -0.00791066815231018 14000 -0.9841786636953798 
m400025 6000 -0.00029981022076176533 7000 -0.00029981022076176533 14000 -0.9994003795584766 
m400026 6000 -0.0018433111828804127 7000 -0.0018433111828804127 14000 -0.9963133776342391 
m400027 6000 -0.0038957421110212796 7000 -0.0038957421110212796 14000 -0.9922085157779575 
m400028 6000 -0.005717496392834229 7000 -0.005717496392834229 14000 -0.9885650072143318 
m400029 6000 -0.007996953670542616 7000 -0.007996953670542616 14000 -0.9840060926589149 
m400030 6000 -0.0005267830294608908 7000 -0.0005267830294608908 14000 -0.9989464339410781 
m400031 6000 -0.00206346065960684 7000 -0.00206346065960684 14000 -0.9958730786807858 
m400032 6000 -0.003790184680695748 7000 -0.003790184680695748 14000 -0.9924196306386083 
m400033 6000 -0.005645805721098812 7000 -0.005645805721098812 14000 -0.9887083885578022 
m400034 6000 -0.007735783690445178 7000 -0.007735783690445178 14000 -0.9845284326191097 
m400035 6000 -0.000334710847221505 7000 -0.000334710847221505 14000 -0.9993305783055569 
m400036 6000 -0.0018448485845503626 7000 -0.0018448485845503626 14000 -0.9963103028308994 
m400037 6000 -0.003965453794627698 7000 -0.003965453794627698 14000 -0.9920690924107448 
m400038 6000 -0.006172176143761187 7000 -0.006172176143761187 14000 -0.9876556477124778 
m400039 6000 -0.007969180543752098 7000 -0.007969180543752098 14000 -0.9840616389124958 
m400040 6000 -0.0005465443815883962 7000 -0.0005465443815883962 14000 -0.9989069112368231 
m400041 6000 -0.001879117597805694 7000 -0.001879117597805694 14000 -0.9962417648043885 
m400042 6000 -0.004021584136298165 7000 -0.004021584136298165 14000 -0.9919568317274036 
m400043 6000 -0.005660621038325473 7000 -0.005660621038325473 14000 -0.9886787579233488 
m400044 6000 -0.007997033391924136 7000 -0.007997033391924136 14000 -0.9840059332161517 
m400045 6000 -0.0002671573246989286 7000 -0.0002671573246989286 14000 -0.9994656853506021 
m400046 6000 -0.002083245676198682 7000 -0.002083245676198682 14000 -0.995833508647603 
m400047 6000 -0.003846977640070883 7000 -0.003846977640070883 14000 -0.992306044719858 
m400048 6000 -0.005992525153207588 7000 -0.005992525153207588 14000 -0.9880149496935847 
m400049 6000 -0.007797296575580143 7000 -0.007797296575580143 14000 -0.9844054068488393 
m400050 6000 -0.00038628473697472287 7000 -0.00038628473697472287 14000 -0.9992274305260506 
m400051 6000 -0.0019776348527660373 7000 -0.0019776348527660373 14000 -0.9960447302944676 
m400052 6000 -0.003943622498289022 7000 -0.003943622498289022 14000 -0.9921127550034221 
m400053 6000 -0.006070704896457807 7000 -0.006070704896457807 14000 -0.9878585902070843 
m400054 6000 -0.007663319148145947 7000 -0.007663319148145947 14000 -0.9846733617037081 
m400055 6000 -0.0003604802638840555 7000 -0.0003604802638840555 14000 -0.999279039472232 
m400056 6000 -0.0014579672647333113 7000 -0.0014579672647333113 14000 -0.9970840654705334 
m400057 6000 -0.0037671163986788413 7000 -0.0037671163986788413 14000 -0.9924657672026423 
m400058 6000 -0.00585110726558769 7000 -0.00585110726558769 14000 -0.9882977854688245 
m400059 6000 -0.007668550301858522 7000 -0.007668550301858522 14000 -0.9846628993962828 
m400060 6000 -0.0003433694321703343 7000 -0.0003433694321703343 14000 -0.9993132611356592 
m400061 6000 -0.001790386579495079 7000 -0.001790386579495079 14000 -0.9964192268410101 
m400062 6000 -0.004083240002825113 7000 -0.004083240002825113 14000 -0.99183351999435 
m400063 6000 -0.005740066461669264 7000 -0.005740066461669264 14000 -0.9885198670766614 
m400064 6000 -0.007563597500819018 7000 -0.007563597500819018 14000 -0.9848728049983623 
m400065 6000 -0.00041371166296593425 7000 -0.00041371166296593425 14000 -0.9991725766740681 
m400066 6000 -0.0020061229407222587 7000 -0.0020061229407222587 14000 -0.9959877541185554 
m400067 6000 -0.0038434856130914524 7000 -0.0038434856130914524 14000 -0.9923130287738169 
m400068 6000 -0.005858980864214224 7000 -0.005858980864214224 14000 -0.9882820382715716 
m400069 6000 -0.007654916674500284 7000 -0.007654916674500284 14000 -0.9846901666509996 
m400070 6000 -0.000354257784971124 7000 -0.000354257784971124 14000 -0.9992914844300578 
m400071 6000 -0.001998733530443918 7000 -0.001998733530443918 14000 -0.9960025329391122 
m400072 6000 -0.003878381803144845 7000 -0.003878381803144845 14000 -0.99224323639371 
m400073 6000 -0.005964529910743489 7000 -0.005964529910743489 14000 -0.9880709401785129 
m400074 6000 -0.007882739538838685 7000 -0.007882739538838685 14000 -0.9842345209223224 
m400075 6000 -0.0004523133820274489 7000 -0.0004523133820274489 14000 -0.9990953732359451 
m400076 6000 -0.0017169120217213091 7000 -0.0017169120217213091 14000 -0.9965661759565573 
m400077 6000 -0.0037225953629653813 7000 -0.0037225953629653813 14000 -0.992554809274069 
m400078 6000 -0.005763031593947749 7000 -0.005763031593947749 14000 -0.9884739368121045 
m400079 6000 -0.007746910383220376 7000 -0.007746910383220376 14000 -0.9845061792335593 
m400080 6000 -0.00039340646735912493 7000 -0.00039340646735912493 14000 -0.9992131870652817 
m400081 6000 -0.0019143867562318685 7000 -0.0019143867562318685 14000 -0.996171226487536 
m400082 6000 -0.0035994425519615884 7000 -0.0035994425519615884 14000 -0.9928011148960769 
m400083 6000 -0.0059118900746578055 7000 -0.0059118900746578055 14000 -0.9881762198506846 
m400084 6000 -0.007975327338803143 7000 -0.007975327338803143 14000 -0.984049345322394 
m400085 6000 -0.00040099839879782626 7000 -0.00040099839879782626 14000 -0.9991980032024046 
m400086 6000 -0.002083528112206826 7000 -0.002083528112206826 14000 -0.9958329437755862 
m400087 6000 -0.003736063944883418 7000 -0.003736063944883418 14000 -0.9925278721102333 
m400088 6000 -0.006000580549783091 7000 -0.006000580549783091 14000 -0.9879988389004339 
m400089 6000 -0.0077416005485458576 7000 -0.0077416005485458576 14000 -0.9845167989029082 
m400090 6000 -0.00048256631230489936 7000 -0.00048256631230489936 14000 -0.9990348673753902 
m400091 6000 -0.002072708406530807 7000 -0.002072708406530807 14000 -0.995854583186938 
m400092 6000 -0.003973669788552192 7000 -0.003973669788552192 14000 -0.9920526604228955 
m400093 6000 -0.0059659996982639775 7000 -0.0059659996982639775 14000 -0.988068000603472 
m400094 6000 -0.00806452497847846 7000 -0.00806452497847846 14000 -0.9838709500430428 
m400095 6000 -0.0004504167640384123 7000 -0.0004504167640384123 14000 -0.9990991664719232 
m400096 6000 -0.0019817683555165048 7000 -0.0019817683555165048 14000 -0.9960364632889671 
m400097 6000 -0.0038706909498718274 7000 -0.0038706909498718274 14000 -0.9922586181002566 
m400098 6000 -0.005835416376335006 7000 -0.005835416376335006 14000 -0.9883291672473302 
m400099 6000 -0.00791040752647716 7000 -0.00791040752647716 14000 -0.9841791849470459 
m400100 6000 -0.00025976680136141 7000 -0.00025976680136141 14000 -0.9994804663972774 
m400101 6000 -0.0018096853772793919 7000 -0.0018096853772793919 14000 -0.9963806292454409 
m400102 6000 -0.004006546436175726 7000 -0.004006546436175726 14000 -0.9919869071276485 
m400103 6000 -0.005804789439794717 7000 -0.005804789439794717 14000 -0.9883904211204105 
m400104 6000 -0.007348393664504842 7000 -0.007348393664504842 14000 -0.9853032126709909 
m400105 6000 -0.0004264307061666542 7000 -0.0004264307061666542 14000 -0.9991471385876668 
m400106 6000 -0.0020071866930931946 7000 -0.0020071866930931946 14000 -0.9959856266138135 
m400107 6000 -0.00396079891102275 7000 -0.00396079891102275 14000 -0.9920784021779544 
m400108 6000 -0.0059345252442766375 7000 -0.0059345252442766375 14000 -0.9881309495114466 
m400109 6000 -0.007772498151384768 7000 -0.007772498151384768 14000 -0.9844550036972304 
m400110 6000 -0.0003462148632125031 7000 -0.0003462148632125031 14000 -0.999307570273575 
m400111 6000 -0.001957589220725131 7000 -0.001957589220725131 14000 -0.9960848215585497 
m400112 6000 -0.003923659725902298 7000 -0.003923659725902298 14000 -0.9921526805481955 
m400113 6000 -0.0059216989940938 7000 -0.0059216989940938 14000 -0.9881566020118122 
m400114 6000 -0.007837459467702713 7000 -0.007837459467702713 14000 -0.9843250810645945 
m400115 6000 -0.0004167943725524971 7000 -0.0004167943725524971 14000 -0.9991664112548948 
m400116 6000 -0.0018422944133643154 7000 -0.0018422944133643154 14000 -0.9963154111732713 
m400117 6000 -0.0037784083471431385 7000 -0.0037784083471431385 14000 -0.9924431833057138 
m400118 6000 -0.005676484405030876 7000 -0.005676484405030876 14000 -0.9886470311899385 
m400119 6000 -0.007747750089724189 7000 -0.007747750089724189 14000 -0.9845044998205514 
m400120 6000 -0.0003718157908223545 7000 -0.0003718157908223545 14000 -0.9992563684183553 
m400121 6000 -0.0020414178678616556 7000 -0.0020414178678616556 14000 -0.9959171642642768 
m400122 6000 -0.003709056129140659 7000 -0.003709056129140659 14000 -0.9925818877417187 
m400123 6000 -0.006062030935402597 7000 -0.006062030935402597 14000 -0.9878759381291948 
m400124 6000 -0.008014076771817263 7000 -0.008014076771817263 14000 -0.9839718464563653 
c **********************************
c PE+Pb, dens=4.78 g/cm3
m2      6000    -0.04286 $Carbon
        1001    -0.00714 $Hydrogen
        82000   -0.95000 $Lead
c **********************************
m3    1001 -0.048535 $Boric acid
      5010 -0.034981
      5011 -0.139923
      8016 -0.776561
c **********************************
m4    82000 1 $Lead
c **********************************
m5 26000 1 $Iron
c **********************************
m6     13027   -1.000 $ Aluminum
c **********************************
c  SS-304 (8.00 g/cm3), #298 in PNNL Compendium
m7   006000.50c -0.0004000
     014000.60c -0.0050000
     015031.50c -0.0002300
     016000.60c -0.0001500
     024000.50c -0.1899981
     025055.60c -0.0099999
     026000.50c -0.7017229
     028000.50c -0.0924991
c ****************************************
c       LaBr detector
c ****************************************
m8       35079    -0.2946       $ Br79
         35081    -0.3069       $ Br81
         57139    -0.3485       $ La139
         58140    -0.0500       $ Ce140
c ************ air den=1.15e-3g/cc
m12     8016 -0.23
        7014 -0.77
c ************ Rubber Natural den=0.92 g/cc
m13     1001 -0.118371  $weight fraction
        6000 -0.881629
c
c end material cards
c
rand seed=8674536546524321 $different initial random #; seed# - any less 18 digits
c
c ********** begin tallies *********************
fc78 *********Broadened Pulse Height Tally Sum of Detectors 1,2 & 3 ***********
e78 0 1e-5 932i 8.4295
F78:p (101)
FT78 GEB -0.026198 0.059551 -0.037176
fc18 *********Unbroadened Pulse Height Tally Sum of Detectors 1,2 & 3 ***********
e18 0 1e-5 932i 8.4295
F18:p (101)
c ***********************************
c mplot tal 78 freq 10000
nps 1e9
