c CAS DETECTOR
c w/ Shielding in Place and Wheels
c
c CELL CARDS
c
c @@@@@@@@@@ Detectors @@@@@@@@@@@@@@@@@
c
101 8 -5.08 -21 imp:n,p 1 $LaBr Detector #1 Active Region
c
c @@@@@@@@@ Shielding @@@@@@@@@@@@@@@@@
c
121 2 -4.78 -31 imp:n,p 1 $PE_Pb
122 4 -11.29 -32 imp:n,p 1 $Pb1
123 4 -11.29 -33 imp:n,p 1 $Pb2
124 4 -11.29 -34 imp:n,p 1 $Pb3
125 4 -11.29 -35 imp:n,p 1 $Pb4
126 4 -11.29 -36 imp:n,p 1 $Pb5
127 4 -11.29 -37 imp:n,p 1 $Pb6
128 3 -1.5 -38 imp:n,p 1 $BA1
129 3 -1.5 -39 imp:n,p 1 $BA2
130 6 -2.7 -40 imp:n,p 1 $Al
131 7 -7.92 301 -302 303 -304 imp:n,p 1 $Fe-tube
132 5 -7.8 -401 imp:n,p 1 $Fe
133 5 -7.8 -402 imp:n,p 1 $Fe
c @@@@@@@@@@ Wheels @@@@@@@@@@@@@@@@@
c
21 13 -0.92 -41 42 imp:n,p 1 $Wheel 1
211 13 -0.92 -421 422 imp:n,p 1 $Wheel 1
212 13 -0.92 -423 424 imp:n,p 1 $Wheel 1
22 13 -0.92 -43 44 imp:n,p 1 $Wheel 2
221 13 -0.92 -441 442 imp:n,p 1 $Wheel 2
222 13 -0.92 -443 444 imp:n,p 1 $Wheel 2
23 13 -0.92 -45 46 imp:n,p 1 $Wheel 3
231 13 -0.92 -461 462 imp:n,p 1 $Wheel 3
232 13 -0.92 -463 464 imp:n,p 1 $Wheel 3
24 13 -0.92 -47 48 imp:n,p 1 $Wheel 4
241 13 -0.92 -481 482 imp:n,p 1 $Wheel 4
242 13 -0.92 -483 484 imp:n,p 1 $Wheel 4
c
c @@@@@@@@@@ SOIL VOLUME @@@@@@@@@@@
c
300000 400000 -2.156 20010 -20011 20020 -20021 20030 -20031 imp:n,p 1
300001 400001 -2.156 20010 -20011 20020 -20021 20031 -20032 imp:n,p 1
300002 400002 -2.156 20010 -20011 20020 -20021 20032 -20033 imp:n,p 1
300003 400003 -2.156 20010 -20011 20020 -20021 20033 -20034 imp:n,p 1
300004 400004 -2.156 20010 -20011 20020 -20021 20034 -20035 imp:n,p 1
300005 400005 -2.156 20011 -20012 20020 -20021 20030 -20031 imp:n,p 1
300006 400006 -2.156 20011 -20012 20020 -20021 20031 -20032 imp:n,p 1
300007 400007 -2.156 20011 -20012 20020 -20021 20032 -20033 imp:n,p 1
300008 400008 -2.156 20011 -20012 20020 -20021 20033 -20034 imp:n,p 1
300009 400009 -2.156 20011 -20012 20020 -20021 20034 -20035 imp:n,p 1
300010 400010 -2.156 20012 -20013 20020 -20021 20030 -20031 imp:n,p 1
300011 400011 -2.156 20012 -20013 20020 -20021 20031 -20032 imp:n,p 1
300012 400012 -2.156 20012 -20013 20020 -20021 20032 -20033 imp:n,p 1
300013 400013 -2.156 20012 -20013 20020 -20021 20033 -20034 imp:n,p 1
300014 400014 -2.156 20012 -20013 20020 -20021 20034 -20035 imp:n,p 1
300015 400015 -2.156 20013 -20014 20020 -20021 20030 -20031 imp:n,p 1
300016 400016 -2.156 20013 -20014 20020 -20021 20031 -20032 imp:n,p 1
300017 400017 -2.156 20013 -20014 20020 -20021 20032 -20033 imp:n,p 1
300018 400018 -2.156 20013 -20014 20020 -20021 20033 -20034 imp:n,p 1
300019 400019 -2.156 20013 -20014 20020 -20021 20034 -20035 imp:n,p 1
300020 400020 -2.156 20014 -20015 20020 -20021 20030 -20031 imp:n,p 1
300021 400021 -2.156 20014 -20015 20020 -20021 20031 -20032 imp:n,p 1
300022 400022 -2.156 20014 -20015 20020 -20021 20032 -20033 imp:n,p 1
300023 400023 -2.156 20014 -20015 20020 -20021 20033 -20034 imp:n,p 1
300024 400024 -2.156 20014 -20015 20020 -20021 20034 -20035 imp:n,p 1
300025 400025 -2.156 20010 -20011 20021 -20022 20030 -20031 imp:n,p 1
300026 400026 -2.156 20010 -20011 20021 -20022 20031 -20032 imp:n,p 1
300027 400027 -2.156 20010 -20011 20021 -20022 20032 -20033 imp:n,p 1
300028 400028 -2.156 20010 -20011 20021 -20022 20033 -20034 imp:n,p 1
300029 400029 -2.156 20010 -20011 20021 -20022 20034 -20035 imp:n,p 1
300030 400030 -2.156 20011 -20012 20021 -20022 20030 -20031 imp:n,p 1
300031 400031 -2.156 20011 -20012 20021 -20022 20031 -20032 imp:n,p 1
300032 400032 -2.156 20011 -20012 20021 -20022 20032 -20033 imp:n,p 1
300033 400033 -2.156 20011 -20012 20021 -20022 20033 -20034 imp:n,p 1
300034 400034 -2.156 20011 -20012 20021 -20022 20034 -20035 imp:n,p 1
300035 400035 -2.156 20012 -20013 20021 -20022 20030 -20031 imp:n,p 1
300036 400036 -2.156 20012 -20013 20021 -20022 20031 -20032 imp:n,p 1
300037 400037 -2.156 20012 -20013 20021 -20022 20032 -20033 imp:n,p 1
300038 400038 -2.156 20012 -20013 20021 -20022 20033 -20034 imp:n,p 1
300039 400039 -2.156 20012 -20013 20021 -20022 20034 -20035 imp:n,p 1
300040 400040 -2.156 20013 -20014 20021 -20022 20030 -20031 imp:n,p 1
300041 400041 -2.156 20013 -20014 20021 -20022 20031 -20032 imp:n,p 1
300042 400042 -2.156 20013 -20014 20021 -20022 20032 -20033 imp:n,p 1
300043 400043 -2.156 20013 -20014 20021 -20022 20033 -20034 imp:n,p 1
300044 400044 -2.156 20013 -20014 20021 -20022 20034 -20035 imp:n,p 1
300045 400045 -2.156 20014 -20015 20021 -20022 20030 -20031 imp:n,p 1
300046 400046 -2.156 20014 -20015 20021 -20022 20031 -20032 imp:n,p 1
300047 400047 -2.156 20014 -20015 20021 -20022 20032 -20033 imp:n,p 1
300048 400048 -2.156 20014 -20015 20021 -20022 20033 -20034 imp:n,p 1
300049 400049 -2.156 20014 -20015 20021 -20022 20034 -20035 imp:n,p 1
300050 400050 -2.156 20010 -20011 20022 -20023 20030 -20031 imp:n,p 1
300051 400051 -2.156 20010 -20011 20022 -20023 20031 -20032 imp:n,p 1
300052 400052 -2.156 20010 -20011 20022 -20023 20032 -20033 imp:n,p 1
300053 400053 -2.156 20010 -20011 20022 -20023 20033 -20034 imp:n,p 1
300054 400054 -2.156 20010 -20011 20022 -20023 20034 -20035 imp:n,p 1
300055 400055 -2.156 20011 -20012 20022 -20023 20030 -20031 imp:n,p 1
300056 400056 -2.156 20011 -20012 20022 -20023 20031 -20032 imp:n,p 1
300057 400057 -2.156 20011 -20012 20022 -20023 20032 -20033 imp:n,p 1
300058 400058 -2.156 20011 -20012 20022 -20023 20033 -20034 imp:n,p 1
300059 400059 -2.156 20011 -20012 20022 -20023 20034 -20035 imp:n,p 1
300060 400060 -2.156 20012 -20013 20022 -20023 20030 -20031 imp:n,p 1
300061 400061 -2.156 20012 -20013 20022 -20023 20031 -20032 imp:n,p 1
300062 400062 -2.156 20012 -20013 20022 -20023 20032 -20033 imp:n,p 1
300063 400063 -2.156 20012 -20013 20022 -20023 20033 -20034 imp:n,p 1
300064 400064 -2.156 20012 -20013 20022 -20023 20034 -20035 imp:n,p 1
300065 400065 -2.156 20013 -20014 20022 -20023 20030 -20031 imp:n,p 1
300066 400066 -2.156 20013 -20014 20022 -20023 20031 -20032 imp:n,p 1
300067 400067 -2.156 20013 -20014 20022 -20023 20032 -20033 imp:n,p 1
300068 400068 -2.156 20013 -20014 20022 -20023 20033 -20034 imp:n,p 1
300069 400069 -2.156 20013 -20014 20022 -20023 20034 -20035 imp:n,p 1
300070 400070 -2.156 20014 -20015 20022 -20023 20030 -20031 imp:n,p 1
300071 400071 -2.156 20014 -20015 20022 -20023 20031 -20032 imp:n,p 1
300072 400072 -2.156 20014 -20015 20022 -20023 20032 -20033 imp:n,p 1
300073 400073 -2.156 20014 -20015 20022 -20023 20033 -20034 imp:n,p 1
300074 400074 -2.156 20014 -20015 20022 -20023 20034 -20035 imp:n,p 1
300075 400075 -2.156 20010 -20011 20023 -20024 20030 -20031 imp:n,p 1
300076 400076 -2.156 20010 -20011 20023 -20024 20031 -20032 imp:n,p 1
300077 400077 -2.156 20010 -20011 20023 -20024 20032 -20033 imp:n,p 1
300078 400078 -2.156 20010 -20011 20023 -20024 20033 -20034 imp:n,p 1
300079 400079 -2.156 20010 -20011 20023 -20024 20034 -20035 imp:n,p 1
300080 400080 -2.156 20011 -20012 20023 -20024 20030 -20031 imp:n,p 1
300081 400081 -2.156 20011 -20012 20023 -20024 20031 -20032 imp:n,p 1
300082 400082 -2.156 20011 -20012 20023 -20024 20032 -20033 imp:n,p 1
300083 400083 -2.156 20011 -20012 20023 -20024 20033 -20034 imp:n,p 1
300084 400084 -2.156 20011 -20012 20023 -20024 20034 -20035 imp:n,p 1
300085 400085 -2.156 20012 -20013 20023 -20024 20030 -20031 imp:n,p 1
300086 400086 -2.156 20012 -20013 20023 -20024 20031 -20032 imp:n,p 1
300087 400087 -2.156 20012 -20013 20023 -20024 20032 -20033 imp:n,p 1
300088 400088 -2.156 20012 -20013 20023 -20024 20033 -20034 imp:n,p 1
300089 400089 -2.156 20012 -20013 20023 -20024 20034 -20035 imp:n,p 1
300090 400090 -2.156 20013 -20014 20023 -20024 20030 -20031 imp:n,p 1
300091 400091 -2.156 20013 -20014 20023 -20024 20031 -20032 imp:n,p 1
300092 400092 -2.156 20013 -20014 20023 -20024 20032 -20033 imp:n,p 1
300093 400093 -2.156 20013 -20014 20023 -20024 20033 -20034 imp:n,p 1
300094 400094 -2.156 20013 -20014 20023 -20024 20034 -20035 imp:n,p 1
300095 400095 -2.156 20014 -20015 20023 -20024 20030 -20031 imp:n,p 1
300096 400096 -2.156 20014 -20015 20023 -20024 20031 -20032 imp:n,p 1
300097 400097 -2.156 20014 -20015 20023 -20024 20032 -20033 imp:n,p 1
300098 400098 -2.156 20014 -20015 20023 -20024 20033 -20034 imp:n,p 1
300099 400099 -2.156 20014 -20015 20023 -20024 20034 -20035 imp:n,p 1
300100 400100 -2.156 20010 -20011 20024 -20025 20030 -20031 imp:n,p 1
300101 400101 -2.156 20010 -20011 20024 -20025 20031 -20032 imp:n,p 1
300102 400102 -2.156 20010 -20011 20024 -20025 20032 -20033 imp:n,p 1
300103 400103 -2.156 20010 -20011 20024 -20025 20033 -20034 imp:n,p 1
300104 400104 -2.156 20010 -20011 20024 -20025 20034 -20035 imp:n,p 1
300105 400105 -2.156 20011 -20012 20024 -20025 20030 -20031 imp:n,p 1
300106 400106 -2.156 20011 -20012 20024 -20025 20031 -20032 imp:n,p 1
300107 400107 -2.156 20011 -20012 20024 -20025 20032 -20033 imp:n,p 1
300108 400108 -2.156 20011 -20012 20024 -20025 20033 -20034 imp:n,p 1
300109 400109 -2.156 20011 -20012 20024 -20025 20034 -20035 imp:n,p 1
300110 400110 -2.156 20012 -20013 20024 -20025 20030 -20031 imp:n,p 1
300111 400111 -2.156 20012 -20013 20024 -20025 20031 -20032 imp:n,p 1
300112 400112 -2.156 20012 -20013 20024 -20025 20032 -20033 imp:n,p 1
300113 400113 -2.156 20012 -20013 20024 -20025 20033 -20034 imp:n,p 1
300114 400114 -2.156 20012 -20013 20024 -20025 20034 -20035 imp:n,p 1
300115 400115 -2.156 20013 -20014 20024 -20025 20030 -20031 imp:n,p 1
300116 400116 -2.156 20013 -20014 20024 -20025 20031 -20032 imp:n,p 1
300117 400117 -2.156 20013 -20014 20024 -20025 20032 -20033 imp:n,p 1
300118 400118 -2.156 20013 -20014 20024 -20025 20033 -20034 imp:n,p 1
300119 400119 -2.156 20013 -20014 20024 -20025 20034 -20035 imp:n,p 1
300120 400120 -2.156 20014 -20015 20024 -20025 20030 -20031 imp:n,p 1
300121 400121 -2.156 20014 -20015 20024 -20025 20031 -20032 imp:n,p 1
300122 400122 -2.156 20014 -20015 20024 -20025 20032 -20033 imp:n,p 1
300123 400123 -2.156 20014 -20015 20024 -20025 20033 -20034 imp:n,p 1
300124 400124 -2.156 20014 -20015 20024 -20025 20034 -20035 imp:n,p 1
c
30 12 -0.00129 -200 #101 #121 #122 #123 #124 #125 #126 #127 #128 #129 #130 #131 #132 #133
        #21 #211 #212 #22 #221 #222 #23 #231 #232 #24 #241 #242 #20 imp:n,p 1 $Rest of the World
31 0 200 imp:n,p 0 $Outside world

c SURFACE CARDS
c
c Sample Volume
20010 px -56.0
20011 px -33.600000000000364
20012 px -11.200000000000728
20013 px 11.200000000000728
20014 px 33.600000000000364
20015 px 56.0
20020 py -45.0
20021 py -27.0
20022 py -9.0
20023 py 9.0
20024 py 27.0
20025 py 45.0
20030 pz 92.0
20031 pz 82.0
20032 pz 72.0
20033 pz 62.0
20034 pz 52.0
20035 pz 42.0
c Active Detector Region
21 rcc 56  -5.0 -1.0   0.0 20.3 0.0   4.5 $Detector 1 Base center, Hx,Hy,Hz, radius
c Shielding Surfaces
c Shielding Pb
31 rpp 19 29 -7.5 7.5 -11 9 $PbPE xmin xmax ymin ymax zmin zmax
32 rpp 9 19 4 9 -11 9 $Pb xmin xmax ymin ymax zmin zmax
33 rpp 9 19 -9 -4 -11 9 $Pb xmin xmax ymin ymax zmin zmax
34 rpp 19 29 7.5 12.5 -11 9 $Pb xmin xmax ymin ymax zmin zmax
35 rpp 19 29 -12.5 -7.5 -11 9 $Pb xmin xmax ymin ymax zmin zmax
36 rpp 29 34 -15 15 -11 9 $Pb xmin xmax ymin ymax zmin zmax
37 rpp 9 19 -4 4 4 9 $Pb xmin xmax ymin ymax zmin zmax
38 rpp -26 26 18 28 -11 9 $BA1 xmin xmax ymin ymax zmin zmax
39 rpp -26 26 -28 -18 -11 9 $BA2 xmin xmax ymin ymax zmin zmax
40 rpp -65 65 -28 28 10 10.5 $Al xmin xmax ymin ymax zmin zmax
401 rpp -27 27 29 34 -11 9 $Fe xmin xmax ymin ymax zmin zmax
402 rpp -27 27 -34 -29 -11 9 $Fe xmin xmax ymin ymax zmin zmax
301 px -20
302 px 18
303 cx 3.71
304 cx 3.81
c Wheels Surfaces
c 23/10.5-12 turf tires, 22.6 lb rubber
c diameter 29cm, tread width 25cm, and sidewall height 13.76 cm
c set thickness of all sides 1.3 cm (s.t. weight is 22.6 lb)
41 rcc -2 77 8   0.0 25 0.0 29 $wheel 1 outer tread surface
42 rcc -2 77 8   0.0 25 0.0 27.7 $wheel 1 inner tread surface
421 rcc -2 75.7 8   0.0 1.3 0.0 29 $wheel 1 outside sidewall exterior
422 rcc -2 75.7 8   0.0 1.3 0.0 15.24 $wheel 1 outside sidewall interior
423 rcc -2 102 8   0.0 1.3 0.0 29 $wheel 1 inside sidewall exterior
424 rcc -2 102 8   0.0 1.3 0.0 15.24 $wheel 1 inside sidewall interior
43 rcc 68 77 8   0.0 25 0.0 29 $wheel 2
44 rcc 68 77 8   0.0 25 0.0 27.7
441 rcc 68 75.7 8   0.0 1.3 0.0 29
442 rcc 68 75.7 8   0.0 1.3 0.0 15.24
443 rcc 68 102 8   0.0 1.3 0.0 29
444 rcc 68 102 8   0.0 1.3 0.0 15.24
45 rcc -2 -77 8   0.0 -25 0.0 29 $wheel 3
46 rcc -2 -77 8   0.0 -25 0.0 27.7
461 rcc -2 -75.7 8   0.0 -1.3 0.0 29
462 rcc -2 -75.7 8   0.0 -1.3 0.0 15.24
463 rcc -2 -102 8   0.0 -1.3 0.0 29
464 rcc -2 -102 8   0.0 -1.3 0.0 15.24
47 rcc 68 -77 8   0.0 -25 0.0 29 $wheel 4
48 rcc 68 -77 8   0.0 -25 0.0 27.7
481 rcc 68 -75.7 8   0.0 -1.3 0.0 29
482 rcc 68 -75.7 8   0.0 -1.3 0.0 15.24
483 rcc 68 -102 8   0.0 -1.3 0.0 29
484 rcc 68 -102 8   0.0 -1.3 0.0 15.24
200 so 800    $sphere of 800cm centered at origin
c

c DATA CARDS
mode n p
c dump every hr
prdmp -60 -60 -1
c 100 keV Neutron Energy Cutoff
Cut:n 1j 0.1
c analog neutron transport
phys:n 1j 14
phys:p
sdef pos=0 0 0 erg=14.0 vec= 0 0 1 dir=d1
si1  -1 .93 1
sp1   0  0.0  1.0
c ********************
c begin material cards
c ********************
c Pure Carbon
c ****************************************
m400000 6000 -0.00040705214837507696 7000 -0.00040705214837507696 14000 -0.9991858957032498 
m400001 6000 -0.002030110867288054 7000 -0.002030110867288054 14000 -0.9959397782654241 
m400002 6000 -0.004102080800398039 7000 -0.004102080800398039 14000 -0.9917958383992038 
m400003 6000 -0.005659327084780841 7000 -0.005659327084780841 14000 -0.9886813458304384 
m400004 6000 -0.00798956911789347 7000 -0.00798956911789347 14000 -0.9840208617642129 
m400005 6000 -0.0003462773496304246 7000 -0.0003462773496304246 14000 -0.9993074453007392 
m400006 6000 -0.001748475130406177 7000 -0.001748475130406177 14000 -0.9965030497391874 
m400007 6000 -0.0038202795098354553 7000 -0.0038202795098354553 14000 -0.9923594409803294 
m400008 6000 -0.005881211676845427 7000 -0.005881211676845427 14000 -0.9882375766463093 
m400009 6000 -0.007863166085183426 7000 -0.007863166085183426 14000 -0.984273667829633 
m400010 6000 -0.0002883040389542849 7000 -0.0002883040389542849 14000 -0.9994233919220913 
m400011 6000 -0.0014405535629774418 7000 -0.0014405535629774418 14000 -0.997118892874045 
m400012 6000 -0.003680557541446342 7000 -0.003680557541446342 14000 -0.9926388849171072 
m400013 6000 -0.005921898127179251 7000 -0.005921898127179251 14000 -0.9881562037456416 
m400014 6000 -0.007566603128874584 7000 -0.007566603128874584 14000 -0.984866793742251 
m400015 6000 -0.00042430401321798066 7000 -0.00042430401321798066 14000 -0.999151391973564 
m400016 6000 -0.0020875613962841435 7000 -0.0020875613962841435 14000 -0.9958248772074318 
m400017 6000 -0.0037959944926134912 7000 -0.0037959944926134912 14000 -0.9924080110147735 
m400018 6000 -0.005804241472841901 7000 -0.005804241472841901 14000 -0.9883915170543163 
m400019 6000 -0.007976483406651825 7000 -0.007976483406651825 14000 -0.9840470331866963 
m400020 6000 -0.0004605571882858408 7000 -0.0004605571882858408 14000 -0.9990788856234282 
m400021 6000 -0.0021114183417932438 7000 -0.0021114183417932438 14000 -0.9957771633164135 
m400022 6000 -0.0036044471081740454 7000 -0.0036044471081740454 14000 -0.992791105783652 
m400023 6000 -0.005864532181662706 7000 -0.005864532181662706 14000 -0.9882709356366748 
m400024 6000 -0.008020851591071663 7000 -0.008020851591071663 14000 -0.9839582968178567 
m400025 6000 -0.00033361903095156505 7000 -0.00033361903095156505 14000 -0.9993327619380971 
m400026 6000 -0.0016360634993283884 7000 -0.0016360634993283884 14000 -0.9967278730013431 
m400027 6000 -0.0038438129445332856 7000 -0.0038438129445332856 14000 -0.9923123741109333 
m400028 6000 -0.005437598308870432 7000 -0.005437598308870432 14000 -0.989124803382259 
m400029 6000 -0.007798004491247386 7000 -0.007798004491247386 14000 -0.9844039910175054 
m400030 6000 -0.0004214678807484591 7000 -0.0004214678807484591 14000 -0.9991570642385033 
m400031 6000 -0.0018795961101883355 7000 -0.0018795961101883355 14000 -0.9962408077796233 
m400032 6000 -0.0039859440116174595 7000 -0.0039859440116174595 14000 -0.9920281119767654 
m400033 6000 -0.005960010621581925 7000 -0.005960010621581925 14000 -0.9880799787568363 
m400034 6000 -0.007738027850950251 7000 -0.007738027850950251 14000 -0.9845239442980991 
m400035 6000 -0.00028429388754787 7000 -0.00028429388754787 14000 -0.9994314122249044 
m400036 6000 -0.0015454058116352715 7000 -0.0015454058116352715 14000 -0.9969091883767291 
m400037 6000 -0.003747033258036403 7000 -0.003747033258036403 14000 -0.992505933483927 
m400038 6000 -0.005981840592247209 7000 -0.005981840592247209 14000 -0.9880363188155055 
m400039 6000 -0.007415053882664242 7000 -0.007415053882664242 14000 -0.9851698922346713 
m400040 6000 -0.000400853794534876 7000 -0.000400853794534876 14000 -0.9991982924109303 
m400041 6000 -0.0018631437603998822 7000 -0.0018631437603998822 14000 -0.9962737124792004 
m400042 6000 -0.003833074325904129 7000 -0.003833074325904129 14000 -0.9923338513481916 
m400043 6000 -0.005934190311826146 7000 -0.005934190311826146 14000 -0.9881316193763473 
m400044 6000 -0.007808364281703887 7000 -0.007808364281703887 14000 -0.9843832714365922 
m400045 6000 -0.0004680450565500336 7000 -0.0004680450565500336 14000 -0.9990639098868997 
m400046 6000 -0.0018225915789130448 7000 -0.0018225915789130448 14000 -0.9963548168421736 
m400047 6000 -0.003758318657606051 7000 -0.003758318657606051 14000 -0.9924833626847881 
m400048 6000 -0.005348690979033264 7000 -0.005348690979033264 14000 -0.9893026180419336 
m400049 6000 -0.007663014203605145 7000 -0.007663014203605145 14000 -0.9846739715927896 
m400050 6000 -0.0005043307017261377 7000 -0.0005043307017261377 14000 -0.9989913385965479 
m400051 6000 -0.0018003045435705549 7000 -0.0018003045435705549 14000 -0.9963993909128588 
m400052 6000 -0.003573735832714754 7000 -0.003573735832714754 14000 -0.9928525283345705 
m400053 6000 -0.005665043493681079 7000 -0.005665043493681079 14000 -0.988669913012638 
m400054 6000 -0.007566525949547856 7000 -0.007566525949547856 14000 -0.9848669481009046 
m400055 6000 -0.0004121748097004979 7000 -0.0004121748097004979 14000 -0.9991756503805991 
m400056 6000 -0.0018405594826398717 7000 -0.0018405594826398717 14000 -0.9963188810347202 
m400057 6000 -0.004094303676920975 7000 -0.004094303676920975 14000 -0.9918113926461583 
m400058 6000 -0.005908145258042063 7000 -0.005908145258042063 14000 -0.9881837094839159 
m400059 6000 -0.007896513042052022 7000 -0.007896513042052022 14000 -0.9842069739158963 
m400060 6000 -0.0004793049366125566 7000 -0.0004793049366125566 14000 -0.9990413901267747 
m400061 6000 -0.0019029768802517194 7000 -0.0019029768802517194 14000 -0.9961940462394964 
m400062 6000 -0.0037278731363621924 7000 -0.0037278731363621924 14000 -0.9925442537272755 
m400063 6000 -0.00594052362758 7000 -0.00594052362758 14000 -0.9881189527448399 
m400064 6000 -0.007706232674651977 7000 -0.007706232674651977 14000 -0.984587534650696 
m400065 6000 -0.00028311631169129976 7000 -0.00028311631169129976 14000 -0.9994337673766173 
m400066 6000 -0.001841025470613608 7000 -0.001841025470613608 14000 -0.9963179490587727 
m400067 6000 -0.0036960780289066147 7000 -0.0036960780289066147 14000 -0.9926078439421866 
m400068 6000 -0.005827427302012793 7000 -0.005827427302012793 14000 -0.9883451453959746 
m400069 6000 -0.007939304585891555 7000 -0.007939304585891555 14000 -0.9841213908282169 
m400070 6000 -0.00033579332425528205 7000 -0.00033579332425528205 14000 -0.9993284133514895 
m400071 6000 -0.0018851119301590946 7000 -0.0018851119301590946 14000 -0.9962297761396818 
m400072 6000 -0.004055476555864976 7000 -0.004055476555864976 14000 -0.9918890468882701 
m400073 6000 -0.006001163756207296 7000 -0.006001163756207296 14000 -0.9879976724875854 
m400074 6000 -0.007876521329520448 7000 -0.007876521329520448 14000 -0.9842469573409589 
m400075 6000 -0.0003429084108355544 7000 -0.0003429084108355544 14000 -0.999314183178329 
m400076 6000 -0.0015739690405388274 7000 -0.0015739690405388274 14000 -0.9968520619189226 
m400077 6000 -0.00402604407931543 7000 -0.00402604407931543 14000 -0.9919479118413693 
m400078 6000 -0.005779521694695398 7000 -0.005779521694695398 14000 -0.9884409566106092 
m400079 6000 -0.007758750794945893 7000 -0.007758750794945893 14000 -0.9844824984101079 
m400080 6000 -0.0003594478213586694 7000 -0.0003594478213586694 14000 -0.9992811043572827 
m400081 6000 -0.002068730875663862 7000 -0.002068730875663862 14000 -0.9958625382486723 
m400082 6000 -0.004081812491193512 7000 -0.004081812491193512 14000 -0.991836375017613 
m400083 6000 -0.005732589103837267 7000 -0.005732589103837267 14000 -0.9885348217923254 
m400084 6000 -0.007486924600554009 7000 -0.007486924600554009 14000 -0.9850261507988924 
m400085 6000 -0.00037819233943458776 7000 -0.00037819233943458776 14000 -0.9992436153211307 
m400086 6000 -0.0016906607505462663 7000 -0.0016906607505462663 14000 -0.9966186784989073 
m400087 6000 -0.0038969181202144765 7000 -0.0038969181202144765 14000 -0.992206163759571 
m400088 6000 -0.005918341691250626 7000 -0.005918341691250626 14000 -0.9881633166174987 
m400089 6000 -0.008173077385776197 7000 -0.008173077385776197 14000 -0.983653845228448 
m400090 6000 -0.0004906479966110389 7000 -0.0004906479966110389 14000 -0.9990187040067778 
m400091 6000 -0.0022664783608804515 7000 -0.0022664783608804515 14000 -0.9954670432782393 
m400092 6000 -0.00383104205208475 7000 -0.00383104205208475 14000 -0.9923379158958303 
m400093 6000 -0.006088016042929533 7000 -0.006088016042929533 14000 -0.9878239679141407 
m400094 6000 -0.007406699656780493 7000 -0.007406699656780493 14000 -0.9851866006864388 
m400095 6000 -0.0003730679430129986 7000 -0.0003730679430129986 14000 -0.9992538641139741 
m400096 6000 -0.001785589346318965 7000 -0.001785589346318965 14000 -0.9964288213073621 
m400097 6000 -0.0037908499927879545 7000 -0.0037908499927879545 14000 -0.9924183000144241 
m400098 6000 -0.00552231921813316 7000 -0.00552231921813316 14000 -0.9889553615637336 
m400099 6000 -0.00813132892077993 7000 -0.00813132892077993 14000 -0.9837373421584402 
m400100 6000 -0.00046802850519323544 7000 -0.00046802850519323544 14000 -0.9990639429896135 
m400101 6000 -0.0017232138564950935 7000 -0.0017232138564950935 14000 -0.9965535722870098 
m400102 6000 -0.0037605753955831933 7000 -0.0037605753955831933 14000 -0.9924788492088336 
m400103 6000 -0.005606521051797059 7000 -0.005606521051797059 14000 -0.9887869578964059 
m400104 6000 -0.007656032622308088 7000 -0.007656032622308088 14000 -0.9846879347553837 
m400105 6000 -0.0005586231435427245 7000 -0.0005586231435427245 14000 -0.9988827537129147 
m400106 6000 -0.001839332186848658 7000 -0.001839332186848658 14000 -0.9963213356263024 
m400107 6000 -0.0035613155518320837 7000 -0.0035613155518320837 14000 -0.9928773688963362 
m400108 6000 -0.005602131709143142 7000 -0.005602131709143142 14000 -0.9887957365817137 
m400109 6000 -0.008136769284925589 7000 -0.008136769284925589 14000 -0.9837264614301489 
m400110 6000 -0.00043491026512840295 7000 -0.00043491026512840295 14000 -0.9991301794697433 
m400111 6000 -0.0019302522255274918 7000 -0.0019302522255274918 14000 -0.9961394955489449 
m400112 6000 -0.0038497899620301467 7000 -0.0038497899620301467 14000 -0.9923004200759397 
m400113 6000 -0.005777761607611368 7000 -0.005777761607611368 14000 -0.9884444767847775 
m400114 6000 -0.00766059052656026 7000 -0.00766059052656026 14000 -0.9846788189468794 
m400115 6000 -0.000387080765088204 7000 -0.000387080765088204 14000 -0.9992258384698236 
m400116 6000 -0.001687101739623508 7000 -0.001687101739623508 14000 -0.9966257965207531 
m400117 6000 -0.003926229151386462 7000 -0.003926229151386462 14000 -0.9921475416972271 
m400118 6000 -0.0055093473336331675 7000 -0.0055093473336331675 14000 -0.9889813053327337 
m400119 6000 -0.007693015289251973 7000 -0.007693015289251973 14000 -0.9846139694214958 
m400120 6000 -0.0004533294603344083 7000 -0.0004533294603344083 14000 -0.999093341079331 
m400121 6000 -0.0017574455291706752 7000 -0.0017574455291706752 14000 -0.996485108941659 
m400122 6000 -0.003907518486385834 7000 -0.003907518486385834 14000 -0.9921849630272286 
m400123 6000 -0.005604203573141231 7000 -0.005604203573141231 14000 -0.9887915928537174 
m400124 6000 -0.007908452133857137 7000 -0.007908452133857137 14000 -0.9841830957322858 
c **********************************
c PE+Pb, dens=4.78 g/cm3
m2      6000    -0.04286 $Carbon
        1001    -0.00714 $Hydrogen
        82000   -0.95000 $Lead
c **********************************
m3    1001 -0.048535 $Boric acid
      5010 -0.034981
      5011 -0.139923
      8016 -0.776561
c **********************************
m4    82000 1 $Lead
c **********************************
m5 26000 1 $Iron
c **********************************
m6     13027   -1.000 $ Aluminum
c **********************************
c  SS-304 (8.00 g/cm3), #298 in PNNL Compendium
m7   006000.50c -0.0004000
     014000.60c -0.0050000
     015031.50c -0.0002300
     016000.60c -0.0001500
     024000.50c -0.1899981
     025055.60c -0.0099999
     026000.50c -0.7017229
     028000.50c -0.0924991
c ****************************************
c       LaBr detector
c ****************************************
m8       35079    -0.2946       $ Br79
         35081    -0.3069       $ Br81
         57139    -0.3485       $ La139
         58140    -0.0500       $ Ce140
c ************ air den=1.15e-3g/cc
m12     8016 -0.23
        7014 -0.77
c ************ Rubber Natural den=0.92 g/cc
m13     1001 -0.118371  $weight fraction
        6000 -0.881629
c
c end material cards
c
rand seed=8674536546524321 $different initial random #; seed# - any less 18 digits
c
c ********** begin tallies *********************
fc78 *********Broadened Pulse Height Tally Sum of Detectors 1,2 & 3 ***********
e78 0 1e-5 932i 8.4295
F78:p (101)
FT78 GEB -0.026198 0.059551 -0.037176
fc18 *********Unbroadened Pulse Height Tally Sum of Detectors 1,2 & 3 ***********
e18 0 1e-5 932i 8.4295
F18:p (101)
c ***********************************
c mplot tal 78 freq 10000
nps 1e9
