c CAS DETECTOR
c w/ Shielding in Place and Wheels
c
c CELL CARDS
c
c @@@@@@@@@@ Detectors @@@@@@@@@@@@@@@@@
c
101 8 -5.08 -21 imp:n,p 1 $LaBr Detector #1 Active Region
c
c @@@@@@@@@ Shielding @@@@@@@@@@@@@@@@@
c
121 2 -4.78 -31 imp:n,p 1 $PE_Pb
122 4 -11.29 -32 imp:n,p 1 $Pb1
123 4 -11.29 -33 imp:n,p 1 $Pb2
124 4 -11.29 -34 imp:n,p 1 $Pb3
125 4 -11.29 -35 imp:n,p 1 $Pb4
126 4 -11.29 -36 imp:n,p 1 $Pb5
127 4 -11.29 -37 imp:n,p 1 $Pb6
128 3 -1.5 -38 imp:n,p 1 $BA1
129 3 -1.5 -39 imp:n,p 1 $BA2
130 6 -2.7 -40 imp:n,p 1 $Al
131 7 -7.92 301 -302 303 -304 imp:n,p 1 $Fe-tube
132 5 -7.8 -401 imp:n,p 1 $Fe
133 5 -7.8 -402 imp:n,p 1 $Fe
c @@@@@@@@@@ Wheels @@@@@@@@@@@@@@@@@
c
21 13 -0.92 -41 42 imp:n,p 1 $Wheel 1
211 13 -0.92 -421 422 imp:n,p 1 $Wheel 1
212 13 -0.92 -423 424 imp:n,p 1 $Wheel 1
22 13 -0.92 -43 44 imp:n,p 1 $Wheel 2
221 13 -0.92 -441 442 imp:n,p 1 $Wheel 2
222 13 -0.92 -443 444 imp:n,p 1 $Wheel 2
23 13 -0.92 -45 46 imp:n,p 1 $Wheel 3
231 13 -0.92 -461 462 imp:n,p 1 $Wheel 3
232 13 -0.92 -463 464 imp:n,p 1 $Wheel 3
24 13 -0.92 -47 48 imp:n,p 1 $Wheel 4
241 13 -0.92 -481 482 imp:n,p 1 $Wheel 4
242 13 -0.92 -483 484 imp:n,p 1 $Wheel 4
c
c @@@@@@@@@@ SOIL VOLUME @@@@@@@@@@@
c
300000 400000 -2.156 20010 -20011 20020 -20021 20030 -20031 imp:n,p 1
300001 400001 -2.156 20010 -20011 20020 -20021 20031 -20032 imp:n,p 1
300002 400002 -2.156 20010 -20011 20020 -20021 20032 -20033 imp:n,p 1
300003 400003 -2.156 20010 -20011 20020 -20021 20033 -20034 imp:n,p 1
300004 400004 -2.156 20010 -20011 20020 -20021 20034 -20035 imp:n,p 1
300005 400005 -2.156 20011 -20012 20020 -20021 20030 -20031 imp:n,p 1
300006 400006 -2.156 20011 -20012 20020 -20021 20031 -20032 imp:n,p 1
300007 400007 -2.156 20011 -20012 20020 -20021 20032 -20033 imp:n,p 1
300008 400008 -2.156 20011 -20012 20020 -20021 20033 -20034 imp:n,p 1
300009 400009 -2.156 20011 -20012 20020 -20021 20034 -20035 imp:n,p 1
300010 400010 -2.156 20012 -20013 20020 -20021 20030 -20031 imp:n,p 1
300011 400011 -2.156 20012 -20013 20020 -20021 20031 -20032 imp:n,p 1
300012 400012 -2.156 20012 -20013 20020 -20021 20032 -20033 imp:n,p 1
300013 400013 -2.156 20012 -20013 20020 -20021 20033 -20034 imp:n,p 1
300014 400014 -2.156 20012 -20013 20020 -20021 20034 -20035 imp:n,p 1
300015 400015 -2.156 20013 -20014 20020 -20021 20030 -20031 imp:n,p 1
300016 400016 -2.156 20013 -20014 20020 -20021 20031 -20032 imp:n,p 1
300017 400017 -2.156 20013 -20014 20020 -20021 20032 -20033 imp:n,p 1
300018 400018 -2.156 20013 -20014 20020 -20021 20033 -20034 imp:n,p 1
300019 400019 -2.156 20013 -20014 20020 -20021 20034 -20035 imp:n,p 1
300020 400020 -2.156 20014 -20015 20020 -20021 20030 -20031 imp:n,p 1
300021 400021 -2.156 20014 -20015 20020 -20021 20031 -20032 imp:n,p 1
300022 400022 -2.156 20014 -20015 20020 -20021 20032 -20033 imp:n,p 1
300023 400023 -2.156 20014 -20015 20020 -20021 20033 -20034 imp:n,p 1
300024 400024 -2.156 20014 -20015 20020 -20021 20034 -20035 imp:n,p 1
300025 400025 -2.156 20010 -20011 20021 -20022 20030 -20031 imp:n,p 1
300026 400026 -2.156 20010 -20011 20021 -20022 20031 -20032 imp:n,p 1
300027 400027 -2.156 20010 -20011 20021 -20022 20032 -20033 imp:n,p 1
300028 400028 -2.156 20010 -20011 20021 -20022 20033 -20034 imp:n,p 1
300029 400029 -2.156 20010 -20011 20021 -20022 20034 -20035 imp:n,p 1
300030 400030 -2.156 20011 -20012 20021 -20022 20030 -20031 imp:n,p 1
300031 400031 -2.156 20011 -20012 20021 -20022 20031 -20032 imp:n,p 1
300032 400032 -2.156 20011 -20012 20021 -20022 20032 -20033 imp:n,p 1
300033 400033 -2.156 20011 -20012 20021 -20022 20033 -20034 imp:n,p 1
300034 400034 -2.156 20011 -20012 20021 -20022 20034 -20035 imp:n,p 1
300035 400035 -2.156 20012 -20013 20021 -20022 20030 -20031 imp:n,p 1
300036 400036 -2.156 20012 -20013 20021 -20022 20031 -20032 imp:n,p 1
300037 400037 -2.156 20012 -20013 20021 -20022 20032 -20033 imp:n,p 1
300038 400038 -2.156 20012 -20013 20021 -20022 20033 -20034 imp:n,p 1
300039 400039 -2.156 20012 -20013 20021 -20022 20034 -20035 imp:n,p 1
300040 400040 -2.156 20013 -20014 20021 -20022 20030 -20031 imp:n,p 1
300041 400041 -2.156 20013 -20014 20021 -20022 20031 -20032 imp:n,p 1
300042 400042 -2.156 20013 -20014 20021 -20022 20032 -20033 imp:n,p 1
300043 400043 -2.156 20013 -20014 20021 -20022 20033 -20034 imp:n,p 1
300044 400044 -2.156 20013 -20014 20021 -20022 20034 -20035 imp:n,p 1
300045 400045 -2.156 20014 -20015 20021 -20022 20030 -20031 imp:n,p 1
300046 400046 -2.156 20014 -20015 20021 -20022 20031 -20032 imp:n,p 1
300047 400047 -2.156 20014 -20015 20021 -20022 20032 -20033 imp:n,p 1
300048 400048 -2.156 20014 -20015 20021 -20022 20033 -20034 imp:n,p 1
300049 400049 -2.156 20014 -20015 20021 -20022 20034 -20035 imp:n,p 1
300050 400050 -2.156 20010 -20011 20022 -20023 20030 -20031 imp:n,p 1
300051 400051 -2.156 20010 -20011 20022 -20023 20031 -20032 imp:n,p 1
300052 400052 -2.156 20010 -20011 20022 -20023 20032 -20033 imp:n,p 1
300053 400053 -2.156 20010 -20011 20022 -20023 20033 -20034 imp:n,p 1
300054 400054 -2.156 20010 -20011 20022 -20023 20034 -20035 imp:n,p 1
300055 400055 -2.156 20011 -20012 20022 -20023 20030 -20031 imp:n,p 1
300056 400056 -2.156 20011 -20012 20022 -20023 20031 -20032 imp:n,p 1
300057 400057 -2.156 20011 -20012 20022 -20023 20032 -20033 imp:n,p 1
300058 400058 -2.156 20011 -20012 20022 -20023 20033 -20034 imp:n,p 1
300059 400059 -2.156 20011 -20012 20022 -20023 20034 -20035 imp:n,p 1
300060 400060 -2.156 20012 -20013 20022 -20023 20030 -20031 imp:n,p 1
300061 400061 -2.156 20012 -20013 20022 -20023 20031 -20032 imp:n,p 1
300062 400062 -2.156 20012 -20013 20022 -20023 20032 -20033 imp:n,p 1
300063 400063 -2.156 20012 -20013 20022 -20023 20033 -20034 imp:n,p 1
300064 400064 -2.156 20012 -20013 20022 -20023 20034 -20035 imp:n,p 1
300065 400065 -2.156 20013 -20014 20022 -20023 20030 -20031 imp:n,p 1
300066 400066 -2.156 20013 -20014 20022 -20023 20031 -20032 imp:n,p 1
300067 400067 -2.156 20013 -20014 20022 -20023 20032 -20033 imp:n,p 1
300068 400068 -2.156 20013 -20014 20022 -20023 20033 -20034 imp:n,p 1
300069 400069 -2.156 20013 -20014 20022 -20023 20034 -20035 imp:n,p 1
300070 400070 -2.156 20014 -20015 20022 -20023 20030 -20031 imp:n,p 1
300071 400071 -2.156 20014 -20015 20022 -20023 20031 -20032 imp:n,p 1
300072 400072 -2.156 20014 -20015 20022 -20023 20032 -20033 imp:n,p 1
300073 400073 -2.156 20014 -20015 20022 -20023 20033 -20034 imp:n,p 1
300074 400074 -2.156 20014 -20015 20022 -20023 20034 -20035 imp:n,p 1
300075 400075 -2.156 20010 -20011 20023 -20024 20030 -20031 imp:n,p 1
300076 400076 -2.156 20010 -20011 20023 -20024 20031 -20032 imp:n,p 1
300077 400077 -2.156 20010 -20011 20023 -20024 20032 -20033 imp:n,p 1
300078 400078 -2.156 20010 -20011 20023 -20024 20033 -20034 imp:n,p 1
300079 400079 -2.156 20010 -20011 20023 -20024 20034 -20035 imp:n,p 1
300080 400080 -2.156 20011 -20012 20023 -20024 20030 -20031 imp:n,p 1
300081 400081 -2.156 20011 -20012 20023 -20024 20031 -20032 imp:n,p 1
300082 400082 -2.156 20011 -20012 20023 -20024 20032 -20033 imp:n,p 1
300083 400083 -2.156 20011 -20012 20023 -20024 20033 -20034 imp:n,p 1
300084 400084 -2.156 20011 -20012 20023 -20024 20034 -20035 imp:n,p 1
300085 400085 -2.156 20012 -20013 20023 -20024 20030 -20031 imp:n,p 1
300086 400086 -2.156 20012 -20013 20023 -20024 20031 -20032 imp:n,p 1
300087 400087 -2.156 20012 -20013 20023 -20024 20032 -20033 imp:n,p 1
300088 400088 -2.156 20012 -20013 20023 -20024 20033 -20034 imp:n,p 1
300089 400089 -2.156 20012 -20013 20023 -20024 20034 -20035 imp:n,p 1
300090 400090 -2.156 20013 -20014 20023 -20024 20030 -20031 imp:n,p 1
300091 400091 -2.156 20013 -20014 20023 -20024 20031 -20032 imp:n,p 1
300092 400092 -2.156 20013 -20014 20023 -20024 20032 -20033 imp:n,p 1
300093 400093 -2.156 20013 -20014 20023 -20024 20033 -20034 imp:n,p 1
300094 400094 -2.156 20013 -20014 20023 -20024 20034 -20035 imp:n,p 1
300095 400095 -2.156 20014 -20015 20023 -20024 20030 -20031 imp:n,p 1
300096 400096 -2.156 20014 -20015 20023 -20024 20031 -20032 imp:n,p 1
300097 400097 -2.156 20014 -20015 20023 -20024 20032 -20033 imp:n,p 1
300098 400098 -2.156 20014 -20015 20023 -20024 20033 -20034 imp:n,p 1
300099 400099 -2.156 20014 -20015 20023 -20024 20034 -20035 imp:n,p 1
300100 400100 -2.156 20010 -20011 20024 -20025 20030 -20031 imp:n,p 1
300101 400101 -2.156 20010 -20011 20024 -20025 20031 -20032 imp:n,p 1
300102 400102 -2.156 20010 -20011 20024 -20025 20032 -20033 imp:n,p 1
300103 400103 -2.156 20010 -20011 20024 -20025 20033 -20034 imp:n,p 1
300104 400104 -2.156 20010 -20011 20024 -20025 20034 -20035 imp:n,p 1
300105 400105 -2.156 20011 -20012 20024 -20025 20030 -20031 imp:n,p 1
300106 400106 -2.156 20011 -20012 20024 -20025 20031 -20032 imp:n,p 1
300107 400107 -2.156 20011 -20012 20024 -20025 20032 -20033 imp:n,p 1
300108 400108 -2.156 20011 -20012 20024 -20025 20033 -20034 imp:n,p 1
300109 400109 -2.156 20011 -20012 20024 -20025 20034 -20035 imp:n,p 1
300110 400110 -2.156 20012 -20013 20024 -20025 20030 -20031 imp:n,p 1
300111 400111 -2.156 20012 -20013 20024 -20025 20031 -20032 imp:n,p 1
300112 400112 -2.156 20012 -20013 20024 -20025 20032 -20033 imp:n,p 1
300113 400113 -2.156 20012 -20013 20024 -20025 20033 -20034 imp:n,p 1
300114 400114 -2.156 20012 -20013 20024 -20025 20034 -20035 imp:n,p 1
300115 400115 -2.156 20013 -20014 20024 -20025 20030 -20031 imp:n,p 1
300116 400116 -2.156 20013 -20014 20024 -20025 20031 -20032 imp:n,p 1
300117 400117 -2.156 20013 -20014 20024 -20025 20032 -20033 imp:n,p 1
300118 400118 -2.156 20013 -20014 20024 -20025 20033 -20034 imp:n,p 1
300119 400119 -2.156 20013 -20014 20024 -20025 20034 -20035 imp:n,p 1
300120 400120 -2.156 20014 -20015 20024 -20025 20030 -20031 imp:n,p 1
300121 400121 -2.156 20014 -20015 20024 -20025 20031 -20032 imp:n,p 1
300122 400122 -2.156 20014 -20015 20024 -20025 20032 -20033 imp:n,p 1
300123 400123 -2.156 20014 -20015 20024 -20025 20033 -20034 imp:n,p 1
300124 400124 -2.156 20014 -20015 20024 -20025 20034 -20035 imp:n,p 1
c
30 12 -0.00129 -200 #101 #121 #122 #123 #124 #125 #126 #127 #128 #129 #130 #131 #132 #133
        #21 #211 #212 #22 #221 #222 #23 #231 #232 #24 #241 #242 #20 imp:n,p 1 $Rest of the World
31 0 200 imp:n,p 0 $Outside world

c SURFACE CARDS
c
c Sample Volume
20010 px -56.0
20011 px -33.600000000000364
20012 px -11.200000000000728
20013 px 11.200000000000728
20014 px 33.600000000000364
20015 px 56.0
20020 py -45.0
20021 py -27.0
20022 py -9.0
20023 py 9.0
20024 py 27.0
20025 py 45.0
20030 pz 92.0
20031 pz 82.0
20032 pz 72.0
20033 pz 62.0
20034 pz 52.0
20035 pz 42.0
c Active Detector Region
21 rcc 56  -5.0 -1.0   0.0 20.3 0.0   4.5 $Detector 1 Base center, Hx,Hy,Hz, radius
c Shielding Surfaces
c Shielding Pb
31 rpp 19 29 -7.5 7.5 -11 9 $PbPE xmin xmax ymin ymax zmin zmax
32 rpp 9 19 4 9 -11 9 $Pb xmin xmax ymin ymax zmin zmax
33 rpp 9 19 -9 -4 -11 9 $Pb xmin xmax ymin ymax zmin zmax
34 rpp 19 29 7.5 12.5 -11 9 $Pb xmin xmax ymin ymax zmin zmax
35 rpp 19 29 -12.5 -7.5 -11 9 $Pb xmin xmax ymin ymax zmin zmax
36 rpp 29 34 -15 15 -11 9 $Pb xmin xmax ymin ymax zmin zmax
37 rpp 9 19 -4 4 4 9 $Pb xmin xmax ymin ymax zmin zmax
38 rpp -26 26 18 28 -11 9 $BA1 xmin xmax ymin ymax zmin zmax
39 rpp -26 26 -28 -18 -11 9 $BA2 xmin xmax ymin ymax zmin zmax
40 rpp -65 65 -28 28 10 10.5 $Al xmin xmax ymin ymax zmin zmax
401 rpp -27 27 29 34 -11 9 $Fe xmin xmax ymin ymax zmin zmax
402 rpp -27 27 -34 -29 -11 9 $Fe xmin xmax ymin ymax zmin zmax
301 px -20
302 px 18
303 cx 3.71
304 cx 3.81
c Wheels Surfaces
c 23/10.5-12 turf tires, 22.6 lb rubber
c diameter 29cm, tread width 25cm, and sidewall height 13.76 cm
c set thickness of all sides 1.3 cm (s.t. weight is 22.6 lb)
41 rcc -2 77 8   0.0 25 0.0 29 $wheel 1 outer tread surface
42 rcc -2 77 8   0.0 25 0.0 27.7 $wheel 1 inner tread surface
421 rcc -2 75.7 8   0.0 1.3 0.0 29 $wheel 1 outside sidewall exterior
422 rcc -2 75.7 8   0.0 1.3 0.0 15.24 $wheel 1 outside sidewall interior
423 rcc -2 102 8   0.0 1.3 0.0 29 $wheel 1 inside sidewall exterior
424 rcc -2 102 8   0.0 1.3 0.0 15.24 $wheel 1 inside sidewall interior
43 rcc 68 77 8   0.0 25 0.0 29 $wheel 2
44 rcc 68 77 8   0.0 25 0.0 27.7
441 rcc 68 75.7 8   0.0 1.3 0.0 29
442 rcc 68 75.7 8   0.0 1.3 0.0 15.24
443 rcc 68 102 8   0.0 1.3 0.0 29
444 rcc 68 102 8   0.0 1.3 0.0 15.24
45 rcc -2 -77 8   0.0 -25 0.0 29 $wheel 3
46 rcc -2 -77 8   0.0 -25 0.0 27.7
461 rcc -2 -75.7 8   0.0 -1.3 0.0 29
462 rcc -2 -75.7 8   0.0 -1.3 0.0 15.24
463 rcc -2 -102 8   0.0 -1.3 0.0 29
464 rcc -2 -102 8   0.0 -1.3 0.0 15.24
47 rcc 68 -77 8   0.0 -25 0.0 29 $wheel 4
48 rcc 68 -77 8   0.0 -25 0.0 27.7
481 rcc 68 -75.7 8   0.0 -1.3 0.0 29
482 rcc 68 -75.7 8   0.0 -1.3 0.0 15.24
483 rcc 68 -102 8   0.0 -1.3 0.0 29
484 rcc 68 -102 8   0.0 -1.3 0.0 15.24
200 so 800    $sphere of 800cm centered at origin
c

c DATA CARDS
mode n p
c dump every hr
prdmp -60 -60 -1
c 100 keV Neutron Energy Cutoff
Cut:n 1j 0.1
c analog neutron transport
phys:n 1j 14
phys:p
sdef pos=0 0 0 erg=14.0 vec= 0 0 1 dir=d1
si1  -1 .93 1
sp1   0  0.0  1.0
c ********************
c begin material cards
c ********************
c Pure Carbon
c ****************************************
m400000 6000 -0.0006976809681033173 7000 -0.0006976809681033173 14000 -0.9986046380637934 
m400001 6000 -0.001999367747108994 7000 -0.001999367747108994 14000 -0.9960012645057817 
m400002 6000 -0.004201353267412894 7000 -0.004201353267412894 14000 -0.9915972934651742 
m400003 6000 -0.0061735193351362 7000 -0.0061735193351362 14000 -0.9876529613297272 
m400004 6000 -0.008226657420034538 7000 -0.008226657420034538 14000 -0.9835466851599306 
m400005 6000 -0.0006520636695511382 7000 -0.0006520636695511382 14000 -0.9986958726608975 
m400006 6000 -0.002156460548315929 7000 -0.002156460548315929 14000 -0.9956870789033679 
m400007 6000 -0.004170043112608388 7000 -0.004170043112608388 14000 -0.9916599137747829 
m400008 6000 -0.005954320517849153 7000 -0.005954320517849153 14000 -0.9880913589643017 
m400009 6000 -0.00817141794811925 7000 -0.00817141794811925 14000 -0.9836571641037611 
m400010 6000 -0.0007592921833609534 7000 -0.0007592921833609534 14000 -0.9984814156332782 
m400011 6000 -0.0023228417397633066 7000 -0.0023228417397633066 14000 -0.9953543165204729 
m400012 6000 -0.004307756801250644 7000 -0.004307756801250644 14000 -0.9913844863974984 
m400013 6000 -0.006378979846544888 7000 -0.006378979846544888 14000 -0.9872420403069103 
m400014 6000 -0.008576663420200506 7000 -0.008576663420200506 14000 -0.982846673159599 
m400015 6000 -0.00051704285316111 7000 -0.00051704285316111 14000 -0.998965914293678 
m400016 6000 -0.0023122065975178024 7000 -0.0023122065975178024 14000 -0.9953755868049641 
m400017 6000 -0.003997045679106679 7000 -0.003997045679106679 14000 -0.992005908641787 
m400018 6000 -0.006329754151442494 7000 -0.006329754151442494 14000 -0.9873404916971148 
m400019 6000 -0.008445710278612812 7000 -0.008445710278612812 14000 -0.9831085794427744 
m400020 6000 -0.0007823806006410105 7000 -0.0007823806006410105 14000 -0.998435238798718 
m400021 6000 -0.0020924667171027564 7000 -0.0020924667171027564 14000 -0.9958150665657943 
m400022 6000 -0.004184638593765596 7000 -0.004184638593765596 14000 -0.9916307228124684 
m400023 6000 -0.006034624982050109 7000 -0.006034624982050109 14000 -0.9879307500358999 
m400024 6000 -0.008536410668984274 7000 -0.008536410668984274 14000 -0.9829271786620314 
m400025 6000 -0.0005628737077108931 7000 -0.0005628737077108931 14000 -0.9988742525845783 
m400026 6000 -0.002087917579876976 7000 -0.002087917579876976 14000 -0.9958241648402462 
m400027 6000 -0.00420787214952355 7000 -0.00420787214952355 14000 -0.9915842557009529 
m400028 6000 -0.0062358961660857444 7000 -0.0062358961660857444 14000 -0.9875282076678288 
m400029 6000 -0.008068370256148786 7000 -0.008068370256148786 14000 -0.983863259487702 
m400030 6000 -0.0007732111893951907 7000 -0.0007732111893951907 14000 -0.9984535776212096 
m400031 6000 -0.002113453096883668 7000 -0.002113453096883668 14000 -0.9957730938062324 
m400032 6000 -0.004104937085147277 7000 -0.004104937085147277 14000 -0.9917901258297056 
m400033 6000 -0.006185635038461178 7000 -0.006185635038461178 14000 -0.9876287299230776 
m400034 6000 -0.008208304891623693 7000 -0.008208304891623693 14000 -0.9835833902167528 
m400035 6000 -0.0006528042006502888 7000 -0.0006528042006502888 14000 -0.9986943915986994 
m400036 6000 -0.002326147053165082 7000 -0.002326147053165082 14000 -0.9953477058936697 
m400037 6000 -0.00394926717457977 7000 -0.00394926717457977 14000 -0.99210146565084 
m400038 6000 -0.006205066719057956 7000 -0.006205066719057956 14000 -0.9875898665618841 
m400039 6000 -0.008127944451607465 7000 -0.008127944451607465 14000 -0.9837441110967847 
m400040 6000 -0.00034648435655422477 7000 -0.00034648435655422477 14000 -0.9993070312868915 
m400041 6000 -0.00174029125998512 7000 -0.00174029125998512 14000 -0.9965194174800296 
m400042 6000 -0.004229175810961023 7000 -0.004229175810961023 14000 -0.9915416483780777 
m400043 6000 -0.006343034445390015 7000 -0.006343034445390015 14000 -0.9873139311092199 
m400044 6000 -0.007998171657960448 7000 -0.007998171657960448 14000 -0.9840036566840792 
m400045 6000 -0.0007308548349920216 7000 -0.0007308548349920216 14000 -0.9985382903300161 
m400046 6000 -0.0023334055303063633 7000 -0.0023334055303063633 14000 -0.9953331889393874 
m400047 6000 -0.004020555285436076 7000 -0.004020555285436076 14000 -0.9919588894291277 
m400048 6000 -0.006312208522691266 7000 -0.006312208522691266 14000 -0.9873755829546177 
m400049 6000 -0.00803553647490477 7000 -0.00803553647490477 14000 -0.983928927050191 
m400050 6000 -0.0006006448135908042 7000 -0.0006006448135908042 14000 -0.9987987103728184 
m400051 6000 -0.0020553488597960597 7000 -0.0020553488597960597 14000 -0.9958893022804081 
m400052 6000 -0.004111429975598806 7000 -0.004111429975598806 14000 -0.9917771400488022 
m400053 6000 -0.006196966649892182 7000 -0.006196966649892182 14000 -0.9876060667002156 
m400054 6000 -0.00811722747460146 7000 -0.00811722747460146 14000 -0.983765545050797 
m400055 6000 -0.0008016971564963179 7000 -0.0008016971564963179 14000 -0.9983966056870073 
m400056 6000 -0.002020467915921194 7000 -0.002020467915921194 14000 -0.9959590641681575 
m400057 6000 -0.004025581399747098 7000 -0.004025581399747098 14000 -0.9919488372005061 
m400058 6000 -0.006316290750260179 7000 -0.006316290750260179 14000 -0.9873674184994795 
m400059 6000 -0.008152163076019781 7000 -0.008152163076019781 14000 -0.9836956738479604 
m400060 6000 -0.000672640088355122 7000 -0.000672640088355122 14000 -0.9986547198232897 
m400061 6000 -0.002364437896035665 7000 -0.002364437896035665 14000 -0.9952711242079287 
m400062 6000 -0.0041370293302232875 7000 -0.0041370293302232875 14000 -0.9917259413395534 
m400063 6000 -0.006332785834815648 7000 -0.006332785834815648 14000 -0.9873344283303687 
m400064 6000 -0.007935971375613065 7000 -0.007935971375613065 14000 -0.9841280572487738 
m400065 6000 -0.000598151447589707 7000 -0.000598151447589707 14000 -0.9988036971048209 
m400066 6000 -0.002054038867817721 7000 -0.002054038867817721 14000 -0.9958919222643646 
m400067 6000 -0.004705796380905652 7000 -0.004705796380905652 14000 -0.9905884072381888 
m400068 6000 -0.0061745370756857345 7000 -0.0061745370756857345 14000 -0.9876509258486286 
m400069 6000 -0.008012572329223389 7000 -0.008012572329223389 14000 -0.9839748553415533 
m400070 6000 -0.0005594228898919608 7000 -0.0005594228898919608 14000 -0.9988811542202163 
m400071 6000 -0.002048574268110084 7000 -0.002048574268110084 14000 -0.99590285146378 
m400072 6000 -0.004310839625597688 7000 -0.004310839625597688 14000 -0.9913783207488048 
m400073 6000 -0.006307933856972969 7000 -0.006307933856972969 14000 -0.9873841322860543 
m400074 6000 -0.008234999676218928 7000 -0.008234999676218928 14000 -0.9835300006475624 
m400075 6000 -0.0005979577131596841 7000 -0.0005979577131596841 14000 -0.9988040845736808 
m400076 6000 -0.0019411588618788156 7000 -0.0019411588618788156 14000 -0.9961176822762422 
m400077 6000 -0.0038191220309372314 7000 -0.0038191220309372314 14000 -0.9923617559381255 
m400078 6000 -0.006172268673146731 7000 -0.006172268673146731 14000 -0.9876554626537066 
m400079 6000 -0.008204784114752242 7000 -0.008204784114752242 14000 -0.9835904317704955 
m400080 6000 -0.0006076498793999224 7000 -0.0006076498793999224 14000 -0.9987847002411999 
m400081 6000 -0.0020551087765959624 7000 -0.0020551087765959624 14000 -0.9958897824468085 
m400082 6000 -0.004426882393143189 7000 -0.004426882393143189 14000 -0.9911462352137137 
m400083 6000 -0.005991603459656342 7000 -0.005991603459656342 14000 -0.9880167930806876 
m400084 6000 -0.008074927559886253 7000 -0.008074927559886253 14000 -0.9838501448802279 
m400085 6000 -0.0006663339874916259 7000 -0.0006663339874916259 14000 -0.9986673320250168 
m400086 6000 -0.0020524446519203958 7000 -0.0020524446519203958 14000 -0.9958951106961593 
m400087 6000 -0.004190112726676272 7000 -0.004190112726676272 14000 -0.9916197745466475 
m400088 6000 -0.006165806641096512 7000 -0.006165806641096512 14000 -0.9876683867178069 
m400089 6000 -0.007850200379007884 7000 -0.007850200379007884 14000 -0.9842995992419843 
m400090 6000 -0.0005908542268593243 7000 -0.0005908542268593243 14000 -0.9988182915462812 
m400091 6000 -0.0020605555199592978 7000 -0.0020605555199592978 14000 -0.9958788889600811 
m400092 6000 -0.004200361012604143 7000 -0.004200361012604143 14000 -0.991599277974792 
m400093 6000 -0.006243364586545218 7000 -0.006243364586545218 14000 -0.9875132708269098 
m400094 6000 -0.008248615867221766 7000 -0.008248615867221766 14000 -0.9835027682655564 
m400095 6000 -0.0006185054306339699 7000 -0.0006185054306339699 14000 -0.9987629891387317 
m400096 6000 -0.0021625597591765225 7000 -0.0021625597591765225 14000 -0.9956748804816471 
m400097 6000 -0.004016068524513784 7000 -0.004016068524513784 14000 -0.9919678629509722 
m400098 6000 -0.006198299707240958 7000 -0.006198299707240958 14000 -0.9876034005855179 
m400099 6000 -0.00816209181233778 7000 -0.00816209181233778 14000 -0.9836758163753242 
m400100 6000 -0.0005645202436231434 7000 -0.0005645202436231434 14000 -0.9988709595127537 
m400101 6000 -0.002442636626151771 7000 -0.002442636626151771 14000 -0.9951147267476967 
m400102 6000 -0.00424285766447861 7000 -0.00424285766447861 14000 -0.991514284671043 
m400103 6000 -0.006219563345114416 7000 -0.006219563345114416 14000 -0.987560873309771 
m400104 6000 -0.008252251017751521 7000 -0.008252251017751521 14000 -0.9834954979644966 
m400105 6000 -0.0006404987802031028 7000 -0.0006404987802031028 14000 -0.998719002439594 
m400106 6000 -0.0019604561542398828 7000 -0.0019604561542398828 14000 -0.9960790876915199 
m400107 6000 -0.004106051781847809 7000 -0.004106051781847809 14000 -0.9917878964363043 
m400108 6000 -0.0061614261814099455 7000 -0.0061614261814099455 14000 -0.9876771476371802 
m400109 6000 -0.007897581709408944 7000 -0.007897581709408944 14000 -0.9842048365811822 
m400110 6000 -0.0006936761610777487 7000 -0.0006936761610777487 14000 -0.9986126476778446 
m400111 6000 -0.002093778575515473 7000 -0.002093778575515473 14000 -0.995812442848969 
m400112 6000 -0.004217742288512685 7000 -0.004217742288512685 14000 -0.9915645154229743 
m400113 6000 -0.006353137572637822 7000 -0.006353137572637822 14000 -0.9872937248547246 
m400114 6000 -0.008004196033504975 7000 -0.008004196033504975 14000 -0.9839916079329903 
m400115 6000 -0.000512297348563974 7000 -0.000512297348563974 14000 -0.9989754053028722 
m400116 6000 -0.0021351533756787697 7000 -0.0021351533756787697 14000 -0.9957296932486426 
m400117 6000 -0.0039016843686867954 7000 -0.0039016843686867954 14000 -0.9921966312626264 
m400118 6000 -0.006555390108360406 7000 -0.006555390108360406 14000 -0.9868892197832794 
m400119 6000 -0.007817384099795066 7000 -0.007817384099795066 14000 -0.9843652318004098 
m400120 6000 -0.0007313017245531661 7000 -0.0007313017245531661 14000 -0.9985373965508936 
m400121 6000 -0.002011814983129943 7000 -0.002011814983129943 14000 -0.9959763700337401 
m400122 6000 -0.004393037917332432 7000 -0.004393037917332432 14000 -0.9912139241653354 
m400123 6000 -0.006204750874746424 7000 -0.006204750874746424 14000 -0.9875904982505069 
m400124 6000 -0.008145200759282527 7000 -0.008145200759282527 14000 -0.983709598481435 
c **********************************
c PE+Pb, dens=4.78 g/cm3
m2      6000    -0.04286 $Carbon
        1001    -0.00714 $Hydrogen
        82000   -0.95000 $Lead
c **********************************
m3    1001 -0.048535 $Boric acid
      5010 -0.034981
      5011 -0.139923
      8016 -0.776561
c **********************************
m4    82000 1 $Lead
c **********************************
m5 26000 1 $Iron
c **********************************
m6     13027   -1.000 $ Aluminum
c **********************************
c  SS-304 (8.00 g/cm3), #298 in PNNL Compendium
m7   006000.50c -0.0004000
     014000.60c -0.0050000
     015031.50c -0.0002300
     016000.60c -0.0001500
     024000.50c -0.1899981
     025055.60c -0.0099999
     026000.50c -0.7017229
     028000.50c -0.0924991
c ****************************************
c       LaBr detector
c ****************************************
m8       35079    -0.2946       $ Br79
         35081    -0.3069       $ Br81
         57139    -0.3485       $ La139
         58140    -0.0500       $ Ce140
c ************ air den=1.15e-3g/cc
m12     8016 -0.23
        7014 -0.77
c ************ Rubber Natural den=0.92 g/cc
m13     1001 -0.118371  $weight fraction
        6000 -0.881629
c
c end material cards
c
rand seed=8674536546524321 $different initial random #; seed# - any less 18 digits
c
c ********** begin tallies *********************
fc78 *********Broadened Pulse Height Tally Sum of Detectors 1,2 & 3 ***********
e78 0 1e-5 932i 8.4295
F78:p (101)
FT78 GEB -0.026198 0.059551 -0.037176
fc18 *********Unbroadened Pulse Height Tally Sum of Detectors 1,2 & 3 ***********
e18 0 1e-5 932i 8.4295
F18:p (101)
c ***********************************
c mplot tal 78 freq 10000
nps 1e9
