c CAS DETECTOR
c w/ Shielding in Place and Wheels
c
c CELL CARDS
c
c @@@@@@@@@@ Detectors @@@@@@@@@@@@@@@@@
c
101 8 -5.08 -21 imp:n,p 1 $LaBr Detector #1 Active Region
c
c @@@@@@@@@ Shielding @@@@@@@@@@@@@@@@@
c
121 2 -4.78 -31 imp:n,p 1 $PE_Pb
122 4 -11.29 -32 imp:n,p 1 $Pb1
123 4 -11.29 -33 imp:n,p 1 $Pb2
124 4 -11.29 -34 imp:n,p 1 $Pb3
125 4 -11.29 -35 imp:n,p 1 $Pb4
126 4 -11.29 -36 imp:n,p 1 $Pb5
127 4 -11.29 -37 imp:n,p 1 $Pb6
128 3 -1.5 -38 imp:n,p 1 $BA1
129 3 -1.5 -39 imp:n,p 1 $BA2
130 6 -2.7 -40 imp:n,p 1 $Al
131 7 -7.92 301 -302 303 -304 imp:n,p 1 $Fe-tube
132 5 -7.8 -401 imp:n,p 1 $Fe
133 5 -7.8 -402 imp:n,p 1 $Fe
c @@@@@@@@@@ Wheels @@@@@@@@@@@@@@@@@
c
21 13 -0.92 -41 42 imp:n,p 1 $Wheel 1
211 13 -0.92 -421 422 imp:n,p 1 $Wheel 1
212 13 -0.92 -423 424 imp:n,p 1 $Wheel 1
22 13 -0.92 -43 44 imp:n,p 1 $Wheel 2
221 13 -0.92 -441 442 imp:n,p 1 $Wheel 2
222 13 -0.92 -443 444 imp:n,p 1 $Wheel 2
23 13 -0.92 -45 46 imp:n,p 1 $Wheel 3
231 13 -0.92 -461 462 imp:n,p 1 $Wheel 3
232 13 -0.92 -463 464 imp:n,p 1 $Wheel 3
24 13 -0.92 -47 48 imp:n,p 1 $Wheel 4
241 13 -0.92 -481 482 imp:n,p 1 $Wheel 4
242 13 -0.92 -483 484 imp:n,p 1 $Wheel 4
c
c @@@@@@@@@@ SOIL VOLUME @@@@@@@@@@@
c
300000 400000 -2.156 20010 -20011 20020 -20021 20030 -20031 imp:n,p 1
300001 400001 -2.156 20010 -20011 20020 -20021 20031 -20032 imp:n,p 1
300002 400002 -2.156 20010 -20011 20020 -20021 20032 -20033 imp:n,p 1
300003 400003 -2.156 20010 -20011 20020 -20021 20033 -20034 imp:n,p 1
300004 400004 -2.156 20010 -20011 20020 -20021 20034 -20035 imp:n,p 1
300005 400005 -2.156 20011 -20012 20020 -20021 20030 -20031 imp:n,p 1
300006 400006 -2.156 20011 -20012 20020 -20021 20031 -20032 imp:n,p 1
300007 400007 -2.156 20011 -20012 20020 -20021 20032 -20033 imp:n,p 1
300008 400008 -2.156 20011 -20012 20020 -20021 20033 -20034 imp:n,p 1
300009 400009 -2.156 20011 -20012 20020 -20021 20034 -20035 imp:n,p 1
300010 400010 -2.156 20012 -20013 20020 -20021 20030 -20031 imp:n,p 1
300011 400011 -2.156 20012 -20013 20020 -20021 20031 -20032 imp:n,p 1
300012 400012 -2.156 20012 -20013 20020 -20021 20032 -20033 imp:n,p 1
300013 400013 -2.156 20012 -20013 20020 -20021 20033 -20034 imp:n,p 1
300014 400014 -2.156 20012 -20013 20020 -20021 20034 -20035 imp:n,p 1
300015 400015 -2.156 20013 -20014 20020 -20021 20030 -20031 imp:n,p 1
300016 400016 -2.156 20013 -20014 20020 -20021 20031 -20032 imp:n,p 1
300017 400017 -2.156 20013 -20014 20020 -20021 20032 -20033 imp:n,p 1
300018 400018 -2.156 20013 -20014 20020 -20021 20033 -20034 imp:n,p 1
300019 400019 -2.156 20013 -20014 20020 -20021 20034 -20035 imp:n,p 1
300020 400020 -2.156 20014 -20015 20020 -20021 20030 -20031 imp:n,p 1
300021 400021 -2.156 20014 -20015 20020 -20021 20031 -20032 imp:n,p 1
300022 400022 -2.156 20014 -20015 20020 -20021 20032 -20033 imp:n,p 1
300023 400023 -2.156 20014 -20015 20020 -20021 20033 -20034 imp:n,p 1
300024 400024 -2.156 20014 -20015 20020 -20021 20034 -20035 imp:n,p 1
300025 400025 -2.156 20010 -20011 20021 -20022 20030 -20031 imp:n,p 1
300026 400026 -2.156 20010 -20011 20021 -20022 20031 -20032 imp:n,p 1
300027 400027 -2.156 20010 -20011 20021 -20022 20032 -20033 imp:n,p 1
300028 400028 -2.156 20010 -20011 20021 -20022 20033 -20034 imp:n,p 1
300029 400029 -2.156 20010 -20011 20021 -20022 20034 -20035 imp:n,p 1
300030 400030 -2.156 20011 -20012 20021 -20022 20030 -20031 imp:n,p 1
300031 400031 -2.156 20011 -20012 20021 -20022 20031 -20032 imp:n,p 1
300032 400032 -2.156 20011 -20012 20021 -20022 20032 -20033 imp:n,p 1
300033 400033 -2.156 20011 -20012 20021 -20022 20033 -20034 imp:n,p 1
300034 400034 -2.156 20011 -20012 20021 -20022 20034 -20035 imp:n,p 1
300035 400035 -2.156 20012 -20013 20021 -20022 20030 -20031 imp:n,p 1
300036 400036 -2.156 20012 -20013 20021 -20022 20031 -20032 imp:n,p 1
300037 400037 -2.156 20012 -20013 20021 -20022 20032 -20033 imp:n,p 1
300038 400038 -2.156 20012 -20013 20021 -20022 20033 -20034 imp:n,p 1
300039 400039 -2.156 20012 -20013 20021 -20022 20034 -20035 imp:n,p 1
300040 400040 -2.156 20013 -20014 20021 -20022 20030 -20031 imp:n,p 1
300041 400041 -2.156 20013 -20014 20021 -20022 20031 -20032 imp:n,p 1
300042 400042 -2.156 20013 -20014 20021 -20022 20032 -20033 imp:n,p 1
300043 400043 -2.156 20013 -20014 20021 -20022 20033 -20034 imp:n,p 1
300044 400044 -2.156 20013 -20014 20021 -20022 20034 -20035 imp:n,p 1
300045 400045 -2.156 20014 -20015 20021 -20022 20030 -20031 imp:n,p 1
300046 400046 -2.156 20014 -20015 20021 -20022 20031 -20032 imp:n,p 1
300047 400047 -2.156 20014 -20015 20021 -20022 20032 -20033 imp:n,p 1
300048 400048 -2.156 20014 -20015 20021 -20022 20033 -20034 imp:n,p 1
300049 400049 -2.156 20014 -20015 20021 -20022 20034 -20035 imp:n,p 1
300050 400050 -2.156 20010 -20011 20022 -20023 20030 -20031 imp:n,p 1
300051 400051 -2.156 20010 -20011 20022 -20023 20031 -20032 imp:n,p 1
300052 400052 -2.156 20010 -20011 20022 -20023 20032 -20033 imp:n,p 1
300053 400053 -2.156 20010 -20011 20022 -20023 20033 -20034 imp:n,p 1
300054 400054 -2.156 20010 -20011 20022 -20023 20034 -20035 imp:n,p 1
300055 400055 -2.156 20011 -20012 20022 -20023 20030 -20031 imp:n,p 1
300056 400056 -2.156 20011 -20012 20022 -20023 20031 -20032 imp:n,p 1
300057 400057 -2.156 20011 -20012 20022 -20023 20032 -20033 imp:n,p 1
300058 400058 -2.156 20011 -20012 20022 -20023 20033 -20034 imp:n,p 1
300059 400059 -2.156 20011 -20012 20022 -20023 20034 -20035 imp:n,p 1
300060 400060 -2.156 20012 -20013 20022 -20023 20030 -20031 imp:n,p 1
300061 400061 -2.156 20012 -20013 20022 -20023 20031 -20032 imp:n,p 1
300062 400062 -2.156 20012 -20013 20022 -20023 20032 -20033 imp:n,p 1
300063 400063 -2.156 20012 -20013 20022 -20023 20033 -20034 imp:n,p 1
300064 400064 -2.156 20012 -20013 20022 -20023 20034 -20035 imp:n,p 1
300065 400065 -2.156 20013 -20014 20022 -20023 20030 -20031 imp:n,p 1
300066 400066 -2.156 20013 -20014 20022 -20023 20031 -20032 imp:n,p 1
300067 400067 -2.156 20013 -20014 20022 -20023 20032 -20033 imp:n,p 1
300068 400068 -2.156 20013 -20014 20022 -20023 20033 -20034 imp:n,p 1
300069 400069 -2.156 20013 -20014 20022 -20023 20034 -20035 imp:n,p 1
300070 400070 -2.156 20014 -20015 20022 -20023 20030 -20031 imp:n,p 1
300071 400071 -2.156 20014 -20015 20022 -20023 20031 -20032 imp:n,p 1
300072 400072 -2.156 20014 -20015 20022 -20023 20032 -20033 imp:n,p 1
300073 400073 -2.156 20014 -20015 20022 -20023 20033 -20034 imp:n,p 1
300074 400074 -2.156 20014 -20015 20022 -20023 20034 -20035 imp:n,p 1
300075 400075 -2.156 20010 -20011 20023 -20024 20030 -20031 imp:n,p 1
300076 400076 -2.156 20010 -20011 20023 -20024 20031 -20032 imp:n,p 1
300077 400077 -2.156 20010 -20011 20023 -20024 20032 -20033 imp:n,p 1
300078 400078 -2.156 20010 -20011 20023 -20024 20033 -20034 imp:n,p 1
300079 400079 -2.156 20010 -20011 20023 -20024 20034 -20035 imp:n,p 1
300080 400080 -2.156 20011 -20012 20023 -20024 20030 -20031 imp:n,p 1
300081 400081 -2.156 20011 -20012 20023 -20024 20031 -20032 imp:n,p 1
300082 400082 -2.156 20011 -20012 20023 -20024 20032 -20033 imp:n,p 1
300083 400083 -2.156 20011 -20012 20023 -20024 20033 -20034 imp:n,p 1
300084 400084 -2.156 20011 -20012 20023 -20024 20034 -20035 imp:n,p 1
300085 400085 -2.156 20012 -20013 20023 -20024 20030 -20031 imp:n,p 1
300086 400086 -2.156 20012 -20013 20023 -20024 20031 -20032 imp:n,p 1
300087 400087 -2.156 20012 -20013 20023 -20024 20032 -20033 imp:n,p 1
300088 400088 -2.156 20012 -20013 20023 -20024 20033 -20034 imp:n,p 1
300089 400089 -2.156 20012 -20013 20023 -20024 20034 -20035 imp:n,p 1
300090 400090 -2.156 20013 -20014 20023 -20024 20030 -20031 imp:n,p 1
300091 400091 -2.156 20013 -20014 20023 -20024 20031 -20032 imp:n,p 1
300092 400092 -2.156 20013 -20014 20023 -20024 20032 -20033 imp:n,p 1
300093 400093 -2.156 20013 -20014 20023 -20024 20033 -20034 imp:n,p 1
300094 400094 -2.156 20013 -20014 20023 -20024 20034 -20035 imp:n,p 1
300095 400095 -2.156 20014 -20015 20023 -20024 20030 -20031 imp:n,p 1
300096 400096 -2.156 20014 -20015 20023 -20024 20031 -20032 imp:n,p 1
300097 400097 -2.156 20014 -20015 20023 -20024 20032 -20033 imp:n,p 1
300098 400098 -2.156 20014 -20015 20023 -20024 20033 -20034 imp:n,p 1
300099 400099 -2.156 20014 -20015 20023 -20024 20034 -20035 imp:n,p 1
300100 400100 -2.156 20010 -20011 20024 -20025 20030 -20031 imp:n,p 1
300101 400101 -2.156 20010 -20011 20024 -20025 20031 -20032 imp:n,p 1
300102 400102 -2.156 20010 -20011 20024 -20025 20032 -20033 imp:n,p 1
300103 400103 -2.156 20010 -20011 20024 -20025 20033 -20034 imp:n,p 1
300104 400104 -2.156 20010 -20011 20024 -20025 20034 -20035 imp:n,p 1
300105 400105 -2.156 20011 -20012 20024 -20025 20030 -20031 imp:n,p 1
300106 400106 -2.156 20011 -20012 20024 -20025 20031 -20032 imp:n,p 1
300107 400107 -2.156 20011 -20012 20024 -20025 20032 -20033 imp:n,p 1
300108 400108 -2.156 20011 -20012 20024 -20025 20033 -20034 imp:n,p 1
300109 400109 -2.156 20011 -20012 20024 -20025 20034 -20035 imp:n,p 1
300110 400110 -2.156 20012 -20013 20024 -20025 20030 -20031 imp:n,p 1
300111 400111 -2.156 20012 -20013 20024 -20025 20031 -20032 imp:n,p 1
300112 400112 -2.156 20012 -20013 20024 -20025 20032 -20033 imp:n,p 1
300113 400113 -2.156 20012 -20013 20024 -20025 20033 -20034 imp:n,p 1
300114 400114 -2.156 20012 -20013 20024 -20025 20034 -20035 imp:n,p 1
300115 400115 -2.156 20013 -20014 20024 -20025 20030 -20031 imp:n,p 1
300116 400116 -2.156 20013 -20014 20024 -20025 20031 -20032 imp:n,p 1
300117 400117 -2.156 20013 -20014 20024 -20025 20032 -20033 imp:n,p 1
300118 400118 -2.156 20013 -20014 20024 -20025 20033 -20034 imp:n,p 1
300119 400119 -2.156 20013 -20014 20024 -20025 20034 -20035 imp:n,p 1
300120 400120 -2.156 20014 -20015 20024 -20025 20030 -20031 imp:n,p 1
300121 400121 -2.156 20014 -20015 20024 -20025 20031 -20032 imp:n,p 1
300122 400122 -2.156 20014 -20015 20024 -20025 20032 -20033 imp:n,p 1
300123 400123 -2.156 20014 -20015 20024 -20025 20033 -20034 imp:n,p 1
300124 400124 -2.156 20014 -20015 20024 -20025 20034 -20035 imp:n,p 1
c
30 12 -0.00129 -200 #101 #121 #122 #123 #124 #125 #126 #127 #128 #129 #130 #131 #132 #133
        #21 #211 #212 #22 #221 #222 #23 #231 #232 #24 #241 #242 #20 imp:n,p 1 $Rest of the World
31 0 200 imp:n,p 0 $Outside world

c SURFACE CARDS
c
c Sample Volume
20010 px -56.0
20011 px -33.600000000000364
20012 px -11.200000000000728
20013 px 11.200000000000728
20014 px 33.600000000000364
20015 px 56.0
20020 py -45.0
20021 py -27.0
20022 py -9.0
20023 py 9.0
20024 py 27.0
20025 py 45.0
20030 pz 92.0
20031 pz 82.0
20032 pz 72.0
20033 pz 62.0
20034 pz 52.0
20035 pz 42.0
c Active Detector Region
21 rcc 56  -5.0 -1.0   0.0 20.3 0.0   4.5 $Detector 1 Base center, Hx,Hy,Hz, radius
c Shielding Surfaces
c Shielding Pb
31 rpp 19 29 -7.5 7.5 -11 9 $PbPE xmin xmax ymin ymax zmin zmax
32 rpp 9 19 4 9 -11 9 $Pb xmin xmax ymin ymax zmin zmax
33 rpp 9 19 -9 -4 -11 9 $Pb xmin xmax ymin ymax zmin zmax
34 rpp 19 29 7.5 12.5 -11 9 $Pb xmin xmax ymin ymax zmin zmax
35 rpp 19 29 -12.5 -7.5 -11 9 $Pb xmin xmax ymin ymax zmin zmax
36 rpp 29 34 -15 15 -11 9 $Pb xmin xmax ymin ymax zmin zmax
37 rpp 9 19 -4 4 4 9 $Pb xmin xmax ymin ymax zmin zmax
38 rpp -26 26 18 28 -11 9 $BA1 xmin xmax ymin ymax zmin zmax
39 rpp -26 26 -28 -18 -11 9 $BA2 xmin xmax ymin ymax zmin zmax
40 rpp -65 65 -28 28 10 10.5 $Al xmin xmax ymin ymax zmin zmax
401 rpp -27 27 29 34 -11 9 $Fe xmin xmax ymin ymax zmin zmax
402 rpp -27 27 -34 -29 -11 9 $Fe xmin xmax ymin ymax zmin zmax
301 px -20
302 px 18
303 cx 3.71
304 cx 3.81
c Wheels Surfaces
c 23/10.5-12 turf tires, 22.6 lb rubber
c diameter 29cm, tread width 25cm, and sidewall height 13.76 cm
c set thickness of all sides 1.3 cm (s.t. weight is 22.6 lb)
41 rcc -2 77 8   0.0 25 0.0 29 $wheel 1 outer tread surface
42 rcc -2 77 8   0.0 25 0.0 27.7 $wheel 1 inner tread surface
421 rcc -2 75.7 8   0.0 1.3 0.0 29 $wheel 1 outside sidewall exterior
422 rcc -2 75.7 8   0.0 1.3 0.0 15.24 $wheel 1 outside sidewall interior
423 rcc -2 102 8   0.0 1.3 0.0 29 $wheel 1 inside sidewall exterior
424 rcc -2 102 8   0.0 1.3 0.0 15.24 $wheel 1 inside sidewall interior
43 rcc 68 77 8   0.0 25 0.0 29 $wheel 2
44 rcc 68 77 8   0.0 25 0.0 27.7
441 rcc 68 75.7 8   0.0 1.3 0.0 29
442 rcc 68 75.7 8   0.0 1.3 0.0 15.24
443 rcc 68 102 8   0.0 1.3 0.0 29
444 rcc 68 102 8   0.0 1.3 0.0 15.24
45 rcc -2 -77 8   0.0 -25 0.0 29 $wheel 3
46 rcc -2 -77 8   0.0 -25 0.0 27.7
461 rcc -2 -75.7 8   0.0 -1.3 0.0 29
462 rcc -2 -75.7 8   0.0 -1.3 0.0 15.24
463 rcc -2 -102 8   0.0 -1.3 0.0 29
464 rcc -2 -102 8   0.0 -1.3 0.0 15.24
47 rcc 68 -77 8   0.0 -25 0.0 29 $wheel 4
48 rcc 68 -77 8   0.0 -25 0.0 27.7
481 rcc 68 -75.7 8   0.0 -1.3 0.0 29
482 rcc 68 -75.7 8   0.0 -1.3 0.0 15.24
483 rcc 68 -102 8   0.0 -1.3 0.0 29
484 rcc 68 -102 8   0.0 -1.3 0.0 15.24
200 so 800    $sphere of 800cm centered at origin
c

c DATA CARDS
mode n p
c dump every hr
prdmp -60 -60 -1
c 100 keV Neutron Energy Cutoff
Cut:n 1j 0.1
c analog neutron transport
phys:n 1j 14
phys:p
sdef pos=0 0 0 erg=14.0 vec= 0 0 1 dir=d1
si1  -1 .93 1
sp1   0  0.0  1.0
c ********************
c begin material cards
c ********************
c Pure Carbon
c ****************************************
m400000 6000 -0.0008346794087960681 7000 -0.0008346794087960681 14000 -0.9983306411824077 
m400001 6000 -0.0021785596106809386 7000 -0.0021785596106809386 14000 -0.995642880778638 
m400002 6000 -0.00424436779965459 7000 -0.00424436779965459 14000 -0.9915112644006908 
m400003 6000 -0.006211304214388419 7000 -0.006211304214388419 14000 -0.9875773915712233 
m400004 6000 -0.008631678871348674 7000 -0.008631678871348674 14000 -0.9827366422573024 
m400005 6000 -0.0006096806999990986 7000 -0.0006096806999990986 14000 -0.9987806386000014 
m400006 6000 -0.002335503646293635 7000 -0.002335503646293635 14000 -0.9953289927074128 
m400007 6000 -0.004217228787652811 7000 -0.004217228787652811 14000 -0.9915655424246945 
m400008 6000 -0.0059804201103929545 7000 -0.0059804201103929545 14000 -0.9880391597792137 
m400009 6000 -0.008196360748646866 7000 -0.008196360748646866 14000 -0.9836072785027062 
m400010 6000 -0.0006129692255776823 7000 -0.0006129692255776823 14000 -0.9987740615488448 
m400011 6000 -0.0021125233088763315 7000 -0.0021125233088763315 14000 -0.9957749533822471 
m400012 6000 -0.0041414452046758385 7000 -0.0041414452046758385 14000 -0.9917171095906481 
m400013 6000 -0.006203488396516553 7000 -0.006203488396516553 14000 -0.9875930232069667 
m400014 6000 -0.008211445433217956 7000 -0.008211445433217956 14000 -0.9835771091335643 
m400015 6000 -0.0005885537029757025 7000 -0.0005885537029757025 14000 -0.9988228925940484 
m400016 6000 -0.002233501598781669 7000 -0.002233501598781669 14000 -0.9955329968024368 
m400017 6000 -0.004161738816206734 7000 -0.004161738816206734 14000 -0.9916765223675864 
m400018 6000 -0.005900818255631281 7000 -0.005900818255631281 14000 -0.9881983634887372 
m400019 6000 -0.008027769814797376 7000 -0.008027769814797376 14000 -0.9839444603704054 
m400020 6000 -0.00045940273863868323 7000 -0.00045940273863868323 14000 -0.9990811945227227 
m400021 6000 -0.002210899619802065 7000 -0.002210899619802065 14000 -0.9955782007603959 
m400022 6000 -0.004163860257809078 7000 -0.004163860257809078 14000 -0.991672279484382 
m400023 6000 -0.005937938611624573 7000 -0.005937938611624573 14000 -0.9881241227767507 
m400024 6000 -0.007897881392600867 7000 -0.007897881392600867 14000 -0.9842042372147985 
m400025 6000 -0.000555065076465684 7000 -0.000555065076465684 14000 -0.9988898698470688 
m400026 6000 -0.0022055075199118577 7000 -0.0022055075199118577 14000 -0.9955889849601762 
m400027 6000 -0.003971592674562977 7000 -0.003971592674562977 14000 -0.9920568146508737 
m400028 6000 -0.006219496459007747 7000 -0.006219496459007747 14000 -0.9875610070819847 
m400029 6000 -0.008082732875897326 7000 -0.008082732875897326 14000 -0.9838345342482053 
m400030 6000 -0.00044614222132590456 7000 -0.00044614222132590456 14000 -0.9991077155573482 
m400031 6000 -0.002124075167184212 7000 -0.002124075167184212 14000 -0.9957518496656315 
m400032 6000 -0.0040105679896749015 7000 -0.0040105679896749015 14000 -0.9919788640206503 
m400033 6000 -0.006362880123278971 7000 -0.006362880123278971 14000 -0.987274239753442 
m400034 6000 -0.007949576188450136 7000 -0.007949576188450136 14000 -0.9841008476230999 
m400035 6000 -0.0005076631765641305 7000 -0.0005076631765641305 14000 -0.9989846736468718 
m400036 6000 -0.001960573694988723 7000 -0.001960573694988723 14000 -0.9960788526100224 
m400037 6000 -0.004460523004389285 7000 -0.004460523004389285 14000 -0.9910789539912213 
m400038 6000 -0.0061538521362117906 7000 -0.0061538521362117906 14000 -0.9876922957275766 
m400039 6000 -0.008308393477884833 7000 -0.008308393477884833 14000 -0.9833832130442302 
m400040 6000 -0.0005742438461227588 7000 -0.0005742438461227588 14000 -0.9988515123077545 
m400041 6000 -0.00249861322236826 7000 -0.00249861322236826 14000 -0.9950027735552633 
m400042 6000 -0.003851281480866151 7000 -0.003851281480866151 14000 -0.9922974370382676 
m400043 6000 -0.006594298681586734 7000 -0.006594298681586734 14000 -0.9868114026368265 
m400044 6000 -0.007969215452913013 7000 -0.007969215452913013 14000 -0.9840615690941741 
m400045 6000 -0.0004962981609131232 7000 -0.0004962981609131232 14000 -0.9990074036781736 
m400046 6000 -0.0021273546136620423 7000 -0.0021273546136620423 14000 -0.9957452907726767 
m400047 6000 -0.004403442539477063 7000 -0.004403442539477063 14000 -0.991193114921046 
m400048 6000 -0.006305025564242621 7000 -0.006305025564242621 14000 -0.9873899488715149 
m400049 6000 -0.008242117080649486 7000 -0.008242117080649486 14000 -0.983515765838701 
m400050 6000 -0.00043668896191084017 7000 -0.00043668896191084017 14000 -0.9991266220761781 
m400051 6000 -0.002450367545727797 7000 -0.002450367545727797 14000 -0.9950992649085445 
m400052 6000 -0.0038381903088693385 7000 -0.0038381903088693385 14000 -0.9923236193822613 
m400053 6000 -0.005932749814817542 7000 -0.005932749814817542 14000 -0.9881345003703649 
m400054 6000 -0.008300233710668433 7000 -0.008300233710668433 14000 -0.983399532578663 
m400055 6000 -0.0005388557112806291 7000 -0.0005388557112806291 14000 -0.9989222885774386 
m400056 6000 -0.002103929603210894 7000 -0.002103929603210894 14000 -0.9957921407935786 
m400057 6000 -0.004238211230573617 7000 -0.004238211230573617 14000 -0.9915235775388527 
m400058 6000 -0.0061810916035030476 7000 -0.0061810916035030476 14000 -0.987637816792994 
m400059 6000 -0.00822703613204102 7000 -0.00822703613204102 14000 -0.9835459277359181 
m400060 6000 -0.0005473369122358284 7000 -0.0005473369122358284 14000 -0.9989053261755284 
m400061 6000 -0.0021805401096454072 7000 -0.0021805401096454072 14000 -0.9956389197807093 
m400062 6000 -0.004503887688325883 7000 -0.004503887688325883 14000 -0.9909922246233481 
m400063 6000 -0.005918399748294266 7000 -0.005918399748294266 14000 -0.9881632005034117 
m400064 6000 -0.0081461690789326 7000 -0.0081461690789326 14000 -0.9837076618421348 
m400065 6000 -0.0007080972737155977 7000 -0.0007080972737155977 14000 -0.9985838054525686 
m400066 6000 -0.002523035261287336 7000 -0.002523035261287336 14000 -0.994953929477425 
m400067 6000 -0.004241751753299238 7000 -0.004241751753299238 14000 -0.9915164964934015 
m400068 6000 -0.005734508368220431 7000 -0.005734508368220431 14000 -0.9885309832635589 
m400069 6000 -0.008056418104420492 7000 -0.008056418104420492 14000 -0.9838871637911589 
m400070 6000 -0.0005431193033849493 7000 -0.0005431193033849493 14000 -0.9989137613932298 
m400071 6000 -0.0023328508587121093 7000 -0.0023328508587121093 14000 -0.9953342982825761 
m400072 6000 -0.00423951083510155 7000 -0.00423951083510155 14000 -0.9915209783297969 
m400073 6000 -0.006249563262886945 7000 -0.006249563262886945 14000 -0.9875008734742259 
m400074 6000 -0.00801953422754066 7000 -0.00801953422754066 14000 -0.9839609315449184 
m400075 6000 -0.0008174052541299996 7000 -0.0008174052541299996 14000 -0.9983651894917399 
m400076 6000 -0.0021771253481894463 7000 -0.0021771253481894463 14000 -0.9956457493036212 
m400077 6000 -0.003925205297734682 7000 -0.003925205297734682 14000 -0.992149589404531 
m400078 6000 -0.00607591650839833 7000 -0.00607591650839833 14000 -0.9878481669832033 
m400079 6000 -0.007964860893853886 7000 -0.007964860893853886 14000 -0.9840702782122922 
m400080 6000 -0.0004008006117517584 7000 -0.0004008006117517584 14000 -0.9991983987764964 
m400081 6000 -0.0022228774748642606 7000 -0.0022228774748642606 14000 -0.9955542450502713 
m400082 6000 -0.004152685881311539 7000 -0.004152685881311539 14000 -0.9916946282373771 
m400083 6000 -0.006379174215738759 7000 -0.006379174215738759 14000 -0.9872416515685221 
m400084 6000 -0.00811871731036846 7000 -0.00811871731036846 14000 -0.9837625653792631 
m400085 6000 -0.0005710376971876664 7000 -0.0005710376971876664 14000 -0.9988579246056246 
m400086 6000 -0.002212873409910671 7000 -0.002212873409910671 14000 -0.9955742531801784 
m400087 6000 -0.0042307701305003284 7000 -0.0042307701305003284 14000 -0.991538459738999 
m400088 6000 -0.006556509393953452 7000 -0.006556509393953452 14000 -0.9868869812120933 
m400089 6000 -0.00833671342711343 7000 -0.00833671342711343 14000 -0.9833265731457732 
m400090 6000 -0.0008120829717155058 7000 -0.0008120829717155058 14000 -0.9983758340565688 
m400091 6000 -0.0023867854223230474 7000 -0.0023867854223230474 14000 -0.9952264291553539 
m400092 6000 -0.004277189765822186 7000 -0.004277189765822186 14000 -0.9914456204683553 
m400093 6000 -0.0061502780135885525 7000 -0.0061502780135885525 14000 -0.9876994439728226 
m400094 6000 -0.008442148157084394 7000 -0.008442148157084394 14000 -0.983115703685831 
m400095 6000 -0.0005383223991298764 7000 -0.0005383223991298764 14000 -0.9989233552017406 
m400096 6000 -0.0024754606674429374 7000 -0.0024754606674429374 14000 -0.9950490786651142 
m400097 6000 -0.004287579199089976 7000 -0.004287579199089976 14000 -0.9914248416018201 
m400098 6000 -0.006281023680623809 7000 -0.006281023680623809 14000 -0.9874379526387522 
m400099 6000 -0.008116980774838696 7000 -0.008116980774838696 14000 -0.9837660384503231 
m400100 6000 -0.0008132156515190962 7000 -0.0008132156515190962 14000 -0.9983735686969617 
m400101 6000 -0.002340777775656036 7000 -0.002340777775656036 14000 -0.9953184444486882 
m400102 6000 -0.004103731550395799 7000 -0.004103731550395799 14000 -0.9917925368992083 
m400103 6000 -0.00615817540829608 7000 -0.00615817540829608 14000 -0.9876836491834081 
m400104 6000 -0.008215661843116635 7000 -0.008215661843116635 14000 -0.9835686763137668 
m400105 6000 -0.0005753308549547645 7000 -0.0005753308549547645 14000 -0.9988493382900903 
m400106 6000 -0.001996890485746866 7000 -0.001996890485746866 14000 -0.9960062190285062 
m400107 6000 -0.004414930740596632 7000 -0.004414930740596632 14000 -0.9911701385188065 
m400108 6000 -0.005889099378036294 7000 -0.005889099378036294 14000 -0.9882218012439278 
m400109 6000 -0.007983618276264377 7000 -0.007983618276264377 14000 -0.9840327634474714 
m400110 6000 -0.0006675777493945356 7000 -0.0006675777493945356 14000 -0.9986648445012111 
m400111 6000 -0.002373094902999218 7000 -0.002373094902999218 14000 -0.9952538101940012 
m400112 6000 -0.004129611004319301 7000 -0.004129611004319301 14000 -0.9917407779913613 
m400113 6000 -0.006050405843956093 7000 -0.006050405843956093 14000 -0.9878991883120879 
m400114 6000 -0.008040479645408206 7000 -0.008040479645408206 14000 -0.9839190407091835 
m400115 6000 -0.0006574243345927456 7000 -0.0006574243345927456 14000 -0.9986851513308145 
m400116 6000 -0.002362937506962045 7000 -0.002362937506962045 14000 -0.9952741249860759 
m400117 6000 -0.004113274032417351 7000 -0.004113274032417351 14000 -0.9917734519351652 
m400118 6000 -0.006091221044537305 7000 -0.006091221044537305 14000 -0.9878175579109254 
m400119 6000 -0.007989166633350621 7000 -0.007989166633350621 14000 -0.9840216667332986 
m400120 6000 -0.0005075640678162341 7000 -0.0005075640678162341 14000 -0.9989848718643678 
m400121 6000 -0.0025656049417117507 7000 -0.0025656049417117507 14000 -0.9948687901165766 
m400122 6000 -0.004373467073751602 7000 -0.004373467073751602 14000 -0.9912530658524966 
m400123 6000 -0.006074079536917532 7000 -0.006074079536917532 14000 -0.9878518409261648 
m400124 6000 -0.007895660660369102 7000 -0.007895660660369102 14000 -0.9842086786792617 
c **********************************
c PE+Pb, dens=4.78 g/cm3
m2      6000    -0.04286 $Carbon
        1001    -0.00714 $Hydrogen
        82000   -0.95000 $Lead
c **********************************
m3    1001 -0.048535 $Boric acid
      5010 -0.034981
      5011 -0.139923
      8016 -0.776561
c **********************************
m4    82000 1 $Lead
c **********************************
m5 26000 1 $Iron
c **********************************
m6     13027   -1.000 $ Aluminum
c **********************************
c  SS-304 (8.00 g/cm3), #298 in PNNL Compendium
m7   006000.50c -0.0004000
     014000.60c -0.0050000
     015031.50c -0.0002300
     016000.60c -0.0001500
     024000.50c -0.1899981
     025055.60c -0.0099999
     026000.50c -0.7017229
     028000.50c -0.0924991
c ****************************************
c       LaBr detector
c ****************************************
m8       35079    -0.2946       $ Br79
         35081    -0.3069       $ Br81
         57139    -0.3485       $ La139
         58140    -0.0500       $ Ce140
c ************ air den=1.15e-3g/cc
m12     8016 -0.23
        7014 -0.77
c ************ Rubber Natural den=0.92 g/cc
m13     1001 -0.118371  $weight fraction
        6000 -0.881629
c
c end material cards
c
rand seed=8674536546524321 $different initial random #; seed# - any less 18 digits
c
c ********** begin tallies *********************
fc78 *********Broadened Pulse Height Tally Sum of Detectors 1,2 & 3 ***********
e78 0 1e-5 932i 8.4295
F78:p (101)
FT78 GEB -0.026198 0.059551 -0.037176
fc18 *********Unbroadened Pulse Height Tally Sum of Detectors 1,2 & 3 ***********
e18 0 1e-5 932i 8.4295
F18:p (101)
c ***********************************
c mplot tal 78 freq 10000
nps 1e9
