c CAS DETECTOR
c w/ Shielding in Place and Wheels
c
c CELL CARDS
c
c @@@@@@@@@@ Detectors @@@@@@@@@@@@@@@@@
c
101 8 -5.08 -21 imp:n,p 1 $LaBr Detector #1 Active Region
c
c @@@@@@@@@ Shielding @@@@@@@@@@@@@@@@@
c
121 2 -4.78 -31 imp:n,p 1 $PE_Pb
122 4 -11.29 -32 imp:n,p 1 $Pb1
123 4 -11.29 -33 imp:n,p 1 $Pb2
124 4 -11.29 -34 imp:n,p 1 $Pb3
125 4 -11.29 -35 imp:n,p 1 $Pb4
126 4 -11.29 -36 imp:n,p 1 $Pb5
127 4 -11.29 -37 imp:n,p 1 $Pb6
128 3 -1.5 -38 imp:n,p 1 $BA1
129 3 -1.5 -39 imp:n,p 1 $BA2
130 6 -2.7 -40 imp:n,p 1 $Al
131 7 -7.92 301 -302 303 -304 imp:n,p 1 $Fe-tube
132 5 -7.8 -401 imp:n,p 1 $Fe
133 5 -7.8 -402 imp:n,p 1 $Fe
c @@@@@@@@@@ Wheels @@@@@@@@@@@@@@@@@
c
21 13 -0.92 -41 42 imp:n,p 1 $Wheel 1
211 13 -0.92 -421 422 imp:n,p 1 $Wheel 1
212 13 -0.92 -423 424 imp:n,p 1 $Wheel 1
22 13 -0.92 -43 44 imp:n,p 1 $Wheel 2
221 13 -0.92 -441 442 imp:n,p 1 $Wheel 2
222 13 -0.92 -443 444 imp:n,p 1 $Wheel 2
23 13 -0.92 -45 46 imp:n,p 1 $Wheel 3
231 13 -0.92 -461 462 imp:n,p 1 $Wheel 3
232 13 -0.92 -463 464 imp:n,p 1 $Wheel 3
24 13 -0.92 -47 48 imp:n,p 1 $Wheel 4
241 13 -0.92 -481 482 imp:n,p 1 $Wheel 4
242 13 -0.92 -483 484 imp:n,p 1 $Wheel 4
c
c @@@@@@@@@@ SOIL VOLUME @@@@@@@@@@@
c
300000 400000 -2.156 20010 -20011 20020 -20021 20030 -20031 imp:n,p 1
300001 400001 -2.156 20010 -20011 20020 -20021 20031 -20032 imp:n,p 1
300002 400002 -2.156 20010 -20011 20020 -20021 20032 -20033 imp:n,p 1
300003 400003 -2.156 20010 -20011 20020 -20021 20033 -20034 imp:n,p 1
300004 400004 -2.156 20010 -20011 20020 -20021 20034 -20035 imp:n,p 1
300005 400005 -2.156 20011 -20012 20020 -20021 20030 -20031 imp:n,p 1
300006 400006 -2.156 20011 -20012 20020 -20021 20031 -20032 imp:n,p 1
300007 400007 -2.156 20011 -20012 20020 -20021 20032 -20033 imp:n,p 1
300008 400008 -2.156 20011 -20012 20020 -20021 20033 -20034 imp:n,p 1
300009 400009 -2.156 20011 -20012 20020 -20021 20034 -20035 imp:n,p 1
300010 400010 -2.156 20012 -20013 20020 -20021 20030 -20031 imp:n,p 1
300011 400011 -2.156 20012 -20013 20020 -20021 20031 -20032 imp:n,p 1
300012 400012 -2.156 20012 -20013 20020 -20021 20032 -20033 imp:n,p 1
300013 400013 -2.156 20012 -20013 20020 -20021 20033 -20034 imp:n,p 1
300014 400014 -2.156 20012 -20013 20020 -20021 20034 -20035 imp:n,p 1
300015 400015 -2.156 20013 -20014 20020 -20021 20030 -20031 imp:n,p 1
300016 400016 -2.156 20013 -20014 20020 -20021 20031 -20032 imp:n,p 1
300017 400017 -2.156 20013 -20014 20020 -20021 20032 -20033 imp:n,p 1
300018 400018 -2.156 20013 -20014 20020 -20021 20033 -20034 imp:n,p 1
300019 400019 -2.156 20013 -20014 20020 -20021 20034 -20035 imp:n,p 1
300020 400020 -2.156 20014 -20015 20020 -20021 20030 -20031 imp:n,p 1
300021 400021 -2.156 20014 -20015 20020 -20021 20031 -20032 imp:n,p 1
300022 400022 -2.156 20014 -20015 20020 -20021 20032 -20033 imp:n,p 1
300023 400023 -2.156 20014 -20015 20020 -20021 20033 -20034 imp:n,p 1
300024 400024 -2.156 20014 -20015 20020 -20021 20034 -20035 imp:n,p 1
300025 400025 -2.156 20010 -20011 20021 -20022 20030 -20031 imp:n,p 1
300026 400026 -2.156 20010 -20011 20021 -20022 20031 -20032 imp:n,p 1
300027 400027 -2.156 20010 -20011 20021 -20022 20032 -20033 imp:n,p 1
300028 400028 -2.156 20010 -20011 20021 -20022 20033 -20034 imp:n,p 1
300029 400029 -2.156 20010 -20011 20021 -20022 20034 -20035 imp:n,p 1
300030 400030 -2.156 20011 -20012 20021 -20022 20030 -20031 imp:n,p 1
300031 400031 -2.156 20011 -20012 20021 -20022 20031 -20032 imp:n,p 1
300032 400032 -2.156 20011 -20012 20021 -20022 20032 -20033 imp:n,p 1
300033 400033 -2.156 20011 -20012 20021 -20022 20033 -20034 imp:n,p 1
300034 400034 -2.156 20011 -20012 20021 -20022 20034 -20035 imp:n,p 1
300035 400035 -2.156 20012 -20013 20021 -20022 20030 -20031 imp:n,p 1
300036 400036 -2.156 20012 -20013 20021 -20022 20031 -20032 imp:n,p 1
300037 400037 -2.156 20012 -20013 20021 -20022 20032 -20033 imp:n,p 1
300038 400038 -2.156 20012 -20013 20021 -20022 20033 -20034 imp:n,p 1
300039 400039 -2.156 20012 -20013 20021 -20022 20034 -20035 imp:n,p 1
300040 400040 -2.156 20013 -20014 20021 -20022 20030 -20031 imp:n,p 1
300041 400041 -2.156 20013 -20014 20021 -20022 20031 -20032 imp:n,p 1
300042 400042 -2.156 20013 -20014 20021 -20022 20032 -20033 imp:n,p 1
300043 400043 -2.156 20013 -20014 20021 -20022 20033 -20034 imp:n,p 1
300044 400044 -2.156 20013 -20014 20021 -20022 20034 -20035 imp:n,p 1
300045 400045 -2.156 20014 -20015 20021 -20022 20030 -20031 imp:n,p 1
300046 400046 -2.156 20014 -20015 20021 -20022 20031 -20032 imp:n,p 1
300047 400047 -2.156 20014 -20015 20021 -20022 20032 -20033 imp:n,p 1
300048 400048 -2.156 20014 -20015 20021 -20022 20033 -20034 imp:n,p 1
300049 400049 -2.156 20014 -20015 20021 -20022 20034 -20035 imp:n,p 1
300050 400050 -2.156 20010 -20011 20022 -20023 20030 -20031 imp:n,p 1
300051 400051 -2.156 20010 -20011 20022 -20023 20031 -20032 imp:n,p 1
300052 400052 -2.156 20010 -20011 20022 -20023 20032 -20033 imp:n,p 1
300053 400053 -2.156 20010 -20011 20022 -20023 20033 -20034 imp:n,p 1
300054 400054 -2.156 20010 -20011 20022 -20023 20034 -20035 imp:n,p 1
300055 400055 -2.156 20011 -20012 20022 -20023 20030 -20031 imp:n,p 1
300056 400056 -2.156 20011 -20012 20022 -20023 20031 -20032 imp:n,p 1
300057 400057 -2.156 20011 -20012 20022 -20023 20032 -20033 imp:n,p 1
300058 400058 -2.156 20011 -20012 20022 -20023 20033 -20034 imp:n,p 1
300059 400059 -2.156 20011 -20012 20022 -20023 20034 -20035 imp:n,p 1
300060 400060 -2.156 20012 -20013 20022 -20023 20030 -20031 imp:n,p 1
300061 400061 -2.156 20012 -20013 20022 -20023 20031 -20032 imp:n,p 1
300062 400062 -2.156 20012 -20013 20022 -20023 20032 -20033 imp:n,p 1
300063 400063 -2.156 20012 -20013 20022 -20023 20033 -20034 imp:n,p 1
300064 400064 -2.156 20012 -20013 20022 -20023 20034 -20035 imp:n,p 1
300065 400065 -2.156 20013 -20014 20022 -20023 20030 -20031 imp:n,p 1
300066 400066 -2.156 20013 -20014 20022 -20023 20031 -20032 imp:n,p 1
300067 400067 -2.156 20013 -20014 20022 -20023 20032 -20033 imp:n,p 1
300068 400068 -2.156 20013 -20014 20022 -20023 20033 -20034 imp:n,p 1
300069 400069 -2.156 20013 -20014 20022 -20023 20034 -20035 imp:n,p 1
300070 400070 -2.156 20014 -20015 20022 -20023 20030 -20031 imp:n,p 1
300071 400071 -2.156 20014 -20015 20022 -20023 20031 -20032 imp:n,p 1
300072 400072 -2.156 20014 -20015 20022 -20023 20032 -20033 imp:n,p 1
300073 400073 -2.156 20014 -20015 20022 -20023 20033 -20034 imp:n,p 1
300074 400074 -2.156 20014 -20015 20022 -20023 20034 -20035 imp:n,p 1
300075 400075 -2.156 20010 -20011 20023 -20024 20030 -20031 imp:n,p 1
300076 400076 -2.156 20010 -20011 20023 -20024 20031 -20032 imp:n,p 1
300077 400077 -2.156 20010 -20011 20023 -20024 20032 -20033 imp:n,p 1
300078 400078 -2.156 20010 -20011 20023 -20024 20033 -20034 imp:n,p 1
300079 400079 -2.156 20010 -20011 20023 -20024 20034 -20035 imp:n,p 1
300080 400080 -2.156 20011 -20012 20023 -20024 20030 -20031 imp:n,p 1
300081 400081 -2.156 20011 -20012 20023 -20024 20031 -20032 imp:n,p 1
300082 400082 -2.156 20011 -20012 20023 -20024 20032 -20033 imp:n,p 1
300083 400083 -2.156 20011 -20012 20023 -20024 20033 -20034 imp:n,p 1
300084 400084 -2.156 20011 -20012 20023 -20024 20034 -20035 imp:n,p 1
300085 400085 -2.156 20012 -20013 20023 -20024 20030 -20031 imp:n,p 1
300086 400086 -2.156 20012 -20013 20023 -20024 20031 -20032 imp:n,p 1
300087 400087 -2.156 20012 -20013 20023 -20024 20032 -20033 imp:n,p 1
300088 400088 -2.156 20012 -20013 20023 -20024 20033 -20034 imp:n,p 1
300089 400089 -2.156 20012 -20013 20023 -20024 20034 -20035 imp:n,p 1
300090 400090 -2.156 20013 -20014 20023 -20024 20030 -20031 imp:n,p 1
300091 400091 -2.156 20013 -20014 20023 -20024 20031 -20032 imp:n,p 1
300092 400092 -2.156 20013 -20014 20023 -20024 20032 -20033 imp:n,p 1
300093 400093 -2.156 20013 -20014 20023 -20024 20033 -20034 imp:n,p 1
300094 400094 -2.156 20013 -20014 20023 -20024 20034 -20035 imp:n,p 1
300095 400095 -2.156 20014 -20015 20023 -20024 20030 -20031 imp:n,p 1
300096 400096 -2.156 20014 -20015 20023 -20024 20031 -20032 imp:n,p 1
300097 400097 -2.156 20014 -20015 20023 -20024 20032 -20033 imp:n,p 1
300098 400098 -2.156 20014 -20015 20023 -20024 20033 -20034 imp:n,p 1
300099 400099 -2.156 20014 -20015 20023 -20024 20034 -20035 imp:n,p 1
300100 400100 -2.156 20010 -20011 20024 -20025 20030 -20031 imp:n,p 1
300101 400101 -2.156 20010 -20011 20024 -20025 20031 -20032 imp:n,p 1
300102 400102 -2.156 20010 -20011 20024 -20025 20032 -20033 imp:n,p 1
300103 400103 -2.156 20010 -20011 20024 -20025 20033 -20034 imp:n,p 1
300104 400104 -2.156 20010 -20011 20024 -20025 20034 -20035 imp:n,p 1
300105 400105 -2.156 20011 -20012 20024 -20025 20030 -20031 imp:n,p 1
300106 400106 -2.156 20011 -20012 20024 -20025 20031 -20032 imp:n,p 1
300107 400107 -2.156 20011 -20012 20024 -20025 20032 -20033 imp:n,p 1
300108 400108 -2.156 20011 -20012 20024 -20025 20033 -20034 imp:n,p 1
300109 400109 -2.156 20011 -20012 20024 -20025 20034 -20035 imp:n,p 1
300110 400110 -2.156 20012 -20013 20024 -20025 20030 -20031 imp:n,p 1
300111 400111 -2.156 20012 -20013 20024 -20025 20031 -20032 imp:n,p 1
300112 400112 -2.156 20012 -20013 20024 -20025 20032 -20033 imp:n,p 1
300113 400113 -2.156 20012 -20013 20024 -20025 20033 -20034 imp:n,p 1
300114 400114 -2.156 20012 -20013 20024 -20025 20034 -20035 imp:n,p 1
300115 400115 -2.156 20013 -20014 20024 -20025 20030 -20031 imp:n,p 1
300116 400116 -2.156 20013 -20014 20024 -20025 20031 -20032 imp:n,p 1
300117 400117 -2.156 20013 -20014 20024 -20025 20032 -20033 imp:n,p 1
300118 400118 -2.156 20013 -20014 20024 -20025 20033 -20034 imp:n,p 1
300119 400119 -2.156 20013 -20014 20024 -20025 20034 -20035 imp:n,p 1
300120 400120 -2.156 20014 -20015 20024 -20025 20030 -20031 imp:n,p 1
300121 400121 -2.156 20014 -20015 20024 -20025 20031 -20032 imp:n,p 1
300122 400122 -2.156 20014 -20015 20024 -20025 20032 -20033 imp:n,p 1
300123 400123 -2.156 20014 -20015 20024 -20025 20033 -20034 imp:n,p 1
300124 400124 -2.156 20014 -20015 20024 -20025 20034 -20035 imp:n,p 1
c
30 12 -0.00129 -200 #101 #121 #122 #123 #124 #125 #126 #127 #128 #129 #130 #131 #132 #133
        #21 #211 #212 #22 #221 #222 #23 #231 #232 #24 #241 #242 #20 imp:n,p 1 $Rest of the World
31 0 200 imp:n,p 0 $Outside world

c SURFACE CARDS
c
c Sample Volume
20010 px -56.0
20011 px -33.60000000000002
20012 px -11.199999999999989
20013 px 11.200000000000045
20014 px 33.60000000000002
20015 px 56.0
20020 py -45.0
20021 py -27.0
20022 py -9.0
20023 py 9.0
20024 py 27.0
20025 py 45.0
20030 pz 92.0
20031 pz 82.0
20032 pz 72.0
20033 pz 62.0
20034 pz 52.0
20035 pz 42.0
c Active Detector Region
21 rcc 56  -5.0 -1.0   0.0 20.3 0.0   4.5 $Detector 1 Base center, Hx,Hy,Hz, radius
c Shielding Surfaces
c Shielding Pb
31 rpp 19 29 -7.5 7.5 -11 9 $PbPE xmin xmax ymin ymax zmin zmax
32 rpp 9 19 4 9 -11 9 $Pb xmin xmax ymin ymax zmin zmax
33 rpp 9 19 -9 -4 -11 9 $Pb xmin xmax ymin ymax zmin zmax
34 rpp 19 29 7.5 12.5 -11 9 $Pb xmin xmax ymin ymax zmin zmax
35 rpp 19 29 -12.5 -7.5 -11 9 $Pb xmin xmax ymin ymax zmin zmax
36 rpp 29 34 -15 15 -11 9 $Pb xmin xmax ymin ymax zmin zmax
37 rpp 9 19 -4 4 4 9 $Pb xmin xmax ymin ymax zmin zmax
38 rpp -26 26 18 28 -11 9 $BA1 xmin xmax ymin ymax zmin zmax
39 rpp -26 26 -28 -18 -11 9 $BA2 xmin xmax ymin ymax zmin zmax
40 rpp -65 65 -28 28 10 10.5 $Al xmin xmax ymin ymax zmin zmax
401 rpp -27 27 29 34 -11 9 $Fe xmin xmax ymin ymax zmin zmax
402 rpp -27 27 -34 -29 -11 9 $Fe xmin xmax ymin ymax zmin zmax
301 px -20
302 px 18
303 cx 3.71
304 cx 3.81
c Wheels Surfaces
c 23/10.5-12 turf tires, 22.6 lb rubber
c diameter 29cm, tread width 25cm, and sidewall height 13.76 cm
c set thickness of all sides 1.3 cm (s.t. weight is 22.6 lb)
41 rcc -2 77 8   0.0 25 0.0 29 $wheel 1 outer tread surface
42 rcc -2 77 8   0.0 25 0.0 27.7 $wheel 1 inner tread surface
421 rcc -2 75.7 8   0.0 1.3 0.0 29 $wheel 1 outside sidewall exterior
422 rcc -2 75.7 8   0.0 1.3 0.0 15.24 $wheel 1 outside sidewall interior
423 rcc -2 102 8   0.0 1.3 0.0 29 $wheel 1 inside sidewall exterior
424 rcc -2 102 8   0.0 1.3 0.0 15.24 $wheel 1 inside sidewall interior
43 rcc 68 77 8   0.0 25 0.0 29 $wheel 2
44 rcc 68 77 8   0.0 25 0.0 27.7
441 rcc 68 75.7 8   0.0 1.3 0.0 29
442 rcc 68 75.7 8   0.0 1.3 0.0 15.24
443 rcc 68 102 8   0.0 1.3 0.0 29
444 rcc 68 102 8   0.0 1.3 0.0 15.24
45 rcc -2 -77 8   0.0 -25 0.0 29 $wheel 3
46 rcc -2 -77 8   0.0 -25 0.0 27.7
461 rcc -2 -75.7 8   0.0 -1.3 0.0 29
462 rcc -2 -75.7 8   0.0 -1.3 0.0 15.24
463 rcc -2 -102 8   0.0 -1.3 0.0 29
464 rcc -2 -102 8   0.0 -1.3 0.0 15.24
47 rcc 68 -77 8   0.0 -25 0.0 29 $wheel 4
48 rcc 68 -77 8   0.0 -25 0.0 27.7
481 rcc 68 -75.7 8   0.0 -1.3 0.0 29
482 rcc 68 -75.7 8   0.0 -1.3 0.0 15.24
483 rcc 68 -102 8   0.0 -1.3 0.0 29
484 rcc 68 -102 8   0.0 -1.3 0.0 15.24
200 so 800    $sphere of 800cm centered at origin
c

c DATA CARDS
mode n p
c dump every hr
prdmp -60 -60 -1
c 100 keV Neutron Energy Cutoff
Cut:n 1j 0.1
c analog neutron transport
phys:n 1j 14
phys:p
sdef pos=0 0 0 erg=14.0 vec= 0 0 1 dir=d1
si1  -1 .93 1
sp1   0  0.0  1.0
c ********************
c begin material cards
c ********************
c Pure Carbon
c ****************************************
m400000 6000 -0.0005179750587342831 7000 -0.0005179750587342831 14000 -0.9989640498825315 
m400001 6000 -0.002201328689569805 7000 -0.002201328689569805 14000 -0.9955973426208604 
m400002 6000 -0.00412917701528611 7000 -0.00412917701528611 14000 -0.9917416459694277 
m400003 6000 -0.005934109600805479 7000 -0.005934109600805479 14000 -0.9881317807983889 
m400004 6000 -0.007746176551129373 7000 -0.007746176551129373 14000 -0.9845076468977415 
m400005 6000 -0.0004795786729923344 7000 -0.0004795786729923344 14000 -0.9990408426540154 
m400006 6000 -0.0020582222173279067 7000 -0.0020582222173279067 14000 -0.9958835555653442 
m400007 6000 -0.004244146425055752 7000 -0.004244146425055752 14000 -0.9915117071498887 
m400008 6000 -0.00614769517339179 7000 -0.00614769517339179 14000 -0.9877046096532167 
m400009 6000 -0.008004412340993113 7000 -0.008004412340993113 14000 -0.983991175318014 
m400010 6000 -0.0006369688602969132 7000 -0.0006369688602969132 14000 -0.9987260622794062 
m400011 6000 -0.00183738148591727 7000 -0.00183738148591727 14000 -0.9963252370281654 
m400012 6000 -0.003913173927878636 7000 -0.003913173927878636 14000 -0.9921736521442426 
m400013 6000 -0.006250093722207275 7000 -0.006250093722207275 14000 -0.9874998125555853 
m400014 6000 -0.007798909856913998 7000 -0.007798909856913998 14000 -0.984402180286172 
m400015 6000 -0.0005925837484998352 7000 -0.0005925837484998352 14000 -0.9988148325030004 
m400016 6000 -0.001929853443157152 7000 -0.001929853443157152 14000 -0.9961402931136857 
m400017 6000 -0.004097980941292766 7000 -0.004097980941292766 14000 -0.9918040381174147 
m400018 6000 -0.006195936358320207 7000 -0.006195936358320207 14000 -0.9876081272833593 
m400019 6000 -0.008010540760253735 7000 -0.008010540760253735 14000 -0.9839789184794927 
m400020 6000 -0.0005817683563717946 7000 -0.0005817683563717946 14000 -0.9988364632872567 
m400021 6000 -0.0019563316022716904 7000 -0.0019563316022716904 14000 -0.9960873367954565 
m400022 6000 -0.003656604337620793 7000 -0.003656604337620793 14000 -0.9926867913247586 
m400023 6000 -0.006138192699992448 7000 -0.006138192699992448 14000 -0.9877236146000152 
m400024 6000 -0.007946415366892681 7000 -0.007946415366892681 14000 -0.9841071692662142 
m400025 6000 -0.0005259260441003601 7000 -0.0005259260441003601 14000 -0.998948147911799 
m400026 6000 -0.0020516428601688517 7000 -0.0020516428601688517 14000 -0.9958967142796622 
m400027 6000 -0.003918008604625718 7000 -0.003918008604625718 14000 -0.9921639827907484 
m400028 6000 -0.0058996927936501254 7000 -0.0058996927936501254 14000 -0.9882006144126998 
m400029 6000 -0.007894281142123835 7000 -0.007894281142123835 14000 -0.9842114377157527 
m400030 6000 -0.000583667012675117 7000 -0.000583667012675117 14000 -0.9988326659746497 
m400031 6000 -0.002149003690540342 7000 -0.002149003690540342 14000 -0.9957019926189193 
m400032 6000 -0.004141086364970327 7000 -0.004141086364970327 14000 -0.9917178272700591 
m400033 6000 -0.005841002072217726 7000 -0.005841002072217726 14000 -0.9883179958555643 
m400034 6000 -0.00811990829072139 7000 -0.00811990829072139 14000 -0.983760183418557 
m400035 6000 -0.00045327853305497044 7000 -0.00045327853305497044 14000 -0.9990934429338901 
m400036 6000 -0.001968722632012792 7000 -0.001968722632012792 14000 -0.9960625547359744 
m400037 6000 -0.004021389050637808 7000 -0.004021389050637808 14000 -0.9919572218987244 
m400038 6000 -0.005641655863559026 7000 -0.005641655863559026 14000 -0.9887166882728821 
m400039 6000 -0.007986078465239058 7000 -0.007986078465239058 14000 -0.9840278430695218 
m400040 6000 -0.0005782101602170665 7000 -0.0005782101602170665 14000 -0.9988435796795657 
m400041 6000 -0.0020678684880659553 7000 -0.0020678684880659553 14000 -0.995864263023868 
m400042 6000 -0.004012439677120039 7000 -0.004012439677120039 14000 -0.9919751206457599 
m400043 6000 -0.00595352724506369 7000 -0.00595352724506369 14000 -0.9880929455098727 
m400044 6000 -0.007916066726178306 7000 -0.007916066726178306 14000 -0.9841678665476433 
m400045 6000 -0.0006272488939589409 7000 -0.0006272488939589409 14000 -0.9987455022120819 
m400046 6000 -0.0020596429916825156 7000 -0.0020596429916825156 14000 -0.9958807140166352 
m400047 6000 -0.004135733028007852 7000 -0.004135733028007852 14000 -0.9917285339439842 
m400048 6000 -0.0062769448329927716 7000 -0.0062769448329927716 14000 -0.9874461103340145 
m400049 6000 -0.00770151929794667 7000 -0.00770151929794667 14000 -0.9845969614041068 
m400050 6000 -0.0004946354952487512 7000 -0.0004946354952487512 14000 -0.9990107290095025 
m400051 6000 -0.0019745456617058536 7000 -0.0019745456617058536 14000 -0.9960509086765883 
m400052 6000 -0.004056924972726584 7000 -0.004056924972726584 14000 -0.9918861500545471 
m400053 6000 -0.006161194061692584 7000 -0.006161194061692584 14000 -0.987677611876615 
m400054 6000 -0.008030282074918984 7000 -0.008030282074918984 14000 -0.9839394358501621 
m400055 6000 -0.0006168051817962817 7000 -0.0006168051817962817 14000 -0.9987663896364076 
m400056 6000 -0.002130423624552435 7000 -0.002130423624552435 14000 -0.9957391527508952 
m400057 6000 -0.003996206611766367 7000 -0.003996206611766367 14000 -0.9920075867764673 
m400058 6000 -0.005910619774941051 7000 -0.005910619774941051 14000 -0.9881787604501179 
m400059 6000 -0.007832077643147002 7000 -0.007832077643147002 14000 -0.984335844713706 
m400060 6000 -0.0006785169127224185 7000 -0.0006785169127224185 14000 -0.9986429661745553 
m400061 6000 -0.0019885025139415456 7000 -0.0019885025139415456 14000 -0.9960229949721169 
m400062 6000 -0.003930982663176671 7000 -0.003930982663176671 14000 -0.9921380346736468 
m400063 6000 -0.006032632677916192 7000 -0.006032632677916192 14000 -0.9879347346441675 
m400064 6000 -0.00792559403999103 7000 -0.00792559403999103 14000 -0.9841488119200181 
m400065 6000 -0.0006308597222310957 7000 -0.0006308597222310957 14000 -0.9987382805555377 
m400066 6000 -0.002107133610013461 7000 -0.002107133610013461 14000 -0.9957857327799735 
m400067 6000 -0.004009180063959978 7000 -0.004009180063959978 14000 -0.9919816398720801 
m400068 6000 -0.00624913083284953 7000 -0.00624913083284953 14000 -0.9875017383343007 
m400069 6000 -0.008040441249960721 7000 -0.008040441249960721 14000 -0.9839191175000783 
m400070 6000 -0.0004393105748336871 7000 -0.0004393105748336871 14000 -0.9991213788503327 
m400071 6000 -0.0020975058580030674 7000 -0.0020975058580030674 14000 -0.9958049882839937 
m400072 6000 -0.0038032760333132163 7000 -0.0038032760333132163 14000 -0.9923934479333734 
m400073 6000 -0.005668149581982385 7000 -0.005668149581982385 14000 -0.9886637008360353 
m400074 6000 -0.007938573022225925 7000 -0.007938573022225925 14000 -0.9841228539555483 
m400075 6000 -0.000456892966750155 7000 -0.000456892966750155 14000 -0.9990862140664996 
m400076 6000 -0.0020892707663734654 7000 -0.0020892707663734654 14000 -0.995821458467253 
m400077 6000 -0.004016026658842466 7000 -0.004016026658842466 14000 -0.9919679466823151 
m400078 6000 -0.00609704057253305 7000 -0.00609704057253305 14000 -0.987805918854934 
m400079 6000 -0.007932564088282463 7000 -0.007932564088282463 14000 -0.9841348718234348 
m400080 6000 -0.0004765461433335076 7000 -0.0004765461433335076 14000 -0.9990469077133329 
m400081 6000 -0.0019741339061987535 7000 -0.0019741339061987535 14000 -0.9960517321876026 
m400082 6000 -0.003916212844969631 7000 -0.003916212844969631 14000 -0.992167574310061 
m400083 6000 -0.006077217018734725 7000 -0.006077217018734725 14000 -0.9878455659625306 
m400084 6000 -0.008238613010338139 7000 -0.008238613010338139 14000 -0.9835227739793235 
m400085 6000 -0.000494880335506937 7000 -0.000494880335506937 14000 -0.9990102393289861 
m400086 6000 -0.002201855076115425 7000 -0.002201855076115425 14000 -0.995596289847769 
m400087 6000 -0.004024768576417481 7000 -0.004024768576417481 14000 -0.9919504628471651 
m400088 6000 -0.006191215259678235 7000 -0.006191215259678235 14000 -0.9876175694806435 
m400089 6000 -0.008065215455318206 7000 -0.008065215455318206 14000 -0.9838695690893637 
m400090 6000 -0.0004617276215935967 7000 -0.0004617276215935967 14000 -0.999076544756813 
m400091 6000 -0.0019614878940823043 7000 -0.0019614878940823043 14000 -0.9960770242118351 
m400092 6000 -0.0038168514516788506 7000 -0.0038168514516788506 14000 -0.9923662970966426 
m400093 6000 -0.0060842004986401245 7000 -0.0060842004986401245 14000 -0.9878315990027198 
m400094 6000 -0.00799912914280287 7000 -0.00799912914280287 14000 -0.984001741714394 
m400095 6000 -0.0007107623733838178 7000 -0.0007107623733838178 14000 -0.9985784752532324 
m400096 6000 -0.0021666220626664224 7000 -0.0021666220626664224 14000 -0.9956667558746672 
m400097 6000 -0.003959306715374995 7000 -0.003959306715374995 14000 -0.9920813865692502 
m400098 6000 -0.0060281217683547305 7000 -0.0060281217683547305 14000 -0.9879437564632906 
m400099 6000 -0.007860160609893333 7000 -0.007860160609893333 14000 -0.9842796787802132 
m400100 6000 -0.0005687603873597307 7000 -0.0005687603873597307 14000 -0.9988624792252807 
m400101 6000 -0.0020828390659525207 7000 -0.0020828390659525207 14000 -0.9958343218680948 
m400102 6000 -0.004102555545803318 7000 -0.004102555545803318 14000 -0.9917948889083934 
m400103 6000 -0.005994503888054312 7000 -0.005994503888054312 14000 -0.9880109922238915 
m400104 6000 -0.00804644115614147 7000 -0.00804644115614147 14000 -0.9839071176877172 
m400105 6000 -0.0005763618258018171 7000 -0.0005763618258018171 14000 -0.9988472763483963 
m400106 6000 -0.001939114020963317 7000 -0.001939114020963317 14000 -0.9961217719580735 
m400107 6000 -0.003842876477107184 7000 -0.003842876477107184 14000 -0.9923142470457853 
m400108 6000 -0.0061764098172226 7000 -0.0061764098172226 14000 -0.9876471803655549 
m400109 6000 -0.008006053019300552 7000 -0.008006053019300552 14000 -0.9839878939613991 
m400110 6000 -0.0004955189234049049 7000 -0.0004955189234049049 14000 -0.9990089621531902 
m400111 6000 -0.0022741634294485 7000 -0.0022741634294485 14000 -0.995451673141103 
m400112 6000 -0.004036882720383093 7000 -0.004036882720383093 14000 -0.9919262345592337 
m400113 6000 -0.005875664222909234 7000 -0.005875664222909234 14000 -0.9882486715541817 
m400114 6000 -0.00796580515975359 7000 -0.00796580515975359 14000 -0.9840683896804927 
m400115 6000 -0.00047183644563633843 7000 -0.00047183644563633843 14000 -0.9990563271087275 
m400116 6000 -0.0019120644286125148 7000 -0.0019120644286125148 14000 -0.996175871142775 
m400117 6000 -0.004095810300403336 7000 -0.004095810300403336 14000 -0.9918083793991934 
m400118 6000 -0.005913230439073107 7000 -0.005913230439073107 14000 -0.9881735391218537 
m400119 6000 -0.007670971677705181 7000 -0.007670971677705181 14000 -0.9846580566445893 
m400120 6000 -0.0003870941511990801 7000 -0.0003870941511990801 14000 -0.9992258116976018 
m400121 6000 -0.0017336196334583566 7000 -0.0017336196334583566 14000 -0.9965327607330831 
m400122 6000 -0.004209870394611324 7000 -0.004209870394611324 14000 -0.9915802592107772 
m400123 6000 -0.005968891950727226 7000 -0.005968891950727226 14000 -0.9880622160985459 
m400124 6000 -0.00814707744810729 7000 -0.00814707744810729 14000 -0.9837058451037854 
c **********************************
c PE+Pb, dens=4.78 g/cm3
m2      6000    -0.04286 $Carbon
        1001    -0.00714 $Hydrogen
        82000   -0.95000 $Lead
c **********************************
m3    1001 -0.048535 $Boric acid
      5010 -0.034981
      5011 -0.139923
      8016 -0.776561
c **********************************
m4    82000 1 $Lead
c **********************************
m5 26000 1 $Iron
c **********************************
m6     13027   -1.000 $ Aluminum
c **********************************
c  SS-304 (8.00 g/cm3), #298 in PNNL Compendium
m7   006000.50c -0.0004000
     014000.60c -0.0050000
     015031.50c -0.0002300
     016000.60c -0.0001500
     024000.50c -0.1899981
     025055.60c -0.0099999
     026000.50c -0.7017229
     028000.50c -0.0924991
c ****************************************
c       LaBr detector
c ****************************************
m8       35079    -0.2946       $ Br79
         35081    -0.3069       $ Br81
         57139    -0.3485       $ La139
         58140    -0.0500       $ Ce140
c ************ air den=1.15e-3g/cc
m12     8016 -0.23
        7014 -0.77
c ************ Rubber Natural den=0.92 g/cc
m13     1001 -0.118371  $weight fraction
        6000 -0.881629
c
c end material cards
c
rand seed=8674536546524321 $different initial random #; seed# - any less 18 digits
c
c ********** begin tallies *********************
fc78 *********Broadened Pulse Height Tally Sum of Detectors 1,2 & 3 ***********
e78 0 1e-5 932i 8.4295
F78:p (101)
FT78 GEB -0.026198 0.059551 -0.037176
fc18 *********Unbroadened Pulse Height Tally Sum of Detectors 1,2 & 3 ***********
e18 0 1e-5 932i 8.4295
F18:p (101)
c ***********************************
c mplot tal 78 freq 10000
nps 1e9
