c CAS DETECTOR
c w/ Shielding in Place and Wheels
c
c CELL CARDS
c
c @@@@@@@@@@ Detectors @@@@@@@@@@@@@@@@@
c
101 8 -5.08 -21 imp:n,p 1 $LaBr Detector #1 Active Region
c
c @@@@@@@@@ Shielding @@@@@@@@@@@@@@@@@
c
121 2 -4.78 -31 imp:n,p 1 $PE_Pb
122 4 -11.29 -32 imp:n,p 1 $Pb1
123 4 -11.29 -33 imp:n,p 1 $Pb2
124 4 -11.29 -34 imp:n,p 1 $Pb3
125 4 -11.29 -35 imp:n,p 1 $Pb4
126 4 -11.29 -36 imp:n,p 1 $Pb5
127 4 -11.29 -37 imp:n,p 1 $Pb6
128 3 -1.5 -38 imp:n,p 1 $BA1
129 3 -1.5 -39 imp:n,p 1 $BA2
130 6 -2.7 -40 imp:n,p 1 $Al
131 7 -7.92 301 -302 303 -304 imp:n,p 1 $Fe-tube
132 5 -7.8 -401 imp:n,p 1 $Fe
133 5 -7.8 -402 imp:n,p 1 $Fe
c @@@@@@@@@@ Wheels @@@@@@@@@@@@@@@@@
c
21 13 -0.92 -41 42 imp:n,p 1 $Wheel 1
211 13 -0.92 -421 422 imp:n,p 1 $Wheel 1
212 13 -0.92 -423 424 imp:n,p 1 $Wheel 1
22 13 -0.92 -43 44 imp:n,p 1 $Wheel 2
221 13 -0.92 -441 442 imp:n,p 1 $Wheel 2
222 13 -0.92 -443 444 imp:n,p 1 $Wheel 2
23 13 -0.92 -45 46 imp:n,p 1 $Wheel 3
231 13 -0.92 -461 462 imp:n,p 1 $Wheel 3
232 13 -0.92 -463 464 imp:n,p 1 $Wheel 3
24 13 -0.92 -47 48 imp:n,p 1 $Wheel 4
241 13 -0.92 -481 482 imp:n,p 1 $Wheel 4
242 13 -0.92 -483 484 imp:n,p 1 $Wheel 4
c
c @@@@@@@@@@ SOIL VOLUME @@@@@@@@@@@
c
300000 400000 -2.156 20010 -20011 20020 -20021 20030 -20031 imp:n,p 1
300001 400001 -2.156 20010 -20011 20020 -20021 20031 -20032 imp:n,p 1
300002 400002 -2.156 20010 -20011 20020 -20021 20032 -20033 imp:n,p 1
300003 400003 -2.156 20010 -20011 20020 -20021 20033 -20034 imp:n,p 1
300004 400004 -2.156 20010 -20011 20020 -20021 20034 -20035 imp:n,p 1
300005 400005 -2.156 20011 -20012 20020 -20021 20030 -20031 imp:n,p 1
300006 400006 -2.156 20011 -20012 20020 -20021 20031 -20032 imp:n,p 1
300007 400007 -2.156 20011 -20012 20020 -20021 20032 -20033 imp:n,p 1
300008 400008 -2.156 20011 -20012 20020 -20021 20033 -20034 imp:n,p 1
300009 400009 -2.156 20011 -20012 20020 -20021 20034 -20035 imp:n,p 1
300010 400010 -2.156 20012 -20013 20020 -20021 20030 -20031 imp:n,p 1
300011 400011 -2.156 20012 -20013 20020 -20021 20031 -20032 imp:n,p 1
300012 400012 -2.156 20012 -20013 20020 -20021 20032 -20033 imp:n,p 1
300013 400013 -2.156 20012 -20013 20020 -20021 20033 -20034 imp:n,p 1
300014 400014 -2.156 20012 -20013 20020 -20021 20034 -20035 imp:n,p 1
300015 400015 -2.156 20013 -20014 20020 -20021 20030 -20031 imp:n,p 1
300016 400016 -2.156 20013 -20014 20020 -20021 20031 -20032 imp:n,p 1
300017 400017 -2.156 20013 -20014 20020 -20021 20032 -20033 imp:n,p 1
300018 400018 -2.156 20013 -20014 20020 -20021 20033 -20034 imp:n,p 1
300019 400019 -2.156 20013 -20014 20020 -20021 20034 -20035 imp:n,p 1
300020 400020 -2.156 20014 -20015 20020 -20021 20030 -20031 imp:n,p 1
300021 400021 -2.156 20014 -20015 20020 -20021 20031 -20032 imp:n,p 1
300022 400022 -2.156 20014 -20015 20020 -20021 20032 -20033 imp:n,p 1
300023 400023 -2.156 20014 -20015 20020 -20021 20033 -20034 imp:n,p 1
300024 400024 -2.156 20014 -20015 20020 -20021 20034 -20035 imp:n,p 1
300025 400025 -2.156 20010 -20011 20021 -20022 20030 -20031 imp:n,p 1
300026 400026 -2.156 20010 -20011 20021 -20022 20031 -20032 imp:n,p 1
300027 400027 -2.156 20010 -20011 20021 -20022 20032 -20033 imp:n,p 1
300028 400028 -2.156 20010 -20011 20021 -20022 20033 -20034 imp:n,p 1
300029 400029 -2.156 20010 -20011 20021 -20022 20034 -20035 imp:n,p 1
300030 400030 -2.156 20011 -20012 20021 -20022 20030 -20031 imp:n,p 1
300031 400031 -2.156 20011 -20012 20021 -20022 20031 -20032 imp:n,p 1
300032 400032 -2.156 20011 -20012 20021 -20022 20032 -20033 imp:n,p 1
300033 400033 -2.156 20011 -20012 20021 -20022 20033 -20034 imp:n,p 1
300034 400034 -2.156 20011 -20012 20021 -20022 20034 -20035 imp:n,p 1
300035 400035 -2.156 20012 -20013 20021 -20022 20030 -20031 imp:n,p 1
300036 400036 -2.156 20012 -20013 20021 -20022 20031 -20032 imp:n,p 1
300037 400037 -2.156 20012 -20013 20021 -20022 20032 -20033 imp:n,p 1
300038 400038 -2.156 20012 -20013 20021 -20022 20033 -20034 imp:n,p 1
300039 400039 -2.156 20012 -20013 20021 -20022 20034 -20035 imp:n,p 1
300040 400040 -2.156 20013 -20014 20021 -20022 20030 -20031 imp:n,p 1
300041 400041 -2.156 20013 -20014 20021 -20022 20031 -20032 imp:n,p 1
300042 400042 -2.156 20013 -20014 20021 -20022 20032 -20033 imp:n,p 1
300043 400043 -2.156 20013 -20014 20021 -20022 20033 -20034 imp:n,p 1
300044 400044 -2.156 20013 -20014 20021 -20022 20034 -20035 imp:n,p 1
300045 400045 -2.156 20014 -20015 20021 -20022 20030 -20031 imp:n,p 1
300046 400046 -2.156 20014 -20015 20021 -20022 20031 -20032 imp:n,p 1
300047 400047 -2.156 20014 -20015 20021 -20022 20032 -20033 imp:n,p 1
300048 400048 -2.156 20014 -20015 20021 -20022 20033 -20034 imp:n,p 1
300049 400049 -2.156 20014 -20015 20021 -20022 20034 -20035 imp:n,p 1
300050 400050 -2.156 20010 -20011 20022 -20023 20030 -20031 imp:n,p 1
300051 400051 -2.156 20010 -20011 20022 -20023 20031 -20032 imp:n,p 1
300052 400052 -2.156 20010 -20011 20022 -20023 20032 -20033 imp:n,p 1
300053 400053 -2.156 20010 -20011 20022 -20023 20033 -20034 imp:n,p 1
300054 400054 -2.156 20010 -20011 20022 -20023 20034 -20035 imp:n,p 1
300055 400055 -2.156 20011 -20012 20022 -20023 20030 -20031 imp:n,p 1
300056 400056 -2.156 20011 -20012 20022 -20023 20031 -20032 imp:n,p 1
300057 400057 -2.156 20011 -20012 20022 -20023 20032 -20033 imp:n,p 1
300058 400058 -2.156 20011 -20012 20022 -20023 20033 -20034 imp:n,p 1
300059 400059 -2.156 20011 -20012 20022 -20023 20034 -20035 imp:n,p 1
300060 400060 -2.156 20012 -20013 20022 -20023 20030 -20031 imp:n,p 1
300061 400061 -2.156 20012 -20013 20022 -20023 20031 -20032 imp:n,p 1
300062 400062 -2.156 20012 -20013 20022 -20023 20032 -20033 imp:n,p 1
300063 400063 -2.156 20012 -20013 20022 -20023 20033 -20034 imp:n,p 1
300064 400064 -2.156 20012 -20013 20022 -20023 20034 -20035 imp:n,p 1
300065 400065 -2.156 20013 -20014 20022 -20023 20030 -20031 imp:n,p 1
300066 400066 -2.156 20013 -20014 20022 -20023 20031 -20032 imp:n,p 1
300067 400067 -2.156 20013 -20014 20022 -20023 20032 -20033 imp:n,p 1
300068 400068 -2.156 20013 -20014 20022 -20023 20033 -20034 imp:n,p 1
300069 400069 -2.156 20013 -20014 20022 -20023 20034 -20035 imp:n,p 1
300070 400070 -2.156 20014 -20015 20022 -20023 20030 -20031 imp:n,p 1
300071 400071 -2.156 20014 -20015 20022 -20023 20031 -20032 imp:n,p 1
300072 400072 -2.156 20014 -20015 20022 -20023 20032 -20033 imp:n,p 1
300073 400073 -2.156 20014 -20015 20022 -20023 20033 -20034 imp:n,p 1
300074 400074 -2.156 20014 -20015 20022 -20023 20034 -20035 imp:n,p 1
300075 400075 -2.156 20010 -20011 20023 -20024 20030 -20031 imp:n,p 1
300076 400076 -2.156 20010 -20011 20023 -20024 20031 -20032 imp:n,p 1
300077 400077 -2.156 20010 -20011 20023 -20024 20032 -20033 imp:n,p 1
300078 400078 -2.156 20010 -20011 20023 -20024 20033 -20034 imp:n,p 1
300079 400079 -2.156 20010 -20011 20023 -20024 20034 -20035 imp:n,p 1
300080 400080 -2.156 20011 -20012 20023 -20024 20030 -20031 imp:n,p 1
300081 400081 -2.156 20011 -20012 20023 -20024 20031 -20032 imp:n,p 1
300082 400082 -2.156 20011 -20012 20023 -20024 20032 -20033 imp:n,p 1
300083 400083 -2.156 20011 -20012 20023 -20024 20033 -20034 imp:n,p 1
300084 400084 -2.156 20011 -20012 20023 -20024 20034 -20035 imp:n,p 1
300085 400085 -2.156 20012 -20013 20023 -20024 20030 -20031 imp:n,p 1
300086 400086 -2.156 20012 -20013 20023 -20024 20031 -20032 imp:n,p 1
300087 400087 -2.156 20012 -20013 20023 -20024 20032 -20033 imp:n,p 1
300088 400088 -2.156 20012 -20013 20023 -20024 20033 -20034 imp:n,p 1
300089 400089 -2.156 20012 -20013 20023 -20024 20034 -20035 imp:n,p 1
300090 400090 -2.156 20013 -20014 20023 -20024 20030 -20031 imp:n,p 1
300091 400091 -2.156 20013 -20014 20023 -20024 20031 -20032 imp:n,p 1
300092 400092 -2.156 20013 -20014 20023 -20024 20032 -20033 imp:n,p 1
300093 400093 -2.156 20013 -20014 20023 -20024 20033 -20034 imp:n,p 1
300094 400094 -2.156 20013 -20014 20023 -20024 20034 -20035 imp:n,p 1
300095 400095 -2.156 20014 -20015 20023 -20024 20030 -20031 imp:n,p 1
300096 400096 -2.156 20014 -20015 20023 -20024 20031 -20032 imp:n,p 1
300097 400097 -2.156 20014 -20015 20023 -20024 20032 -20033 imp:n,p 1
300098 400098 -2.156 20014 -20015 20023 -20024 20033 -20034 imp:n,p 1
300099 400099 -2.156 20014 -20015 20023 -20024 20034 -20035 imp:n,p 1
300100 400100 -2.156 20010 -20011 20024 -20025 20030 -20031 imp:n,p 1
300101 400101 -2.156 20010 -20011 20024 -20025 20031 -20032 imp:n,p 1
300102 400102 -2.156 20010 -20011 20024 -20025 20032 -20033 imp:n,p 1
300103 400103 -2.156 20010 -20011 20024 -20025 20033 -20034 imp:n,p 1
300104 400104 -2.156 20010 -20011 20024 -20025 20034 -20035 imp:n,p 1
300105 400105 -2.156 20011 -20012 20024 -20025 20030 -20031 imp:n,p 1
300106 400106 -2.156 20011 -20012 20024 -20025 20031 -20032 imp:n,p 1
300107 400107 -2.156 20011 -20012 20024 -20025 20032 -20033 imp:n,p 1
300108 400108 -2.156 20011 -20012 20024 -20025 20033 -20034 imp:n,p 1
300109 400109 -2.156 20011 -20012 20024 -20025 20034 -20035 imp:n,p 1
300110 400110 -2.156 20012 -20013 20024 -20025 20030 -20031 imp:n,p 1
300111 400111 -2.156 20012 -20013 20024 -20025 20031 -20032 imp:n,p 1
300112 400112 -2.156 20012 -20013 20024 -20025 20032 -20033 imp:n,p 1
300113 400113 -2.156 20012 -20013 20024 -20025 20033 -20034 imp:n,p 1
300114 400114 -2.156 20012 -20013 20024 -20025 20034 -20035 imp:n,p 1
300115 400115 -2.156 20013 -20014 20024 -20025 20030 -20031 imp:n,p 1
300116 400116 -2.156 20013 -20014 20024 -20025 20031 -20032 imp:n,p 1
300117 400117 -2.156 20013 -20014 20024 -20025 20032 -20033 imp:n,p 1
300118 400118 -2.156 20013 -20014 20024 -20025 20033 -20034 imp:n,p 1
300119 400119 -2.156 20013 -20014 20024 -20025 20034 -20035 imp:n,p 1
300120 400120 -2.156 20014 -20015 20024 -20025 20030 -20031 imp:n,p 1
300121 400121 -2.156 20014 -20015 20024 -20025 20031 -20032 imp:n,p 1
300122 400122 -2.156 20014 -20015 20024 -20025 20032 -20033 imp:n,p 1
300123 400123 -2.156 20014 -20015 20024 -20025 20033 -20034 imp:n,p 1
300124 400124 -2.156 20014 -20015 20024 -20025 20034 -20035 imp:n,p 1
c
30 12 -0.00129 -200 #101 #121 #122 #123 #124 #125 #126 #127 #128 #129 #130 #131 #132 #133
        #21 #211 #212 #22 #221 #222 #23 #231 #232 #24 #241 #242 #20 imp:n,p 1 $Rest of the World
31 0 200 imp:n,p 0 $Outside world

c SURFACE CARDS
c
c Sample Volume
20010 px -56.0
20011 px -33.600000000000364
20012 px -11.200000000000728
20013 px 11.200000000000728
20014 px 33.600000000000364
20015 px 56.0
20020 py -45.0
20021 py -27.0
20022 py -9.0
20023 py 9.0
20024 py 27.0
20025 py 45.0
20030 pz 92.0
20031 pz 82.0
20032 pz 72.0
20033 pz 62.0
20034 pz 52.0
20035 pz 42.0
c Active Detector Region
21 rcc 56  -5.0 -1.0   0.0 20.3 0.0   4.5 $Detector 1 Base center, Hx,Hy,Hz, radius
c Shielding Surfaces
c Shielding Pb
31 rpp 19 29 -7.5 7.5 -11 9 $PbPE xmin xmax ymin ymax zmin zmax
32 rpp 9 19 4 9 -11 9 $Pb xmin xmax ymin ymax zmin zmax
33 rpp 9 19 -9 -4 -11 9 $Pb xmin xmax ymin ymax zmin zmax
34 rpp 19 29 7.5 12.5 -11 9 $Pb xmin xmax ymin ymax zmin zmax
35 rpp 19 29 -12.5 -7.5 -11 9 $Pb xmin xmax ymin ymax zmin zmax
36 rpp 29 34 -15 15 -11 9 $Pb xmin xmax ymin ymax zmin zmax
37 rpp 9 19 -4 4 4 9 $Pb xmin xmax ymin ymax zmin zmax
38 rpp -26 26 18 28 -11 9 $BA1 xmin xmax ymin ymax zmin zmax
39 rpp -26 26 -28 -18 -11 9 $BA2 xmin xmax ymin ymax zmin zmax
40 rpp -65 65 -28 28 10 10.5 $Al xmin xmax ymin ymax zmin zmax
401 rpp -27 27 29 34 -11 9 $Fe xmin xmax ymin ymax zmin zmax
402 rpp -27 27 -34 -29 -11 9 $Fe xmin xmax ymin ymax zmin zmax
301 px -20
302 px 18
303 cx 3.71
304 cx 3.81
c Wheels Surfaces
c 23/10.5-12 turf tires, 22.6 lb rubber
c diameter 29cm, tread width 25cm, and sidewall height 13.76 cm
c set thickness of all sides 1.3 cm (s.t. weight is 22.6 lb)
41 rcc -2 77 8   0.0 25 0.0 29 $wheel 1 outer tread surface
42 rcc -2 77 8   0.0 25 0.0 27.7 $wheel 1 inner tread surface
421 rcc -2 75.7 8   0.0 1.3 0.0 29 $wheel 1 outside sidewall exterior
422 rcc -2 75.7 8   0.0 1.3 0.0 15.24 $wheel 1 outside sidewall interior
423 rcc -2 102 8   0.0 1.3 0.0 29 $wheel 1 inside sidewall exterior
424 rcc -2 102 8   0.0 1.3 0.0 15.24 $wheel 1 inside sidewall interior
43 rcc 68 77 8   0.0 25 0.0 29 $wheel 2
44 rcc 68 77 8   0.0 25 0.0 27.7
441 rcc 68 75.7 8   0.0 1.3 0.0 29
442 rcc 68 75.7 8   0.0 1.3 0.0 15.24
443 rcc 68 102 8   0.0 1.3 0.0 29
444 rcc 68 102 8   0.0 1.3 0.0 15.24
45 rcc -2 -77 8   0.0 -25 0.0 29 $wheel 3
46 rcc -2 -77 8   0.0 -25 0.0 27.7
461 rcc -2 -75.7 8   0.0 -1.3 0.0 29
462 rcc -2 -75.7 8   0.0 -1.3 0.0 15.24
463 rcc -2 -102 8   0.0 -1.3 0.0 29
464 rcc -2 -102 8   0.0 -1.3 0.0 15.24
47 rcc 68 -77 8   0.0 -25 0.0 29 $wheel 4
48 rcc 68 -77 8   0.0 -25 0.0 27.7
481 rcc 68 -75.7 8   0.0 -1.3 0.0 29
482 rcc 68 -75.7 8   0.0 -1.3 0.0 15.24
483 rcc 68 -102 8   0.0 -1.3 0.0 29
484 rcc 68 -102 8   0.0 -1.3 0.0 15.24
200 so 800    $sphere of 800cm centered at origin
c

c DATA CARDS
mode n p
c dump every hr
prdmp -60 -60 -1
c 100 keV Neutron Energy Cutoff
Cut:n 1j 0.1
c analog neutron transport
phys:n 1j 14
phys:p
sdef pos=0 0 0 erg=14.0 vec= 0 0 1 dir=d1
si1  -1 .93 1
sp1   0  0.0  1.0
c ********************
c begin material cards
c ********************
c Pure Carbon
c ****************************************
m400000 6000 -0.0006245035139219352 7000 -0.0006245035139219352 14000 -0.9987509929721563 
m400001 6000 -0.0020889334878752015 7000 -0.0020889334878752015 14000 -0.9958221330242495 
m400002 6000 -0.004139104085075356 7000 -0.004139104085075356 14000 -0.9917217918298493 
m400003 6000 -0.006440633305346808 7000 -0.006440633305346808 14000 -0.9871187333893064 
m400004 6000 -0.008146637512503442 7000 -0.008146637512503442 14000 -0.9837067249749935 
m400005 6000 -0.0006990386540414743 7000 -0.0006990386540414743 14000 -0.9986019226919168 
m400006 6000 -0.002174525701904081 7000 -0.002174525701904081 14000 -0.9956509485961917 
m400007 6000 -0.004209207568397406 7000 -0.004209207568397406 14000 -0.9915815848632049 
m400008 6000 -0.00605169032575249 7000 -0.00605169032575249 14000 -0.987896619348495 
m400009 6000 -0.008417231412946334 7000 -0.008417231412946334 14000 -0.9831655371741074 
m400010 6000 -0.0008218745695095255 7000 -0.0008218745695095255 14000 -0.998356250860981 
m400011 6000 -0.0020592467152504485 7000 -0.0020592467152504485 14000 -0.9958815065694989 
m400012 6000 -0.004361868925871563 7000 -0.004361868925871563 14000 -0.9912762621482568 
m400013 6000 -0.006131893280149288 7000 -0.006131893280149288 14000 -0.9877362134397012 
m400014 6000 -0.008248514953468917 7000 -0.008248514953468917 14000 -0.9835029700930622 
m400015 6000 -0.0005488670181597125 7000 -0.0005488670181597125 14000 -0.9989022659636804 
m400016 6000 -0.0024283900512968803 7000 -0.0024283900512968803 14000 -0.9951432198974062 
m400017 6000 -0.004384157849445727 7000 -0.004384157849445727 14000 -0.9912316843011091 
m400018 6000 -0.006156039683410476 7000 -0.006156039683410476 14000 -0.987687920633179 
m400019 6000 -0.008337148672898418 7000 -0.008337148672898418 14000 -0.983325702654203 
m400020 6000 -0.0007619120685187924 7000 -0.0007619120685187924 14000 -0.9984761758629627 
m400021 6000 -0.0021097633456055908 7000 -0.0021097633456055908 14000 -0.9957804733087887 
m400022 6000 -0.004039690307668974 7000 -0.004039690307668974 14000 -0.9919206193846619 
m400023 6000 -0.006164579442176085 7000 -0.006164579442176085 14000 -0.9876708411156477 
m400024 6000 -0.008195116478156605 7000 -0.008195116478156605 14000 -0.9836097670436866 
m400025 6000 -0.0007000920642862542 7000 -0.0007000920642862542 14000 -0.9985998158714277 
m400026 6000 -0.002144333127505077 7000 -0.002144333127505077 14000 -0.9957113337449895 
m400027 6000 -0.004257881179579994 7000 -0.004257881179579994 14000 -0.99148423764084 
m400028 6000 -0.006392085274977396 7000 -0.006392085274977396 14000 -0.987215829450045 
m400029 6000 -0.008020996435105614 7000 -0.008020996435105614 14000 -0.9839580071297889 
m400030 6000 -0.0006252199815946941 7000 -0.0006252199815946941 14000 -0.9987495600368105 
m400031 6000 -0.0020752915670729085 7000 -0.0020752915670729085 14000 -0.995849416865854 
m400032 6000 -0.004211387139533728 7000 -0.004211387139533728 14000 -0.9915772257209327 
m400033 6000 -0.006444507200864511 7000 -0.006444507200864511 14000 -0.9871109855982709 
m400034 6000 -0.008074033697697644 7000 -0.008074033697697644 14000 -0.9838519326046047 
m400035 6000 -0.0005322664584825963 7000 -0.0005322664584825963 14000 -0.9989354670830349 
m400036 6000 -0.002238741438113129 7000 -0.002238741438113129 14000 -0.9955225171237737 
m400037 6000 -0.004239803564573965 7000 -0.004239803564573965 14000 -0.9915203928708521 
m400038 6000 -0.006106197180966158 7000 -0.006106197180966158 14000 -0.9877876056380676 
m400039 6000 -0.008111995675374477 7000 -0.008111995675374477 14000 -0.9837760086492514 
m400040 6000 -0.0007223835427980175 7000 -0.0007223835427980175 14000 -0.9985552329144041 
m400041 6000 -0.0022146258204884047 7000 -0.0022146258204884047 14000 -0.995570748359023 
m400042 6000 -0.004102533832244668 7000 -0.004102533832244668 14000 -0.9917949323355109 
m400043 6000 -0.006459518949001354 7000 -0.006459518949001354 14000 -0.9870809621019974 
m400044 6000 -0.008203897091455336 7000 -0.008203897091455336 14000 -0.9835922058170894 
m400045 6000 -0.0005539978813314816 7000 -0.0005539978813314816 14000 -0.9988920042373371 
m400046 6000 -0.002409939105153998 7000 -0.002409939105153998 14000 -0.9951801217896921 
m400047 6000 -0.003993257239408756 7000 -0.003993257239408756 14000 -0.9920134855211827 
m400048 6000 -0.006265742430633901 7000 -0.006265742430633901 14000 -0.9874685151387324 
m400049 6000 -0.008327758600503986 7000 -0.008327758600503986 14000 -0.9833444827989914 
m400050 6000 -0.0005881960286756796 7000 -0.0005881960286756796 14000 -0.998823607942649 
m400051 6000 -0.0025465740858113804 7000 -0.0025465740858113804 14000 -0.9949068518283769 
m400052 6000 -0.004320318320323027 7000 -0.004320318320323027 14000 -0.9913593633593538 
m400053 6000 -0.006224744778290924 7000 -0.006224744778290924 14000 -0.9875505104434184 
m400054 6000 -0.008134927758303849 7000 -0.008134927758303849 14000 -0.9837301444833922 
m400055 6000 -0.0008394291281192465 7000 -0.0008394291281192465 14000 -0.9983211417437616 
m400056 6000 -0.0022859770315288054 7000 -0.0022859770315288054 14000 -0.9954280459369421 
m400057 6000 -0.00420395881542223 7000 -0.00420395881542223 14000 -0.9915920823691554 
m400058 6000 -0.006129755810970667 7000 -0.006129755810970667 14000 -0.9877404883780585 
m400059 6000 -0.008332614424017903 7000 -0.008332614424017903 14000 -0.9833347711519642 
m400060 6000 -0.0006140338576472771 7000 -0.0006140338576472771 14000 -0.9987719322847056 
m400061 6000 -0.002154312629589788 7000 -0.002154312629589788 14000 -0.9956913747408204 
m400062 6000 -0.004101264622413483 7000 -0.004101264622413483 14000 -0.9917974707551731 
m400063 6000 -0.006203652349840746 7000 -0.006203652349840746 14000 -0.9875926953003187 
m400064 6000 -0.008150887135340876 7000 -0.008150887135340876 14000 -0.9836982257293179 
m400065 6000 -0.00046206381508435133 7000 -0.00046206381508435133 14000 -0.9990758723698313 
m400066 6000 -0.0024331330966729406 7000 -0.0024331330966729406 14000 -0.995133733806654 
m400067 6000 -0.004406796895889411 7000 -0.004406796895889411 14000 -0.9911864062082213 
m400068 6000 -0.005983978609845606 7000 -0.005983978609845606 14000 -0.9880320427803091 
m400069 6000 -0.00827409040418473 7000 -0.00827409040418473 14000 -0.9834518191916307 
m400070 6000 -0.0004550305989054288 7000 -0.0004550305989054288 14000 -0.999089938802189 
m400071 6000 -0.002062285670987372 7000 -0.002062285670987372 14000 -0.9958754286580251 
m400072 6000 -0.004232557653583498 7000 -0.004232557653583498 14000 -0.9915348846928331 
m400073 6000 -0.006176103070828437 7000 -0.006176103070828437 14000 -0.987647793858343 
m400074 6000 -0.008305436370801788 7000 -0.008305436370801788 14000 -0.9833891272583967 
m400075 6000 -0.0006091892050102383 7000 -0.0006091892050102383 14000 -0.9987816215899796 
m400076 6000 -0.001981188507304459 7000 -0.001981188507304459 14000 -0.9960376229853907 
m400077 6000 -0.003978101392072879 7000 -0.003978101392072879 14000 -0.9920437972158542 
m400078 6000 -0.0062548772695995136 7000 -0.0062548772695995136 14000 -0.9874902454608011 
m400079 6000 -0.00845992882226313 7000 -0.00845992882226313 14000 -0.9830801423554738 
m400080 6000 -0.0006589874184161327 7000 -0.0006589874184161327 14000 -0.9986820251631678 
m400081 6000 -0.002408554960263794 7000 -0.002408554960263794 14000 -0.995182890079472 
m400082 6000 -0.004167294603395623 7000 -0.004167294603395623 14000 -0.9916654107932087 
m400083 6000 -0.006232772229844109 7000 -0.006232772229844109 14000 -0.9875344555403116 
m400084 6000 -0.008297104120130731 7000 -0.008297104120130731 14000 -0.9834057917597384 
m400085 6000 -0.0006021755177923212 7000 -0.0006021755177923212 14000 -0.9987956489644154 
m400086 6000 -0.002178526277746617 7000 -0.002178526277746617 14000 -0.9956429474445067 
m400087 6000 -0.004427240900785155 7000 -0.004427240900785155 14000 -0.99114551819843 
m400088 6000 -0.006111660714887993 7000 -0.006111660714887993 14000 -0.9877766785702241 
m400089 6000 -0.008221687998319922 7000 -0.008221687998319922 14000 -0.9835566240033603 
m400090 6000 -0.0007387121916137681 7000 -0.0007387121916137681 14000 -0.9985225756167725 
m400091 6000 -0.00237675967562506 7000 -0.00237675967562506 14000 -0.9952464806487498 
m400092 6000 -0.0040126278093031605 7000 -0.0040126278093031605 14000 -0.9919747443813938 
m400093 6000 -0.006002212505655369 7000 -0.006002212505655369 14000 -0.9879955749886895 
m400094 6000 -0.008548206571909338 7000 -0.008548206571909338 14000 -0.9829035868561814 
m400095 6000 -0.0007014415433857154 7000 -0.0007014415433857154 14000 -0.9985971169132287 
m400096 6000 -0.002336566983924228 7000 -0.002336566983924228 14000 -0.9953268660321517 
m400097 6000 -0.004133665910834463 7000 -0.004133665910834463 14000 -0.9917326681783308 
m400098 6000 -0.006514468905245373 7000 -0.006514468905245373 14000 -0.9869710621895093 
m400099 6000 -0.008153513753676267 7000 -0.008153513753676267 14000 -0.9836929724926474 
m400100 6000 -0.0005840346816404721 7000 -0.0005840346816404721 14000 -0.9988319306367188 
m400101 6000 -0.0019555781772819946 7000 -0.0019555781772819946 14000 -0.9960888436454356 
m400102 6000 -0.004279830347333764 7000 -0.004279830347333764 14000 -0.9914403393053324 
m400103 6000 -0.006152894293289227 7000 -0.006152894293289227 14000 -0.9876942114134214 
m400104 6000 -0.008005245352057478 7000 -0.008005245352057478 14000 -0.9839895092958851 
m400105 6000 -0.0005446217511939518 7000 -0.0005446217511939518 14000 -0.9989107564976121 
m400106 6000 -0.0021588281714484785 7000 -0.0021588281714484785 14000 -0.9956823436571033 
m400107 6000 -0.004332158213306076 7000 -0.004332158213306076 14000 -0.9913356835733879 
m400108 6000 -0.006349703521005934 7000 -0.006349703521005934 14000 -0.9873005929579878 
m400109 6000 -0.00821927918176892 7000 -0.00821927918176892 14000 -0.983561441636462 
m400110 6000 -0.0005663817479323796 7000 -0.0005663817479323796 14000 -0.9988672365041354 
m400111 6000 -0.0024245196463021637 7000 -0.0024245196463021637 14000 -0.9951509607073955 
m400112 6000 -0.004146088307841918 7000 -0.004146088307841918 14000 -0.9917078233843162 
m400113 6000 -0.006168516414401719 7000 -0.006168516414401719 14000 -0.9876629671711964 
m400114 6000 -0.008254032642550105 7000 -0.008254032642550105 14000 -0.9834919347148996 
m400115 6000 -0.00044635642591047753 7000 -0.00044635642591047753 14000 -0.9991072871481791 
m400116 6000 -0.002345975098651912 7000 -0.002345975098651912 14000 -0.9953080498026963 
m400117 6000 -0.003819580706568948 7000 -0.003819580706568948 14000 -0.9923608385868619 
m400118 6000 -0.0061256130228210925 7000 -0.0061256130228210925 14000 -0.9877487739543579 
m400119 6000 -0.008445933034663088 7000 -0.008445933034663088 14000 -0.9831081339306738 
m400120 6000 -0.0005668866342972176 7000 -0.0005668866342972176 14000 -0.9988662267314053 
m400121 6000 -0.0021558078299572766 7000 -0.0021558078299572766 14000 -0.9956883843400856 
m400122 6000 -0.0041721163800617685 7000 -0.0041721163800617685 14000 -0.9916557672398766 
m400123 6000 -0.006239251164494704 7000 -0.006239251164494704 14000 -0.9875214976710106 
m400124 6000 -0.007990774248998269 7000 -0.007990774248998269 14000 -0.9840184515020036 
c **********************************
c PE+Pb, dens=4.78 g/cm3
m2      6000    -0.04286 $Carbon
        1001    -0.00714 $Hydrogen
        82000   -0.95000 $Lead
c **********************************
m3    1001 -0.048535 $Boric acid
      5010 -0.034981
      5011 -0.139923
      8016 -0.776561
c **********************************
m4    82000 1 $Lead
c **********************************
m5 26000 1 $Iron
c **********************************
m6     13027   -1.000 $ Aluminum
c **********************************
c  SS-304 (8.00 g/cm3), #298 in PNNL Compendium
m7   006000.50c -0.0004000
     014000.60c -0.0050000
     015031.50c -0.0002300
     016000.60c -0.0001500
     024000.50c -0.1899981
     025055.60c -0.0099999
     026000.50c -0.7017229
     028000.50c -0.0924991
c ****************************************
c       LaBr detector
c ****************************************
m8       35079    -0.2946       $ Br79
         35081    -0.3069       $ Br81
         57139    -0.3485       $ La139
         58140    -0.0500       $ Ce140
c ************ air den=1.15e-3g/cc
m12     8016 -0.23
        7014 -0.77
c ************ Rubber Natural den=0.92 g/cc
m13     1001 -0.118371  $weight fraction
        6000 -0.881629
c
c end material cards
c
rand seed=8674536546524321 $different initial random #; seed# - any less 18 digits
c
c ********** begin tallies *********************
fc78 *********Broadened Pulse Height Tally Sum of Detectors 1,2 & 3 ***********
e78 0 1e-5 932i 8.4295
F78:p (101)
FT78 GEB -0.026198 0.059551 -0.037176
fc18 *********Unbroadened Pulse Height Tally Sum of Detectors 1,2 & 3 ***********
e18 0 1e-5 932i 8.4295
F18:p (101)
c ***********************************
c mplot tal 78 freq 10000
nps 1e9
