c CAS DETECTOR
c w/ Shielding in Place and Wheels
c
c CELL CARDS
c
c @@@@@@@@@@ Detectors @@@@@@@@@@@@@@@@@
c
101 8 -5.08 -21 imp:n,p 1 $LaBr Detector #1 Active Region
c
c @@@@@@@@@ Shielding @@@@@@@@@@@@@@@@@
c
121 2 -4.78 -31 imp:n,p 1 $PE_Pb
122 4 -11.29 -32 imp:n,p 1 $Pb1
123 4 -11.29 -33 imp:n,p 1 $Pb2
124 4 -11.29 -34 imp:n,p 1 $Pb3
125 4 -11.29 -35 imp:n,p 1 $Pb4
126 4 -11.29 -36 imp:n,p 1 $Pb5
127 4 -11.29 -37 imp:n,p 1 $Pb6
128 3 -1.5 -38 imp:n,p 1 $BA1
129 3 -1.5 -39 imp:n,p 1 $BA2
130 6 -2.7 -40 imp:n,p 1 $Al
131 7 -7.92 301 -302 303 -304 imp:n,p 1 $Fe-tube
132 5 -7.8 -401 imp:n,p 1 $Fe
133 5 -7.8 -402 imp:n,p 1 $Fe
c @@@@@@@@@@ Wheels @@@@@@@@@@@@@@@@@
c
21 13 -0.92 -41 42 imp:n,p 1 $Wheel 1
211 13 -0.92 -421 422 imp:n,p 1 $Wheel 1
212 13 -0.92 -423 424 imp:n,p 1 $Wheel 1
22 13 -0.92 -43 44 imp:n,p 1 $Wheel 2
221 13 -0.92 -441 442 imp:n,p 1 $Wheel 2
222 13 -0.92 -443 444 imp:n,p 1 $Wheel 2
23 13 -0.92 -45 46 imp:n,p 1 $Wheel 3
231 13 -0.92 -461 462 imp:n,p 1 $Wheel 3
232 13 -0.92 -463 464 imp:n,p 1 $Wheel 3
24 13 -0.92 -47 48 imp:n,p 1 $Wheel 4
241 13 -0.92 -481 482 imp:n,p 1 $Wheel 4
242 13 -0.92 -483 484 imp:n,p 1 $Wheel 4
c
c @@@@@@@@@@ SOIL VOLUME @@@@@@@@@@@
c
300000 400000 -2.156 20010 -20011 20020 -20021 20030 -20031 imp:n,p 1
300001 400001 -2.156 20010 -20011 20020 -20021 20031 -20032 imp:n,p 1
300002 400002 -2.156 20010 -20011 20020 -20021 20032 -20033 imp:n,p 1
300003 400003 -2.156 20010 -20011 20020 -20021 20033 -20034 imp:n,p 1
300004 400004 -2.156 20010 -20011 20020 -20021 20034 -20035 imp:n,p 1
300005 400005 -2.156 20011 -20012 20020 -20021 20030 -20031 imp:n,p 1
300006 400006 -2.156 20011 -20012 20020 -20021 20031 -20032 imp:n,p 1
300007 400007 -2.156 20011 -20012 20020 -20021 20032 -20033 imp:n,p 1
300008 400008 -2.156 20011 -20012 20020 -20021 20033 -20034 imp:n,p 1
300009 400009 -2.156 20011 -20012 20020 -20021 20034 -20035 imp:n,p 1
300010 400010 -2.156 20012 -20013 20020 -20021 20030 -20031 imp:n,p 1
300011 400011 -2.156 20012 -20013 20020 -20021 20031 -20032 imp:n,p 1
300012 400012 -2.156 20012 -20013 20020 -20021 20032 -20033 imp:n,p 1
300013 400013 -2.156 20012 -20013 20020 -20021 20033 -20034 imp:n,p 1
300014 400014 -2.156 20012 -20013 20020 -20021 20034 -20035 imp:n,p 1
300015 400015 -2.156 20013 -20014 20020 -20021 20030 -20031 imp:n,p 1
300016 400016 -2.156 20013 -20014 20020 -20021 20031 -20032 imp:n,p 1
300017 400017 -2.156 20013 -20014 20020 -20021 20032 -20033 imp:n,p 1
300018 400018 -2.156 20013 -20014 20020 -20021 20033 -20034 imp:n,p 1
300019 400019 -2.156 20013 -20014 20020 -20021 20034 -20035 imp:n,p 1
300020 400020 -2.156 20014 -20015 20020 -20021 20030 -20031 imp:n,p 1
300021 400021 -2.156 20014 -20015 20020 -20021 20031 -20032 imp:n,p 1
300022 400022 -2.156 20014 -20015 20020 -20021 20032 -20033 imp:n,p 1
300023 400023 -2.156 20014 -20015 20020 -20021 20033 -20034 imp:n,p 1
300024 400024 -2.156 20014 -20015 20020 -20021 20034 -20035 imp:n,p 1
300025 400025 -2.156 20010 -20011 20021 -20022 20030 -20031 imp:n,p 1
300026 400026 -2.156 20010 -20011 20021 -20022 20031 -20032 imp:n,p 1
300027 400027 -2.156 20010 -20011 20021 -20022 20032 -20033 imp:n,p 1
300028 400028 -2.156 20010 -20011 20021 -20022 20033 -20034 imp:n,p 1
300029 400029 -2.156 20010 -20011 20021 -20022 20034 -20035 imp:n,p 1
300030 400030 -2.156 20011 -20012 20021 -20022 20030 -20031 imp:n,p 1
300031 400031 -2.156 20011 -20012 20021 -20022 20031 -20032 imp:n,p 1
300032 400032 -2.156 20011 -20012 20021 -20022 20032 -20033 imp:n,p 1
300033 400033 -2.156 20011 -20012 20021 -20022 20033 -20034 imp:n,p 1
300034 400034 -2.156 20011 -20012 20021 -20022 20034 -20035 imp:n,p 1
300035 400035 -2.156 20012 -20013 20021 -20022 20030 -20031 imp:n,p 1
300036 400036 -2.156 20012 -20013 20021 -20022 20031 -20032 imp:n,p 1
300037 400037 -2.156 20012 -20013 20021 -20022 20032 -20033 imp:n,p 1
300038 400038 -2.156 20012 -20013 20021 -20022 20033 -20034 imp:n,p 1
300039 400039 -2.156 20012 -20013 20021 -20022 20034 -20035 imp:n,p 1
300040 400040 -2.156 20013 -20014 20021 -20022 20030 -20031 imp:n,p 1
300041 400041 -2.156 20013 -20014 20021 -20022 20031 -20032 imp:n,p 1
300042 400042 -2.156 20013 -20014 20021 -20022 20032 -20033 imp:n,p 1
300043 400043 -2.156 20013 -20014 20021 -20022 20033 -20034 imp:n,p 1
300044 400044 -2.156 20013 -20014 20021 -20022 20034 -20035 imp:n,p 1
300045 400045 -2.156 20014 -20015 20021 -20022 20030 -20031 imp:n,p 1
300046 400046 -2.156 20014 -20015 20021 -20022 20031 -20032 imp:n,p 1
300047 400047 -2.156 20014 -20015 20021 -20022 20032 -20033 imp:n,p 1
300048 400048 -2.156 20014 -20015 20021 -20022 20033 -20034 imp:n,p 1
300049 400049 -2.156 20014 -20015 20021 -20022 20034 -20035 imp:n,p 1
300050 400050 -2.156 20010 -20011 20022 -20023 20030 -20031 imp:n,p 1
300051 400051 -2.156 20010 -20011 20022 -20023 20031 -20032 imp:n,p 1
300052 400052 -2.156 20010 -20011 20022 -20023 20032 -20033 imp:n,p 1
300053 400053 -2.156 20010 -20011 20022 -20023 20033 -20034 imp:n,p 1
300054 400054 -2.156 20010 -20011 20022 -20023 20034 -20035 imp:n,p 1
300055 400055 -2.156 20011 -20012 20022 -20023 20030 -20031 imp:n,p 1
300056 400056 -2.156 20011 -20012 20022 -20023 20031 -20032 imp:n,p 1
300057 400057 -2.156 20011 -20012 20022 -20023 20032 -20033 imp:n,p 1
300058 400058 -2.156 20011 -20012 20022 -20023 20033 -20034 imp:n,p 1
300059 400059 -2.156 20011 -20012 20022 -20023 20034 -20035 imp:n,p 1
300060 400060 -2.156 20012 -20013 20022 -20023 20030 -20031 imp:n,p 1
300061 400061 -2.156 20012 -20013 20022 -20023 20031 -20032 imp:n,p 1
300062 400062 -2.156 20012 -20013 20022 -20023 20032 -20033 imp:n,p 1
300063 400063 -2.156 20012 -20013 20022 -20023 20033 -20034 imp:n,p 1
300064 400064 -2.156 20012 -20013 20022 -20023 20034 -20035 imp:n,p 1
300065 400065 -2.156 20013 -20014 20022 -20023 20030 -20031 imp:n,p 1
300066 400066 -2.156 20013 -20014 20022 -20023 20031 -20032 imp:n,p 1
300067 400067 -2.156 20013 -20014 20022 -20023 20032 -20033 imp:n,p 1
300068 400068 -2.156 20013 -20014 20022 -20023 20033 -20034 imp:n,p 1
300069 400069 -2.156 20013 -20014 20022 -20023 20034 -20035 imp:n,p 1
300070 400070 -2.156 20014 -20015 20022 -20023 20030 -20031 imp:n,p 1
300071 400071 -2.156 20014 -20015 20022 -20023 20031 -20032 imp:n,p 1
300072 400072 -2.156 20014 -20015 20022 -20023 20032 -20033 imp:n,p 1
300073 400073 -2.156 20014 -20015 20022 -20023 20033 -20034 imp:n,p 1
300074 400074 -2.156 20014 -20015 20022 -20023 20034 -20035 imp:n,p 1
300075 400075 -2.156 20010 -20011 20023 -20024 20030 -20031 imp:n,p 1
300076 400076 -2.156 20010 -20011 20023 -20024 20031 -20032 imp:n,p 1
300077 400077 -2.156 20010 -20011 20023 -20024 20032 -20033 imp:n,p 1
300078 400078 -2.156 20010 -20011 20023 -20024 20033 -20034 imp:n,p 1
300079 400079 -2.156 20010 -20011 20023 -20024 20034 -20035 imp:n,p 1
300080 400080 -2.156 20011 -20012 20023 -20024 20030 -20031 imp:n,p 1
300081 400081 -2.156 20011 -20012 20023 -20024 20031 -20032 imp:n,p 1
300082 400082 -2.156 20011 -20012 20023 -20024 20032 -20033 imp:n,p 1
300083 400083 -2.156 20011 -20012 20023 -20024 20033 -20034 imp:n,p 1
300084 400084 -2.156 20011 -20012 20023 -20024 20034 -20035 imp:n,p 1
300085 400085 -2.156 20012 -20013 20023 -20024 20030 -20031 imp:n,p 1
300086 400086 -2.156 20012 -20013 20023 -20024 20031 -20032 imp:n,p 1
300087 400087 -2.156 20012 -20013 20023 -20024 20032 -20033 imp:n,p 1
300088 400088 -2.156 20012 -20013 20023 -20024 20033 -20034 imp:n,p 1
300089 400089 -2.156 20012 -20013 20023 -20024 20034 -20035 imp:n,p 1
300090 400090 -2.156 20013 -20014 20023 -20024 20030 -20031 imp:n,p 1
300091 400091 -2.156 20013 -20014 20023 -20024 20031 -20032 imp:n,p 1
300092 400092 -2.156 20013 -20014 20023 -20024 20032 -20033 imp:n,p 1
300093 400093 -2.156 20013 -20014 20023 -20024 20033 -20034 imp:n,p 1
300094 400094 -2.156 20013 -20014 20023 -20024 20034 -20035 imp:n,p 1
300095 400095 -2.156 20014 -20015 20023 -20024 20030 -20031 imp:n,p 1
300096 400096 -2.156 20014 -20015 20023 -20024 20031 -20032 imp:n,p 1
300097 400097 -2.156 20014 -20015 20023 -20024 20032 -20033 imp:n,p 1
300098 400098 -2.156 20014 -20015 20023 -20024 20033 -20034 imp:n,p 1
300099 400099 -2.156 20014 -20015 20023 -20024 20034 -20035 imp:n,p 1
300100 400100 -2.156 20010 -20011 20024 -20025 20030 -20031 imp:n,p 1
300101 400101 -2.156 20010 -20011 20024 -20025 20031 -20032 imp:n,p 1
300102 400102 -2.156 20010 -20011 20024 -20025 20032 -20033 imp:n,p 1
300103 400103 -2.156 20010 -20011 20024 -20025 20033 -20034 imp:n,p 1
300104 400104 -2.156 20010 -20011 20024 -20025 20034 -20035 imp:n,p 1
300105 400105 -2.156 20011 -20012 20024 -20025 20030 -20031 imp:n,p 1
300106 400106 -2.156 20011 -20012 20024 -20025 20031 -20032 imp:n,p 1
300107 400107 -2.156 20011 -20012 20024 -20025 20032 -20033 imp:n,p 1
300108 400108 -2.156 20011 -20012 20024 -20025 20033 -20034 imp:n,p 1
300109 400109 -2.156 20011 -20012 20024 -20025 20034 -20035 imp:n,p 1
300110 400110 -2.156 20012 -20013 20024 -20025 20030 -20031 imp:n,p 1
300111 400111 -2.156 20012 -20013 20024 -20025 20031 -20032 imp:n,p 1
300112 400112 -2.156 20012 -20013 20024 -20025 20032 -20033 imp:n,p 1
300113 400113 -2.156 20012 -20013 20024 -20025 20033 -20034 imp:n,p 1
300114 400114 -2.156 20012 -20013 20024 -20025 20034 -20035 imp:n,p 1
300115 400115 -2.156 20013 -20014 20024 -20025 20030 -20031 imp:n,p 1
300116 400116 -2.156 20013 -20014 20024 -20025 20031 -20032 imp:n,p 1
300117 400117 -2.156 20013 -20014 20024 -20025 20032 -20033 imp:n,p 1
300118 400118 -2.156 20013 -20014 20024 -20025 20033 -20034 imp:n,p 1
300119 400119 -2.156 20013 -20014 20024 -20025 20034 -20035 imp:n,p 1
300120 400120 -2.156 20014 -20015 20024 -20025 20030 -20031 imp:n,p 1
300121 400121 -2.156 20014 -20015 20024 -20025 20031 -20032 imp:n,p 1
300122 400122 -2.156 20014 -20015 20024 -20025 20032 -20033 imp:n,p 1
300123 400123 -2.156 20014 -20015 20024 -20025 20033 -20034 imp:n,p 1
300124 400124 -2.156 20014 -20015 20024 -20025 20034 -20035 imp:n,p 1
c
30 12 -0.00129 -200 #101 #121 #122 #123 #124 #125 #126 #127 #128 #129 #130 #131 #132 #133
        #21 #211 #212 #22 #221 #222 #23 #231 #232 #24 #241 #242 #20 imp:n,p 1 $Rest of the World
31 0 200 imp:n,p 0 $Outside world

c SURFACE CARDS
c
c Sample Volume
20010 px -56.0
20011 px -33.59999999999991
20012 px -11.200000000000045
20013 px 11.200000000000045
20014 px 33.59999999999991
20015 px 56.0
20020 py -45.0
20021 py -27.0
20022 py -9.0
20023 py 9.0
20024 py 27.0
20025 py 45.0
20030 pz 92.0
20031 pz 82.0
20032 pz 72.0
20033 pz 62.0
20034 pz 52.0
20035 pz 42.0
c Active Detector Region
21 rcc 56  -5.0 -1.0   0.0 20.3 0.0   4.5 $Detector 1 Base center, Hx,Hy,Hz, radius
c Shielding Surfaces
c Shielding Pb
31 rpp 19 29 -7.5 7.5 -11 9 $PbPE xmin xmax ymin ymax zmin zmax
32 rpp 9 19 4 9 -11 9 $Pb xmin xmax ymin ymax zmin zmax
33 rpp 9 19 -9 -4 -11 9 $Pb xmin xmax ymin ymax zmin zmax
34 rpp 19 29 7.5 12.5 -11 9 $Pb xmin xmax ymin ymax zmin zmax
35 rpp 19 29 -12.5 -7.5 -11 9 $Pb xmin xmax ymin ymax zmin zmax
36 rpp 29 34 -15 15 -11 9 $Pb xmin xmax ymin ymax zmin zmax
37 rpp 9 19 -4 4 4 9 $Pb xmin xmax ymin ymax zmin zmax
38 rpp -26 26 18 28 -11 9 $BA1 xmin xmax ymin ymax zmin zmax
39 rpp -26 26 -28 -18 -11 9 $BA2 xmin xmax ymin ymax zmin zmax
40 rpp -65 65 -28 28 10 10.5 $Al xmin xmax ymin ymax zmin zmax
401 rpp -27 27 29 34 -11 9 $Fe xmin xmax ymin ymax zmin zmax
402 rpp -27 27 -34 -29 -11 9 $Fe xmin xmax ymin ymax zmin zmax
301 px -20
302 px 18
303 cx 3.71
304 cx 3.81
c Wheels Surfaces
c 23/10.5-12 turf tires, 22.6 lb rubber
c diameter 29cm, tread width 25cm, and sidewall height 13.76 cm
c set thickness of all sides 1.3 cm (s.t. weight is 22.6 lb)
41 rcc -2 77 8   0.0 25 0.0 29 $wheel 1 outer tread surface
42 rcc -2 77 8   0.0 25 0.0 27.7 $wheel 1 inner tread surface
421 rcc -2 75.7 8   0.0 1.3 0.0 29 $wheel 1 outside sidewall exterior
422 rcc -2 75.7 8   0.0 1.3 0.0 15.24 $wheel 1 outside sidewall interior
423 rcc -2 102 8   0.0 1.3 0.0 29 $wheel 1 inside sidewall exterior
424 rcc -2 102 8   0.0 1.3 0.0 15.24 $wheel 1 inside sidewall interior
43 rcc 68 77 8   0.0 25 0.0 29 $wheel 2
44 rcc 68 77 8   0.0 25 0.0 27.7
441 rcc 68 75.7 8   0.0 1.3 0.0 29
442 rcc 68 75.7 8   0.0 1.3 0.0 15.24
443 rcc 68 102 8   0.0 1.3 0.0 29
444 rcc 68 102 8   0.0 1.3 0.0 15.24
45 rcc -2 -77 8   0.0 -25 0.0 29 $wheel 3
46 rcc -2 -77 8   0.0 -25 0.0 27.7
461 rcc -2 -75.7 8   0.0 -1.3 0.0 29
462 rcc -2 -75.7 8   0.0 -1.3 0.0 15.24
463 rcc -2 -102 8   0.0 -1.3 0.0 29
464 rcc -2 -102 8   0.0 -1.3 0.0 15.24
47 rcc 68 -77 8   0.0 -25 0.0 29 $wheel 4
48 rcc 68 -77 8   0.0 -25 0.0 27.7
481 rcc 68 -75.7 8   0.0 -1.3 0.0 29
482 rcc 68 -75.7 8   0.0 -1.3 0.0 15.24
483 rcc 68 -102 8   0.0 -1.3 0.0 29
484 rcc 68 -102 8   0.0 -1.3 0.0 15.24
200 so 800    $sphere of 800cm centered at origin
c

c DATA CARDS
mode n p
c dump every hr
prdmp -60 -60 -1
c 100 keV Neutron Energy Cutoff
Cut:n 1j 0.1
c analog neutron transport
phys:n 1j 14
phys:p
sdef pos=0 0 0 erg=14.0 vec= 0 0 1 dir=d1
si1  -1 .93 1
sp1   0  0.0  1.0
c ********************
c begin material cards
c ********************
c Pure Carbon
c ****************************************
m400000 6000 -0.0005141869105439184 7000 -0.0005141869105439184 14000 -0.9989716261789122 
m400001 6000 -0.0020256050906082633 7000 -0.0020256050906082633 14000 -0.9959487898187832 
m400002 6000 -0.0038611365331675785 7000 -0.0038611365331675785 14000 -0.9922777269336649 
m400003 6000 -0.00609619785759341 7000 -0.00609619785759341 14000 -0.9878076042848132 
m400004 6000 -0.007978748338025466 7000 -0.007978748338025466 14000 -0.9840425033239493 
m400005 6000 -0.0005041919861275272 7000 -0.0005041919861275272 14000 -0.9989916160277451 
m400006 6000 -0.0021420409219785256 7000 -0.0021420409219785256 14000 -0.9957159181560433 
m400007 6000 -0.0036163583466008427 7000 -0.0036163583466008427 14000 -0.9927672833067983 
m400008 6000 -0.00546080766741593 7000 -0.00546080766741593 14000 -0.9890783846651682 
m400009 6000 -0.007914049908827275 7000 -0.007914049908827275 14000 -0.9841719001823455 
m400010 6000 -0.0006311537607838058 7000 -0.0006311537607838058 14000 -0.9987376924784325 
m400011 6000 -0.0021561114419702534 7000 -0.0021561114419702534 14000 -0.9956877771160596 
m400012 6000 -0.0040070543645805284 7000 -0.0040070543645805284 14000 -0.991985891270839 
m400013 6000 -0.005818487540631979 7000 -0.005818487540631979 14000 -0.9883630249187361 
m400014 6000 -0.007869551842302753 7000 -0.007869551842302753 14000 -0.9842608963153943 
m400015 6000 -0.0004606627991161616 7000 -0.0004606627991161616 14000 -0.9990786744017676 
m400016 6000 -0.0019155419283639478 7000 -0.0019155419283639478 14000 -0.9961689161432722 
m400017 6000 -0.0038546001147354843 7000 -0.0038546001147354843 14000 -0.9922907997705291 
m400018 6000 -0.005830372907724591 7000 -0.005830372907724591 14000 -0.9883392541845509 
m400019 6000 -0.007853406077416128 7000 -0.007853406077416128 14000 -0.9842931878451681 
m400020 6000 -0.0006399179060301149 7000 -0.0006399179060301149 14000 -0.9987201641879402 
m400021 6000 -0.0017070623200888594 7000 -0.0017070623200888594 14000 -0.9965858753598222 
m400022 6000 -0.004173109837027868 7000 -0.004173109837027868 14000 -0.9916537803259441 
m400023 6000 -0.005711396940322045 7000 -0.005711396940322045 14000 -0.9885772061193561 
m400024 6000 -0.00756247620118211 7000 -0.00756247620118211 14000 -0.984875047597636 
m400025 6000 -0.0005316747053774286 7000 -0.0005316747053774286 14000 -0.9989366505892453 
m400026 6000 -0.001893108249760238 7000 -0.001893108249760238 14000 -0.9962137835004796 
m400027 6000 -0.00410559672445247 7000 -0.00410559672445247 14000 -0.9917888065510954 
m400028 6000 -0.005587567902410661 7000 -0.005587567902410661 14000 -0.9888248641951786 
m400029 6000 -0.007680339611899628 7000 -0.007680339611899628 14000 -0.9846393207762003 
m400030 6000 -0.0004937044421529782 7000 -0.0004937044421529782 14000 -0.9990125911156941 
m400031 6000 -0.001939441264416995 7000 -0.001939441264416995 14000 -0.9961211174711662 
m400032 6000 -0.0038656073855533302 7000 -0.0038656073855533302 14000 -0.9922687852288935 
m400033 6000 -0.0058579312513800065 7000 -0.0058579312513800065 14000 -0.98828413749724 
m400034 6000 -0.008006770950627337 7000 -0.008006770950627337 14000 -0.9839864580987455 
m400035 6000 -0.0004180556581035117 7000 -0.0004180556581035117 14000 -0.999163888683793 
m400036 6000 -0.0022812030260093803 7000 -0.0022812030260093803 14000 -0.9954375939479813 
m400037 6000 -0.003853154383184323 7000 -0.003853154383184323 14000 -0.9922936912336314 
m400038 6000 -0.0059369621033577595 7000 -0.0059369621033577595 14000 -0.9881260757932846 
m400039 6000 -0.0075961407279315106 7000 -0.0075961407279315106 14000 -0.9848077185441366 
m400040 6000 -0.00047180199278088413 7000 -0.00047180199278088413 14000 -0.9990563960144382 
m400041 6000 -0.0019398045793764724 7000 -0.0019398045793764724 14000 -0.9961203908412475 
m400042 6000 -0.0038704694607868944 7000 -0.0038704694607868944 14000 -0.9922590610784262 
m400043 6000 -0.006013385569084631 7000 -0.006013385569084631 14000 -0.9879732288618304 
m400044 6000 -0.007909721965477859 7000 -0.007909721965477859 14000 -0.9841805560690444 
m400045 6000 -0.0006176334490433282 7000 -0.0006176334490433282 14000 -0.9987647331019136 
m400046 6000 -0.0021873750999884135 7000 -0.0021873750999884135 14000 -0.9956252498000236 
m400047 6000 -0.003937033552086874 7000 -0.003937033552086874 14000 -0.9921259328958263 
m400048 6000 -0.005848258991457255 7000 -0.005848258991457255 14000 -0.9883034820170857 
m400049 6000 -0.007954516042286532 7000 -0.007954516042286532 14000 -0.9840909679154269 
m400050 6000 -0.00048214921003497175 7000 -0.00048214921003497175 14000 -0.99903570157993 
m400051 6000 -0.002184819593234694 7000 -0.002184819593234694 14000 -0.9956303608135306 
m400052 6000 -0.003903498913771507 7000 -0.003903498913771507 14000 -0.9921930021724568 
m400053 6000 -0.006046232034293276 7000 -0.006046232034293276 14000 -0.9879075359314133 
m400054 6000 -0.008179178149622511 7000 -0.008179178149622511 14000 -0.9836416437007547 
m400055 6000 -0.0006102115982753134 7000 -0.0006102115982753134 14000 -0.9987795768034492 
m400056 6000 -0.0019115885299046589 7000 -0.0019115885299046589 14000 -0.9961768229401907 
m400057 6000 -0.0038810492762466524 7000 -0.0038810492762466524 14000 -0.9922379014475062 
m400058 6000 -0.005793435626577082 7000 -0.005793435626577082 14000 -0.988413128746846 
m400059 6000 -0.008047426333889707 7000 -0.008047426333889707 14000 -0.9839051473322207 
m400060 6000 -0.00046513126874465514 7000 -0.00046513126874465514 14000 -0.9990697374625107 
m400061 6000 -0.0023280858600566116 7000 -0.0023280858600566116 14000 -0.9953438282798867 
m400062 6000 -0.003900111923352112 7000 -0.003900111923352112 14000 -0.9921997761532954 
m400063 6000 -0.005783893579632059 7000 -0.005783893579632059 14000 -0.9884322128407359 
m400064 6000 -0.007961048093209402 7000 -0.007961048093209402 14000 -0.9840779038135811 
m400065 6000 -0.000644439146525685 7000 -0.000644439146525685 14000 -0.9987111217069484 
m400066 6000 -0.0019645925697725376 7000 -0.0019645925697725376 14000 -0.996070814860455 
m400067 6000 -0.004030839097519481 7000 -0.004030839097519481 14000 -0.991938321804961 
m400068 6000 -0.006076366184847843 7000 -0.006076366184847843 14000 -0.9878472676303044 
m400069 6000 -0.007890315794013805 7000 -0.007890315794013805 14000 -0.9842193684119726 
m400070 6000 -0.0005126041852482508 7000 -0.0005126041852482508 14000 -0.9989747916295033 
m400071 6000 -0.0018179736144949621 7000 -0.0018179736144949621 14000 -0.9963640527710099 
m400072 6000 -0.004063140594736971 7000 -0.004063140594736971 14000 -0.991873718810526 
m400073 6000 -0.00601686299593361 7000 -0.00601686299593361 14000 -0.987966274008133 
m400074 6000 -0.008008315520288802 7000 -0.008008315520288802 14000 -0.9839833689594225 
m400075 6000 -0.0005693684630355765 7000 -0.0005693684630355765 14000 -0.9988612630739289 
m400076 6000 -0.0016707355304742654 7000 -0.0016707355304742654 14000 -0.9966585289390517 
m400077 6000 -0.004307355271499074 7000 -0.004307355271499074 14000 -0.9913852894570021 
m400078 6000 -0.005792443285628365 7000 -0.005792443285628365 14000 -0.9884151134287434 
m400079 6000 -0.007820410523804035 7000 -0.007820410523804035 14000 -0.9843591789523917 
m400080 6000 -0.0004966916790994383 7000 -0.0004966916790994383 14000 -0.999006616641801 
m400081 6000 -0.0017961956414982634 7000 -0.0017961956414982634 14000 -0.9964076087170031 
m400082 6000 -0.003889581874721235 7000 -0.003889581874721235 14000 -0.9922208362505579 
m400083 6000 -0.006030699189830861 7000 -0.006030699189830861 14000 -0.9879386016203386 
m400084 6000 -0.008050374957019428 7000 -0.008050374957019428 14000 -0.9838992500859612 
m400085 6000 -0.00040037168409541113 7000 -0.00040037168409541113 14000 -0.9991992566318091 
m400086 6000 -0.0022168377194873444 7000 -0.0022168377194873444 14000 -0.9955663245610252 
m400087 6000 -0.004050750873095025 7000 -0.004050750873095025 14000 -0.9918984982538099 
m400088 6000 -0.006244292023646692 7000 -0.006244292023646692 14000 -0.9875114159527066 
m400089 6000 -0.00785812064407465 7000 -0.00785812064407465 14000 -0.9842837587118509 
m400090 6000 -0.0005092166416344707 7000 -0.0005092166416344707 14000 -0.9989815667167308 
m400091 6000 -0.00191428063306554 7000 -0.00191428063306554 14000 -0.996171438733869 
m400092 6000 -0.0040141906735422055 7000 -0.0040141906735422055 14000 -0.9919716186529157 
m400093 6000 -0.006192567180577043 7000 -0.006192567180577043 14000 -0.9876148656388457 
m400094 6000 -0.00787732163734337 7000 -0.00787732163734337 14000 -0.9842453567253131 
m400095 6000 -0.00043154127321642417 7000 -0.00043154127321642417 14000 -0.9991369174535673 
m400096 6000 -0.0019377111617874488 7000 -0.0019377111617874488 14000 -0.9961245776764251 
m400097 6000 -0.0037644783428060413 7000 -0.0037644783428060413 14000 -0.9924710433143881 
m400098 6000 -0.0058826073251683755 7000 -0.0058826073251683755 14000 -0.9882347853496632 
m400099 6000 -0.007890211366399167 7000 -0.007890211366399167 14000 -0.9842195772672017 
m400100 6000 -0.00041994508827549766 7000 -0.00041994508827549766 14000 -0.9991601098234492 
m400101 6000 -0.0021632006907953854 7000 -0.0021632006907953854 14000 -0.9956735986184093 
m400102 6000 -0.0039540182637016015 7000 -0.0039540182637016015 14000 -0.9920919634725968 
m400103 6000 -0.006206374250535473 7000 -0.006206374250535473 14000 -0.9875872514989296 
m400104 6000 -0.007897637165073254 7000 -0.007897637165073254 14000 -0.9842047256698533 
m400105 6000 -0.0004542087562148229 7000 -0.0004542087562148229 14000 -0.9990915824875706 
m400106 6000 -0.002137652829041124 7000 -0.002137652829041124 14000 -0.9957246943419181 
m400107 6000 -0.003874397651342095 7000 -0.003874397651342095 14000 -0.9922512046973156 
m400108 6000 -0.005989208312480368 7000 -0.005989208312480368 14000 -0.988021583375039 
m400109 6000 -0.008066406930415757 7000 -0.008066406930415757 14000 -0.9838671861391682 
m400110 6000 -0.00048690805338304997 7000 -0.00048690805338304997 14000 -0.9990261838932339 
m400111 6000 -0.002034624094702716 7000 -0.002034624094702716 14000 -0.9959307518105944 
m400112 6000 -0.0037926232819838718 7000 -0.0037926232819838718 14000 -0.9924147534360324 
m400113 6000 -0.006019283939327302 7000 -0.006019283939327302 14000 -0.9879614321213451 
m400114 6000 -0.0076328718604819065 7000 -0.0076328718604819065 14000 -0.984734256279036 
m400115 6000 -0.0006683610491237858 7000 -0.0006683610491237858 14000 -0.9986632779017525 
m400116 6000 -0.0018481198435562581 7000 -0.0018481198435562581 14000 -0.9963037603128876 
m400117 6000 -0.003896449960179714 7000 -0.003896449960179714 14000 -0.9922071000796404 
m400118 6000 -0.005896720445855296 7000 -0.005896720445855296 14000 -0.9882065591082891 
m400119 6000 -0.008023495513403273 7000 -0.008023495513403273 14000 -0.9839530089731932 
m400120 6000 -0.0005264000309664164 7000 -0.0005264000309664164 14000 -0.9989471999380669 
m400121 6000 -0.0020028932153545943 7000 -0.0020028932153545943 14000 -0.9959942135692909 
m400122 6000 -0.003650274544590544 7000 -0.003650274544590544 14000 -0.9926994509108187 
m400123 6000 -0.005780454296264475 7000 -0.005780454296264475 14000 -0.988439091407471 
m400124 6000 -0.0076131422208628695 7000 -0.0076131422208628695 14000 -0.9847737155582739 
c **********************************
c PE+Pb, dens=4.78 g/cm3
m2      6000    -0.04286 $Carbon
        1001    -0.00714 $Hydrogen
        82000   -0.95000 $Lead
c **********************************
m3    1001 -0.048535 $Boric acid
      5010 -0.034981
      5011 -0.139923
      8016 -0.776561
c **********************************
m4    82000 1 $Lead
c **********************************
m5 26000 1 $Iron
c **********************************
m6     13027   -1.000 $ Aluminum
c **********************************
c  SS-304 (8.00 g/cm3), #298 in PNNL Compendium
m7   006000.50c -0.0004000
     014000.60c -0.0050000
     015031.50c -0.0002300
     016000.60c -0.0001500
     024000.50c -0.1899981
     025055.60c -0.0099999
     026000.50c -0.7017229
     028000.50c -0.0924991
c ****************************************
c       LaBr detector
c ****************************************
m8       35079    -0.2946       $ Br79
         35081    -0.3069       $ Br81
         57139    -0.3485       $ La139
         58140    -0.0500       $ Ce140
c ************ air den=1.15e-3g/cc
m12     8016 -0.23
        7014 -0.77
c ************ Rubber Natural den=0.92 g/cc
m13     1001 -0.118371  $weight fraction
        6000 -0.881629
c
c end material cards
c
rand seed=8674536546524321 $different initial random #; seed# - any less 18 digits
c
c ********** begin tallies *********************
fc78 *********Broadened Pulse Height Tally Sum of Detectors 1,2 & 3 ***********
e78 0 1e-5 932i 8.4295
F78:p (101)
FT78 GEB -0.026198 0.059551 -0.037176
fc18 *********Unbroadened Pulse Height Tally Sum of Detectors 1,2 & 3 ***********
e18 0 1e-5 932i 8.4295
F18:p (101)
c ***********************************
c mplot tal 78 freq 10000
nps 1e9
