c CAS DETECTOR
c w/ Shielding in Place and Wheels
c
c CELL CARDS
c
c @@@@@@@@@@ Detectors @@@@@@@@@@@@@@@@@
c
101 8 -5.08 -21 imp:n,p 1 $LaBr Detector #1 Active Region
c
c @@@@@@@@@ Shielding @@@@@@@@@@@@@@@@@
c
121 2 -4.78 -31 imp:n,p 1 $PE_Pb
122 4 -11.29 -32 imp:n,p 1 $Pb1
123 4 -11.29 -33 imp:n,p 1 $Pb2
124 4 -11.29 -34 imp:n,p 1 $Pb3
125 4 -11.29 -35 imp:n,p 1 $Pb4
126 4 -11.29 -36 imp:n,p 1 $Pb5
127 4 -11.29 -37 imp:n,p 1 $Pb6
128 3 -1.5 -38 imp:n,p 1 $BA1
129 3 -1.5 -39 imp:n,p 1 $BA2
130 6 -2.7 -40 imp:n,p 1 $Al
131 7 -7.92 301 -302 303 -304 imp:n,p 1 $Fe-tube
132 5 -7.8 -401 imp:n,p 1 $Fe
133 5 -7.8 -402 imp:n,p 1 $Fe
c @@@@@@@@@@ Wheels @@@@@@@@@@@@@@@@@
c
21 13 -0.92 -41 42 imp:n,p 1 $Wheel 1
211 13 -0.92 -421 422 imp:n,p 1 $Wheel 1
212 13 -0.92 -423 424 imp:n,p 1 $Wheel 1
22 13 -0.92 -43 44 imp:n,p 1 $Wheel 2
221 13 -0.92 -441 442 imp:n,p 1 $Wheel 2
222 13 -0.92 -443 444 imp:n,p 1 $Wheel 2
23 13 -0.92 -45 46 imp:n,p 1 $Wheel 3
231 13 -0.92 -461 462 imp:n,p 1 $Wheel 3
232 13 -0.92 -463 464 imp:n,p 1 $Wheel 3
24 13 -0.92 -47 48 imp:n,p 1 $Wheel 4
241 13 -0.92 -481 482 imp:n,p 1 $Wheel 4
242 13 -0.92 -483 484 imp:n,p 1 $Wheel 4
c
c @@@@@@@@@@ SOIL VOLUME @@@@@@@@@@@
c
300000 400000 -2.156 20010 -20011 20020 -20021 20030 -20031 imp:n,p 1
300001 400001 -2.156 20010 -20011 20020 -20021 20031 -20032 imp:n,p 1
300002 400002 -2.156 20010 -20011 20020 -20021 20032 -20033 imp:n,p 1
300003 400003 -2.156 20010 -20011 20020 -20021 20033 -20034 imp:n,p 1
300004 400004 -2.156 20010 -20011 20020 -20021 20034 -20035 imp:n,p 1
300005 400005 -2.156 20011 -20012 20020 -20021 20030 -20031 imp:n,p 1
300006 400006 -2.156 20011 -20012 20020 -20021 20031 -20032 imp:n,p 1
300007 400007 -2.156 20011 -20012 20020 -20021 20032 -20033 imp:n,p 1
300008 400008 -2.156 20011 -20012 20020 -20021 20033 -20034 imp:n,p 1
300009 400009 -2.156 20011 -20012 20020 -20021 20034 -20035 imp:n,p 1
300010 400010 -2.156 20012 -20013 20020 -20021 20030 -20031 imp:n,p 1
300011 400011 -2.156 20012 -20013 20020 -20021 20031 -20032 imp:n,p 1
300012 400012 -2.156 20012 -20013 20020 -20021 20032 -20033 imp:n,p 1
300013 400013 -2.156 20012 -20013 20020 -20021 20033 -20034 imp:n,p 1
300014 400014 -2.156 20012 -20013 20020 -20021 20034 -20035 imp:n,p 1
300015 400015 -2.156 20013 -20014 20020 -20021 20030 -20031 imp:n,p 1
300016 400016 -2.156 20013 -20014 20020 -20021 20031 -20032 imp:n,p 1
300017 400017 -2.156 20013 -20014 20020 -20021 20032 -20033 imp:n,p 1
300018 400018 -2.156 20013 -20014 20020 -20021 20033 -20034 imp:n,p 1
300019 400019 -2.156 20013 -20014 20020 -20021 20034 -20035 imp:n,p 1
300020 400020 -2.156 20014 -20015 20020 -20021 20030 -20031 imp:n,p 1
300021 400021 -2.156 20014 -20015 20020 -20021 20031 -20032 imp:n,p 1
300022 400022 -2.156 20014 -20015 20020 -20021 20032 -20033 imp:n,p 1
300023 400023 -2.156 20014 -20015 20020 -20021 20033 -20034 imp:n,p 1
300024 400024 -2.156 20014 -20015 20020 -20021 20034 -20035 imp:n,p 1
300025 400025 -2.156 20010 -20011 20021 -20022 20030 -20031 imp:n,p 1
300026 400026 -2.156 20010 -20011 20021 -20022 20031 -20032 imp:n,p 1
300027 400027 -2.156 20010 -20011 20021 -20022 20032 -20033 imp:n,p 1
300028 400028 -2.156 20010 -20011 20021 -20022 20033 -20034 imp:n,p 1
300029 400029 -2.156 20010 -20011 20021 -20022 20034 -20035 imp:n,p 1
300030 400030 -2.156 20011 -20012 20021 -20022 20030 -20031 imp:n,p 1
300031 400031 -2.156 20011 -20012 20021 -20022 20031 -20032 imp:n,p 1
300032 400032 -2.156 20011 -20012 20021 -20022 20032 -20033 imp:n,p 1
300033 400033 -2.156 20011 -20012 20021 -20022 20033 -20034 imp:n,p 1
300034 400034 -2.156 20011 -20012 20021 -20022 20034 -20035 imp:n,p 1
300035 400035 -2.156 20012 -20013 20021 -20022 20030 -20031 imp:n,p 1
300036 400036 -2.156 20012 -20013 20021 -20022 20031 -20032 imp:n,p 1
300037 400037 -2.156 20012 -20013 20021 -20022 20032 -20033 imp:n,p 1
300038 400038 -2.156 20012 -20013 20021 -20022 20033 -20034 imp:n,p 1
300039 400039 -2.156 20012 -20013 20021 -20022 20034 -20035 imp:n,p 1
300040 400040 -2.156 20013 -20014 20021 -20022 20030 -20031 imp:n,p 1
300041 400041 -2.156 20013 -20014 20021 -20022 20031 -20032 imp:n,p 1
300042 400042 -2.156 20013 -20014 20021 -20022 20032 -20033 imp:n,p 1
300043 400043 -2.156 20013 -20014 20021 -20022 20033 -20034 imp:n,p 1
300044 400044 -2.156 20013 -20014 20021 -20022 20034 -20035 imp:n,p 1
300045 400045 -2.156 20014 -20015 20021 -20022 20030 -20031 imp:n,p 1
300046 400046 -2.156 20014 -20015 20021 -20022 20031 -20032 imp:n,p 1
300047 400047 -2.156 20014 -20015 20021 -20022 20032 -20033 imp:n,p 1
300048 400048 -2.156 20014 -20015 20021 -20022 20033 -20034 imp:n,p 1
300049 400049 -2.156 20014 -20015 20021 -20022 20034 -20035 imp:n,p 1
300050 400050 -2.156 20010 -20011 20022 -20023 20030 -20031 imp:n,p 1
300051 400051 -2.156 20010 -20011 20022 -20023 20031 -20032 imp:n,p 1
300052 400052 -2.156 20010 -20011 20022 -20023 20032 -20033 imp:n,p 1
300053 400053 -2.156 20010 -20011 20022 -20023 20033 -20034 imp:n,p 1
300054 400054 -2.156 20010 -20011 20022 -20023 20034 -20035 imp:n,p 1
300055 400055 -2.156 20011 -20012 20022 -20023 20030 -20031 imp:n,p 1
300056 400056 -2.156 20011 -20012 20022 -20023 20031 -20032 imp:n,p 1
300057 400057 -2.156 20011 -20012 20022 -20023 20032 -20033 imp:n,p 1
300058 400058 -2.156 20011 -20012 20022 -20023 20033 -20034 imp:n,p 1
300059 400059 -2.156 20011 -20012 20022 -20023 20034 -20035 imp:n,p 1
300060 400060 -2.156 20012 -20013 20022 -20023 20030 -20031 imp:n,p 1
300061 400061 -2.156 20012 -20013 20022 -20023 20031 -20032 imp:n,p 1
300062 400062 -2.156 20012 -20013 20022 -20023 20032 -20033 imp:n,p 1
300063 400063 -2.156 20012 -20013 20022 -20023 20033 -20034 imp:n,p 1
300064 400064 -2.156 20012 -20013 20022 -20023 20034 -20035 imp:n,p 1
300065 400065 -2.156 20013 -20014 20022 -20023 20030 -20031 imp:n,p 1
300066 400066 -2.156 20013 -20014 20022 -20023 20031 -20032 imp:n,p 1
300067 400067 -2.156 20013 -20014 20022 -20023 20032 -20033 imp:n,p 1
300068 400068 -2.156 20013 -20014 20022 -20023 20033 -20034 imp:n,p 1
300069 400069 -2.156 20013 -20014 20022 -20023 20034 -20035 imp:n,p 1
300070 400070 -2.156 20014 -20015 20022 -20023 20030 -20031 imp:n,p 1
300071 400071 -2.156 20014 -20015 20022 -20023 20031 -20032 imp:n,p 1
300072 400072 -2.156 20014 -20015 20022 -20023 20032 -20033 imp:n,p 1
300073 400073 -2.156 20014 -20015 20022 -20023 20033 -20034 imp:n,p 1
300074 400074 -2.156 20014 -20015 20022 -20023 20034 -20035 imp:n,p 1
300075 400075 -2.156 20010 -20011 20023 -20024 20030 -20031 imp:n,p 1
300076 400076 -2.156 20010 -20011 20023 -20024 20031 -20032 imp:n,p 1
300077 400077 -2.156 20010 -20011 20023 -20024 20032 -20033 imp:n,p 1
300078 400078 -2.156 20010 -20011 20023 -20024 20033 -20034 imp:n,p 1
300079 400079 -2.156 20010 -20011 20023 -20024 20034 -20035 imp:n,p 1
300080 400080 -2.156 20011 -20012 20023 -20024 20030 -20031 imp:n,p 1
300081 400081 -2.156 20011 -20012 20023 -20024 20031 -20032 imp:n,p 1
300082 400082 -2.156 20011 -20012 20023 -20024 20032 -20033 imp:n,p 1
300083 400083 -2.156 20011 -20012 20023 -20024 20033 -20034 imp:n,p 1
300084 400084 -2.156 20011 -20012 20023 -20024 20034 -20035 imp:n,p 1
300085 400085 -2.156 20012 -20013 20023 -20024 20030 -20031 imp:n,p 1
300086 400086 -2.156 20012 -20013 20023 -20024 20031 -20032 imp:n,p 1
300087 400087 -2.156 20012 -20013 20023 -20024 20032 -20033 imp:n,p 1
300088 400088 -2.156 20012 -20013 20023 -20024 20033 -20034 imp:n,p 1
300089 400089 -2.156 20012 -20013 20023 -20024 20034 -20035 imp:n,p 1
300090 400090 -2.156 20013 -20014 20023 -20024 20030 -20031 imp:n,p 1
300091 400091 -2.156 20013 -20014 20023 -20024 20031 -20032 imp:n,p 1
300092 400092 -2.156 20013 -20014 20023 -20024 20032 -20033 imp:n,p 1
300093 400093 -2.156 20013 -20014 20023 -20024 20033 -20034 imp:n,p 1
300094 400094 -2.156 20013 -20014 20023 -20024 20034 -20035 imp:n,p 1
300095 400095 -2.156 20014 -20015 20023 -20024 20030 -20031 imp:n,p 1
300096 400096 -2.156 20014 -20015 20023 -20024 20031 -20032 imp:n,p 1
300097 400097 -2.156 20014 -20015 20023 -20024 20032 -20033 imp:n,p 1
300098 400098 -2.156 20014 -20015 20023 -20024 20033 -20034 imp:n,p 1
300099 400099 -2.156 20014 -20015 20023 -20024 20034 -20035 imp:n,p 1
300100 400100 -2.156 20010 -20011 20024 -20025 20030 -20031 imp:n,p 1
300101 400101 -2.156 20010 -20011 20024 -20025 20031 -20032 imp:n,p 1
300102 400102 -2.156 20010 -20011 20024 -20025 20032 -20033 imp:n,p 1
300103 400103 -2.156 20010 -20011 20024 -20025 20033 -20034 imp:n,p 1
300104 400104 -2.156 20010 -20011 20024 -20025 20034 -20035 imp:n,p 1
300105 400105 -2.156 20011 -20012 20024 -20025 20030 -20031 imp:n,p 1
300106 400106 -2.156 20011 -20012 20024 -20025 20031 -20032 imp:n,p 1
300107 400107 -2.156 20011 -20012 20024 -20025 20032 -20033 imp:n,p 1
300108 400108 -2.156 20011 -20012 20024 -20025 20033 -20034 imp:n,p 1
300109 400109 -2.156 20011 -20012 20024 -20025 20034 -20035 imp:n,p 1
300110 400110 -2.156 20012 -20013 20024 -20025 20030 -20031 imp:n,p 1
300111 400111 -2.156 20012 -20013 20024 -20025 20031 -20032 imp:n,p 1
300112 400112 -2.156 20012 -20013 20024 -20025 20032 -20033 imp:n,p 1
300113 400113 -2.156 20012 -20013 20024 -20025 20033 -20034 imp:n,p 1
300114 400114 -2.156 20012 -20013 20024 -20025 20034 -20035 imp:n,p 1
300115 400115 -2.156 20013 -20014 20024 -20025 20030 -20031 imp:n,p 1
300116 400116 -2.156 20013 -20014 20024 -20025 20031 -20032 imp:n,p 1
300117 400117 -2.156 20013 -20014 20024 -20025 20032 -20033 imp:n,p 1
300118 400118 -2.156 20013 -20014 20024 -20025 20033 -20034 imp:n,p 1
300119 400119 -2.156 20013 -20014 20024 -20025 20034 -20035 imp:n,p 1
300120 400120 -2.156 20014 -20015 20024 -20025 20030 -20031 imp:n,p 1
300121 400121 -2.156 20014 -20015 20024 -20025 20031 -20032 imp:n,p 1
300122 400122 -2.156 20014 -20015 20024 -20025 20032 -20033 imp:n,p 1
300123 400123 -2.156 20014 -20015 20024 -20025 20033 -20034 imp:n,p 1
300124 400124 -2.156 20014 -20015 20024 -20025 20034 -20035 imp:n,p 1
c
30 12 -0.00129 -200 #101 #121 #122 #123 #124 #125 #126 #127 #128 #129 #130 #131 #132 #133
        #21 #211 #212 #22 #221 #222 #23 #231 #232 #24 #241 #242 #20 imp:n,p 1 $Rest of the World
31 0 200 imp:n,p 0 $Outside world

c SURFACE CARDS
c
c Sample Volume
20010 px -56.0
20011 px -33.600000000000364
20012 px -11.200000000000728
20013 px 11.200000000000728
20014 px 33.600000000000364
20015 px 56.0
20020 py -45.0
20021 py -27.0
20022 py -9.0
20023 py 9.0
20024 py 27.0
20025 py 45.0
20030 pz 92.0
20031 pz 82.0
20032 pz 72.0
20033 pz 62.0
20034 pz 52.0
20035 pz 42.0
c Active Detector Region
21 rcc 56  -5.0 -1.0   0.0 20.3 0.0   4.5 $Detector 1 Base center, Hx,Hy,Hz, radius
c Shielding Surfaces
c Shielding Pb
31 rpp 19 29 -7.5 7.5 -11 9 $PbPE xmin xmax ymin ymax zmin zmax
32 rpp 9 19 4 9 -11 9 $Pb xmin xmax ymin ymax zmin zmax
33 rpp 9 19 -9 -4 -11 9 $Pb xmin xmax ymin ymax zmin zmax
34 rpp 19 29 7.5 12.5 -11 9 $Pb xmin xmax ymin ymax zmin zmax
35 rpp 19 29 -12.5 -7.5 -11 9 $Pb xmin xmax ymin ymax zmin zmax
36 rpp 29 34 -15 15 -11 9 $Pb xmin xmax ymin ymax zmin zmax
37 rpp 9 19 -4 4 4 9 $Pb xmin xmax ymin ymax zmin zmax
38 rpp -26 26 18 28 -11 9 $BA1 xmin xmax ymin ymax zmin zmax
39 rpp -26 26 -28 -18 -11 9 $BA2 xmin xmax ymin ymax zmin zmax
40 rpp -65 65 -28 28 10 10.5 $Al xmin xmax ymin ymax zmin zmax
401 rpp -27 27 29 34 -11 9 $Fe xmin xmax ymin ymax zmin zmax
402 rpp -27 27 -34 -29 -11 9 $Fe xmin xmax ymin ymax zmin zmax
301 px -20
302 px 18
303 cx 3.71
304 cx 3.81
c Wheels Surfaces
c 23/10.5-12 turf tires, 22.6 lb rubber
c diameter 29cm, tread width 25cm, and sidewall height 13.76 cm
c set thickness of all sides 1.3 cm (s.t. weight is 22.6 lb)
41 rcc -2 77 8   0.0 25 0.0 29 $wheel 1 outer tread surface
42 rcc -2 77 8   0.0 25 0.0 27.7 $wheel 1 inner tread surface
421 rcc -2 75.7 8   0.0 1.3 0.0 29 $wheel 1 outside sidewall exterior
422 rcc -2 75.7 8   0.0 1.3 0.0 15.24 $wheel 1 outside sidewall interior
423 rcc -2 102 8   0.0 1.3 0.0 29 $wheel 1 inside sidewall exterior
424 rcc -2 102 8   0.0 1.3 0.0 15.24 $wheel 1 inside sidewall interior
43 rcc 68 77 8   0.0 25 0.0 29 $wheel 2
44 rcc 68 77 8   0.0 25 0.0 27.7
441 rcc 68 75.7 8   0.0 1.3 0.0 29
442 rcc 68 75.7 8   0.0 1.3 0.0 15.24
443 rcc 68 102 8   0.0 1.3 0.0 29
444 rcc 68 102 8   0.0 1.3 0.0 15.24
45 rcc -2 -77 8   0.0 -25 0.0 29 $wheel 3
46 rcc -2 -77 8   0.0 -25 0.0 27.7
461 rcc -2 -75.7 8   0.0 -1.3 0.0 29
462 rcc -2 -75.7 8   0.0 -1.3 0.0 15.24
463 rcc -2 -102 8   0.0 -1.3 0.0 29
464 rcc -2 -102 8   0.0 -1.3 0.0 15.24
47 rcc 68 -77 8   0.0 -25 0.0 29 $wheel 4
48 rcc 68 -77 8   0.0 -25 0.0 27.7
481 rcc 68 -75.7 8   0.0 -1.3 0.0 29
482 rcc 68 -75.7 8   0.0 -1.3 0.0 15.24
483 rcc 68 -102 8   0.0 -1.3 0.0 29
484 rcc 68 -102 8   0.0 -1.3 0.0 15.24
200 so 800    $sphere of 800cm centered at origin
c

c DATA CARDS
mode n p
c dump every hr
prdmp -60 -60 -1
c 100 keV Neutron Energy Cutoff
Cut:n 1j 0.1
c analog neutron transport
phys:n 1j 14
phys:p
sdef pos=0 0 0 erg=14.0 vec= 0 0 1 dir=d1
si1  -1 .93 1
sp1   0  0.0  1.0
c ********************
c begin material cards
c ********************
c Pure Carbon
c ****************************************
m400000 6000 -0.0006368148011846443 7000 -0.0006368148011846443 14000 -0.9987263703976309 
m400001 6000 -0.002076912331508306 7000 -0.002076912331508306 14000 -0.9958461753369832 
m400002 6000 -0.004233432353513094 7000 -0.004233432353513094 14000 -0.9915331352929736 
m400003 6000 -0.006306146105756943 7000 -0.006306146105756943 14000 -0.9873877077884861 
m400004 6000 -0.008276413001335848 7000 -0.008276413001335848 14000 -0.9834471739973283 
m400005 6000 -0.0004830168066291564 7000 -0.0004830168066291564 14000 -0.9990339663867418 
m400006 6000 -0.002118230773174839 7000 -0.002118230773174839 14000 -0.9957635384536505 
m400007 6000 -0.004410581318218858 7000 -0.004410581318218858 14000 -0.9911788373635624 
m400008 6000 -0.0061871316831797725 7000 -0.0061871316831797725 14000 -0.9876257366336406 
m400009 6000 -0.008273643767533388 7000 -0.008273643767533388 14000 -0.9834527124649328 
m400010 6000 -0.0004793211514603939 7000 -0.0004793211514603939 14000 -0.9990413576970792 
m400011 6000 -0.0020893763000304397 7000 -0.0020893763000304397 14000 -0.9958212473999392 
m400012 6000 -0.004379493910490214 7000 -0.004379493910490214 14000 -0.9912410121790195 
m400013 6000 -0.006532772128965802 7000 -0.006532772128965802 14000 -0.9869344557420685 
m400014 6000 -0.007936155623998395 7000 -0.007936155623998395 14000 -0.9841276887520033 
m400015 6000 -0.0006663400508590374 7000 -0.0006663400508590374 14000 -0.9986673198982823 
m400016 6000 -0.0021435200721413063 7000 -0.0021435200721413063 14000 -0.9957129598557174 
m400017 6000 -0.004455130201193083 7000 -0.004455130201193083 14000 -0.9910897395976141 
m400018 6000 -0.006211114434271475 7000 -0.006211114434271475 14000 -0.987577771131457 
m400019 6000 -0.008124340653743902 7000 -0.008124340653743902 14000 -0.9837513186925122 
m400020 6000 -0.000582957674029794 7000 -0.000582957674029794 14000 -0.9988340846519407 
m400021 6000 -0.002284635605960961 7000 -0.002284635605960961 14000 -0.995430728788078 
m400022 6000 -0.004345263172658794 7000 -0.004345263172658794 14000 -0.9913094736546826 
m400023 6000 -0.006289850984269551 7000 -0.006289850984269551 14000 -0.9874202980314609 
m400024 6000 -0.008348594981195839 7000 -0.008348594981195839 14000 -0.9833028100376082 
m400025 6000 -0.0005527945344127415 7000 -0.0005527945344127415 14000 -0.9988944109311747 
m400026 6000 -0.002202277118088335 7000 -0.002202277118088335 14000 -0.9955954457638234 
m400027 6000 -0.004250992562916589 7000 -0.004250992562916589 14000 -0.9914980148741671 
m400028 6000 -0.0063231503848456315 7000 -0.0063231503848456315 14000 -0.9873536992303085 
m400029 6000 -0.008410293938027195 7000 -0.008410293938027195 14000 -0.9831794121239451 
m400030 6000 -0.0006524397981903448 7000 -0.0006524397981903448 14000 -0.9986951204036193 
m400031 6000 -0.002276283192988494 7000 -0.002276283192988494 14000 -0.9954474336140231 
m400032 6000 -0.004557361327678669 7000 -0.004557361327678669 14000 -0.9908852773446425 
m400033 6000 -0.006162564928502978 7000 -0.006162564928502978 14000 -0.9876748701429939 
m400034 6000 -0.008070868903413861 7000 -0.008070868903413861 14000 -0.9838582621931722 
m400035 6000 -0.0005934628491065815 7000 -0.0005934628491065815 14000 -0.9988130743017868 
m400036 6000 -0.002170646980772406 7000 -0.002170646980772406 14000 -0.9956587060384554 
m400037 6000 -0.004204019013483109 7000 -0.004204019013483109 14000 -0.9915919619730336 
m400038 6000 -0.0064569969077393815 7000 -0.0064569969077393815 14000 -0.9870860061845214 
m400039 6000 -0.007875007475554021 7000 -0.007875007475554021 14000 -0.984249985048892 
m400040 6000 -0.000657428596498721 7000 -0.000657428596498721 14000 -0.9986851428070027 
m400041 6000 -0.0022204414125146276 7000 -0.0022204414125146276 14000 -0.9955591171749709 
m400042 6000 -0.004475401810023969 7000 -0.004475401810023969 14000 -0.9910491963799518 
m400043 6000 -0.006148134507397977 7000 -0.006148134507397977 14000 -0.9877037309852037 
m400044 6000 -0.008388009132626582 7000 -0.008388009132626582 14000 -0.9832239817347467 
m400045 6000 -0.0006281617314254839 7000 -0.0006281617314254839 14000 -0.998743676537149 
m400046 6000 -0.002096577374359535 7000 -0.002096577374359535 14000 -0.9958068452512812 
m400047 6000 -0.0042295925593514 7000 -0.0042295925593514 14000 -0.9915408148812969 
m400048 6000 -0.006340655188607284 7000 -0.006340655188607284 14000 -0.9873186896227856 
m400049 6000 -0.00800269203971748 7000 -0.00800269203971748 14000 -0.9839946159205653 
m400050 6000 -0.0005607125935093387 7000 -0.0005607125935093387 14000 -0.9988785748129813 
m400051 6000 -0.0023110409840257843 7000 -0.0023110409840257843 14000 -0.9953779180319482 
m400052 6000 -0.004324213695739581 7000 -0.004324213695739581 14000 -0.9913515726085208 
m400053 6000 -0.006349260856633299 7000 -0.006349260856633299 14000 -0.9873014782867332 
m400054 6000 -0.007965793646774926 7000 -0.007965793646774926 14000 -0.9840684127064502 
m400055 6000 -0.0007276376296637138 7000 -0.0007276376296637138 14000 -0.9985447247406725 
m400056 6000 -0.0019697165420054924 7000 -0.0019697165420054924 14000 -0.9960605669159891 
m400057 6000 -0.003990531399518811 7000 -0.003990531399518811 14000 -0.9920189372009623 
m400058 6000 -0.006083350751769803 7000 -0.006083350751769803 14000 -0.9878332984964604 
m400059 6000 -0.008477625582379206 7000 -0.008477625582379206 14000 -0.9830447488352416 
m400060 6000 -0.0008063181432955623 7000 -0.0008063181432955623 14000 -0.998387363713409 
m400061 6000 -0.0023867449937689847 7000 -0.0023867449937689847 14000 -0.995226510012462 
m400062 6000 -0.004342186642788895 7000 -0.004342186642788895 14000 -0.9913156267144221 
m400063 6000 -0.006170257238793841 7000 -0.006170257238793841 14000 -0.987659485522412 
m400064 6000 -0.008105279978763756 7000 -0.008105279978763756 14000 -0.9837894400424727 
m400065 6000 -0.00060482766904492 7000 -0.00060482766904492 14000 -0.9987903446619102 
m400066 6000 -0.0019115052240186855 7000 -0.0019115052240186855 14000 -0.9961769895519627 
m400067 6000 -0.0043488045797966226 7000 -0.0043488045797966226 14000 -0.9913023908404069 
m400068 6000 -0.006392521132925521 7000 -0.006392521132925521 14000 -0.9872149577341491 
m400069 6000 -0.008516543737771588 7000 -0.008516543737771588 14000 -0.9829669125244571 
m400070 6000 -0.0006488081276074842 7000 -0.0006488081276074842 14000 -0.9987023837447849 
m400071 6000 -0.002615409539946158 7000 -0.002615409539946158 14000 -0.9947691809201076 
m400072 6000 -0.0041431362211341305 7000 -0.0041431362211341305 14000 -0.9917137275577315 
m400073 6000 -0.006150090427499905 7000 -0.006150090427499905 14000 -0.9876998191450003 
m400074 6000 -0.008251910989353385 7000 -0.008251910989353385 14000 -0.9834961780212933 
m400075 6000 -0.0007844394642075491 7000 -0.0007844394642075491 14000 -0.9984311210715849 
m400076 6000 -0.0021849257199727124 7000 -0.0021849257199727124 14000 -0.9956301485600544 
m400077 6000 -0.004260285505958489 7000 -0.004260285505958489 14000 -0.9914794289880834 
m400078 6000 -0.0059890991231303925 7000 -0.0059890991231303925 14000 -0.9880218017537394 
m400079 6000 -0.00818578402984545 7000 -0.00818578402984545 14000 -0.983628431940309 
m400080 6000 -0.0005361247145761328 7000 -0.0005361247145761328 14000 -0.9989277505708478 
m400081 6000 -0.0022712309725105954 7000 -0.0022712309725105954 14000 -0.9954575380549789 
m400082 6000 -0.004142023032847321 7000 -0.004142023032847321 14000 -0.9917159539343053 
m400083 6000 -0.006215427391147154 7000 -0.006215427391147154 14000 -0.9875691452177058 
m400084 6000 -0.008080588773535496 7000 -0.008080588773535496 14000 -0.9838388224529291 
m400085 6000 -0.0006411464152593885 7000 -0.0006411464152593885 14000 -0.998717707169481 
m400086 6000 -0.0023473734620737528 7000 -0.0023473734620737528 14000 -0.9953052530758523 
m400087 6000 -0.0044438499415512395 7000 -0.0044438499415512395 14000 -0.9911123001168977 
m400088 6000 -0.006406960400551443 7000 -0.006406960400551443 14000 -0.9871860791988973 
m400089 6000 -0.008056003881844059 7000 -0.008056003881844059 14000 -0.9838879922363116 
m400090 6000 -0.0005840996278002643 7000 -0.0005840996278002643 14000 -0.9988318007443995 
m400091 6000 -0.0019045330810185392 7000 -0.0019045330810185392 14000 -0.9961909338379634 
m400092 6000 -0.004100386902487981 7000 -0.004100386902487981 14000 -0.9917992261950236 
m400093 6000 -0.006103468193349575 7000 -0.006103468193349575 14000 -0.987793063613301 
m400094 6000 -0.008264311326174433 7000 -0.008264311326174433 14000 -0.9834713773476511 
m400095 6000 -0.0005308118045693494 7000 -0.0005308118045693494 14000 -0.9989383763908611 
m400096 6000 -0.0021095684675732 7000 -0.0021095684675732 14000 -0.9957808630648535 
m400097 6000 -0.004443596289440823 7000 -0.004443596289440823 14000 -0.9911128074211183 
m400098 6000 -0.006054628018033441 7000 -0.006054628018033441 14000 -0.9878907439639331 
m400099 6000 -0.008271890288562286 7000 -0.008271890288562286 14000 -0.9834562194228753 
m400100 6000 -0.0006357040582341856 7000 -0.0006357040582341856 14000 -0.9987285918835316 
m400101 6000 -0.0023794425091937144 7000 -0.0023794425091937144 14000 -0.9952411149816126 
m400102 6000 -0.00420257317536309 7000 -0.00420257317536309 14000 -0.9915948536492738 
m400103 6000 -0.006291418786392195 7000 -0.006291418786392195 14000 -0.9874171624272153 
m400104 6000 -0.008264916918468215 7000 -0.008264916918468215 14000 -0.9834701661630636 
m400105 6000 -0.000546984532285148 7000 -0.000546984532285148 14000 -0.9989060309354297 
m400106 6000 -0.0022669591785812303 7000 -0.0022669591785812303 14000 -0.9954660816428377 
m400107 6000 -0.004235459431274466 7000 -0.004235459431274466 14000 -0.9915290811374509 
m400108 6000 -0.006308267744885605 7000 -0.006308267744885605 14000 -0.9873834645102285 
m400109 6000 -0.008137734144907677 7000 -0.008137734144907677 14000 -0.9837245317101846 
m400110 6000 -0.0004949630049652699 7000 -0.0004949630049652699 14000 -0.9990100739900696 
m400111 6000 -0.0022369602041890997 7000 -0.0022369602041890997 14000 -0.9955260795916216 
m400112 6000 -0.004377726333924861 7000 -0.004377726333924861 14000 -0.9912445473321503 
m400113 6000 -0.006082594725460767 7000 -0.006082594725460767 14000 -0.9878348105490783 
m400114 6000 -0.00830186939512266 7000 -0.00830186939512266 14000 -0.9833962612097545 
m400115 6000 -0.0007318687270408845 7000 -0.0007318687270408845 14000 -0.9985362625459182 
m400116 6000 -0.002201357402720107 7000 -0.002201357402720107 14000 -0.9955972851945596 
m400117 6000 -0.004052209588294267 7000 -0.004052209588294267 14000 -0.9918955808234113 
m400118 6000 -0.006020074158839839 7000 -0.006020074158839839 14000 -0.9879598516823205 
m400119 6000 -0.008095062426331196 7000 -0.008095062426331196 14000 -0.9838098751473376 
m400120 6000 -0.0006995841668653912 7000 -0.0006995841668653912 14000 -0.9986008316662692 
m400121 6000 -0.0021271994540893505 7000 -0.0021271994540893505 14000 -0.9957456010918213 
m400122 6000 -0.004393386190372941 7000 -0.004393386190372941 14000 -0.9912132276192538 
m400123 6000 -0.006189017193910148 7000 -0.006189017193910148 14000 -0.9876219656121796 
m400124 6000 -0.008050176769441952 7000 -0.008050176769441952 14000 -0.9838996464611163 
c **********************************
c PE+Pb, dens=4.78 g/cm3
m2      6000    -0.04286 $Carbon
        1001    -0.00714 $Hydrogen
        82000   -0.95000 $Lead
c **********************************
m3    1001 -0.048535 $Boric acid
      5010 -0.034981
      5011 -0.139923
      8016 -0.776561
c **********************************
m4    82000 1 $Lead
c **********************************
m5 26000 1 $Iron
c **********************************
m6     13027   -1.000 $ Aluminum
c **********************************
c  SS-304 (8.00 g/cm3), #298 in PNNL Compendium
m7   006000.50c -0.0004000
     014000.60c -0.0050000
     015031.50c -0.0002300
     016000.60c -0.0001500
     024000.50c -0.1899981
     025055.60c -0.0099999
     026000.50c -0.7017229
     028000.50c -0.0924991
c ****************************************
c       LaBr detector
c ****************************************
m8       35079    -0.2946       $ Br79
         35081    -0.3069       $ Br81
         57139    -0.3485       $ La139
         58140    -0.0500       $ Ce140
c ************ air den=1.15e-3g/cc
m12     8016 -0.23
        7014 -0.77
c ************ Rubber Natural den=0.92 g/cc
m13     1001 -0.118371  $weight fraction
        6000 -0.881629
c
c end material cards
c
rand seed=8674536546524321 $different initial random #; seed# - any less 18 digits
c
c ********** begin tallies *********************
fc78 *********Broadened Pulse Height Tally Sum of Detectors 1,2 & 3 ***********
e78 0 1e-5 932i 8.4295
F78:p (101)
FT78 GEB -0.026198 0.059551 -0.037176
fc18 *********Unbroadened Pulse Height Tally Sum of Detectors 1,2 & 3 ***********
e18 0 1e-5 932i 8.4295
F18:p (101)
c ***********************************
c mplot tal 78 freq 10000
nps 1e9
