c CAS DETECTOR
c w/ Shielding in Place and Wheels
c
c CELL CARDS
c
c @@@@@@@@@@ Detectors @@@@@@@@@@@@@@@@@
c
101 8 -5.08 -21 imp:n,p 1 $LaBr Detector #1 Active Region
c
c @@@@@@@@@ Shielding @@@@@@@@@@@@@@@@@
c
121 2 -4.78 -31 imp:n,p 1 $PE_Pb
122 4 -11.29 -32 imp:n,p 1 $Pb1
123 4 -11.29 -33 imp:n,p 1 $Pb2
124 4 -11.29 -34 imp:n,p 1 $Pb3
125 4 -11.29 -35 imp:n,p 1 $Pb4
126 4 -11.29 -36 imp:n,p 1 $Pb5
127 4 -11.29 -37 imp:n,p 1 $Pb6
128 3 -1.5 -38 imp:n,p 1 $BA1
129 3 -1.5 -39 imp:n,p 1 $BA2
130 6 -2.7 -40 imp:n,p 1 $Al
131 7 -7.92 301 -302 303 -304 imp:n,p 1 $Fe-tube
132 5 -7.8 -401 imp:n,p 1 $Fe
133 5 -7.8 -402 imp:n,p 1 $Fe
c @@@@@@@@@@ Wheels @@@@@@@@@@@@@@@@@
c
21 13 -0.92 -41 42 imp:n,p 1 $Wheel 1
211 13 -0.92 -421 422 imp:n,p 1 $Wheel 1
212 13 -0.92 -423 424 imp:n,p 1 $Wheel 1
22 13 -0.92 -43 44 imp:n,p 1 $Wheel 2
221 13 -0.92 -441 442 imp:n,p 1 $Wheel 2
222 13 -0.92 -443 444 imp:n,p 1 $Wheel 2
23 13 -0.92 -45 46 imp:n,p 1 $Wheel 3
231 13 -0.92 -461 462 imp:n,p 1 $Wheel 3
232 13 -0.92 -463 464 imp:n,p 1 $Wheel 3
24 13 -0.92 -47 48 imp:n,p 1 $Wheel 4
241 13 -0.92 -481 482 imp:n,p 1 $Wheel 4
242 13 -0.92 -483 484 imp:n,p 1 $Wheel 4
c
c @@@@@@@@@@ SOIL VOLUME @@@@@@@@@@@
c
300000 400000 -2.156 20010 -20011 20020 -20021 20030 -20031 imp:n,p 1
300001 400001 -2.156 20010 -20011 20020 -20021 20031 -20032 imp:n,p 1
300002 400002 -2.156 20010 -20011 20020 -20021 20032 -20033 imp:n,p 1
300003 400003 -2.156 20010 -20011 20020 -20021 20033 -20034 imp:n,p 1
300004 400004 -2.156 20010 -20011 20020 -20021 20034 -20035 imp:n,p 1
300005 400005 -2.156 20011 -20012 20020 -20021 20030 -20031 imp:n,p 1
300006 400006 -2.156 20011 -20012 20020 -20021 20031 -20032 imp:n,p 1
300007 400007 -2.156 20011 -20012 20020 -20021 20032 -20033 imp:n,p 1
300008 400008 -2.156 20011 -20012 20020 -20021 20033 -20034 imp:n,p 1
300009 400009 -2.156 20011 -20012 20020 -20021 20034 -20035 imp:n,p 1
300010 400010 -2.156 20012 -20013 20020 -20021 20030 -20031 imp:n,p 1
300011 400011 -2.156 20012 -20013 20020 -20021 20031 -20032 imp:n,p 1
300012 400012 -2.156 20012 -20013 20020 -20021 20032 -20033 imp:n,p 1
300013 400013 -2.156 20012 -20013 20020 -20021 20033 -20034 imp:n,p 1
300014 400014 -2.156 20012 -20013 20020 -20021 20034 -20035 imp:n,p 1
300015 400015 -2.156 20013 -20014 20020 -20021 20030 -20031 imp:n,p 1
300016 400016 -2.156 20013 -20014 20020 -20021 20031 -20032 imp:n,p 1
300017 400017 -2.156 20013 -20014 20020 -20021 20032 -20033 imp:n,p 1
300018 400018 -2.156 20013 -20014 20020 -20021 20033 -20034 imp:n,p 1
300019 400019 -2.156 20013 -20014 20020 -20021 20034 -20035 imp:n,p 1
300020 400020 -2.156 20014 -20015 20020 -20021 20030 -20031 imp:n,p 1
300021 400021 -2.156 20014 -20015 20020 -20021 20031 -20032 imp:n,p 1
300022 400022 -2.156 20014 -20015 20020 -20021 20032 -20033 imp:n,p 1
300023 400023 -2.156 20014 -20015 20020 -20021 20033 -20034 imp:n,p 1
300024 400024 -2.156 20014 -20015 20020 -20021 20034 -20035 imp:n,p 1
300025 400025 -2.156 20010 -20011 20021 -20022 20030 -20031 imp:n,p 1
300026 400026 -2.156 20010 -20011 20021 -20022 20031 -20032 imp:n,p 1
300027 400027 -2.156 20010 -20011 20021 -20022 20032 -20033 imp:n,p 1
300028 400028 -2.156 20010 -20011 20021 -20022 20033 -20034 imp:n,p 1
300029 400029 -2.156 20010 -20011 20021 -20022 20034 -20035 imp:n,p 1
300030 400030 -2.156 20011 -20012 20021 -20022 20030 -20031 imp:n,p 1
300031 400031 -2.156 20011 -20012 20021 -20022 20031 -20032 imp:n,p 1
300032 400032 -2.156 20011 -20012 20021 -20022 20032 -20033 imp:n,p 1
300033 400033 -2.156 20011 -20012 20021 -20022 20033 -20034 imp:n,p 1
300034 400034 -2.156 20011 -20012 20021 -20022 20034 -20035 imp:n,p 1
300035 400035 -2.156 20012 -20013 20021 -20022 20030 -20031 imp:n,p 1
300036 400036 -2.156 20012 -20013 20021 -20022 20031 -20032 imp:n,p 1
300037 400037 -2.156 20012 -20013 20021 -20022 20032 -20033 imp:n,p 1
300038 400038 -2.156 20012 -20013 20021 -20022 20033 -20034 imp:n,p 1
300039 400039 -2.156 20012 -20013 20021 -20022 20034 -20035 imp:n,p 1
300040 400040 -2.156 20013 -20014 20021 -20022 20030 -20031 imp:n,p 1
300041 400041 -2.156 20013 -20014 20021 -20022 20031 -20032 imp:n,p 1
300042 400042 -2.156 20013 -20014 20021 -20022 20032 -20033 imp:n,p 1
300043 400043 -2.156 20013 -20014 20021 -20022 20033 -20034 imp:n,p 1
300044 400044 -2.156 20013 -20014 20021 -20022 20034 -20035 imp:n,p 1
300045 400045 -2.156 20014 -20015 20021 -20022 20030 -20031 imp:n,p 1
300046 400046 -2.156 20014 -20015 20021 -20022 20031 -20032 imp:n,p 1
300047 400047 -2.156 20014 -20015 20021 -20022 20032 -20033 imp:n,p 1
300048 400048 -2.156 20014 -20015 20021 -20022 20033 -20034 imp:n,p 1
300049 400049 -2.156 20014 -20015 20021 -20022 20034 -20035 imp:n,p 1
300050 400050 -2.156 20010 -20011 20022 -20023 20030 -20031 imp:n,p 1
300051 400051 -2.156 20010 -20011 20022 -20023 20031 -20032 imp:n,p 1
300052 400052 -2.156 20010 -20011 20022 -20023 20032 -20033 imp:n,p 1
300053 400053 -2.156 20010 -20011 20022 -20023 20033 -20034 imp:n,p 1
300054 400054 -2.156 20010 -20011 20022 -20023 20034 -20035 imp:n,p 1
300055 400055 -2.156 20011 -20012 20022 -20023 20030 -20031 imp:n,p 1
300056 400056 -2.156 20011 -20012 20022 -20023 20031 -20032 imp:n,p 1
300057 400057 -2.156 20011 -20012 20022 -20023 20032 -20033 imp:n,p 1
300058 400058 -2.156 20011 -20012 20022 -20023 20033 -20034 imp:n,p 1
300059 400059 -2.156 20011 -20012 20022 -20023 20034 -20035 imp:n,p 1
300060 400060 -2.156 20012 -20013 20022 -20023 20030 -20031 imp:n,p 1
300061 400061 -2.156 20012 -20013 20022 -20023 20031 -20032 imp:n,p 1
300062 400062 -2.156 20012 -20013 20022 -20023 20032 -20033 imp:n,p 1
300063 400063 -2.156 20012 -20013 20022 -20023 20033 -20034 imp:n,p 1
300064 400064 -2.156 20012 -20013 20022 -20023 20034 -20035 imp:n,p 1
300065 400065 -2.156 20013 -20014 20022 -20023 20030 -20031 imp:n,p 1
300066 400066 -2.156 20013 -20014 20022 -20023 20031 -20032 imp:n,p 1
300067 400067 -2.156 20013 -20014 20022 -20023 20032 -20033 imp:n,p 1
300068 400068 -2.156 20013 -20014 20022 -20023 20033 -20034 imp:n,p 1
300069 400069 -2.156 20013 -20014 20022 -20023 20034 -20035 imp:n,p 1
300070 400070 -2.156 20014 -20015 20022 -20023 20030 -20031 imp:n,p 1
300071 400071 -2.156 20014 -20015 20022 -20023 20031 -20032 imp:n,p 1
300072 400072 -2.156 20014 -20015 20022 -20023 20032 -20033 imp:n,p 1
300073 400073 -2.156 20014 -20015 20022 -20023 20033 -20034 imp:n,p 1
300074 400074 -2.156 20014 -20015 20022 -20023 20034 -20035 imp:n,p 1
300075 400075 -2.156 20010 -20011 20023 -20024 20030 -20031 imp:n,p 1
300076 400076 -2.156 20010 -20011 20023 -20024 20031 -20032 imp:n,p 1
300077 400077 -2.156 20010 -20011 20023 -20024 20032 -20033 imp:n,p 1
300078 400078 -2.156 20010 -20011 20023 -20024 20033 -20034 imp:n,p 1
300079 400079 -2.156 20010 -20011 20023 -20024 20034 -20035 imp:n,p 1
300080 400080 -2.156 20011 -20012 20023 -20024 20030 -20031 imp:n,p 1
300081 400081 -2.156 20011 -20012 20023 -20024 20031 -20032 imp:n,p 1
300082 400082 -2.156 20011 -20012 20023 -20024 20032 -20033 imp:n,p 1
300083 400083 -2.156 20011 -20012 20023 -20024 20033 -20034 imp:n,p 1
300084 400084 -2.156 20011 -20012 20023 -20024 20034 -20035 imp:n,p 1
300085 400085 -2.156 20012 -20013 20023 -20024 20030 -20031 imp:n,p 1
300086 400086 -2.156 20012 -20013 20023 -20024 20031 -20032 imp:n,p 1
300087 400087 -2.156 20012 -20013 20023 -20024 20032 -20033 imp:n,p 1
300088 400088 -2.156 20012 -20013 20023 -20024 20033 -20034 imp:n,p 1
300089 400089 -2.156 20012 -20013 20023 -20024 20034 -20035 imp:n,p 1
300090 400090 -2.156 20013 -20014 20023 -20024 20030 -20031 imp:n,p 1
300091 400091 -2.156 20013 -20014 20023 -20024 20031 -20032 imp:n,p 1
300092 400092 -2.156 20013 -20014 20023 -20024 20032 -20033 imp:n,p 1
300093 400093 -2.156 20013 -20014 20023 -20024 20033 -20034 imp:n,p 1
300094 400094 -2.156 20013 -20014 20023 -20024 20034 -20035 imp:n,p 1
300095 400095 -2.156 20014 -20015 20023 -20024 20030 -20031 imp:n,p 1
300096 400096 -2.156 20014 -20015 20023 -20024 20031 -20032 imp:n,p 1
300097 400097 -2.156 20014 -20015 20023 -20024 20032 -20033 imp:n,p 1
300098 400098 -2.156 20014 -20015 20023 -20024 20033 -20034 imp:n,p 1
300099 400099 -2.156 20014 -20015 20023 -20024 20034 -20035 imp:n,p 1
300100 400100 -2.156 20010 -20011 20024 -20025 20030 -20031 imp:n,p 1
300101 400101 -2.156 20010 -20011 20024 -20025 20031 -20032 imp:n,p 1
300102 400102 -2.156 20010 -20011 20024 -20025 20032 -20033 imp:n,p 1
300103 400103 -2.156 20010 -20011 20024 -20025 20033 -20034 imp:n,p 1
300104 400104 -2.156 20010 -20011 20024 -20025 20034 -20035 imp:n,p 1
300105 400105 -2.156 20011 -20012 20024 -20025 20030 -20031 imp:n,p 1
300106 400106 -2.156 20011 -20012 20024 -20025 20031 -20032 imp:n,p 1
300107 400107 -2.156 20011 -20012 20024 -20025 20032 -20033 imp:n,p 1
300108 400108 -2.156 20011 -20012 20024 -20025 20033 -20034 imp:n,p 1
300109 400109 -2.156 20011 -20012 20024 -20025 20034 -20035 imp:n,p 1
300110 400110 -2.156 20012 -20013 20024 -20025 20030 -20031 imp:n,p 1
300111 400111 -2.156 20012 -20013 20024 -20025 20031 -20032 imp:n,p 1
300112 400112 -2.156 20012 -20013 20024 -20025 20032 -20033 imp:n,p 1
300113 400113 -2.156 20012 -20013 20024 -20025 20033 -20034 imp:n,p 1
300114 400114 -2.156 20012 -20013 20024 -20025 20034 -20035 imp:n,p 1
300115 400115 -2.156 20013 -20014 20024 -20025 20030 -20031 imp:n,p 1
300116 400116 -2.156 20013 -20014 20024 -20025 20031 -20032 imp:n,p 1
300117 400117 -2.156 20013 -20014 20024 -20025 20032 -20033 imp:n,p 1
300118 400118 -2.156 20013 -20014 20024 -20025 20033 -20034 imp:n,p 1
300119 400119 -2.156 20013 -20014 20024 -20025 20034 -20035 imp:n,p 1
300120 400120 -2.156 20014 -20015 20024 -20025 20030 -20031 imp:n,p 1
300121 400121 -2.156 20014 -20015 20024 -20025 20031 -20032 imp:n,p 1
300122 400122 -2.156 20014 -20015 20024 -20025 20032 -20033 imp:n,p 1
300123 400123 -2.156 20014 -20015 20024 -20025 20033 -20034 imp:n,p 1
300124 400124 -2.156 20014 -20015 20024 -20025 20034 -20035 imp:n,p 1
c
30 12 -0.00129 -200 #101 #121 #122 #123 #124 #125 #126 #127 #128 #129 #130 #131 #132 #133
        #21 #211 #212 #22 #221 #222 #23 #231 #232 #24 #241 #242 #20 imp:n,p 1 $Rest of the World
31 0 200 imp:n,p 0 $Outside world

c SURFACE CARDS
c
c Sample Volume
20010 px -56.0
20011 px -33.600000000000364
20012 px -11.199999999999818
20013 px 11.199999999999818
20014 px 33.600000000000364
20015 px 56.0
20020 py -45.0
20021 py -27.0
20022 py -9.0
20023 py 9.0
20024 py 27.0
20025 py 45.0
20030 pz 92.0
20031 pz 82.0
20032 pz 72.0
20033 pz 62.0
20034 pz 52.0
20035 pz 42.0
c Active Detector Region
21 rcc 56  -5.0 -1.0   0.0 20.3 0.0   4.5 $Detector 1 Base center, Hx,Hy,Hz, radius
c Shielding Surfaces
c Shielding Pb
31 rpp 19 29 -7.5 7.5 -11 9 $PbPE xmin xmax ymin ymax zmin zmax
32 rpp 9 19 4 9 -11 9 $Pb xmin xmax ymin ymax zmin zmax
33 rpp 9 19 -9 -4 -11 9 $Pb xmin xmax ymin ymax zmin zmax
34 rpp 19 29 7.5 12.5 -11 9 $Pb xmin xmax ymin ymax zmin zmax
35 rpp 19 29 -12.5 -7.5 -11 9 $Pb xmin xmax ymin ymax zmin zmax
36 rpp 29 34 -15 15 -11 9 $Pb xmin xmax ymin ymax zmin zmax
37 rpp 9 19 -4 4 4 9 $Pb xmin xmax ymin ymax zmin zmax
38 rpp -26 26 18 28 -11 9 $BA1 xmin xmax ymin ymax zmin zmax
39 rpp -26 26 -28 -18 -11 9 $BA2 xmin xmax ymin ymax zmin zmax
40 rpp -65 65 -28 28 10 10.5 $Al xmin xmax ymin ymax zmin zmax
401 rpp -27 27 29 34 -11 9 $Fe xmin xmax ymin ymax zmin zmax
402 rpp -27 27 -34 -29 -11 9 $Fe xmin xmax ymin ymax zmin zmax
301 px -20
302 px 18
303 cx 3.71
304 cx 3.81
c Wheels Surfaces
c 23/10.5-12 turf tires, 22.6 lb rubber
c diameter 29cm, tread width 25cm, and sidewall height 13.76 cm
c set thickness of all sides 1.3 cm (s.t. weight is 22.6 lb)
41 rcc -2 77 8   0.0 25 0.0 29 $wheel 1 outer tread surface
42 rcc -2 77 8   0.0 25 0.0 27.7 $wheel 1 inner tread surface
421 rcc -2 75.7 8   0.0 1.3 0.0 29 $wheel 1 outside sidewall exterior
422 rcc -2 75.7 8   0.0 1.3 0.0 15.24 $wheel 1 outside sidewall interior
423 rcc -2 102 8   0.0 1.3 0.0 29 $wheel 1 inside sidewall exterior
424 rcc -2 102 8   0.0 1.3 0.0 15.24 $wheel 1 inside sidewall interior
43 rcc 68 77 8   0.0 25 0.0 29 $wheel 2
44 rcc 68 77 8   0.0 25 0.0 27.7
441 rcc 68 75.7 8   0.0 1.3 0.0 29
442 rcc 68 75.7 8   0.0 1.3 0.0 15.24
443 rcc 68 102 8   0.0 1.3 0.0 29
444 rcc 68 102 8   0.0 1.3 0.0 15.24
45 rcc -2 -77 8   0.0 -25 0.0 29 $wheel 3
46 rcc -2 -77 8   0.0 -25 0.0 27.7
461 rcc -2 -75.7 8   0.0 -1.3 0.0 29
462 rcc -2 -75.7 8   0.0 -1.3 0.0 15.24
463 rcc -2 -102 8   0.0 -1.3 0.0 29
464 rcc -2 -102 8   0.0 -1.3 0.0 15.24
47 rcc 68 -77 8   0.0 -25 0.0 29 $wheel 4
48 rcc 68 -77 8   0.0 -25 0.0 27.7
481 rcc 68 -75.7 8   0.0 -1.3 0.0 29
482 rcc 68 -75.7 8   0.0 -1.3 0.0 15.24
483 rcc 68 -102 8   0.0 -1.3 0.0 29
484 rcc 68 -102 8   0.0 -1.3 0.0 15.24
200 so 800    $sphere of 800cm centered at origin
c

c DATA CARDS
mode n p
c dump every hr
prdmp -60 -60 -1
c 100 keV Neutron Energy Cutoff
Cut:n 1j 0.1
c analog neutron transport
phys:n 1j 14
phys:p
sdef pos=0 0 0 erg=14.0 vec= 0 0 1 dir=d1
si1  -1 .93 1
sp1   0  0.0  1.0
c ********************
c begin material cards
c ********************
c Pure Carbon
c ****************************************
m400000 6000 -0.00043758519054124727 7000 -0.00043758519054124727 14000 -0.9991248296189177 
m400001 6000 -0.0021875787786878394 7000 -0.0021875787786878394 14000 -0.9956248424426242 
m400002 6000 -0.004131840827706052 7000 -0.004131840827706052 14000 -0.991736318344588 
m400003 6000 -0.006003095053711716 7000 -0.006003095053711716 14000 -0.9879938098925766 
m400004 6000 -0.008193790367819434 7000 -0.008193790367819434 14000 -0.9836124192643608 
m400005 6000 -0.0004695830180207242 7000 -0.0004695830180207242 14000 -0.9990608339639584 
m400006 6000 -0.0021846338015023225 7000 -0.0021846338015023225 14000 -0.995630732396996 
m400007 6000 -0.004275953798899201 7000 -0.004275953798899201 14000 -0.9914480924022014 
m400008 6000 -0.005909404889132948 7000 -0.005909404889132948 14000 -0.9881811902217342 
m400009 6000 -0.007894797869822258 7000 -0.007894797869822258 14000 -0.9842104042603558 
m400010 6000 -0.0004769086396111853 7000 -0.0004769086396111853 14000 -0.9990461827207775 
m400011 6000 -0.0020805106510313944 7000 -0.0020805106510313944 14000 -0.9958389786979374 
m400012 6000 -0.004036739256580855 7000 -0.004036739256580855 14000 -0.9919265214868386 
m400013 6000 -0.005928422955492678 7000 -0.005928422955492678 14000 -0.9881431540890143 
m400014 6000 -0.007983485807204298 7000 -0.007983485807204298 14000 -0.9840330283855914 
m400015 6000 -0.0006500946690608103 7000 -0.0006500946690608103 14000 -0.9986998106618786 
m400016 6000 -0.00219007658585177 7000 -0.00219007658585177 14000 -0.9956198468282967 
m400017 6000 -0.004128852575532389 7000 -0.004128852575532389 14000 -0.9917422948489353 
m400018 6000 -0.0064122933793308535 7000 -0.0064122933793308535 14000 -0.9871754132413383 
m400019 6000 -0.007922853969630928 7000 -0.007922853969630928 14000 -0.9841542920607376 
m400020 6000 -0.0003544788349077016 7000 -0.0003544788349077016 14000 -0.9992910423301846 
m400021 6000 -0.00237289268467934 7000 -0.00237289268467934 14000 -0.995254214630641 
m400022 6000 -0.004148329228262769 7000 -0.004148329228262769 14000 -0.9917033415434743 
m400023 6000 -0.005943161977315294 7000 -0.005943161977315294 14000 -0.9881136760453694 
m400024 6000 -0.008121067328781054 7000 -0.008121067328781054 14000 -0.9837578653424377 
m400025 6000 -0.0007749091008628261 7000 -0.0007749091008628261 14000 -0.9984501817982745 
m400026 6000 -0.0023516734631031156 7000 -0.0023516734631031156 14000 -0.9952966530737936 
m400027 6000 -0.004056667675836352 7000 -0.004056667675836352 14000 -0.9918866646483271 
m400028 6000 -0.006260761003630916 7000 -0.006260761003630916 14000 -0.987478477992738 
m400029 6000 -0.007969498193444476 7000 -0.007969498193444476 14000 -0.984061003613111 
m400030 6000 -0.0004758368748931903 7000 -0.0004758368748931903 14000 -0.9990483262502136 
m400031 6000 -0.0020068532735330645 7000 -0.0020068532735330645 14000 -0.995986293452934 
m400032 6000 -0.0040604461204582325 7000 -0.0040604461204582325 14000 -0.9918791077590835 
m400033 6000 -0.005951357334942901 7000 -0.005951357334942901 14000 -0.9880972853301141 
m400034 6000 -0.007901236625082 7000 -0.007901236625082 14000 -0.9841975267498357 
m400035 6000 -0.0005107566946874519 7000 -0.0005107566946874519 14000 -0.9989784866106252 
m400036 6000 -0.002050306972856853 7000 -0.002050306972856853 14000 -0.9958993860542865 
m400037 6000 -0.0040668388193429985 7000 -0.0040668388193429985 14000 -0.9918663223613138 
m400038 6000 -0.006506225225045688 7000 -0.006506225225045688 14000 -0.9869875495499087 
m400039 6000 -0.007948862138613786 7000 -0.007948862138613786 14000 -0.9841022757227725 
m400040 6000 -0.0005626248841202428 7000 -0.0005626248841202428 14000 -0.9988747502317598 
m400041 6000 -0.0022256995115248796 7000 -0.0022256995115248796 14000 -0.99554860097695 
m400042 6000 -0.003962824210943884 7000 -0.003962824210943884 14000 -0.9920743515781121 
m400043 6000 -0.0056487876780067295 7000 -0.0056487876780067295 14000 -0.9887024246439866 
m400044 6000 -0.008282038353303316 7000 -0.008282038353303316 14000 -0.9834359232933934 
m400045 6000 -0.0005716594489432942 7000 -0.0005716594489432942 14000 -0.9988566811021137 
m400046 6000 -0.0020934177124624555 7000 -0.0020934177124624555 14000 -0.9958131645750751 
m400047 6000 -0.003900546079416792 7000 -0.003900546079416792 14000 -0.9921989078411664 
m400048 6000 -0.005917477454253311 7000 -0.005917477454253311 14000 -0.9881650450914934 
m400049 6000 -0.008275295157716047 7000 -0.008275295157716047 14000 -0.9834494096845681 
m400050 6000 -0.00047485121459367235 7000 -0.00047485121459367235 14000 -0.9990502975708128 
m400051 6000 -0.002182990635935826 7000 -0.002182990635935826 14000 -0.9956340187281283 
m400052 6000 -0.004046208052534775 7000 -0.004046208052534775 14000 -0.9919075838949307 
m400053 6000 -0.006054888796300029 7000 -0.006054888796300029 14000 -0.9878902224073998 
m400054 6000 -0.008056374406527204 7000 -0.008056374406527204 14000 -0.9838872511869458 
m400055 6000 -0.0005841868967551099 7000 -0.0005841868967551099 14000 -0.9988316262064898 
m400056 6000 -0.002014558948017607 7000 -0.002014558948017607 14000 -0.9959708821039649 
m400057 6000 -0.004082844587675391 7000 -0.004082844587675391 14000 -0.9918343108246492 
m400058 6000 -0.005766965014888547 7000 -0.005766965014888547 14000 -0.9884660699702228 
m400059 6000 -0.007897031260320904 7000 -0.007897031260320904 14000 -0.9842059374793584 
m400060 6000 -0.0005767711818767035 7000 -0.0005767711818767035 14000 -0.9988464576362466 
m400061 6000 -0.0021308847280370833 7000 -0.0021308847280370833 14000 -0.995738230543926 
m400062 6000 -0.003896769374875321 7000 -0.003896769374875321 14000 -0.9922064612502491 
m400063 6000 -0.005893288085212548 7000 -0.005893288085212548 14000 -0.988213423829575 
m400064 6000 -0.007796683381662477 7000 -0.007796683381662477 14000 -0.9844066332366752 
m400065 6000 -0.00046621661277509063 7000 -0.00046621661277509063 14000 -0.9990675667744501 
m400066 6000 -0.0019452874060139822 7000 -0.0019452874060139822 14000 -0.9961094251879717 
m400067 6000 -0.0039760802292604005 7000 -0.0039760802292604005 14000 -0.9920478395414789 
m400068 6000 -0.0059629002317667145 7000 -0.0059629002317667145 14000 -0.9880741995364661 
m400069 6000 -0.00800973484980067 7000 -0.00800973484980067 14000 -0.9839805303003982 
m400070 6000 -0.0006048161630494673 7000 -0.0006048161630494673 14000 -0.9987903676739012 
m400071 6000 -0.002059587529274364 7000 -0.002059587529274364 14000 -0.9958808249414511 
m400072 6000 -0.0042025545471112554 7000 -0.0042025545471112554 14000 -0.9915948909057772 
m400073 6000 -0.006117540634307114 7000 -0.006117540634307114 14000 -0.9877649187313863 
m400074 6000 -0.007932532422126257 7000 -0.007932532422126257 14000 -0.9841349351557472 
m400075 6000 -0.0006605848587870189 7000 -0.0006605848587870189 14000 -0.998678830282426 
m400076 6000 -0.0018680633663812783 7000 -0.0018680633663812783 14000 -0.9962638732672374 
m400077 6000 -0.004162121607935886 7000 -0.004162121607935886 14000 -0.9916757567841283 
m400078 6000 -0.0056452849138936435 7000 -0.0056452849138936435 14000 -0.9887094301722128 
m400079 6000 -0.007896558661780528 7000 -0.007896558661780528 14000 -0.984206882676439 
m400080 6000 -0.0005578667748999844 7000 -0.0005578667748999844 14000 -0.9988842664501999 
m400081 6000 -0.002136332309287682 7000 -0.002136332309287682 14000 -0.995727335381425 
m400082 6000 -0.004056277157024382 7000 -0.004056277157024382 14000 -0.9918874456859514 
m400083 6000 -0.006122394903340609 7000 -0.006122394903340609 14000 -0.9877552101933189 
m400084 6000 -0.008012496624165939 7000 -0.008012496624165939 14000 -0.9839750067516684 
m400085 6000 -0.0004484103399441487 7000 -0.0004484103399441487 14000 -0.9991031793201118 
m400086 6000 -0.0021619671944650026 7000 -0.0021619671944650026 14000 -0.9956760656110698 
m400087 6000 -0.004174093964822908 7000 -0.004174093964822908 14000 -0.9916518120703539 
m400088 6000 -0.0059509144528106985 7000 -0.0059509144528106985 14000 -0.9880981710943787 
m400089 6000 -0.008184740768772155 7000 -0.008184740768772155 14000 -0.9836305184624559 
m400090 6000 -0.0005047858801779937 7000 -0.0005047858801779937 14000 -0.9989904282396438 
m400091 6000 -0.001778229587322903 7000 -0.001778229587322903 14000 -0.9964435408253541 
m400092 6000 -0.00419577468849584 7000 -0.00419577468849584 14000 -0.9916084506230082 
m400093 6000 -0.006044064743468405 7000 -0.006044064743468405 14000 -0.9879118705130631 
m400094 6000 -0.007978688214930136 7000 -0.007978688214930136 14000 -0.9840426235701395 
m400095 6000 -0.0005664526100161477 7000 -0.0005664526100161477 14000 -0.9988670947799676 
m400096 6000 -0.0022666669431693283 7000 -0.0022666669431693283 14000 -0.9954666661136615 
m400097 6000 -0.0041578750739693525 7000 -0.0041578750739693525 14000 -0.9916842498520612 
m400098 6000 -0.0059544770523513625 7000 -0.0059544770523513625 14000 -0.9880910458952971 
m400099 6000 -0.008108521003962975 7000 -0.008108521003962975 14000 -0.9837829579920738 
m400100 6000 -0.0005605716792686348 7000 -0.0005605716792686348 14000 -0.9988788566414624 
m400101 6000 -0.002204980797977079 7000 -0.002204980797977079 14000 -0.9955900384040455 
m400102 6000 -0.0037085025049757013 7000 -0.0037085025049757013 14000 -0.9925829949900487 
m400103 6000 -0.005990508031745782 7000 -0.005990508031745782 14000 -0.9880189839365081 
m400104 6000 -0.008225444963574661 7000 -0.008225444963574661 14000 -0.9835491100728505 
m400105 6000 -0.0004418906199082661 7000 -0.0004418906199082661 14000 -0.9991162187601834 
m400106 6000 -0.0019220525961256972 7000 -0.0019220525961256972 14000 -0.9961558948077487 
m400107 6000 -0.004179038653554901 7000 -0.004179038653554901 14000 -0.9916419226928899 
m400108 6000 -0.005938578718164167 7000 -0.005938578718164167 14000 -0.9881228425636718 
m400109 6000 -0.008145121755007197 7000 -0.008145121755007197 14000 -0.9837097564899857 
m400110 6000 -0.0006059346193122882 7000 -0.0006059346193122882 14000 -0.9987881307613755 
m400111 6000 -0.001960707764255363 7000 -0.001960707764255363 14000 -0.9960785844714891 
m400112 6000 -0.004444628937478007 7000 -0.004444628937478007 14000 -0.991110742125044 
m400113 6000 -0.0063459015267488235 7000 -0.0063459015267488235 14000 -0.9873081969465022 
m400114 6000 -0.007973950937234487 7000 -0.007973950937234487 14000 -0.9840520981255311 
m400115 6000 -0.00047600050553948324 7000 -0.00047600050553948324 14000 -0.999047998988921 
m400116 6000 -0.0024210757067944675 7000 -0.0024210757067944675 14000 -0.995157848586411 
m400117 6000 -0.003932242073534875 7000 -0.003932242073534875 14000 -0.99213551585293 
m400118 6000 -0.00609103848985254 7000 -0.00609103848985254 14000 -0.9878179230202947 
m400119 6000 -0.008181526196518452 7000 -0.008181526196518452 14000 -0.9836369476069627 
m400120 6000 -0.0005139576616522712 7000 -0.0005139576616522712 14000 -0.9989720846766957 
m400121 6000 -0.0020558050508112154 7000 -0.0020558050508112154 14000 -0.9958883898983777 
m400122 6000 -0.0040134411075601305 7000 -0.0040134411075601305 14000 -0.9919731177848797 
m400123 6000 -0.006118049719882692 7000 -0.006118049719882692 14000 -0.9877639005602341 
m400124 6000 -0.00804789804575145 7000 -0.00804789804575145 14000 -0.9839042039084971 
c **********************************
c PE+Pb, dens=4.78 g/cm3
m2      6000    -0.04286 $Carbon
        1001    -0.00714 $Hydrogen
        82000   -0.95000 $Lead
c **********************************
m3    1001 -0.048535 $Boric acid
      5010 -0.034981
      5011 -0.139923
      8016 -0.776561
c **********************************
m4    82000 1 $Lead
c **********************************
m5 26000 1 $Iron
c **********************************
m6     13027   -1.000 $ Aluminum
c **********************************
c  SS-304 (8.00 g/cm3), #298 in PNNL Compendium
m7   006000.50c -0.0004000
     014000.60c -0.0050000
     015031.50c -0.0002300
     016000.60c -0.0001500
     024000.50c -0.1899981
     025055.60c -0.0099999
     026000.50c -0.7017229
     028000.50c -0.0924991
c ****************************************
c       LaBr detector
c ****************************************
m8       35079    -0.2946       $ Br79
         35081    -0.3069       $ Br81
         57139    -0.3485       $ La139
         58140    -0.0500       $ Ce140
c ************ air den=1.15e-3g/cc
m12     8016 -0.23
        7014 -0.77
c ************ Rubber Natural den=0.92 g/cc
m13     1001 -0.118371  $weight fraction
        6000 -0.881629
c
c end material cards
c
rand seed=8674536546524321 $different initial random #; seed# - any less 18 digits
c
c ********** begin tallies *********************
fc78 *********Broadened Pulse Height Tally Sum of Detectors 1,2 & 3 ***********
e78 0 1e-5 932i 8.4295
F78:p (101)
FT78 GEB -0.026198 0.059551 -0.037176
fc18 *********Unbroadened Pulse Height Tally Sum of Detectors 1,2 & 3 ***********
e18 0 1e-5 932i 8.4295
F18:p (101)
c ***********************************
c mplot tal 78 freq 10000
nps 1e9
