c CAS DETECTOR
c w/ Shielding in Place and Wheels
c
c CELL CARDS
c
c @@@@@@@@@@ Detectors @@@@@@@@@@@@@@@@@
c
101 8 -5.08 -21 imp:n,p 1 $LaBr Detector #1 Active Region
c
c @@@@@@@@@ Shielding @@@@@@@@@@@@@@@@@
c
121 2 -4.78 -31 imp:n,p 1 $PE_Pb
122 4 -11.29 -32 imp:n,p 1 $Pb1
123 4 -11.29 -33 imp:n,p 1 $Pb2
124 4 -11.29 -34 imp:n,p 1 $Pb3
125 4 -11.29 -35 imp:n,p 1 $Pb4
126 4 -11.29 -36 imp:n,p 1 $Pb5
127 4 -11.29 -37 imp:n,p 1 $Pb6
128 3 -1.5 -38 imp:n,p 1 $BA1
129 3 -1.5 -39 imp:n,p 1 $BA2
130 6 -2.7 -40 imp:n,p 1 $Al
131 7 -7.92 301 -302 303 -304 imp:n,p 1 $Fe-tube
132 5 -7.8 -401 imp:n,p 1 $Fe
133 5 -7.8 -402 imp:n,p 1 $Fe
c @@@@@@@@@@ Wheels @@@@@@@@@@@@@@@@@
c
21 13 -0.92 -41 42 imp:n,p 1 $Wheel 1
211 13 -0.92 -421 422 imp:n,p 1 $Wheel 1
212 13 -0.92 -423 424 imp:n,p 1 $Wheel 1
22 13 -0.92 -43 44 imp:n,p 1 $Wheel 2
221 13 -0.92 -441 442 imp:n,p 1 $Wheel 2
222 13 -0.92 -443 444 imp:n,p 1 $Wheel 2
23 13 -0.92 -45 46 imp:n,p 1 $Wheel 3
231 13 -0.92 -461 462 imp:n,p 1 $Wheel 3
232 13 -0.92 -463 464 imp:n,p 1 $Wheel 3
24 13 -0.92 -47 48 imp:n,p 1 $Wheel 4
241 13 -0.92 -481 482 imp:n,p 1 $Wheel 4
242 13 -0.92 -483 484 imp:n,p 1 $Wheel 4
c
c @@@@@@@@@@ SOIL VOLUME @@@@@@@@@@@
c
300000 400000 -2.156 20010 -20011 20020 -20021 20030 -20031 imp:n,p 1
300001 400001 -2.156 20010 -20011 20020 -20021 20031 -20032 imp:n,p 1
300002 400002 -2.156 20010 -20011 20020 -20021 20032 -20033 imp:n,p 1
300003 400003 -2.156 20010 -20011 20020 -20021 20033 -20034 imp:n,p 1
300004 400004 -2.156 20010 -20011 20020 -20021 20034 -20035 imp:n,p 1
300005 400005 -2.156 20011 -20012 20020 -20021 20030 -20031 imp:n,p 1
300006 400006 -2.156 20011 -20012 20020 -20021 20031 -20032 imp:n,p 1
300007 400007 -2.156 20011 -20012 20020 -20021 20032 -20033 imp:n,p 1
300008 400008 -2.156 20011 -20012 20020 -20021 20033 -20034 imp:n,p 1
300009 400009 -2.156 20011 -20012 20020 -20021 20034 -20035 imp:n,p 1
300010 400010 -2.156 20012 -20013 20020 -20021 20030 -20031 imp:n,p 1
300011 400011 -2.156 20012 -20013 20020 -20021 20031 -20032 imp:n,p 1
300012 400012 -2.156 20012 -20013 20020 -20021 20032 -20033 imp:n,p 1
300013 400013 -2.156 20012 -20013 20020 -20021 20033 -20034 imp:n,p 1
300014 400014 -2.156 20012 -20013 20020 -20021 20034 -20035 imp:n,p 1
300015 400015 -2.156 20013 -20014 20020 -20021 20030 -20031 imp:n,p 1
300016 400016 -2.156 20013 -20014 20020 -20021 20031 -20032 imp:n,p 1
300017 400017 -2.156 20013 -20014 20020 -20021 20032 -20033 imp:n,p 1
300018 400018 -2.156 20013 -20014 20020 -20021 20033 -20034 imp:n,p 1
300019 400019 -2.156 20013 -20014 20020 -20021 20034 -20035 imp:n,p 1
300020 400020 -2.156 20014 -20015 20020 -20021 20030 -20031 imp:n,p 1
300021 400021 -2.156 20014 -20015 20020 -20021 20031 -20032 imp:n,p 1
300022 400022 -2.156 20014 -20015 20020 -20021 20032 -20033 imp:n,p 1
300023 400023 -2.156 20014 -20015 20020 -20021 20033 -20034 imp:n,p 1
300024 400024 -2.156 20014 -20015 20020 -20021 20034 -20035 imp:n,p 1
300025 400025 -2.156 20010 -20011 20021 -20022 20030 -20031 imp:n,p 1
300026 400026 -2.156 20010 -20011 20021 -20022 20031 -20032 imp:n,p 1
300027 400027 -2.156 20010 -20011 20021 -20022 20032 -20033 imp:n,p 1
300028 400028 -2.156 20010 -20011 20021 -20022 20033 -20034 imp:n,p 1
300029 400029 -2.156 20010 -20011 20021 -20022 20034 -20035 imp:n,p 1
300030 400030 -2.156 20011 -20012 20021 -20022 20030 -20031 imp:n,p 1
300031 400031 -2.156 20011 -20012 20021 -20022 20031 -20032 imp:n,p 1
300032 400032 -2.156 20011 -20012 20021 -20022 20032 -20033 imp:n,p 1
300033 400033 -2.156 20011 -20012 20021 -20022 20033 -20034 imp:n,p 1
300034 400034 -2.156 20011 -20012 20021 -20022 20034 -20035 imp:n,p 1
300035 400035 -2.156 20012 -20013 20021 -20022 20030 -20031 imp:n,p 1
300036 400036 -2.156 20012 -20013 20021 -20022 20031 -20032 imp:n,p 1
300037 400037 -2.156 20012 -20013 20021 -20022 20032 -20033 imp:n,p 1
300038 400038 -2.156 20012 -20013 20021 -20022 20033 -20034 imp:n,p 1
300039 400039 -2.156 20012 -20013 20021 -20022 20034 -20035 imp:n,p 1
300040 400040 -2.156 20013 -20014 20021 -20022 20030 -20031 imp:n,p 1
300041 400041 -2.156 20013 -20014 20021 -20022 20031 -20032 imp:n,p 1
300042 400042 -2.156 20013 -20014 20021 -20022 20032 -20033 imp:n,p 1
300043 400043 -2.156 20013 -20014 20021 -20022 20033 -20034 imp:n,p 1
300044 400044 -2.156 20013 -20014 20021 -20022 20034 -20035 imp:n,p 1
300045 400045 -2.156 20014 -20015 20021 -20022 20030 -20031 imp:n,p 1
300046 400046 -2.156 20014 -20015 20021 -20022 20031 -20032 imp:n,p 1
300047 400047 -2.156 20014 -20015 20021 -20022 20032 -20033 imp:n,p 1
300048 400048 -2.156 20014 -20015 20021 -20022 20033 -20034 imp:n,p 1
300049 400049 -2.156 20014 -20015 20021 -20022 20034 -20035 imp:n,p 1
300050 400050 -2.156 20010 -20011 20022 -20023 20030 -20031 imp:n,p 1
300051 400051 -2.156 20010 -20011 20022 -20023 20031 -20032 imp:n,p 1
300052 400052 -2.156 20010 -20011 20022 -20023 20032 -20033 imp:n,p 1
300053 400053 -2.156 20010 -20011 20022 -20023 20033 -20034 imp:n,p 1
300054 400054 -2.156 20010 -20011 20022 -20023 20034 -20035 imp:n,p 1
300055 400055 -2.156 20011 -20012 20022 -20023 20030 -20031 imp:n,p 1
300056 400056 -2.156 20011 -20012 20022 -20023 20031 -20032 imp:n,p 1
300057 400057 -2.156 20011 -20012 20022 -20023 20032 -20033 imp:n,p 1
300058 400058 -2.156 20011 -20012 20022 -20023 20033 -20034 imp:n,p 1
300059 400059 -2.156 20011 -20012 20022 -20023 20034 -20035 imp:n,p 1
300060 400060 -2.156 20012 -20013 20022 -20023 20030 -20031 imp:n,p 1
300061 400061 -2.156 20012 -20013 20022 -20023 20031 -20032 imp:n,p 1
300062 400062 -2.156 20012 -20013 20022 -20023 20032 -20033 imp:n,p 1
300063 400063 -2.156 20012 -20013 20022 -20023 20033 -20034 imp:n,p 1
300064 400064 -2.156 20012 -20013 20022 -20023 20034 -20035 imp:n,p 1
300065 400065 -2.156 20013 -20014 20022 -20023 20030 -20031 imp:n,p 1
300066 400066 -2.156 20013 -20014 20022 -20023 20031 -20032 imp:n,p 1
300067 400067 -2.156 20013 -20014 20022 -20023 20032 -20033 imp:n,p 1
300068 400068 -2.156 20013 -20014 20022 -20023 20033 -20034 imp:n,p 1
300069 400069 -2.156 20013 -20014 20022 -20023 20034 -20035 imp:n,p 1
300070 400070 -2.156 20014 -20015 20022 -20023 20030 -20031 imp:n,p 1
300071 400071 -2.156 20014 -20015 20022 -20023 20031 -20032 imp:n,p 1
300072 400072 -2.156 20014 -20015 20022 -20023 20032 -20033 imp:n,p 1
300073 400073 -2.156 20014 -20015 20022 -20023 20033 -20034 imp:n,p 1
300074 400074 -2.156 20014 -20015 20022 -20023 20034 -20035 imp:n,p 1
300075 400075 -2.156 20010 -20011 20023 -20024 20030 -20031 imp:n,p 1
300076 400076 -2.156 20010 -20011 20023 -20024 20031 -20032 imp:n,p 1
300077 400077 -2.156 20010 -20011 20023 -20024 20032 -20033 imp:n,p 1
300078 400078 -2.156 20010 -20011 20023 -20024 20033 -20034 imp:n,p 1
300079 400079 -2.156 20010 -20011 20023 -20024 20034 -20035 imp:n,p 1
300080 400080 -2.156 20011 -20012 20023 -20024 20030 -20031 imp:n,p 1
300081 400081 -2.156 20011 -20012 20023 -20024 20031 -20032 imp:n,p 1
300082 400082 -2.156 20011 -20012 20023 -20024 20032 -20033 imp:n,p 1
300083 400083 -2.156 20011 -20012 20023 -20024 20033 -20034 imp:n,p 1
300084 400084 -2.156 20011 -20012 20023 -20024 20034 -20035 imp:n,p 1
300085 400085 -2.156 20012 -20013 20023 -20024 20030 -20031 imp:n,p 1
300086 400086 -2.156 20012 -20013 20023 -20024 20031 -20032 imp:n,p 1
300087 400087 -2.156 20012 -20013 20023 -20024 20032 -20033 imp:n,p 1
300088 400088 -2.156 20012 -20013 20023 -20024 20033 -20034 imp:n,p 1
300089 400089 -2.156 20012 -20013 20023 -20024 20034 -20035 imp:n,p 1
300090 400090 -2.156 20013 -20014 20023 -20024 20030 -20031 imp:n,p 1
300091 400091 -2.156 20013 -20014 20023 -20024 20031 -20032 imp:n,p 1
300092 400092 -2.156 20013 -20014 20023 -20024 20032 -20033 imp:n,p 1
300093 400093 -2.156 20013 -20014 20023 -20024 20033 -20034 imp:n,p 1
300094 400094 -2.156 20013 -20014 20023 -20024 20034 -20035 imp:n,p 1
300095 400095 -2.156 20014 -20015 20023 -20024 20030 -20031 imp:n,p 1
300096 400096 -2.156 20014 -20015 20023 -20024 20031 -20032 imp:n,p 1
300097 400097 -2.156 20014 -20015 20023 -20024 20032 -20033 imp:n,p 1
300098 400098 -2.156 20014 -20015 20023 -20024 20033 -20034 imp:n,p 1
300099 400099 -2.156 20014 -20015 20023 -20024 20034 -20035 imp:n,p 1
300100 400100 -2.156 20010 -20011 20024 -20025 20030 -20031 imp:n,p 1
300101 400101 -2.156 20010 -20011 20024 -20025 20031 -20032 imp:n,p 1
300102 400102 -2.156 20010 -20011 20024 -20025 20032 -20033 imp:n,p 1
300103 400103 -2.156 20010 -20011 20024 -20025 20033 -20034 imp:n,p 1
300104 400104 -2.156 20010 -20011 20024 -20025 20034 -20035 imp:n,p 1
300105 400105 -2.156 20011 -20012 20024 -20025 20030 -20031 imp:n,p 1
300106 400106 -2.156 20011 -20012 20024 -20025 20031 -20032 imp:n,p 1
300107 400107 -2.156 20011 -20012 20024 -20025 20032 -20033 imp:n,p 1
300108 400108 -2.156 20011 -20012 20024 -20025 20033 -20034 imp:n,p 1
300109 400109 -2.156 20011 -20012 20024 -20025 20034 -20035 imp:n,p 1
300110 400110 -2.156 20012 -20013 20024 -20025 20030 -20031 imp:n,p 1
300111 400111 -2.156 20012 -20013 20024 -20025 20031 -20032 imp:n,p 1
300112 400112 -2.156 20012 -20013 20024 -20025 20032 -20033 imp:n,p 1
300113 400113 -2.156 20012 -20013 20024 -20025 20033 -20034 imp:n,p 1
300114 400114 -2.156 20012 -20013 20024 -20025 20034 -20035 imp:n,p 1
300115 400115 -2.156 20013 -20014 20024 -20025 20030 -20031 imp:n,p 1
300116 400116 -2.156 20013 -20014 20024 -20025 20031 -20032 imp:n,p 1
300117 400117 -2.156 20013 -20014 20024 -20025 20032 -20033 imp:n,p 1
300118 400118 -2.156 20013 -20014 20024 -20025 20033 -20034 imp:n,p 1
300119 400119 -2.156 20013 -20014 20024 -20025 20034 -20035 imp:n,p 1
300120 400120 -2.156 20014 -20015 20024 -20025 20030 -20031 imp:n,p 1
300121 400121 -2.156 20014 -20015 20024 -20025 20031 -20032 imp:n,p 1
300122 400122 -2.156 20014 -20015 20024 -20025 20032 -20033 imp:n,p 1
300123 400123 -2.156 20014 -20015 20024 -20025 20033 -20034 imp:n,p 1
300124 400124 -2.156 20014 -20015 20024 -20025 20034 -20035 imp:n,p 1
c
30 12 -0.00129 -200 #101 #121 #122 #123 #124 #125 #126 #127 #128 #129 #130 #131 #132 #133
        #21 #211 #212 #22 #221 #222 #23 #231 #232 #24 #241 #242 #20 imp:n,p 1 $Rest of the World
31 0 200 imp:n,p 0 $Outside world

c SURFACE CARDS
c
c Sample Volume
20010 px -56.0
20011 px -33.59999999999991
20012 px -11.199999999999818
20013 px 11.199999999999818
20014 px 33.600000000000364
20015 px 56.0
20020 py -45.0
20021 py -27.0
20022 py -9.0
20023 py 9.0
20024 py 27.0
20025 py 45.0
20030 pz 92.0
20031 pz 82.0
20032 pz 72.0
20033 pz 62.0
20034 pz 52.0
20035 pz 42.0
c Active Detector Region
21 rcc 56  -5.0 -1.0   0.0 20.3 0.0   4.5 $Detector 1 Base center, Hx,Hy,Hz, radius
c Shielding Surfaces
c Shielding Pb
31 rpp 19 29 -7.5 7.5 -11 9 $PbPE xmin xmax ymin ymax zmin zmax
32 rpp 9 19 4 9 -11 9 $Pb xmin xmax ymin ymax zmin zmax
33 rpp 9 19 -9 -4 -11 9 $Pb xmin xmax ymin ymax zmin zmax
34 rpp 19 29 7.5 12.5 -11 9 $Pb xmin xmax ymin ymax zmin zmax
35 rpp 19 29 -12.5 -7.5 -11 9 $Pb xmin xmax ymin ymax zmin zmax
36 rpp 29 34 -15 15 -11 9 $Pb xmin xmax ymin ymax zmin zmax
37 rpp 9 19 -4 4 4 9 $Pb xmin xmax ymin ymax zmin zmax
38 rpp -26 26 18 28 -11 9 $BA1 xmin xmax ymin ymax zmin zmax
39 rpp -26 26 -28 -18 -11 9 $BA2 xmin xmax ymin ymax zmin zmax
40 rpp -65 65 -28 28 10 10.5 $Al xmin xmax ymin ymax zmin zmax
401 rpp -27 27 29 34 -11 9 $Fe xmin xmax ymin ymax zmin zmax
402 rpp -27 27 -34 -29 -11 9 $Fe xmin xmax ymin ymax zmin zmax
301 px -20
302 px 18
303 cx 3.71
304 cx 3.81
c Wheels Surfaces
c 23/10.5-12 turf tires, 22.6 lb rubber
c diameter 29cm, tread width 25cm, and sidewall height 13.76 cm
c set thickness of all sides 1.3 cm (s.t. weight is 22.6 lb)
41 rcc -2 77 8   0.0 25 0.0 29 $wheel 1 outer tread surface
42 rcc -2 77 8   0.0 25 0.0 27.7 $wheel 1 inner tread surface
421 rcc -2 75.7 8   0.0 1.3 0.0 29 $wheel 1 outside sidewall exterior
422 rcc -2 75.7 8   0.0 1.3 0.0 15.24 $wheel 1 outside sidewall interior
423 rcc -2 102 8   0.0 1.3 0.0 29 $wheel 1 inside sidewall exterior
424 rcc -2 102 8   0.0 1.3 0.0 15.24 $wheel 1 inside sidewall interior
43 rcc 68 77 8   0.0 25 0.0 29 $wheel 2
44 rcc 68 77 8   0.0 25 0.0 27.7
441 rcc 68 75.7 8   0.0 1.3 0.0 29
442 rcc 68 75.7 8   0.0 1.3 0.0 15.24
443 rcc 68 102 8   0.0 1.3 0.0 29
444 rcc 68 102 8   0.0 1.3 0.0 15.24
45 rcc -2 -77 8   0.0 -25 0.0 29 $wheel 3
46 rcc -2 -77 8   0.0 -25 0.0 27.7
461 rcc -2 -75.7 8   0.0 -1.3 0.0 29
462 rcc -2 -75.7 8   0.0 -1.3 0.0 15.24
463 rcc -2 -102 8   0.0 -1.3 0.0 29
464 rcc -2 -102 8   0.0 -1.3 0.0 15.24
47 rcc 68 -77 8   0.0 -25 0.0 29 $wheel 4
48 rcc 68 -77 8   0.0 -25 0.0 27.7
481 rcc 68 -75.7 8   0.0 -1.3 0.0 29
482 rcc 68 -75.7 8   0.0 -1.3 0.0 15.24
483 rcc 68 -102 8   0.0 -1.3 0.0 29
484 rcc 68 -102 8   0.0 -1.3 0.0 15.24
200 so 800    $sphere of 800cm centered at origin
c

c DATA CARDS
mode n p
c dump every hr
prdmp -60 -60 -1
c 100 keV Neutron Energy Cutoff
Cut:n 1j 0.1
c analog neutron transport
phys:n 1j 14
phys:p
sdef pos=0 0 0 erg=14.0 vec= 0 0 1 dir=d1
si1  -1 .93 1
sp1   0  0.0  1.0
c ********************
c begin material cards
c ********************
c Pure Carbon
c ****************************************
m400000 6000 -0.0005512606158196649 7000 -0.0005512606158196649 14000 -0.9988974787683607 
m400001 6000 -0.002244777805454275 7000 -0.002244777805454275 14000 -0.9955104443890913 
m400002 6000 -0.0039187407116022515 7000 -0.0039187407116022515 14000 -0.9921625185767955 
m400003 6000 -0.0058543473943408345 7000 -0.0058543473943408345 14000 -0.9882913052113182 
m400004 6000 -0.008223410457920051 7000 -0.008223410457920051 14000 -0.9835531790841597 
m400005 6000 -0.0005925313026300103 7000 -0.0005925313026300103 14000 -0.9988149373947399 
m400006 6000 -0.0020170328714638848 7000 -0.0020170328714638848 14000 -0.9959659342570724 
m400007 6000 -0.003903569911654852 7000 -0.003903569911654852 14000 -0.9921928601766904 
m400008 6000 -0.0058623083427762354 7000 -0.0058623083427762354 14000 -0.9882753833144474 
m400009 6000 -0.00820445050651542 7000 -0.00820445050651542 14000 -0.9835910989869693 
m400010 6000 -0.0004834572012670027 7000 -0.0004834572012670027 14000 -0.9990330855974661 
m400011 6000 -0.002075171919742671 7000 -0.002075171919742671 14000 -0.9958496561605145 
m400012 6000 -0.004006003319251602 7000 -0.004006003319251602 14000 -0.9919879933614969 
m400013 6000 -0.006109960351418697 7000 -0.006109960351418697 14000 -0.9877800792971625 
m400014 6000 -0.008258859390357127 7000 -0.008258859390357127 14000 -0.9834822812192856 
m400015 6000 -0.0004014587099533949 7000 -0.0004014587099533949 14000 -0.9991970825800935 
m400016 6000 -0.0021271259386363714 7000 -0.0021271259386363714 14000 -0.9957457481227272 
m400017 6000 -0.004182728874181902 7000 -0.004182728874181902 14000 -0.9916345422516364 
m400018 6000 -0.006128326451230694 7000 -0.006128326451230694 14000 -0.9877433470975386 
m400019 6000 -0.00832917980913802 7000 -0.00832917980913802 14000 -0.9833416403817242 
m400020 6000 -0.0004910235747002062 7000 -0.0004910235747002062 14000 -0.9990179528505995 
m400021 6000 -0.002233597133236115 7000 -0.002233597133236115 14000 -0.995532805733528 
m400022 6000 -0.003923947987947943 7000 -0.003923947987947943 14000 -0.9921521040241044 
m400023 6000 -0.005911959288493368 7000 -0.005911959288493368 14000 -0.9881760814230133 
m400024 6000 -0.00787336446654358 7000 -0.00787336446654358 14000 -0.984253271066913 
m400025 6000 -0.000290945740986572 7000 -0.000290945740986572 14000 -0.9994181085180268 
m400026 6000 -0.0021434173154624312 7000 -0.0021434173154624312 14000 -0.9957131653690751 
m400027 6000 -0.004082022901760733 7000 -0.004082022901760733 14000 -0.9918359541964784 
m400028 6000 -0.0060715694363414514 7000 -0.0060715694363414514 14000 -0.987856861127317 
m400029 6000 -0.007958383392187258 7000 -0.007958383392187258 14000 -0.9840832332156255 
m400030 6000 -0.000504001479137815 7000 -0.000504001479137815 14000 -0.9989919970417244 
m400031 6000 -0.002199471501192056 7000 -0.002199471501192056 14000 -0.9956010569976158 
m400032 6000 -0.004046675623733601 7000 -0.004046675623733601 14000 -0.9919066487525324 
m400033 6000 -0.006161278517491622 7000 -0.006161278517491622 14000 -0.9876774429650168 
m400034 6000 -0.008002831927153035 7000 -0.008002831927153035 14000 -0.9839943361456938 
m400035 6000 -0.0005618442876069807 7000 -0.0005618442876069807 14000 -0.9988763114247858 
m400036 6000 -0.002070500483062435 7000 -0.002070500483062435 14000 -0.9958589990338745 
m400037 6000 -0.004152432669847131 7000 -0.004152432669847131 14000 -0.9916951346603057 
m400038 6000 -0.0059177485798980875 7000 -0.0059177485798980875 14000 -0.988164502840204 
m400039 6000 -0.007854200705385684 7000 -0.007854200705385684 14000 -0.9842915985892285 
m400040 6000 -0.0004364609529852192 7000 -0.0004364609529852192 14000 -0.9991270780940293 
m400041 6000 -0.002191991152268855 7000 -0.002191991152268855 14000 -0.9956160176954622 
m400042 6000 -0.003927905657999015 7000 -0.003927905657999015 14000 -0.9921441886840019 
m400043 6000 -0.006106587882133461 7000 -0.006106587882133461 14000 -0.987786824235733 
m400044 6000 -0.00791278468008879 7000 -0.00791278468008879 14000 -0.9841744306398225 
m400045 6000 -0.0004900881152994474 7000 -0.0004900881152994474 14000 -0.999019823769401 
m400046 6000 -0.0019440962455264516 7000 -0.0019440962455264516 14000 -0.9961118075089472 
m400047 6000 -0.003956274332122251 7000 -0.003956274332122251 14000 -0.9920874513357557 
m400048 6000 -0.005812486202626826 7000 -0.005812486202626826 14000 -0.988375027594746 
m400049 6000 -0.008020062122538401 7000 -0.008020062122538401 14000 -0.9839598757549234 
m400050 6000 -0.0006600925974646303 7000 -0.0006600925974646303 14000 -0.9986798148050705 
m400051 6000 -0.0021847245379680155 7000 -0.0021847245379680155 14000 -0.9956305509240638 
m400052 6000 -0.003921356345248362 7000 -0.003921356345248362 14000 -0.9921572873095031 
m400053 6000 -0.0058980339655043705 7000 -0.0058980339655043705 14000 -0.9882039320689913 
m400054 6000 -0.00821376738404445 7000 -0.00821376738404445 14000 -0.9835724652319109 
m400055 6000 -0.0005745225585026656 7000 -0.0005745225585026656 14000 -0.9988509548829948 
m400056 6000 -0.0023545949680123758 7000 -0.0023545949680123758 14000 -0.995290810063975 
m400057 6000 -0.003790970187325835 7000 -0.003790970187325835 14000 -0.9924180596253481 
m400058 6000 -0.006045426273951121 7000 -0.006045426273951121 14000 -0.9879091474520976 
m400059 6000 -0.008190057785717846 7000 -0.008190057785717846 14000 -0.9836198844285644 
m400060 6000 -0.0006081960749188001 7000 -0.0006081960749188001 14000 -0.9987836078501624 
m400061 6000 -0.0020964670477438517 7000 -0.0020964670477438517 14000 -0.9958070659045124 
m400062 6000 -0.0040737694549147765 7000 -0.0040737694549147765 14000 -0.9918524610901701 
m400063 6000 -0.0063723659501995 7000 -0.0063723659501995 14000 -0.987255268099601 
m400064 6000 -0.008037951236158488 7000 -0.008037951236158488 14000 -0.9839240975276827 
m400065 6000 -0.0005514576952477824 7000 -0.0005514576952477824 14000 -0.9988970846095044 
m400066 6000 -0.002173822398475072 7000 -0.002173822398475072 14000 -0.9956523552030501 
m400067 6000 -0.004261651313058044 7000 -0.004261651313058044 14000 -0.991476697373884 
m400068 6000 -0.006066078988772071 7000 -0.006066078988772071 14000 -0.9878678420224556 
m400069 6000 -0.008266989897231508 7000 -0.008266989897231508 14000 -0.9834660202055373 
m400070 6000 -0.0005106136300659796 7000 -0.0005106136300659796 14000 -0.9989787727398681 
m400071 6000 -0.0019071790697486573 7000 -0.0019071790697486573 14000 -0.9961856418605025 
m400072 6000 -0.00428958209725997 7000 -0.00428958209725997 14000 -0.99142083580548 
m400073 6000 -0.00579374052798744 7000 -0.00579374052798744 14000 -0.9884125189440254 
m400074 6000 -0.008134244797792192 7000 -0.008134244797792192 14000 -0.9837315104044158 
m400075 6000 -0.0006826631903871664 7000 -0.0006826631903871664 14000 -0.9986346736192258 
m400076 6000 -0.0020891629591716764 7000 -0.0020891629591716764 14000 -0.9958216740816561 
m400077 6000 -0.003787829961993447 7000 -0.003787829961993447 14000 -0.992424340076013 
m400078 6000 -0.006148223851523947 7000 -0.006148223851523947 14000 -0.987703552296952 
m400079 6000 -0.008378900920970824 7000 -0.008378900920970824 14000 -0.9832421981580586 
m400080 6000 -0.00043985405343952857 7000 -0.00043985405343952857 14000 -0.9991202918931209 
m400081 6000 -0.0020747668977895294 7000 -0.0020747668977895294 14000 -0.995850466204421 
m400082 6000 -0.004083174457709921 7000 -0.004083174457709921 14000 -0.9918336510845803 
m400083 6000 -0.005693739816562649 7000 -0.005693739816562649 14000 -0.9886125203668749 
m400084 6000 -0.007884449937251485 7000 -0.007884449937251485 14000 -0.984231100125497 
m400085 6000 -0.0005509337147027564 7000 -0.0005509337147027564 14000 -0.9988981325705943 
m400086 6000 -0.0022491407062322556 7000 -0.0022491407062322556 14000 -0.9955017185875356 
m400087 6000 -0.004245505362614394 7000 -0.004245505362614394 14000 -0.9915089892747712 
m400088 6000 -0.006088378582345086 7000 -0.006088378582345086 14000 -0.9878232428353099 
m400089 6000 -0.007932014935738935 7000 -0.007932014935738935 14000 -0.984135970128522 
m400090 6000 -0.0005244173427564662 7000 -0.0005244173427564662 14000 -0.998951165314487 
m400091 6000 -0.0019503342416153887 7000 -0.0019503342416153887 14000 -0.9960993315167694 
m400092 6000 -0.004377806412911362 7000 -0.004377806412911362 14000 -0.9912443871741772 
m400093 6000 -0.0061476909022056495 7000 -0.0061476909022056495 14000 -0.9877046181955887 
m400094 6000 -0.008174043528031883 7000 -0.008174043528031883 14000 -0.9836519129439363 
m400095 6000 -0.0006145530585821669 7000 -0.0006145530585821669 14000 -0.9987708938828357 
m400096 6000 -0.002056172094891231 7000 -0.002056172094891231 14000 -0.9958876558102177 
m400097 6000 -0.0040382429857932405 7000 -0.0040382429857932405 14000 -0.9919235140284133 
m400098 6000 -0.006195778593213919 7000 -0.006195778593213919 14000 -0.9876084428135724 
m400099 6000 -0.007910383411449761 7000 -0.007910383411449761 14000 -0.9841792331771003 
m400100 6000 -0.0005492210349598011 7000 -0.0005492210349598011 14000 -0.9989015579300805 
m400101 6000 -0.0022504307311959587 7000 -0.0022504307311959587 14000 -0.9954991385376077 
m400102 6000 -0.004162568631155787 7000 -0.004162568631155787 14000 -0.9916748627376887 
m400103 6000 -0.00614880362973634 7000 -0.00614880362973634 14000 -0.9877023927405273 
m400104 6000 -0.008138855952623132 7000 -0.008138855952623132 14000 -0.9837222880947539 
m400105 6000 -0.0005928532740097925 7000 -0.0005928532740097925 14000 -0.9988142934519803 
m400106 6000 -0.002083614850701893 7000 -0.002083614850701893 14000 -0.9958327702985962 
m400107 6000 -0.0039624614610538605 7000 -0.0039624614610538605 14000 -0.9920750770778923 
m400108 6000 -0.006030266721152401 7000 -0.006030266721152401 14000 -0.9879394665576952 
m400109 6000 -0.007987965949215308 7000 -0.007987965949215308 14000 -0.9840240681015695 
m400110 6000 -0.00044898320593804377 7000 -0.00044898320593804377 14000 -0.999102033588124 
m400111 6000 -0.0021770140287193126 7000 -0.0021770140287193126 14000 -0.9956459719425612 
m400112 6000 -0.004096628837787256 7000 -0.004096628837787256 14000 -0.9918067423244254 
m400113 6000 -0.005933809313227366 7000 -0.005933809313227366 14000 -0.9881323813735452 
m400114 6000 -0.008187815984839447 7000 -0.008187815984839447 14000 -0.9836243680303209 
m400115 6000 -0.0005414579424916425 7000 -0.0005414579424916425 14000 -0.9989170841150167 
m400116 6000 -0.0020156311185977214 7000 -0.0020156311185977214 14000 -0.9959687377628045 
m400117 6000 -0.0040079884752140605 7000 -0.0040079884752140605 14000 -0.9919840230495719 
m400118 6000 -0.006217651024227135 7000 -0.006217651024227135 14000 -0.9875646979515454 
m400119 6000 -0.008193474907379632 7000 -0.008193474907379632 14000 -0.9836130501852408 
m400120 6000 -0.0005035413284567121 7000 -0.0005035413284567121 14000 -0.9989929173430865 
m400121 6000 -0.0022597381700542787 7000 -0.0022597381700542787 14000 -0.9954805236598918 
m400122 6000 -0.003979137457968854 7000 -0.003979137457968854 14000 -0.9920417250840623 
m400123 6000 -0.005977700103992738 7000 -0.005977700103992738 14000 -0.9880445997920144 
m400124 6000 -0.008235912223178054 7000 -0.008235912223178054 14000 -0.9835281755536436 
c **********************************
c PE+Pb, dens=4.78 g/cm3
m2      6000    -0.04286 $Carbon
        1001    -0.00714 $Hydrogen
        82000   -0.95000 $Lead
c **********************************
m3    1001 -0.048535 $Boric acid
      5010 -0.034981
      5011 -0.139923
      8016 -0.776561
c **********************************
m4    82000 1 $Lead
c **********************************
m5 26000 1 $Iron
c **********************************
m6     13027   -1.000 $ Aluminum
c **********************************
c  SS-304 (8.00 g/cm3), #298 in PNNL Compendium
m7   006000.50c -0.0004000
     014000.60c -0.0050000
     015031.50c -0.0002300
     016000.60c -0.0001500
     024000.50c -0.1899981
     025055.60c -0.0099999
     026000.50c -0.7017229
     028000.50c -0.0924991
c ****************************************
c       LaBr detector
c ****************************************
m8       35079    -0.2946       $ Br79
         35081    -0.3069       $ Br81
         57139    -0.3485       $ La139
         58140    -0.0500       $ Ce140
c ************ air den=1.15e-3g/cc
m12     8016 -0.23
        7014 -0.77
c ************ Rubber Natural den=0.92 g/cc
m13     1001 -0.118371  $weight fraction
        6000 -0.881629
c
c end material cards
c
rand seed=8674536546524321 $different initial random #; seed# - any less 18 digits
c
c ********** begin tallies *********************
fc78 *********Broadened Pulse Height Tally Sum of Detectors 1,2 & 3 ***********
e78 0 1e-5 932i 8.4295
F78:p (101)
FT78 GEB -0.026198 0.059551 -0.037176
fc18 *********Unbroadened Pulse Height Tally Sum of Detectors 1,2 & 3 ***********
e18 0 1e-5 932i 8.4295
F18:p (101)
c ***********************************
c mplot tal 78 freq 10000
nps 1e9
