c CAS DETECTOR
c w/ Shielding in Place and Wheels
c
c CELL CARDS
c
c @@@@@@@@@@ Detectors @@@@@@@@@@@@@@@@@
c
101 8 -5.08 -21 imp:n,p 1 $LaBr Detector #1 Active Region
c
c @@@@@@@@@ Shielding @@@@@@@@@@@@@@@@@
c
121 2 -4.78 -31 imp:n,p 1 $PE_Pb
122 4 -11.29 -32 imp:n,p 1 $Pb1
123 4 -11.29 -33 imp:n,p 1 $Pb2
124 4 -11.29 -34 imp:n,p 1 $Pb3
125 4 -11.29 -35 imp:n,p 1 $Pb4
126 4 -11.29 -36 imp:n,p 1 $Pb5
127 4 -11.29 -37 imp:n,p 1 $Pb6
128 3 -1.5 -38 imp:n,p 1 $BA1
129 3 -1.5 -39 imp:n,p 1 $BA2
130 6 -2.7 -40 imp:n,p 1 $Al
131 7 -7.92 301 -302 303 -304 imp:n,p 1 $Fe-tube
132 5 -7.8 -401 imp:n,p 1 $Fe
133 5 -7.8 -402 imp:n,p 1 $Fe
c @@@@@@@@@@ Wheels @@@@@@@@@@@@@@@@@
c
21 13 -0.92 -41 42 imp:n,p 1 $Wheel 1
211 13 -0.92 -421 422 imp:n,p 1 $Wheel 1
212 13 -0.92 -423 424 imp:n,p 1 $Wheel 1
22 13 -0.92 -43 44 imp:n,p 1 $Wheel 2
221 13 -0.92 -441 442 imp:n,p 1 $Wheel 2
222 13 -0.92 -443 444 imp:n,p 1 $Wheel 2
23 13 -0.92 -45 46 imp:n,p 1 $Wheel 3
231 13 -0.92 -461 462 imp:n,p 1 $Wheel 3
232 13 -0.92 -463 464 imp:n,p 1 $Wheel 3
24 13 -0.92 -47 48 imp:n,p 1 $Wheel 4
241 13 -0.92 -481 482 imp:n,p 1 $Wheel 4
242 13 -0.92 -483 484 imp:n,p 1 $Wheel 4
c
c @@@@@@@@@@ SOIL VOLUME @@@@@@@@@@@
c
300000 400000 -2.156 20010 -20011 20020 -20021 20030 -20031 imp:n,p 1
300001 400001 -2.156 20010 -20011 20020 -20021 20031 -20032 imp:n,p 1
300002 400002 -2.156 20010 -20011 20020 -20021 20032 -20033 imp:n,p 1
300003 400003 -2.156 20010 -20011 20020 -20021 20033 -20034 imp:n,p 1
300004 400004 -2.156 20010 -20011 20020 -20021 20034 -20035 imp:n,p 1
300005 400005 -2.156 20011 -20012 20020 -20021 20030 -20031 imp:n,p 1
300006 400006 -2.156 20011 -20012 20020 -20021 20031 -20032 imp:n,p 1
300007 400007 -2.156 20011 -20012 20020 -20021 20032 -20033 imp:n,p 1
300008 400008 -2.156 20011 -20012 20020 -20021 20033 -20034 imp:n,p 1
300009 400009 -2.156 20011 -20012 20020 -20021 20034 -20035 imp:n,p 1
300010 400010 -2.156 20012 -20013 20020 -20021 20030 -20031 imp:n,p 1
300011 400011 -2.156 20012 -20013 20020 -20021 20031 -20032 imp:n,p 1
300012 400012 -2.156 20012 -20013 20020 -20021 20032 -20033 imp:n,p 1
300013 400013 -2.156 20012 -20013 20020 -20021 20033 -20034 imp:n,p 1
300014 400014 -2.156 20012 -20013 20020 -20021 20034 -20035 imp:n,p 1
300015 400015 -2.156 20013 -20014 20020 -20021 20030 -20031 imp:n,p 1
300016 400016 -2.156 20013 -20014 20020 -20021 20031 -20032 imp:n,p 1
300017 400017 -2.156 20013 -20014 20020 -20021 20032 -20033 imp:n,p 1
300018 400018 -2.156 20013 -20014 20020 -20021 20033 -20034 imp:n,p 1
300019 400019 -2.156 20013 -20014 20020 -20021 20034 -20035 imp:n,p 1
300020 400020 -2.156 20014 -20015 20020 -20021 20030 -20031 imp:n,p 1
300021 400021 -2.156 20014 -20015 20020 -20021 20031 -20032 imp:n,p 1
300022 400022 -2.156 20014 -20015 20020 -20021 20032 -20033 imp:n,p 1
300023 400023 -2.156 20014 -20015 20020 -20021 20033 -20034 imp:n,p 1
300024 400024 -2.156 20014 -20015 20020 -20021 20034 -20035 imp:n,p 1
300025 400025 -2.156 20010 -20011 20021 -20022 20030 -20031 imp:n,p 1
300026 400026 -2.156 20010 -20011 20021 -20022 20031 -20032 imp:n,p 1
300027 400027 -2.156 20010 -20011 20021 -20022 20032 -20033 imp:n,p 1
300028 400028 -2.156 20010 -20011 20021 -20022 20033 -20034 imp:n,p 1
300029 400029 -2.156 20010 -20011 20021 -20022 20034 -20035 imp:n,p 1
300030 400030 -2.156 20011 -20012 20021 -20022 20030 -20031 imp:n,p 1
300031 400031 -2.156 20011 -20012 20021 -20022 20031 -20032 imp:n,p 1
300032 400032 -2.156 20011 -20012 20021 -20022 20032 -20033 imp:n,p 1
300033 400033 -2.156 20011 -20012 20021 -20022 20033 -20034 imp:n,p 1
300034 400034 -2.156 20011 -20012 20021 -20022 20034 -20035 imp:n,p 1
300035 400035 -2.156 20012 -20013 20021 -20022 20030 -20031 imp:n,p 1
300036 400036 -2.156 20012 -20013 20021 -20022 20031 -20032 imp:n,p 1
300037 400037 -2.156 20012 -20013 20021 -20022 20032 -20033 imp:n,p 1
300038 400038 -2.156 20012 -20013 20021 -20022 20033 -20034 imp:n,p 1
300039 400039 -2.156 20012 -20013 20021 -20022 20034 -20035 imp:n,p 1
300040 400040 -2.156 20013 -20014 20021 -20022 20030 -20031 imp:n,p 1
300041 400041 -2.156 20013 -20014 20021 -20022 20031 -20032 imp:n,p 1
300042 400042 -2.156 20013 -20014 20021 -20022 20032 -20033 imp:n,p 1
300043 400043 -2.156 20013 -20014 20021 -20022 20033 -20034 imp:n,p 1
300044 400044 -2.156 20013 -20014 20021 -20022 20034 -20035 imp:n,p 1
300045 400045 -2.156 20014 -20015 20021 -20022 20030 -20031 imp:n,p 1
300046 400046 -2.156 20014 -20015 20021 -20022 20031 -20032 imp:n,p 1
300047 400047 -2.156 20014 -20015 20021 -20022 20032 -20033 imp:n,p 1
300048 400048 -2.156 20014 -20015 20021 -20022 20033 -20034 imp:n,p 1
300049 400049 -2.156 20014 -20015 20021 -20022 20034 -20035 imp:n,p 1
300050 400050 -2.156 20010 -20011 20022 -20023 20030 -20031 imp:n,p 1
300051 400051 -2.156 20010 -20011 20022 -20023 20031 -20032 imp:n,p 1
300052 400052 -2.156 20010 -20011 20022 -20023 20032 -20033 imp:n,p 1
300053 400053 -2.156 20010 -20011 20022 -20023 20033 -20034 imp:n,p 1
300054 400054 -2.156 20010 -20011 20022 -20023 20034 -20035 imp:n,p 1
300055 400055 -2.156 20011 -20012 20022 -20023 20030 -20031 imp:n,p 1
300056 400056 -2.156 20011 -20012 20022 -20023 20031 -20032 imp:n,p 1
300057 400057 -2.156 20011 -20012 20022 -20023 20032 -20033 imp:n,p 1
300058 400058 -2.156 20011 -20012 20022 -20023 20033 -20034 imp:n,p 1
300059 400059 -2.156 20011 -20012 20022 -20023 20034 -20035 imp:n,p 1
300060 400060 -2.156 20012 -20013 20022 -20023 20030 -20031 imp:n,p 1
300061 400061 -2.156 20012 -20013 20022 -20023 20031 -20032 imp:n,p 1
300062 400062 -2.156 20012 -20013 20022 -20023 20032 -20033 imp:n,p 1
300063 400063 -2.156 20012 -20013 20022 -20023 20033 -20034 imp:n,p 1
300064 400064 -2.156 20012 -20013 20022 -20023 20034 -20035 imp:n,p 1
300065 400065 -2.156 20013 -20014 20022 -20023 20030 -20031 imp:n,p 1
300066 400066 -2.156 20013 -20014 20022 -20023 20031 -20032 imp:n,p 1
300067 400067 -2.156 20013 -20014 20022 -20023 20032 -20033 imp:n,p 1
300068 400068 -2.156 20013 -20014 20022 -20023 20033 -20034 imp:n,p 1
300069 400069 -2.156 20013 -20014 20022 -20023 20034 -20035 imp:n,p 1
300070 400070 -2.156 20014 -20015 20022 -20023 20030 -20031 imp:n,p 1
300071 400071 -2.156 20014 -20015 20022 -20023 20031 -20032 imp:n,p 1
300072 400072 -2.156 20014 -20015 20022 -20023 20032 -20033 imp:n,p 1
300073 400073 -2.156 20014 -20015 20022 -20023 20033 -20034 imp:n,p 1
300074 400074 -2.156 20014 -20015 20022 -20023 20034 -20035 imp:n,p 1
300075 400075 -2.156 20010 -20011 20023 -20024 20030 -20031 imp:n,p 1
300076 400076 -2.156 20010 -20011 20023 -20024 20031 -20032 imp:n,p 1
300077 400077 -2.156 20010 -20011 20023 -20024 20032 -20033 imp:n,p 1
300078 400078 -2.156 20010 -20011 20023 -20024 20033 -20034 imp:n,p 1
300079 400079 -2.156 20010 -20011 20023 -20024 20034 -20035 imp:n,p 1
300080 400080 -2.156 20011 -20012 20023 -20024 20030 -20031 imp:n,p 1
300081 400081 -2.156 20011 -20012 20023 -20024 20031 -20032 imp:n,p 1
300082 400082 -2.156 20011 -20012 20023 -20024 20032 -20033 imp:n,p 1
300083 400083 -2.156 20011 -20012 20023 -20024 20033 -20034 imp:n,p 1
300084 400084 -2.156 20011 -20012 20023 -20024 20034 -20035 imp:n,p 1
300085 400085 -2.156 20012 -20013 20023 -20024 20030 -20031 imp:n,p 1
300086 400086 -2.156 20012 -20013 20023 -20024 20031 -20032 imp:n,p 1
300087 400087 -2.156 20012 -20013 20023 -20024 20032 -20033 imp:n,p 1
300088 400088 -2.156 20012 -20013 20023 -20024 20033 -20034 imp:n,p 1
300089 400089 -2.156 20012 -20013 20023 -20024 20034 -20035 imp:n,p 1
300090 400090 -2.156 20013 -20014 20023 -20024 20030 -20031 imp:n,p 1
300091 400091 -2.156 20013 -20014 20023 -20024 20031 -20032 imp:n,p 1
300092 400092 -2.156 20013 -20014 20023 -20024 20032 -20033 imp:n,p 1
300093 400093 -2.156 20013 -20014 20023 -20024 20033 -20034 imp:n,p 1
300094 400094 -2.156 20013 -20014 20023 -20024 20034 -20035 imp:n,p 1
300095 400095 -2.156 20014 -20015 20023 -20024 20030 -20031 imp:n,p 1
300096 400096 -2.156 20014 -20015 20023 -20024 20031 -20032 imp:n,p 1
300097 400097 -2.156 20014 -20015 20023 -20024 20032 -20033 imp:n,p 1
300098 400098 -2.156 20014 -20015 20023 -20024 20033 -20034 imp:n,p 1
300099 400099 -2.156 20014 -20015 20023 -20024 20034 -20035 imp:n,p 1
300100 400100 -2.156 20010 -20011 20024 -20025 20030 -20031 imp:n,p 1
300101 400101 -2.156 20010 -20011 20024 -20025 20031 -20032 imp:n,p 1
300102 400102 -2.156 20010 -20011 20024 -20025 20032 -20033 imp:n,p 1
300103 400103 -2.156 20010 -20011 20024 -20025 20033 -20034 imp:n,p 1
300104 400104 -2.156 20010 -20011 20024 -20025 20034 -20035 imp:n,p 1
300105 400105 -2.156 20011 -20012 20024 -20025 20030 -20031 imp:n,p 1
300106 400106 -2.156 20011 -20012 20024 -20025 20031 -20032 imp:n,p 1
300107 400107 -2.156 20011 -20012 20024 -20025 20032 -20033 imp:n,p 1
300108 400108 -2.156 20011 -20012 20024 -20025 20033 -20034 imp:n,p 1
300109 400109 -2.156 20011 -20012 20024 -20025 20034 -20035 imp:n,p 1
300110 400110 -2.156 20012 -20013 20024 -20025 20030 -20031 imp:n,p 1
300111 400111 -2.156 20012 -20013 20024 -20025 20031 -20032 imp:n,p 1
300112 400112 -2.156 20012 -20013 20024 -20025 20032 -20033 imp:n,p 1
300113 400113 -2.156 20012 -20013 20024 -20025 20033 -20034 imp:n,p 1
300114 400114 -2.156 20012 -20013 20024 -20025 20034 -20035 imp:n,p 1
300115 400115 -2.156 20013 -20014 20024 -20025 20030 -20031 imp:n,p 1
300116 400116 -2.156 20013 -20014 20024 -20025 20031 -20032 imp:n,p 1
300117 400117 -2.156 20013 -20014 20024 -20025 20032 -20033 imp:n,p 1
300118 400118 -2.156 20013 -20014 20024 -20025 20033 -20034 imp:n,p 1
300119 400119 -2.156 20013 -20014 20024 -20025 20034 -20035 imp:n,p 1
300120 400120 -2.156 20014 -20015 20024 -20025 20030 -20031 imp:n,p 1
300121 400121 -2.156 20014 -20015 20024 -20025 20031 -20032 imp:n,p 1
300122 400122 -2.156 20014 -20015 20024 -20025 20032 -20033 imp:n,p 1
300123 400123 -2.156 20014 -20015 20024 -20025 20033 -20034 imp:n,p 1
300124 400124 -2.156 20014 -20015 20024 -20025 20034 -20035 imp:n,p 1
c
30 12 -0.00129 -200 #101 #121 #122 #123 #124 #125 #126 #127 #128 #129 #130 #131 #132 #133
        #21 #211 #212 #22 #221 #222 #23 #231 #232 #24 #241 #242 #20 imp:n,p 1 $Rest of the World
31 0 200 imp:n,p 0 $Outside world

c SURFACE CARDS
c
c Sample Volume
20010 px -56.0
20011 px -33.600000000000364
20012 px -11.200000000000728
20013 px 11.200000000000728
20014 px 33.600000000000364
20015 px 56.0
20020 py -45.0
20021 py -27.0
20022 py -9.0
20023 py 9.0
20024 py 27.0
20025 py 45.0
20030 pz 92.0
20031 pz 82.0
20032 pz 72.0
20033 pz 62.0
20034 pz 52.0
20035 pz 42.0
c Active Detector Region
21 rcc 56  -5.0 -1.0   0.0 20.3 0.0   4.5 $Detector 1 Base center, Hx,Hy,Hz, radius
c Shielding Surfaces
c Shielding Pb
31 rpp 19 29 -7.5 7.5 -11 9 $PbPE xmin xmax ymin ymax zmin zmax
32 rpp 9 19 4 9 -11 9 $Pb xmin xmax ymin ymax zmin zmax
33 rpp 9 19 -9 -4 -11 9 $Pb xmin xmax ymin ymax zmin zmax
34 rpp 19 29 7.5 12.5 -11 9 $Pb xmin xmax ymin ymax zmin zmax
35 rpp 19 29 -12.5 -7.5 -11 9 $Pb xmin xmax ymin ymax zmin zmax
36 rpp 29 34 -15 15 -11 9 $Pb xmin xmax ymin ymax zmin zmax
37 rpp 9 19 -4 4 4 9 $Pb xmin xmax ymin ymax zmin zmax
38 rpp -26 26 18 28 -11 9 $BA1 xmin xmax ymin ymax zmin zmax
39 rpp -26 26 -28 -18 -11 9 $BA2 xmin xmax ymin ymax zmin zmax
40 rpp -65 65 -28 28 10 10.5 $Al xmin xmax ymin ymax zmin zmax
401 rpp -27 27 29 34 -11 9 $Fe xmin xmax ymin ymax zmin zmax
402 rpp -27 27 -34 -29 -11 9 $Fe xmin xmax ymin ymax zmin zmax
301 px -20
302 px 18
303 cx 3.71
304 cx 3.81
c Wheels Surfaces
c 23/10.5-12 turf tires, 22.6 lb rubber
c diameter 29cm, tread width 25cm, and sidewall height 13.76 cm
c set thickness of all sides 1.3 cm (s.t. weight is 22.6 lb)
41 rcc -2 77 8   0.0 25 0.0 29 $wheel 1 outer tread surface
42 rcc -2 77 8   0.0 25 0.0 27.7 $wheel 1 inner tread surface
421 rcc -2 75.7 8   0.0 1.3 0.0 29 $wheel 1 outside sidewall exterior
422 rcc -2 75.7 8   0.0 1.3 0.0 15.24 $wheel 1 outside sidewall interior
423 rcc -2 102 8   0.0 1.3 0.0 29 $wheel 1 inside sidewall exterior
424 rcc -2 102 8   0.0 1.3 0.0 15.24 $wheel 1 inside sidewall interior
43 rcc 68 77 8   0.0 25 0.0 29 $wheel 2
44 rcc 68 77 8   0.0 25 0.0 27.7
441 rcc 68 75.7 8   0.0 1.3 0.0 29
442 rcc 68 75.7 8   0.0 1.3 0.0 15.24
443 rcc 68 102 8   0.0 1.3 0.0 29
444 rcc 68 102 8   0.0 1.3 0.0 15.24
45 rcc -2 -77 8   0.0 -25 0.0 29 $wheel 3
46 rcc -2 -77 8   0.0 -25 0.0 27.7
461 rcc -2 -75.7 8   0.0 -1.3 0.0 29
462 rcc -2 -75.7 8   0.0 -1.3 0.0 15.24
463 rcc -2 -102 8   0.0 -1.3 0.0 29
464 rcc -2 -102 8   0.0 -1.3 0.0 15.24
47 rcc 68 -77 8   0.0 -25 0.0 29 $wheel 4
48 rcc 68 -77 8   0.0 -25 0.0 27.7
481 rcc 68 -75.7 8   0.0 -1.3 0.0 29
482 rcc 68 -75.7 8   0.0 -1.3 0.0 15.24
483 rcc 68 -102 8   0.0 -1.3 0.0 29
484 rcc 68 -102 8   0.0 -1.3 0.0 15.24
200 so 800    $sphere of 800cm centered at origin
c

c DATA CARDS
mode n p
c dump every hr
prdmp -60 -60 -1
c 100 keV Neutron Energy Cutoff
Cut:n 1j 0.1
c analog neutron transport
phys:n 1j 14
phys:p
sdef pos=0 0 0 erg=14.0 vec= 0 0 1 dir=d1
si1  -1 .93 1
sp1   0  0.0  1.0
c ********************
c begin material cards
c ********************
c Pure Carbon
c ****************************************
m400000 6000 -0.0005245824753584878 7000 -0.0005245824753584878 14000 -0.9989508350492831 
m400001 6000 -0.002103276152835223 7000 -0.002103276152835223 14000 -0.9957934476943295 
m400002 6000 -0.004172353726805051 7000 -0.004172353726805051 14000 -0.9916552925463895 
m400003 6000 -0.006248372946813877 7000 -0.006248372946813877 14000 -0.9875032541063724 
m400004 6000 -0.008104606025224977 7000 -0.008104606025224977 14000 -0.9837907879495499 
m400005 6000 -0.0006350692690354373 7000 -0.0006350692690354373 14000 -0.9987298614619293 
m400006 6000 -0.0024005840744343076 7000 -0.0024005840744343076 14000 -0.9951988318511313 
m400007 6000 -0.0042092759674072595 7000 -0.0042092759674072595 14000 -0.9915814480651851 
m400008 6000 -0.006160929931302625 7000 -0.006160929931302625 14000 -0.9876781401373946 
m400009 6000 -0.00808944486683907 7000 -0.00808944486683907 14000 -0.9838211102663217 
m400010 6000 -0.0007097897975759608 7000 -0.0007097897975759608 14000 -0.9985804204048478 
m400011 6000 -0.0023668927926998717 7000 -0.0023668927926998717 14000 -0.9952662144146004 
m400012 6000 -0.004130586013311083 7000 -0.004130586013311083 14000 -0.9917388279733775 
m400013 6000 -0.00619647564051826 7000 -0.00619647564051826 14000 -0.9876070487189632 
m400014 6000 -0.007911601449041598 7000 -0.007911601449041598 14000 -0.9841767971019167 
m400015 6000 -0.0007839351642183657 7000 -0.0007839351642183657 14000 -0.9984321296715635 
m400016 6000 -0.0020729388908865202 7000 -0.0020729388908865202 14000 -0.9958541222182271 
m400017 6000 -0.004298444456699733 7000 -0.004298444456699733 14000 -0.9914031110866006 
m400018 6000 -0.006201878279804713 7000 -0.006201878279804713 14000 -0.9875962434403905 
m400019 6000 -0.008351875140153203 7000 -0.008351875140153203 14000 -0.9832962497196935 
m400020 6000 -0.0005296748537478315 7000 -0.0005296748537478315 14000 -0.9989406502925041 
m400021 6000 -0.002113813854496026 7000 -0.002113813854496026 14000 -0.9957723722910079 
m400022 6000 -0.0041930158084808634 7000 -0.0041930158084808634 14000 -0.9916139683830384 
m400023 6000 -0.006044168098581239 7000 -0.006044168098581239 14000 -0.9879116638028376 
m400024 6000 -0.008011340936369588 7000 -0.008011340936369588 14000 -0.983977318127261 
m400025 6000 -0.0007477002013579225 7000 -0.0007477002013579225 14000 -0.9985045995972842 
m400026 6000 -0.0023693704958342894 7000 -0.0023693704958342894 14000 -0.9952612590083316 
m400027 6000 -0.004102302944941882 7000 -0.004102302944941882 14000 -0.9917953941101164 
m400028 6000 -0.006115261452421788 7000 -0.006115261452421788 14000 -0.9877694770951567 
m400029 6000 -0.008203865546498901 7000 -0.008203865546498901 14000 -0.9835922689070022 
m400030 6000 -0.00040640400883695994 7000 -0.00040640400883695994 14000 -0.999187191982326 
m400031 6000 -0.002124281303677891 7000 -0.002124281303677891 14000 -0.9957514373926445 
m400032 6000 -0.003844973119318251 7000 -0.003844973119318251 14000 -0.9923100537613636 
m400033 6000 -0.006471837945855236 7000 -0.006471837945855236 14000 -0.9870563241082894 
m400034 6000 -0.008447665586145537 7000 -0.008447665586145537 14000 -0.9831046688277092 
m400035 6000 -0.0007314383876467494 7000 -0.0007314383876467494 14000 -0.9985371232247067 
m400036 6000 -0.002333239207737911 7000 -0.002333239207737911 14000 -0.9953335215845242 
m400037 6000 -0.003971655358336323 7000 -0.003971655358336323 14000 -0.9920566892833272 
m400038 6000 -0.00614161471580599 7000 -0.00614161471580599 14000 -0.9877167705683882 
m400039 6000 -0.00814163517281938 7000 -0.00814163517281938 14000 -0.9837167296543612 
m400040 6000 -0.000675907432266243 7000 -0.000675907432266243 14000 -0.9986481851354674 
m400041 6000 -0.0019865322773833945 7000 -0.0019865322773833945 14000 -0.9960269354452332 
m400042 6000 -0.004190677595162792 7000 -0.004190677595162792 14000 -0.9916186448096742 
m400043 6000 -0.006188382289077573 7000 -0.006188382289077573 14000 -0.9876232354218447 
m400044 6000 -0.00827274169722092 7000 -0.00827274169722092 14000 -0.9834545166055579 
m400045 6000 -0.00043424768117124405 7000 -0.00043424768117124405 14000 -0.9991315046376574 
m400046 6000 -0.0019396534168094365 7000 -0.0019396534168094365 14000 -0.9961206931663811 
m400047 6000 -0.004172482121974572 7000 -0.004172482121974572 14000 -0.9916550357560509 
m400048 6000 -0.006093692133219559 7000 -0.006093692133219559 14000 -0.987812615733561 
m400049 6000 -0.008183075215092922 7000 -0.008183075215092922 14000 -0.9836338495698144 
m400050 6000 -0.0005034011453576683 7000 -0.0005034011453576683 14000 -0.9989931977092845 
m400051 6000 -0.00211912096177168 7000 -0.00211912096177168 14000 -0.9957617580764567 
m400052 6000 -0.0041349967078388086 7000 -0.0041349967078388086 14000 -0.9917300065843223 
m400053 6000 -0.005969509991078414 7000 -0.005969509991078414 14000 -0.9880609800178434 
m400054 6000 -0.008168436724434928 7000 -0.008168436724434928 14000 -0.9836631265511305 
m400055 6000 -0.0006557810382911684 7000 -0.0006557810382911684 14000 -0.9986884379234175 
m400056 6000 -0.0022790810918527082 7000 -0.0022790810918527082 14000 -0.9954418378162947 
m400057 6000 -0.004248322292342753 7000 -0.004248322292342753 14000 -0.9915033554153144 
m400058 6000 -0.0060396944667819195 7000 -0.0060396944667819195 14000 -0.9879206110664361 
m400059 6000 -0.00836963579026962 7000 -0.00836963579026962 14000 -0.9832607284194604 
m400060 6000 -0.0004414990607794643 7000 -0.0004414990607794643 14000 -0.999117001878441 
m400061 6000 -0.0020433472344846405 7000 -0.0020433472344846405 14000 -0.9959133055310306 
m400062 6000 -0.004068493247571324 7000 -0.004068493247571324 14000 -0.9918630135048576 
m400063 6000 -0.005942829086779678 7000 -0.005942829086779678 14000 -0.9881143418264406 
m400064 6000 -0.007976942275913052 7000 -0.007976942275913052 14000 -0.9840461154481739 
m400065 6000 -0.0005592895884506901 7000 -0.0005592895884506901 14000 -0.9988814208230985 
m400066 6000 -0.0021341374888013587 7000 -0.0021341374888013587 14000 -0.9957317250223972 
m400067 6000 -0.003969985424600365 7000 -0.003969985424600365 14000 -0.9920600291507992 
m400068 6000 -0.006254500401920909 7000 -0.006254500401920909 14000 -0.9874909991961583 
m400069 6000 -0.008198588719106219 7000 -0.008198588719106219 14000 -0.9836028225617873 
m400070 6000 -0.0005257475810119958 7000 -0.0005257475810119958 14000 -0.9989485048379759 
m400071 6000 -0.0019695531549672263 7000 -0.0019695531549672263 14000 -0.9960608936900656 
m400072 6000 -0.004048760964383989 7000 -0.004048760964383989 14000 -0.9919024780712321 
m400073 6000 -0.006025902234241511 7000 -0.006025902234241511 14000 -0.9879481955315171 
m400074 6000 -0.008355462816549973 7000 -0.008355462816549973 14000 -0.9832890743669002 
m400075 6000 -0.0005349110502498769 7000 -0.0005349110502498769 14000 -0.9989301778995002 
m400076 6000 -0.0019843997372147306 7000 -0.0019843997372147306 14000 -0.9960312005255705 
m400077 6000 -0.004208555079431539 7000 -0.004208555079431539 14000 -0.991582889841137 
m400078 6000 -0.006171806327664228 7000 -0.006171806327664228 14000 -0.9876563873446718 
m400079 6000 -0.008112904235433495 7000 -0.008112904235433495 14000 -0.983774191529133 
m400080 6000 -0.000604386648629031 7000 -0.000604386648629031 14000 -0.9987912267027421 
m400081 6000 -0.0025056488932562503 7000 -0.0025056488932562503 14000 -0.9949887022134872 
m400082 6000 -0.004267144037942789 7000 -0.004267144037942789 14000 -0.9914657119241141 
m400083 6000 -0.006095564508012387 7000 -0.006095564508012387 14000 -0.9878088709839754 
m400084 6000 -0.007955976723343878 7000 -0.007955976723343878 14000 -0.9840880465533123 
m400085 6000 -0.0005556375031021589 7000 -0.0005556375031021589 14000 -0.9988887249937956 
m400086 6000 -0.002368722682430425 7000 -0.002368722682430425 14000 -0.9952625546351394 
m400087 6000 -0.004315567375412093 7000 -0.004315567375412093 14000 -0.9913688652491757 
m400088 6000 -0.006206865923530853 7000 -0.006206865923530853 14000 -0.9875862681529384 
m400089 6000 -0.008300293285291442 7000 -0.008300293285291442 14000 -0.9833994134294172 
m400090 6000 -0.0006738229395863003 7000 -0.0006738229395863003 14000 -0.9986523541208274 
m400091 6000 -0.001909482146958835 7000 -0.001909482146958835 14000 -0.9961810357060821 
m400092 6000 -0.0043579822585344255 7000 -0.0043579822585344255 14000 -0.9912840354829311 
m400093 6000 -0.006180726835313364 7000 -0.006180726835313364 14000 -0.9876385463293735 
m400094 6000 -0.008055878034099543 7000 -0.008055878034099543 14000 -0.983888243931801 
m400095 6000 -0.0004258703030078339 7000 -0.0004258703030078339 14000 -0.9991482593939841 
m400096 6000 -0.0017978409881398577 7000 -0.0017978409881398577 14000 -0.9964043180237206 
m400097 6000 -0.004134680700885906 7000 -0.004134680700885906 14000 -0.9917306385982281 
m400098 6000 -0.00624954983703842 7000 -0.00624954983703842 14000 -0.987500900325923 
m400099 6000 -0.008360441306120694 7000 -0.008360441306120694 14000 -0.9832791173877589 
m400100 6000 -0.0004908423860879432 7000 -0.0004908423860879432 14000 -0.9990183152278241 
m400101 6000 -0.0018381422267485243 7000 -0.0018381422267485243 14000 -0.9963237155465032 
m400102 6000 -0.004249080705037399 7000 -0.004249080705037399 14000 -0.9915018385899252 
m400103 6000 -0.006413788572296901 7000 -0.006413788572296901 14000 -0.9871724228554061 
m400104 6000 -0.008112553177575508 7000 -0.008112553177575508 14000 -0.983774893644849 
m400105 6000 -0.0005686500707914174 7000 -0.0005686500707914174 14000 -0.9988626998584172 
m400106 6000 -0.002272138496974029 7000 -0.002272138496974029 14000 -0.995455723006052 
m400107 6000 -0.0044479076622935924 7000 -0.0044479076622935924 14000 -0.991104184675413 
m400108 6000 -0.006303824693152901 7000 -0.006303824693152901 14000 -0.9873923506136946 
m400109 6000 -0.008035318920540744 7000 -0.008035318920540744 14000 -0.9839293621589182 
m400110 6000 -0.0005959587973119994 7000 -0.0005959587973119994 14000 -0.998808082405376 
m400111 6000 -0.0024607103262227637 7000 -0.0024607103262227637 14000 -0.995078579347555 
m400112 6000 -0.003963905934703779 7000 -0.003963905934703779 14000 -0.9920721881305926 
m400113 6000 -0.0063545167895431385 7000 -0.0063545167895431385 14000 -0.9872909664209137 
m400114 6000 -0.008149738250812508 7000 -0.008149738250812508 14000 -0.9837005234983751 
m400115 6000 -0.0005529746138592355 7000 -0.0005529746138592355 14000 -0.9988940507722813 
m400116 6000 -0.002075605342500284 7000 -0.002075605342500284 14000 -0.9958487893149995 
m400117 6000 -0.004145428302981653 7000 -0.004145428302981653 14000 -0.9917091433940369 
m400118 6000 -0.006062447754683977 7000 -0.006062447754683977 14000 -0.9878751044906318 
m400119 6000 -0.00841020904291372 7000 -0.00841020904291372 14000 -0.9831795819141727 
m400120 6000 -0.0004977598332289364 7000 -0.0004977598332289364 14000 -0.9990044803335423 
m400121 6000 -0.002093461461367164 7000 -0.002093461461367164 14000 -0.9958130770772656 
m400122 6000 -0.004563952289722662 7000 -0.004563952289722662 14000 -0.9908720954205547 
m400123 6000 -0.006038640459042099 7000 -0.006038640459042099 14000 -0.987922719081916 
m400124 6000 -0.008208890010064362 7000 -0.008208890010064362 14000 -0.9835822199798713 
c **********************************
c PE+Pb, dens=4.78 g/cm3
m2      6000    -0.04286 $Carbon
        1001    -0.00714 $Hydrogen
        82000   -0.95000 $Lead
c **********************************
m3    1001 -0.048535 $Boric acid
      5010 -0.034981
      5011 -0.139923
      8016 -0.776561
c **********************************
m4    82000 1 $Lead
c **********************************
m5 26000 1 $Iron
c **********************************
m6     13027   -1.000 $ Aluminum
c **********************************
c  SS-304 (8.00 g/cm3), #298 in PNNL Compendium
m7   006000.50c -0.0004000
     014000.60c -0.0050000
     015031.50c -0.0002300
     016000.60c -0.0001500
     024000.50c -0.1899981
     025055.60c -0.0099999
     026000.50c -0.7017229
     028000.50c -0.0924991
c ****************************************
c       LaBr detector
c ****************************************
m8       35079    -0.2946       $ Br79
         35081    -0.3069       $ Br81
         57139    -0.3485       $ La139
         58140    -0.0500       $ Ce140
c ************ air den=1.15e-3g/cc
m12     8016 -0.23
        7014 -0.77
c ************ Rubber Natural den=0.92 g/cc
m13     1001 -0.118371  $weight fraction
        6000 -0.881629
c
c end material cards
c
rand seed=8674536546524321 $different initial random #; seed# - any less 18 digits
c
c ********** begin tallies *********************
fc78 *********Broadened Pulse Height Tally Sum of Detectors 1,2 & 3 ***********
e78 0 1e-5 932i 8.4295
F78:p (101)
FT78 GEB -0.026198 0.059551 -0.037176
fc18 *********Unbroadened Pulse Height Tally Sum of Detectors 1,2 & 3 ***********
e18 0 1e-5 932i 8.4295
F18:p (101)
c ***********************************
c mplot tal 78 freq 10000
nps 1e9
