c CAS DETECTOR
c w/ Shielding in Place and Wheels
c
c CELL CARDS
c
c @@@@@@@@@@ Detectors @@@@@@@@@@@@@@@@@
c
101 8 -5.08 -21 imp:n,p 1 $LaBr Detector #1 Active Region
c
c @@@@@@@@@ Shielding @@@@@@@@@@@@@@@@@
c
121 2 -4.78 -31 imp:n,p 1 $PE_Pb
122 4 -11.29 -32 imp:n,p 1 $Pb1
123 4 -11.29 -33 imp:n,p 1 $Pb2
124 4 -11.29 -34 imp:n,p 1 $Pb3
125 4 -11.29 -35 imp:n,p 1 $Pb4
126 4 -11.29 -36 imp:n,p 1 $Pb5
127 4 -11.29 -37 imp:n,p 1 $Pb6
128 3 -1.5 -38 imp:n,p 1 $BA1
129 3 -1.5 -39 imp:n,p 1 $BA2
130 6 -2.7 -40 imp:n,p 1 $Al
131 7 -7.92 301 -302 303 -304 imp:n,p 1 $Fe-tube
132 5 -7.8 -401 imp:n,p 1 $Fe
133 5 -7.8 -402 imp:n,p 1 $Fe
c @@@@@@@@@@ Wheels @@@@@@@@@@@@@@@@@
c
21 13 -0.92 -41 42 imp:n,p 1 $Wheel 1
211 13 -0.92 -421 422 imp:n,p 1 $Wheel 1
212 13 -0.92 -423 424 imp:n,p 1 $Wheel 1
22 13 -0.92 -43 44 imp:n,p 1 $Wheel 2
221 13 -0.92 -441 442 imp:n,p 1 $Wheel 2
222 13 -0.92 -443 444 imp:n,p 1 $Wheel 2
23 13 -0.92 -45 46 imp:n,p 1 $Wheel 3
231 13 -0.92 -461 462 imp:n,p 1 $Wheel 3
232 13 -0.92 -463 464 imp:n,p 1 $Wheel 3
24 13 -0.92 -47 48 imp:n,p 1 $Wheel 4
241 13 -0.92 -481 482 imp:n,p 1 $Wheel 4
242 13 -0.92 -483 484 imp:n,p 1 $Wheel 4
c
c @@@@@@@@@@ SOIL VOLUME @@@@@@@@@@@
c
300000 400000 -2.156 20010 -20011 20020 -20021 20030 -20031 imp:n,p 1
300001 400001 -2.156 20010 -20011 20020 -20021 20031 -20032 imp:n,p 1
300002 400002 -2.156 20010 -20011 20020 -20021 20032 -20033 imp:n,p 1
300003 400003 -2.156 20010 -20011 20020 -20021 20033 -20034 imp:n,p 1
300004 400004 -2.156 20010 -20011 20020 -20021 20034 -20035 imp:n,p 1
300005 400005 -2.156 20011 -20012 20020 -20021 20030 -20031 imp:n,p 1
300006 400006 -2.156 20011 -20012 20020 -20021 20031 -20032 imp:n,p 1
300007 400007 -2.156 20011 -20012 20020 -20021 20032 -20033 imp:n,p 1
300008 400008 -2.156 20011 -20012 20020 -20021 20033 -20034 imp:n,p 1
300009 400009 -2.156 20011 -20012 20020 -20021 20034 -20035 imp:n,p 1
300010 400010 -2.156 20012 -20013 20020 -20021 20030 -20031 imp:n,p 1
300011 400011 -2.156 20012 -20013 20020 -20021 20031 -20032 imp:n,p 1
300012 400012 -2.156 20012 -20013 20020 -20021 20032 -20033 imp:n,p 1
300013 400013 -2.156 20012 -20013 20020 -20021 20033 -20034 imp:n,p 1
300014 400014 -2.156 20012 -20013 20020 -20021 20034 -20035 imp:n,p 1
300015 400015 -2.156 20013 -20014 20020 -20021 20030 -20031 imp:n,p 1
300016 400016 -2.156 20013 -20014 20020 -20021 20031 -20032 imp:n,p 1
300017 400017 -2.156 20013 -20014 20020 -20021 20032 -20033 imp:n,p 1
300018 400018 -2.156 20013 -20014 20020 -20021 20033 -20034 imp:n,p 1
300019 400019 -2.156 20013 -20014 20020 -20021 20034 -20035 imp:n,p 1
300020 400020 -2.156 20014 -20015 20020 -20021 20030 -20031 imp:n,p 1
300021 400021 -2.156 20014 -20015 20020 -20021 20031 -20032 imp:n,p 1
300022 400022 -2.156 20014 -20015 20020 -20021 20032 -20033 imp:n,p 1
300023 400023 -2.156 20014 -20015 20020 -20021 20033 -20034 imp:n,p 1
300024 400024 -2.156 20014 -20015 20020 -20021 20034 -20035 imp:n,p 1
300025 400025 -2.156 20010 -20011 20021 -20022 20030 -20031 imp:n,p 1
300026 400026 -2.156 20010 -20011 20021 -20022 20031 -20032 imp:n,p 1
300027 400027 -2.156 20010 -20011 20021 -20022 20032 -20033 imp:n,p 1
300028 400028 -2.156 20010 -20011 20021 -20022 20033 -20034 imp:n,p 1
300029 400029 -2.156 20010 -20011 20021 -20022 20034 -20035 imp:n,p 1
300030 400030 -2.156 20011 -20012 20021 -20022 20030 -20031 imp:n,p 1
300031 400031 -2.156 20011 -20012 20021 -20022 20031 -20032 imp:n,p 1
300032 400032 -2.156 20011 -20012 20021 -20022 20032 -20033 imp:n,p 1
300033 400033 -2.156 20011 -20012 20021 -20022 20033 -20034 imp:n,p 1
300034 400034 -2.156 20011 -20012 20021 -20022 20034 -20035 imp:n,p 1
300035 400035 -2.156 20012 -20013 20021 -20022 20030 -20031 imp:n,p 1
300036 400036 -2.156 20012 -20013 20021 -20022 20031 -20032 imp:n,p 1
300037 400037 -2.156 20012 -20013 20021 -20022 20032 -20033 imp:n,p 1
300038 400038 -2.156 20012 -20013 20021 -20022 20033 -20034 imp:n,p 1
300039 400039 -2.156 20012 -20013 20021 -20022 20034 -20035 imp:n,p 1
300040 400040 -2.156 20013 -20014 20021 -20022 20030 -20031 imp:n,p 1
300041 400041 -2.156 20013 -20014 20021 -20022 20031 -20032 imp:n,p 1
300042 400042 -2.156 20013 -20014 20021 -20022 20032 -20033 imp:n,p 1
300043 400043 -2.156 20013 -20014 20021 -20022 20033 -20034 imp:n,p 1
300044 400044 -2.156 20013 -20014 20021 -20022 20034 -20035 imp:n,p 1
300045 400045 -2.156 20014 -20015 20021 -20022 20030 -20031 imp:n,p 1
300046 400046 -2.156 20014 -20015 20021 -20022 20031 -20032 imp:n,p 1
300047 400047 -2.156 20014 -20015 20021 -20022 20032 -20033 imp:n,p 1
300048 400048 -2.156 20014 -20015 20021 -20022 20033 -20034 imp:n,p 1
300049 400049 -2.156 20014 -20015 20021 -20022 20034 -20035 imp:n,p 1
300050 400050 -2.156 20010 -20011 20022 -20023 20030 -20031 imp:n,p 1
300051 400051 -2.156 20010 -20011 20022 -20023 20031 -20032 imp:n,p 1
300052 400052 -2.156 20010 -20011 20022 -20023 20032 -20033 imp:n,p 1
300053 400053 -2.156 20010 -20011 20022 -20023 20033 -20034 imp:n,p 1
300054 400054 -2.156 20010 -20011 20022 -20023 20034 -20035 imp:n,p 1
300055 400055 -2.156 20011 -20012 20022 -20023 20030 -20031 imp:n,p 1
300056 400056 -2.156 20011 -20012 20022 -20023 20031 -20032 imp:n,p 1
300057 400057 -2.156 20011 -20012 20022 -20023 20032 -20033 imp:n,p 1
300058 400058 -2.156 20011 -20012 20022 -20023 20033 -20034 imp:n,p 1
300059 400059 -2.156 20011 -20012 20022 -20023 20034 -20035 imp:n,p 1
300060 400060 -2.156 20012 -20013 20022 -20023 20030 -20031 imp:n,p 1
300061 400061 -2.156 20012 -20013 20022 -20023 20031 -20032 imp:n,p 1
300062 400062 -2.156 20012 -20013 20022 -20023 20032 -20033 imp:n,p 1
300063 400063 -2.156 20012 -20013 20022 -20023 20033 -20034 imp:n,p 1
300064 400064 -2.156 20012 -20013 20022 -20023 20034 -20035 imp:n,p 1
300065 400065 -2.156 20013 -20014 20022 -20023 20030 -20031 imp:n,p 1
300066 400066 -2.156 20013 -20014 20022 -20023 20031 -20032 imp:n,p 1
300067 400067 -2.156 20013 -20014 20022 -20023 20032 -20033 imp:n,p 1
300068 400068 -2.156 20013 -20014 20022 -20023 20033 -20034 imp:n,p 1
300069 400069 -2.156 20013 -20014 20022 -20023 20034 -20035 imp:n,p 1
300070 400070 -2.156 20014 -20015 20022 -20023 20030 -20031 imp:n,p 1
300071 400071 -2.156 20014 -20015 20022 -20023 20031 -20032 imp:n,p 1
300072 400072 -2.156 20014 -20015 20022 -20023 20032 -20033 imp:n,p 1
300073 400073 -2.156 20014 -20015 20022 -20023 20033 -20034 imp:n,p 1
300074 400074 -2.156 20014 -20015 20022 -20023 20034 -20035 imp:n,p 1
300075 400075 -2.156 20010 -20011 20023 -20024 20030 -20031 imp:n,p 1
300076 400076 -2.156 20010 -20011 20023 -20024 20031 -20032 imp:n,p 1
300077 400077 -2.156 20010 -20011 20023 -20024 20032 -20033 imp:n,p 1
300078 400078 -2.156 20010 -20011 20023 -20024 20033 -20034 imp:n,p 1
300079 400079 -2.156 20010 -20011 20023 -20024 20034 -20035 imp:n,p 1
300080 400080 -2.156 20011 -20012 20023 -20024 20030 -20031 imp:n,p 1
300081 400081 -2.156 20011 -20012 20023 -20024 20031 -20032 imp:n,p 1
300082 400082 -2.156 20011 -20012 20023 -20024 20032 -20033 imp:n,p 1
300083 400083 -2.156 20011 -20012 20023 -20024 20033 -20034 imp:n,p 1
300084 400084 -2.156 20011 -20012 20023 -20024 20034 -20035 imp:n,p 1
300085 400085 -2.156 20012 -20013 20023 -20024 20030 -20031 imp:n,p 1
300086 400086 -2.156 20012 -20013 20023 -20024 20031 -20032 imp:n,p 1
300087 400087 -2.156 20012 -20013 20023 -20024 20032 -20033 imp:n,p 1
300088 400088 -2.156 20012 -20013 20023 -20024 20033 -20034 imp:n,p 1
300089 400089 -2.156 20012 -20013 20023 -20024 20034 -20035 imp:n,p 1
300090 400090 -2.156 20013 -20014 20023 -20024 20030 -20031 imp:n,p 1
300091 400091 -2.156 20013 -20014 20023 -20024 20031 -20032 imp:n,p 1
300092 400092 -2.156 20013 -20014 20023 -20024 20032 -20033 imp:n,p 1
300093 400093 -2.156 20013 -20014 20023 -20024 20033 -20034 imp:n,p 1
300094 400094 -2.156 20013 -20014 20023 -20024 20034 -20035 imp:n,p 1
300095 400095 -2.156 20014 -20015 20023 -20024 20030 -20031 imp:n,p 1
300096 400096 -2.156 20014 -20015 20023 -20024 20031 -20032 imp:n,p 1
300097 400097 -2.156 20014 -20015 20023 -20024 20032 -20033 imp:n,p 1
300098 400098 -2.156 20014 -20015 20023 -20024 20033 -20034 imp:n,p 1
300099 400099 -2.156 20014 -20015 20023 -20024 20034 -20035 imp:n,p 1
300100 400100 -2.156 20010 -20011 20024 -20025 20030 -20031 imp:n,p 1
300101 400101 -2.156 20010 -20011 20024 -20025 20031 -20032 imp:n,p 1
300102 400102 -2.156 20010 -20011 20024 -20025 20032 -20033 imp:n,p 1
300103 400103 -2.156 20010 -20011 20024 -20025 20033 -20034 imp:n,p 1
300104 400104 -2.156 20010 -20011 20024 -20025 20034 -20035 imp:n,p 1
300105 400105 -2.156 20011 -20012 20024 -20025 20030 -20031 imp:n,p 1
300106 400106 -2.156 20011 -20012 20024 -20025 20031 -20032 imp:n,p 1
300107 400107 -2.156 20011 -20012 20024 -20025 20032 -20033 imp:n,p 1
300108 400108 -2.156 20011 -20012 20024 -20025 20033 -20034 imp:n,p 1
300109 400109 -2.156 20011 -20012 20024 -20025 20034 -20035 imp:n,p 1
300110 400110 -2.156 20012 -20013 20024 -20025 20030 -20031 imp:n,p 1
300111 400111 -2.156 20012 -20013 20024 -20025 20031 -20032 imp:n,p 1
300112 400112 -2.156 20012 -20013 20024 -20025 20032 -20033 imp:n,p 1
300113 400113 -2.156 20012 -20013 20024 -20025 20033 -20034 imp:n,p 1
300114 400114 -2.156 20012 -20013 20024 -20025 20034 -20035 imp:n,p 1
300115 400115 -2.156 20013 -20014 20024 -20025 20030 -20031 imp:n,p 1
300116 400116 -2.156 20013 -20014 20024 -20025 20031 -20032 imp:n,p 1
300117 400117 -2.156 20013 -20014 20024 -20025 20032 -20033 imp:n,p 1
300118 400118 -2.156 20013 -20014 20024 -20025 20033 -20034 imp:n,p 1
300119 400119 -2.156 20013 -20014 20024 -20025 20034 -20035 imp:n,p 1
300120 400120 -2.156 20014 -20015 20024 -20025 20030 -20031 imp:n,p 1
300121 400121 -2.156 20014 -20015 20024 -20025 20031 -20032 imp:n,p 1
300122 400122 -2.156 20014 -20015 20024 -20025 20032 -20033 imp:n,p 1
300123 400123 -2.156 20014 -20015 20024 -20025 20033 -20034 imp:n,p 1
300124 400124 -2.156 20014 -20015 20024 -20025 20034 -20035 imp:n,p 1
c
30 12 -0.00129 -200 #101 #121 #122 #123 #124 #125 #126 #127 #128 #129 #130 #131 #132 #133
        #21 #211 #212 #22 #221 #222 #23 #231 #232 #24 #241 #242 #20 imp:n,p 1 $Rest of the World
31 0 200 imp:n,p 0 $Outside world

c SURFACE CARDS
c
c Sample Volume
20010 px -56.0
20011 px -33.600000000000364
20012 px -11.200000000000728
20013 px 11.200000000000728
20014 px 33.600000000000364
20015 px 56.0
20020 py -45.0
20021 py -27.0
20022 py -9.0
20023 py 9.0
20024 py 27.0
20025 py 45.0
20030 pz 92.0
20031 pz 82.0
20032 pz 72.0
20033 pz 62.0
20034 pz 52.0
20035 pz 42.0
c Active Detector Region
21 rcc 56  -5.0 -1.0   0.0 20.3 0.0   4.5 $Detector 1 Base center, Hx,Hy,Hz, radius
c Shielding Surfaces
c Shielding Pb
31 rpp 19 29 -7.5 7.5 -11 9 $PbPE xmin xmax ymin ymax zmin zmax
32 rpp 9 19 4 9 -11 9 $Pb xmin xmax ymin ymax zmin zmax
33 rpp 9 19 -9 -4 -11 9 $Pb xmin xmax ymin ymax zmin zmax
34 rpp 19 29 7.5 12.5 -11 9 $Pb xmin xmax ymin ymax zmin zmax
35 rpp 19 29 -12.5 -7.5 -11 9 $Pb xmin xmax ymin ymax zmin zmax
36 rpp 29 34 -15 15 -11 9 $Pb xmin xmax ymin ymax zmin zmax
37 rpp 9 19 -4 4 4 9 $Pb xmin xmax ymin ymax zmin zmax
38 rpp -26 26 18 28 -11 9 $BA1 xmin xmax ymin ymax zmin zmax
39 rpp -26 26 -28 -18 -11 9 $BA2 xmin xmax ymin ymax zmin zmax
40 rpp -65 65 -28 28 10 10.5 $Al xmin xmax ymin ymax zmin zmax
401 rpp -27 27 29 34 -11 9 $Fe xmin xmax ymin ymax zmin zmax
402 rpp -27 27 -34 -29 -11 9 $Fe xmin xmax ymin ymax zmin zmax
301 px -20
302 px 18
303 cx 3.71
304 cx 3.81
c Wheels Surfaces
c 23/10.5-12 turf tires, 22.6 lb rubber
c diameter 29cm, tread width 25cm, and sidewall height 13.76 cm
c set thickness of all sides 1.3 cm (s.t. weight is 22.6 lb)
41 rcc -2 77 8   0.0 25 0.0 29 $wheel 1 outer tread surface
42 rcc -2 77 8   0.0 25 0.0 27.7 $wheel 1 inner tread surface
421 rcc -2 75.7 8   0.0 1.3 0.0 29 $wheel 1 outside sidewall exterior
422 rcc -2 75.7 8   0.0 1.3 0.0 15.24 $wheel 1 outside sidewall interior
423 rcc -2 102 8   0.0 1.3 0.0 29 $wheel 1 inside sidewall exterior
424 rcc -2 102 8   0.0 1.3 0.0 15.24 $wheel 1 inside sidewall interior
43 rcc 68 77 8   0.0 25 0.0 29 $wheel 2
44 rcc 68 77 8   0.0 25 0.0 27.7
441 rcc 68 75.7 8   0.0 1.3 0.0 29
442 rcc 68 75.7 8   0.0 1.3 0.0 15.24
443 rcc 68 102 8   0.0 1.3 0.0 29
444 rcc 68 102 8   0.0 1.3 0.0 15.24
45 rcc -2 -77 8   0.0 -25 0.0 29 $wheel 3
46 rcc -2 -77 8   0.0 -25 0.0 27.7
461 rcc -2 -75.7 8   0.0 -1.3 0.0 29
462 rcc -2 -75.7 8   0.0 -1.3 0.0 15.24
463 rcc -2 -102 8   0.0 -1.3 0.0 29
464 rcc -2 -102 8   0.0 -1.3 0.0 15.24
47 rcc 68 -77 8   0.0 -25 0.0 29 $wheel 4
48 rcc 68 -77 8   0.0 -25 0.0 27.7
481 rcc 68 -75.7 8   0.0 -1.3 0.0 29
482 rcc 68 -75.7 8   0.0 -1.3 0.0 15.24
483 rcc 68 -102 8   0.0 -1.3 0.0 29
484 rcc 68 -102 8   0.0 -1.3 0.0 15.24
200 so 800    $sphere of 800cm centered at origin
c

c DATA CARDS
mode n p
c dump every hr
prdmp -60 -60 -1
c 100 keV Neutron Energy Cutoff
Cut:n 1j 0.1
c analog neutron transport
phys:n 1j 14
phys:p
sdef pos=0 0 0 erg=14.0 vec= 0 0 1 dir=d1
si1  -1 .93 1
sp1   0  0.0  1.0
c ********************
c begin material cards
c ********************
c Pure Carbon
c ****************************************
m400000 6000 -0.00012030344345952744 7000 -0.00012030344345952744 14000 -0.9997593931130809 
m400001 6000 -0.0014716174787130895 7000 -0.0014716174787130895 14000 -0.9970567650425738 
m400002 6000 -0.0041753003219704736 7000 -0.0041753003219704736 14000 -0.991649399356059 
m400003 6000 -0.005883695856853308 7000 -0.005883695856853308 14000 -0.9882326082862931 
m400004 6000 -0.006439501929645564 7000 -0.006439501929645564 14000 -0.9871209961407089 
m400005 6000 -6.363845750780467e-05 7000 -6.363845750780467e-05 14000 -0.9998727230849843 
m400006 6000 -0.001664846609435689 7000 -0.001664846609435689 14000 -0.9966703067811283 
m400007 6000 -0.004261346937672216 7000 -0.004261346937672216 14000 -0.9914773061246557 
m400008 6000 -0.00583878562161781 7000 -0.00583878562161781 14000 -0.9883224287567647 
m400009 6000 -0.0063886094979267 7000 -0.0063886094979267 14000 -0.9872227810041467 
m400010 6000 -8.638291052914927e-05 7000 -8.638291052914927e-05 14000 -0.9998272341789418 
m400011 6000 -0.0016541610561642895 7000 -0.0016541610561642895 14000 -0.9966916778876715 
m400012 6000 -0.004010405987241919 7000 -0.004010405987241919 14000 -0.9919791880255164 
m400013 6000 -0.005931078646927826 7000 -0.005931078646927826 14000 -0.9881378427061442 
m400014 6000 -0.006396466178060575 7000 -0.006396466178060575 14000 -0.9872070676438787 
m400015 6000 -8.841508850289211e-05 7000 -8.841508850289211e-05 14000 -0.9998231698229942 
m400016 6000 -0.0017432243476027665 7000 -0.0017432243476027665 14000 -0.9965135513047945 
m400017 6000 -0.0039651802575253105 7000 -0.0039651802575253105 14000 -0.9920696394849492 
m400018 6000 -0.0058213304136330475 7000 -0.0058213304136330475 14000 -0.9883573391727338 
m400019 6000 -0.006438011258659882 7000 -0.006438011258659882 14000 -0.9871239774826799 
m400020 6000 -0.00016894074172186835 7000 -0.00016894074172186835 14000 -0.9996621185165563 
m400021 6000 -0.0017925682231949571 7000 -0.0017925682231949571 14000 -0.99641486355361 
m400022 6000 -0.0038155996045261304 7000 -0.0038155996045261304 14000 -0.9923688007909476 
m400023 6000 -0.005734070465079237 7000 -0.005734070465079237 14000 -0.9885318590698414 
m400024 6000 -0.006375361975302996 7000 -0.006375361975302996 14000 -0.9872492760493937 
m400025 6000 -0.00013222415336392737 7000 -0.00013222415336392737 14000 -0.9997355516932721 
m400026 6000 -0.0015366027050028725 7000 -0.0015366027050028725 14000 -0.9969267945899941 
m400027 6000 -0.003943074220393025 7000 -0.003943074220393025 14000 -0.992113851559214 
m400028 6000 -0.00594272171686433 7000 -0.00594272171686433 14000 -0.9881145565662712 
m400029 6000 -0.006402790340114611 7000 -0.006402790340114611 14000 -0.9871944193197707 
m400030 6000 -0.00015941054709182092 7000 -0.00015941054709182092 14000 -0.9996811789058162 
m400031 6000 -0.0016339990772850116 7000 -0.0016339990772850116 14000 -0.9967320018454301 
m400032 6000 -0.004124505615652684 7000 -0.004124505615652684 14000 -0.9917509887686948 
m400033 6000 -0.0059443394837268805 7000 -0.0059443394837268805 14000 -0.9881113210325465 
m400034 6000 -0.006353103975931138 7000 -0.006353103975931138 14000 -0.9872937920481378 
m400035 6000 -0.00012965241035730248 7000 -0.00012965241035730248 14000 -0.9997406951792854 
m400036 6000 -0.0014015310327045209 7000 -0.0014015310327045209 14000 -0.9971969379345909 
m400037 6000 -0.003923327696180748 7000 -0.003923327696180748 14000 -0.9921533446076387 
m400038 6000 -0.005655620643268132 7000 -0.005655620643268132 14000 -0.9886887587134641 
m400039 6000 -0.006426399000393522 7000 -0.006426399000393522 14000 -0.9871472019992129 
m400040 6000 -0.00010744534636463691 7000 -0.00010744534636463691 14000 -0.9997851093072707 
m400041 6000 -0.0015618432478020424 7000 -0.0015618432478020424 14000 -0.996876313504396 
m400042 6000 -0.0038049380581440047 7000 -0.0038049380581440047 14000 -0.9923901238837122 
m400043 6000 -0.005760164377056566 7000 -0.005760164377056566 14000 -0.9884796712458868 
m400044 6000 -0.006422193695815385 7000 -0.006422193695815385 14000 -0.9871556126083695 
m400045 6000 -0.00023498189889618133 7000 -0.00023498189889618133 14000 -0.9995300362022077 
m400046 6000 -0.0016408771019993486 7000 -0.0016408771019993486 14000 -0.9967182457960013 
m400047 6000 -0.00417760356254108 7000 -0.00417760356254108 14000 -0.9916447928749175 
m400048 6000 -0.0057909876439544905 7000 -0.0057909876439544905 14000 -0.9884180247120911 
m400049 6000 -0.0064155907948288534 7000 -0.0064155907948288534 14000 -0.9871688184103422 
m400050 6000 -0.000149399700475058 7000 -0.000149399700475058 14000 -0.9997012005990499 
m400051 6000 -0.0019232444286747296 7000 -0.0019232444286747296 14000 -0.9961535111426504 
m400052 6000 -0.004398226406632182 7000 -0.004398226406632182 14000 -0.9912035471867355 
m400053 6000 -0.005812610197074352 7000 -0.005812610197074352 14000 -0.9883747796058515 
m400054 6000 -0.006418899270936278 7000 -0.006418899270936278 14000 -0.9871622014581277 
m400055 6000 -0.0001895526484344757 7000 -0.0001895526484344757 14000 -0.999620894703131 
m400056 6000 -0.0016285269728828144 7000 -0.0016285269728828144 14000 -0.9967429460542344 
m400057 6000 -0.004275196487365323 7000 -0.004275196487365323 14000 -0.9914496070252692 
m400058 6000 -0.0058209772487634445 7000 -0.0058209772487634445 14000 -0.9883580455024731 
m400059 6000 -0.0064422871938381475 7000 -0.0064422871938381475 14000 -0.9871154256123238 
m400060 6000 -8.842009161640256e-05 7000 -8.842009161640256e-05 14000 -0.9998231598167672 
m400061 6000 -0.0013630218657148844 7000 -0.0013630218657148844 14000 -0.9972739562685704 
m400062 6000 -0.0043044519540338475 7000 -0.0043044519540338475 14000 -0.9913910960919324 
m400063 6000 -0.005861641542259397 7000 -0.005861641542259397 14000 -0.9882767169154811 
m400064 6000 -0.006434303206891463 7000 -0.006434303206891463 14000 -0.987131393586217 
m400065 6000 -0.00015977433249042203 7000 -0.00015977433249042203 14000 -0.9996804513350191 
m400066 6000 -0.0017443483730501556 7000 -0.0017443483730501556 14000 -0.9965113032538997 
m400067 6000 -0.003881733426223505 7000 -0.003881733426223505 14000 -0.9922365331475527 
m400068 6000 -0.0058933331011567424 7000 -0.0058933331011567424 14000 -0.9882133337976865 
m400069 6000 -0.006386793929082386 7000 -0.006386793929082386 14000 -0.9872264121418352 
m400070 6000 -7.323796937273995e-05 7000 -7.323796937273995e-05 14000 -0.9998535240612544 
m400071 6000 -0.0021225477172660116 7000 -0.0021225477172660116 14000 -0.995754904565468 
m400072 6000 -0.0038326159412408927 7000 -0.0038326159412408927 14000 -0.992334768117518 
m400073 6000 -0.005970437438482839 7000 -0.005970437438482839 14000 -0.9880591251230346 
m400074 6000 -0.006392251496436776 7000 -0.006392251496436776 14000 -0.9872154970071264 
m400075 6000 -0.00021940365086425245 7000 -0.00021940365086425245 14000 -0.9995611926982717 
m400076 6000 -0.0015764908804106333 7000 -0.0015764908804106333 14000 -0.9968470182391784 
m400077 6000 -0.004245700017262987 7000 -0.004245700017262987 14000 -0.9915085999654739 
m400078 6000 -0.005896549393501633 7000 -0.005896549393501633 14000 -0.9882069012129966 
m400079 6000 -0.006438447566567007 7000 -0.006438447566567007 14000 -0.9871231048668659 
m400080 6000 -5.3996496060723344e-05 7000 -5.3996496060723344e-05 14000 -0.9998920070078785 
m400081 6000 -0.0012999393804710793 7000 -0.0012999393804710793 14000 -0.9974001212390579 
m400082 6000 -0.004029808608781986 7000 -0.004029808608781986 14000 -0.9919403827824362 
m400083 6000 -0.005870645677282066 7000 -0.005870645677282066 14000 -0.9882587086454362 
m400084 6000 -0.006344806414859416 7000 -0.006344806414859416 14000 -0.9873103871702809 
m400085 6000 -0.00016699685635784633 7000 -0.00016699685635784633 14000 -0.9996660062872844 
m400086 6000 -0.001465653151256151 7000 -0.001465653151256151 14000 -0.9970686936974877 
m400087 6000 -0.0039509027182427795 7000 -0.0039509027182427795 14000 -0.9920981945635138 
m400088 6000 -0.005722075639490191 7000 -0.005722075639490191 14000 -0.9885558487210198 
m400089 6000 -0.006386806391825298 7000 -0.006386806391825298 14000 -0.9872263872163493 
m400090 6000 -9.840141477356151e-05 7000 -9.840141477356151e-05 14000 -0.9998031971704531 
m400091 6000 -0.0015629680830709534 7000 -0.0015629680830709534 14000 -0.9968740638338578 
m400092 6000 -0.004300911710952657 7000 -0.004300911710952657 14000 -0.9913981765780947 
m400093 6000 -0.00582431728991747 7000 -0.00582431728991747 14000 -0.9883513654201651 
m400094 6000 -0.006406912271614917 7000 -0.006406912271614917 14000 -0.98718617545677 
m400095 6000 -0.00016907680654208612 7000 -0.00016907680654208612 14000 -0.9996618463869159 
m400096 6000 -0.001957702652162248 7000 -0.001957702652162248 14000 -0.9960845946956752 
m400097 6000 -0.004391676151357674 7000 -0.004391676151357674 14000 -0.9912166476972847 
m400098 6000 -0.005793558929847715 7000 -0.005793558929847715 14000 -0.9884128821403043 
m400099 6000 -0.006435052044345952 7000 -0.006435052044345952 14000 -0.987129895911308 
m400100 6000 -0.0001289501678169735 7000 -0.0001289501678169735 14000 -0.9997420996643662 
m400101 6000 -0.0017174978269442378 7000 -0.0017174978269442378 14000 -0.9965650043461118 
m400102 6000 -0.004176562847021332 7000 -0.004176562847021332 14000 -0.9916468743059573 
m400103 6000 -0.0059016124738706386 7000 -0.0059016124738706386 14000 -0.9881967750522588 
m400104 6000 -0.0064059895364106155 7000 -0.0064059895364106155 14000 -0.9871880209271786 
m400105 6000 -0.0001283065617530756 7000 -0.0001283065617530756 14000 -0.9997433868764939 
m400106 6000 -0.0018205538183214858 7000 -0.0018205538183214858 14000 -0.996358892363357 
m400107 6000 -0.004122444328011165 7000 -0.004122444328011165 14000 -0.991755111343978 
m400108 6000 -0.0058193823181591775 7000 -0.0058193823181591775 14000 -0.9883612353636816 
m400109 6000 -0.006406435858244683 7000 -0.006406435858244683 14000 -0.9871871282835109 
m400110 6000 -0.00020672831753521735 7000 -0.00020672831753521735 14000 -0.9995865433649297 
m400111 6000 -0.0017489027459920703 7000 -0.0017489027459920703 14000 -0.9965021945080162 
m400112 6000 -0.004304428870417127 7000 -0.004304428870417127 14000 -0.9913911422591656 
m400113 6000 -0.005612258345656053 7000 -0.005612258345656053 14000 -0.9887754833086876 
m400114 6000 -0.006385411358234653 7000 -0.006385411358234653 14000 -0.987229177283531 
m400115 6000 -0.00018398091046199403 7000 -0.00018398091046199403 14000 -0.999632038179076 
m400116 6000 -0.0012084255800732207 7000 -0.0012084255800732207 14000 -0.9975831488398532 
m400117 6000 -0.0042737484790114615 7000 -0.0042737484790114615 14000 -0.9914525030419772 
m400118 6000 -0.005735630926306461 7000 -0.005735630926306461 14000 -0.988528738147387 
m400119 6000 -0.0063802514738843285 7000 -0.0063802514738843285 14000 -0.987239497052231 
m400120 6000 -0.00011317936653173522 7000 -0.00011317936653173522 14000 -0.9997736412669366 
m400121 6000 -0.0019710179771293946 7000 -0.0019710179771293946 14000 -0.9960579640457417 
m400122 6000 -0.004401855844613309 7000 -0.004401855844613309 14000 -0.9911962883107734 
m400123 6000 -0.005803118519333764 7000 -0.005803118519333764 14000 -0.9883937629613324 
m400124 6000 -0.006390050532479902 7000 -0.006390050532479902 14000 -0.9872198989350401 
c **********************************
c PE+Pb, dens=4.78 g/cm3
m2      6000    -0.04286 $Carbon
        1001    -0.00714 $Hydrogen
        82000   -0.95000 $Lead
c **********************************
m3    1001 -0.048535 $Boric acid
      5010 -0.034981
      5011 -0.139923
      8016 -0.776561
c **********************************
m4    82000 1 $Lead
c **********************************
m5 26000 1 $Iron
c **********************************
m6     13027   -1.000 $ Aluminum
c **********************************
c  SS-304 (8.00 g/cm3), #298 in PNNL Compendium
m7   006000.50c -0.0004000
     014000.60c -0.0050000
     015031.50c -0.0002300
     016000.60c -0.0001500
     024000.50c -0.1899981
     025055.60c -0.0099999
     026000.50c -0.7017229
     028000.50c -0.0924991
c ****************************************
c       LaBr detector
c ****************************************
m8       35079    -0.2946       $ Br79
         35081    -0.3069       $ Br81
         57139    -0.3485       $ La139
         58140    -0.0500       $ Ce140
c ************ air den=1.15e-3g/cc
m12     8016 -0.23
        7014 -0.77
c ************ Rubber Natural den=0.92 g/cc
m13     1001 -0.118371  $weight fraction
        6000 -0.881629
c
c end material cards
c
rand seed=8674536546524321 $different initial random #; seed# - any less 18 digits
c
c ********** begin tallies *********************
fc78 *********Broadened Pulse Height Tally Sum of Detectors 1,2 & 3 ***********
e78 0 1e-5 932i 8.4295
F78:p (101)
FT78 GEB -0.026198 0.059551 -0.037176
fc18 *********Unbroadened Pulse Height Tally Sum of Detectors 1,2 & 3 ***********
e18 0 1e-5 932i 8.4295
F18:p (101)
c ***********************************
c mplot tal 78 freq 10000
nps 1e9
