c CAS DETECTOR
c w/ Shielding in Place and Wheels
c
c CELL CARDS
c
c @@@@@@@@@@ Detectors @@@@@@@@@@@@@@@@@
c
101 8 -5.08 -21 imp:n,p 1 $LaBr Detector #1 Active Region
c
c @@@@@@@@@ Shielding @@@@@@@@@@@@@@@@@
c
121 2 -4.78 -31 imp:n,p 1 $PE_Pb
122 4 -11.29 -32 imp:n,p 1 $Pb1
123 4 -11.29 -33 imp:n,p 1 $Pb2
124 4 -11.29 -34 imp:n,p 1 $Pb3
125 4 -11.29 -35 imp:n,p 1 $Pb4
126 4 -11.29 -36 imp:n,p 1 $Pb5
127 4 -11.29 -37 imp:n,p 1 $Pb6
128 3 -1.5 -38 imp:n,p 1 $BA1
129 3 -1.5 -39 imp:n,p 1 $BA2
130 6 -2.7 -40 imp:n,p 1 $Al
131 7 -7.92 301 -302 303 -304 imp:n,p 1 $Fe-tube
132 5 -7.8 -401 imp:n,p 1 $Fe
133 5 -7.8 -402 imp:n,p 1 $Fe
c @@@@@@@@@@ Wheels @@@@@@@@@@@@@@@@@
c
21 13 -0.92 -41 42 imp:n,p 1 $Wheel 1
211 13 -0.92 -421 422 imp:n,p 1 $Wheel 1
212 13 -0.92 -423 424 imp:n,p 1 $Wheel 1
22 13 -0.92 -43 44 imp:n,p 1 $Wheel 2
221 13 -0.92 -441 442 imp:n,p 1 $Wheel 2
222 13 -0.92 -443 444 imp:n,p 1 $Wheel 2
23 13 -0.92 -45 46 imp:n,p 1 $Wheel 3
231 13 -0.92 -461 462 imp:n,p 1 $Wheel 3
232 13 -0.92 -463 464 imp:n,p 1 $Wheel 3
24 13 -0.92 -47 48 imp:n,p 1 $Wheel 4
241 13 -0.92 -481 482 imp:n,p 1 $Wheel 4
242 13 -0.92 -483 484 imp:n,p 1 $Wheel 4
c
c @@@@@@@@@@ SOIL VOLUME @@@@@@@@@@@
c
300000 400000 -2.156 20010 -20011 20020 -20021 20030 -20031 imp:n,p 1
300001 400001 -2.156 20010 -20011 20020 -20021 20031 -20032 imp:n,p 1
300002 400002 -2.156 20010 -20011 20020 -20021 20032 -20033 imp:n,p 1
300003 400003 -2.156 20010 -20011 20020 -20021 20033 -20034 imp:n,p 1
300004 400004 -2.156 20010 -20011 20020 -20021 20034 -20035 imp:n,p 1
300005 400005 -2.156 20011 -20012 20020 -20021 20030 -20031 imp:n,p 1
300006 400006 -2.156 20011 -20012 20020 -20021 20031 -20032 imp:n,p 1
300007 400007 -2.156 20011 -20012 20020 -20021 20032 -20033 imp:n,p 1
300008 400008 -2.156 20011 -20012 20020 -20021 20033 -20034 imp:n,p 1
300009 400009 -2.156 20011 -20012 20020 -20021 20034 -20035 imp:n,p 1
300010 400010 -2.156 20012 -20013 20020 -20021 20030 -20031 imp:n,p 1
300011 400011 -2.156 20012 -20013 20020 -20021 20031 -20032 imp:n,p 1
300012 400012 -2.156 20012 -20013 20020 -20021 20032 -20033 imp:n,p 1
300013 400013 -2.156 20012 -20013 20020 -20021 20033 -20034 imp:n,p 1
300014 400014 -2.156 20012 -20013 20020 -20021 20034 -20035 imp:n,p 1
300015 400015 -2.156 20013 -20014 20020 -20021 20030 -20031 imp:n,p 1
300016 400016 -2.156 20013 -20014 20020 -20021 20031 -20032 imp:n,p 1
300017 400017 -2.156 20013 -20014 20020 -20021 20032 -20033 imp:n,p 1
300018 400018 -2.156 20013 -20014 20020 -20021 20033 -20034 imp:n,p 1
300019 400019 -2.156 20013 -20014 20020 -20021 20034 -20035 imp:n,p 1
300020 400020 -2.156 20014 -20015 20020 -20021 20030 -20031 imp:n,p 1
300021 400021 -2.156 20014 -20015 20020 -20021 20031 -20032 imp:n,p 1
300022 400022 -2.156 20014 -20015 20020 -20021 20032 -20033 imp:n,p 1
300023 400023 -2.156 20014 -20015 20020 -20021 20033 -20034 imp:n,p 1
300024 400024 -2.156 20014 -20015 20020 -20021 20034 -20035 imp:n,p 1
300025 400025 -2.156 20010 -20011 20021 -20022 20030 -20031 imp:n,p 1
300026 400026 -2.156 20010 -20011 20021 -20022 20031 -20032 imp:n,p 1
300027 400027 -2.156 20010 -20011 20021 -20022 20032 -20033 imp:n,p 1
300028 400028 -2.156 20010 -20011 20021 -20022 20033 -20034 imp:n,p 1
300029 400029 -2.156 20010 -20011 20021 -20022 20034 -20035 imp:n,p 1
300030 400030 -2.156 20011 -20012 20021 -20022 20030 -20031 imp:n,p 1
300031 400031 -2.156 20011 -20012 20021 -20022 20031 -20032 imp:n,p 1
300032 400032 -2.156 20011 -20012 20021 -20022 20032 -20033 imp:n,p 1
300033 400033 -2.156 20011 -20012 20021 -20022 20033 -20034 imp:n,p 1
300034 400034 -2.156 20011 -20012 20021 -20022 20034 -20035 imp:n,p 1
300035 400035 -2.156 20012 -20013 20021 -20022 20030 -20031 imp:n,p 1
300036 400036 -2.156 20012 -20013 20021 -20022 20031 -20032 imp:n,p 1
300037 400037 -2.156 20012 -20013 20021 -20022 20032 -20033 imp:n,p 1
300038 400038 -2.156 20012 -20013 20021 -20022 20033 -20034 imp:n,p 1
300039 400039 -2.156 20012 -20013 20021 -20022 20034 -20035 imp:n,p 1
300040 400040 -2.156 20013 -20014 20021 -20022 20030 -20031 imp:n,p 1
300041 400041 -2.156 20013 -20014 20021 -20022 20031 -20032 imp:n,p 1
300042 400042 -2.156 20013 -20014 20021 -20022 20032 -20033 imp:n,p 1
300043 400043 -2.156 20013 -20014 20021 -20022 20033 -20034 imp:n,p 1
300044 400044 -2.156 20013 -20014 20021 -20022 20034 -20035 imp:n,p 1
300045 400045 -2.156 20014 -20015 20021 -20022 20030 -20031 imp:n,p 1
300046 400046 -2.156 20014 -20015 20021 -20022 20031 -20032 imp:n,p 1
300047 400047 -2.156 20014 -20015 20021 -20022 20032 -20033 imp:n,p 1
300048 400048 -2.156 20014 -20015 20021 -20022 20033 -20034 imp:n,p 1
300049 400049 -2.156 20014 -20015 20021 -20022 20034 -20035 imp:n,p 1
300050 400050 -2.156 20010 -20011 20022 -20023 20030 -20031 imp:n,p 1
300051 400051 -2.156 20010 -20011 20022 -20023 20031 -20032 imp:n,p 1
300052 400052 -2.156 20010 -20011 20022 -20023 20032 -20033 imp:n,p 1
300053 400053 -2.156 20010 -20011 20022 -20023 20033 -20034 imp:n,p 1
300054 400054 -2.156 20010 -20011 20022 -20023 20034 -20035 imp:n,p 1
300055 400055 -2.156 20011 -20012 20022 -20023 20030 -20031 imp:n,p 1
300056 400056 -2.156 20011 -20012 20022 -20023 20031 -20032 imp:n,p 1
300057 400057 -2.156 20011 -20012 20022 -20023 20032 -20033 imp:n,p 1
300058 400058 -2.156 20011 -20012 20022 -20023 20033 -20034 imp:n,p 1
300059 400059 -2.156 20011 -20012 20022 -20023 20034 -20035 imp:n,p 1
300060 400060 -2.156 20012 -20013 20022 -20023 20030 -20031 imp:n,p 1
300061 400061 -2.156 20012 -20013 20022 -20023 20031 -20032 imp:n,p 1
300062 400062 -2.156 20012 -20013 20022 -20023 20032 -20033 imp:n,p 1
300063 400063 -2.156 20012 -20013 20022 -20023 20033 -20034 imp:n,p 1
300064 400064 -2.156 20012 -20013 20022 -20023 20034 -20035 imp:n,p 1
300065 400065 -2.156 20013 -20014 20022 -20023 20030 -20031 imp:n,p 1
300066 400066 -2.156 20013 -20014 20022 -20023 20031 -20032 imp:n,p 1
300067 400067 -2.156 20013 -20014 20022 -20023 20032 -20033 imp:n,p 1
300068 400068 -2.156 20013 -20014 20022 -20023 20033 -20034 imp:n,p 1
300069 400069 -2.156 20013 -20014 20022 -20023 20034 -20035 imp:n,p 1
300070 400070 -2.156 20014 -20015 20022 -20023 20030 -20031 imp:n,p 1
300071 400071 -2.156 20014 -20015 20022 -20023 20031 -20032 imp:n,p 1
300072 400072 -2.156 20014 -20015 20022 -20023 20032 -20033 imp:n,p 1
300073 400073 -2.156 20014 -20015 20022 -20023 20033 -20034 imp:n,p 1
300074 400074 -2.156 20014 -20015 20022 -20023 20034 -20035 imp:n,p 1
300075 400075 -2.156 20010 -20011 20023 -20024 20030 -20031 imp:n,p 1
300076 400076 -2.156 20010 -20011 20023 -20024 20031 -20032 imp:n,p 1
300077 400077 -2.156 20010 -20011 20023 -20024 20032 -20033 imp:n,p 1
300078 400078 -2.156 20010 -20011 20023 -20024 20033 -20034 imp:n,p 1
300079 400079 -2.156 20010 -20011 20023 -20024 20034 -20035 imp:n,p 1
300080 400080 -2.156 20011 -20012 20023 -20024 20030 -20031 imp:n,p 1
300081 400081 -2.156 20011 -20012 20023 -20024 20031 -20032 imp:n,p 1
300082 400082 -2.156 20011 -20012 20023 -20024 20032 -20033 imp:n,p 1
300083 400083 -2.156 20011 -20012 20023 -20024 20033 -20034 imp:n,p 1
300084 400084 -2.156 20011 -20012 20023 -20024 20034 -20035 imp:n,p 1
300085 400085 -2.156 20012 -20013 20023 -20024 20030 -20031 imp:n,p 1
300086 400086 -2.156 20012 -20013 20023 -20024 20031 -20032 imp:n,p 1
300087 400087 -2.156 20012 -20013 20023 -20024 20032 -20033 imp:n,p 1
300088 400088 -2.156 20012 -20013 20023 -20024 20033 -20034 imp:n,p 1
300089 400089 -2.156 20012 -20013 20023 -20024 20034 -20035 imp:n,p 1
300090 400090 -2.156 20013 -20014 20023 -20024 20030 -20031 imp:n,p 1
300091 400091 -2.156 20013 -20014 20023 -20024 20031 -20032 imp:n,p 1
300092 400092 -2.156 20013 -20014 20023 -20024 20032 -20033 imp:n,p 1
300093 400093 -2.156 20013 -20014 20023 -20024 20033 -20034 imp:n,p 1
300094 400094 -2.156 20013 -20014 20023 -20024 20034 -20035 imp:n,p 1
300095 400095 -2.156 20014 -20015 20023 -20024 20030 -20031 imp:n,p 1
300096 400096 -2.156 20014 -20015 20023 -20024 20031 -20032 imp:n,p 1
300097 400097 -2.156 20014 -20015 20023 -20024 20032 -20033 imp:n,p 1
300098 400098 -2.156 20014 -20015 20023 -20024 20033 -20034 imp:n,p 1
300099 400099 -2.156 20014 -20015 20023 -20024 20034 -20035 imp:n,p 1
300100 400100 -2.156 20010 -20011 20024 -20025 20030 -20031 imp:n,p 1
300101 400101 -2.156 20010 -20011 20024 -20025 20031 -20032 imp:n,p 1
300102 400102 -2.156 20010 -20011 20024 -20025 20032 -20033 imp:n,p 1
300103 400103 -2.156 20010 -20011 20024 -20025 20033 -20034 imp:n,p 1
300104 400104 -2.156 20010 -20011 20024 -20025 20034 -20035 imp:n,p 1
300105 400105 -2.156 20011 -20012 20024 -20025 20030 -20031 imp:n,p 1
300106 400106 -2.156 20011 -20012 20024 -20025 20031 -20032 imp:n,p 1
300107 400107 -2.156 20011 -20012 20024 -20025 20032 -20033 imp:n,p 1
300108 400108 -2.156 20011 -20012 20024 -20025 20033 -20034 imp:n,p 1
300109 400109 -2.156 20011 -20012 20024 -20025 20034 -20035 imp:n,p 1
300110 400110 -2.156 20012 -20013 20024 -20025 20030 -20031 imp:n,p 1
300111 400111 -2.156 20012 -20013 20024 -20025 20031 -20032 imp:n,p 1
300112 400112 -2.156 20012 -20013 20024 -20025 20032 -20033 imp:n,p 1
300113 400113 -2.156 20012 -20013 20024 -20025 20033 -20034 imp:n,p 1
300114 400114 -2.156 20012 -20013 20024 -20025 20034 -20035 imp:n,p 1
300115 400115 -2.156 20013 -20014 20024 -20025 20030 -20031 imp:n,p 1
300116 400116 -2.156 20013 -20014 20024 -20025 20031 -20032 imp:n,p 1
300117 400117 -2.156 20013 -20014 20024 -20025 20032 -20033 imp:n,p 1
300118 400118 -2.156 20013 -20014 20024 -20025 20033 -20034 imp:n,p 1
300119 400119 -2.156 20013 -20014 20024 -20025 20034 -20035 imp:n,p 1
300120 400120 -2.156 20014 -20015 20024 -20025 20030 -20031 imp:n,p 1
300121 400121 -2.156 20014 -20015 20024 -20025 20031 -20032 imp:n,p 1
300122 400122 -2.156 20014 -20015 20024 -20025 20032 -20033 imp:n,p 1
300123 400123 -2.156 20014 -20015 20024 -20025 20033 -20034 imp:n,p 1
300124 400124 -2.156 20014 -20015 20024 -20025 20034 -20035 imp:n,p 1
c
30 12 -0.00129 -200 #101 #121 #122 #123 #124 #125 #126 #127 #128 #129 #130 #131 #132 #133
        #21 #211 #212 #22 #221 #222 #23 #231 #232 #24 #241 #242 #20 imp:n,p 1 $Rest of the World
31 0 200 imp:n,p 0 $Outside world

c SURFACE CARDS
c
c Sample Volume
20010 px -56.0
20011 px -33.59999999999991
20012 px -11.200000000000045
20013 px 11.200000000000045
20014 px 33.59999999999991
20015 px 56.0
20020 py -45.0
20021 py -27.0
20022 py -9.0
20023 py 9.0
20024 py 27.0
20025 py 45.0
20030 pz 92.0
20031 pz 82.0
20032 pz 72.0
20033 pz 62.0
20034 pz 52.0
20035 pz 42.0
c Active Detector Region
21 rcc 56  -5.0 -1.0   0.0 20.3 0.0   4.5 $Detector 1 Base center, Hx,Hy,Hz, radius
c Shielding Surfaces
c Shielding Pb
31 rpp 19 29 -7.5 7.5 -11 9 $PbPE xmin xmax ymin ymax zmin zmax
32 rpp 9 19 4 9 -11 9 $Pb xmin xmax ymin ymax zmin zmax
33 rpp 9 19 -9 -4 -11 9 $Pb xmin xmax ymin ymax zmin zmax
34 rpp 19 29 7.5 12.5 -11 9 $Pb xmin xmax ymin ymax zmin zmax
35 rpp 19 29 -12.5 -7.5 -11 9 $Pb xmin xmax ymin ymax zmin zmax
36 rpp 29 34 -15 15 -11 9 $Pb xmin xmax ymin ymax zmin zmax
37 rpp 9 19 -4 4 4 9 $Pb xmin xmax ymin ymax zmin zmax
38 rpp -26 26 18 28 -11 9 $BA1 xmin xmax ymin ymax zmin zmax
39 rpp -26 26 -28 -18 -11 9 $BA2 xmin xmax ymin ymax zmin zmax
40 rpp -65 65 -28 28 10 10.5 $Al xmin xmax ymin ymax zmin zmax
401 rpp -27 27 29 34 -11 9 $Fe xmin xmax ymin ymax zmin zmax
402 rpp -27 27 -34 -29 -11 9 $Fe xmin xmax ymin ymax zmin zmax
301 px -20
302 px 18
303 cx 3.71
304 cx 3.81
c Wheels Surfaces
c 23/10.5-12 turf tires, 22.6 lb rubber
c diameter 29cm, tread width 25cm, and sidewall height 13.76 cm
c set thickness of all sides 1.3 cm (s.t. weight is 22.6 lb)
41 rcc -2 77 8   0.0 25 0.0 29 $wheel 1 outer tread surface
42 rcc -2 77 8   0.0 25 0.0 27.7 $wheel 1 inner tread surface
421 rcc -2 75.7 8   0.0 1.3 0.0 29 $wheel 1 outside sidewall exterior
422 rcc -2 75.7 8   0.0 1.3 0.0 15.24 $wheel 1 outside sidewall interior
423 rcc -2 102 8   0.0 1.3 0.0 29 $wheel 1 inside sidewall exterior
424 rcc -2 102 8   0.0 1.3 0.0 15.24 $wheel 1 inside sidewall interior
43 rcc 68 77 8   0.0 25 0.0 29 $wheel 2
44 rcc 68 77 8   0.0 25 0.0 27.7
441 rcc 68 75.7 8   0.0 1.3 0.0 29
442 rcc 68 75.7 8   0.0 1.3 0.0 15.24
443 rcc 68 102 8   0.0 1.3 0.0 29
444 rcc 68 102 8   0.0 1.3 0.0 15.24
45 rcc -2 -77 8   0.0 -25 0.0 29 $wheel 3
46 rcc -2 -77 8   0.0 -25 0.0 27.7
461 rcc -2 -75.7 8   0.0 -1.3 0.0 29
462 rcc -2 -75.7 8   0.0 -1.3 0.0 15.24
463 rcc -2 -102 8   0.0 -1.3 0.0 29
464 rcc -2 -102 8   0.0 -1.3 0.0 15.24
47 rcc 68 -77 8   0.0 -25 0.0 29 $wheel 4
48 rcc 68 -77 8   0.0 -25 0.0 27.7
481 rcc 68 -75.7 8   0.0 -1.3 0.0 29
482 rcc 68 -75.7 8   0.0 -1.3 0.0 15.24
483 rcc 68 -102 8   0.0 -1.3 0.0 29
484 rcc 68 -102 8   0.0 -1.3 0.0 15.24
200 so 800    $sphere of 800cm centered at origin
c

c DATA CARDS
mode n p
c dump every hr
prdmp -60 -60 -1
c 100 keV Neutron Energy Cutoff
Cut:n 1j 0.1
c analog neutron transport
phys:n 1j 14
phys:p
sdef pos=0 0 0 erg=14.0 vec= 0 0 1 dir=d1
si1  -1 .93 1
sp1   0  0.0  1.0
c ********************
c begin material cards
c ********************
c Pure Carbon
c ****************************************
m400000 6000 -0.00018203890742700255 7000 -0.00018203890742700255 14000 -0.9996359221851462 
m400001 6000 -0.0015707148968675184 7000 -0.0015707148968675184 14000 -0.9968585702062646 
m400002 6000 -0.004169731588532223 7000 -0.004169731588532223 14000 -0.9916605368229358 
m400003 6000 -0.0059808876553951885 7000 -0.0059808876553951885 14000 -0.9880382246892095 
m400004 6000 -0.006465035909572617 7000 -0.006465035909572617 14000 -0.9870699281808549 
m400005 6000 -8.087718523354461e-05 7000 -8.087718523354461e-05 14000 -0.9998382456295328 
m400006 6000 -0.0015673225228603033 7000 -0.0015673225228603033 14000 -0.9968653549542794 
m400007 6000 -0.004332824548857574 7000 -0.004332824548857574 14000 -0.9913343509022845 
m400008 6000 -0.006002552640826717 7000 -0.006002552640826717 14000 -0.9879948947183466 
m400009 6000 -0.006454079233394634 7000 -0.006454079233394634 14000 -0.9870918415332105 
m400010 6000 -8.050050478635351e-05 7000 -8.050050478635351e-05 14000 -0.9998389989904273 
m400011 6000 -0.0019788815179517995 7000 -0.0019788815179517995 14000 -0.9960422369640963 
m400012 6000 -0.0043349584429802955 7000 -0.0043349584429802955 14000 -0.9913300831140393 
m400013 6000 -0.005864911161460834 7000 -0.005864911161460834 14000 -0.9882701776770781 
m400014 6000 -0.006442132246286686 7000 -0.006442132246286686 14000 -0.9871157355074266 
m400015 6000 -6.737960989531232e-05 7000 -6.737960989531232e-05 14000 -0.9998652407802093 
m400016 6000 -0.0017577701057268935 7000 -0.0017577701057268935 14000 -0.9964844597885463 
m400017 6000 -0.004018783931215567 7000 -0.004018783931215567 14000 -0.9919624321375689 
m400018 6000 -0.005857721322832897 7000 -0.005857721322832897 14000 -0.988284557354334 
m400019 6000 -0.006429419114524606 7000 -0.006429419114524606 14000 -0.9871411617709505 
m400020 6000 -0.00020338535128439658 7000 -0.00020338535128439658 14000 -0.9995932292974312 
m400021 6000 -0.0016951047221149262 7000 -0.0016951047221149262 14000 -0.9966097905557703 
m400022 6000 -0.0038548378050740455 7000 -0.0038548378050740455 14000 -0.9922903243898519 
m400023 6000 -0.0058014560506963984 7000 -0.0058014560506963984 14000 -0.9883970878986073 
m400024 6000 -0.006461822369556222 7000 -0.006461822369556222 14000 -0.9870763552608878 
m400025 6000 -9.179332571268506e-05 7000 -9.179332571268506e-05 14000 -0.9998164133485745 
m400026 6000 -0.0018043809521436386 7000 -0.0018043809521436386 14000 -0.9963912380957127 
m400027 6000 -0.004162517357064869 7000 -0.004162517357064869 14000 -0.9916749652858704 
m400028 6000 -0.005784682400406353 7000 -0.005784682400406353 14000 -0.9884306351991874 
m400029 6000 -0.006441065656430433 7000 -0.006441065656430433 14000 -0.9871178686871395 
m400030 6000 -0.00017895394464698664 7000 -0.00017895394464698664 14000 -0.999642092110706 
m400031 6000 -0.0016609360357178588 7000 -0.0016609360357178588 14000 -0.9966781279285643 
m400032 6000 -0.004205572209149845 7000 -0.004205572209149845 14000 -0.9915888555817003 
m400033 6000 -0.0058784421108266875 7000 -0.0058784421108266875 14000 -0.9882431157783468 
m400034 6000 -0.006453552109666267 7000 -0.006453552109666267 14000 -0.9870928957806673 
m400035 6000 -0.00013922017364248763 7000 -0.00013922017364248763 14000 -0.9997215596527149 
m400036 6000 -0.001752815410282256 7000 -0.001752815410282256 14000 -0.9964943691794355 
m400037 6000 -0.003965046821261627 7000 -0.003965046821261627 14000 -0.9920699063574766 
m400038 6000 -0.005898447782511057 7000 -0.005898447782511057 14000 -0.9882031044349782 
m400039 6000 -0.00647817899980094 7000 -0.00647817899980094 14000 -0.9870436420003982 
m400040 6000 -0.0001423300038428085 7000 -0.0001423300038428085 14000 -0.9997153399923144 
m400041 6000 -0.0016497855352797075 7000 -0.0016497855352797075 14000 -0.9967004289294408 
m400042 6000 -0.004021682639143767 7000 -0.004021682639143767 14000 -0.9919566347217125 
m400043 6000 -0.005723823730046786 7000 -0.005723823730046786 14000 -0.9885523525399065 
m400044 6000 -0.00646254496105852 7000 -0.00646254496105852 14000 -0.9870749100778831 
m400045 6000 -0.00016068625061346097 7000 -0.00016068625061346097 14000 -0.9996786274987731 
m400046 6000 -0.0018176482632528206 7000 -0.0018176482632528206 14000 -0.9963647034734946 
m400047 6000 -0.004169904872363524 7000 -0.004169904872363524 14000 -0.9916601902552729 
m400048 6000 -0.005929940536919367 7000 -0.005929940536919367 14000 -0.9881401189261613 
m400049 6000 -0.006446138241127827 7000 -0.006446138241127827 14000 -0.9871077235177441 
m400050 6000 -0.00012279240148289382 7000 -0.00012279240148289382 14000 -0.9997544151970341 
m400051 6000 -0.00155691794414374 7000 -0.00155691794414374 14000 -0.9968861641117125 
m400052 6000 -0.003938306192625096 7000 -0.003938306192625096 14000 -0.9921233876147498 
m400053 6000 -0.0058369191441763205 7000 -0.0058369191441763205 14000 -0.9883261617116473 
m400054 6000 -0.006470078718244359 7000 -0.006470078718244359 14000 -0.9870598425635114 
m400055 6000 -0.0001215869148053696 7000 -0.0001215869148053696 14000 -0.9997568261703893 
m400056 6000 -0.001649949780012836 7000 -0.001649949780012836 14000 -0.9967001004399743 
m400057 6000 -0.003933097438923731 7000 -0.003933097438923731 14000 -0.9921338051221522 
m400058 6000 -0.005964193510470827 7000 -0.005964193510470827 14000 -0.9880716129790585 
m400059 6000 -0.0064518186901442185 7000 -0.0064518186901442185 14000 -0.987096362619712 
m400060 6000 -0.00019700499024690295 7000 -0.00019700499024690295 14000 -0.9996059900195061 
m400061 6000 -0.001986480119131087 7000 -0.001986480119131087 14000 -0.9960270397617376 
m400062 6000 -0.004142119721834269 7000 -0.004142119721834269 14000 -0.9917157605563314 
m400063 6000 -0.005919647895985952 7000 -0.005919647895985952 14000 -0.988160704208028 
m400064 6000 -0.006470425622720763 7000 -0.006470425622720763 14000 -0.9870591487545585 
m400065 6000 -0.00011690410690221643 7000 -0.00011690410690221643 14000 -0.9997661917861955 
m400066 6000 -0.0018134920989581137 7000 -0.0018134920989581137 14000 -0.9963730158020838 
m400067 6000 -0.004249605144804405 7000 -0.004249605144804405 14000 -0.9915007897103911 
m400068 6000 -0.006000957816098515 7000 -0.006000957816098515 14000 -0.9879980843678031 
m400069 6000 -0.0064926106588822875 7000 -0.0064926106588822875 14000 -0.9870147786822356 
m400070 6000 -0.0001558104903181943 7000 -0.0001558104903181943 14000 -0.9996883790193636 
m400071 6000 -0.0017828256880196521 7000 -0.0017828256880196521 14000 -0.9964343486239605 
m400072 6000 -0.003865797321624924 7000 -0.003865797321624924 14000 -0.9922684053567502 
m400073 6000 -0.005934083880580239 7000 -0.005934083880580239 14000 -0.9881318322388394 
m400074 6000 -0.0064322356974580745 7000 -0.0064322356974580745 14000 -0.987135528605084 
m400075 6000 -0.0002502034872040548 7000 -0.0002502034872040548 14000 -0.9994995930255918 
m400076 6000 -0.001795580279823668 7000 -0.001795580279823668 14000 -0.9964088394403526 
m400077 6000 -0.004055604334134594 7000 -0.004055604334134594 14000 -0.991888791331731 
m400078 6000 -0.005975584102485169 7000 -0.005975584102485169 14000 -0.9880488317950301 
m400079 6000 -0.006462591322282317 7000 -0.006462591322282317 14000 -0.9870748173554356 
m400080 6000 -8.356081770929873e-05 7000 -8.356081770929873e-05 14000 -0.9998328783645811 
m400081 6000 -0.0015092665438964001 7000 -0.0015092665438964001 14000 -0.9969814669122071 
m400082 6000 -0.004118500259050557 7000 -0.004118500259050557 14000 -0.991762999481899 
m400083 6000 -0.005980747449288306 7000 -0.005980747449288306 14000 -0.988038505101423 
m400084 6000 -0.006463254749136951 7000 -0.006463254749136951 14000 -0.987073490501726 
m400085 6000 -0.00019656936238714965 7000 -0.00019656936238714965 14000 -0.9996068612752258 
m400086 6000 -0.0015663926326893699 7000 -0.0015663926326893699 14000 -0.9968672147346213 
m400087 6000 -0.004241726033589963 7000 -0.004241726033589963 14000 -0.9915165479328203 
m400088 6000 -0.0056879195796173876 7000 -0.0056879195796173876 14000 -0.9886241608407649 
m400089 6000 -0.006465224713249468 7000 -0.006465224713249468 14000 -0.9870695505735013 
m400090 6000 -0.00018217750958020182 7000 -0.00018217750958020182 14000 -0.9996356449808396 
m400091 6000 -0.0012265166501418802 7000 -0.0012265166501418802 14000 -0.9975469666997162 
m400092 6000 -0.004386994632433158 7000 -0.004386994632433158 14000 -0.9912260107351334 
m400093 6000 -0.005876608800893864 7000 -0.005876608800893864 14000 -0.9882467823982123 
m400094 6000 -0.006441012011973865 7000 -0.006441012011973865 14000 -0.9871179759760524 
m400095 6000 -0.0001341876975966585 7000 -0.0001341876975966585 14000 -0.9997316246048068 
m400096 6000 -0.0017463240588905162 7000 -0.0017463240588905162 14000 -0.9965073518822191 
m400097 6000 -0.0040807941335449715 7000 -0.0040807941335449715 14000 -0.9918384117329099 
m400098 6000 -0.005876960986887226 7000 -0.005876960986887226 14000 -0.9882460780262255 
m400099 6000 -0.006474360954703746 7000 -0.006474360954703746 14000 -0.9870512780905927 
m400100 6000 -0.0001529550839212046 7000 -0.0001529550839212046 14000 -0.9996940898321575 
m400101 6000 -0.0019267174177983277 7000 -0.0019267174177983277 14000 -0.9961465651644035 
m400102 6000 -0.004149539689794173 7000 -0.004149539689794173 14000 -0.9917009206204116 
m400103 6000 -0.005969531984794971 7000 -0.005969531984794971 14000 -0.9880609360304107 
m400104 6000 -0.006405962850672243 7000 -0.006405962850672243 14000 -0.9871880742986554 
m400105 6000 -0.00010848054992635297 7000 -0.00010848054992635297 14000 -0.9997830389001472 
m400106 6000 -0.0014387713152194128 7000 -0.0014387713152194128 14000 -0.9971224573695612 
m400107 6000 -0.004144581496280034 7000 -0.004144581496280034 14000 -0.9917108370074399 
m400108 6000 -0.005976301380640771 7000 -0.005976301380640771 14000 -0.9880473972387184 
m400109 6000 -0.006445332878326726 7000 -0.006445332878326726 14000 -0.9871093342433467 
m400110 6000 -7.962812639562883e-05 7000 -7.962812639562883e-05 14000 -0.9998407437472087 
m400111 6000 -0.0016904697002639302 7000 -0.0016904697002639302 14000 -0.996619060599472 
m400112 6000 -0.0043544223794022745 7000 -0.0043544223794022745 14000 -0.9912911552411953 
m400113 6000 -0.00586782619940318 7000 -0.00586782619940318 14000 -0.9882643476011936 
m400114 6000 -0.006446358345172773 7000 -0.006446358345172773 14000 -0.9871072833096544 
m400115 6000 -0.000178004730000906 7000 -0.000178004730000906 14000 -0.9996439905399983 
m400116 6000 -0.001536034256607788 7000 -0.001536034256607788 14000 -0.9969279314867845 
m400117 6000 -0.004272715480145536 7000 -0.004272715480145536 14000 -0.991454569039709 
m400118 6000 -0.005949572928063969 7000 -0.005949572928063969 14000 -0.9881008541438722 
m400119 6000 -0.0064730544022238564 7000 -0.0064730544022238564 14000 -0.9870538911955522 
m400120 6000 -0.00010303944940052335 7000 -0.00010303944940052335 14000 -0.999793921101199 
m400121 6000 -0.001341872883373329 7000 -0.001341872883373329 14000 -0.9973162542332535 
m400122 6000 -0.004409779744635241 7000 -0.004409779744635241 14000 -0.9911804405107294 
m400123 6000 -0.005938635774128363 7000 -0.005938635774128363 14000 -0.9881227284517432 
m400124 6000 -0.006437250717534252 7000 -0.006437250717534252 14000 -0.9871254985649318 
c **********************************
c PE+Pb, dens=4.78 g/cm3
m2      6000    -0.04286 $Carbon
        1001    -0.00714 $Hydrogen
        82000   -0.95000 $Lead
c **********************************
m3    1001 -0.048535 $Boric acid
      5010 -0.034981
      5011 -0.139923
      8016 -0.776561
c **********************************
m4    82000 1 $Lead
c **********************************
m5 26000 1 $Iron
c **********************************
m6     13027   -1.000 $ Aluminum
c **********************************
c  SS-304 (8.00 g/cm3), #298 in PNNL Compendium
m7   006000.50c -0.0004000
     014000.60c -0.0050000
     015031.50c -0.0002300
     016000.60c -0.0001500
     024000.50c -0.1899981
     025055.60c -0.0099999
     026000.50c -0.7017229
     028000.50c -0.0924991
c ****************************************
c       LaBr detector
c ****************************************
m8       35079    -0.2946       $ Br79
         35081    -0.3069       $ Br81
         57139    -0.3485       $ La139
         58140    -0.0500       $ Ce140
c ************ air den=1.15e-3g/cc
m12     8016 -0.23
        7014 -0.77
c ************ Rubber Natural den=0.92 g/cc
m13     1001 -0.118371  $weight fraction
        6000 -0.881629
c
c end material cards
c
rand seed=8674536546524321 $different initial random #; seed# - any less 18 digits
c
c ********** begin tallies *********************
fc78 *********Broadened Pulse Height Tally Sum of Detectors 1,2 & 3 ***********
e78 0 1e-5 932i 8.4295
F78:p (101)
FT78 GEB -0.026198 0.059551 -0.037176
fc18 *********Unbroadened Pulse Height Tally Sum of Detectors 1,2 & 3 ***********
e18 0 1e-5 932i 8.4295
F18:p (101)
c ***********************************
c mplot tal 78 freq 10000
nps 1e9
