c CAS DETECTOR
c w/ Shielding in Place and Wheels
c
c CELL CARDS
c
c @@@@@@@@@@ Detectors @@@@@@@@@@@@@@@@@
c
101 8 -5.08 -21 imp:n,p 1 $LaBr Detector #1 Active Region
c
c @@@@@@@@@ Shielding @@@@@@@@@@@@@@@@@
c
121 2 -4.78 -31 imp:n,p 1 $PE_Pb
122 4 -11.29 -32 imp:n,p 1 $Pb1
123 4 -11.29 -33 imp:n,p 1 $Pb2
124 4 -11.29 -34 imp:n,p 1 $Pb3
125 4 -11.29 -35 imp:n,p 1 $Pb4
126 4 -11.29 -36 imp:n,p 1 $Pb5
127 4 -11.29 -37 imp:n,p 1 $Pb6
128 3 -1.5 -38 imp:n,p 1 $BA1
129 3 -1.5 -39 imp:n,p 1 $BA2
130 6 -2.7 -40 imp:n,p 1 $Al
131 7 -7.92 301 -302 303 -304 imp:n,p 1 $Fe-tube
132 5 -7.8 -401 imp:n,p 1 $Fe
133 5 -7.8 -402 imp:n,p 1 $Fe
c @@@@@@@@@@ Wheels @@@@@@@@@@@@@@@@@
c
21 13 -0.92 -41 42 imp:n,p 1 $Wheel 1
211 13 -0.92 -421 422 imp:n,p 1 $Wheel 1
212 13 -0.92 -423 424 imp:n,p 1 $Wheel 1
22 13 -0.92 -43 44 imp:n,p 1 $Wheel 2
221 13 -0.92 -441 442 imp:n,p 1 $Wheel 2
222 13 -0.92 -443 444 imp:n,p 1 $Wheel 2
23 13 -0.92 -45 46 imp:n,p 1 $Wheel 3
231 13 -0.92 -461 462 imp:n,p 1 $Wheel 3
232 13 -0.92 -463 464 imp:n,p 1 $Wheel 3
24 13 -0.92 -47 48 imp:n,p 1 $Wheel 4
241 13 -0.92 -481 482 imp:n,p 1 $Wheel 4
242 13 -0.92 -483 484 imp:n,p 1 $Wheel 4
c
c @@@@@@@@@@ SOIL VOLUME @@@@@@@@@@@
c
300000 400000 -2.156 20010 -20011 20020 -20021 20030 -20031 imp:n,p 1
300001 400001 -2.156 20010 -20011 20020 -20021 20031 -20032 imp:n,p 1
300002 400002 -2.156 20010 -20011 20020 -20021 20032 -20033 imp:n,p 1
300003 400003 -2.156 20010 -20011 20020 -20021 20033 -20034 imp:n,p 1
300004 400004 -2.156 20010 -20011 20020 -20021 20034 -20035 imp:n,p 1
300005 400005 -2.156 20011 -20012 20020 -20021 20030 -20031 imp:n,p 1
300006 400006 -2.156 20011 -20012 20020 -20021 20031 -20032 imp:n,p 1
300007 400007 -2.156 20011 -20012 20020 -20021 20032 -20033 imp:n,p 1
300008 400008 -2.156 20011 -20012 20020 -20021 20033 -20034 imp:n,p 1
300009 400009 -2.156 20011 -20012 20020 -20021 20034 -20035 imp:n,p 1
300010 400010 -2.156 20012 -20013 20020 -20021 20030 -20031 imp:n,p 1
300011 400011 -2.156 20012 -20013 20020 -20021 20031 -20032 imp:n,p 1
300012 400012 -2.156 20012 -20013 20020 -20021 20032 -20033 imp:n,p 1
300013 400013 -2.156 20012 -20013 20020 -20021 20033 -20034 imp:n,p 1
300014 400014 -2.156 20012 -20013 20020 -20021 20034 -20035 imp:n,p 1
300015 400015 -2.156 20013 -20014 20020 -20021 20030 -20031 imp:n,p 1
300016 400016 -2.156 20013 -20014 20020 -20021 20031 -20032 imp:n,p 1
300017 400017 -2.156 20013 -20014 20020 -20021 20032 -20033 imp:n,p 1
300018 400018 -2.156 20013 -20014 20020 -20021 20033 -20034 imp:n,p 1
300019 400019 -2.156 20013 -20014 20020 -20021 20034 -20035 imp:n,p 1
300020 400020 -2.156 20014 -20015 20020 -20021 20030 -20031 imp:n,p 1
300021 400021 -2.156 20014 -20015 20020 -20021 20031 -20032 imp:n,p 1
300022 400022 -2.156 20014 -20015 20020 -20021 20032 -20033 imp:n,p 1
300023 400023 -2.156 20014 -20015 20020 -20021 20033 -20034 imp:n,p 1
300024 400024 -2.156 20014 -20015 20020 -20021 20034 -20035 imp:n,p 1
300025 400025 -2.156 20010 -20011 20021 -20022 20030 -20031 imp:n,p 1
300026 400026 -2.156 20010 -20011 20021 -20022 20031 -20032 imp:n,p 1
300027 400027 -2.156 20010 -20011 20021 -20022 20032 -20033 imp:n,p 1
300028 400028 -2.156 20010 -20011 20021 -20022 20033 -20034 imp:n,p 1
300029 400029 -2.156 20010 -20011 20021 -20022 20034 -20035 imp:n,p 1
300030 400030 -2.156 20011 -20012 20021 -20022 20030 -20031 imp:n,p 1
300031 400031 -2.156 20011 -20012 20021 -20022 20031 -20032 imp:n,p 1
300032 400032 -2.156 20011 -20012 20021 -20022 20032 -20033 imp:n,p 1
300033 400033 -2.156 20011 -20012 20021 -20022 20033 -20034 imp:n,p 1
300034 400034 -2.156 20011 -20012 20021 -20022 20034 -20035 imp:n,p 1
300035 400035 -2.156 20012 -20013 20021 -20022 20030 -20031 imp:n,p 1
300036 400036 -2.156 20012 -20013 20021 -20022 20031 -20032 imp:n,p 1
300037 400037 -2.156 20012 -20013 20021 -20022 20032 -20033 imp:n,p 1
300038 400038 -2.156 20012 -20013 20021 -20022 20033 -20034 imp:n,p 1
300039 400039 -2.156 20012 -20013 20021 -20022 20034 -20035 imp:n,p 1
300040 400040 -2.156 20013 -20014 20021 -20022 20030 -20031 imp:n,p 1
300041 400041 -2.156 20013 -20014 20021 -20022 20031 -20032 imp:n,p 1
300042 400042 -2.156 20013 -20014 20021 -20022 20032 -20033 imp:n,p 1
300043 400043 -2.156 20013 -20014 20021 -20022 20033 -20034 imp:n,p 1
300044 400044 -2.156 20013 -20014 20021 -20022 20034 -20035 imp:n,p 1
300045 400045 -2.156 20014 -20015 20021 -20022 20030 -20031 imp:n,p 1
300046 400046 -2.156 20014 -20015 20021 -20022 20031 -20032 imp:n,p 1
300047 400047 -2.156 20014 -20015 20021 -20022 20032 -20033 imp:n,p 1
300048 400048 -2.156 20014 -20015 20021 -20022 20033 -20034 imp:n,p 1
300049 400049 -2.156 20014 -20015 20021 -20022 20034 -20035 imp:n,p 1
300050 400050 -2.156 20010 -20011 20022 -20023 20030 -20031 imp:n,p 1
300051 400051 -2.156 20010 -20011 20022 -20023 20031 -20032 imp:n,p 1
300052 400052 -2.156 20010 -20011 20022 -20023 20032 -20033 imp:n,p 1
300053 400053 -2.156 20010 -20011 20022 -20023 20033 -20034 imp:n,p 1
300054 400054 -2.156 20010 -20011 20022 -20023 20034 -20035 imp:n,p 1
300055 400055 -2.156 20011 -20012 20022 -20023 20030 -20031 imp:n,p 1
300056 400056 -2.156 20011 -20012 20022 -20023 20031 -20032 imp:n,p 1
300057 400057 -2.156 20011 -20012 20022 -20023 20032 -20033 imp:n,p 1
300058 400058 -2.156 20011 -20012 20022 -20023 20033 -20034 imp:n,p 1
300059 400059 -2.156 20011 -20012 20022 -20023 20034 -20035 imp:n,p 1
300060 400060 -2.156 20012 -20013 20022 -20023 20030 -20031 imp:n,p 1
300061 400061 -2.156 20012 -20013 20022 -20023 20031 -20032 imp:n,p 1
300062 400062 -2.156 20012 -20013 20022 -20023 20032 -20033 imp:n,p 1
300063 400063 -2.156 20012 -20013 20022 -20023 20033 -20034 imp:n,p 1
300064 400064 -2.156 20012 -20013 20022 -20023 20034 -20035 imp:n,p 1
300065 400065 -2.156 20013 -20014 20022 -20023 20030 -20031 imp:n,p 1
300066 400066 -2.156 20013 -20014 20022 -20023 20031 -20032 imp:n,p 1
300067 400067 -2.156 20013 -20014 20022 -20023 20032 -20033 imp:n,p 1
300068 400068 -2.156 20013 -20014 20022 -20023 20033 -20034 imp:n,p 1
300069 400069 -2.156 20013 -20014 20022 -20023 20034 -20035 imp:n,p 1
300070 400070 -2.156 20014 -20015 20022 -20023 20030 -20031 imp:n,p 1
300071 400071 -2.156 20014 -20015 20022 -20023 20031 -20032 imp:n,p 1
300072 400072 -2.156 20014 -20015 20022 -20023 20032 -20033 imp:n,p 1
300073 400073 -2.156 20014 -20015 20022 -20023 20033 -20034 imp:n,p 1
300074 400074 -2.156 20014 -20015 20022 -20023 20034 -20035 imp:n,p 1
300075 400075 -2.156 20010 -20011 20023 -20024 20030 -20031 imp:n,p 1
300076 400076 -2.156 20010 -20011 20023 -20024 20031 -20032 imp:n,p 1
300077 400077 -2.156 20010 -20011 20023 -20024 20032 -20033 imp:n,p 1
300078 400078 -2.156 20010 -20011 20023 -20024 20033 -20034 imp:n,p 1
300079 400079 -2.156 20010 -20011 20023 -20024 20034 -20035 imp:n,p 1
300080 400080 -2.156 20011 -20012 20023 -20024 20030 -20031 imp:n,p 1
300081 400081 -2.156 20011 -20012 20023 -20024 20031 -20032 imp:n,p 1
300082 400082 -2.156 20011 -20012 20023 -20024 20032 -20033 imp:n,p 1
300083 400083 -2.156 20011 -20012 20023 -20024 20033 -20034 imp:n,p 1
300084 400084 -2.156 20011 -20012 20023 -20024 20034 -20035 imp:n,p 1
300085 400085 -2.156 20012 -20013 20023 -20024 20030 -20031 imp:n,p 1
300086 400086 -2.156 20012 -20013 20023 -20024 20031 -20032 imp:n,p 1
300087 400087 -2.156 20012 -20013 20023 -20024 20032 -20033 imp:n,p 1
300088 400088 -2.156 20012 -20013 20023 -20024 20033 -20034 imp:n,p 1
300089 400089 -2.156 20012 -20013 20023 -20024 20034 -20035 imp:n,p 1
300090 400090 -2.156 20013 -20014 20023 -20024 20030 -20031 imp:n,p 1
300091 400091 -2.156 20013 -20014 20023 -20024 20031 -20032 imp:n,p 1
300092 400092 -2.156 20013 -20014 20023 -20024 20032 -20033 imp:n,p 1
300093 400093 -2.156 20013 -20014 20023 -20024 20033 -20034 imp:n,p 1
300094 400094 -2.156 20013 -20014 20023 -20024 20034 -20035 imp:n,p 1
300095 400095 -2.156 20014 -20015 20023 -20024 20030 -20031 imp:n,p 1
300096 400096 -2.156 20014 -20015 20023 -20024 20031 -20032 imp:n,p 1
300097 400097 -2.156 20014 -20015 20023 -20024 20032 -20033 imp:n,p 1
300098 400098 -2.156 20014 -20015 20023 -20024 20033 -20034 imp:n,p 1
300099 400099 -2.156 20014 -20015 20023 -20024 20034 -20035 imp:n,p 1
300100 400100 -2.156 20010 -20011 20024 -20025 20030 -20031 imp:n,p 1
300101 400101 -2.156 20010 -20011 20024 -20025 20031 -20032 imp:n,p 1
300102 400102 -2.156 20010 -20011 20024 -20025 20032 -20033 imp:n,p 1
300103 400103 -2.156 20010 -20011 20024 -20025 20033 -20034 imp:n,p 1
300104 400104 -2.156 20010 -20011 20024 -20025 20034 -20035 imp:n,p 1
300105 400105 -2.156 20011 -20012 20024 -20025 20030 -20031 imp:n,p 1
300106 400106 -2.156 20011 -20012 20024 -20025 20031 -20032 imp:n,p 1
300107 400107 -2.156 20011 -20012 20024 -20025 20032 -20033 imp:n,p 1
300108 400108 -2.156 20011 -20012 20024 -20025 20033 -20034 imp:n,p 1
300109 400109 -2.156 20011 -20012 20024 -20025 20034 -20035 imp:n,p 1
300110 400110 -2.156 20012 -20013 20024 -20025 20030 -20031 imp:n,p 1
300111 400111 -2.156 20012 -20013 20024 -20025 20031 -20032 imp:n,p 1
300112 400112 -2.156 20012 -20013 20024 -20025 20032 -20033 imp:n,p 1
300113 400113 -2.156 20012 -20013 20024 -20025 20033 -20034 imp:n,p 1
300114 400114 -2.156 20012 -20013 20024 -20025 20034 -20035 imp:n,p 1
300115 400115 -2.156 20013 -20014 20024 -20025 20030 -20031 imp:n,p 1
300116 400116 -2.156 20013 -20014 20024 -20025 20031 -20032 imp:n,p 1
300117 400117 -2.156 20013 -20014 20024 -20025 20032 -20033 imp:n,p 1
300118 400118 -2.156 20013 -20014 20024 -20025 20033 -20034 imp:n,p 1
300119 400119 -2.156 20013 -20014 20024 -20025 20034 -20035 imp:n,p 1
300120 400120 -2.156 20014 -20015 20024 -20025 20030 -20031 imp:n,p 1
300121 400121 -2.156 20014 -20015 20024 -20025 20031 -20032 imp:n,p 1
300122 400122 -2.156 20014 -20015 20024 -20025 20032 -20033 imp:n,p 1
300123 400123 -2.156 20014 -20015 20024 -20025 20033 -20034 imp:n,p 1
300124 400124 -2.156 20014 -20015 20024 -20025 20034 -20035 imp:n,p 1
c
30 12 -0.00129 -200 #101 #121 #122 #123 #124 #125 #126 #127 #128 #129 #130 #131 #132 #133
        #21 #211 #212 #22 #221 #222 #23 #231 #232 #24 #241 #242 #20 imp:n,p 1 $Rest of the World
31 0 200 imp:n,p 0 $Outside world

c SURFACE CARDS
c
c Sample Volume
20010 px -56.0
20011 px -33.600000000000364
20012 px -11.200000000000728
20013 px 11.200000000000728
20014 px 33.600000000000364
20015 px 56.0
20020 py -45.0
20021 py -27.0
20022 py -9.0
20023 py 9.0
20024 py 27.0
20025 py 45.0
20030 pz 92.0
20031 pz 82.0
20032 pz 72.0
20033 pz 62.0
20034 pz 52.0
20035 pz 42.0
c Active Detector Region
21 rcc 56  -5.0 -1.0   0.0 20.3 0.0   4.5 $Detector 1 Base center, Hx,Hy,Hz, radius
c Shielding Surfaces
c Shielding Pb
31 rpp 19 29 -7.5 7.5 -11 9 $PbPE xmin xmax ymin ymax zmin zmax
32 rpp 9 19 4 9 -11 9 $Pb xmin xmax ymin ymax zmin zmax
33 rpp 9 19 -9 -4 -11 9 $Pb xmin xmax ymin ymax zmin zmax
34 rpp 19 29 7.5 12.5 -11 9 $Pb xmin xmax ymin ymax zmin zmax
35 rpp 19 29 -12.5 -7.5 -11 9 $Pb xmin xmax ymin ymax zmin zmax
36 rpp 29 34 -15 15 -11 9 $Pb xmin xmax ymin ymax zmin zmax
37 rpp 9 19 -4 4 4 9 $Pb xmin xmax ymin ymax zmin zmax
38 rpp -26 26 18 28 -11 9 $BA1 xmin xmax ymin ymax zmin zmax
39 rpp -26 26 -28 -18 -11 9 $BA2 xmin xmax ymin ymax zmin zmax
40 rpp -65 65 -28 28 10 10.5 $Al xmin xmax ymin ymax zmin zmax
401 rpp -27 27 29 34 -11 9 $Fe xmin xmax ymin ymax zmin zmax
402 rpp -27 27 -34 -29 -11 9 $Fe xmin xmax ymin ymax zmin zmax
301 px -20
302 px 18
303 cx 3.71
304 cx 3.81
c Wheels Surfaces
c 23/10.5-12 turf tires, 22.6 lb rubber
c diameter 29cm, tread width 25cm, and sidewall height 13.76 cm
c set thickness of all sides 1.3 cm (s.t. weight is 22.6 lb)
41 rcc -2 77 8   0.0 25 0.0 29 $wheel 1 outer tread surface
42 rcc -2 77 8   0.0 25 0.0 27.7 $wheel 1 inner tread surface
421 rcc -2 75.7 8   0.0 1.3 0.0 29 $wheel 1 outside sidewall exterior
422 rcc -2 75.7 8   0.0 1.3 0.0 15.24 $wheel 1 outside sidewall interior
423 rcc -2 102 8   0.0 1.3 0.0 29 $wheel 1 inside sidewall exterior
424 rcc -2 102 8   0.0 1.3 0.0 15.24 $wheel 1 inside sidewall interior
43 rcc 68 77 8   0.0 25 0.0 29 $wheel 2
44 rcc 68 77 8   0.0 25 0.0 27.7
441 rcc 68 75.7 8   0.0 1.3 0.0 29
442 rcc 68 75.7 8   0.0 1.3 0.0 15.24
443 rcc 68 102 8   0.0 1.3 0.0 29
444 rcc 68 102 8   0.0 1.3 0.0 15.24
45 rcc -2 -77 8   0.0 -25 0.0 29 $wheel 3
46 rcc -2 -77 8   0.0 -25 0.0 27.7
461 rcc -2 -75.7 8   0.0 -1.3 0.0 29
462 rcc -2 -75.7 8   0.0 -1.3 0.0 15.24
463 rcc -2 -102 8   0.0 -1.3 0.0 29
464 rcc -2 -102 8   0.0 -1.3 0.0 15.24
47 rcc 68 -77 8   0.0 -25 0.0 29 $wheel 4
48 rcc 68 -77 8   0.0 -25 0.0 27.7
481 rcc 68 -75.7 8   0.0 -1.3 0.0 29
482 rcc 68 -75.7 8   0.0 -1.3 0.0 15.24
483 rcc 68 -102 8   0.0 -1.3 0.0 29
484 rcc 68 -102 8   0.0 -1.3 0.0 15.24
200 so 800    $sphere of 800cm centered at origin
c

c DATA CARDS
mode n p
c dump every hr
prdmp -60 -60 -1
c 100 keV Neutron Energy Cutoff
Cut:n 1j 0.1
c analog neutron transport
phys:n 1j 14
phys:p
sdef pos=0 0 0 erg=14.0 vec= 0 0 1 dir=d1
si1  -1 .93 1
sp1   0  0.0  1.0
c ********************
c begin material cards
c ********************
c Pure Carbon
c ****************************************
m400000 6000 -4.82709171839079e-05 7000 -4.82709171839079e-05 14000 -0.9999034581656322 
m400001 6000 -0.0017003174182115774 7000 -0.0017003174182115774 14000 -0.9965993651635765 
m400002 6000 -0.0039341124031311 7000 -0.0039341124031311 14000 -0.9921317751937379 
m400003 6000 -0.00585227330899404 7000 -0.00585227330899404 14000 -0.9882954533820122 
m400004 6000 -0.0064544054492134675 7000 -0.0064544054492134675 14000 -0.987091189101573 
m400005 6000 -0.00010209206847600567 7000 -0.00010209206847600567 14000 -0.999795815863048 
m400006 6000 -0.0016695623366972839 7000 -0.0016695623366972839 14000 -0.9966608753266051 
m400007 6000 -0.0043045245969260595 7000 -0.0043045245969260595 14000 -0.9913909508061478 
m400008 6000 -0.005899530044928915 7000 -0.005899530044928915 14000 -0.9882009399101424 
m400009 6000 -0.006421621925315762 7000 -0.006421621925315762 14000 -0.9871567561493686 
m400010 6000 -9.966062539375019e-05 7000 -9.966062539375019e-05 14000 -0.9998006787492124 
m400011 6000 -0.0017764937099892764 7000 -0.0017764937099892764 14000 -0.9964470125800214 
m400012 6000 -0.004127706757321953 7000 -0.004127706757321953 14000 -0.9917445864853563 
m400013 6000 -0.005918142263643301 7000 -0.005918142263643301 14000 -0.9881637154727138 
m400014 6000 -0.006404926528464246 7000 -0.006404926528464246 14000 -0.9871901469430716 
m400015 6000 -0.00013050945390174313 7000 -0.00013050945390174313 14000 -0.9997389810921965 
m400016 6000 -0.0017548738521780268 7000 -0.0017548738521780268 14000 -0.9964902522956441 
m400017 6000 -0.004402322470401348 7000 -0.004402322470401348 14000 -0.9911953550591974 
m400018 6000 -0.005776723563820191 7000 -0.005776723563820191 14000 -0.9884465528723596 
m400019 6000 -0.006431148291324245 7000 -0.006431148291324245 14000 -0.9871377034173513 
m400020 6000 -7.861478645858572e-05 7000 -7.861478645858572e-05 14000 -0.9998427704270827 
m400021 6000 -0.0018029121132399596 7000 -0.0018029121132399596 14000 -0.9963941757735201 
m400022 6000 -0.003644994744038548 7000 -0.003644994744038548 14000 -0.9927100105119225 
m400023 6000 -0.005915811561445895 7000 -0.005915811561445895 14000 -0.9881683768771081 
m400024 6000 -0.006425955386479196 7000 -0.006425955386479196 14000 -0.9871480892270416 
m400025 6000 -0.00014457170201531127 7000 -0.00014457170201531127 14000 -0.9997108565959694 
m400026 6000 -0.0012430262810117995 7000 -0.0012430262810117995 14000 -0.9975139474379766 
m400027 6000 -0.004308704602493572 7000 -0.004308704602493572 14000 -0.991382590795013 
m400028 6000 -0.006005539532998244 7000 -0.006005539532998244 14000 -0.9879889209340036 
m400029 6000 -0.006409585758339168 7000 -0.006409585758339168 14000 -0.9871808284833214 
m400030 6000 -0.00015712827273922363 7000 -0.00015712827273922363 14000 -0.9996857434545217 
m400031 6000 -0.00163765566791952 7000 -0.00163765566791952 14000 -0.9967246886641611 
m400032 6000 -0.004207500881531342 7000 -0.004207500881531342 14000 -0.9915849982369371 
m400033 6000 -0.005901523728881961 7000 -0.005901523728881961 14000 -0.9881969525422362 
m400034 6000 -0.0064610553234034284 7000 -0.0064610553234034284 14000 -0.9870778893531934 
m400035 6000 -0.00019060898918375142 7000 -0.00019060898918375142 14000 -0.9996187820216325 
m400036 6000 -0.0017881998956347856 7000 -0.0017881998956347856 14000 -0.9964236002087304 
m400037 6000 -0.004264970520990564 7000 -0.004264970520990564 14000 -0.9914700589580187 
m400038 6000 -0.005982791769319025 7000 -0.005982791769319025 14000 -0.9880344164613619 
m400039 6000 -0.006450055959439086 7000 -0.006450055959439086 14000 -0.9870998880811218 
m400040 6000 -0.00013650078876740915 7000 -0.00013650078876740915 14000 -0.9997269984224653 
m400041 6000 -0.0019020402535663416 7000 -0.0019020402535663416 14000 -0.9961959194928673 
m400042 6000 -0.0038728593066325923 7000 -0.0038728593066325923 14000 -0.9922542813867349 
m400043 6000 -0.00584263539493407 7000 -0.00584263539493407 14000 -0.9883147292101322 
m400044 6000 -0.006440483384063864 7000 -0.006440483384063864 14000 -0.9871190332318726 
m400045 6000 -7.774995654081877e-05 7000 -7.774995654081877e-05 14000 -0.9998445000869185 
m400046 6000 -0.0013148277868706803 7000 -0.0013148277868706803 14000 -0.9973703444262586 
m400047 6000 -0.004209167660468712 7000 -0.004209167660468712 14000 -0.9915816646790625 
m400048 6000 -0.005958716348082784 7000 -0.005958716348082784 14000 -0.9880825673038344 
m400049 6000 -0.0064607150287896665 7000 -0.0064607150287896665 14000 -0.9870785699424205 
m400050 6000 -0.00013259145517196473 7000 -0.00013259145517196473 14000 -0.999734817089656 
m400051 6000 -0.001667089071458336 7000 -0.001667089071458336 14000 -0.9966658218570834 
m400052 6000 -0.003993426317313607 7000 -0.003993426317313607 14000 -0.9920131473653727 
m400053 6000 -0.005840572450138886 7000 -0.005840572450138886 14000 -0.988318855099722 
m400054 6000 -0.006453360790467961 7000 -0.006453360790467961 14000 -0.9870932784190639 
m400055 6000 -0.00018069255667034392 7000 -0.00018069255667034392 14000 -0.9996386148866593 
m400056 6000 -0.001656356530988027 7000 -0.001656356530988027 14000 -0.9966872869380241 
m400057 6000 -0.003722808474663345 7000 -0.003722808474663345 14000 -0.9925543830506733 
m400058 6000 -0.005877373547400401 7000 -0.005877373547400401 14000 -0.9882452529051993 
m400059 6000 -0.006449343562382324 7000 -0.006449343562382324 14000 -0.9871013128752355 
m400060 6000 -0.00011651265867851627 7000 -0.00011651265867851627 14000 -0.9997669746826429 
m400061 6000 -0.0013882796170948694 7000 -0.0013882796170948694 14000 -0.9972234407658105 
m400062 6000 -0.003852358626941193 7000 -0.003852358626941193 14000 -0.9922952827461178 
m400063 6000 -0.0058876123706863015 7000 -0.0058876123706863015 14000 -0.9882247752586273 
m400064 6000 -0.006431189222814944 7000 -0.006431189222814944 14000 -0.9871376215543701 
m400065 6000 -0.00020881154835866408 7000 -0.00020881154835866408 14000 -0.9995823769032828 
m400066 6000 -0.0016108253222577424 7000 -0.0016108253222577424 14000 -0.9967783493554844 
m400067 6000 -0.003784740486799844 7000 -0.003784740486799844 14000 -0.9924305190264 
m400068 6000 -0.005907591058093285 7000 -0.005907591058093285 14000 -0.9881848178838136 
m400069 6000 -0.006408693687937144 7000 -0.006408693687937144 14000 -0.9871826126241259 
m400070 6000 -0.000222073584848409 7000 -0.000222073584848409 14000 -0.9995558528303031 
m400071 6000 -0.0014926315722963315 7000 -0.0014926315722963315 14000 -0.9970147368554078 
m400072 6000 -0.004162472767415473 7000 -0.004162472767415473 14000 -0.991675054465169 
m400073 6000 -0.005970377598556704 7000 -0.005970377598556704 14000 -0.9880592448028864 
m400074 6000 -0.006421701046207602 7000 -0.006421701046207602 14000 -0.9871565979075847 
m400075 6000 -0.00010040358128590646 7000 -0.00010040358128590646 14000 -0.9997991928374281 
m400076 6000 -0.0018669660806450526 7000 -0.0018669660806450526 14000 -0.9962660678387096 
m400077 6000 -0.004198625313733547 7000 -0.004198625313733547 14000 -0.991602749372533 
m400078 6000 -0.005918566662374831 7000 -0.005918566662374831 14000 -0.9881628666752503 
m400079 6000 -0.006397178727038585 7000 -0.006397178727038585 14000 -0.987205642545923 
m400080 6000 -0.00015065805502885885 7000 -0.00015065805502885885 14000 -0.9996986838899421 
m400081 6000 -0.0013056744688799227 7000 -0.0013056744688799227 14000 -0.9973886510622397 
m400082 6000 -0.003947225003281143 7000 -0.003947225003281143 14000 -0.9921055499934376 
m400083 6000 -0.005820528105766783 7000 -0.005820528105766783 14000 -0.9883589437884662 
m400084 6000 -0.006432147797029576 7000 -0.006432147797029576 14000 -0.9871357044059411 
m400085 6000 -0.00023783595987053564 7000 -0.00023783595987053564 14000 -0.9995243280802587 
m400086 6000 -0.0014323288902499784 7000 -0.0014323288902499784 14000 -0.9971353422195002 
m400087 6000 -0.004475864650383887 7000 -0.004475864650383887 14000 -0.9910482706992325 
m400088 6000 -0.005779199727914923 7000 -0.005779199727914923 14000 -0.9884416005441703 
m400089 6000 -0.006431356585321826 7000 -0.006431356585321826 14000 -0.9871372868293562 
m400090 6000 -0.00023707656289256255 7000 -0.00023707656289256255 14000 -0.999525846874215 
m400091 6000 -0.001474278448931606 7000 -0.001474278448931606 14000 -0.9970514431021368 
m400092 6000 -0.004220754625810832 7000 -0.004220754625810832 14000 -0.9915584907483784 
m400093 6000 -0.005711327930741469 7000 -0.005711327930741469 14000 -0.9885773441385166 
m400094 6000 -0.006442711610825796 7000 -0.006442711610825796 14000 -0.9871145767783481 
m400095 6000 -0.00015067201067790121 7000 -0.00015067201067790121 14000 -0.9996986559786442 
m400096 6000 -0.0019610073324793863 7000 -0.0019610073324793863 14000 -0.9960779853350412 
m400097 6000 -0.004125531616578494 7000 -0.004125531616578494 14000 -0.9917489367668432 
m400098 6000 -0.0057382860785616975 7000 -0.0057382860785616975 14000 -0.9885234278428764 
m400099 6000 -0.006448181530521705 7000 -0.006448181530521705 14000 -0.9871036369389564 
m400100 6000 -0.0002518326355327346 7000 -0.0002518326355327346 14000 -0.9994963347289346 
m400101 6000 -0.001637522855056393 7000 -0.001637522855056393 14000 -0.9967249542898873 
m400102 6000 -0.004116487539152903 7000 -0.004116487539152903 14000 -0.9917670249216939 
m400103 6000 -0.005903075670168986 7000 -0.005903075670168986 14000 -0.9881938486596619 
m400104 6000 -0.006406082086835157 7000 -0.006406082086835157 14000 -0.9871878358263299 
m400105 6000 -8.884648754721263e-05 7000 -8.884648754721263e-05 14000 -0.9998223070249055 
m400106 6000 -0.0016514821467926313 7000 -0.0016514821467926313 14000 -0.9966970357064149 
m400107 6000 -0.004561841168211129 7000 -0.004561841168211129 14000 -0.9908763176635774 
m400108 6000 -0.00586012653967355 7000 -0.00586012653967355 14000 -0.9882797469206528 
m400109 6000 -0.00638388302011802 7000 -0.00638388302011802 14000 -0.987232233959764 
m400110 6000 -0.00011229872886437299 7000 -0.00011229872886437299 14000 -0.9997754025422714 
m400111 6000 -0.0014992249397351187 7000 -0.0014992249397351187 14000 -0.9970015501205296 
m400112 6000 -0.003975776557389731 7000 -0.003975776557389731 14000 -0.9920484468852205 
m400113 6000 -0.005801744852727398 7000 -0.005801744852727398 14000 -0.9883965102945447 
m400114 6000 -0.0064461548656734365 7000 -0.0064461548656734365 14000 -0.9871076902686535 
m400115 6000 -0.00014824845459144423 7000 -0.00014824845459144423 14000 -0.9997035030908172 
m400116 6000 -0.0014710061375991872 7000 -0.0014710061375991872 14000 -0.997057987724802 
m400117 6000 -0.003944163671625615 7000 -0.003944163671625615 14000 -0.9921116726567487 
m400118 6000 -0.005740248513326588 7000 -0.005740248513326588 14000 -0.9885195029733468 
m400119 6000 -0.006460399851839731 7000 -0.006460399851839731 14000 -0.9870792002963205 
m400120 6000 -0.0003115214395101877 7000 -0.0003115214395101877 14000 -0.9993769571209796 
m400121 6000 -0.0018155741760047888 7000 -0.0018155741760047888 14000 -0.9963688516479905 
m400122 6000 -0.004022520204426963 7000 -0.004022520204426963 14000 -0.9919549595911462 
m400123 6000 -0.005910445597406963 7000 -0.005910445597406963 14000 -0.9881791088051862 
m400124 6000 -0.00646124397197846 7000 -0.00646124397197846 14000 -0.9870775120560432 
c **********************************
c PE+Pb, dens=4.78 g/cm3
m2      6000    -0.04286 $Carbon
        1001    -0.00714 $Hydrogen
        82000   -0.95000 $Lead
c **********************************
m3    1001 -0.048535 $Boric acid
      5010 -0.034981
      5011 -0.139923
      8016 -0.776561
c **********************************
m4    82000 1 $Lead
c **********************************
m5 26000 1 $Iron
c **********************************
m6     13027   -1.000 $ Aluminum
c **********************************
c  SS-304 (8.00 g/cm3), #298 in PNNL Compendium
m7   006000.50c -0.0004000
     014000.60c -0.0050000
     015031.50c -0.0002300
     016000.60c -0.0001500
     024000.50c -0.1899981
     025055.60c -0.0099999
     026000.50c -0.7017229
     028000.50c -0.0924991
c ****************************************
c       LaBr detector
c ****************************************
m8       35079    -0.2946       $ Br79
         35081    -0.3069       $ Br81
         57139    -0.3485       $ La139
         58140    -0.0500       $ Ce140
c ************ air den=1.15e-3g/cc
m12     8016 -0.23
        7014 -0.77
c ************ Rubber Natural den=0.92 g/cc
m13     1001 -0.118371  $weight fraction
        6000 -0.881629
c
c end material cards
c
rand seed=8674536546524321 $different initial random #; seed# - any less 18 digits
c
c ********** begin tallies *********************
fc78 *********Broadened Pulse Height Tally Sum of Detectors 1,2 & 3 ***********
e78 0 1e-5 932i 8.4295
F78:p (101)
FT78 GEB -0.026198 0.059551 -0.037176
fc18 *********Unbroadened Pulse Height Tally Sum of Detectors 1,2 & 3 ***********
e18 0 1e-5 932i 8.4295
F18:p (101)
c ***********************************
c mplot tal 78 freq 10000
nps 1e9
