c CAS DETECTOR
c w/ Shielding in Place and Wheels
c
c CELL CARDS
c
c @@@@@@@@@@ Detectors @@@@@@@@@@@@@@@@@
c
101 8 -5.08 -21 imp:n,p 1 $LaBr Detector #1 Active Region
c
c @@@@@@@@@ Shielding @@@@@@@@@@@@@@@@@
c
121 2 -4.78 -31 imp:n,p 1 $PE_Pb
122 4 -11.29 -32 imp:n,p 1 $Pb1
123 4 -11.29 -33 imp:n,p 1 $Pb2
124 4 -11.29 -34 imp:n,p 1 $Pb3
125 4 -11.29 -35 imp:n,p 1 $Pb4
126 4 -11.29 -36 imp:n,p 1 $Pb5
127 4 -11.29 -37 imp:n,p 1 $Pb6
128 3 -1.5 -38 imp:n,p 1 $BA1
129 3 -1.5 -39 imp:n,p 1 $BA2
130 6 -2.7 -40 imp:n,p 1 $Al
131 7 -7.92 301 -302 303 -304 imp:n,p 1 $Fe-tube
132 5 -7.8 -401 imp:n,p 1 $Fe
133 5 -7.8 -402 imp:n,p 1 $Fe
c @@@@@@@@@@ Wheels @@@@@@@@@@@@@@@@@
c
21 13 -0.92 -41 42 imp:n,p 1 $Wheel 1
211 13 -0.92 -421 422 imp:n,p 1 $Wheel 1
212 13 -0.92 -423 424 imp:n,p 1 $Wheel 1
22 13 -0.92 -43 44 imp:n,p 1 $Wheel 2
221 13 -0.92 -441 442 imp:n,p 1 $Wheel 2
222 13 -0.92 -443 444 imp:n,p 1 $Wheel 2
23 13 -0.92 -45 46 imp:n,p 1 $Wheel 3
231 13 -0.92 -461 462 imp:n,p 1 $Wheel 3
232 13 -0.92 -463 464 imp:n,p 1 $Wheel 3
24 13 -0.92 -47 48 imp:n,p 1 $Wheel 4
241 13 -0.92 -481 482 imp:n,p 1 $Wheel 4
242 13 -0.92 -483 484 imp:n,p 1 $Wheel 4
c
c @@@@@@@@@@ SOIL VOLUME @@@@@@@@@@@
c
300000 400000 -2.156 20010 -20011 20020 -20021 20030 -20031 imp:n,p 1
300001 400001 -2.156 20010 -20011 20020 -20021 20031 -20032 imp:n,p 1
300002 400002 -2.156 20010 -20011 20020 -20021 20032 -20033 imp:n,p 1
300003 400003 -2.156 20010 -20011 20020 -20021 20033 -20034 imp:n,p 1
300004 400004 -2.156 20010 -20011 20020 -20021 20034 -20035 imp:n,p 1
300005 400005 -2.156 20011 -20012 20020 -20021 20030 -20031 imp:n,p 1
300006 400006 -2.156 20011 -20012 20020 -20021 20031 -20032 imp:n,p 1
300007 400007 -2.156 20011 -20012 20020 -20021 20032 -20033 imp:n,p 1
300008 400008 -2.156 20011 -20012 20020 -20021 20033 -20034 imp:n,p 1
300009 400009 -2.156 20011 -20012 20020 -20021 20034 -20035 imp:n,p 1
300010 400010 -2.156 20012 -20013 20020 -20021 20030 -20031 imp:n,p 1
300011 400011 -2.156 20012 -20013 20020 -20021 20031 -20032 imp:n,p 1
300012 400012 -2.156 20012 -20013 20020 -20021 20032 -20033 imp:n,p 1
300013 400013 -2.156 20012 -20013 20020 -20021 20033 -20034 imp:n,p 1
300014 400014 -2.156 20012 -20013 20020 -20021 20034 -20035 imp:n,p 1
300015 400015 -2.156 20013 -20014 20020 -20021 20030 -20031 imp:n,p 1
300016 400016 -2.156 20013 -20014 20020 -20021 20031 -20032 imp:n,p 1
300017 400017 -2.156 20013 -20014 20020 -20021 20032 -20033 imp:n,p 1
300018 400018 -2.156 20013 -20014 20020 -20021 20033 -20034 imp:n,p 1
300019 400019 -2.156 20013 -20014 20020 -20021 20034 -20035 imp:n,p 1
300020 400020 -2.156 20014 -20015 20020 -20021 20030 -20031 imp:n,p 1
300021 400021 -2.156 20014 -20015 20020 -20021 20031 -20032 imp:n,p 1
300022 400022 -2.156 20014 -20015 20020 -20021 20032 -20033 imp:n,p 1
300023 400023 -2.156 20014 -20015 20020 -20021 20033 -20034 imp:n,p 1
300024 400024 -2.156 20014 -20015 20020 -20021 20034 -20035 imp:n,p 1
300025 400025 -2.156 20010 -20011 20021 -20022 20030 -20031 imp:n,p 1
300026 400026 -2.156 20010 -20011 20021 -20022 20031 -20032 imp:n,p 1
300027 400027 -2.156 20010 -20011 20021 -20022 20032 -20033 imp:n,p 1
300028 400028 -2.156 20010 -20011 20021 -20022 20033 -20034 imp:n,p 1
300029 400029 -2.156 20010 -20011 20021 -20022 20034 -20035 imp:n,p 1
300030 400030 -2.156 20011 -20012 20021 -20022 20030 -20031 imp:n,p 1
300031 400031 -2.156 20011 -20012 20021 -20022 20031 -20032 imp:n,p 1
300032 400032 -2.156 20011 -20012 20021 -20022 20032 -20033 imp:n,p 1
300033 400033 -2.156 20011 -20012 20021 -20022 20033 -20034 imp:n,p 1
300034 400034 -2.156 20011 -20012 20021 -20022 20034 -20035 imp:n,p 1
300035 400035 -2.156 20012 -20013 20021 -20022 20030 -20031 imp:n,p 1
300036 400036 -2.156 20012 -20013 20021 -20022 20031 -20032 imp:n,p 1
300037 400037 -2.156 20012 -20013 20021 -20022 20032 -20033 imp:n,p 1
300038 400038 -2.156 20012 -20013 20021 -20022 20033 -20034 imp:n,p 1
300039 400039 -2.156 20012 -20013 20021 -20022 20034 -20035 imp:n,p 1
300040 400040 -2.156 20013 -20014 20021 -20022 20030 -20031 imp:n,p 1
300041 400041 -2.156 20013 -20014 20021 -20022 20031 -20032 imp:n,p 1
300042 400042 -2.156 20013 -20014 20021 -20022 20032 -20033 imp:n,p 1
300043 400043 -2.156 20013 -20014 20021 -20022 20033 -20034 imp:n,p 1
300044 400044 -2.156 20013 -20014 20021 -20022 20034 -20035 imp:n,p 1
300045 400045 -2.156 20014 -20015 20021 -20022 20030 -20031 imp:n,p 1
300046 400046 -2.156 20014 -20015 20021 -20022 20031 -20032 imp:n,p 1
300047 400047 -2.156 20014 -20015 20021 -20022 20032 -20033 imp:n,p 1
300048 400048 -2.156 20014 -20015 20021 -20022 20033 -20034 imp:n,p 1
300049 400049 -2.156 20014 -20015 20021 -20022 20034 -20035 imp:n,p 1
300050 400050 -2.156 20010 -20011 20022 -20023 20030 -20031 imp:n,p 1
300051 400051 -2.156 20010 -20011 20022 -20023 20031 -20032 imp:n,p 1
300052 400052 -2.156 20010 -20011 20022 -20023 20032 -20033 imp:n,p 1
300053 400053 -2.156 20010 -20011 20022 -20023 20033 -20034 imp:n,p 1
300054 400054 -2.156 20010 -20011 20022 -20023 20034 -20035 imp:n,p 1
300055 400055 -2.156 20011 -20012 20022 -20023 20030 -20031 imp:n,p 1
300056 400056 -2.156 20011 -20012 20022 -20023 20031 -20032 imp:n,p 1
300057 400057 -2.156 20011 -20012 20022 -20023 20032 -20033 imp:n,p 1
300058 400058 -2.156 20011 -20012 20022 -20023 20033 -20034 imp:n,p 1
300059 400059 -2.156 20011 -20012 20022 -20023 20034 -20035 imp:n,p 1
300060 400060 -2.156 20012 -20013 20022 -20023 20030 -20031 imp:n,p 1
300061 400061 -2.156 20012 -20013 20022 -20023 20031 -20032 imp:n,p 1
300062 400062 -2.156 20012 -20013 20022 -20023 20032 -20033 imp:n,p 1
300063 400063 -2.156 20012 -20013 20022 -20023 20033 -20034 imp:n,p 1
300064 400064 -2.156 20012 -20013 20022 -20023 20034 -20035 imp:n,p 1
300065 400065 -2.156 20013 -20014 20022 -20023 20030 -20031 imp:n,p 1
300066 400066 -2.156 20013 -20014 20022 -20023 20031 -20032 imp:n,p 1
300067 400067 -2.156 20013 -20014 20022 -20023 20032 -20033 imp:n,p 1
300068 400068 -2.156 20013 -20014 20022 -20023 20033 -20034 imp:n,p 1
300069 400069 -2.156 20013 -20014 20022 -20023 20034 -20035 imp:n,p 1
300070 400070 -2.156 20014 -20015 20022 -20023 20030 -20031 imp:n,p 1
300071 400071 -2.156 20014 -20015 20022 -20023 20031 -20032 imp:n,p 1
300072 400072 -2.156 20014 -20015 20022 -20023 20032 -20033 imp:n,p 1
300073 400073 -2.156 20014 -20015 20022 -20023 20033 -20034 imp:n,p 1
300074 400074 -2.156 20014 -20015 20022 -20023 20034 -20035 imp:n,p 1
300075 400075 -2.156 20010 -20011 20023 -20024 20030 -20031 imp:n,p 1
300076 400076 -2.156 20010 -20011 20023 -20024 20031 -20032 imp:n,p 1
300077 400077 -2.156 20010 -20011 20023 -20024 20032 -20033 imp:n,p 1
300078 400078 -2.156 20010 -20011 20023 -20024 20033 -20034 imp:n,p 1
300079 400079 -2.156 20010 -20011 20023 -20024 20034 -20035 imp:n,p 1
300080 400080 -2.156 20011 -20012 20023 -20024 20030 -20031 imp:n,p 1
300081 400081 -2.156 20011 -20012 20023 -20024 20031 -20032 imp:n,p 1
300082 400082 -2.156 20011 -20012 20023 -20024 20032 -20033 imp:n,p 1
300083 400083 -2.156 20011 -20012 20023 -20024 20033 -20034 imp:n,p 1
300084 400084 -2.156 20011 -20012 20023 -20024 20034 -20035 imp:n,p 1
300085 400085 -2.156 20012 -20013 20023 -20024 20030 -20031 imp:n,p 1
300086 400086 -2.156 20012 -20013 20023 -20024 20031 -20032 imp:n,p 1
300087 400087 -2.156 20012 -20013 20023 -20024 20032 -20033 imp:n,p 1
300088 400088 -2.156 20012 -20013 20023 -20024 20033 -20034 imp:n,p 1
300089 400089 -2.156 20012 -20013 20023 -20024 20034 -20035 imp:n,p 1
300090 400090 -2.156 20013 -20014 20023 -20024 20030 -20031 imp:n,p 1
300091 400091 -2.156 20013 -20014 20023 -20024 20031 -20032 imp:n,p 1
300092 400092 -2.156 20013 -20014 20023 -20024 20032 -20033 imp:n,p 1
300093 400093 -2.156 20013 -20014 20023 -20024 20033 -20034 imp:n,p 1
300094 400094 -2.156 20013 -20014 20023 -20024 20034 -20035 imp:n,p 1
300095 400095 -2.156 20014 -20015 20023 -20024 20030 -20031 imp:n,p 1
300096 400096 -2.156 20014 -20015 20023 -20024 20031 -20032 imp:n,p 1
300097 400097 -2.156 20014 -20015 20023 -20024 20032 -20033 imp:n,p 1
300098 400098 -2.156 20014 -20015 20023 -20024 20033 -20034 imp:n,p 1
300099 400099 -2.156 20014 -20015 20023 -20024 20034 -20035 imp:n,p 1
300100 400100 -2.156 20010 -20011 20024 -20025 20030 -20031 imp:n,p 1
300101 400101 -2.156 20010 -20011 20024 -20025 20031 -20032 imp:n,p 1
300102 400102 -2.156 20010 -20011 20024 -20025 20032 -20033 imp:n,p 1
300103 400103 -2.156 20010 -20011 20024 -20025 20033 -20034 imp:n,p 1
300104 400104 -2.156 20010 -20011 20024 -20025 20034 -20035 imp:n,p 1
300105 400105 -2.156 20011 -20012 20024 -20025 20030 -20031 imp:n,p 1
300106 400106 -2.156 20011 -20012 20024 -20025 20031 -20032 imp:n,p 1
300107 400107 -2.156 20011 -20012 20024 -20025 20032 -20033 imp:n,p 1
300108 400108 -2.156 20011 -20012 20024 -20025 20033 -20034 imp:n,p 1
300109 400109 -2.156 20011 -20012 20024 -20025 20034 -20035 imp:n,p 1
300110 400110 -2.156 20012 -20013 20024 -20025 20030 -20031 imp:n,p 1
300111 400111 -2.156 20012 -20013 20024 -20025 20031 -20032 imp:n,p 1
300112 400112 -2.156 20012 -20013 20024 -20025 20032 -20033 imp:n,p 1
300113 400113 -2.156 20012 -20013 20024 -20025 20033 -20034 imp:n,p 1
300114 400114 -2.156 20012 -20013 20024 -20025 20034 -20035 imp:n,p 1
300115 400115 -2.156 20013 -20014 20024 -20025 20030 -20031 imp:n,p 1
300116 400116 -2.156 20013 -20014 20024 -20025 20031 -20032 imp:n,p 1
300117 400117 -2.156 20013 -20014 20024 -20025 20032 -20033 imp:n,p 1
300118 400118 -2.156 20013 -20014 20024 -20025 20033 -20034 imp:n,p 1
300119 400119 -2.156 20013 -20014 20024 -20025 20034 -20035 imp:n,p 1
300120 400120 -2.156 20014 -20015 20024 -20025 20030 -20031 imp:n,p 1
300121 400121 -2.156 20014 -20015 20024 -20025 20031 -20032 imp:n,p 1
300122 400122 -2.156 20014 -20015 20024 -20025 20032 -20033 imp:n,p 1
300123 400123 -2.156 20014 -20015 20024 -20025 20033 -20034 imp:n,p 1
300124 400124 -2.156 20014 -20015 20024 -20025 20034 -20035 imp:n,p 1
c
30 12 -0.00129 -200 #101 #121 #122 #123 #124 #125 #126 #127 #128 #129 #130 #131 #132 #133
        #21 #211 #212 #22 #221 #222 #23 #231 #232 #24 #241 #242 #20 imp:n,p 1 $Rest of the World
31 0 200 imp:n,p 0 $Outside world

c SURFACE CARDS
c
c Sample Volume
20010 px -56.0
20011 px -33.600000000000364
20012 px -11.200000000000728
20013 px 11.200000000000728
20014 px 33.600000000000364
20015 px 56.0
20020 py -45.0
20021 py -27.0
20022 py -9.0
20023 py 9.0
20024 py 27.0
20025 py 45.0
20030 pz 92.0
20031 pz 82.0
20032 pz 72.0
20033 pz 62.0
20034 pz 52.0
20035 pz 42.0
c Active Detector Region
21 rcc 56  -5.0 -1.0   0.0 20.3 0.0   4.5 $Detector 1 Base center, Hx,Hy,Hz, radius
c Shielding Surfaces
c Shielding Pb
31 rpp 19 29 -7.5 7.5 -11 9 $PbPE xmin xmax ymin ymax zmin zmax
32 rpp 9 19 4 9 -11 9 $Pb xmin xmax ymin ymax zmin zmax
33 rpp 9 19 -9 -4 -11 9 $Pb xmin xmax ymin ymax zmin zmax
34 rpp 19 29 7.5 12.5 -11 9 $Pb xmin xmax ymin ymax zmin zmax
35 rpp 19 29 -12.5 -7.5 -11 9 $Pb xmin xmax ymin ymax zmin zmax
36 rpp 29 34 -15 15 -11 9 $Pb xmin xmax ymin ymax zmin zmax
37 rpp 9 19 -4 4 4 9 $Pb xmin xmax ymin ymax zmin zmax
38 rpp -26 26 18 28 -11 9 $BA1 xmin xmax ymin ymax zmin zmax
39 rpp -26 26 -28 -18 -11 9 $BA2 xmin xmax ymin ymax zmin zmax
40 rpp -65 65 -28 28 10 10.5 $Al xmin xmax ymin ymax zmin zmax
401 rpp -27 27 29 34 -11 9 $Fe xmin xmax ymin ymax zmin zmax
402 rpp -27 27 -34 -29 -11 9 $Fe xmin xmax ymin ymax zmin zmax
301 px -20
302 px 18
303 cx 3.71
304 cx 3.81
c Wheels Surfaces
c 23/10.5-12 turf tires, 22.6 lb rubber
c diameter 29cm, tread width 25cm, and sidewall height 13.76 cm
c set thickness of all sides 1.3 cm (s.t. weight is 22.6 lb)
41 rcc -2 77 8   0.0 25 0.0 29 $wheel 1 outer tread surface
42 rcc -2 77 8   0.0 25 0.0 27.7 $wheel 1 inner tread surface
421 rcc -2 75.7 8   0.0 1.3 0.0 29 $wheel 1 outside sidewall exterior
422 rcc -2 75.7 8   0.0 1.3 0.0 15.24 $wheel 1 outside sidewall interior
423 rcc -2 102 8   0.0 1.3 0.0 29 $wheel 1 inside sidewall exterior
424 rcc -2 102 8   0.0 1.3 0.0 15.24 $wheel 1 inside sidewall interior
43 rcc 68 77 8   0.0 25 0.0 29 $wheel 2
44 rcc 68 77 8   0.0 25 0.0 27.7
441 rcc 68 75.7 8   0.0 1.3 0.0 29
442 rcc 68 75.7 8   0.0 1.3 0.0 15.24
443 rcc 68 102 8   0.0 1.3 0.0 29
444 rcc 68 102 8   0.0 1.3 0.0 15.24
45 rcc -2 -77 8   0.0 -25 0.0 29 $wheel 3
46 rcc -2 -77 8   0.0 -25 0.0 27.7
461 rcc -2 -75.7 8   0.0 -1.3 0.0 29
462 rcc -2 -75.7 8   0.0 -1.3 0.0 15.24
463 rcc -2 -102 8   0.0 -1.3 0.0 29
464 rcc -2 -102 8   0.0 -1.3 0.0 15.24
47 rcc 68 -77 8   0.0 -25 0.0 29 $wheel 4
48 rcc 68 -77 8   0.0 -25 0.0 27.7
481 rcc 68 -75.7 8   0.0 -1.3 0.0 29
482 rcc 68 -75.7 8   0.0 -1.3 0.0 15.24
483 rcc 68 -102 8   0.0 -1.3 0.0 29
484 rcc 68 -102 8   0.0 -1.3 0.0 15.24
200 so 800    $sphere of 800cm centered at origin
c

c DATA CARDS
mode n p
c dump every hr
prdmp -60 -60 -1
c 100 keV Neutron Energy Cutoff
Cut:n 1j 0.1
c analog neutron transport
phys:n 1j 14
phys:p
sdef pos=0 0 0 erg=14.0 vec= 0 0 1 dir=d1
si1  -1 .93 1
sp1   0  0.0  1.0
c ********************
c begin material cards
c ********************
c Pure Carbon
c ****************************************
m400000 6000 -0.00016914591256802591 7000 -0.00016914591256802591 14000 -0.9996617081748639 
m400001 6000 -0.0015451556953049962 7000 -0.0015451556953049962 14000 -0.9969096886093898 
m400002 6000 -0.00423459772946287 7000 -0.00423459772946287 14000 -0.9915308045410741 
m400003 6000 -0.0057395244707081385 7000 -0.0057395244707081385 14000 -0.9885209510585837 
m400004 6000 -0.006313890535514126 7000 -0.006313890535514126 14000 -0.9873722189289721 
m400005 6000 -0.00017737253912223985 7000 -0.00017737253912223985 14000 -0.9996452549217554 
m400006 6000 -0.0012139438451004491 7000 -0.0012139438451004491 14000 -0.997572112309799 
m400007 6000 -0.003958680898150369 7000 -0.003958680898150369 14000 -0.9920826382036992 
m400008 6000 -0.005641264317243481 7000 -0.005641264317243481 14000 -0.9887174713655132 
m400009 6000 -0.006337816961603341 7000 -0.006337816961603341 14000 -0.9873243660767933 
m400010 6000 -4.525448111128672e-05 7000 -4.525448111128672e-05 14000 -0.9999094910377774 
m400011 6000 -0.0020862708592711185 7000 -0.0020862708592711185 14000 -0.9958274582814578 
m400012 6000 -0.003940655920778439 7000 -0.003940655920778439 14000 -0.992118688158443 
m400013 6000 -0.005760018662054196 7000 -0.005760018662054196 14000 -0.9884799626758912 
m400014 6000 -0.00630732479246659 7000 -0.00630732479246659 14000 -0.9873853504150668 
m400015 6000 -0.0001057784905472451 7000 -0.0001057784905472451 14000 -0.9997884430189055 
m400016 6000 -0.0015391286076500742 7000 -0.0015391286076500742 14000 -0.9969217427846999 
m400017 6000 -0.003661507411918075 7000 -0.003661507411918075 14000 -0.992676985176164 
m400018 6000 -0.005743685623951714 7000 -0.005743685623951714 14000 -0.9885126287520966 
m400019 6000 -0.006326693957121916 7000 -0.006326693957121916 14000 -0.987346612085756 
m400020 6000 -0.0001377972426142478 7000 -0.0001377972426142478 14000 -0.9997244055147715 
m400021 6000 -0.0014913151539253308 7000 -0.0014913151539253308 14000 -0.9970173696921494 
m400022 6000 -0.0040383307053227565 7000 -0.0040383307053227565 14000 -0.9919233385893544 
m400023 6000 -0.005681919935074803 7000 -0.005681919935074803 14000 -0.9886361601298504 
m400024 6000 -0.0063438188939863825 7000 -0.0063438188939863825 14000 -0.9873123622120272 
m400025 6000 -0.00013192257970951748 7000 -0.00013192257970951748 14000 -0.9997361548405809 
m400026 6000 -0.0014313931262492847 7000 -0.0014313931262492847 14000 -0.9971372137475012 
m400027 6000 -0.004191526976458764 7000 -0.004191526976458764 14000 -0.9916169460470823 
m400028 6000 -0.005761281274354451 7000 -0.005761281274354451 14000 -0.9884774374512911 
m400029 6000 -0.006333389385236163 7000 -0.006333389385236163 14000 -0.9873332212295277 
m400030 6000 -0.00018539938127038722 7000 -0.00018539938127038722 14000 -0.9996292012374594 
m400031 6000 -0.0015179949795709538 7000 -0.0015179949795709538 14000 -0.996964010040858 
m400032 6000 -0.003986325623122428 7000 -0.003986325623122428 14000 -0.9920273487537551 
m400033 6000 -0.005844829665244449 7000 -0.005844829665244449 14000 -0.9883103406695111 
m400034 6000 -0.006367047979261888 7000 -0.006367047979261888 14000 -0.9872659040414762 
m400035 6000 -5.743054588052238e-05 7000 -5.743054588052238e-05 14000 -0.9998851389082389 
m400036 6000 -0.0015116766106388667 7000 -0.0015116766106388667 14000 -0.9969766467787221 
m400037 6000 -0.003953838186209545 7000 -0.003953838186209545 14000 -0.9920923236275808 
m400038 6000 -0.005655176623572663 7000 -0.005655176623572663 14000 -0.9886896467528549 
m400039 6000 -0.0063608427231142016 7000 -0.0063608427231142016 14000 -0.9872783145537716 
m400040 6000 -0.00011252217751164626 7000 -0.00011252217751164626 14000 -0.9997749556449768 
m400041 6000 -0.0015169601355506269 7000 -0.0015169601355506269 14000 -0.9969660797288988 
m400042 6000 -0.004114532148367059 7000 -0.004114532148367059 14000 -0.9917709357032658 
m400043 6000 -0.00556655943429086 7000 -0.00556655943429086 14000 -0.9888668811314179 
m400044 6000 -0.0063192454001216114 7000 -0.0063192454001216114 14000 -0.9873615091997568 
m400045 6000 -5.658948822682284e-05 7000 -5.658948822682284e-05 14000 -0.9998868210235463 
m400046 6000 -0.001375336426254175 7000 -0.001375336426254175 14000 -0.9972493271474917 
m400047 6000 -0.004155584389591997 7000 -0.004155584389591997 14000 -0.991688831220816 
m400048 6000 -0.005826557163412298 7000 -0.005826557163412298 14000 -0.9883468856731752 
m400049 6000 -0.006280967545285565 7000 -0.006280967545285565 14000 -0.987438064909429 
m400050 6000 -7.432855106525938e-05 7000 -7.432855106525938e-05 14000 -0.9998513428978696 
m400051 6000 -0.0013538167506113436 7000 -0.0013538167506113436 14000 -0.9972923664987775 
m400052 6000 -0.003940034203010326 7000 -0.003940034203010326 14000 -0.9921199315939789 
m400053 6000 -0.005779143839950889 7000 -0.005779143839950889 14000 -0.988441712320098 
m400054 6000 -0.006330633028393229 7000 -0.006330633028393229 14000 -0.9873387339432135 
m400055 6000 -9.836198488699165e-05 7000 -9.836198488699165e-05 14000 -0.999803276030226 
m400056 6000 -0.00156551073888022 7000 -0.00156551073888022 14000 -0.9968689785222397 
m400057 6000 -0.004012643091116577 7000 -0.004012643091116577 14000 -0.9919747138177668 
m400058 6000 -0.005655572982725481 7000 -0.005655572982725481 14000 -0.9886888540345486 
m400059 6000 -0.006351252015451527 7000 -0.006351252015451527 14000 -0.987297495969097 
m400060 6000 -6.0890142459676944e-05 7000 -6.0890142459676944e-05 14000 -0.9998782197150807 
m400061 6000 -0.001537246712848779 7000 -0.001537246712848779 14000 -0.9969255065743025 
m400062 6000 -0.0037358030227284834 7000 -0.0037358030227284834 14000 -0.9925283939545432 
m400063 6000 -0.0058591071809031845 7000 -0.0058591071809031845 14000 -0.9882817856381934 
m400064 6000 -0.006320008659709838 7000 -0.006320008659709838 14000 -0.9873599826805805 
m400065 6000 -0.00011358558461809747 7000 -0.00011358558461809747 14000 -0.9997728288307637 
m400066 6000 -0.001536827673111991 7000 -0.001536827673111991 14000 -0.9969263446537759 
m400067 6000 -0.0037902577916777767 7000 -0.0037902577916777767 14000 -0.9924194844166442 
m400068 6000 -0.005724683717913884 7000 -0.005724683717913884 14000 -0.9885506325641721 
m400069 6000 -0.006339794194053946 7000 -0.006339794194053946 14000 -0.9873204116118921 
m400070 6000 -0.0001185694912026853 7000 -0.0001185694912026853 14000 -0.9997628610175946 
m400071 6000 -0.001626018210441102 7000 -0.001626018210441102 14000 -0.9967479635791178 
m400072 6000 -0.0036899279016942305 7000 -0.0036899279016942305 14000 -0.9926201441966117 
m400073 6000 -0.005874997900608183 7000 -0.005874997900608183 14000 -0.9882500041987834 
m400074 6000 -0.0063115140139368845 7000 -0.0063115140139368845 14000 -0.9873769719721258 
m400075 6000 -0.00010171970190138912 7000 -0.00010171970190138912 14000 -0.9997965605961973 
m400076 6000 -0.0017827528697453331 7000 -0.0017827528697453331 14000 -0.9964344942605091 
m400077 6000 -0.0041482671256166835 7000 -0.0041482671256166835 14000 -0.9917034657487664 
m400078 6000 -0.00570884149792724 7000 -0.00570884149792724 14000 -0.9885823170041457 
m400079 6000 -0.006339703886940777 7000 -0.006339703886940777 14000 -0.9873205922261186 
m400080 6000 -0.00014073616317181488 7000 -0.00014073616317181488 14000 -0.9997185276736563 
m400081 6000 -0.0021017603096671143 7000 -0.0021017603096671143 14000 -0.9957964793806657 
m400082 6000 -0.0037496781051265565 7000 -0.0037496781051265565 14000 -0.9925006437897466 
m400083 6000 -0.005640229453931091 7000 -0.005640229453931091 14000 -0.9887195410921376 
m400084 6000 -0.006311991825721055 7000 -0.006311991825721055 14000 -0.9873760163485578 
m400085 6000 -0.00015965734114372355 7000 -0.00015965734114372355 14000 -0.9996806853177125 
m400086 6000 -0.0011638973735652838 7000 -0.0011638973735652838 14000 -0.9976722052528696 
m400087 6000 -0.00379488943770115 7000 -0.00379488943770115 14000 -0.9924102211245974 
m400088 6000 -0.005586538912373428 7000 -0.005586538912373428 14000 -0.9888269221752536 
m400089 6000 -0.0063117906456584974 7000 -0.0063117906456584974 14000 -0.9873764187086829 
m400090 6000 -8.62532119230559e-05 7000 -8.62532119230559e-05 14000 -0.9998274935761539 
m400091 6000 -0.001368626962580994 7000 -0.001368626962580994 14000 -0.997262746074838 
m400092 6000 -0.004111635873593262 7000 -0.004111635873593262 14000 -0.9917767282528135 
m400093 6000 -0.005779908136385406 7000 -0.005779908136385406 14000 -0.9884401837272292 
m400094 6000 -0.006275574383479976 7000 -0.006275574383479976 14000 -0.9874488512330405 
m400095 6000 -6.470087627742786e-05 7000 -6.470087627742786e-05 14000 -0.9998705982474451 
m400096 6000 -0.0015776596742546184 7000 -0.0015776596742546184 14000 -0.9968446806514906 
m400097 6000 -0.0041629853705843 7000 -0.0041629853705843 14000 -0.9916740292588314 
m400098 6000 -0.005669947971535432 7000 -0.005669947971535432 14000 -0.9886601040569287 
m400099 6000 -0.006336944967471934 7000 -0.006336944967471934 14000 -0.9873261100650559 
m400100 6000 -0.00012329698128142713 7000 -0.00012329698128142713 14000 -0.9997534060374371 
m400101 6000 -0.002003222688475761 7000 -0.002003222688475761 14000 -0.9959935546230486 
m400102 6000 -0.00425913792154643 7000 -0.00425913792154643 14000 -0.9914817241569074 
m400103 6000 -0.00548079129229921 7000 -0.00548079129229921 14000 -0.9890384174154013 
m400104 6000 -0.006338976741736493 7000 -0.006338976741736493 14000 -0.9873220465165272 
m400105 6000 -0.00014811156816521296 7000 -0.00014811156816521296 14000 -0.9997037768636696 
m400106 6000 -0.001822179019590088 7000 -0.001822179019590088 14000 -0.9963556419608198 
m400107 6000 -0.003832146428734312 7000 -0.003832146428734312 14000 -0.9923357071425314 
m400108 6000 -0.005779973128819152 7000 -0.005779973128819152 14000 -0.988440053742362 
m400109 6000 -0.006337126969024541 7000 -0.006337126969024541 14000 -0.987325746061951 
m400110 6000 -0.00015484302624645327 7000 -0.00015484302624645327 14000 -0.9996903139475068 
m400111 6000 -0.0015562247591300632 7000 -0.0015562247591300632 14000 -0.9968875504817397 
m400112 6000 -0.00391983208384198 7000 -0.00391983208384198 14000 -0.9921603358323162 
m400113 6000 -0.005821974481563792 7000 -0.005821974481563792 14000 -0.988356051036872 
m400114 6000 -0.006352384249844645 7000 -0.006352384249844645 14000 -0.987295231500311 
m400115 6000 -9.283149812228544e-05 7000 -9.283149812228544e-05 14000 -0.9998143370037553 
m400116 6000 -0.001417584336747744 7000 -0.001417584336747744 14000 -0.9971648313265044 
m400117 6000 -0.004045284679161529 7000 -0.004045284679161529 14000 -0.9919094306416771 
m400118 6000 -0.005773626654735454 7000 -0.005773626654735454 14000 -0.9884527466905291 
m400119 6000 -0.006317339108156893 7000 -0.006317339108156893 14000 -0.9873653217836862 
m400120 6000 -0.0001543920465580795 7000 -0.0001543920465580795 14000 -0.999691215906884 
m400121 6000 -0.0018108527364740167 7000 -0.0018108527364740167 14000 -0.9963782945270521 
m400122 6000 -0.003691450349241424 7000 -0.003691450349241424 14000 -0.9926170993015172 
m400123 6000 -0.005805040820249598 7000 -0.005805040820249598 14000 -0.9883899183595009 
m400124 6000 -0.006326456738321437 7000 -0.006326456738321437 14000 -0.9873470865233568 
c **********************************
c PE+Pb, dens=4.78 g/cm3
m2      6000    -0.04286 $Carbon
        1001    -0.00714 $Hydrogen
        82000   -0.95000 $Lead
c **********************************
m3    1001 -0.048535 $Boric acid
      5010 -0.034981
      5011 -0.139923
      8016 -0.776561
c **********************************
m4    82000 1 $Lead
c **********************************
m5 26000 1 $Iron
c **********************************
m6     13027   -1.000 $ Aluminum
c **********************************
c  SS-304 (8.00 g/cm3), #298 in PNNL Compendium
m7   006000.50c -0.0004000
     014000.60c -0.0050000
     015031.50c -0.0002300
     016000.60c -0.0001500
     024000.50c -0.1899981
     025055.60c -0.0099999
     026000.50c -0.7017229
     028000.50c -0.0924991
c ****************************************
c       LaBr detector
c ****************************************
m8       35079    -0.2946       $ Br79
         35081    -0.3069       $ Br81
         57139    -0.3485       $ La139
         58140    -0.0500       $ Ce140
c ************ air den=1.15e-3g/cc
m12     8016 -0.23
        7014 -0.77
c ************ Rubber Natural den=0.92 g/cc
m13     1001 -0.118371  $weight fraction
        6000 -0.881629
c
c end material cards
c
rand seed=8674536546524321 $different initial random #; seed# - any less 18 digits
c
c ********** begin tallies *********************
fc78 *********Broadened Pulse Height Tally Sum of Detectors 1,2 & 3 ***********
e78 0 1e-5 932i 8.4295
F78:p (101)
FT78 GEB -0.026198 0.059551 -0.037176
fc18 *********Unbroadened Pulse Height Tally Sum of Detectors 1,2 & 3 ***********
e18 0 1e-5 932i 8.4295
F18:p (101)
c ***********************************
c mplot tal 78 freq 10000
nps 1e9
