c CAS DETECTOR
c w/ Shielding in Place and Wheels
c
c CELL CARDS
c
c @@@@@@@@@@ Detectors @@@@@@@@@@@@@@@@@
c
101 8 -5.08 -21 imp:n,p 1 $LaBr Detector #1 Active Region
c
c @@@@@@@@@ Shielding @@@@@@@@@@@@@@@@@
c
121 2 -4.78 -31 imp:n,p 1 $PE_Pb
122 4 -11.29 -32 imp:n,p 1 $Pb1
123 4 -11.29 -33 imp:n,p 1 $Pb2
124 4 -11.29 -34 imp:n,p 1 $Pb3
125 4 -11.29 -35 imp:n,p 1 $Pb4
126 4 -11.29 -36 imp:n,p 1 $Pb5
127 4 -11.29 -37 imp:n,p 1 $Pb6
128 3 -1.5 -38 imp:n,p 1 $BA1
129 3 -1.5 -39 imp:n,p 1 $BA2
130 6 -2.7 -40 imp:n,p 1 $Al
131 7 -7.92 301 -302 303 -304 imp:n,p 1 $Fe-tube
132 5 -7.8 -401 imp:n,p 1 $Fe
133 5 -7.8 -402 imp:n,p 1 $Fe
c @@@@@@@@@@ Wheels @@@@@@@@@@@@@@@@@
c
21 13 -0.92 -41 42 imp:n,p 1 $Wheel 1
211 13 -0.92 -421 422 imp:n,p 1 $Wheel 1
212 13 -0.92 -423 424 imp:n,p 1 $Wheel 1
22 13 -0.92 -43 44 imp:n,p 1 $Wheel 2
221 13 -0.92 -441 442 imp:n,p 1 $Wheel 2
222 13 -0.92 -443 444 imp:n,p 1 $Wheel 2
23 13 -0.92 -45 46 imp:n,p 1 $Wheel 3
231 13 -0.92 -461 462 imp:n,p 1 $Wheel 3
232 13 -0.92 -463 464 imp:n,p 1 $Wheel 3
24 13 -0.92 -47 48 imp:n,p 1 $Wheel 4
241 13 -0.92 -481 482 imp:n,p 1 $Wheel 4
242 13 -0.92 -483 484 imp:n,p 1 $Wheel 4
c
c @@@@@@@@@@ SOIL VOLUME @@@@@@@@@@@
c
300000 400000 -2.156 20010 -20011 20020 -20021 20030 -20031 imp:n,p 1
300001 400001 -2.156 20010 -20011 20020 -20021 20031 -20032 imp:n,p 1
300002 400002 -2.156 20010 -20011 20020 -20021 20032 -20033 imp:n,p 1
300003 400003 -2.156 20010 -20011 20020 -20021 20033 -20034 imp:n,p 1
300004 400004 -2.156 20010 -20011 20020 -20021 20034 -20035 imp:n,p 1
300005 400005 -2.156 20011 -20012 20020 -20021 20030 -20031 imp:n,p 1
300006 400006 -2.156 20011 -20012 20020 -20021 20031 -20032 imp:n,p 1
300007 400007 -2.156 20011 -20012 20020 -20021 20032 -20033 imp:n,p 1
300008 400008 -2.156 20011 -20012 20020 -20021 20033 -20034 imp:n,p 1
300009 400009 -2.156 20011 -20012 20020 -20021 20034 -20035 imp:n,p 1
300010 400010 -2.156 20012 -20013 20020 -20021 20030 -20031 imp:n,p 1
300011 400011 -2.156 20012 -20013 20020 -20021 20031 -20032 imp:n,p 1
300012 400012 -2.156 20012 -20013 20020 -20021 20032 -20033 imp:n,p 1
300013 400013 -2.156 20012 -20013 20020 -20021 20033 -20034 imp:n,p 1
300014 400014 -2.156 20012 -20013 20020 -20021 20034 -20035 imp:n,p 1
300015 400015 -2.156 20013 -20014 20020 -20021 20030 -20031 imp:n,p 1
300016 400016 -2.156 20013 -20014 20020 -20021 20031 -20032 imp:n,p 1
300017 400017 -2.156 20013 -20014 20020 -20021 20032 -20033 imp:n,p 1
300018 400018 -2.156 20013 -20014 20020 -20021 20033 -20034 imp:n,p 1
300019 400019 -2.156 20013 -20014 20020 -20021 20034 -20035 imp:n,p 1
300020 400020 -2.156 20014 -20015 20020 -20021 20030 -20031 imp:n,p 1
300021 400021 -2.156 20014 -20015 20020 -20021 20031 -20032 imp:n,p 1
300022 400022 -2.156 20014 -20015 20020 -20021 20032 -20033 imp:n,p 1
300023 400023 -2.156 20014 -20015 20020 -20021 20033 -20034 imp:n,p 1
300024 400024 -2.156 20014 -20015 20020 -20021 20034 -20035 imp:n,p 1
300025 400025 -2.156 20010 -20011 20021 -20022 20030 -20031 imp:n,p 1
300026 400026 -2.156 20010 -20011 20021 -20022 20031 -20032 imp:n,p 1
300027 400027 -2.156 20010 -20011 20021 -20022 20032 -20033 imp:n,p 1
300028 400028 -2.156 20010 -20011 20021 -20022 20033 -20034 imp:n,p 1
300029 400029 -2.156 20010 -20011 20021 -20022 20034 -20035 imp:n,p 1
300030 400030 -2.156 20011 -20012 20021 -20022 20030 -20031 imp:n,p 1
300031 400031 -2.156 20011 -20012 20021 -20022 20031 -20032 imp:n,p 1
300032 400032 -2.156 20011 -20012 20021 -20022 20032 -20033 imp:n,p 1
300033 400033 -2.156 20011 -20012 20021 -20022 20033 -20034 imp:n,p 1
300034 400034 -2.156 20011 -20012 20021 -20022 20034 -20035 imp:n,p 1
300035 400035 -2.156 20012 -20013 20021 -20022 20030 -20031 imp:n,p 1
300036 400036 -2.156 20012 -20013 20021 -20022 20031 -20032 imp:n,p 1
300037 400037 -2.156 20012 -20013 20021 -20022 20032 -20033 imp:n,p 1
300038 400038 -2.156 20012 -20013 20021 -20022 20033 -20034 imp:n,p 1
300039 400039 -2.156 20012 -20013 20021 -20022 20034 -20035 imp:n,p 1
300040 400040 -2.156 20013 -20014 20021 -20022 20030 -20031 imp:n,p 1
300041 400041 -2.156 20013 -20014 20021 -20022 20031 -20032 imp:n,p 1
300042 400042 -2.156 20013 -20014 20021 -20022 20032 -20033 imp:n,p 1
300043 400043 -2.156 20013 -20014 20021 -20022 20033 -20034 imp:n,p 1
300044 400044 -2.156 20013 -20014 20021 -20022 20034 -20035 imp:n,p 1
300045 400045 -2.156 20014 -20015 20021 -20022 20030 -20031 imp:n,p 1
300046 400046 -2.156 20014 -20015 20021 -20022 20031 -20032 imp:n,p 1
300047 400047 -2.156 20014 -20015 20021 -20022 20032 -20033 imp:n,p 1
300048 400048 -2.156 20014 -20015 20021 -20022 20033 -20034 imp:n,p 1
300049 400049 -2.156 20014 -20015 20021 -20022 20034 -20035 imp:n,p 1
300050 400050 -2.156 20010 -20011 20022 -20023 20030 -20031 imp:n,p 1
300051 400051 -2.156 20010 -20011 20022 -20023 20031 -20032 imp:n,p 1
300052 400052 -2.156 20010 -20011 20022 -20023 20032 -20033 imp:n,p 1
300053 400053 -2.156 20010 -20011 20022 -20023 20033 -20034 imp:n,p 1
300054 400054 -2.156 20010 -20011 20022 -20023 20034 -20035 imp:n,p 1
300055 400055 -2.156 20011 -20012 20022 -20023 20030 -20031 imp:n,p 1
300056 400056 -2.156 20011 -20012 20022 -20023 20031 -20032 imp:n,p 1
300057 400057 -2.156 20011 -20012 20022 -20023 20032 -20033 imp:n,p 1
300058 400058 -2.156 20011 -20012 20022 -20023 20033 -20034 imp:n,p 1
300059 400059 -2.156 20011 -20012 20022 -20023 20034 -20035 imp:n,p 1
300060 400060 -2.156 20012 -20013 20022 -20023 20030 -20031 imp:n,p 1
300061 400061 -2.156 20012 -20013 20022 -20023 20031 -20032 imp:n,p 1
300062 400062 -2.156 20012 -20013 20022 -20023 20032 -20033 imp:n,p 1
300063 400063 -2.156 20012 -20013 20022 -20023 20033 -20034 imp:n,p 1
300064 400064 -2.156 20012 -20013 20022 -20023 20034 -20035 imp:n,p 1
300065 400065 -2.156 20013 -20014 20022 -20023 20030 -20031 imp:n,p 1
300066 400066 -2.156 20013 -20014 20022 -20023 20031 -20032 imp:n,p 1
300067 400067 -2.156 20013 -20014 20022 -20023 20032 -20033 imp:n,p 1
300068 400068 -2.156 20013 -20014 20022 -20023 20033 -20034 imp:n,p 1
300069 400069 -2.156 20013 -20014 20022 -20023 20034 -20035 imp:n,p 1
300070 400070 -2.156 20014 -20015 20022 -20023 20030 -20031 imp:n,p 1
300071 400071 -2.156 20014 -20015 20022 -20023 20031 -20032 imp:n,p 1
300072 400072 -2.156 20014 -20015 20022 -20023 20032 -20033 imp:n,p 1
300073 400073 -2.156 20014 -20015 20022 -20023 20033 -20034 imp:n,p 1
300074 400074 -2.156 20014 -20015 20022 -20023 20034 -20035 imp:n,p 1
300075 400075 -2.156 20010 -20011 20023 -20024 20030 -20031 imp:n,p 1
300076 400076 -2.156 20010 -20011 20023 -20024 20031 -20032 imp:n,p 1
300077 400077 -2.156 20010 -20011 20023 -20024 20032 -20033 imp:n,p 1
300078 400078 -2.156 20010 -20011 20023 -20024 20033 -20034 imp:n,p 1
300079 400079 -2.156 20010 -20011 20023 -20024 20034 -20035 imp:n,p 1
300080 400080 -2.156 20011 -20012 20023 -20024 20030 -20031 imp:n,p 1
300081 400081 -2.156 20011 -20012 20023 -20024 20031 -20032 imp:n,p 1
300082 400082 -2.156 20011 -20012 20023 -20024 20032 -20033 imp:n,p 1
300083 400083 -2.156 20011 -20012 20023 -20024 20033 -20034 imp:n,p 1
300084 400084 -2.156 20011 -20012 20023 -20024 20034 -20035 imp:n,p 1
300085 400085 -2.156 20012 -20013 20023 -20024 20030 -20031 imp:n,p 1
300086 400086 -2.156 20012 -20013 20023 -20024 20031 -20032 imp:n,p 1
300087 400087 -2.156 20012 -20013 20023 -20024 20032 -20033 imp:n,p 1
300088 400088 -2.156 20012 -20013 20023 -20024 20033 -20034 imp:n,p 1
300089 400089 -2.156 20012 -20013 20023 -20024 20034 -20035 imp:n,p 1
300090 400090 -2.156 20013 -20014 20023 -20024 20030 -20031 imp:n,p 1
300091 400091 -2.156 20013 -20014 20023 -20024 20031 -20032 imp:n,p 1
300092 400092 -2.156 20013 -20014 20023 -20024 20032 -20033 imp:n,p 1
300093 400093 -2.156 20013 -20014 20023 -20024 20033 -20034 imp:n,p 1
300094 400094 -2.156 20013 -20014 20023 -20024 20034 -20035 imp:n,p 1
300095 400095 -2.156 20014 -20015 20023 -20024 20030 -20031 imp:n,p 1
300096 400096 -2.156 20014 -20015 20023 -20024 20031 -20032 imp:n,p 1
300097 400097 -2.156 20014 -20015 20023 -20024 20032 -20033 imp:n,p 1
300098 400098 -2.156 20014 -20015 20023 -20024 20033 -20034 imp:n,p 1
300099 400099 -2.156 20014 -20015 20023 -20024 20034 -20035 imp:n,p 1
300100 400100 -2.156 20010 -20011 20024 -20025 20030 -20031 imp:n,p 1
300101 400101 -2.156 20010 -20011 20024 -20025 20031 -20032 imp:n,p 1
300102 400102 -2.156 20010 -20011 20024 -20025 20032 -20033 imp:n,p 1
300103 400103 -2.156 20010 -20011 20024 -20025 20033 -20034 imp:n,p 1
300104 400104 -2.156 20010 -20011 20024 -20025 20034 -20035 imp:n,p 1
300105 400105 -2.156 20011 -20012 20024 -20025 20030 -20031 imp:n,p 1
300106 400106 -2.156 20011 -20012 20024 -20025 20031 -20032 imp:n,p 1
300107 400107 -2.156 20011 -20012 20024 -20025 20032 -20033 imp:n,p 1
300108 400108 -2.156 20011 -20012 20024 -20025 20033 -20034 imp:n,p 1
300109 400109 -2.156 20011 -20012 20024 -20025 20034 -20035 imp:n,p 1
300110 400110 -2.156 20012 -20013 20024 -20025 20030 -20031 imp:n,p 1
300111 400111 -2.156 20012 -20013 20024 -20025 20031 -20032 imp:n,p 1
300112 400112 -2.156 20012 -20013 20024 -20025 20032 -20033 imp:n,p 1
300113 400113 -2.156 20012 -20013 20024 -20025 20033 -20034 imp:n,p 1
300114 400114 -2.156 20012 -20013 20024 -20025 20034 -20035 imp:n,p 1
300115 400115 -2.156 20013 -20014 20024 -20025 20030 -20031 imp:n,p 1
300116 400116 -2.156 20013 -20014 20024 -20025 20031 -20032 imp:n,p 1
300117 400117 -2.156 20013 -20014 20024 -20025 20032 -20033 imp:n,p 1
300118 400118 -2.156 20013 -20014 20024 -20025 20033 -20034 imp:n,p 1
300119 400119 -2.156 20013 -20014 20024 -20025 20034 -20035 imp:n,p 1
300120 400120 -2.156 20014 -20015 20024 -20025 20030 -20031 imp:n,p 1
300121 400121 -2.156 20014 -20015 20024 -20025 20031 -20032 imp:n,p 1
300122 400122 -2.156 20014 -20015 20024 -20025 20032 -20033 imp:n,p 1
300123 400123 -2.156 20014 -20015 20024 -20025 20033 -20034 imp:n,p 1
300124 400124 -2.156 20014 -20015 20024 -20025 20034 -20035 imp:n,p 1
c
30 12 -0.00129 -200 #101 #121 #122 #123 #124 #125 #126 #127 #128 #129 #130 #131 #132 #133
        #21 #211 #212 #22 #221 #222 #23 #231 #232 #24 #241 #242 #20 imp:n,p 1 $Rest of the World
31 0 200 imp:n,p 0 $Outside world

c SURFACE CARDS
c
c Sample Volume
20010 px -56.0
20011 px -33.600000000000364
20012 px -11.200000000000728
20013 px 11.200000000000728
20014 px 33.600000000000364
20015 px 56.0
20020 py -45.0
20021 py -27.0
20022 py -9.0
20023 py 9.0
20024 py 27.0
20025 py 45.0
20030 pz 92.0
20031 pz 82.0
20032 pz 72.0
20033 pz 62.0
20034 pz 52.0
20035 pz 42.0
c Active Detector Region
21 rcc 56  -5.0 -1.0   0.0 20.3 0.0   4.5 $Detector 1 Base center, Hx,Hy,Hz, radius
c Shielding Surfaces
c Shielding Pb
31 rpp 19 29 -7.5 7.5 -11 9 $PbPE xmin xmax ymin ymax zmin zmax
32 rpp 9 19 4 9 -11 9 $Pb xmin xmax ymin ymax zmin zmax
33 rpp 9 19 -9 -4 -11 9 $Pb xmin xmax ymin ymax zmin zmax
34 rpp 19 29 7.5 12.5 -11 9 $Pb xmin xmax ymin ymax zmin zmax
35 rpp 19 29 -12.5 -7.5 -11 9 $Pb xmin xmax ymin ymax zmin zmax
36 rpp 29 34 -15 15 -11 9 $Pb xmin xmax ymin ymax zmin zmax
37 rpp 9 19 -4 4 4 9 $Pb xmin xmax ymin ymax zmin zmax
38 rpp -26 26 18 28 -11 9 $BA1 xmin xmax ymin ymax zmin zmax
39 rpp -26 26 -28 -18 -11 9 $BA2 xmin xmax ymin ymax zmin zmax
40 rpp -65 65 -28 28 10 10.5 $Al xmin xmax ymin ymax zmin zmax
401 rpp -27 27 29 34 -11 9 $Fe xmin xmax ymin ymax zmin zmax
402 rpp -27 27 -34 -29 -11 9 $Fe xmin xmax ymin ymax zmin zmax
301 px -20
302 px 18
303 cx 3.71
304 cx 3.81
c Wheels Surfaces
c 23/10.5-12 turf tires, 22.6 lb rubber
c diameter 29cm, tread width 25cm, and sidewall height 13.76 cm
c set thickness of all sides 1.3 cm (s.t. weight is 22.6 lb)
41 rcc -2 77 8   0.0 25 0.0 29 $wheel 1 outer tread surface
42 rcc -2 77 8   0.0 25 0.0 27.7 $wheel 1 inner tread surface
421 rcc -2 75.7 8   0.0 1.3 0.0 29 $wheel 1 outside sidewall exterior
422 rcc -2 75.7 8   0.0 1.3 0.0 15.24 $wheel 1 outside sidewall interior
423 rcc -2 102 8   0.0 1.3 0.0 29 $wheel 1 inside sidewall exterior
424 rcc -2 102 8   0.0 1.3 0.0 15.24 $wheel 1 inside sidewall interior
43 rcc 68 77 8   0.0 25 0.0 29 $wheel 2
44 rcc 68 77 8   0.0 25 0.0 27.7
441 rcc 68 75.7 8   0.0 1.3 0.0 29
442 rcc 68 75.7 8   0.0 1.3 0.0 15.24
443 rcc 68 102 8   0.0 1.3 0.0 29
444 rcc 68 102 8   0.0 1.3 0.0 15.24
45 rcc -2 -77 8   0.0 -25 0.0 29 $wheel 3
46 rcc -2 -77 8   0.0 -25 0.0 27.7
461 rcc -2 -75.7 8   0.0 -1.3 0.0 29
462 rcc -2 -75.7 8   0.0 -1.3 0.0 15.24
463 rcc -2 -102 8   0.0 -1.3 0.0 29
464 rcc -2 -102 8   0.0 -1.3 0.0 15.24
47 rcc 68 -77 8   0.0 -25 0.0 29 $wheel 4
48 rcc 68 -77 8   0.0 -25 0.0 27.7
481 rcc 68 -75.7 8   0.0 -1.3 0.0 29
482 rcc 68 -75.7 8   0.0 -1.3 0.0 15.24
483 rcc 68 -102 8   0.0 -1.3 0.0 29
484 rcc 68 -102 8   0.0 -1.3 0.0 15.24
200 so 800    $sphere of 800cm centered at origin
c

c DATA CARDS
mode n p
c dump every hr
prdmp -60 -60 -1
c 100 keV Neutron Energy Cutoff
Cut:n 1j 0.1
c analog neutron transport
phys:n 1j 14
phys:p
sdef pos=0 0 0 erg=14.0 vec= 0 0 1 dir=d1
si1  -1 .93 1
sp1   0  0.0  1.0
c ********************
c begin material cards
c ********************
c Pure Carbon
c ****************************************
m400000 6000 -5.952214552162917e-05 7000 -5.952214552162917e-05 14000 -0.9998809557089569 
m400001 6000 -0.001477792672750812 7000 -0.001477792672750812 14000 -0.9970444146544982 
m400002 6000 -0.0042885699243985845 7000 -0.0042885699243985845 14000 -0.991422860151203 
m400003 6000 -0.00555092359834721 7000 -0.00555092359834721 14000 -0.9888981528033055 
m400004 6000 -0.00627316231666942 7000 -0.00627316231666942 14000 -0.987453675366661 
m400005 6000 -7.71192241429566e-05 7000 -7.71192241429566e-05 14000 -0.9998457615517141 
m400006 6000 -0.0018638345252317355 7000 -0.0018638345252317355 14000 -0.9962723309495364 
m400007 6000 -0.004006784886963381 7000 -0.004006784886963381 14000 -0.9919864302260735 
m400008 6000 -0.005737607101248781 7000 -0.005737607101248781 14000 -0.9885247857975026 
m400009 6000 -0.006290653418006851 7000 -0.006290653418006851 14000 -0.9874186931639863 
m400010 6000 -6.768836457643671e-05 7000 -6.768836457643671e-05 14000 -0.9998646232708469 
m400011 6000 -0.0015407167139287502 7000 -0.0015407167139287502 14000 -0.9969185665721426 
m400012 6000 -0.0036451147845252235 7000 -0.0036451147845252235 14000 -0.9927097704309494 
m400013 6000 -0.0057692105002572725 7000 -0.0057692105002572725 14000 -0.9884615789994856 
m400014 6000 -0.006265918396530023 7000 -0.006265918396530023 14000 -0.9874681632069398 
m400015 6000 -7.245927209907644e-05 7000 -7.245927209907644e-05 14000 -0.9998550814558019 
m400016 6000 -0.0015760984016336033 7000 -0.0015760984016336033 14000 -0.9968478031967326 
m400017 6000 -0.0038408551770607955 7000 -0.0038408551770607955 14000 -0.9923182896458784 
m400018 6000 -0.005702761516129877 7000 -0.005702761516129877 14000 -0.9885944769677405 
m400019 6000 -0.006315785275971608 7000 -0.006315785275971608 14000 -0.9873684294480569 
m400020 6000 -0.000155515843147053 7000 -0.000155515843147053 14000 -0.9996889683137059 
m400021 6000 -0.0015971854337412932 7000 -0.0015971854337412932 14000 -0.9968056291325178 
m400022 6000 -0.004265726027302354 7000 -0.004265726027302354 14000 -0.9914685479453956 
m400023 6000 -0.005691840760029225 7000 -0.005691840760029225 14000 -0.9886163184799416 
m400024 6000 -0.006289937836787257 7000 -0.006289937836787257 14000 -0.9874201243264252 
m400025 6000 -0.00011685630407270473 7000 -0.00011685630407270473 14000 -0.9997662873918545 
m400026 6000 -0.0014316472703079976 7000 -0.0014316472703079976 14000 -0.9971367054593842 
m400027 6000 -0.004105108598726147 7000 -0.004105108598726147 14000 -0.9917897828025474 
m400028 6000 -0.005822422036690989 7000 -0.005822422036690989 14000 -0.9883551559266184 
m400029 6000 -0.006273372367111189 7000 -0.006273372367111189 14000 -0.987453255265778 
m400030 6000 -0.00012674884332261615 7000 -0.00012674884332261615 14000 -0.9997465023133547 
m400031 6000 -0.0017811815063598902 7000 -0.0017811815063598902 14000 -0.99643763698728 
m400032 6000 -0.003960545615075906 7000 -0.003960545615075906 14000 -0.9920789087698485 
m400033 6000 -0.005792074441381545 7000 -0.005792074441381545 14000 -0.9884158511172368 
m400034 6000 -0.006278937019211251 7000 -0.006278937019211251 14000 -0.9874421259615775 
m400035 6000 -0.00011960545471713068 7000 -0.00011960545471713068 14000 -0.9997607890905659 
m400036 6000 -0.0015561527762866017 7000 -0.0015561527762866017 14000 -0.9968876944474268 
m400037 6000 -0.003919988488778536 7000 -0.003919988488778536 14000 -0.9921600230224431 
m400038 6000 -0.0056688532950447445 7000 -0.0056688532950447445 14000 -0.9886622934099105 
m400039 6000 -0.006281041298072629 7000 -0.006281041298072629 14000 -0.9874379174038548 
m400040 6000 -0.0001488842162011772 7000 -0.0001488842162011772 14000 -0.9997022315675977 
m400041 6000 -0.0015983816615110361 7000 -0.0015983816615110361 14000 -0.9968032366769782 
m400042 6000 -0.004099400991212945 7000 -0.004099400991212945 14000 -0.9918011980175737 
m400043 6000 -0.005658965292378642 7000 -0.005658965292378642 14000 -0.9886820694152426 
m400044 6000 -0.006313582665744437 7000 -0.006313582665744437 14000 -0.9873728346685112 
m400045 6000 -0.00015630259788781105 7000 -0.00015630259788781105 14000 -0.9996873948042243 
m400046 6000 -0.0011340273206353316 7000 -0.0011340273206353316 14000 -0.9977319453587293 
m400047 6000 -0.0038385231407521802 7000 -0.0038385231407521802 14000 -0.9923229537184959 
m400048 6000 -0.005765865639456359 7000 -0.005765865639456359 14000 -0.988468268721087 
m400049 6000 -0.006263023369407971 7000 -0.006263023369407971 14000 -0.987473953261184 
m400050 6000 -0.00010350104337692081 7000 -0.00010350104337692081 14000 -0.999792997913246 
m400051 6000 -0.001222640422460134 7000 -0.001222640422460134 14000 -0.9975547191550796 
m400052 6000 -0.003916987148901776 7000 -0.003916987148901776 14000 -0.992166025702196 
m400053 6000 -0.005834437685581745 7000 -0.005834437685581745 14000 -0.9883311246288367 
m400054 6000 -0.006250867752904412 7000 -0.006250867752904412 14000 -0.9874982644941916 
m400055 6000 -0.00011359938193861814 7000 -0.00011359938193861814 14000 -0.9997728012361228 
m400056 6000 -0.0010826056204544816 7000 -0.0010826056204544816 14000 -0.9978347887590912 
m400057 6000 -0.004115522396053461 7000 -0.004115522396053461 14000 -0.9917689552078932 
m400058 6000 -0.005673538845357971 7000 -0.005673538845357971 14000 -0.9886529223092836 
m400059 6000 -0.006245630625353823 7000 -0.006245630625353823 14000 -0.9875087387492926 
m400060 6000 -7.409029627587343e-05 7000 -7.409029627587343e-05 14000 -0.9998518194074483 
m400061 6000 -0.0012968927690859737 7000 -0.0012968927690859737 14000 -0.9974062144618275 
m400062 6000 -0.004068424524151578 7000 -0.004068424524151578 14000 -0.9918631509516969 
m400063 6000 -0.005671914363493306 7000 -0.005671914363493306 14000 -0.9886561712730133 
m400064 6000 -0.00627350622081983 7000 -0.00627350622081983 14000 -0.9874529875583603 
m400065 6000 -0.00011494277865734185 7000 -0.00011494277865734185 14000 -0.9997701144426853 
m400066 6000 -0.0012483119894941882 7000 -0.0012483119894941882 14000 -0.9975033760210117 
m400067 6000 -0.003894024211292799 7000 -0.003894024211292799 14000 -0.9922119515774144 
m400068 6000 -0.0057070347395640235 7000 -0.0057070347395640235 14000 -0.988585930520872 
m400069 6000 -0.0062885471949988845 7000 -0.0062885471949988845 14000 -0.987422905610002 
m400070 6000 -9.115193375433234e-05 7000 -9.115193375433234e-05 14000 -0.9998176961324913 
m400071 6000 -0.001340228330702074 7000 -0.001340228330702074 14000 -0.997319543338596 
m400072 6000 -0.004012986219455588 7000 -0.004012986219455588 14000 -0.9919740275610884 
m400073 6000 -0.005783008005668182 7000 -0.005783008005668182 14000 -0.988433983988664 
m400074 6000 -0.006257255462776087 7000 -0.006257255462776087 14000 -0.9874854890744476 
m400075 6000 -8.044417355592273e-05 7000 -8.044417355592273e-05 14000 -0.9998391116528882 
m400076 6000 -0.0010423388459358213 7000 -0.0010423388459358213 14000 -0.9979153223081283 
m400077 6000 -0.004103920772328496 7000 -0.004103920772328496 14000 -0.991792158455343 
m400078 6000 -0.0056971137122033555 7000 -0.0056971137122033555 14000 -0.9886057725755931 
m400079 6000 -0.00623382062006718 7000 -0.00623382062006718 14000 -0.9875323587598657 
m400080 6000 -3.464153264581377e-05 7000 -3.464153264581377e-05 14000 -0.9999307169347083 
m400081 6000 -0.0014962640341409591 7000 -0.0014962640341409591 14000 -0.9970074719317179 
m400082 6000 -0.004108122499331515 7000 -0.004108122499331515 14000 -0.991783755001337 
m400083 6000 -0.005500271253503688 7000 -0.005500271253503688 14000 -0.9889994574929925 
m400084 6000 -0.006248869966690851 7000 -0.006248869966690851 14000 -0.9875022600666182 
m400085 6000 -9.709022421394215e-05 7000 -9.709022421394215e-05 14000 -0.9998058195515721 
m400086 6000 -0.001306453021390033 7000 -0.001306453021390033 14000 -0.99738709395722 
m400087 6000 -0.004067950726698432 7000 -0.004067950726698432 14000 -0.991864098546603 
m400088 6000 -0.005573802577118838 7000 -0.005573802577118838 14000 -0.9888523948457624 
m400089 6000 -0.006259810705877169 7000 -0.006259810705877169 14000 -0.9874803785882458 
m400090 6000 -0.00011442503164648737 7000 -0.00011442503164648737 14000 -0.999771149936707 
m400091 6000 -0.0020371435106808144 7000 -0.0020371435106808144 14000 -0.9959257129786384 
m400092 6000 -0.003949455048659156 7000 -0.003949455048659156 14000 -0.9921010899026814 
m400093 6000 -0.00570688015147918 7000 -0.00570688015147918 14000 -0.9885862396970413 
m400094 6000 -0.006279067426129931 7000 -0.006279067426129931 14000 -0.9874418651477405 
m400095 6000 -0.0001086904128649149 7000 -0.0001086904128649149 14000 -0.9997826191742702 
m400096 6000 -0.001550530234361782 7000 -0.001550530234361782 14000 -0.9968989395312764 
m400097 6000 -0.0038828667509027254 7000 -0.0038828667509027254 14000 -0.9922342664981946 
m400098 6000 -0.005852528097282998 7000 -0.005852528097282998 14000 -0.988294943805434 
m400099 6000 -0.006300012160705445 7000 -0.006300012160705445 14000 -0.9873999756785891 
m400100 6000 -0.0001524384022925701 7000 -0.0001524384022925701 14000 -0.999695123195415 
m400101 6000 -0.001181220139017017 7000 -0.001181220139017017 14000 -0.9976375597219659 
m400102 6000 -0.003877963657009624 7000 -0.003877963657009624 14000 -0.9922440726859805 
m400103 6000 -0.005588770933112091 7000 -0.005588770933112091 14000 -0.9888224581337762 
m400104 6000 -0.006247034672297972 7000 -0.006247034672297972 14000 -0.987505930655404 
m400105 6000 -0.00017565685630634278 7000 -0.00017565685630634278 14000 -0.9996486862873872 
m400106 6000 -0.0012255066152281487 7000 -0.0012255066152281487 14000 -0.9975489867695434 
m400107 6000 -0.003865781399564418 7000 -0.003865781399564418 14000 -0.9922684372008712 
m400108 6000 -0.005686407202326804 7000 -0.005686407202326804 14000 -0.9886271855953465 
m400109 6000 -0.006285002884363084 7000 -0.006285002884363084 14000 -0.9874299942312738 
m400110 6000 -0.00013230874695952096 7000 -0.00013230874695952096 14000 -0.9997353825060808 
m400111 6000 -0.0016583602460004997 7000 -0.0016583602460004997 14000 -0.9966832795079987 
m400112 6000 -0.003990579636983193 7000 -0.003990579636983193 14000 -0.9920188407260335 
m400113 6000 -0.005627917447929559 7000 -0.005627917447929559 14000 -0.988744165104141 
m400114 6000 -0.006281541171636059 7000 -0.006281541171636059 14000 -0.987436917656728 
m400115 6000 -6.735210524697333e-05 7000 -6.735210524697333e-05 14000 -0.9998652957895058 
m400116 6000 -0.001171736485828749 7000 -0.001171736485828749 14000 -0.9976565270283427 
m400117 6000 -0.004090238355157558 7000 -0.004090238355157558 14000 -0.9918195232896848 
m400118 6000 -0.005626559228162462 7000 -0.005626559228162462 14000 -0.9887468815436748 
m400119 6000 -0.00627594810018971 7000 -0.00627594810018971 14000 -0.9874481037996204 
m400120 6000 -0.00020491464092291654 7000 -0.00020491464092291654 14000 -0.9995901707181541 
m400121 6000 -0.0014693605484306293 7000 -0.0014693605484306293 14000 -0.9970612789031388 
m400122 6000 -0.004074817862145904 7000 -0.004074817862145904 14000 -0.9918503642757082 
m400123 6000 -0.005833082038636439 7000 -0.005833082038636439 14000 -0.988333835922727 
m400124 6000 -0.006277110595662866 7000 -0.006277110595662866 14000 -0.987445778808674 
c **********************************
c PE+Pb, dens=4.78 g/cm3
m2      6000    -0.04286 $Carbon
        1001    -0.00714 $Hydrogen
        82000   -0.95000 $Lead
c **********************************
m3    1001 -0.048535 $Boric acid
      5010 -0.034981
      5011 -0.139923
      8016 -0.776561
c **********************************
m4    82000 1 $Lead
c **********************************
m5 26000 1 $Iron
c **********************************
m6     13027   -1.000 $ Aluminum
c **********************************
c  SS-304 (8.00 g/cm3), #298 in PNNL Compendium
m7   006000.50c -0.0004000
     014000.60c -0.0050000
     015031.50c -0.0002300
     016000.60c -0.0001500
     024000.50c -0.1899981
     025055.60c -0.0099999
     026000.50c -0.7017229
     028000.50c -0.0924991
c ****************************************
c       LaBr detector
c ****************************************
m8       35079    -0.2946       $ Br79
         35081    -0.3069       $ Br81
         57139    -0.3485       $ La139
         58140    -0.0500       $ Ce140
c ************ air den=1.15e-3g/cc
m12     8016 -0.23
        7014 -0.77
c ************ Rubber Natural den=0.92 g/cc
m13     1001 -0.118371  $weight fraction
        6000 -0.881629
c
c end material cards
c
rand seed=8674536546524321 $different initial random #; seed# - any less 18 digits
c
c ********** begin tallies *********************
fc78 *********Broadened Pulse Height Tally Sum of Detectors 1,2 & 3 ***********
e78 0 1e-5 932i 8.4295
F78:p (101)
FT78 GEB -0.026198 0.059551 -0.037176
fc18 *********Unbroadened Pulse Height Tally Sum of Detectors 1,2 & 3 ***********
e18 0 1e-5 932i 8.4295
F18:p (101)
c ***********************************
c mplot tal 78 freq 10000
nps 1e9
