c CAS DETECTOR
c w/ Shielding in Place and Wheels
c
c CELL CARDS
c
c @@@@@@@@@@ Detectors @@@@@@@@@@@@@@@@@
c
101 8 -5.08 -21 imp:n,p 1 $LaBr Detector #1 Active Region
c
c @@@@@@@@@ Shielding @@@@@@@@@@@@@@@@@
c
121 2 -4.78 -31 imp:n,p 1 $PE_Pb
122 4 -11.29 -32 imp:n,p 1 $Pb1
123 4 -11.29 -33 imp:n,p 1 $Pb2
124 4 -11.29 -34 imp:n,p 1 $Pb3
125 4 -11.29 -35 imp:n,p 1 $Pb4
126 4 -11.29 -36 imp:n,p 1 $Pb5
127 4 -11.29 -37 imp:n,p 1 $Pb6
128 3 -1.5 -38 imp:n,p 1 $BA1
129 3 -1.5 -39 imp:n,p 1 $BA2
130 6 -2.7 -40 imp:n,p 1 $Al
131 7 -7.92 301 -302 303 -304 imp:n,p 1 $Fe-tube
132 5 -7.8 -401 imp:n,p 1 $Fe
133 5 -7.8 -402 imp:n,p 1 $Fe
c @@@@@@@@@@ Wheels @@@@@@@@@@@@@@@@@
c
21 13 -0.92 -41 42 imp:n,p 1 $Wheel 1
211 13 -0.92 -421 422 imp:n,p 1 $Wheel 1
212 13 -0.92 -423 424 imp:n,p 1 $Wheel 1
22 13 -0.92 -43 44 imp:n,p 1 $Wheel 2
221 13 -0.92 -441 442 imp:n,p 1 $Wheel 2
222 13 -0.92 -443 444 imp:n,p 1 $Wheel 2
23 13 -0.92 -45 46 imp:n,p 1 $Wheel 3
231 13 -0.92 -461 462 imp:n,p 1 $Wheel 3
232 13 -0.92 -463 464 imp:n,p 1 $Wheel 3
24 13 -0.92 -47 48 imp:n,p 1 $Wheel 4
241 13 -0.92 -481 482 imp:n,p 1 $Wheel 4
242 13 -0.92 -483 484 imp:n,p 1 $Wheel 4
c
c @@@@@@@@@@ SOIL VOLUME @@@@@@@@@@@
c
300000 400000 -2.156 20010 -20011 20020 -20021 20030 -20031 imp:n,p 1
300001 400001 -2.156 20010 -20011 20020 -20021 20031 -20032 imp:n,p 1
300002 400002 -2.156 20010 -20011 20020 -20021 20032 -20033 imp:n,p 1
300003 400003 -2.156 20010 -20011 20020 -20021 20033 -20034 imp:n,p 1
300004 400004 -2.156 20010 -20011 20020 -20021 20034 -20035 imp:n,p 1
300005 400005 -2.156 20011 -20012 20020 -20021 20030 -20031 imp:n,p 1
300006 400006 -2.156 20011 -20012 20020 -20021 20031 -20032 imp:n,p 1
300007 400007 -2.156 20011 -20012 20020 -20021 20032 -20033 imp:n,p 1
300008 400008 -2.156 20011 -20012 20020 -20021 20033 -20034 imp:n,p 1
300009 400009 -2.156 20011 -20012 20020 -20021 20034 -20035 imp:n,p 1
300010 400010 -2.156 20012 -20013 20020 -20021 20030 -20031 imp:n,p 1
300011 400011 -2.156 20012 -20013 20020 -20021 20031 -20032 imp:n,p 1
300012 400012 -2.156 20012 -20013 20020 -20021 20032 -20033 imp:n,p 1
300013 400013 -2.156 20012 -20013 20020 -20021 20033 -20034 imp:n,p 1
300014 400014 -2.156 20012 -20013 20020 -20021 20034 -20035 imp:n,p 1
300015 400015 -2.156 20013 -20014 20020 -20021 20030 -20031 imp:n,p 1
300016 400016 -2.156 20013 -20014 20020 -20021 20031 -20032 imp:n,p 1
300017 400017 -2.156 20013 -20014 20020 -20021 20032 -20033 imp:n,p 1
300018 400018 -2.156 20013 -20014 20020 -20021 20033 -20034 imp:n,p 1
300019 400019 -2.156 20013 -20014 20020 -20021 20034 -20035 imp:n,p 1
300020 400020 -2.156 20014 -20015 20020 -20021 20030 -20031 imp:n,p 1
300021 400021 -2.156 20014 -20015 20020 -20021 20031 -20032 imp:n,p 1
300022 400022 -2.156 20014 -20015 20020 -20021 20032 -20033 imp:n,p 1
300023 400023 -2.156 20014 -20015 20020 -20021 20033 -20034 imp:n,p 1
300024 400024 -2.156 20014 -20015 20020 -20021 20034 -20035 imp:n,p 1
300025 400025 -2.156 20010 -20011 20021 -20022 20030 -20031 imp:n,p 1
300026 400026 -2.156 20010 -20011 20021 -20022 20031 -20032 imp:n,p 1
300027 400027 -2.156 20010 -20011 20021 -20022 20032 -20033 imp:n,p 1
300028 400028 -2.156 20010 -20011 20021 -20022 20033 -20034 imp:n,p 1
300029 400029 -2.156 20010 -20011 20021 -20022 20034 -20035 imp:n,p 1
300030 400030 -2.156 20011 -20012 20021 -20022 20030 -20031 imp:n,p 1
300031 400031 -2.156 20011 -20012 20021 -20022 20031 -20032 imp:n,p 1
300032 400032 -2.156 20011 -20012 20021 -20022 20032 -20033 imp:n,p 1
300033 400033 -2.156 20011 -20012 20021 -20022 20033 -20034 imp:n,p 1
300034 400034 -2.156 20011 -20012 20021 -20022 20034 -20035 imp:n,p 1
300035 400035 -2.156 20012 -20013 20021 -20022 20030 -20031 imp:n,p 1
300036 400036 -2.156 20012 -20013 20021 -20022 20031 -20032 imp:n,p 1
300037 400037 -2.156 20012 -20013 20021 -20022 20032 -20033 imp:n,p 1
300038 400038 -2.156 20012 -20013 20021 -20022 20033 -20034 imp:n,p 1
300039 400039 -2.156 20012 -20013 20021 -20022 20034 -20035 imp:n,p 1
300040 400040 -2.156 20013 -20014 20021 -20022 20030 -20031 imp:n,p 1
300041 400041 -2.156 20013 -20014 20021 -20022 20031 -20032 imp:n,p 1
300042 400042 -2.156 20013 -20014 20021 -20022 20032 -20033 imp:n,p 1
300043 400043 -2.156 20013 -20014 20021 -20022 20033 -20034 imp:n,p 1
300044 400044 -2.156 20013 -20014 20021 -20022 20034 -20035 imp:n,p 1
300045 400045 -2.156 20014 -20015 20021 -20022 20030 -20031 imp:n,p 1
300046 400046 -2.156 20014 -20015 20021 -20022 20031 -20032 imp:n,p 1
300047 400047 -2.156 20014 -20015 20021 -20022 20032 -20033 imp:n,p 1
300048 400048 -2.156 20014 -20015 20021 -20022 20033 -20034 imp:n,p 1
300049 400049 -2.156 20014 -20015 20021 -20022 20034 -20035 imp:n,p 1
300050 400050 -2.156 20010 -20011 20022 -20023 20030 -20031 imp:n,p 1
300051 400051 -2.156 20010 -20011 20022 -20023 20031 -20032 imp:n,p 1
300052 400052 -2.156 20010 -20011 20022 -20023 20032 -20033 imp:n,p 1
300053 400053 -2.156 20010 -20011 20022 -20023 20033 -20034 imp:n,p 1
300054 400054 -2.156 20010 -20011 20022 -20023 20034 -20035 imp:n,p 1
300055 400055 -2.156 20011 -20012 20022 -20023 20030 -20031 imp:n,p 1
300056 400056 -2.156 20011 -20012 20022 -20023 20031 -20032 imp:n,p 1
300057 400057 -2.156 20011 -20012 20022 -20023 20032 -20033 imp:n,p 1
300058 400058 -2.156 20011 -20012 20022 -20023 20033 -20034 imp:n,p 1
300059 400059 -2.156 20011 -20012 20022 -20023 20034 -20035 imp:n,p 1
300060 400060 -2.156 20012 -20013 20022 -20023 20030 -20031 imp:n,p 1
300061 400061 -2.156 20012 -20013 20022 -20023 20031 -20032 imp:n,p 1
300062 400062 -2.156 20012 -20013 20022 -20023 20032 -20033 imp:n,p 1
300063 400063 -2.156 20012 -20013 20022 -20023 20033 -20034 imp:n,p 1
300064 400064 -2.156 20012 -20013 20022 -20023 20034 -20035 imp:n,p 1
300065 400065 -2.156 20013 -20014 20022 -20023 20030 -20031 imp:n,p 1
300066 400066 -2.156 20013 -20014 20022 -20023 20031 -20032 imp:n,p 1
300067 400067 -2.156 20013 -20014 20022 -20023 20032 -20033 imp:n,p 1
300068 400068 -2.156 20013 -20014 20022 -20023 20033 -20034 imp:n,p 1
300069 400069 -2.156 20013 -20014 20022 -20023 20034 -20035 imp:n,p 1
300070 400070 -2.156 20014 -20015 20022 -20023 20030 -20031 imp:n,p 1
300071 400071 -2.156 20014 -20015 20022 -20023 20031 -20032 imp:n,p 1
300072 400072 -2.156 20014 -20015 20022 -20023 20032 -20033 imp:n,p 1
300073 400073 -2.156 20014 -20015 20022 -20023 20033 -20034 imp:n,p 1
300074 400074 -2.156 20014 -20015 20022 -20023 20034 -20035 imp:n,p 1
300075 400075 -2.156 20010 -20011 20023 -20024 20030 -20031 imp:n,p 1
300076 400076 -2.156 20010 -20011 20023 -20024 20031 -20032 imp:n,p 1
300077 400077 -2.156 20010 -20011 20023 -20024 20032 -20033 imp:n,p 1
300078 400078 -2.156 20010 -20011 20023 -20024 20033 -20034 imp:n,p 1
300079 400079 -2.156 20010 -20011 20023 -20024 20034 -20035 imp:n,p 1
300080 400080 -2.156 20011 -20012 20023 -20024 20030 -20031 imp:n,p 1
300081 400081 -2.156 20011 -20012 20023 -20024 20031 -20032 imp:n,p 1
300082 400082 -2.156 20011 -20012 20023 -20024 20032 -20033 imp:n,p 1
300083 400083 -2.156 20011 -20012 20023 -20024 20033 -20034 imp:n,p 1
300084 400084 -2.156 20011 -20012 20023 -20024 20034 -20035 imp:n,p 1
300085 400085 -2.156 20012 -20013 20023 -20024 20030 -20031 imp:n,p 1
300086 400086 -2.156 20012 -20013 20023 -20024 20031 -20032 imp:n,p 1
300087 400087 -2.156 20012 -20013 20023 -20024 20032 -20033 imp:n,p 1
300088 400088 -2.156 20012 -20013 20023 -20024 20033 -20034 imp:n,p 1
300089 400089 -2.156 20012 -20013 20023 -20024 20034 -20035 imp:n,p 1
300090 400090 -2.156 20013 -20014 20023 -20024 20030 -20031 imp:n,p 1
300091 400091 -2.156 20013 -20014 20023 -20024 20031 -20032 imp:n,p 1
300092 400092 -2.156 20013 -20014 20023 -20024 20032 -20033 imp:n,p 1
300093 400093 -2.156 20013 -20014 20023 -20024 20033 -20034 imp:n,p 1
300094 400094 -2.156 20013 -20014 20023 -20024 20034 -20035 imp:n,p 1
300095 400095 -2.156 20014 -20015 20023 -20024 20030 -20031 imp:n,p 1
300096 400096 -2.156 20014 -20015 20023 -20024 20031 -20032 imp:n,p 1
300097 400097 -2.156 20014 -20015 20023 -20024 20032 -20033 imp:n,p 1
300098 400098 -2.156 20014 -20015 20023 -20024 20033 -20034 imp:n,p 1
300099 400099 -2.156 20014 -20015 20023 -20024 20034 -20035 imp:n,p 1
300100 400100 -2.156 20010 -20011 20024 -20025 20030 -20031 imp:n,p 1
300101 400101 -2.156 20010 -20011 20024 -20025 20031 -20032 imp:n,p 1
300102 400102 -2.156 20010 -20011 20024 -20025 20032 -20033 imp:n,p 1
300103 400103 -2.156 20010 -20011 20024 -20025 20033 -20034 imp:n,p 1
300104 400104 -2.156 20010 -20011 20024 -20025 20034 -20035 imp:n,p 1
300105 400105 -2.156 20011 -20012 20024 -20025 20030 -20031 imp:n,p 1
300106 400106 -2.156 20011 -20012 20024 -20025 20031 -20032 imp:n,p 1
300107 400107 -2.156 20011 -20012 20024 -20025 20032 -20033 imp:n,p 1
300108 400108 -2.156 20011 -20012 20024 -20025 20033 -20034 imp:n,p 1
300109 400109 -2.156 20011 -20012 20024 -20025 20034 -20035 imp:n,p 1
300110 400110 -2.156 20012 -20013 20024 -20025 20030 -20031 imp:n,p 1
300111 400111 -2.156 20012 -20013 20024 -20025 20031 -20032 imp:n,p 1
300112 400112 -2.156 20012 -20013 20024 -20025 20032 -20033 imp:n,p 1
300113 400113 -2.156 20012 -20013 20024 -20025 20033 -20034 imp:n,p 1
300114 400114 -2.156 20012 -20013 20024 -20025 20034 -20035 imp:n,p 1
300115 400115 -2.156 20013 -20014 20024 -20025 20030 -20031 imp:n,p 1
300116 400116 -2.156 20013 -20014 20024 -20025 20031 -20032 imp:n,p 1
300117 400117 -2.156 20013 -20014 20024 -20025 20032 -20033 imp:n,p 1
300118 400118 -2.156 20013 -20014 20024 -20025 20033 -20034 imp:n,p 1
300119 400119 -2.156 20013 -20014 20024 -20025 20034 -20035 imp:n,p 1
300120 400120 -2.156 20014 -20015 20024 -20025 20030 -20031 imp:n,p 1
300121 400121 -2.156 20014 -20015 20024 -20025 20031 -20032 imp:n,p 1
300122 400122 -2.156 20014 -20015 20024 -20025 20032 -20033 imp:n,p 1
300123 400123 -2.156 20014 -20015 20024 -20025 20033 -20034 imp:n,p 1
300124 400124 -2.156 20014 -20015 20024 -20025 20034 -20035 imp:n,p 1
c
30 12 -0.00129 -200 #101 #121 #122 #123 #124 #125 #126 #127 #128 #129 #130 #131 #132 #133
        #21 #211 #212 #22 #221 #222 #23 #231 #232 #24 #241 #242 #20 imp:n,p 1 $Rest of the World
31 0 200 imp:n,p 0 $Outside world

c SURFACE CARDS
c
c Sample Volume
20010 px -56.0
20011 px -33.600000000000364
20012 px -11.200000000000728
20013 px 11.200000000000728
20014 px 33.600000000000364
20015 px 56.0
20020 py -45.0
20021 py -27.0
20022 py -9.0
20023 py 9.0
20024 py 27.0
20025 py 45.0
20030 pz 92.0
20031 pz 82.0
20032 pz 72.0
20033 pz 62.0
20034 pz 52.0
20035 pz 42.0
c Active Detector Region
21 rcc 56  -5.0 -1.0   0.0 20.3 0.0   4.5 $Detector 1 Base center, Hx,Hy,Hz, radius
c Shielding Surfaces
c Shielding Pb
31 rpp 19 29 -7.5 7.5 -11 9 $PbPE xmin xmax ymin ymax zmin zmax
32 rpp 9 19 4 9 -11 9 $Pb xmin xmax ymin ymax zmin zmax
33 rpp 9 19 -9 -4 -11 9 $Pb xmin xmax ymin ymax zmin zmax
34 rpp 19 29 7.5 12.5 -11 9 $Pb xmin xmax ymin ymax zmin zmax
35 rpp 19 29 -12.5 -7.5 -11 9 $Pb xmin xmax ymin ymax zmin zmax
36 rpp 29 34 -15 15 -11 9 $Pb xmin xmax ymin ymax zmin zmax
37 rpp 9 19 -4 4 4 9 $Pb xmin xmax ymin ymax zmin zmax
38 rpp -26 26 18 28 -11 9 $BA1 xmin xmax ymin ymax zmin zmax
39 rpp -26 26 -28 -18 -11 9 $BA2 xmin xmax ymin ymax zmin zmax
40 rpp -65 65 -28 28 10 10.5 $Al xmin xmax ymin ymax zmin zmax
401 rpp -27 27 29 34 -11 9 $Fe xmin xmax ymin ymax zmin zmax
402 rpp -27 27 -34 -29 -11 9 $Fe xmin xmax ymin ymax zmin zmax
301 px -20
302 px 18
303 cx 3.71
304 cx 3.81
c Wheels Surfaces
c 23/10.5-12 turf tires, 22.6 lb rubber
c diameter 29cm, tread width 25cm, and sidewall height 13.76 cm
c set thickness of all sides 1.3 cm (s.t. weight is 22.6 lb)
41 rcc -2 77 8   0.0 25 0.0 29 $wheel 1 outer tread surface
42 rcc -2 77 8   0.0 25 0.0 27.7 $wheel 1 inner tread surface
421 rcc -2 75.7 8   0.0 1.3 0.0 29 $wheel 1 outside sidewall exterior
422 rcc -2 75.7 8   0.0 1.3 0.0 15.24 $wheel 1 outside sidewall interior
423 rcc -2 102 8   0.0 1.3 0.0 29 $wheel 1 inside sidewall exterior
424 rcc -2 102 8   0.0 1.3 0.0 15.24 $wheel 1 inside sidewall interior
43 rcc 68 77 8   0.0 25 0.0 29 $wheel 2
44 rcc 68 77 8   0.0 25 0.0 27.7
441 rcc 68 75.7 8   0.0 1.3 0.0 29
442 rcc 68 75.7 8   0.0 1.3 0.0 15.24
443 rcc 68 102 8   0.0 1.3 0.0 29
444 rcc 68 102 8   0.0 1.3 0.0 15.24
45 rcc -2 -77 8   0.0 -25 0.0 29 $wheel 3
46 rcc -2 -77 8   0.0 -25 0.0 27.7
461 rcc -2 -75.7 8   0.0 -1.3 0.0 29
462 rcc -2 -75.7 8   0.0 -1.3 0.0 15.24
463 rcc -2 -102 8   0.0 -1.3 0.0 29
464 rcc -2 -102 8   0.0 -1.3 0.0 15.24
47 rcc 68 -77 8   0.0 -25 0.0 29 $wheel 4
48 rcc 68 -77 8   0.0 -25 0.0 27.7
481 rcc 68 -75.7 8   0.0 -1.3 0.0 29
482 rcc 68 -75.7 8   0.0 -1.3 0.0 15.24
483 rcc 68 -102 8   0.0 -1.3 0.0 29
484 rcc 68 -102 8   0.0 -1.3 0.0 15.24
200 so 800    $sphere of 800cm centered at origin
c

c DATA CARDS
mode n p
c dump every hr
prdmp -60 -60 -1
c 100 keV Neutron Energy Cutoff
Cut:n 1j 0.1
c analog neutron transport
phys:n 1j 14
phys:p
sdef pos=0 0 0 erg=14.0 vec= 0 0 1 dir=d1
si1  -1 .93 1
sp1   0  0.0  1.0
c ********************
c begin material cards
c ********************
c Pure Carbon
c ****************************************
m400000 6000 -4.6937947749494215e-05 7000 -4.6937947749494215e-05 14000 -0.9999061241045011 
m400001 6000 -0.0017419113806661926 7000 -0.0017419113806661926 14000 -0.9965161772386676 
m400002 6000 -0.004124238033652534 7000 -0.004124238033652534 14000 -0.991751523932695 
m400003 6000 -0.005663619021333038 7000 -0.005663619021333038 14000 -0.9886727619573341 
m400004 6000 -0.0063282523870549605 7000 -0.0063282523870549605 14000 -0.9873434952258902 
m400005 6000 -9.989713476346694e-05 7000 -9.989713476346694e-05 14000 -0.9998002057304731 
m400006 6000 -0.0018401936860584318 7000 -0.0018401936860584318 14000 -0.9963196126278833 
m400007 6000 -0.0042581504122015616 7000 -0.0042581504122015616 14000 -0.9914836991755969 
m400008 6000 -0.005713277077335608 7000 -0.005713277077335608 14000 -0.9885734458453288 
m400009 6000 -0.006236260883213682 7000 -0.006236260883213682 14000 -0.9875274782335727 
m400010 6000 -0.000146177148050228 7000 -0.000146177148050228 14000 -0.9997076457038995 
m400011 6000 -0.0014930263861531543 7000 -0.0014930263861531543 14000 -0.9970139472276937 
m400012 6000 -0.003902646785141579 7000 -0.003902646785141579 14000 -0.992194706429717 
m400013 6000 -0.005798924234194039 7000 -0.005798924234194039 14000 -0.9884021515316119 
m400014 6000 -0.006248081677807213 7000 -0.006248081677807213 14000 -0.9875038366443855 
m400015 6000 -0.00016893506982437113 7000 -0.00016893506982437113 14000 -0.9996621298603514 
m400016 6000 -0.001151540490549699 7000 -0.001151540490549699 14000 -0.9976969190189007 
m400017 6000 -0.003877657189473672 7000 -0.003877657189473672 14000 -0.9922446856210531 
m400018 6000 -0.005584613668927165 7000 -0.005584613668927165 14000 -0.9888307726621457 
m400019 6000 -0.006319503171253661 7000 -0.006319503171253661 14000 -0.9873609936574924 
m400020 6000 -6.363516095106832e-05 7000 -6.363516095106832e-05 14000 -0.9998727296780978 
m400021 6000 -0.001289576652113558 7000 -0.001289576652113558 14000 -0.9974208466957729 
m400022 6000 -0.003894747458267682 7000 -0.003894747458267682 14000 -0.9922105050834646 
m400023 6000 -0.005447671377995622 7000 -0.005447671377995622 14000 -0.9891046572440086 
m400024 6000 -0.006303138127550242 7000 -0.006303138127550242 14000 -0.9873937237448996 
m400025 6000 -7.657041156521899e-05 7000 -7.657041156521899e-05 14000 -0.9998468591768696 
m400026 6000 -0.0016513034829312933 7000 -0.0016513034829312933 14000 -0.9966973930341372 
m400027 6000 -0.0041385297277412745 7000 -0.0041385297277412745 14000 -0.9917229405445176 
m400028 6000 -0.005844947918531469 7000 -0.005844947918531469 14000 -0.9883101041629371 
m400029 6000 -0.006290413056580557 7000 -0.006290413056580557 14000 -0.9874191738868389 
m400030 6000 -9.801727482460067e-05 7000 -9.801727482460067e-05 14000 -0.9998039654503508 
m400031 6000 -0.0015575379939094989 7000 -0.0015575379939094989 14000 -0.9968849240121809 
m400032 6000 -0.004057297676799113 7000 -0.004057297676799113 14000 -0.9918854046464015 
m400033 6000 -0.005761256552247279 7000 -0.005761256552247279 14000 -0.9884774868955055 
m400034 6000 -0.006338882789268094 7000 -0.006338882789268094 14000 -0.987322234421464 
m400035 6000 -3.848464457936304e-05 7000 -3.848464457936304e-05 14000 -0.9999230307108412 
m400036 6000 -0.0017184359685719385 7000 -0.0017184359685719385 14000 -0.9965631280628563 
m400037 6000 -0.004082692011030698 7000 -0.004082692011030698 14000 -0.9918346159779386 
m400038 6000 -0.005712646925936716 7000 -0.005712646925936716 14000 -0.9885747061481266 
m400039 6000 -0.0063230098812332445 7000 -0.0063230098812332445 14000 -0.9873539802375335 
m400040 6000 -7.72177628998388e-05 7000 -7.72177628998388e-05 14000 -0.9998455644742004 
m400041 6000 -0.0012580338979138429 7000 -0.0012580338979138429 14000 -0.9974839322041723 
m400042 6000 -0.003689763439147878 7000 -0.003689763439147878 14000 -0.9926204731217044 
m400043 6000 -0.005732448693903396 7000 -0.005732448693903396 14000 -0.9885351026121932 
m400044 6000 -0.006283068848335998 7000 -0.006283068848335998 14000 -0.9874338623033277 
m400045 6000 -0.00016998617804880628 7000 -0.00016998617804880628 14000 -0.9996600276439024 
m400046 6000 -0.0016353352072421262 7000 -0.0016353352072421262 14000 -0.9967293295855159 
m400047 6000 -0.003863122353081299 7000 -0.003863122353081299 14000 -0.9922737552938373 
m400048 6000 -0.0056271587624329164 7000 -0.0056271587624329164 14000 -0.9887456824751338 
m400049 6000 -0.006295119532892173 7000 -0.006295119532892173 14000 -0.9874097609342154 
m400050 6000 -0.00018508039502702488 7000 -0.00018508039502702488 14000 -0.9996298392099459 
m400051 6000 -0.0015578026799708783 7000 -0.0015578026799708783 14000 -0.9968843946400583 
m400052 6000 -0.003964138453394579 7000 -0.003964138453394579 14000 -0.9920717230932107 
m400053 6000 -0.005632818170584343 7000 -0.005632818170584343 14000 -0.9887343636588314 
m400054 6000 -0.0063352066264769245 7000 -0.0063352066264769245 14000 -0.987329586747046 
m400055 6000 -0.00017204870706469627 7000 -0.00017204870706469627 14000 -0.9996559025858706 
m400056 6000 -0.0013782532068464014 7000 -0.0013782532068464014 14000 -0.9972434935863069 
m400057 6000 -0.004039634619397715 7000 -0.004039634619397715 14000 -0.9919207307612049 
m400058 6000 -0.005870868195129518 7000 -0.005870868195129518 14000 -0.9882582636097408 
m400059 6000 -0.006311811969283246 7000 -0.006311811969283246 14000 -0.9873763760614338 
m400060 6000 -8.007747105442557e-05 7000 -8.007747105442557e-05 14000 -0.9998398450578911 
m400061 6000 -0.0017716205347915249 7000 -0.0017716205347915249 14000 -0.9964567589304169 
m400062 6000 -0.004042403230022002 7000 -0.004042403230022002 14000 -0.9919151935399557 
m400063 6000 -0.0057431370906241685 7000 -0.0057431370906241685 14000 -0.9885137258187516 
m400064 6000 -0.0062959236740459555 7000 -0.0062959236740459555 14000 -0.9874081526519078 
m400065 6000 -0.00012096937335984112 7000 -0.00012096937335984112 14000 -0.9997580612532804 
m400066 6000 -0.0019198587629118402 7000 -0.0019198587629118402 14000 -0.9961602824741763 
m400067 6000 -0.003980518083674957 7000 -0.003980518083674957 14000 -0.99203896383265 
m400068 6000 -0.005796708378849409 7000 -0.005796708378849409 14000 -0.988406583242301 
m400069 6000 -0.006309282594712145 7000 -0.006309282594712145 14000 -0.9873814348105756 
m400070 6000 -0.00013164406889627883 7000 -0.00013164406889627883 14000 -0.9997367118622074 
m400071 6000 -0.0017040160031029908 7000 -0.0017040160031029908 14000 -0.9965919679937939 
m400072 6000 -0.0037008282162369938 7000 -0.0037008282162369938 14000 -0.9925983435675261 
m400073 6000 -0.0057933880032631216 7000 -0.0057933880032631216 14000 -0.9884132239934735 
m400074 6000 -0.006284219142599718 7000 -0.006284219142599718 14000 -0.9874315617148005 
m400075 6000 -0.00017022463951538974 7000 -0.00017022463951538974 14000 -0.9996595507209691 
m400076 6000 -0.0015598413375906026 7000 -0.0015598413375906026 14000 -0.9968803173248191 
m400077 6000 -0.003982152340189724 7000 -0.003982152340189724 14000 -0.9920356953196205 
m400078 6000 -0.0056727527472031705 7000 -0.0056727527472031705 14000 -0.9886544945055938 
m400079 6000 -0.006287987812460589 7000 -0.006287987812460589 14000 -0.9874240243750789 
m400080 6000 -0.00014954801280939992 7000 -0.00014954801280939992 14000 -0.9997009039743812 
m400081 6000 -0.0013532711355329395 7000 -0.0013532711355329395 14000 -0.9972934577289341 
m400082 6000 -0.003999347488150551 7000 -0.003999347488150551 14000 -0.9920013050236985 
m400083 6000 -0.005610271351535566 7000 -0.005610271351535566 14000 -0.9887794572969291 
m400084 6000 -0.006322495716295491 7000 -0.006322495716295491 14000 -0.987355008567409 
m400085 6000 -6.716278405272226e-05 7000 -6.716278405272226e-05 14000 -0.9998656744318947 
m400086 6000 -0.001316368709046091 7000 -0.001316368709046091 14000 -0.997367262581908 
m400087 6000 -0.003991522277712845 7000 -0.003991522277712845 14000 -0.9920169554445744 
m400088 6000 -0.005670519549155617 7000 -0.005670519549155617 14000 -0.9886589609016889 
m400089 6000 -0.006320336290036682 7000 -0.006320336290036682 14000 -0.9873593274199264 
m400090 6000 -8.926445110331218e-05 7000 -8.926445110331218e-05 14000 -0.9998214710977933 
m400091 6000 -0.0019792002248932824 7000 -0.0019792002248932824 14000 -0.9960415995502133 
m400092 6000 -0.003977198117447845 7000 -0.003977198117447845 14000 -0.9920456037651049 
m400093 6000 -0.005832910510867821 7000 -0.005832910510867821 14000 -0.9883341789782645 
m400094 6000 -0.006299140597388384 7000 -0.006299140597388384 14000 -0.9874017188052232 
m400095 6000 -0.00013602434461050866 7000 -0.00013602434461050866 14000 -0.9997279513107791 
m400096 6000 -0.0012465893129081959 7000 -0.0012465893129081959 14000 -0.9975068213741836 
m400097 6000 -0.004008077585231451 7000 -0.004008077585231451 14000 -0.9919838448295372 
m400098 6000 -0.0058891059747947705 7000 -0.0058891059747947705 14000 -0.9882217880504106 
m400099 6000 -0.0063009638856597276 7000 -0.0063009638856597276 14000 -0.9873980722286809 
m400100 6000 -0.00021583027903838124 7000 -0.00021583027903838124 14000 -0.9995683394419232 
m400101 6000 -0.0014594451217864774 7000 -0.0014594451217864774 14000 -0.9970811097564272 
m400102 6000 -0.0039257478663097195 7000 -0.0039257478663097195 14000 -0.9921485042673804 
m400103 6000 -0.00591512743987463 7000 -0.00591512743987463 14000 -0.9881697451202506 
m400104 6000 -0.006290413313148877 7000 -0.006290413313148877 14000 -0.9874191733737018 
m400105 6000 -0.00014954966440647126 7000 -0.00014954966440647126 14000 -0.999700900671187 
m400106 6000 -0.0019108054171106158 7000 -0.0019108054171106158 14000 -0.9961783891657788 
m400107 6000 -0.004069152851038025 7000 -0.004069152851038025 14000 -0.9918616942979246 
m400108 6000 -0.0057227290798156725 7000 -0.0057227290798156725 14000 -0.9885545418403687 
m400109 6000 -0.006287302922975064 7000 -0.006287302922975064 14000 -0.9874253941540501 
m400110 6000 -0.0001606324724886874 7000 -0.0001606324724886874 14000 -0.9996787350550228 
m400111 6000 -0.0017415672056970304 7000 -0.0017415672056970304 14000 -0.9965168655886056 
m400112 6000 -0.004522331437902698 7000 -0.004522331437902698 14000 -0.9909553371241945 
m400113 6000 -0.0057880696001487075 7000 -0.0057880696001487075 14000 -0.9884238607997023 
m400114 6000 -0.006319462095633072 7000 -0.006319462095633072 14000 -0.9873610758087338 
m400115 6000 -0.0001411827411799277 7000 -0.0001411827411799277 14000 -0.9997176345176402 
m400116 6000 -0.0017001142631100582 7000 -0.0017001142631100582 14000 -0.9965997714737798 
m400117 6000 -0.004013728934262994 7000 -0.004013728934262994 14000 -0.9919725421314743 
m400118 6000 -0.005863796447679664 7000 -0.005863796447679664 14000 -0.9882724071046403 
m400119 6000 -0.006301495225416328 7000 -0.006301495225416328 14000 -0.9873970095491675 
m400120 6000 -8.617757689095674e-05 7000 -8.617757689095674e-05 14000 -0.999827644846218 
m400121 6000 -0.0016005063463994404 7000 -0.0016005063463994404 14000 -0.9967989873072011 
m400122 6000 -0.003993940106694332 7000 -0.003993940106694332 14000 -0.992012119786611 
m400123 6000 -0.005911560319709499 7000 -0.005911560319709499 14000 -0.9881768793605807 
m400124 6000 -0.006345812141591919 7000 -0.006345812141591919 14000 -0.9873083757168163 
c **********************************
c PE+Pb, dens=4.78 g/cm3
m2      6000    -0.04286 $Carbon
        1001    -0.00714 $Hydrogen
        82000   -0.95000 $Lead
c **********************************
m3    1001 -0.048535 $Boric acid
      5010 -0.034981
      5011 -0.139923
      8016 -0.776561
c **********************************
m4    82000 1 $Lead
c **********************************
m5 26000 1 $Iron
c **********************************
m6     13027   -1.000 $ Aluminum
c **********************************
c  SS-304 (8.00 g/cm3), #298 in PNNL Compendium
m7   006000.50c -0.0004000
     014000.60c -0.0050000
     015031.50c -0.0002300
     016000.60c -0.0001500
     024000.50c -0.1899981
     025055.60c -0.0099999
     026000.50c -0.7017229
     028000.50c -0.0924991
c ****************************************
c       LaBr detector
c ****************************************
m8       35079    -0.2946       $ Br79
         35081    -0.3069       $ Br81
         57139    -0.3485       $ La139
         58140    -0.0500       $ Ce140
c ************ air den=1.15e-3g/cc
m12     8016 -0.23
        7014 -0.77
c ************ Rubber Natural den=0.92 g/cc
m13     1001 -0.118371  $weight fraction
        6000 -0.881629
c
c end material cards
c
rand seed=8674536546524321 $different initial random #; seed# - any less 18 digits
c
c ********** begin tallies *********************
fc78 *********Broadened Pulse Height Tally Sum of Detectors 1,2 & 3 ***********
e78 0 1e-5 932i 8.4295
F78:p (101)
FT78 GEB -0.026198 0.059551 -0.037176
fc18 *********Unbroadened Pulse Height Tally Sum of Detectors 1,2 & 3 ***********
e18 0 1e-5 932i 8.4295
F18:p (101)
c ***********************************
c mplot tal 78 freq 10000
nps 1e9
