c CAS DETECTOR
c w/ Shielding in Place and Wheels
c
c CELL CARDS
c
c @@@@@@@@@@ Detectors @@@@@@@@@@@@@@@@@
c
101 8 -5.08 -21 imp:n,p 1 $LaBr Detector #1 Active Region
c
c @@@@@@@@@ Shielding @@@@@@@@@@@@@@@@@
c
121 2 -4.78 -31 imp:n,p 1 $PE_Pb
122 4 -11.29 -32 imp:n,p 1 $Pb1
123 4 -11.29 -33 imp:n,p 1 $Pb2
124 4 -11.29 -34 imp:n,p 1 $Pb3
125 4 -11.29 -35 imp:n,p 1 $Pb4
126 4 -11.29 -36 imp:n,p 1 $Pb5
127 4 -11.29 -37 imp:n,p 1 $Pb6
128 3 -1.5 -38 imp:n,p 1 $BA1
129 3 -1.5 -39 imp:n,p 1 $BA2
130 6 -2.7 -40 imp:n,p 1 $Al
131 7 -7.92 301 -302 303 -304 imp:n,p 1 $Fe-tube
132 5 -7.8 -401 imp:n,p 1 $Fe
133 5 -7.8 -402 imp:n,p 1 $Fe
c @@@@@@@@@@ Wheels @@@@@@@@@@@@@@@@@
c
21 13 -0.92 -41 42 imp:n,p 1 $Wheel 1
211 13 -0.92 -421 422 imp:n,p 1 $Wheel 1
212 13 -0.92 -423 424 imp:n,p 1 $Wheel 1
22 13 -0.92 -43 44 imp:n,p 1 $Wheel 2
221 13 -0.92 -441 442 imp:n,p 1 $Wheel 2
222 13 -0.92 -443 444 imp:n,p 1 $Wheel 2
23 13 -0.92 -45 46 imp:n,p 1 $Wheel 3
231 13 -0.92 -461 462 imp:n,p 1 $Wheel 3
232 13 -0.92 -463 464 imp:n,p 1 $Wheel 3
24 13 -0.92 -47 48 imp:n,p 1 $Wheel 4
241 13 -0.92 -481 482 imp:n,p 1 $Wheel 4
242 13 -0.92 -483 484 imp:n,p 1 $Wheel 4
c
c @@@@@@@@@@ SOIL VOLUME @@@@@@@@@@@
c
300000 400000 -2.156 20010 -20011 20020 -20021 20030 -20031 imp:n,p 1
300001 400001 -2.156 20010 -20011 20020 -20021 20031 -20032 imp:n,p 1
300002 400002 -2.156 20010 -20011 20020 -20021 20032 -20033 imp:n,p 1
300003 400003 -2.156 20010 -20011 20020 -20021 20033 -20034 imp:n,p 1
300004 400004 -2.156 20010 -20011 20020 -20021 20034 -20035 imp:n,p 1
300005 400005 -2.156 20011 -20012 20020 -20021 20030 -20031 imp:n,p 1
300006 400006 -2.156 20011 -20012 20020 -20021 20031 -20032 imp:n,p 1
300007 400007 -2.156 20011 -20012 20020 -20021 20032 -20033 imp:n,p 1
300008 400008 -2.156 20011 -20012 20020 -20021 20033 -20034 imp:n,p 1
300009 400009 -2.156 20011 -20012 20020 -20021 20034 -20035 imp:n,p 1
300010 400010 -2.156 20012 -20013 20020 -20021 20030 -20031 imp:n,p 1
300011 400011 -2.156 20012 -20013 20020 -20021 20031 -20032 imp:n,p 1
300012 400012 -2.156 20012 -20013 20020 -20021 20032 -20033 imp:n,p 1
300013 400013 -2.156 20012 -20013 20020 -20021 20033 -20034 imp:n,p 1
300014 400014 -2.156 20012 -20013 20020 -20021 20034 -20035 imp:n,p 1
300015 400015 -2.156 20013 -20014 20020 -20021 20030 -20031 imp:n,p 1
300016 400016 -2.156 20013 -20014 20020 -20021 20031 -20032 imp:n,p 1
300017 400017 -2.156 20013 -20014 20020 -20021 20032 -20033 imp:n,p 1
300018 400018 -2.156 20013 -20014 20020 -20021 20033 -20034 imp:n,p 1
300019 400019 -2.156 20013 -20014 20020 -20021 20034 -20035 imp:n,p 1
300020 400020 -2.156 20014 -20015 20020 -20021 20030 -20031 imp:n,p 1
300021 400021 -2.156 20014 -20015 20020 -20021 20031 -20032 imp:n,p 1
300022 400022 -2.156 20014 -20015 20020 -20021 20032 -20033 imp:n,p 1
300023 400023 -2.156 20014 -20015 20020 -20021 20033 -20034 imp:n,p 1
300024 400024 -2.156 20014 -20015 20020 -20021 20034 -20035 imp:n,p 1
300025 400025 -2.156 20010 -20011 20021 -20022 20030 -20031 imp:n,p 1
300026 400026 -2.156 20010 -20011 20021 -20022 20031 -20032 imp:n,p 1
300027 400027 -2.156 20010 -20011 20021 -20022 20032 -20033 imp:n,p 1
300028 400028 -2.156 20010 -20011 20021 -20022 20033 -20034 imp:n,p 1
300029 400029 -2.156 20010 -20011 20021 -20022 20034 -20035 imp:n,p 1
300030 400030 -2.156 20011 -20012 20021 -20022 20030 -20031 imp:n,p 1
300031 400031 -2.156 20011 -20012 20021 -20022 20031 -20032 imp:n,p 1
300032 400032 -2.156 20011 -20012 20021 -20022 20032 -20033 imp:n,p 1
300033 400033 -2.156 20011 -20012 20021 -20022 20033 -20034 imp:n,p 1
300034 400034 -2.156 20011 -20012 20021 -20022 20034 -20035 imp:n,p 1
300035 400035 -2.156 20012 -20013 20021 -20022 20030 -20031 imp:n,p 1
300036 400036 -2.156 20012 -20013 20021 -20022 20031 -20032 imp:n,p 1
300037 400037 -2.156 20012 -20013 20021 -20022 20032 -20033 imp:n,p 1
300038 400038 -2.156 20012 -20013 20021 -20022 20033 -20034 imp:n,p 1
300039 400039 -2.156 20012 -20013 20021 -20022 20034 -20035 imp:n,p 1
300040 400040 -2.156 20013 -20014 20021 -20022 20030 -20031 imp:n,p 1
300041 400041 -2.156 20013 -20014 20021 -20022 20031 -20032 imp:n,p 1
300042 400042 -2.156 20013 -20014 20021 -20022 20032 -20033 imp:n,p 1
300043 400043 -2.156 20013 -20014 20021 -20022 20033 -20034 imp:n,p 1
300044 400044 -2.156 20013 -20014 20021 -20022 20034 -20035 imp:n,p 1
300045 400045 -2.156 20014 -20015 20021 -20022 20030 -20031 imp:n,p 1
300046 400046 -2.156 20014 -20015 20021 -20022 20031 -20032 imp:n,p 1
300047 400047 -2.156 20014 -20015 20021 -20022 20032 -20033 imp:n,p 1
300048 400048 -2.156 20014 -20015 20021 -20022 20033 -20034 imp:n,p 1
300049 400049 -2.156 20014 -20015 20021 -20022 20034 -20035 imp:n,p 1
300050 400050 -2.156 20010 -20011 20022 -20023 20030 -20031 imp:n,p 1
300051 400051 -2.156 20010 -20011 20022 -20023 20031 -20032 imp:n,p 1
300052 400052 -2.156 20010 -20011 20022 -20023 20032 -20033 imp:n,p 1
300053 400053 -2.156 20010 -20011 20022 -20023 20033 -20034 imp:n,p 1
300054 400054 -2.156 20010 -20011 20022 -20023 20034 -20035 imp:n,p 1
300055 400055 -2.156 20011 -20012 20022 -20023 20030 -20031 imp:n,p 1
300056 400056 -2.156 20011 -20012 20022 -20023 20031 -20032 imp:n,p 1
300057 400057 -2.156 20011 -20012 20022 -20023 20032 -20033 imp:n,p 1
300058 400058 -2.156 20011 -20012 20022 -20023 20033 -20034 imp:n,p 1
300059 400059 -2.156 20011 -20012 20022 -20023 20034 -20035 imp:n,p 1
300060 400060 -2.156 20012 -20013 20022 -20023 20030 -20031 imp:n,p 1
300061 400061 -2.156 20012 -20013 20022 -20023 20031 -20032 imp:n,p 1
300062 400062 -2.156 20012 -20013 20022 -20023 20032 -20033 imp:n,p 1
300063 400063 -2.156 20012 -20013 20022 -20023 20033 -20034 imp:n,p 1
300064 400064 -2.156 20012 -20013 20022 -20023 20034 -20035 imp:n,p 1
300065 400065 -2.156 20013 -20014 20022 -20023 20030 -20031 imp:n,p 1
300066 400066 -2.156 20013 -20014 20022 -20023 20031 -20032 imp:n,p 1
300067 400067 -2.156 20013 -20014 20022 -20023 20032 -20033 imp:n,p 1
300068 400068 -2.156 20013 -20014 20022 -20023 20033 -20034 imp:n,p 1
300069 400069 -2.156 20013 -20014 20022 -20023 20034 -20035 imp:n,p 1
300070 400070 -2.156 20014 -20015 20022 -20023 20030 -20031 imp:n,p 1
300071 400071 -2.156 20014 -20015 20022 -20023 20031 -20032 imp:n,p 1
300072 400072 -2.156 20014 -20015 20022 -20023 20032 -20033 imp:n,p 1
300073 400073 -2.156 20014 -20015 20022 -20023 20033 -20034 imp:n,p 1
300074 400074 -2.156 20014 -20015 20022 -20023 20034 -20035 imp:n,p 1
300075 400075 -2.156 20010 -20011 20023 -20024 20030 -20031 imp:n,p 1
300076 400076 -2.156 20010 -20011 20023 -20024 20031 -20032 imp:n,p 1
300077 400077 -2.156 20010 -20011 20023 -20024 20032 -20033 imp:n,p 1
300078 400078 -2.156 20010 -20011 20023 -20024 20033 -20034 imp:n,p 1
300079 400079 -2.156 20010 -20011 20023 -20024 20034 -20035 imp:n,p 1
300080 400080 -2.156 20011 -20012 20023 -20024 20030 -20031 imp:n,p 1
300081 400081 -2.156 20011 -20012 20023 -20024 20031 -20032 imp:n,p 1
300082 400082 -2.156 20011 -20012 20023 -20024 20032 -20033 imp:n,p 1
300083 400083 -2.156 20011 -20012 20023 -20024 20033 -20034 imp:n,p 1
300084 400084 -2.156 20011 -20012 20023 -20024 20034 -20035 imp:n,p 1
300085 400085 -2.156 20012 -20013 20023 -20024 20030 -20031 imp:n,p 1
300086 400086 -2.156 20012 -20013 20023 -20024 20031 -20032 imp:n,p 1
300087 400087 -2.156 20012 -20013 20023 -20024 20032 -20033 imp:n,p 1
300088 400088 -2.156 20012 -20013 20023 -20024 20033 -20034 imp:n,p 1
300089 400089 -2.156 20012 -20013 20023 -20024 20034 -20035 imp:n,p 1
300090 400090 -2.156 20013 -20014 20023 -20024 20030 -20031 imp:n,p 1
300091 400091 -2.156 20013 -20014 20023 -20024 20031 -20032 imp:n,p 1
300092 400092 -2.156 20013 -20014 20023 -20024 20032 -20033 imp:n,p 1
300093 400093 -2.156 20013 -20014 20023 -20024 20033 -20034 imp:n,p 1
300094 400094 -2.156 20013 -20014 20023 -20024 20034 -20035 imp:n,p 1
300095 400095 -2.156 20014 -20015 20023 -20024 20030 -20031 imp:n,p 1
300096 400096 -2.156 20014 -20015 20023 -20024 20031 -20032 imp:n,p 1
300097 400097 -2.156 20014 -20015 20023 -20024 20032 -20033 imp:n,p 1
300098 400098 -2.156 20014 -20015 20023 -20024 20033 -20034 imp:n,p 1
300099 400099 -2.156 20014 -20015 20023 -20024 20034 -20035 imp:n,p 1
300100 400100 -2.156 20010 -20011 20024 -20025 20030 -20031 imp:n,p 1
300101 400101 -2.156 20010 -20011 20024 -20025 20031 -20032 imp:n,p 1
300102 400102 -2.156 20010 -20011 20024 -20025 20032 -20033 imp:n,p 1
300103 400103 -2.156 20010 -20011 20024 -20025 20033 -20034 imp:n,p 1
300104 400104 -2.156 20010 -20011 20024 -20025 20034 -20035 imp:n,p 1
300105 400105 -2.156 20011 -20012 20024 -20025 20030 -20031 imp:n,p 1
300106 400106 -2.156 20011 -20012 20024 -20025 20031 -20032 imp:n,p 1
300107 400107 -2.156 20011 -20012 20024 -20025 20032 -20033 imp:n,p 1
300108 400108 -2.156 20011 -20012 20024 -20025 20033 -20034 imp:n,p 1
300109 400109 -2.156 20011 -20012 20024 -20025 20034 -20035 imp:n,p 1
300110 400110 -2.156 20012 -20013 20024 -20025 20030 -20031 imp:n,p 1
300111 400111 -2.156 20012 -20013 20024 -20025 20031 -20032 imp:n,p 1
300112 400112 -2.156 20012 -20013 20024 -20025 20032 -20033 imp:n,p 1
300113 400113 -2.156 20012 -20013 20024 -20025 20033 -20034 imp:n,p 1
300114 400114 -2.156 20012 -20013 20024 -20025 20034 -20035 imp:n,p 1
300115 400115 -2.156 20013 -20014 20024 -20025 20030 -20031 imp:n,p 1
300116 400116 -2.156 20013 -20014 20024 -20025 20031 -20032 imp:n,p 1
300117 400117 -2.156 20013 -20014 20024 -20025 20032 -20033 imp:n,p 1
300118 400118 -2.156 20013 -20014 20024 -20025 20033 -20034 imp:n,p 1
300119 400119 -2.156 20013 -20014 20024 -20025 20034 -20035 imp:n,p 1
300120 400120 -2.156 20014 -20015 20024 -20025 20030 -20031 imp:n,p 1
300121 400121 -2.156 20014 -20015 20024 -20025 20031 -20032 imp:n,p 1
300122 400122 -2.156 20014 -20015 20024 -20025 20032 -20033 imp:n,p 1
300123 400123 -2.156 20014 -20015 20024 -20025 20033 -20034 imp:n,p 1
300124 400124 -2.156 20014 -20015 20024 -20025 20034 -20035 imp:n,p 1
c
30 12 -0.00129 -200 #101 #121 #122 #123 #124 #125 #126 #127 #128 #129 #130 #131 #132 #133
        #21 #211 #212 #22 #221 #222 #23 #231 #232 #24 #241 #242 #20 imp:n,p 1 $Rest of the World
31 0 200 imp:n,p 0 $Outside world

c SURFACE CARDS
c
c Sample Volume
20010 px -56.0
20011 px -33.600000000000364
20012 px -11.200000000000728
20013 px 11.200000000000728
20014 px 33.600000000000364
20015 px 56.0
20020 py -45.0
20021 py -27.0
20022 py -9.0
20023 py 9.0
20024 py 27.0
20025 py 45.0
20030 pz 92.0
20031 pz 82.0
20032 pz 72.0
20033 pz 62.0
20034 pz 52.0
20035 pz 42.0
c Active Detector Region
21 rcc 56  -5.0 -1.0   0.0 20.3 0.0   4.5 $Detector 1 Base center, Hx,Hy,Hz, radius
c Shielding Surfaces
c Shielding Pb
31 rpp 19 29 -7.5 7.5 -11 9 $PbPE xmin xmax ymin ymax zmin zmax
32 rpp 9 19 4 9 -11 9 $Pb xmin xmax ymin ymax zmin zmax
33 rpp 9 19 -9 -4 -11 9 $Pb xmin xmax ymin ymax zmin zmax
34 rpp 19 29 7.5 12.5 -11 9 $Pb xmin xmax ymin ymax zmin zmax
35 rpp 19 29 -12.5 -7.5 -11 9 $Pb xmin xmax ymin ymax zmin zmax
36 rpp 29 34 -15 15 -11 9 $Pb xmin xmax ymin ymax zmin zmax
37 rpp 9 19 -4 4 4 9 $Pb xmin xmax ymin ymax zmin zmax
38 rpp -26 26 18 28 -11 9 $BA1 xmin xmax ymin ymax zmin zmax
39 rpp -26 26 -28 -18 -11 9 $BA2 xmin xmax ymin ymax zmin zmax
40 rpp -65 65 -28 28 10 10.5 $Al xmin xmax ymin ymax zmin zmax
401 rpp -27 27 29 34 -11 9 $Fe xmin xmax ymin ymax zmin zmax
402 rpp -27 27 -34 -29 -11 9 $Fe xmin xmax ymin ymax zmin zmax
301 px -20
302 px 18
303 cx 3.71
304 cx 3.81
c Wheels Surfaces
c 23/10.5-12 turf tires, 22.6 lb rubber
c diameter 29cm, tread width 25cm, and sidewall height 13.76 cm
c set thickness of all sides 1.3 cm (s.t. weight is 22.6 lb)
41 rcc -2 77 8   0.0 25 0.0 29 $wheel 1 outer tread surface
42 rcc -2 77 8   0.0 25 0.0 27.7 $wheel 1 inner tread surface
421 rcc -2 75.7 8   0.0 1.3 0.0 29 $wheel 1 outside sidewall exterior
422 rcc -2 75.7 8   0.0 1.3 0.0 15.24 $wheel 1 outside sidewall interior
423 rcc -2 102 8   0.0 1.3 0.0 29 $wheel 1 inside sidewall exterior
424 rcc -2 102 8   0.0 1.3 0.0 15.24 $wheel 1 inside sidewall interior
43 rcc 68 77 8   0.0 25 0.0 29 $wheel 2
44 rcc 68 77 8   0.0 25 0.0 27.7
441 rcc 68 75.7 8   0.0 1.3 0.0 29
442 rcc 68 75.7 8   0.0 1.3 0.0 15.24
443 rcc 68 102 8   0.0 1.3 0.0 29
444 rcc 68 102 8   0.0 1.3 0.0 15.24
45 rcc -2 -77 8   0.0 -25 0.0 29 $wheel 3
46 rcc -2 -77 8   0.0 -25 0.0 27.7
461 rcc -2 -75.7 8   0.0 -1.3 0.0 29
462 rcc -2 -75.7 8   0.0 -1.3 0.0 15.24
463 rcc -2 -102 8   0.0 -1.3 0.0 29
464 rcc -2 -102 8   0.0 -1.3 0.0 15.24
47 rcc 68 -77 8   0.0 -25 0.0 29 $wheel 4
48 rcc 68 -77 8   0.0 -25 0.0 27.7
481 rcc 68 -75.7 8   0.0 -1.3 0.0 29
482 rcc 68 -75.7 8   0.0 -1.3 0.0 15.24
483 rcc 68 -102 8   0.0 -1.3 0.0 29
484 rcc 68 -102 8   0.0 -1.3 0.0 15.24
200 so 800    $sphere of 800cm centered at origin
c

c DATA CARDS
mode n p
c dump every hr
prdmp -60 -60 -1
c 100 keV Neutron Energy Cutoff
Cut:n 1j 0.1
c analog neutron transport
phys:n 1j 14
phys:p
sdef pos=0 0 0 erg=14.0 vec= 0 0 1 dir=d1
si1  -1 .93 1
sp1   0  0.0  1.0
c ********************
c begin material cards
c ********************
c Pure Carbon
c ****************************************
m400000 6000 -0.00010181535134118458 7000 -0.00010181535134118458 14000 -0.9997963692973176 
m400001 6000 -0.0016484453573459824 7000 -0.0016484453573459824 14000 -0.9967031092853079 
m400002 6000 -0.003902493520298333 7000 -0.003902493520298333 14000 -0.9921950129594032 
m400003 6000 -0.005677407284356533 7000 -0.005677407284356533 14000 -0.9886451854312874 
m400004 6000 -0.0062655808577301575 7000 -0.0062655808577301575 14000 -0.9874688382845395 
m400005 6000 -0.0001228659256365257 7000 -0.0001228659256365257 14000 -0.9997542681487268 
m400006 6000 -0.001554433200652521 7000 -0.001554433200652521 14000 -0.9968911335986952 
m400007 6000 -0.004105279978667828 7000 -0.004105279978667828 14000 -0.9917894400426642 
m400008 6000 -0.005709212764957566 7000 -0.005709212764957566 14000 -0.9885815744700848 
m400009 6000 -0.00625315346747513 7000 -0.00625315346747513 14000 -0.9874936930650499 
m400010 6000 -0.0001757962426131656 7000 -0.0001757962426131656 14000 -0.9996484075147734 
m400011 6000 -0.0016777465481801858 7000 -0.0016777465481801858 14000 -0.9966445069036396 
m400012 6000 -0.0037639982698773177 7000 -0.0037639982698773177 14000 -0.9924720034602451 
m400013 6000 -0.005651855680284248 7000 -0.005651855680284248 14000 -0.9886962886394314 
m400014 6000 -0.006252322182798773 7000 -0.006252322182798773 14000 -0.9874953556344026 
m400015 6000 -3.544840922757088e-05 7000 -3.544840922757088e-05 14000 -0.999929103181545 
m400016 6000 -0.0016046001796833325 7000 -0.0016046001796833325 14000 -0.9967907996406333 
m400017 6000 -0.003844369968451542 7000 -0.003844369968451542 14000 -0.9923112600630971 
m400018 6000 -0.005621612346263718 7000 -0.005621612346263718 14000 -0.9887567753074729 
m400019 6000 -0.0062580085496813185 7000 -0.0062580085496813185 14000 -0.987483982900637 
m400020 6000 -7.66094951944346e-05 7000 -7.66094951944346e-05 14000 -0.9998467810096112 
m400021 6000 -0.0012024641232214008 7000 -0.0012024641232214008 14000 -0.9975950717535575 
m400022 6000 -0.0036117241249702474 7000 -0.0036117241249702474 14000 -0.9927765517500595 
m400023 6000 -0.005662457512454641 7000 -0.005662457512454641 14000 -0.9886750849750906 
m400024 6000 -0.006226159497104438 7000 -0.006226159497104438 14000 -0.9875476810057913 
m400025 6000 -7.902261339413887e-05 7000 -7.902261339413887e-05 14000 -0.9998419547732118 
m400026 6000 -0.001485656789093896 7000 -0.001485656789093896 14000 -0.9970286864218124 
m400027 6000 -0.003756222979732923 7000 -0.003756222979732923 14000 -0.9924875540405342 
m400028 6000 -0.0056761845889247865 7000 -0.0056761845889247865 14000 -0.9886476308221503 
m400029 6000 -0.006275655134010561 7000 -0.006275655134010561 14000 -0.9874486897319791 
m400030 6000 -0.0001604330842353981 7000 -0.0001604330842353981 14000 -0.9996791338315293 
m400031 6000 -0.0015371741011552945 7000 -0.0015371741011552945 14000 -0.9969256517976892 
m400032 6000 -0.0038045002100070007 7000 -0.0038045002100070007 14000 -0.992390999579986 
m400033 6000 -0.005744451324502596 7000 -0.005744451324502596 14000 -0.9885110973509948 
m400034 6000 -0.006245288456164483 7000 -0.006245288456164483 14000 -0.9875094230876711 
m400035 6000 -0.00013088995037461372 7000 -0.00013088995037461372 14000 -0.9997382200992508 
m400036 6000 -0.0016024853246591206 7000 -0.0016024853246591206 14000 -0.996795029350682 
m400037 6000 -0.0035662755017635693 7000 -0.0035662755017635693 14000 -0.9928674489964728 
m400038 6000 -0.005538187967588981 7000 -0.005538187967588981 14000 -0.9889236240648219 
m400039 6000 -0.006238834071453052 7000 -0.006238834071453052 14000 -0.9875223318570937 
m400040 6000 -9.119524030016508e-05 7000 -9.119524030016508e-05 14000 -0.9998176095193996 
m400041 6000 -0.00146597593211269 7000 -0.00146597593211269 14000 -0.9970680481357745 
m400042 6000 -0.003997783269416586 7000 -0.003997783269416586 14000 -0.9920044334611672 
m400043 6000 -0.0057650036415762985 7000 -0.0057650036415762985 14000 -0.9884699927168477 
m400044 6000 -0.006233939496105869 7000 -0.006233939496105869 14000 -0.9875321210077886 
m400045 6000 -8.577191883573223e-05 7000 -8.577191883573223e-05 14000 -0.9998284561623285 
m400046 6000 -0.0014499331369444456 7000 -0.0014499331369444456 14000 -0.9971001337261112 
m400047 6000 -0.004127411709745668 7000 -0.004127411709745668 14000 -0.9917451765805088 
m400048 6000 -0.005538507788751178 7000 -0.005538507788751178 14000 -0.9889229844224975 
m400049 6000 -0.006265513835458164 7000 -0.006265513835458164 14000 -0.9874689723290839 
m400050 6000 -7.453975189810674e-05 7000 -7.453975189810674e-05 14000 -0.9998509204962039 
m400051 6000 -0.001824321111766933 7000 -0.001824321111766933 14000 -0.9963513577764661 
m400052 6000 -0.003685372749071395 7000 -0.003685372749071395 14000 -0.9926292545018572 
m400053 6000 -0.0057149125354067805 7000 -0.0057149125354067805 14000 -0.9885701749291865 
m400054 6000 -0.006276063974514617 7000 -0.006276063974514617 14000 -0.9874478720509711 
m400055 6000 -0.0001471732080866368 7000 -0.0001471732080866368 14000 -0.9997056535838267 
m400056 6000 -0.0009280566984223844 7000 -0.0009280566984223844 14000 -0.998143886603155 
m400057 6000 -0.0038184145176621415 7000 -0.0038184145176621415 14000 -0.9923631709646756 
m400058 6000 -0.005743062928781334 7000 -0.005743062928781334 14000 -0.9885138741424374 
m400059 6000 -0.006235131284294077 7000 -0.006235131284294077 14000 -0.9875297374314119 
m400060 6000 -0.0001081194741641154 7000 -0.0001081194741641154 14000 -0.9997837610516719 
m400061 6000 -0.0016197718575005646 7000 -0.0016197718575005646 14000 -0.9967604562849991 
m400062 6000 -0.0038037999297027615 7000 -0.0038037999297027615 14000 -0.9923924001405946 
m400063 6000 -0.005507365464001392 7000 -0.005507365464001392 14000 -0.9889852690719974 
m400064 6000 -0.006237027404707055 7000 -0.006237027404707055 14000 -0.9875259451905859 
m400065 6000 -8.41359009576386e-05 7000 -8.41359009576386e-05 14000 -0.9998317281980847 
m400066 6000 -0.0016596213291184022 7000 -0.0016596213291184022 14000 -0.9966807573417631 
m400067 6000 -0.003919619731749203 7000 -0.003919619731749203 14000 -0.9921607605365018 
m400068 6000 -0.005627164755800748 7000 -0.005627164755800748 14000 -0.9887456704883987 
m400069 6000 -0.006280872335039715 7000 -0.006280872335039715 14000 -0.9874382553299205 
m400070 6000 -6.638350133506834e-05 7000 -6.638350133506834e-05 14000 -0.99986723299733 
m400071 6000 -0.001654809239295893 7000 -0.001654809239295893 14000 -0.996690381521408 
m400072 6000 -0.003992435361560509 7000 -0.003992435361560509 14000 -0.9920151292768792 
m400073 6000 -0.005747686252801305 7000 -0.005747686252801305 14000 -0.9885046274943972 
m400074 6000 -0.006209387064296349 7000 -0.006209387064296349 14000 -0.9875812258714073 
m400075 6000 -0.0001425352443317396 7000 -0.0001425352443317396 14000 -0.9997149295113366 
m400076 6000 -0.0012356827258981165 7000 -0.0012356827258981165 14000 -0.997528634548204 
m400077 6000 -0.003989241445553744 7000 -0.003989241445553744 14000 -0.9920215171088925 
m400078 6000 -0.005679123826749074 7000 -0.005679123826749074 14000 -0.9886417523465022 
m400079 6000 -0.006258227620943616 7000 -0.006258227620943616 14000 -0.9874835447581127 
m400080 6000 -4.5911779028715934e-05 7000 -4.5911779028715934e-05 14000 -0.9999081764419425 
m400081 6000 -0.001492120392851045 7000 -0.001492120392851045 14000 -0.9970157592142975 
m400082 6000 -0.004288542604849676 7000 -0.004288542604849676 14000 -0.9914229147903006 
m400083 6000 -0.005617517379749828 7000 -0.005617517379749828 14000 -0.9887649652405002 
m400084 6000 -0.006276911133774919 7000 -0.006276911133774919 14000 -0.9874461777324504 
m400085 6000 -5.80418591468442e-05 7000 -5.80418591468442e-05 14000 -0.9998839162817065 
m400086 6000 -0.0016350429175273676 7000 -0.0016350429175273676 14000 -0.9967299141649453 
m400087 6000 -0.003876946343481557 7000 -0.003876946343481557 14000 -0.9922461073130365 
m400088 6000 -0.005682505231495716 7000 -0.005682505231495716 14000 -0.9886349895370085 
m400089 6000 -0.0062199635535927725 7000 -0.0062199635535927725 14000 -0.9875600728928147 
m400090 6000 -9.508578795027166e-05 7000 -9.508578795027166e-05 14000 -0.9998098284240993 
m400091 6000 -0.001706403408192468 7000 -0.001706403408192468 14000 -0.9965871931836151 
m400092 6000 -0.003881523548318393 7000 -0.003881523548318393 14000 -0.9922369529033632 
m400093 6000 -0.005733866314489382 7000 -0.005733866314489382 14000 -0.9885322673710213 
m400094 6000 -0.0062638514158920525 7000 -0.0062638514158920525 14000 -0.9874722971682158 
m400095 6000 -0.00011096518750897531 7000 -0.00011096518750897531 14000 -0.9997780696249822 
m400096 6000 -0.0016852288834222245 7000 -0.0016852288834222245 14000 -0.9966295422331557 
m400097 6000 -0.0036591471799233746 7000 -0.0036591471799233746 14000 -0.9926817056401535 
m400098 6000 -0.005758486444432224 7000 -0.005758486444432224 14000 -0.9884830271111352 
m400099 6000 -0.006247590668610102 7000 -0.006247590668610102 14000 -0.9875048186627801 
m400100 6000 -0.0001410064540618163 7000 -0.0001410064540618163 14000 -0.9997179870918761 
m400101 6000 -0.001872806813812474 7000 -0.001872806813812474 14000 -0.9962543863723752 
m400102 6000 -0.004195022318947199 7000 -0.004195022318947199 14000 -0.9916099553621058 
m400103 6000 -0.005787940893746634 7000 -0.005787940893746634 14000 -0.9884241182125071 
m400104 6000 -0.006234226501196286 7000 -0.006234226501196286 14000 -0.9875315469976074 
m400105 6000 -0.00011947242202274605 7000 -0.00011947242202274605 14000 -0.9997610551559544 
m400106 6000 -0.001462518395933413 7000 -0.001462518395933413 14000 -0.9970749632081328 
m400107 6000 -0.004071172647444235 7000 -0.004071172647444235 14000 -0.9918576547051116 
m400108 6000 -0.005716321863569668 7000 -0.005716321863569668 14000 -0.9885673562728604 
m400109 6000 -0.0062512342805919685 7000 -0.0062512342805919685 14000 -0.9874975314388162 
m400110 6000 -7.311688397143131e-05 7000 -7.311688397143131e-05 14000 -0.9998537662320571 
m400111 6000 -0.0016942285943383501 7000 -0.0016942285943383501 14000 -0.9966115428113234 
m400112 6000 -0.003989550054277562 7000 -0.003989550054277562 14000 -0.9920208998914448 
m400113 6000 -0.005520519625659101 7000 -0.005520519625659101 14000 -0.988958960748682 
m400114 6000 -0.006269515895733369 7000 -0.006269515895733369 14000 -0.9874609682085331 
m400115 6000 -0.00014857179453419967 7000 -0.00014857179453419967 14000 -0.9997028564109317 
m400116 6000 -0.0018824063192685783 7000 -0.0018824063192685783 14000 -0.9962351873614628 
m400117 6000 -0.003924803907613098 7000 -0.003924803907613098 14000 -0.9921503921847734 
m400118 6000 -0.005676424938963496 7000 -0.005676424938963496 14000 -0.9886471501220732 
m400119 6000 -0.006253090137139284 7000 -0.006253090137139284 14000 -0.9874938197257217 
m400120 6000 -0.00012676240984766843 7000 -0.00012676240984766843 14000 -0.9997464751803047 
m400121 6000 -0.001702018057422336 7000 -0.001702018057422336 14000 -0.9965959638851554 
m400122 6000 -0.004014523751038227 7000 -0.004014523751038227 14000 -0.9919709524979239 
m400123 6000 -0.005704265651807425 7000 -0.005704265651807425 14000 -0.9885914686963853 
m400124 6000 -0.006199972037412774 7000 -0.006199972037412774 14000 -0.9876000559251744 
c **********************************
c PE+Pb, dens=4.78 g/cm3
m2      6000    -0.04286 $Carbon
        1001    -0.00714 $Hydrogen
        82000   -0.95000 $Lead
c **********************************
m3    1001 -0.048535 $Boric acid
      5010 -0.034981
      5011 -0.139923
      8016 -0.776561
c **********************************
m4    82000 1 $Lead
c **********************************
m5 26000 1 $Iron
c **********************************
m6     13027   -1.000 $ Aluminum
c **********************************
c  SS-304 (8.00 g/cm3), #298 in PNNL Compendium
m7   006000.50c -0.0004000
     014000.60c -0.0050000
     015031.50c -0.0002300
     016000.60c -0.0001500
     024000.50c -0.1899981
     025055.60c -0.0099999
     026000.50c -0.7017229
     028000.50c -0.0924991
c ****************************************
c       LaBr detector
c ****************************************
m8       35079    -0.2946       $ Br79
         35081    -0.3069       $ Br81
         57139    -0.3485       $ La139
         58140    -0.0500       $ Ce140
c ************ air den=1.15e-3g/cc
m12     8016 -0.23
        7014 -0.77
c ************ Rubber Natural den=0.92 g/cc
m13     1001 -0.118371  $weight fraction
        6000 -0.881629
c
c end material cards
c
rand seed=8674536546524321 $different initial random #; seed# - any less 18 digits
c
c ********** begin tallies *********************
fc78 *********Broadened Pulse Height Tally Sum of Detectors 1,2 & 3 ***********
e78 0 1e-5 932i 8.4295
F78:p (101)
FT78 GEB -0.026198 0.059551 -0.037176
fc18 *********Unbroadened Pulse Height Tally Sum of Detectors 1,2 & 3 ***********
e18 0 1e-5 932i 8.4295
F18:p (101)
c ***********************************
c mplot tal 78 freq 10000
nps 1e9
