c CAS DETECTOR
c w/ Shielding in Place and Wheels
c
c CELL CARDS
c
c @@@@@@@@@@ Detectors @@@@@@@@@@@@@@@@@
c
101 8 -5.08 -21 imp:n,p 1 $LaBr Detector #1 Active Region
c
c @@@@@@@@@ Shielding @@@@@@@@@@@@@@@@@
c
121 2 -4.78 -31 imp:n,p 1 $PE_Pb
122 4 -11.29 -32 imp:n,p 1 $Pb1
123 4 -11.29 -33 imp:n,p 1 $Pb2
124 4 -11.29 -34 imp:n,p 1 $Pb3
125 4 -11.29 -35 imp:n,p 1 $Pb4
126 4 -11.29 -36 imp:n,p 1 $Pb5
127 4 -11.29 -37 imp:n,p 1 $Pb6
128 3 -1.5 -38 imp:n,p 1 $BA1
129 3 -1.5 -39 imp:n,p 1 $BA2
130 6 -2.7 -40 imp:n,p 1 $Al
131 7 -7.92 301 -302 303 -304 imp:n,p 1 $Fe-tube
132 5 -7.8 -401 imp:n,p 1 $Fe
133 5 -7.8 -402 imp:n,p 1 $Fe
c @@@@@@@@@@ Wheels @@@@@@@@@@@@@@@@@
c
21 13 -0.92 -41 42 imp:n,p 1 $Wheel 1
211 13 -0.92 -421 422 imp:n,p 1 $Wheel 1
212 13 -0.92 -423 424 imp:n,p 1 $Wheel 1
22 13 -0.92 -43 44 imp:n,p 1 $Wheel 2
221 13 -0.92 -441 442 imp:n,p 1 $Wheel 2
222 13 -0.92 -443 444 imp:n,p 1 $Wheel 2
23 13 -0.92 -45 46 imp:n,p 1 $Wheel 3
231 13 -0.92 -461 462 imp:n,p 1 $Wheel 3
232 13 -0.92 -463 464 imp:n,p 1 $Wheel 3
24 13 -0.92 -47 48 imp:n,p 1 $Wheel 4
241 13 -0.92 -481 482 imp:n,p 1 $Wheel 4
242 13 -0.92 -483 484 imp:n,p 1 $Wheel 4
c
c @@@@@@@@@@ SOIL VOLUME @@@@@@@@@@@
c
300000 400000 -2.156 20010 -20011 20020 -20021 20030 -20031 imp:n,p 1
300001 400001 -2.156 20010 -20011 20020 -20021 20031 -20032 imp:n,p 1
300002 400002 -2.156 20010 -20011 20020 -20021 20032 -20033 imp:n,p 1
300003 400003 -2.156 20010 -20011 20020 -20021 20033 -20034 imp:n,p 1
300004 400004 -2.156 20010 -20011 20020 -20021 20034 -20035 imp:n,p 1
300005 400005 -2.156 20011 -20012 20020 -20021 20030 -20031 imp:n,p 1
300006 400006 -2.156 20011 -20012 20020 -20021 20031 -20032 imp:n,p 1
300007 400007 -2.156 20011 -20012 20020 -20021 20032 -20033 imp:n,p 1
300008 400008 -2.156 20011 -20012 20020 -20021 20033 -20034 imp:n,p 1
300009 400009 -2.156 20011 -20012 20020 -20021 20034 -20035 imp:n,p 1
300010 400010 -2.156 20012 -20013 20020 -20021 20030 -20031 imp:n,p 1
300011 400011 -2.156 20012 -20013 20020 -20021 20031 -20032 imp:n,p 1
300012 400012 -2.156 20012 -20013 20020 -20021 20032 -20033 imp:n,p 1
300013 400013 -2.156 20012 -20013 20020 -20021 20033 -20034 imp:n,p 1
300014 400014 -2.156 20012 -20013 20020 -20021 20034 -20035 imp:n,p 1
300015 400015 -2.156 20013 -20014 20020 -20021 20030 -20031 imp:n,p 1
300016 400016 -2.156 20013 -20014 20020 -20021 20031 -20032 imp:n,p 1
300017 400017 -2.156 20013 -20014 20020 -20021 20032 -20033 imp:n,p 1
300018 400018 -2.156 20013 -20014 20020 -20021 20033 -20034 imp:n,p 1
300019 400019 -2.156 20013 -20014 20020 -20021 20034 -20035 imp:n,p 1
300020 400020 -2.156 20014 -20015 20020 -20021 20030 -20031 imp:n,p 1
300021 400021 -2.156 20014 -20015 20020 -20021 20031 -20032 imp:n,p 1
300022 400022 -2.156 20014 -20015 20020 -20021 20032 -20033 imp:n,p 1
300023 400023 -2.156 20014 -20015 20020 -20021 20033 -20034 imp:n,p 1
300024 400024 -2.156 20014 -20015 20020 -20021 20034 -20035 imp:n,p 1
300025 400025 -2.156 20010 -20011 20021 -20022 20030 -20031 imp:n,p 1
300026 400026 -2.156 20010 -20011 20021 -20022 20031 -20032 imp:n,p 1
300027 400027 -2.156 20010 -20011 20021 -20022 20032 -20033 imp:n,p 1
300028 400028 -2.156 20010 -20011 20021 -20022 20033 -20034 imp:n,p 1
300029 400029 -2.156 20010 -20011 20021 -20022 20034 -20035 imp:n,p 1
300030 400030 -2.156 20011 -20012 20021 -20022 20030 -20031 imp:n,p 1
300031 400031 -2.156 20011 -20012 20021 -20022 20031 -20032 imp:n,p 1
300032 400032 -2.156 20011 -20012 20021 -20022 20032 -20033 imp:n,p 1
300033 400033 -2.156 20011 -20012 20021 -20022 20033 -20034 imp:n,p 1
300034 400034 -2.156 20011 -20012 20021 -20022 20034 -20035 imp:n,p 1
300035 400035 -2.156 20012 -20013 20021 -20022 20030 -20031 imp:n,p 1
300036 400036 -2.156 20012 -20013 20021 -20022 20031 -20032 imp:n,p 1
300037 400037 -2.156 20012 -20013 20021 -20022 20032 -20033 imp:n,p 1
300038 400038 -2.156 20012 -20013 20021 -20022 20033 -20034 imp:n,p 1
300039 400039 -2.156 20012 -20013 20021 -20022 20034 -20035 imp:n,p 1
300040 400040 -2.156 20013 -20014 20021 -20022 20030 -20031 imp:n,p 1
300041 400041 -2.156 20013 -20014 20021 -20022 20031 -20032 imp:n,p 1
300042 400042 -2.156 20013 -20014 20021 -20022 20032 -20033 imp:n,p 1
300043 400043 -2.156 20013 -20014 20021 -20022 20033 -20034 imp:n,p 1
300044 400044 -2.156 20013 -20014 20021 -20022 20034 -20035 imp:n,p 1
300045 400045 -2.156 20014 -20015 20021 -20022 20030 -20031 imp:n,p 1
300046 400046 -2.156 20014 -20015 20021 -20022 20031 -20032 imp:n,p 1
300047 400047 -2.156 20014 -20015 20021 -20022 20032 -20033 imp:n,p 1
300048 400048 -2.156 20014 -20015 20021 -20022 20033 -20034 imp:n,p 1
300049 400049 -2.156 20014 -20015 20021 -20022 20034 -20035 imp:n,p 1
300050 400050 -2.156 20010 -20011 20022 -20023 20030 -20031 imp:n,p 1
300051 400051 -2.156 20010 -20011 20022 -20023 20031 -20032 imp:n,p 1
300052 400052 -2.156 20010 -20011 20022 -20023 20032 -20033 imp:n,p 1
300053 400053 -2.156 20010 -20011 20022 -20023 20033 -20034 imp:n,p 1
300054 400054 -2.156 20010 -20011 20022 -20023 20034 -20035 imp:n,p 1
300055 400055 -2.156 20011 -20012 20022 -20023 20030 -20031 imp:n,p 1
300056 400056 -2.156 20011 -20012 20022 -20023 20031 -20032 imp:n,p 1
300057 400057 -2.156 20011 -20012 20022 -20023 20032 -20033 imp:n,p 1
300058 400058 -2.156 20011 -20012 20022 -20023 20033 -20034 imp:n,p 1
300059 400059 -2.156 20011 -20012 20022 -20023 20034 -20035 imp:n,p 1
300060 400060 -2.156 20012 -20013 20022 -20023 20030 -20031 imp:n,p 1
300061 400061 -2.156 20012 -20013 20022 -20023 20031 -20032 imp:n,p 1
300062 400062 -2.156 20012 -20013 20022 -20023 20032 -20033 imp:n,p 1
300063 400063 -2.156 20012 -20013 20022 -20023 20033 -20034 imp:n,p 1
300064 400064 -2.156 20012 -20013 20022 -20023 20034 -20035 imp:n,p 1
300065 400065 -2.156 20013 -20014 20022 -20023 20030 -20031 imp:n,p 1
300066 400066 -2.156 20013 -20014 20022 -20023 20031 -20032 imp:n,p 1
300067 400067 -2.156 20013 -20014 20022 -20023 20032 -20033 imp:n,p 1
300068 400068 -2.156 20013 -20014 20022 -20023 20033 -20034 imp:n,p 1
300069 400069 -2.156 20013 -20014 20022 -20023 20034 -20035 imp:n,p 1
300070 400070 -2.156 20014 -20015 20022 -20023 20030 -20031 imp:n,p 1
300071 400071 -2.156 20014 -20015 20022 -20023 20031 -20032 imp:n,p 1
300072 400072 -2.156 20014 -20015 20022 -20023 20032 -20033 imp:n,p 1
300073 400073 -2.156 20014 -20015 20022 -20023 20033 -20034 imp:n,p 1
300074 400074 -2.156 20014 -20015 20022 -20023 20034 -20035 imp:n,p 1
300075 400075 -2.156 20010 -20011 20023 -20024 20030 -20031 imp:n,p 1
300076 400076 -2.156 20010 -20011 20023 -20024 20031 -20032 imp:n,p 1
300077 400077 -2.156 20010 -20011 20023 -20024 20032 -20033 imp:n,p 1
300078 400078 -2.156 20010 -20011 20023 -20024 20033 -20034 imp:n,p 1
300079 400079 -2.156 20010 -20011 20023 -20024 20034 -20035 imp:n,p 1
300080 400080 -2.156 20011 -20012 20023 -20024 20030 -20031 imp:n,p 1
300081 400081 -2.156 20011 -20012 20023 -20024 20031 -20032 imp:n,p 1
300082 400082 -2.156 20011 -20012 20023 -20024 20032 -20033 imp:n,p 1
300083 400083 -2.156 20011 -20012 20023 -20024 20033 -20034 imp:n,p 1
300084 400084 -2.156 20011 -20012 20023 -20024 20034 -20035 imp:n,p 1
300085 400085 -2.156 20012 -20013 20023 -20024 20030 -20031 imp:n,p 1
300086 400086 -2.156 20012 -20013 20023 -20024 20031 -20032 imp:n,p 1
300087 400087 -2.156 20012 -20013 20023 -20024 20032 -20033 imp:n,p 1
300088 400088 -2.156 20012 -20013 20023 -20024 20033 -20034 imp:n,p 1
300089 400089 -2.156 20012 -20013 20023 -20024 20034 -20035 imp:n,p 1
300090 400090 -2.156 20013 -20014 20023 -20024 20030 -20031 imp:n,p 1
300091 400091 -2.156 20013 -20014 20023 -20024 20031 -20032 imp:n,p 1
300092 400092 -2.156 20013 -20014 20023 -20024 20032 -20033 imp:n,p 1
300093 400093 -2.156 20013 -20014 20023 -20024 20033 -20034 imp:n,p 1
300094 400094 -2.156 20013 -20014 20023 -20024 20034 -20035 imp:n,p 1
300095 400095 -2.156 20014 -20015 20023 -20024 20030 -20031 imp:n,p 1
300096 400096 -2.156 20014 -20015 20023 -20024 20031 -20032 imp:n,p 1
300097 400097 -2.156 20014 -20015 20023 -20024 20032 -20033 imp:n,p 1
300098 400098 -2.156 20014 -20015 20023 -20024 20033 -20034 imp:n,p 1
300099 400099 -2.156 20014 -20015 20023 -20024 20034 -20035 imp:n,p 1
300100 400100 -2.156 20010 -20011 20024 -20025 20030 -20031 imp:n,p 1
300101 400101 -2.156 20010 -20011 20024 -20025 20031 -20032 imp:n,p 1
300102 400102 -2.156 20010 -20011 20024 -20025 20032 -20033 imp:n,p 1
300103 400103 -2.156 20010 -20011 20024 -20025 20033 -20034 imp:n,p 1
300104 400104 -2.156 20010 -20011 20024 -20025 20034 -20035 imp:n,p 1
300105 400105 -2.156 20011 -20012 20024 -20025 20030 -20031 imp:n,p 1
300106 400106 -2.156 20011 -20012 20024 -20025 20031 -20032 imp:n,p 1
300107 400107 -2.156 20011 -20012 20024 -20025 20032 -20033 imp:n,p 1
300108 400108 -2.156 20011 -20012 20024 -20025 20033 -20034 imp:n,p 1
300109 400109 -2.156 20011 -20012 20024 -20025 20034 -20035 imp:n,p 1
300110 400110 -2.156 20012 -20013 20024 -20025 20030 -20031 imp:n,p 1
300111 400111 -2.156 20012 -20013 20024 -20025 20031 -20032 imp:n,p 1
300112 400112 -2.156 20012 -20013 20024 -20025 20032 -20033 imp:n,p 1
300113 400113 -2.156 20012 -20013 20024 -20025 20033 -20034 imp:n,p 1
300114 400114 -2.156 20012 -20013 20024 -20025 20034 -20035 imp:n,p 1
300115 400115 -2.156 20013 -20014 20024 -20025 20030 -20031 imp:n,p 1
300116 400116 -2.156 20013 -20014 20024 -20025 20031 -20032 imp:n,p 1
300117 400117 -2.156 20013 -20014 20024 -20025 20032 -20033 imp:n,p 1
300118 400118 -2.156 20013 -20014 20024 -20025 20033 -20034 imp:n,p 1
300119 400119 -2.156 20013 -20014 20024 -20025 20034 -20035 imp:n,p 1
300120 400120 -2.156 20014 -20015 20024 -20025 20030 -20031 imp:n,p 1
300121 400121 -2.156 20014 -20015 20024 -20025 20031 -20032 imp:n,p 1
300122 400122 -2.156 20014 -20015 20024 -20025 20032 -20033 imp:n,p 1
300123 400123 -2.156 20014 -20015 20024 -20025 20033 -20034 imp:n,p 1
300124 400124 -2.156 20014 -20015 20024 -20025 20034 -20035 imp:n,p 1
c
30 12 -0.00129 -200 #101 #121 #122 #123 #124 #125 #126 #127 #128 #129 #130 #131 #132 #133
        #21 #211 #212 #22 #221 #222 #23 #231 #232 #24 #241 #242 #20 imp:n,p 1 $Rest of the World
31 0 200 imp:n,p 0 $Outside world

c SURFACE CARDS
c
c Sample Volume
20010 px -56.0
20011 px -33.600000000000364
20012 px -11.200000000000728
20013 px 11.200000000000728
20014 px 33.600000000000364
20015 px 56.0
20020 py -45.0
20021 py -27.0
20022 py -9.0
20023 py 9.0
20024 py 27.0
20025 py 45.0
20030 pz 92.0
20031 pz 82.0
20032 pz 72.0
20033 pz 62.0
20034 pz 52.0
20035 pz 42.0
c Active Detector Region
21 rcc 56  -5.0 -1.0   0.0 20.3 0.0   4.5 $Detector 1 Base center, Hx,Hy,Hz, radius
c Shielding Surfaces
c Shielding Pb
31 rpp 19 29 -7.5 7.5 -11 9 $PbPE xmin xmax ymin ymax zmin zmax
32 rpp 9 19 4 9 -11 9 $Pb xmin xmax ymin ymax zmin zmax
33 rpp 9 19 -9 -4 -11 9 $Pb xmin xmax ymin ymax zmin zmax
34 rpp 19 29 7.5 12.5 -11 9 $Pb xmin xmax ymin ymax zmin zmax
35 rpp 19 29 -12.5 -7.5 -11 9 $Pb xmin xmax ymin ymax zmin zmax
36 rpp 29 34 -15 15 -11 9 $Pb xmin xmax ymin ymax zmin zmax
37 rpp 9 19 -4 4 4 9 $Pb xmin xmax ymin ymax zmin zmax
38 rpp -26 26 18 28 -11 9 $BA1 xmin xmax ymin ymax zmin zmax
39 rpp -26 26 -28 -18 -11 9 $BA2 xmin xmax ymin ymax zmin zmax
40 rpp -65 65 -28 28 10 10.5 $Al xmin xmax ymin ymax zmin zmax
401 rpp -27 27 29 34 -11 9 $Fe xmin xmax ymin ymax zmin zmax
402 rpp -27 27 -34 -29 -11 9 $Fe xmin xmax ymin ymax zmin zmax
301 px -20
302 px 18
303 cx 3.71
304 cx 3.81
c Wheels Surfaces
c 23/10.5-12 turf tires, 22.6 lb rubber
c diameter 29cm, tread width 25cm, and sidewall height 13.76 cm
c set thickness of all sides 1.3 cm (s.t. weight is 22.6 lb)
41 rcc -2 77 8   0.0 25 0.0 29 $wheel 1 outer tread surface
42 rcc -2 77 8   0.0 25 0.0 27.7 $wheel 1 inner tread surface
421 rcc -2 75.7 8   0.0 1.3 0.0 29 $wheel 1 outside sidewall exterior
422 rcc -2 75.7 8   0.0 1.3 0.0 15.24 $wheel 1 outside sidewall interior
423 rcc -2 102 8   0.0 1.3 0.0 29 $wheel 1 inside sidewall exterior
424 rcc -2 102 8   0.0 1.3 0.0 15.24 $wheel 1 inside sidewall interior
43 rcc 68 77 8   0.0 25 0.0 29 $wheel 2
44 rcc 68 77 8   0.0 25 0.0 27.7
441 rcc 68 75.7 8   0.0 1.3 0.0 29
442 rcc 68 75.7 8   0.0 1.3 0.0 15.24
443 rcc 68 102 8   0.0 1.3 0.0 29
444 rcc 68 102 8   0.0 1.3 0.0 15.24
45 rcc -2 -77 8   0.0 -25 0.0 29 $wheel 3
46 rcc -2 -77 8   0.0 -25 0.0 27.7
461 rcc -2 -75.7 8   0.0 -1.3 0.0 29
462 rcc -2 -75.7 8   0.0 -1.3 0.0 15.24
463 rcc -2 -102 8   0.0 -1.3 0.0 29
464 rcc -2 -102 8   0.0 -1.3 0.0 15.24
47 rcc 68 -77 8   0.0 -25 0.0 29 $wheel 4
48 rcc 68 -77 8   0.0 -25 0.0 27.7
481 rcc 68 -75.7 8   0.0 -1.3 0.0 29
482 rcc 68 -75.7 8   0.0 -1.3 0.0 15.24
483 rcc 68 -102 8   0.0 -1.3 0.0 29
484 rcc 68 -102 8   0.0 -1.3 0.0 15.24
200 so 800    $sphere of 800cm centered at origin
c

c DATA CARDS
mode n p
c dump every hr
prdmp -60 -60 -1
c 100 keV Neutron Energy Cutoff
Cut:n 1j 0.1
c analog neutron transport
phys:n 1j 14
phys:p
sdef pos=0 0 0 erg=14.0 vec= 0 0 1 dir=d1
si1  -1 .93 1
sp1   0  0.0  1.0
c ********************
c begin material cards
c ********************
c Pure Carbon
c ****************************************
m400000 6000 -8.551775780714501e-05 7000 -8.551775780714501e-05 14000 -0.9998289644843856 
m400001 6000 -0.0017647612673599195 7000 -0.0017647612673599195 14000 -0.9964704774652798 
m400002 6000 -0.004205870258545982 7000 -0.004205870258545982 14000 -0.9915882594829077 
m400003 6000 -0.0056873551318152435 7000 -0.0056873551318152435 14000 -0.9886252897363697 
m400004 6000 -0.006228577597713866 7000 -0.006228577597713866 14000 -0.9875428448045721 
m400005 6000 -9.450630844049211e-05 7000 -9.450630844049211e-05 14000 -0.999810987383119 
m400006 6000 -0.001849134019458229 7000 -0.001849134019458229 14000 -0.9963017319610833 
m400007 6000 -0.0040211355571358725 7000 -0.0040211355571358725 14000 -0.9919577288857281 
m400008 6000 -0.005739021640922045 7000 -0.005739021640922045 14000 -0.9885219567181562 
m400009 6000 -0.006248741416005102 7000 -0.006248741416005102 14000 -0.9875025171679898 
m400010 6000 -9.643382708142759e-05 7000 -9.643382708142759e-05 14000 -0.9998071323458372 
m400011 6000 -0.001620812872623855 7000 -0.001620812872623855 14000 -0.9967583742547523 
m400012 6000 -0.004401751158297921 7000 -0.004401751158297921 14000 -0.9911964976834042 
m400013 6000 -0.005615906696128371 7000 -0.005615906696128371 14000 -0.9887681866077429 
m400014 6000 -0.006212405072851924 7000 -0.006212405072851924 14000 -0.9875751898542959 
m400015 6000 -0.00011369362149174638 7000 -0.00011369362149174638 14000 -0.9997726127570167 
m400016 6000 -0.001631281971651418 7000 -0.001631281971651418 14000 -0.9967374360566973 
m400017 6000 -0.0036709555612061155 7000 -0.0036709555612061155 14000 -0.9926580888775878 
m400018 6000 -0.0056044369082648236 7000 -0.0056044369082648236 14000 -0.9887911261834703 
m400019 6000 -0.0062012545621239045 7000 -0.0062012545621239045 14000 -0.9875974908757523 
m400020 6000 -0.00012559029088813072 7000 -0.00012559029088813072 14000 -0.9997488194182236 
m400021 6000 -0.0014836503580060087 7000 -0.0014836503580060087 14000 -0.9970326992839881 
m400022 6000 -0.003736961929178896 7000 -0.003736961929178896 14000 -0.9925260761416422 
m400023 6000 -0.005699008639531662 7000 -0.005699008639531662 14000 -0.9886019827209366 
m400024 6000 -0.006213814587118901 7000 -0.006213814587118901 14000 -0.9875723708257622 
m400025 6000 -0.00014014995858404128 7000 -0.00014014995858404128 14000 -0.9997197000828321 
m400026 6000 -0.0014083565501672509 7000 -0.0014083565501672509 14000 -0.9971832868996657 
m400027 6000 -0.004215303985564573 7000 -0.004215303985564573 14000 -0.9915693920288707 
m400028 6000 -0.005607750773325471 7000 -0.005607750773325471 14000 -0.9887844984533493 
m400029 6000 -0.006247149405426378 7000 -0.006247149405426378 14000 -0.9875057011891475 
m400030 6000 -8.751068429431286e-05 7000 -8.751068429431286e-05 14000 -0.9998249786314113 
m400031 6000 -0.001636906977119536 7000 -0.001636906977119536 14000 -0.996726186045761 
m400032 6000 -0.004003659227779666 7000 -0.004003659227779666 14000 -0.991992681544441 
m400033 6000 -0.005699868778344069 7000 -0.005699868778344069 14000 -0.9886002624433121 
m400034 6000 -0.006255948820264014 7000 -0.006255948820264014 14000 -0.9874881023594722 
m400035 6000 -0.00010617874918769369 7000 -0.00010617874918769369 14000 -0.9997876425016247 
m400036 6000 -0.001407708397838485 7000 -0.001407708397838485 14000 -0.9971845832043229 
m400037 6000 -0.0040902119869875 7000 -0.0040902119869875 14000 -0.991819576026025 
m400038 6000 -0.005638474576882573 7000 -0.005638474576882573 14000 -0.9887230508462352 
m400039 6000 -0.006240433963350021 7000 -0.006240433963350021 14000 -0.9875191320732997 
m400040 6000 -0.00014428959102330346 7000 -0.00014428959102330346 14000 -0.9997114208179534 
m400041 6000 -0.0010852536717247726 7000 -0.0010852536717247726 14000 -0.9978294926565503 
m400042 6000 -0.0038808345322367205 7000 -0.0038808345322367205 14000 -0.9922383309355266 
m400043 6000 -0.005756880943406306 7000 -0.005756880943406306 14000 -0.9884862381131874 
m400044 6000 -0.006247428778238984 7000 -0.006247428778238984 14000 -0.987505142443522 
m400045 6000 -0.00010450184220423484 7000 -0.00010450184220423484 14000 -0.9997909963155913 
m400046 6000 -0.0011688733646970702 7000 -0.0011688733646970702 14000 -0.9976622532706056 
m400047 6000 -0.004064841599562377 7000 -0.004064841599562377 14000 -0.9918703168008753 
m400048 6000 -0.0055489810394813485 7000 -0.0055489810394813485 14000 -0.9889020379210374 
m400049 6000 -0.006250807422583129 7000 -0.006250807422583129 14000 -0.9874983851548338 
m400050 6000 -0.00013010874615620058 7000 -0.00013010874615620058 14000 -0.9997397825076875 
m400051 6000 -0.0015762752712299036 7000 -0.0015762752712299036 14000 -0.9968474494575403 
m400052 6000 -0.0037767792290635534 7000 -0.0037767792290635534 14000 -0.9924464415418732 
m400053 6000 -0.005670040870292178 7000 -0.005670040870292178 14000 -0.9886599182594157 
m400054 6000 -0.006258032207504549 7000 -0.006258032207504549 14000 -0.987483935584991 
m400055 6000 -2.4675479054122163e-05 7000 -2.4675479054122163e-05 14000 -0.9999506490418918 
m400056 6000 -0.001547521737221051 7000 -0.001547521737221051 14000 -0.9969049565255578 
m400057 6000 -0.003924863608490679 7000 -0.003924863608490679 14000 -0.9921502727830186 
m400058 6000 -0.005738166808679284 7000 -0.005738166808679284 14000 -0.9885236663826418 
m400059 6000 -0.006258392780876244 7000 -0.006258392780876244 14000 -0.9874832144382473 
m400060 6000 -2.933240600529508e-05 7000 -2.933240600529508e-05 14000 -0.9999413351879894 
m400061 6000 -0.0013650562680001185 7000 -0.0013650562680001185 14000 -0.9972698874639999 
m400062 6000 -0.003821210040025169 7000 -0.003821210040025169 14000 -0.9923575799199498 
m400063 6000 -0.005687911663249825 7000 -0.005687911663249825 14000 -0.9886241766735008 
m400064 6000 -0.006255859587516228 7000 -0.006255859587516228 14000 -0.9874882808249678 
m400065 6000 -0.00013208790138717467 7000 -0.00013208790138717467 14000 -0.9997358241972256 
m400066 6000 -0.0014020141463696734 7000 -0.0014020141463696734 14000 -0.9971959717072606 
m400067 6000 -0.003867374330752629 7000 -0.003867374330752629 14000 -0.9922652513384946 
m400068 6000 -0.005512196365376816 7000 -0.005512196365376816 14000 -0.988975607269246 
m400069 6000 -0.006265067610486086 7000 -0.006265067610486086 14000 -0.987469864779028 
m400070 6000 -8.19828869875026e-05 7000 -8.19828869875026e-05 14000 -0.9998360342260252 
m400071 6000 -0.0014439280246542788 7000 -0.0014439280246542788 14000 -0.997112143950691 
m400072 6000 -0.00412978042253133 7000 -0.00412978042253133 14000 -0.9917404391549373 
m400073 6000 -0.005751863865833633 7000 -0.005751863865833633 14000 -0.9884962722683329 
m400074 6000 -0.006255447695498677 7000 -0.006255447695498677 14000 -0.9874891046090026 
m400075 6000 -4.197291556692139e-05 7000 -4.197291556692139e-05 14000 -0.9999160541688661 
m400076 6000 -0.0013113307329926443 7000 -0.0013113307329926443 14000 -0.9973773385340148 
m400077 6000 -0.004051754223009427 7000 -0.004051754223009427 14000 -0.9918964915539816 
m400078 6000 -0.005709435487775005 7000 -0.005709435487775005 14000 -0.9885811290244503 
m400079 6000 -0.006278358213799909 7000 -0.006278358213799909 14000 -0.9874432835724002 
m400080 6000 -0.00012441238785757222 7000 -0.00012441238785757222 14000 -0.9997511752242849 
m400081 6000 -0.0014748425941040083 7000 -0.0014748425941040083 14000 -0.997050314811792 
m400082 6000 -0.0036277129747911384 7000 -0.0036277129747911384 14000 -0.9927445740504178 
m400083 6000 -0.00561263878474896 7000 -0.00561263878474896 14000 -0.988774722430502 
m400084 6000 -0.006229279150413736 7000 -0.006229279150413736 14000 -0.9875414416991726 
m400085 6000 -0.00016042913591701402 7000 -0.00016042913591701402 14000 -0.999679141728166 
m400086 6000 -0.0015321724191026634 7000 -0.0015321724191026634 14000 -0.9969356551617946 
m400087 6000 -0.003953591395058128 7000 -0.003953591395058128 14000 -0.9920928172098834 
m400088 6000 -0.005575581845174828 7000 -0.005575581845174828 14000 -0.9888488363096504 
m400089 6000 -0.00627427218011785 7000 -0.00627427218011785 14000 -0.9874514556397639 
m400090 6000 -8.007720867577242e-05 7000 -8.007720867577242e-05 14000 -0.9998398455826485 
m400091 6000 -0.0016596274673950334 7000 -0.0016596274673950334 14000 -0.9966807450652098 
m400092 6000 -0.004057784081444539 7000 -0.004057784081444539 14000 -0.9918844318371108 
m400093 6000 -0.005534191080306938 7000 -0.005534191080306938 14000 -0.9889316178393858 
m400094 6000 -0.006258963244321887 7000 -0.006258963244321887 14000 -0.9874820735113561 
m400095 6000 -0.00011047550958432863 7000 -0.00011047550958432863 14000 -0.9997790489808313 
m400096 6000 -0.001584579319840491 7000 -0.001584579319840491 14000 -0.9968308413603192 
m400097 6000 -0.0037231642159392827 7000 -0.0037231642159392827 14000 -0.9925536715681217 
m400098 6000 -0.005630651844512859 7000 -0.005630651844512859 14000 -0.9887386963109743 
m400099 6000 -0.006265685565962551 7000 -0.006265685565962551 14000 -0.987468628868075 
m400100 6000 -0.00013810307982282607 7000 -0.00013810307982282607 14000 -0.9997237938403543 
m400101 6000 -0.0012825579792203237 7000 -0.0012825579792203237 14000 -0.9974348840415594 
m400102 6000 -0.0037097300147466566 7000 -0.0037097300147466566 14000 -0.9925805399705067 
m400103 6000 -0.00574379021714837 7000 -0.00574379021714837 14000 -0.988512419565703 
m400104 6000 -0.006194557916099234 7000 -0.006194557916099234 14000 -0.9876108841678019 
m400105 6000 -6.896824382038513e-05 7000 -6.896824382038513e-05 14000 -0.9998620635123594 
m400106 6000 -0.0019069954129359726 7000 -0.0019069954129359726 14000 -0.996186009174128 
m400107 6000 -0.004023371952836806 7000 -0.004023371952836806 14000 -0.9919532560943263 
m400108 6000 -0.005624017627652129 7000 -0.005624017627652129 14000 -0.9887519647446956 
m400109 6000 -0.006287998390926258 7000 -0.006287998390926258 14000 -0.9874240032181476 
m400110 6000 -0.00010045989445132579 7000 -0.00010045989445132579 14000 -0.9997990802110975 
m400111 6000 -0.001156255340285001 7000 -0.001156255340285001 14000 -0.9976874893194301 
m400112 6000 -0.003840186489112436 7000 -0.003840186489112436 14000 -0.9923196270217752 
m400113 6000 -0.0057847862092379985 7000 -0.0057847862092379985 14000 -0.9884304275815241 
m400114 6000 -0.006267418494488808 7000 -0.006267418494488808 14000 -0.9874651630110223 
m400115 6000 -0.00017068750171385036 7000 -0.00017068750171385036 14000 -0.9996586249965724 
m400116 6000 -0.0013342842851328497 7000 -0.0013342842851328497 14000 -0.9973314314297341 
m400117 6000 -0.0038494786979992547 7000 -0.0038494786979992547 14000 -0.9923010426040015 
m400118 6000 -0.005610015720168587 7000 -0.005610015720168587 14000 -0.9887799685596633 
m400119 6000 -0.00623973605558703 7000 -0.00623973605558703 14000 -0.9875205278888255 
m400120 6000 -9.954697725905323e-05 7000 -9.954697725905323e-05 14000 -0.9998009060454818 
m400121 6000 -0.0014989550323807413 7000 -0.0014989550323807413 14000 -0.9970020899352385 
m400122 6000 -0.0036537432816244426 7000 -0.0036537432816244426 14000 -0.9926925134367512 
m400123 6000 -0.005747158251768402 7000 -0.005747158251768402 14000 -0.9885056834964628 
m400124 6000 -0.006225467602013039 7000 -0.006225467602013039 14000 -0.9875490647959737 
c **********************************
c PE+Pb, dens=4.78 g/cm3
m2      6000    -0.04286 $Carbon
        1001    -0.00714 $Hydrogen
        82000   -0.95000 $Lead
c **********************************
m3    1001 -0.048535 $Boric acid
      5010 -0.034981
      5011 -0.139923
      8016 -0.776561
c **********************************
m4    82000 1 $Lead
c **********************************
m5 26000 1 $Iron
c **********************************
m6     13027   -1.000 $ Aluminum
c **********************************
c  SS-304 (8.00 g/cm3), #298 in PNNL Compendium
m7   006000.50c -0.0004000
     014000.60c -0.0050000
     015031.50c -0.0002300
     016000.60c -0.0001500
     024000.50c -0.1899981
     025055.60c -0.0099999
     026000.50c -0.7017229
     028000.50c -0.0924991
c ****************************************
c       LaBr detector
c ****************************************
m8       35079    -0.2946       $ Br79
         35081    -0.3069       $ Br81
         57139    -0.3485       $ La139
         58140    -0.0500       $ Ce140
c ************ air den=1.15e-3g/cc
m12     8016 -0.23
        7014 -0.77
c ************ Rubber Natural den=0.92 g/cc
m13     1001 -0.118371  $weight fraction
        6000 -0.881629
c
c end material cards
c
rand seed=8674536546524321 $different initial random #; seed# - any less 18 digits
c
c ********** begin tallies *********************
fc78 *********Broadened Pulse Height Tally Sum of Detectors 1,2 & 3 ***********
e78 0 1e-5 932i 8.4295
F78:p (101)
FT78 GEB -0.026198 0.059551 -0.037176
fc18 *********Unbroadened Pulse Height Tally Sum of Detectors 1,2 & 3 ***********
e18 0 1e-5 932i 8.4295
F18:p (101)
c ***********************************
c mplot tal 78 freq 10000
nps 1e9
