c CAS DETECTOR
c w/ Shielding in Place and Wheels
c
c CELL CARDS
c
c @@@@@@@@@@ Detectors @@@@@@@@@@@@@@@@@
c
101 8 -5.08 -21 imp:n,p 1 $LaBr Detector #1 Active Region
c
c @@@@@@@@@ Shielding @@@@@@@@@@@@@@@@@
c
121 2 -4.78 -31 imp:n,p 1 $PE_Pb
122 4 -11.29 -32 imp:n,p 1 $Pb1
123 4 -11.29 -33 imp:n,p 1 $Pb2
124 4 -11.29 -34 imp:n,p 1 $Pb3
125 4 -11.29 -35 imp:n,p 1 $Pb4
126 4 -11.29 -36 imp:n,p 1 $Pb5
127 4 -11.29 -37 imp:n,p 1 $Pb6
128 3 -1.5 -38 imp:n,p 1 $BA1
129 3 -1.5 -39 imp:n,p 1 $BA2
130 6 -2.7 -40 imp:n,p 1 $Al
131 7 -7.92 301 -302 303 -304 imp:n,p 1 $Fe-tube
132 5 -7.8 -401 imp:n,p 1 $Fe
133 5 -7.8 -402 imp:n,p 1 $Fe
c @@@@@@@@@@ Wheels @@@@@@@@@@@@@@@@@
c
21 13 -0.92 -41 42 imp:n,p 1 $Wheel 1
211 13 -0.92 -421 422 imp:n,p 1 $Wheel 1
212 13 -0.92 -423 424 imp:n,p 1 $Wheel 1
22 13 -0.92 -43 44 imp:n,p 1 $Wheel 2
221 13 -0.92 -441 442 imp:n,p 1 $Wheel 2
222 13 -0.92 -443 444 imp:n,p 1 $Wheel 2
23 13 -0.92 -45 46 imp:n,p 1 $Wheel 3
231 13 -0.92 -461 462 imp:n,p 1 $Wheel 3
232 13 -0.92 -463 464 imp:n,p 1 $Wheel 3
24 13 -0.92 -47 48 imp:n,p 1 $Wheel 4
241 13 -0.92 -481 482 imp:n,p 1 $Wheel 4
242 13 -0.92 -483 484 imp:n,p 1 $Wheel 4
c
c @@@@@@@@@@ SOIL VOLUME @@@@@@@@@@@
c
300000 400000 -2.156 20010 -20011 20020 -20021 20030 -20031 imp:n,p 1
300001 400001 -2.156 20010 -20011 20020 -20021 20031 -20032 imp:n,p 1
300002 400002 -2.156 20010 -20011 20020 -20021 20032 -20033 imp:n,p 1
300003 400003 -2.156 20010 -20011 20020 -20021 20033 -20034 imp:n,p 1
300004 400004 -2.156 20010 -20011 20020 -20021 20034 -20035 imp:n,p 1
300005 400005 -2.156 20011 -20012 20020 -20021 20030 -20031 imp:n,p 1
300006 400006 -2.156 20011 -20012 20020 -20021 20031 -20032 imp:n,p 1
300007 400007 -2.156 20011 -20012 20020 -20021 20032 -20033 imp:n,p 1
300008 400008 -2.156 20011 -20012 20020 -20021 20033 -20034 imp:n,p 1
300009 400009 -2.156 20011 -20012 20020 -20021 20034 -20035 imp:n,p 1
300010 400010 -2.156 20012 -20013 20020 -20021 20030 -20031 imp:n,p 1
300011 400011 -2.156 20012 -20013 20020 -20021 20031 -20032 imp:n,p 1
300012 400012 -2.156 20012 -20013 20020 -20021 20032 -20033 imp:n,p 1
300013 400013 -2.156 20012 -20013 20020 -20021 20033 -20034 imp:n,p 1
300014 400014 -2.156 20012 -20013 20020 -20021 20034 -20035 imp:n,p 1
300015 400015 -2.156 20013 -20014 20020 -20021 20030 -20031 imp:n,p 1
300016 400016 -2.156 20013 -20014 20020 -20021 20031 -20032 imp:n,p 1
300017 400017 -2.156 20013 -20014 20020 -20021 20032 -20033 imp:n,p 1
300018 400018 -2.156 20013 -20014 20020 -20021 20033 -20034 imp:n,p 1
300019 400019 -2.156 20013 -20014 20020 -20021 20034 -20035 imp:n,p 1
300020 400020 -2.156 20014 -20015 20020 -20021 20030 -20031 imp:n,p 1
300021 400021 -2.156 20014 -20015 20020 -20021 20031 -20032 imp:n,p 1
300022 400022 -2.156 20014 -20015 20020 -20021 20032 -20033 imp:n,p 1
300023 400023 -2.156 20014 -20015 20020 -20021 20033 -20034 imp:n,p 1
300024 400024 -2.156 20014 -20015 20020 -20021 20034 -20035 imp:n,p 1
300025 400025 -2.156 20010 -20011 20021 -20022 20030 -20031 imp:n,p 1
300026 400026 -2.156 20010 -20011 20021 -20022 20031 -20032 imp:n,p 1
300027 400027 -2.156 20010 -20011 20021 -20022 20032 -20033 imp:n,p 1
300028 400028 -2.156 20010 -20011 20021 -20022 20033 -20034 imp:n,p 1
300029 400029 -2.156 20010 -20011 20021 -20022 20034 -20035 imp:n,p 1
300030 400030 -2.156 20011 -20012 20021 -20022 20030 -20031 imp:n,p 1
300031 400031 -2.156 20011 -20012 20021 -20022 20031 -20032 imp:n,p 1
300032 400032 -2.156 20011 -20012 20021 -20022 20032 -20033 imp:n,p 1
300033 400033 -2.156 20011 -20012 20021 -20022 20033 -20034 imp:n,p 1
300034 400034 -2.156 20011 -20012 20021 -20022 20034 -20035 imp:n,p 1
300035 400035 -2.156 20012 -20013 20021 -20022 20030 -20031 imp:n,p 1
300036 400036 -2.156 20012 -20013 20021 -20022 20031 -20032 imp:n,p 1
300037 400037 -2.156 20012 -20013 20021 -20022 20032 -20033 imp:n,p 1
300038 400038 -2.156 20012 -20013 20021 -20022 20033 -20034 imp:n,p 1
300039 400039 -2.156 20012 -20013 20021 -20022 20034 -20035 imp:n,p 1
300040 400040 -2.156 20013 -20014 20021 -20022 20030 -20031 imp:n,p 1
300041 400041 -2.156 20013 -20014 20021 -20022 20031 -20032 imp:n,p 1
300042 400042 -2.156 20013 -20014 20021 -20022 20032 -20033 imp:n,p 1
300043 400043 -2.156 20013 -20014 20021 -20022 20033 -20034 imp:n,p 1
300044 400044 -2.156 20013 -20014 20021 -20022 20034 -20035 imp:n,p 1
300045 400045 -2.156 20014 -20015 20021 -20022 20030 -20031 imp:n,p 1
300046 400046 -2.156 20014 -20015 20021 -20022 20031 -20032 imp:n,p 1
300047 400047 -2.156 20014 -20015 20021 -20022 20032 -20033 imp:n,p 1
300048 400048 -2.156 20014 -20015 20021 -20022 20033 -20034 imp:n,p 1
300049 400049 -2.156 20014 -20015 20021 -20022 20034 -20035 imp:n,p 1
300050 400050 -2.156 20010 -20011 20022 -20023 20030 -20031 imp:n,p 1
300051 400051 -2.156 20010 -20011 20022 -20023 20031 -20032 imp:n,p 1
300052 400052 -2.156 20010 -20011 20022 -20023 20032 -20033 imp:n,p 1
300053 400053 -2.156 20010 -20011 20022 -20023 20033 -20034 imp:n,p 1
300054 400054 -2.156 20010 -20011 20022 -20023 20034 -20035 imp:n,p 1
300055 400055 -2.156 20011 -20012 20022 -20023 20030 -20031 imp:n,p 1
300056 400056 -2.156 20011 -20012 20022 -20023 20031 -20032 imp:n,p 1
300057 400057 -2.156 20011 -20012 20022 -20023 20032 -20033 imp:n,p 1
300058 400058 -2.156 20011 -20012 20022 -20023 20033 -20034 imp:n,p 1
300059 400059 -2.156 20011 -20012 20022 -20023 20034 -20035 imp:n,p 1
300060 400060 -2.156 20012 -20013 20022 -20023 20030 -20031 imp:n,p 1
300061 400061 -2.156 20012 -20013 20022 -20023 20031 -20032 imp:n,p 1
300062 400062 -2.156 20012 -20013 20022 -20023 20032 -20033 imp:n,p 1
300063 400063 -2.156 20012 -20013 20022 -20023 20033 -20034 imp:n,p 1
300064 400064 -2.156 20012 -20013 20022 -20023 20034 -20035 imp:n,p 1
300065 400065 -2.156 20013 -20014 20022 -20023 20030 -20031 imp:n,p 1
300066 400066 -2.156 20013 -20014 20022 -20023 20031 -20032 imp:n,p 1
300067 400067 -2.156 20013 -20014 20022 -20023 20032 -20033 imp:n,p 1
300068 400068 -2.156 20013 -20014 20022 -20023 20033 -20034 imp:n,p 1
300069 400069 -2.156 20013 -20014 20022 -20023 20034 -20035 imp:n,p 1
300070 400070 -2.156 20014 -20015 20022 -20023 20030 -20031 imp:n,p 1
300071 400071 -2.156 20014 -20015 20022 -20023 20031 -20032 imp:n,p 1
300072 400072 -2.156 20014 -20015 20022 -20023 20032 -20033 imp:n,p 1
300073 400073 -2.156 20014 -20015 20022 -20023 20033 -20034 imp:n,p 1
300074 400074 -2.156 20014 -20015 20022 -20023 20034 -20035 imp:n,p 1
300075 400075 -2.156 20010 -20011 20023 -20024 20030 -20031 imp:n,p 1
300076 400076 -2.156 20010 -20011 20023 -20024 20031 -20032 imp:n,p 1
300077 400077 -2.156 20010 -20011 20023 -20024 20032 -20033 imp:n,p 1
300078 400078 -2.156 20010 -20011 20023 -20024 20033 -20034 imp:n,p 1
300079 400079 -2.156 20010 -20011 20023 -20024 20034 -20035 imp:n,p 1
300080 400080 -2.156 20011 -20012 20023 -20024 20030 -20031 imp:n,p 1
300081 400081 -2.156 20011 -20012 20023 -20024 20031 -20032 imp:n,p 1
300082 400082 -2.156 20011 -20012 20023 -20024 20032 -20033 imp:n,p 1
300083 400083 -2.156 20011 -20012 20023 -20024 20033 -20034 imp:n,p 1
300084 400084 -2.156 20011 -20012 20023 -20024 20034 -20035 imp:n,p 1
300085 400085 -2.156 20012 -20013 20023 -20024 20030 -20031 imp:n,p 1
300086 400086 -2.156 20012 -20013 20023 -20024 20031 -20032 imp:n,p 1
300087 400087 -2.156 20012 -20013 20023 -20024 20032 -20033 imp:n,p 1
300088 400088 -2.156 20012 -20013 20023 -20024 20033 -20034 imp:n,p 1
300089 400089 -2.156 20012 -20013 20023 -20024 20034 -20035 imp:n,p 1
300090 400090 -2.156 20013 -20014 20023 -20024 20030 -20031 imp:n,p 1
300091 400091 -2.156 20013 -20014 20023 -20024 20031 -20032 imp:n,p 1
300092 400092 -2.156 20013 -20014 20023 -20024 20032 -20033 imp:n,p 1
300093 400093 -2.156 20013 -20014 20023 -20024 20033 -20034 imp:n,p 1
300094 400094 -2.156 20013 -20014 20023 -20024 20034 -20035 imp:n,p 1
300095 400095 -2.156 20014 -20015 20023 -20024 20030 -20031 imp:n,p 1
300096 400096 -2.156 20014 -20015 20023 -20024 20031 -20032 imp:n,p 1
300097 400097 -2.156 20014 -20015 20023 -20024 20032 -20033 imp:n,p 1
300098 400098 -2.156 20014 -20015 20023 -20024 20033 -20034 imp:n,p 1
300099 400099 -2.156 20014 -20015 20023 -20024 20034 -20035 imp:n,p 1
300100 400100 -2.156 20010 -20011 20024 -20025 20030 -20031 imp:n,p 1
300101 400101 -2.156 20010 -20011 20024 -20025 20031 -20032 imp:n,p 1
300102 400102 -2.156 20010 -20011 20024 -20025 20032 -20033 imp:n,p 1
300103 400103 -2.156 20010 -20011 20024 -20025 20033 -20034 imp:n,p 1
300104 400104 -2.156 20010 -20011 20024 -20025 20034 -20035 imp:n,p 1
300105 400105 -2.156 20011 -20012 20024 -20025 20030 -20031 imp:n,p 1
300106 400106 -2.156 20011 -20012 20024 -20025 20031 -20032 imp:n,p 1
300107 400107 -2.156 20011 -20012 20024 -20025 20032 -20033 imp:n,p 1
300108 400108 -2.156 20011 -20012 20024 -20025 20033 -20034 imp:n,p 1
300109 400109 -2.156 20011 -20012 20024 -20025 20034 -20035 imp:n,p 1
300110 400110 -2.156 20012 -20013 20024 -20025 20030 -20031 imp:n,p 1
300111 400111 -2.156 20012 -20013 20024 -20025 20031 -20032 imp:n,p 1
300112 400112 -2.156 20012 -20013 20024 -20025 20032 -20033 imp:n,p 1
300113 400113 -2.156 20012 -20013 20024 -20025 20033 -20034 imp:n,p 1
300114 400114 -2.156 20012 -20013 20024 -20025 20034 -20035 imp:n,p 1
300115 400115 -2.156 20013 -20014 20024 -20025 20030 -20031 imp:n,p 1
300116 400116 -2.156 20013 -20014 20024 -20025 20031 -20032 imp:n,p 1
300117 400117 -2.156 20013 -20014 20024 -20025 20032 -20033 imp:n,p 1
300118 400118 -2.156 20013 -20014 20024 -20025 20033 -20034 imp:n,p 1
300119 400119 -2.156 20013 -20014 20024 -20025 20034 -20035 imp:n,p 1
300120 400120 -2.156 20014 -20015 20024 -20025 20030 -20031 imp:n,p 1
300121 400121 -2.156 20014 -20015 20024 -20025 20031 -20032 imp:n,p 1
300122 400122 -2.156 20014 -20015 20024 -20025 20032 -20033 imp:n,p 1
300123 400123 -2.156 20014 -20015 20024 -20025 20033 -20034 imp:n,p 1
300124 400124 -2.156 20014 -20015 20024 -20025 20034 -20035 imp:n,p 1
c
30 12 -0.00129 -200 #101 #121 #122 #123 #124 #125 #126 #127 #128 #129 #130 #131 #132 #133
        #21 #211 #212 #22 #221 #222 #23 #231 #232 #24 #241 #242 #20 imp:n,p 1 $Rest of the World
31 0 200 imp:n,p 0 $Outside world

c SURFACE CARDS
c
c Sample Volume
20010 px -56.0
20011 px -33.600000000000364
20012 px -11.200000000000728
20013 px 11.200000000000728
20014 px 33.600000000000364
20015 px 56.0
20020 py -45.0
20021 py -27.0
20022 py -9.0
20023 py 9.0
20024 py 27.0
20025 py 45.0
20030 pz 92.0
20031 pz 82.0
20032 pz 72.0
20033 pz 62.0
20034 pz 52.0
20035 pz 42.0
c Active Detector Region
21 rcc 56  -5.0 -1.0   0.0 20.3 0.0   4.5 $Detector 1 Base center, Hx,Hy,Hz, radius
c Shielding Surfaces
c Shielding Pb
31 rpp 19 29 -7.5 7.5 -11 9 $PbPE xmin xmax ymin ymax zmin zmax
32 rpp 9 19 4 9 -11 9 $Pb xmin xmax ymin ymax zmin zmax
33 rpp 9 19 -9 -4 -11 9 $Pb xmin xmax ymin ymax zmin zmax
34 rpp 19 29 7.5 12.5 -11 9 $Pb xmin xmax ymin ymax zmin zmax
35 rpp 19 29 -12.5 -7.5 -11 9 $Pb xmin xmax ymin ymax zmin zmax
36 rpp 29 34 -15 15 -11 9 $Pb xmin xmax ymin ymax zmin zmax
37 rpp 9 19 -4 4 4 9 $Pb xmin xmax ymin ymax zmin zmax
38 rpp -26 26 18 28 -11 9 $BA1 xmin xmax ymin ymax zmin zmax
39 rpp -26 26 -28 -18 -11 9 $BA2 xmin xmax ymin ymax zmin zmax
40 rpp -65 65 -28 28 10 10.5 $Al xmin xmax ymin ymax zmin zmax
401 rpp -27 27 29 34 -11 9 $Fe xmin xmax ymin ymax zmin zmax
402 rpp -27 27 -34 -29 -11 9 $Fe xmin xmax ymin ymax zmin zmax
301 px -20
302 px 18
303 cx 3.71
304 cx 3.81
c Wheels Surfaces
c 23/10.5-12 turf tires, 22.6 lb rubber
c diameter 29cm, tread width 25cm, and sidewall height 13.76 cm
c set thickness of all sides 1.3 cm (s.t. weight is 22.6 lb)
41 rcc -2 77 8   0.0 25 0.0 29 $wheel 1 outer tread surface
42 rcc -2 77 8   0.0 25 0.0 27.7 $wheel 1 inner tread surface
421 rcc -2 75.7 8   0.0 1.3 0.0 29 $wheel 1 outside sidewall exterior
422 rcc -2 75.7 8   0.0 1.3 0.0 15.24 $wheel 1 outside sidewall interior
423 rcc -2 102 8   0.0 1.3 0.0 29 $wheel 1 inside sidewall exterior
424 rcc -2 102 8   0.0 1.3 0.0 15.24 $wheel 1 inside sidewall interior
43 rcc 68 77 8   0.0 25 0.0 29 $wheel 2
44 rcc 68 77 8   0.0 25 0.0 27.7
441 rcc 68 75.7 8   0.0 1.3 0.0 29
442 rcc 68 75.7 8   0.0 1.3 0.0 15.24
443 rcc 68 102 8   0.0 1.3 0.0 29
444 rcc 68 102 8   0.0 1.3 0.0 15.24
45 rcc -2 -77 8   0.0 -25 0.0 29 $wheel 3
46 rcc -2 -77 8   0.0 -25 0.0 27.7
461 rcc -2 -75.7 8   0.0 -1.3 0.0 29
462 rcc -2 -75.7 8   0.0 -1.3 0.0 15.24
463 rcc -2 -102 8   0.0 -1.3 0.0 29
464 rcc -2 -102 8   0.0 -1.3 0.0 15.24
47 rcc 68 -77 8   0.0 -25 0.0 29 $wheel 4
48 rcc 68 -77 8   0.0 -25 0.0 27.7
481 rcc 68 -75.7 8   0.0 -1.3 0.0 29
482 rcc 68 -75.7 8   0.0 -1.3 0.0 15.24
483 rcc 68 -102 8   0.0 -1.3 0.0 29
484 rcc 68 -102 8   0.0 -1.3 0.0 15.24
200 so 800    $sphere of 800cm centered at origin
c

c DATA CARDS
mode n p
c dump every hr
prdmp -60 -60 -1
c 100 keV Neutron Energy Cutoff
Cut:n 1j 0.1
c analog neutron transport
phys:n 1j 14
phys:p
sdef pos=0 0 0 erg=14.0 vec= 0 0 1 dir=d1
si1  -1 .93 1
sp1   0  0.0  1.0
c ********************
c begin material cards
c ********************
c Pure Carbon
c ****************************************
m400000 6000 -0.00012144307331834618 7000 -0.00012144307331834618 14000 -0.9997571138533633 
m400001 6000 -0.001524487322411335 7000 -0.001524487322411335 14000 -0.9969510253551773 
m400002 6000 -0.004059673912792671 7000 -0.004059673912792671 14000 -0.9918806521744149 
m400003 6000 -0.005857798424779459 7000 -0.005857798424779459 14000 -0.9882844031504413 
m400004 6000 -0.006319788829114817 7000 -0.006319788829114817 14000 -0.9873604223417703 
m400005 6000 -0.00015029354856411952 7000 -0.00015029354856411952 14000 -0.9996994129028718 
m400006 6000 -0.0014283444435956689 7000 -0.0014283444435956689 14000 -0.9971433111128087 
m400007 6000 -0.004039572387764685 7000 -0.004039572387764685 14000 -0.9919208552244705 
m400008 6000 -0.005817963964619496 7000 -0.005817963964619496 14000 -0.988364072070761 
m400009 6000 -0.006310675527912959 7000 -0.006310675527912959 14000 -0.987378648944174 
m400010 6000 -5.913217517847258e-05 7000 -5.913217517847258e-05 14000 -0.999881735649643 
m400011 6000 -0.0013340426843470436 7000 -0.0013340426843470436 14000 -0.997331914631306 
m400012 6000 -0.003786283018400519 7000 -0.003786283018400519 14000 -0.9924274339631991 
m400013 6000 -0.005842944330730083 7000 -0.005842944330730083 14000 -0.9883141113385401 
m400014 6000 -0.006338891097787661 7000 -0.006338891097787661 14000 -0.9873222178044248 
m400015 6000 -0.00018104085707218096 7000 -0.00018104085707218096 14000 -0.9996379182858556 
m400016 6000 -0.0014860340656860636 7000 -0.0014860340656860636 14000 -0.9970279318686278 
m400017 6000 -0.00379657206652545 7000 -0.00379657206652545 14000 -0.9924068558669492 
m400018 6000 -0.005714962866175958 7000 -0.005714962866175958 14000 -0.9885700742676481 
m400019 6000 -0.006326512298259288 7000 -0.006326512298259288 14000 -0.9873469754034816 
m400020 6000 -0.00010475216806050734 7000 -0.00010475216806050734 14000 -0.999790495663879 
m400021 6000 -0.0013671716957419542 7000 -0.0013671716957419542 14000 -0.9972656566085162 
m400022 6000 -0.004023130594979456 7000 -0.004023130594979456 14000 -0.991953738810041 
m400023 6000 -0.005900216254143984 7000 -0.005900216254143984 14000 -0.988199567491712 
m400024 6000 -0.006313437227923609 7000 -0.006313437227923609 14000 -0.9873731255441526 
m400025 6000 -0.00012548140721057758 7000 -0.00012548140721057758 14000 -0.9997490371855788 
m400026 6000 -0.0013730808698430045 7000 -0.0013730808698430045 14000 -0.997253838260314 
m400027 6000 -0.0035115181187411982 7000 -0.0035115181187411982 14000 -0.9929769637625178 
m400028 6000 -0.005791120505157071 7000 -0.005791120505157071 14000 -0.9884177589896859 
m400029 6000 -0.006327550040782431 7000 -0.006327550040782431 14000 -0.9873448999184348 
m400030 6000 -0.0001031148648394994 7000 -0.0001031148648394994 14000 -0.9997937702703209 
m400031 6000 -0.001315213432084722 7000 -0.001315213432084722 14000 -0.9973695731358303 
m400032 6000 -0.003909360282309622 7000 -0.003909360282309622 14000 -0.9921812794353806 
m400033 6000 -0.005859721497913195 7000 -0.005859721497913195 14000 -0.9882805570041736 
m400034 6000 -0.006338876608013678 7000 -0.006338876608013678 14000 -0.9873222467839727 
m400035 6000 -0.00015167891169946867 7000 -0.00015167891169946867 14000 -0.9996966421766011 
m400036 6000 -0.0015917889812136845 7000 -0.0015917889812136845 14000 -0.9968164220375725 
m400037 6000 -0.004167621394736777 7000 -0.004167621394736777 14000 -0.991664757210526 
m400038 6000 -0.005599224246111314 7000 -0.005599224246111314 14000 -0.9888015515077773 
m400039 6000 -0.006337706319527644 7000 -0.006337706319527644 14000 -0.9873245873609447 
m400040 6000 -7.76935771256739e-05 7000 -7.76935771256739e-05 14000 -0.9998446128457489 
m400041 6000 -0.0012181976795107804 7000 -0.0012181976795107804 14000 -0.9975636046409785 
m400042 6000 -0.004292327561702658 7000 -0.004292327561702658 14000 -0.9914153448765946 
m400043 6000 -0.005816400890740581 7000 -0.005816400890740581 14000 -0.9883671982185187 
m400044 6000 -0.006319602325146592 7000 -0.006319602325146592 14000 -0.9873607953497066 
m400045 6000 -0.00013384253409375757 7000 -0.00013384253409375757 14000 -0.9997323149318124 
m400046 6000 -0.001602240155594089 7000 -0.001602240155594089 14000 -0.9967955196888119 
m400047 6000 -0.004247200187544717 7000 -0.004247200187544717 14000 -0.9915055996249109 
m400048 6000 -0.00582546899254866 7000 -0.00582546899254866 14000 -0.9883490620149028 
m400049 6000 -0.006337736765707374 7000 -0.006337736765707374 14000 -0.9873245264685855 
m400050 6000 -0.00011958634132817768 7000 -0.00011958634132817768 14000 -0.9997608273173436 
m400051 6000 -0.001537955474382833 7000 -0.001537955474382833 14000 -0.9969240890512342 
m400052 6000 -0.004082343535877082 7000 -0.004082343535877082 14000 -0.9918353129282456 
m400053 6000 -0.005899968891436715 7000 -0.005899968891436715 14000 -0.9882000622171269 
m400054 6000 -0.006267672522787891 7000 -0.006267672522787891 14000 -0.987464654954424 
m400055 6000 -9.113828137970028e-05 7000 -9.113828137970028e-05 14000 -0.9998177234372406 
m400056 6000 -0.0016334593668721486 7000 -0.0016334593668721486 14000 -0.9967330812662554 
m400057 6000 -0.0038685246917023923 7000 -0.0038685246917023923 14000 -0.9922629506165954 
m400058 6000 -0.005799847666003885 7000 -0.005799847666003885 14000 -0.9884003046679921 
m400059 6000 -0.0063106610962439915 7000 -0.0063106610962439915 14000 -0.987378677807512 
m400060 6000 -0.0001085752288366863 7000 -0.0001085752288366863 14000 -0.9997828495423268 
m400061 6000 -0.0010990905080433165 7000 -0.0010990905080433165 14000 -0.9978018189839133 
m400062 6000 -0.004186428871649728 7000 -0.004186428871649728 14000 -0.9916271422567003 
m400063 6000 -0.005674931773926413 7000 -0.005674931773926413 14000 -0.9886501364521472 
m400064 6000 -0.0063243291871344556 7000 -0.0063243291871344556 14000 -0.9873513416257315 
m400065 6000 -0.00012970285078302073 7000 -0.00012970285078302073 14000 -0.9997405942984341 
m400066 6000 -0.0016497514421835672 7000 -0.0016497514421835672 14000 -0.9967004971156329 
m400067 6000 -0.0041706112810446444 7000 -0.0041706112810446444 14000 -0.9916587774379109 
m400068 6000 -0.005797602315738987 7000 -0.005797602315738987 14000 -0.988404795368522 
m400069 6000 -0.006343570880407117 7000 -0.006343570880407117 14000 -0.9873128582391857 
m400070 6000 -0.00015237176696287369 7000 -0.00015237176696287369 14000 -0.9996952564660744 
m400071 6000 -0.0014483108675137247 7000 -0.0014483108675137247 14000 -0.9971033782649725 
m400072 6000 -0.004096816175042953 7000 -0.004096816175042953 14000 -0.9918063676499144 
m400073 6000 -0.005825521147567043 7000 -0.005825521147567043 14000 -0.9883489577048656 
m400074 6000 -0.006309340128090745 7000 -0.006309340128090745 14000 -0.9873813197438186 
m400075 6000 -9.641097000406623e-05 7000 -9.641097000406623e-05 14000 -0.9998071780599918 
m400076 6000 -0.0018345599854505004 7000 -0.0018345599854505004 14000 -0.9963308800290992 
m400077 6000 -0.0040533266983543296 7000 -0.0040533266983543296 14000 -0.9918933466032915 
m400078 6000 -0.005542936042534704 7000 -0.005542936042534704 14000 -0.9889141279149303 
m400079 6000 -0.006340817768835162 7000 -0.006340817768835162 14000 -0.9873183644623293 
m400080 6000 -0.00010972730128234386 7000 -0.00010972730128234386 14000 -0.9997805453974352 
m400081 6000 -0.0017429789990669685 7000 -0.0017429789990669685 14000 -0.9965140420018664 
m400082 6000 -0.004111266002674486 7000 -0.004111266002674486 14000 -0.9917774679946509 
m400083 6000 -0.005713263935910307 7000 -0.005713263935910307 14000 -0.9885734721281794 
m400084 6000 -0.006298490370877625 7000 -0.006298490370877625 14000 -0.9874030192582447 
m400085 6000 -9.190629781073599e-05 7000 -9.190629781073599e-05 14000 -0.9998161874043787 
m400086 6000 -0.0017001735681466748 7000 -0.0017001735681466748 14000 -0.9965996528637068 
m400087 6000 -0.003978101005695426 7000 -0.003978101005695426 14000 -0.9920437979886093 
m400088 6000 -0.005797982396618046 7000 -0.005797982396618046 14000 -0.9884040352067639 
m400089 6000 -0.006290608896494738 7000 -0.006290608896494738 14000 -0.987418782207011 
m400090 6000 -0.00017233513074701515 7000 -0.00017233513074701515 14000 -0.999655329738506 
m400091 6000 -0.0017715507701839004 7000 -0.0017715507701839004 14000 -0.996456898459632 
m400092 6000 -0.004061532318160259 7000 -0.004061532318160259 14000 -0.9918769353636796 
m400093 6000 -0.005796246295548082 7000 -0.005796246295548082 14000 -0.9884075074089037 
m400094 6000 -0.006315150476498824 7000 -0.006315150476498824 14000 -0.9873696990470023 
m400095 6000 -9.862884304289124e-05 7000 -9.862884304289124e-05 14000 -0.9998027423139143 
m400096 6000 -0.0017303244943532102 7000 -0.0017303244943532102 14000 -0.9965393510112935 
m400097 6000 -0.0040191166727624825 7000 -0.0040191166727624825 14000 -0.9919617666544752 
m400098 6000 -0.005847975125387579 7000 -0.005847975125387579 14000 -0.9883040497492249 
m400099 6000 -0.00635845396521165 7000 -0.00635845396521165 14000 -0.9872830920695767 
m400100 6000 -0.00013104733828364436 7000 -0.00013104733828364436 14000 -0.9997379053234329 
m400101 6000 -0.001870352255282389 7000 -0.001870352255282389 14000 -0.9962592954894354 
m400102 6000 -0.00425772843330001 7000 -0.00425772843330001 14000 -0.9914845431334 
m400103 6000 -0.005735362864160076 7000 -0.005735362864160076 14000 -0.98852927427168 
m400104 6000 -0.00626790186032758 7000 -0.00626790186032758 14000 -0.9874641962793446 
m400105 6000 -0.00013687183787982352 7000 -0.00013687183787982352 14000 -0.9997262563242404 
m400106 6000 -0.0016730462456138928 7000 -0.0016730462456138928 14000 -0.9966539075087719 
m400107 6000 -0.003990085212994925 7000 -0.003990085212994925 14000 -0.9920198295740102 
m400108 6000 -0.005861628600593206 7000 -0.005861628600593206 14000 -0.9882767427988135 
m400109 6000 -0.006328515538361022 7000 -0.006328515538361022 14000 -0.9873429689232779 
m400110 6000 -0.0001478460026186491 7000 -0.0001478460026186491 14000 -0.9997043079947627 
m400111 6000 -0.0015969490898858393 7000 -0.0015969490898858393 14000 -0.9968061018202283 
m400112 6000 -0.003993594777035594 7000 -0.003993594777035594 14000 -0.9920128104459286 
m400113 6000 -0.0057892699707708835 7000 -0.0057892699707708835 14000 -0.9884214600584583 
m400114 6000 -0.0063332481414571104 7000 -0.0063332481414571104 14000 -0.987333503717086 
m400115 6000 -7.466191945975102e-05 7000 -7.466191945975102e-05 14000 -0.9998506761610806 
m400116 6000 -0.001622823427483788 7000 -0.001622823427483788 14000 -0.9967543531450324 
m400117 6000 -0.004072547821226405 7000 -0.004072547821226405 14000 -0.991854904357547 
m400118 6000 -0.005683677290456588 7000 -0.005683677290456588 14000 -0.9886326454190866 
m400119 6000 -0.006312645377755103 7000 -0.006312645377755103 14000 -0.9873747092444896 
m400120 6000 -9.662707277912861e-05 7000 -9.662707277912861e-05 14000 -0.9998067458544417 
m400121 6000 -0.0016678557617762421 7000 -0.0016678557617762421 14000 -0.9966642884764473 
m400122 6000 -0.004146900159825855 7000 -0.004146900159825855 14000 -0.9917061996803481 
m400123 6000 -0.005657719988320321 7000 -0.005657719988320321 14000 -0.9886845600233595 
m400124 6000 -0.006307709093936562 7000 -0.006307709093936562 14000 -0.987384581812127 
c **********************************
c PE+Pb, dens=4.78 g/cm3
m2      6000    -0.04286 $Carbon
        1001    -0.00714 $Hydrogen
        82000   -0.95000 $Lead
c **********************************
m3    1001 -0.048535 $Boric acid
      5010 -0.034981
      5011 -0.139923
      8016 -0.776561
c **********************************
m4    82000 1 $Lead
c **********************************
m5 26000 1 $Iron
c **********************************
m6     13027   -1.000 $ Aluminum
c **********************************
c  SS-304 (8.00 g/cm3), #298 in PNNL Compendium
m7   006000.50c -0.0004000
     014000.60c -0.0050000
     015031.50c -0.0002300
     016000.60c -0.0001500
     024000.50c -0.1899981
     025055.60c -0.0099999
     026000.50c -0.7017229
     028000.50c -0.0924991
c ****************************************
c       LaBr detector
c ****************************************
m8       35079    -0.2946       $ Br79
         35081    -0.3069       $ Br81
         57139    -0.3485       $ La139
         58140    -0.0500       $ Ce140
c ************ air den=1.15e-3g/cc
m12     8016 -0.23
        7014 -0.77
c ************ Rubber Natural den=0.92 g/cc
m13     1001 -0.118371  $weight fraction
        6000 -0.881629
c
c end material cards
c
rand seed=8674536546524321 $different initial random #; seed# - any less 18 digits
c
c ********** begin tallies *********************
fc78 *********Broadened Pulse Height Tally Sum of Detectors 1,2 & 3 ***********
e78 0 1e-5 932i 8.4295
F78:p (101)
FT78 GEB -0.026198 0.059551 -0.037176
fc18 *********Unbroadened Pulse Height Tally Sum of Detectors 1,2 & 3 ***********
e18 0 1e-5 932i 8.4295
F18:p (101)
c ***********************************
c mplot tal 78 freq 10000
nps 1e9
