c CAS DETECTOR
c w/ Shielding in Place and Wheels
c
c CELL CARDS
c
c @@@@@@@@@@ Detectors @@@@@@@@@@@@@@@@@
c
101 8 -5.08 -21 imp:n,p 1 $LaBr Detector #1 Active Region
c
c @@@@@@@@@ Shielding @@@@@@@@@@@@@@@@@
c
121 2 -4.78 -31 imp:n,p 1 $PE_Pb
122 4 -11.29 -32 imp:n,p 1 $Pb1
123 4 -11.29 -33 imp:n,p 1 $Pb2
124 4 -11.29 -34 imp:n,p 1 $Pb3
125 4 -11.29 -35 imp:n,p 1 $Pb4
126 4 -11.29 -36 imp:n,p 1 $Pb5
127 4 -11.29 -37 imp:n,p 1 $Pb6
128 3 -1.5 -38 imp:n,p 1 $BA1
129 3 -1.5 -39 imp:n,p 1 $BA2
130 6 -2.7 -40 imp:n,p 1 $Al
131 7 -7.92 301 -302 303 -304 imp:n,p 1 $Fe-tube
132 5 -7.8 -401 imp:n,p 1 $Fe
133 5 -7.8 -402 imp:n,p 1 $Fe
c @@@@@@@@@@ Wheels @@@@@@@@@@@@@@@@@
c
21 13 -0.92 -41 42 imp:n,p 1 $Wheel 1
211 13 -0.92 -421 422 imp:n,p 1 $Wheel 1
212 13 -0.92 -423 424 imp:n,p 1 $Wheel 1
22 13 -0.92 -43 44 imp:n,p 1 $Wheel 2
221 13 -0.92 -441 442 imp:n,p 1 $Wheel 2
222 13 -0.92 -443 444 imp:n,p 1 $Wheel 2
23 13 -0.92 -45 46 imp:n,p 1 $Wheel 3
231 13 -0.92 -461 462 imp:n,p 1 $Wheel 3
232 13 -0.92 -463 464 imp:n,p 1 $Wheel 3
24 13 -0.92 -47 48 imp:n,p 1 $Wheel 4
241 13 -0.92 -481 482 imp:n,p 1 $Wheel 4
242 13 -0.92 -483 484 imp:n,p 1 $Wheel 4
c
c @@@@@@@@@@ SOIL VOLUME @@@@@@@@@@@
c
300000 400000 -2.156 20010 -20011 20020 -20021 20030 -20031 imp:n,p 1
300001 400001 -2.156 20010 -20011 20020 -20021 20031 -20032 imp:n,p 1
300002 400002 -2.156 20010 -20011 20020 -20021 20032 -20033 imp:n,p 1
300003 400003 -2.156 20010 -20011 20020 -20021 20033 -20034 imp:n,p 1
300004 400004 -2.156 20010 -20011 20020 -20021 20034 -20035 imp:n,p 1
300005 400005 -2.156 20011 -20012 20020 -20021 20030 -20031 imp:n,p 1
300006 400006 -2.156 20011 -20012 20020 -20021 20031 -20032 imp:n,p 1
300007 400007 -2.156 20011 -20012 20020 -20021 20032 -20033 imp:n,p 1
300008 400008 -2.156 20011 -20012 20020 -20021 20033 -20034 imp:n,p 1
300009 400009 -2.156 20011 -20012 20020 -20021 20034 -20035 imp:n,p 1
300010 400010 -2.156 20012 -20013 20020 -20021 20030 -20031 imp:n,p 1
300011 400011 -2.156 20012 -20013 20020 -20021 20031 -20032 imp:n,p 1
300012 400012 -2.156 20012 -20013 20020 -20021 20032 -20033 imp:n,p 1
300013 400013 -2.156 20012 -20013 20020 -20021 20033 -20034 imp:n,p 1
300014 400014 -2.156 20012 -20013 20020 -20021 20034 -20035 imp:n,p 1
300015 400015 -2.156 20013 -20014 20020 -20021 20030 -20031 imp:n,p 1
300016 400016 -2.156 20013 -20014 20020 -20021 20031 -20032 imp:n,p 1
300017 400017 -2.156 20013 -20014 20020 -20021 20032 -20033 imp:n,p 1
300018 400018 -2.156 20013 -20014 20020 -20021 20033 -20034 imp:n,p 1
300019 400019 -2.156 20013 -20014 20020 -20021 20034 -20035 imp:n,p 1
300020 400020 -2.156 20014 -20015 20020 -20021 20030 -20031 imp:n,p 1
300021 400021 -2.156 20014 -20015 20020 -20021 20031 -20032 imp:n,p 1
300022 400022 -2.156 20014 -20015 20020 -20021 20032 -20033 imp:n,p 1
300023 400023 -2.156 20014 -20015 20020 -20021 20033 -20034 imp:n,p 1
300024 400024 -2.156 20014 -20015 20020 -20021 20034 -20035 imp:n,p 1
300025 400025 -2.156 20010 -20011 20021 -20022 20030 -20031 imp:n,p 1
300026 400026 -2.156 20010 -20011 20021 -20022 20031 -20032 imp:n,p 1
300027 400027 -2.156 20010 -20011 20021 -20022 20032 -20033 imp:n,p 1
300028 400028 -2.156 20010 -20011 20021 -20022 20033 -20034 imp:n,p 1
300029 400029 -2.156 20010 -20011 20021 -20022 20034 -20035 imp:n,p 1
300030 400030 -2.156 20011 -20012 20021 -20022 20030 -20031 imp:n,p 1
300031 400031 -2.156 20011 -20012 20021 -20022 20031 -20032 imp:n,p 1
300032 400032 -2.156 20011 -20012 20021 -20022 20032 -20033 imp:n,p 1
300033 400033 -2.156 20011 -20012 20021 -20022 20033 -20034 imp:n,p 1
300034 400034 -2.156 20011 -20012 20021 -20022 20034 -20035 imp:n,p 1
300035 400035 -2.156 20012 -20013 20021 -20022 20030 -20031 imp:n,p 1
300036 400036 -2.156 20012 -20013 20021 -20022 20031 -20032 imp:n,p 1
300037 400037 -2.156 20012 -20013 20021 -20022 20032 -20033 imp:n,p 1
300038 400038 -2.156 20012 -20013 20021 -20022 20033 -20034 imp:n,p 1
300039 400039 -2.156 20012 -20013 20021 -20022 20034 -20035 imp:n,p 1
300040 400040 -2.156 20013 -20014 20021 -20022 20030 -20031 imp:n,p 1
300041 400041 -2.156 20013 -20014 20021 -20022 20031 -20032 imp:n,p 1
300042 400042 -2.156 20013 -20014 20021 -20022 20032 -20033 imp:n,p 1
300043 400043 -2.156 20013 -20014 20021 -20022 20033 -20034 imp:n,p 1
300044 400044 -2.156 20013 -20014 20021 -20022 20034 -20035 imp:n,p 1
300045 400045 -2.156 20014 -20015 20021 -20022 20030 -20031 imp:n,p 1
300046 400046 -2.156 20014 -20015 20021 -20022 20031 -20032 imp:n,p 1
300047 400047 -2.156 20014 -20015 20021 -20022 20032 -20033 imp:n,p 1
300048 400048 -2.156 20014 -20015 20021 -20022 20033 -20034 imp:n,p 1
300049 400049 -2.156 20014 -20015 20021 -20022 20034 -20035 imp:n,p 1
300050 400050 -2.156 20010 -20011 20022 -20023 20030 -20031 imp:n,p 1
300051 400051 -2.156 20010 -20011 20022 -20023 20031 -20032 imp:n,p 1
300052 400052 -2.156 20010 -20011 20022 -20023 20032 -20033 imp:n,p 1
300053 400053 -2.156 20010 -20011 20022 -20023 20033 -20034 imp:n,p 1
300054 400054 -2.156 20010 -20011 20022 -20023 20034 -20035 imp:n,p 1
300055 400055 -2.156 20011 -20012 20022 -20023 20030 -20031 imp:n,p 1
300056 400056 -2.156 20011 -20012 20022 -20023 20031 -20032 imp:n,p 1
300057 400057 -2.156 20011 -20012 20022 -20023 20032 -20033 imp:n,p 1
300058 400058 -2.156 20011 -20012 20022 -20023 20033 -20034 imp:n,p 1
300059 400059 -2.156 20011 -20012 20022 -20023 20034 -20035 imp:n,p 1
300060 400060 -2.156 20012 -20013 20022 -20023 20030 -20031 imp:n,p 1
300061 400061 -2.156 20012 -20013 20022 -20023 20031 -20032 imp:n,p 1
300062 400062 -2.156 20012 -20013 20022 -20023 20032 -20033 imp:n,p 1
300063 400063 -2.156 20012 -20013 20022 -20023 20033 -20034 imp:n,p 1
300064 400064 -2.156 20012 -20013 20022 -20023 20034 -20035 imp:n,p 1
300065 400065 -2.156 20013 -20014 20022 -20023 20030 -20031 imp:n,p 1
300066 400066 -2.156 20013 -20014 20022 -20023 20031 -20032 imp:n,p 1
300067 400067 -2.156 20013 -20014 20022 -20023 20032 -20033 imp:n,p 1
300068 400068 -2.156 20013 -20014 20022 -20023 20033 -20034 imp:n,p 1
300069 400069 -2.156 20013 -20014 20022 -20023 20034 -20035 imp:n,p 1
300070 400070 -2.156 20014 -20015 20022 -20023 20030 -20031 imp:n,p 1
300071 400071 -2.156 20014 -20015 20022 -20023 20031 -20032 imp:n,p 1
300072 400072 -2.156 20014 -20015 20022 -20023 20032 -20033 imp:n,p 1
300073 400073 -2.156 20014 -20015 20022 -20023 20033 -20034 imp:n,p 1
300074 400074 -2.156 20014 -20015 20022 -20023 20034 -20035 imp:n,p 1
300075 400075 -2.156 20010 -20011 20023 -20024 20030 -20031 imp:n,p 1
300076 400076 -2.156 20010 -20011 20023 -20024 20031 -20032 imp:n,p 1
300077 400077 -2.156 20010 -20011 20023 -20024 20032 -20033 imp:n,p 1
300078 400078 -2.156 20010 -20011 20023 -20024 20033 -20034 imp:n,p 1
300079 400079 -2.156 20010 -20011 20023 -20024 20034 -20035 imp:n,p 1
300080 400080 -2.156 20011 -20012 20023 -20024 20030 -20031 imp:n,p 1
300081 400081 -2.156 20011 -20012 20023 -20024 20031 -20032 imp:n,p 1
300082 400082 -2.156 20011 -20012 20023 -20024 20032 -20033 imp:n,p 1
300083 400083 -2.156 20011 -20012 20023 -20024 20033 -20034 imp:n,p 1
300084 400084 -2.156 20011 -20012 20023 -20024 20034 -20035 imp:n,p 1
300085 400085 -2.156 20012 -20013 20023 -20024 20030 -20031 imp:n,p 1
300086 400086 -2.156 20012 -20013 20023 -20024 20031 -20032 imp:n,p 1
300087 400087 -2.156 20012 -20013 20023 -20024 20032 -20033 imp:n,p 1
300088 400088 -2.156 20012 -20013 20023 -20024 20033 -20034 imp:n,p 1
300089 400089 -2.156 20012 -20013 20023 -20024 20034 -20035 imp:n,p 1
300090 400090 -2.156 20013 -20014 20023 -20024 20030 -20031 imp:n,p 1
300091 400091 -2.156 20013 -20014 20023 -20024 20031 -20032 imp:n,p 1
300092 400092 -2.156 20013 -20014 20023 -20024 20032 -20033 imp:n,p 1
300093 400093 -2.156 20013 -20014 20023 -20024 20033 -20034 imp:n,p 1
300094 400094 -2.156 20013 -20014 20023 -20024 20034 -20035 imp:n,p 1
300095 400095 -2.156 20014 -20015 20023 -20024 20030 -20031 imp:n,p 1
300096 400096 -2.156 20014 -20015 20023 -20024 20031 -20032 imp:n,p 1
300097 400097 -2.156 20014 -20015 20023 -20024 20032 -20033 imp:n,p 1
300098 400098 -2.156 20014 -20015 20023 -20024 20033 -20034 imp:n,p 1
300099 400099 -2.156 20014 -20015 20023 -20024 20034 -20035 imp:n,p 1
300100 400100 -2.156 20010 -20011 20024 -20025 20030 -20031 imp:n,p 1
300101 400101 -2.156 20010 -20011 20024 -20025 20031 -20032 imp:n,p 1
300102 400102 -2.156 20010 -20011 20024 -20025 20032 -20033 imp:n,p 1
300103 400103 -2.156 20010 -20011 20024 -20025 20033 -20034 imp:n,p 1
300104 400104 -2.156 20010 -20011 20024 -20025 20034 -20035 imp:n,p 1
300105 400105 -2.156 20011 -20012 20024 -20025 20030 -20031 imp:n,p 1
300106 400106 -2.156 20011 -20012 20024 -20025 20031 -20032 imp:n,p 1
300107 400107 -2.156 20011 -20012 20024 -20025 20032 -20033 imp:n,p 1
300108 400108 -2.156 20011 -20012 20024 -20025 20033 -20034 imp:n,p 1
300109 400109 -2.156 20011 -20012 20024 -20025 20034 -20035 imp:n,p 1
300110 400110 -2.156 20012 -20013 20024 -20025 20030 -20031 imp:n,p 1
300111 400111 -2.156 20012 -20013 20024 -20025 20031 -20032 imp:n,p 1
300112 400112 -2.156 20012 -20013 20024 -20025 20032 -20033 imp:n,p 1
300113 400113 -2.156 20012 -20013 20024 -20025 20033 -20034 imp:n,p 1
300114 400114 -2.156 20012 -20013 20024 -20025 20034 -20035 imp:n,p 1
300115 400115 -2.156 20013 -20014 20024 -20025 20030 -20031 imp:n,p 1
300116 400116 -2.156 20013 -20014 20024 -20025 20031 -20032 imp:n,p 1
300117 400117 -2.156 20013 -20014 20024 -20025 20032 -20033 imp:n,p 1
300118 400118 -2.156 20013 -20014 20024 -20025 20033 -20034 imp:n,p 1
300119 400119 -2.156 20013 -20014 20024 -20025 20034 -20035 imp:n,p 1
300120 400120 -2.156 20014 -20015 20024 -20025 20030 -20031 imp:n,p 1
300121 400121 -2.156 20014 -20015 20024 -20025 20031 -20032 imp:n,p 1
300122 400122 -2.156 20014 -20015 20024 -20025 20032 -20033 imp:n,p 1
300123 400123 -2.156 20014 -20015 20024 -20025 20033 -20034 imp:n,p 1
300124 400124 -2.156 20014 -20015 20024 -20025 20034 -20035 imp:n,p 1
c
30 12 -0.00129 -200 #101 #121 #122 #123 #124 #125 #126 #127 #128 #129 #130 #131 #132 #133
        #21 #211 #212 #22 #221 #222 #23 #231 #232 #24 #241 #242 #20 imp:n,p 1 $Rest of the World
31 0 200 imp:n,p 0 $Outside world

c SURFACE CARDS
c
c Sample Volume
20010 px -56.0
20011 px -33.600000000000364
20012 px -11.200000000000728
20013 px 11.200000000000728
20014 px 33.600000000000364
20015 px 56.0
20020 py -45.0
20021 py -27.0
20022 py -9.0
20023 py 9.0
20024 py 27.0
20025 py 45.0
20030 pz 92.0
20031 pz 82.0
20032 pz 72.0
20033 pz 62.0
20034 pz 52.0
20035 pz 42.0
c Active Detector Region
21 rcc 56  -5.0 -1.0   0.0 20.3 0.0   4.5 $Detector 1 Base center, Hx,Hy,Hz, radius
c Shielding Surfaces
c Shielding Pb
31 rpp 19 29 -7.5 7.5 -11 9 $PbPE xmin xmax ymin ymax zmin zmax
32 rpp 9 19 4 9 -11 9 $Pb xmin xmax ymin ymax zmin zmax
33 rpp 9 19 -9 -4 -11 9 $Pb xmin xmax ymin ymax zmin zmax
34 rpp 19 29 7.5 12.5 -11 9 $Pb xmin xmax ymin ymax zmin zmax
35 rpp 19 29 -12.5 -7.5 -11 9 $Pb xmin xmax ymin ymax zmin zmax
36 rpp 29 34 -15 15 -11 9 $Pb xmin xmax ymin ymax zmin zmax
37 rpp 9 19 -4 4 4 9 $Pb xmin xmax ymin ymax zmin zmax
38 rpp -26 26 18 28 -11 9 $BA1 xmin xmax ymin ymax zmin zmax
39 rpp -26 26 -28 -18 -11 9 $BA2 xmin xmax ymin ymax zmin zmax
40 rpp -65 65 -28 28 10 10.5 $Al xmin xmax ymin ymax zmin zmax
401 rpp -27 27 29 34 -11 9 $Fe xmin xmax ymin ymax zmin zmax
402 rpp -27 27 -34 -29 -11 9 $Fe xmin xmax ymin ymax zmin zmax
301 px -20
302 px 18
303 cx 3.71
304 cx 3.81
c Wheels Surfaces
c 23/10.5-12 turf tires, 22.6 lb rubber
c diameter 29cm, tread width 25cm, and sidewall height 13.76 cm
c set thickness of all sides 1.3 cm (s.t. weight is 22.6 lb)
41 rcc -2 77 8   0.0 25 0.0 29 $wheel 1 outer tread surface
42 rcc -2 77 8   0.0 25 0.0 27.7 $wheel 1 inner tread surface
421 rcc -2 75.7 8   0.0 1.3 0.0 29 $wheel 1 outside sidewall exterior
422 rcc -2 75.7 8   0.0 1.3 0.0 15.24 $wheel 1 outside sidewall interior
423 rcc -2 102 8   0.0 1.3 0.0 29 $wheel 1 inside sidewall exterior
424 rcc -2 102 8   0.0 1.3 0.0 15.24 $wheel 1 inside sidewall interior
43 rcc 68 77 8   0.0 25 0.0 29 $wheel 2
44 rcc 68 77 8   0.0 25 0.0 27.7
441 rcc 68 75.7 8   0.0 1.3 0.0 29
442 rcc 68 75.7 8   0.0 1.3 0.0 15.24
443 rcc 68 102 8   0.0 1.3 0.0 29
444 rcc 68 102 8   0.0 1.3 0.0 15.24
45 rcc -2 -77 8   0.0 -25 0.0 29 $wheel 3
46 rcc -2 -77 8   0.0 -25 0.0 27.7
461 rcc -2 -75.7 8   0.0 -1.3 0.0 29
462 rcc -2 -75.7 8   0.0 -1.3 0.0 15.24
463 rcc -2 -102 8   0.0 -1.3 0.0 29
464 rcc -2 -102 8   0.0 -1.3 0.0 15.24
47 rcc 68 -77 8   0.0 -25 0.0 29 $wheel 4
48 rcc 68 -77 8   0.0 -25 0.0 27.7
481 rcc 68 -75.7 8   0.0 -1.3 0.0 29
482 rcc 68 -75.7 8   0.0 -1.3 0.0 15.24
483 rcc 68 -102 8   0.0 -1.3 0.0 29
484 rcc 68 -102 8   0.0 -1.3 0.0 15.24
200 so 800    $sphere of 800cm centered at origin
c

c DATA CARDS
mode n p
c dump every hr
prdmp -60 -60 -1
c 100 keV Neutron Energy Cutoff
Cut:n 1j 0.1
c analog neutron transport
phys:n 1j 14
phys:p
sdef pos=0 0 0 erg=14.0 vec= 0 0 1 dir=d1
si1  -1 .93 1
sp1   0  0.0  1.0
c ********************
c begin material cards
c ********************
c Pure Carbon
c ****************************************
m400000 6000 -0.00013747004857208282 7000 -0.00013747004857208282 14000 -0.9997250599028559 
m400001 6000 -0.0017075543512405573 7000 -0.0017075543512405573 14000 -0.996584891297519 
m400002 6000 -0.004169366288458986 7000 -0.004169366288458986 14000 -0.991661267423082 
m400003 6000 -0.005580944188659752 7000 -0.005580944188659752 14000 -0.9888381116226802 
m400004 6000 -0.006296369642311231 7000 -0.006296369642311231 14000 -0.9874072607153773 
m400005 6000 -0.0001933814533352203 7000 -0.0001933814533352203 14000 -0.9996132370933295 
m400006 6000 -0.0017346949153466836 7000 -0.0017346949153466836 14000 -0.9965306101693067 
m400007 6000 -0.003968511512289441 7000 -0.003968511512289441 14000 -0.9920629769754207 
m400008 6000 -0.005492599300769955 7000 -0.005492599300769955 14000 -0.9890148013984601 
m400009 6000 -0.006276723319649655 7000 -0.006276723319649655 14000 -0.987446553360701 
m400010 6000 -0.00014784036087991088 7000 -0.00014784036087991088 14000 -0.9997043192782398 
m400011 6000 -0.001655216300874487 7000 -0.001655216300874487 14000 -0.9966895673982509 
m400012 6000 -0.0034995654810606614 7000 -0.0034995654810606614 14000 -0.9930008690378785 
m400013 6000 -0.005562348711521766 7000 -0.005562348711521766 14000 -0.9888753025769565 
m400014 6000 -0.006309024898305677 7000 -0.006309024898305677 14000 -0.9873819502033884 
m400015 6000 -0.000123534594842826 7000 -0.000123534594842826 14000 -0.9997529308103144 
m400016 6000 -0.0014464530488569566 7000 -0.0014464530488569566 14000 -0.997107093902286 
m400017 6000 -0.004169704407617148 7000 -0.004169704407617148 14000 -0.9916605911847656 
m400018 6000 -0.00560638149369701 7000 -0.00560638149369701 14000 -0.988787237012606 
m400019 6000 -0.006335783488967133 7000 -0.006335783488967133 14000 -0.9873284330220659 
m400020 6000 -0.00010281873882797783 7000 -0.00010281873882797783 14000 -0.9997943625223439 
m400021 6000 -0.0012364600196393693 7000 -0.0012364600196393693 14000 -0.9975270799607212 
m400022 6000 -0.004017848159572977 7000 -0.004017848159572977 14000 -0.9919643036808542 
m400023 6000 -0.005758365177208834 7000 -0.005758365177208834 14000 -0.9884832696455823 
m400024 6000 -0.006304314070049153 7000 -0.006304314070049153 14000 -0.9873913718599018 
m400025 6000 -7.39700093736697e-05 7000 -7.39700093736697e-05 14000 -0.9998520599812527 
m400026 6000 -0.001499296220934043 7000 -0.001499296220934043 14000 -0.9970014075581318 
m400027 6000 -0.004018242798103506 7000 -0.004018242798103506 14000 -0.991963514403793 
m400028 6000 -0.005708078611961765 7000 -0.005708078611961765 14000 -0.9885838427760762 
m400029 6000 -0.0063097689894539314 7000 -0.0063097689894539314 14000 -0.987380462021092 
m400030 6000 -0.00014596108788066052 7000 -0.00014596108788066052 14000 -0.9997080778242384 
m400031 6000 -0.0016881158814017216 7000 -0.0016881158814017216 14000 -0.9966237682371966 
m400032 6000 -0.004245385960490069 7000 -0.004245385960490069 14000 -0.9915092280790201 
m400033 6000 -0.005834495990718157 7000 -0.005834495990718157 14000 -0.9883310080185638 
m400034 6000 -0.006278442054795767 7000 -0.006278442054795767 14000 -0.9874431158904085 
m400035 6000 -0.000103249454054564 7000 -0.000103249454054564 14000 -0.999793501091891 
m400036 6000 -0.0015857574221077664 7000 -0.0015857574221077664 14000 -0.9968284851557844 
m400037 6000 -0.003747981571107326 7000 -0.003747981571107326 14000 -0.992504036857785 
m400038 6000 -0.005873117281563796 7000 -0.005873117281563796 14000 -0.9882537654368726 
m400039 6000 -0.006308506663202742 7000 -0.006308506663202742 14000 -0.9873829866735947 
m400040 6000 -2.8778949067765225e-05 7000 -2.8778949067765225e-05 14000 -0.9999424421018646 
m400041 6000 -0.0015858060009545088 7000 -0.0015858060009545088 14000 -0.996828387998091 
m400042 6000 -0.004187774223817001 7000 -0.004187774223817001 14000 -0.9916244515523662 
m400043 6000 -0.005609313799813366 7000 -0.005609313799813366 14000 -0.988781372400373 
m400044 6000 -0.006292132353005001 7000 -0.006292132353005001 14000 -0.9874157352939905 
m400045 6000 -9.620981259581227e-05 7000 -9.620981259581227e-05 14000 -0.9998075803748081 
m400046 6000 -0.0015604669215040698 7000 -0.0015604669215040698 14000 -0.996879066156992 
m400047 6000 -0.004198107104661026 7000 -0.004198107104661026 14000 -0.991603785790678 
m400048 6000 -0.005881945023795203 7000 -0.005881945023795203 14000 -0.9882361099524095 
m400049 6000 -0.006349223671792041 7000 -0.006349223671792041 14000 -0.987301552656416 
m400050 6000 -8.957219871256385e-05 7000 -8.957219871256385e-05 14000 -0.9998208556025747 
m400051 6000 -0.0014204539992009612 7000 -0.0014204539992009612 14000 -0.9971590920015981 
m400052 6000 -0.0037322368910180344 7000 -0.0037322368910180344 14000 -0.9925355262179639 
m400053 6000 -0.005635529287374047 7000 -0.005635529287374047 14000 -0.9887289414252516 
m400054 6000 -0.006299487725373386 7000 -0.006299487725373386 14000 -0.9874010245492534 
m400055 6000 -0.00011351396440822987 7000 -0.00011351396440822987 14000 -0.9997729720711835 
m400056 6000 -0.001304856703858776 7000 -0.001304856703858776 14000 -0.9973902865922822 
m400057 6000 -0.003951791116524791 7000 -0.003951791116524791 14000 -0.9920964177669503 
m400058 6000 -0.00553272287185754 7000 -0.00553272287185754 14000 -0.9889345542562844 
m400059 6000 -0.006299581669228773 7000 -0.006299581669228773 14000 -0.9874008366615422 
m400060 6000 -0.00010094727062109116 7000 -0.00010094727062109116 14000 -0.9997981054587578 
m400061 6000 -0.0016906902339677604 7000 -0.0016906902339677604 14000 -0.9966186195320645 
m400062 6000 -0.0039297787918357715 7000 -0.0039297787918357715 14000 -0.9921404424163285 
m400063 6000 -0.005815226634625181 7000 -0.005815226634625181 14000 -0.9883695467307498 
m400064 6000 -0.006319161720870361 7000 -0.006319161720870361 14000 -0.9873616765582591 
m400065 6000 -7.838825669697708e-05 7000 -7.838825669697708e-05 14000 -0.9998432234866061 
m400066 6000 -0.001512657990745841 7000 -0.001512657990745841 14000 -0.996974684018508 
m400067 6000 -0.003797282920478699 7000 -0.003797282920478699 14000 -0.9924054341590426 
m400068 6000 -0.005659573395192928 7000 -0.005659573395192928 14000 -0.9886808532096143 
m400069 6000 -0.0063334060570823855 7000 -0.0063334060570823855 14000 -0.9873331878858355 
m400070 6000 -7.605125372353466e-05 7000 -7.605125372353466e-05 14000 -0.9998478974925529 
m400071 6000 -0.0015397505909477962 7000 -0.0015397505909477962 14000 -0.9969204988181047 
m400072 6000 -0.003976642777898688 7000 -0.003976642777898688 14000 -0.9920467144442022 
m400073 6000 -0.005878041096428931 7000 -0.005878041096428931 14000 -0.988243917807142 
m400074 6000 -0.0063386606903676436 7000 -0.0063386606903676436 14000 -0.9873226786192647 
m400075 6000 -7.284958836010098e-05 7000 -7.284958836010098e-05 14000 -0.9998543008232796 
m400076 6000 -0.0013611492368868691 7000 -0.0013611492368868691 14000 -0.9972777015262263 
m400077 6000 -0.00381298737768708 7000 -0.00381298737768708 14000 -0.9923740252446258 
m400078 6000 -0.005794782093840135 7000 -0.005794782093840135 14000 -0.9884104358123197 
m400079 6000 -0.006331812495448041 7000 -0.006331812495448041 14000 -0.9873363750091041 
m400080 6000 -8.343511882625075e-05 7000 -8.343511882625075e-05 14000 -0.9998331297623474 
m400081 6000 -0.001492702116753719 7000 -0.001492702116753719 14000 -0.9970145957664927 
m400082 6000 -0.004052388629883521 7000 -0.004052388629883521 14000 -0.991895222740233 
m400083 6000 -0.005741786563847566 7000 -0.005741786563847566 14000 -0.9885164268723049 
m400084 6000 -0.006303217200850131 7000 -0.006303217200850131 14000 -0.9873935655982996 
m400085 6000 -0.0001155547448930857 7000 -0.0001155547448930857 14000 -0.9997688905102138 
m400086 6000 -0.0014952263069204258 7000 -0.0014952263069204258 14000 -0.9970095473861592 
m400087 6000 -0.003973114558410445 7000 -0.003973114558410445 14000 -0.9920537708831789 
m400088 6000 -0.005815260762961386 7000 -0.005815260762961386 14000 -0.9883694784740774 
m400089 6000 -0.006280069068450434 7000 -0.006280069068450434 14000 -0.987439861863099 
m400090 6000 -0.00011996084841339317 7000 -0.00011996084841339317 14000 -0.9997600783031731 
m400091 6000 -0.001958270570954344 7000 -0.001958270570954344 14000 -0.9960834588580912 
m400092 6000 -0.004032916193200521 7000 -0.004032916193200521 14000 -0.9919341676135993 
m400093 6000 -0.005794654353372013 7000 -0.005794654353372013 14000 -0.9884106912932562 
m400094 6000 -0.006342864454138393 7000 -0.006342864454138393 14000 -0.9873142710917233 
m400095 6000 -0.00019881073120200522 7000 -0.00019881073120200522 14000 -0.9996023785375957 
m400096 6000 -0.0016982155827977503 7000 -0.0016982155827977503 14000 -0.9966035688344047 
m400097 6000 -0.003867147893796698 7000 -0.003867147893796698 14000 -0.9922657042124067 
m400098 6000 -0.005858917596786898 7000 -0.005858917596786898 14000 -0.9882821648064258 
m400099 6000 -0.006365181491973717 7000 -0.006365181491973717 14000 -0.9872696370160529 
m400100 6000 -0.0001723118319191389 7000 -0.0001723118319191389 14000 -0.9996553763361616 
m400101 6000 -0.0016135642115758667 7000 -0.0016135642115758667 14000 -0.9967728715768484 
m400102 6000 -0.0037131575473488498 7000 -0.0037131575473488498 14000 -0.9925736849053017 
m400103 6000 -0.005848867978438315 7000 -0.005848867978438315 14000 -0.9883022640431234 
m400104 6000 -0.006296715151769082 7000 -0.006296715151769082 14000 -0.9874065696964617 
m400105 6000 -9.579094632427066e-05 7000 -9.579094632427066e-05 14000 -0.9998084181073514 
m400106 6000 -0.0016029892498184766 7000 -0.0016029892498184766 14000 -0.9967940215003631 
m400107 6000 -0.004127815569726995 7000 -0.004127815569726995 14000 -0.991744368860546 
m400108 6000 -0.005551806180717049 7000 -0.005551806180717049 14000 -0.9888963876385659 
m400109 6000 -0.006313740826267902 7000 -0.006313740826267902 14000 -0.9873725183474643 
m400110 6000 -0.00011212606956182755 7000 -0.00011212606956182755 14000 -0.9997757478608764 
m400111 6000 -0.0012909390855112596 7000 -0.0012909390855112596 14000 -0.9974181218289775 
m400112 6000 -0.004033179989022202 7000 -0.004033179989022202 14000 -0.9919336400219553 
m400113 6000 -0.005707889926618707 7000 -0.005707889926618707 14000 -0.9885842201467626 
m400114 6000 -0.0062919290991425465 7000 -0.0062919290991425465 14000 -0.9874161418017147 
m400115 6000 -6.249399292924794e-05 7000 -6.249399292924794e-05 14000 -0.9998750120141415 
m400116 6000 -0.0014333688669014213 7000 -0.0014333688669014213 14000 -0.9971332622661971 
m400117 6000 -0.003827796931413692 7000 -0.003827796931413692 14000 -0.9923444061371727 
m400118 6000 -0.005761889316282695 7000 -0.005761889316282695 14000 -0.9884762213674346 
m400119 6000 -0.006347247962555359 7000 -0.006347247962555359 14000 -0.9873055040748895 
m400120 6000 -7.390522610098669e-05 7000 -7.390522610098669e-05 14000 -0.999852189547798 
m400121 6000 -0.0017761995943087216 7000 -0.0017761995943087216 14000 -0.9964476008113827 
m400122 6000 -0.004048575616600419 7000 -0.004048575616600419 14000 -0.9919028487667991 
m400123 6000 -0.0056429764126421636 7000 -0.0056429764126421636 14000 -0.9887140471747158 
m400124 6000 -0.006311857203596497 7000 -0.006311857203596497 14000 -0.9873762855928071 
c **********************************
c PE+Pb, dens=4.78 g/cm3
m2      6000    -0.04286 $Carbon
        1001    -0.00714 $Hydrogen
        82000   -0.95000 $Lead
c **********************************
m3    1001 -0.048535 $Boric acid
      5010 -0.034981
      5011 -0.139923
      8016 -0.776561
c **********************************
m4    82000 1 $Lead
c **********************************
m5 26000 1 $Iron
c **********************************
m6     13027   -1.000 $ Aluminum
c **********************************
c  SS-304 (8.00 g/cm3), #298 in PNNL Compendium
m7   006000.50c -0.0004000
     014000.60c -0.0050000
     015031.50c -0.0002300
     016000.60c -0.0001500
     024000.50c -0.1899981
     025055.60c -0.0099999
     026000.50c -0.7017229
     028000.50c -0.0924991
c ****************************************
c       LaBr detector
c ****************************************
m8       35079    -0.2946       $ Br79
         35081    -0.3069       $ Br81
         57139    -0.3485       $ La139
         58140    -0.0500       $ Ce140
c ************ air den=1.15e-3g/cc
m12     8016 -0.23
        7014 -0.77
c ************ Rubber Natural den=0.92 g/cc
m13     1001 -0.118371  $weight fraction
        6000 -0.881629
c
c end material cards
c
rand seed=8674536546524321 $different initial random #; seed# - any less 18 digits
c
c ********** begin tallies *********************
fc78 *********Broadened Pulse Height Tally Sum of Detectors 1,2 & 3 ***********
e78 0 1e-5 932i 8.4295
F78:p (101)
FT78 GEB -0.026198 0.059551 -0.037176
fc18 *********Unbroadened Pulse Height Tally Sum of Detectors 1,2 & 3 ***********
e18 0 1e-5 932i 8.4295
F18:p (101)
c ***********************************
c mplot tal 78 freq 10000
nps 1e9
