c CAS DETECTOR
c w/ Shielding in Place and Wheels
c
c CELL CARDS
c
c @@@@@@@@@@ Detectors @@@@@@@@@@@@@@@@@
c
101 8 -5.08 -21 imp:n,p 1 $LaBr Detector #1 Active Region
c
c @@@@@@@@@ Shielding @@@@@@@@@@@@@@@@@
c
121 2 -4.78 -31 imp:n,p 1 $PE_Pb
122 4 -11.29 -32 imp:n,p 1 $Pb1
123 4 -11.29 -33 imp:n,p 1 $Pb2
124 4 -11.29 -34 imp:n,p 1 $Pb3
125 4 -11.29 -35 imp:n,p 1 $Pb4
126 4 -11.29 -36 imp:n,p 1 $Pb5
127 4 -11.29 -37 imp:n,p 1 $Pb6
128 3 -1.5 -38 imp:n,p 1 $BA1
129 3 -1.5 -39 imp:n,p 1 $BA2
130 6 -2.7 -40 imp:n,p 1 $Al
131 7 -7.92 301 -302 303 -304 imp:n,p 1 $Fe-tube
132 5 -7.8 -401 imp:n,p 1 $Fe
133 5 -7.8 -402 imp:n,p 1 $Fe
c @@@@@@@@@@ Wheels @@@@@@@@@@@@@@@@@
c
21 13 -0.92 -41 42 imp:n,p 1 $Wheel 1
211 13 -0.92 -421 422 imp:n,p 1 $Wheel 1
212 13 -0.92 -423 424 imp:n,p 1 $Wheel 1
22 13 -0.92 -43 44 imp:n,p 1 $Wheel 2
221 13 -0.92 -441 442 imp:n,p 1 $Wheel 2
222 13 -0.92 -443 444 imp:n,p 1 $Wheel 2
23 13 -0.92 -45 46 imp:n,p 1 $Wheel 3
231 13 -0.92 -461 462 imp:n,p 1 $Wheel 3
232 13 -0.92 -463 464 imp:n,p 1 $Wheel 3
24 13 -0.92 -47 48 imp:n,p 1 $Wheel 4
241 13 -0.92 -481 482 imp:n,p 1 $Wheel 4
242 13 -0.92 -483 484 imp:n,p 1 $Wheel 4
c
c @@@@@@@@@@ SOIL VOLUME @@@@@@@@@@@
c
300000 400000 -2.156 20010 -20011 20020 -20021 20030 -20031 imp:n,p 1
300001 400001 -2.156 20010 -20011 20020 -20021 20031 -20032 imp:n,p 1
300002 400002 -2.156 20010 -20011 20020 -20021 20032 -20033 imp:n,p 1
300003 400003 -2.156 20010 -20011 20020 -20021 20033 -20034 imp:n,p 1
300004 400004 -2.156 20010 -20011 20020 -20021 20034 -20035 imp:n,p 1
300005 400005 -2.156 20011 -20012 20020 -20021 20030 -20031 imp:n,p 1
300006 400006 -2.156 20011 -20012 20020 -20021 20031 -20032 imp:n,p 1
300007 400007 -2.156 20011 -20012 20020 -20021 20032 -20033 imp:n,p 1
300008 400008 -2.156 20011 -20012 20020 -20021 20033 -20034 imp:n,p 1
300009 400009 -2.156 20011 -20012 20020 -20021 20034 -20035 imp:n,p 1
300010 400010 -2.156 20012 -20013 20020 -20021 20030 -20031 imp:n,p 1
300011 400011 -2.156 20012 -20013 20020 -20021 20031 -20032 imp:n,p 1
300012 400012 -2.156 20012 -20013 20020 -20021 20032 -20033 imp:n,p 1
300013 400013 -2.156 20012 -20013 20020 -20021 20033 -20034 imp:n,p 1
300014 400014 -2.156 20012 -20013 20020 -20021 20034 -20035 imp:n,p 1
300015 400015 -2.156 20013 -20014 20020 -20021 20030 -20031 imp:n,p 1
300016 400016 -2.156 20013 -20014 20020 -20021 20031 -20032 imp:n,p 1
300017 400017 -2.156 20013 -20014 20020 -20021 20032 -20033 imp:n,p 1
300018 400018 -2.156 20013 -20014 20020 -20021 20033 -20034 imp:n,p 1
300019 400019 -2.156 20013 -20014 20020 -20021 20034 -20035 imp:n,p 1
300020 400020 -2.156 20014 -20015 20020 -20021 20030 -20031 imp:n,p 1
300021 400021 -2.156 20014 -20015 20020 -20021 20031 -20032 imp:n,p 1
300022 400022 -2.156 20014 -20015 20020 -20021 20032 -20033 imp:n,p 1
300023 400023 -2.156 20014 -20015 20020 -20021 20033 -20034 imp:n,p 1
300024 400024 -2.156 20014 -20015 20020 -20021 20034 -20035 imp:n,p 1
300025 400025 -2.156 20010 -20011 20021 -20022 20030 -20031 imp:n,p 1
300026 400026 -2.156 20010 -20011 20021 -20022 20031 -20032 imp:n,p 1
300027 400027 -2.156 20010 -20011 20021 -20022 20032 -20033 imp:n,p 1
300028 400028 -2.156 20010 -20011 20021 -20022 20033 -20034 imp:n,p 1
300029 400029 -2.156 20010 -20011 20021 -20022 20034 -20035 imp:n,p 1
300030 400030 -2.156 20011 -20012 20021 -20022 20030 -20031 imp:n,p 1
300031 400031 -2.156 20011 -20012 20021 -20022 20031 -20032 imp:n,p 1
300032 400032 -2.156 20011 -20012 20021 -20022 20032 -20033 imp:n,p 1
300033 400033 -2.156 20011 -20012 20021 -20022 20033 -20034 imp:n,p 1
300034 400034 -2.156 20011 -20012 20021 -20022 20034 -20035 imp:n,p 1
300035 400035 -2.156 20012 -20013 20021 -20022 20030 -20031 imp:n,p 1
300036 400036 -2.156 20012 -20013 20021 -20022 20031 -20032 imp:n,p 1
300037 400037 -2.156 20012 -20013 20021 -20022 20032 -20033 imp:n,p 1
300038 400038 -2.156 20012 -20013 20021 -20022 20033 -20034 imp:n,p 1
300039 400039 -2.156 20012 -20013 20021 -20022 20034 -20035 imp:n,p 1
300040 400040 -2.156 20013 -20014 20021 -20022 20030 -20031 imp:n,p 1
300041 400041 -2.156 20013 -20014 20021 -20022 20031 -20032 imp:n,p 1
300042 400042 -2.156 20013 -20014 20021 -20022 20032 -20033 imp:n,p 1
300043 400043 -2.156 20013 -20014 20021 -20022 20033 -20034 imp:n,p 1
300044 400044 -2.156 20013 -20014 20021 -20022 20034 -20035 imp:n,p 1
300045 400045 -2.156 20014 -20015 20021 -20022 20030 -20031 imp:n,p 1
300046 400046 -2.156 20014 -20015 20021 -20022 20031 -20032 imp:n,p 1
300047 400047 -2.156 20014 -20015 20021 -20022 20032 -20033 imp:n,p 1
300048 400048 -2.156 20014 -20015 20021 -20022 20033 -20034 imp:n,p 1
300049 400049 -2.156 20014 -20015 20021 -20022 20034 -20035 imp:n,p 1
300050 400050 -2.156 20010 -20011 20022 -20023 20030 -20031 imp:n,p 1
300051 400051 -2.156 20010 -20011 20022 -20023 20031 -20032 imp:n,p 1
300052 400052 -2.156 20010 -20011 20022 -20023 20032 -20033 imp:n,p 1
300053 400053 -2.156 20010 -20011 20022 -20023 20033 -20034 imp:n,p 1
300054 400054 -2.156 20010 -20011 20022 -20023 20034 -20035 imp:n,p 1
300055 400055 -2.156 20011 -20012 20022 -20023 20030 -20031 imp:n,p 1
300056 400056 -2.156 20011 -20012 20022 -20023 20031 -20032 imp:n,p 1
300057 400057 -2.156 20011 -20012 20022 -20023 20032 -20033 imp:n,p 1
300058 400058 -2.156 20011 -20012 20022 -20023 20033 -20034 imp:n,p 1
300059 400059 -2.156 20011 -20012 20022 -20023 20034 -20035 imp:n,p 1
300060 400060 -2.156 20012 -20013 20022 -20023 20030 -20031 imp:n,p 1
300061 400061 -2.156 20012 -20013 20022 -20023 20031 -20032 imp:n,p 1
300062 400062 -2.156 20012 -20013 20022 -20023 20032 -20033 imp:n,p 1
300063 400063 -2.156 20012 -20013 20022 -20023 20033 -20034 imp:n,p 1
300064 400064 -2.156 20012 -20013 20022 -20023 20034 -20035 imp:n,p 1
300065 400065 -2.156 20013 -20014 20022 -20023 20030 -20031 imp:n,p 1
300066 400066 -2.156 20013 -20014 20022 -20023 20031 -20032 imp:n,p 1
300067 400067 -2.156 20013 -20014 20022 -20023 20032 -20033 imp:n,p 1
300068 400068 -2.156 20013 -20014 20022 -20023 20033 -20034 imp:n,p 1
300069 400069 -2.156 20013 -20014 20022 -20023 20034 -20035 imp:n,p 1
300070 400070 -2.156 20014 -20015 20022 -20023 20030 -20031 imp:n,p 1
300071 400071 -2.156 20014 -20015 20022 -20023 20031 -20032 imp:n,p 1
300072 400072 -2.156 20014 -20015 20022 -20023 20032 -20033 imp:n,p 1
300073 400073 -2.156 20014 -20015 20022 -20023 20033 -20034 imp:n,p 1
300074 400074 -2.156 20014 -20015 20022 -20023 20034 -20035 imp:n,p 1
300075 400075 -2.156 20010 -20011 20023 -20024 20030 -20031 imp:n,p 1
300076 400076 -2.156 20010 -20011 20023 -20024 20031 -20032 imp:n,p 1
300077 400077 -2.156 20010 -20011 20023 -20024 20032 -20033 imp:n,p 1
300078 400078 -2.156 20010 -20011 20023 -20024 20033 -20034 imp:n,p 1
300079 400079 -2.156 20010 -20011 20023 -20024 20034 -20035 imp:n,p 1
300080 400080 -2.156 20011 -20012 20023 -20024 20030 -20031 imp:n,p 1
300081 400081 -2.156 20011 -20012 20023 -20024 20031 -20032 imp:n,p 1
300082 400082 -2.156 20011 -20012 20023 -20024 20032 -20033 imp:n,p 1
300083 400083 -2.156 20011 -20012 20023 -20024 20033 -20034 imp:n,p 1
300084 400084 -2.156 20011 -20012 20023 -20024 20034 -20035 imp:n,p 1
300085 400085 -2.156 20012 -20013 20023 -20024 20030 -20031 imp:n,p 1
300086 400086 -2.156 20012 -20013 20023 -20024 20031 -20032 imp:n,p 1
300087 400087 -2.156 20012 -20013 20023 -20024 20032 -20033 imp:n,p 1
300088 400088 -2.156 20012 -20013 20023 -20024 20033 -20034 imp:n,p 1
300089 400089 -2.156 20012 -20013 20023 -20024 20034 -20035 imp:n,p 1
300090 400090 -2.156 20013 -20014 20023 -20024 20030 -20031 imp:n,p 1
300091 400091 -2.156 20013 -20014 20023 -20024 20031 -20032 imp:n,p 1
300092 400092 -2.156 20013 -20014 20023 -20024 20032 -20033 imp:n,p 1
300093 400093 -2.156 20013 -20014 20023 -20024 20033 -20034 imp:n,p 1
300094 400094 -2.156 20013 -20014 20023 -20024 20034 -20035 imp:n,p 1
300095 400095 -2.156 20014 -20015 20023 -20024 20030 -20031 imp:n,p 1
300096 400096 -2.156 20014 -20015 20023 -20024 20031 -20032 imp:n,p 1
300097 400097 -2.156 20014 -20015 20023 -20024 20032 -20033 imp:n,p 1
300098 400098 -2.156 20014 -20015 20023 -20024 20033 -20034 imp:n,p 1
300099 400099 -2.156 20014 -20015 20023 -20024 20034 -20035 imp:n,p 1
300100 400100 -2.156 20010 -20011 20024 -20025 20030 -20031 imp:n,p 1
300101 400101 -2.156 20010 -20011 20024 -20025 20031 -20032 imp:n,p 1
300102 400102 -2.156 20010 -20011 20024 -20025 20032 -20033 imp:n,p 1
300103 400103 -2.156 20010 -20011 20024 -20025 20033 -20034 imp:n,p 1
300104 400104 -2.156 20010 -20011 20024 -20025 20034 -20035 imp:n,p 1
300105 400105 -2.156 20011 -20012 20024 -20025 20030 -20031 imp:n,p 1
300106 400106 -2.156 20011 -20012 20024 -20025 20031 -20032 imp:n,p 1
300107 400107 -2.156 20011 -20012 20024 -20025 20032 -20033 imp:n,p 1
300108 400108 -2.156 20011 -20012 20024 -20025 20033 -20034 imp:n,p 1
300109 400109 -2.156 20011 -20012 20024 -20025 20034 -20035 imp:n,p 1
300110 400110 -2.156 20012 -20013 20024 -20025 20030 -20031 imp:n,p 1
300111 400111 -2.156 20012 -20013 20024 -20025 20031 -20032 imp:n,p 1
300112 400112 -2.156 20012 -20013 20024 -20025 20032 -20033 imp:n,p 1
300113 400113 -2.156 20012 -20013 20024 -20025 20033 -20034 imp:n,p 1
300114 400114 -2.156 20012 -20013 20024 -20025 20034 -20035 imp:n,p 1
300115 400115 -2.156 20013 -20014 20024 -20025 20030 -20031 imp:n,p 1
300116 400116 -2.156 20013 -20014 20024 -20025 20031 -20032 imp:n,p 1
300117 400117 -2.156 20013 -20014 20024 -20025 20032 -20033 imp:n,p 1
300118 400118 -2.156 20013 -20014 20024 -20025 20033 -20034 imp:n,p 1
300119 400119 -2.156 20013 -20014 20024 -20025 20034 -20035 imp:n,p 1
300120 400120 -2.156 20014 -20015 20024 -20025 20030 -20031 imp:n,p 1
300121 400121 -2.156 20014 -20015 20024 -20025 20031 -20032 imp:n,p 1
300122 400122 -2.156 20014 -20015 20024 -20025 20032 -20033 imp:n,p 1
300123 400123 -2.156 20014 -20015 20024 -20025 20033 -20034 imp:n,p 1
300124 400124 -2.156 20014 -20015 20024 -20025 20034 -20035 imp:n,p 1
c
30 12 -0.00129 -200 #101 #121 #122 #123 #124 #125 #126 #127 #128 #129 #130 #131 #132 #133
        #21 #211 #212 #22 #221 #222 #23 #231 #232 #24 #241 #242 #20 imp:n,p 1 $Rest of the World
31 0 200 imp:n,p 0 $Outside world

c SURFACE CARDS
c
c Sample Volume
20010 px -56.0
20011 px -33.600000000000364
20012 px -11.200000000000728
20013 px 11.200000000000728
20014 px 33.600000000000364
20015 px 56.0
20020 py -45.0
20021 py -27.0
20022 py -9.0
20023 py 9.0
20024 py 27.0
20025 py 45.0
20030 pz 92.0
20031 pz 82.0
20032 pz 72.0
20033 pz 62.0
20034 pz 52.0
20035 pz 42.0
c Active Detector Region
21 rcc 56  -5.0 -1.0   0.0 20.3 0.0   4.5 $Detector 1 Base center, Hx,Hy,Hz, radius
c Shielding Surfaces
c Shielding Pb
31 rpp 19 29 -7.5 7.5 -11 9 $PbPE xmin xmax ymin ymax zmin zmax
32 rpp 9 19 4 9 -11 9 $Pb xmin xmax ymin ymax zmin zmax
33 rpp 9 19 -9 -4 -11 9 $Pb xmin xmax ymin ymax zmin zmax
34 rpp 19 29 7.5 12.5 -11 9 $Pb xmin xmax ymin ymax zmin zmax
35 rpp 19 29 -12.5 -7.5 -11 9 $Pb xmin xmax ymin ymax zmin zmax
36 rpp 29 34 -15 15 -11 9 $Pb xmin xmax ymin ymax zmin zmax
37 rpp 9 19 -4 4 4 9 $Pb xmin xmax ymin ymax zmin zmax
38 rpp -26 26 18 28 -11 9 $BA1 xmin xmax ymin ymax zmin zmax
39 rpp -26 26 -28 -18 -11 9 $BA2 xmin xmax ymin ymax zmin zmax
40 rpp -65 65 -28 28 10 10.5 $Al xmin xmax ymin ymax zmin zmax
401 rpp -27 27 29 34 -11 9 $Fe xmin xmax ymin ymax zmin zmax
402 rpp -27 27 -34 -29 -11 9 $Fe xmin xmax ymin ymax zmin zmax
301 px -20
302 px 18
303 cx 3.71
304 cx 3.81
c Wheels Surfaces
c 23/10.5-12 turf tires, 22.6 lb rubber
c diameter 29cm, tread width 25cm, and sidewall height 13.76 cm
c set thickness of all sides 1.3 cm (s.t. weight is 22.6 lb)
41 rcc -2 77 8   0.0 25 0.0 29 $wheel 1 outer tread surface
42 rcc -2 77 8   0.0 25 0.0 27.7 $wheel 1 inner tread surface
421 rcc -2 75.7 8   0.0 1.3 0.0 29 $wheel 1 outside sidewall exterior
422 rcc -2 75.7 8   0.0 1.3 0.0 15.24 $wheel 1 outside sidewall interior
423 rcc -2 102 8   0.0 1.3 0.0 29 $wheel 1 inside sidewall exterior
424 rcc -2 102 8   0.0 1.3 0.0 15.24 $wheel 1 inside sidewall interior
43 rcc 68 77 8   0.0 25 0.0 29 $wheel 2
44 rcc 68 77 8   0.0 25 0.0 27.7
441 rcc 68 75.7 8   0.0 1.3 0.0 29
442 rcc 68 75.7 8   0.0 1.3 0.0 15.24
443 rcc 68 102 8   0.0 1.3 0.0 29
444 rcc 68 102 8   0.0 1.3 0.0 15.24
45 rcc -2 -77 8   0.0 -25 0.0 29 $wheel 3
46 rcc -2 -77 8   0.0 -25 0.0 27.7
461 rcc -2 -75.7 8   0.0 -1.3 0.0 29
462 rcc -2 -75.7 8   0.0 -1.3 0.0 15.24
463 rcc -2 -102 8   0.0 -1.3 0.0 29
464 rcc -2 -102 8   0.0 -1.3 0.0 15.24
47 rcc 68 -77 8   0.0 -25 0.0 29 $wheel 4
48 rcc 68 -77 8   0.0 -25 0.0 27.7
481 rcc 68 -75.7 8   0.0 -1.3 0.0 29
482 rcc 68 -75.7 8   0.0 -1.3 0.0 15.24
483 rcc 68 -102 8   0.0 -1.3 0.0 29
484 rcc 68 -102 8   0.0 -1.3 0.0 15.24
200 so 800    $sphere of 800cm centered at origin
c

c DATA CARDS
mode n p
c dump every hr
prdmp -60 -60 -1
c 100 keV Neutron Energy Cutoff
Cut:n 1j 0.1
c analog neutron transport
phys:n 1j 14
phys:p
sdef pos=0 0 0 erg=14.0 vec= 0 0 1 dir=d1
si1  -1 .93 1
sp1   0  0.0  1.0
c ********************
c begin material cards
c ********************
c Pure Carbon
c ****************************************
m400000 6000 -0.00016844687792356535 7000 -0.00016844687792356535 14000 -0.9996631062441529 
m400001 6000 -0.001297846135758543 7000 -0.001297846135758543 14000 -0.9974043077284829 
m400002 6000 -0.00375610501605458 7000 -0.00375610501605458 14000 -0.9924877899678909 
m400003 6000 -0.005764483089191273 7000 -0.005764483089191273 14000 -0.9884710338216172 
m400004 6000 -0.006284072918243585 7000 -0.006284072918243585 14000 -0.9874318541635131 
m400005 6000 -8.733560477783895e-05 7000 -8.733560477783895e-05 14000 -0.9998253287904444 
m400006 6000 -0.001174569026629587 7000 -0.001174569026629587 14000 -0.9976508619467406 
m400007 6000 -0.004310032369854114 7000 -0.004310032369854114 14000 -0.9913799352602919 
m400008 6000 -0.005664715964759585 7000 -0.005664715964759585 14000 -0.9886705680704808 
m400009 6000 -0.006315132656409754 7000 -0.006315132656409754 14000 -0.9873697346871804 
m400010 6000 -7.581484028215767e-05 7000 -7.581484028215767e-05 14000 -0.9998483703194357 
m400011 6000 -0.001439417349969587 7000 -0.001439417349969587 14000 -0.997121165300061 
m400012 6000 -0.003848606655921337 7000 -0.003848606655921337 14000 -0.9923027866881572 
m400013 6000 -0.005726236952120668 7000 -0.005726236952120668 14000 -0.9885475260957584 
m400014 6000 -0.006279173383019594 7000 -0.006279173383019594 14000 -0.9874416532339607 
m400015 6000 -8.200218344895333e-05 7000 -8.200218344895333e-05 14000 -0.9998359956331019 
m400016 6000 -0.001654166396689749 7000 -0.001654166396689749 14000 -0.9966916672066202 
m400017 6000 -0.004089302590434062 7000 -0.004089302590434062 14000 -0.991821394819132 
m400018 6000 -0.0057562683009223315 7000 -0.0057562683009223315 14000 -0.9884874633981556 
m400019 6000 -0.006306310031969322 7000 -0.006306310031969322 14000 -0.9873873799360612 
m400020 6000 -0.0001526335849806971 7000 -0.0001526335849806971 14000 -0.9996947328300386 
m400021 6000 -0.0012015013056969528 7000 -0.0012015013056969528 14000 -0.9975969973886061 
m400022 6000 -0.003912924739788714 7000 -0.003912924739788714 14000 -0.9921741505204226 
m400023 6000 -0.0056187761973243685 7000 -0.0056187761973243685 14000 -0.9887624476053511 
m400024 6000 -0.006272083607170659 7000 -0.006272083607170659 14000 -0.9874558327856588 
m400025 6000 -8.79422086744448e-05 7000 -8.79422086744448e-05 14000 -0.9998241155826512 
m400026 6000 -0.0013867927884500233 7000 -0.0013867927884500233 14000 -0.9972264144230997 
m400027 6000 -0.004309692112778949 7000 -0.004309692112778949 14000 -0.9913806157744418 
m400028 6000 -0.005860359450266607 7000 -0.005860359450266607 14000 -0.9882792810994667 
m400029 6000 -0.006296042085535034 7000 -0.006296042085535034 14000 -0.9874079158289298 
m400030 6000 -0.00015783953853019283 7000 -0.00015783953853019283 14000 -0.9996843209229394 
m400031 6000 -0.0013371881971313893 7000 -0.0013371881971313893 14000 -0.9973256236057373 
m400032 6000 -0.0042891176838040605 7000 -0.0042891176838040605 14000 -0.9914217646323916 
m400033 6000 -0.005797954309444578 7000 -0.005797954309444578 14000 -0.9884040913811115 
m400034 6000 -0.006332506230983029 7000 -0.006332506230983029 14000 -0.9873349875380341 
m400035 6000 -8.776709953942319e-05 7000 -8.776709953942319e-05 14000 -0.9998244658009213 
m400036 6000 -0.0014487620539339757 7000 -0.0014487620539339757 14000 -0.9971024758921321 
m400037 6000 -0.004062411421034532 7000 -0.004062411421034532 14000 -0.9918751771579306 
m400038 6000 -0.005630703656013688 7000 -0.005630703656013688 14000 -0.9887385926879725 
m400039 6000 -0.006295908244624402 7000 -0.006295908244624402 14000 -0.9874081835107508 
m400040 6000 -0.00013097420296805798 7000 -0.00013097420296805798 14000 -0.9997380515940638 
m400041 6000 -0.0015514360229146073 7000 -0.0015514360229146073 14000 -0.9968971279541708 
m400042 6000 -0.004150941337820076 7000 -0.004150941337820076 14000 -0.9916981173243599 
m400043 6000 -0.005773978043569514 7000 -0.005773978043569514 14000 -0.9884520439128609 
m400044 6000 -0.006303071686815498 7000 -0.006303071686815498 14000 -0.9873938566263692 
m400045 6000 -9.356592945216262e-05 7000 -9.356592945216262e-05 14000 -0.9998128681410955 
m400046 6000 -0.0015821894318676132 7000 -0.0015821894318676132 14000 -0.9968356211362647 
m400047 6000 -0.004084589488229906 7000 -0.004084589488229906 14000 -0.9918308210235404 
m400048 6000 -0.005820161908786898 7000 -0.005820161908786898 14000 -0.9883596761824262 
m400049 6000 -0.0062882175038025115 7000 -0.0062882175038025115 14000 -0.9874235649923949 
m400050 6000 -0.00010680347286020797 7000 -0.00010680347286020797 14000 -0.9997863930542796 
m400051 6000 -0.0016064329169860774 7000 -0.0016064329169860774 14000 -0.996787134166028 
m400052 6000 -0.003995166355070271 7000 -0.003995166355070271 14000 -0.9920096672898596 
m400053 6000 -0.005979330180868687 7000 -0.005979330180868687 14000 -0.9880413396382626 
m400054 6000 -0.006287306411013239 7000 -0.006287306411013239 14000 -0.9874253871779736 
m400055 6000 -0.00011824278154794497 7000 -0.00011824278154794497 14000 -0.999763514436904 
m400056 6000 -0.001499772360482466 7000 -0.001499772360482466 14000 -0.997000455279035 
m400057 6000 -0.004030371984986011 7000 -0.004030371984986011 14000 -0.9919392560300276 
m400058 6000 -0.0054542080651218214 7000 -0.0054542080651218214 14000 -0.9890915838697564 
m400059 6000 -0.006312726798978842 7000 -0.006312726798978842 14000 -0.9873745464020424 
m400060 6000 -8.327404086825153e-05 7000 -8.327404086825153e-05 14000 -0.9998334519182634 
m400061 6000 -0.0016289244516992682 7000 -0.0016289244516992682 14000 -0.9967421510966016 
m400062 6000 -0.004279546717540638 7000 -0.004279546717540638 14000 -0.9914409065649187 
m400063 6000 -0.005509487920777022 7000 -0.005509487920777022 14000 -0.9889810241584462 
m400064 6000 -0.006354302097462933 7000 -0.006354302097462933 14000 -0.9872913958050741 
m400065 6000 -6.970473492520161e-05 7000 -6.970473492520161e-05 14000 -0.9998605905301495 
m400066 6000 -0.001497398144841684 7000 -0.001497398144841684 14000 -0.9970052037103164 
m400067 6000 -0.0037367509291633765 7000 -0.0037367509291633765 14000 -0.9925264981416732 
m400068 6000 -0.005851874734987176 7000 -0.005851874734987176 14000 -0.9882962505300257 
m400069 6000 -0.006302363381444326 7000 -0.006302363381444326 14000 -0.9873952732371116 
m400070 6000 -0.00011811794936793261 7000 -0.00011811794936793261 14000 -0.9997637641012641 
m400071 6000 -0.001706195030433342 7000 -0.001706195030433342 14000 -0.9965876099391334 
m400072 6000 -0.004011771328753987 7000 -0.004011771328753987 14000 -0.991976457342492 
m400073 6000 -0.005661693565681359 7000 -0.005661693565681359 14000 -0.9886766128686375 
m400074 6000 -0.0063174670638925816 7000 -0.0063174670638925816 14000 -0.9873650658722147 
m400075 6000 -0.0001264494209368486 7000 -0.0001264494209368486 14000 -0.9997471011581263 
m400076 6000 -0.001383363408340704 7000 -0.001383363408340704 14000 -0.9972332731833188 
m400077 6000 -0.0039055192943080884 7000 -0.0039055192943080884 14000 -0.9921889614113837 
m400078 6000 -0.005651358194310058 7000 -0.005651358194310058 14000 -0.9886972836113803 
m400079 6000 -0.0062792792002995665 7000 -0.0062792792002995665 14000 -0.987441441599401 
m400080 6000 -8.127110800995287e-05 7000 -8.127110800995287e-05 14000 -0.99983745778398 
m400081 6000 -0.001323562404431837 7000 -0.001323562404431837 14000 -0.9973528751911361 
m400082 6000 -0.003821326141330879 7000 -0.003821326141330879 14000 -0.9923573477173384 
m400083 6000 -0.005462250618853193 7000 -0.005462250618853193 14000 -0.9890754987622938 
m400084 6000 -0.006287620526164213 7000 -0.006287620526164213 14000 -0.9874247589476716 
m400085 6000 -0.00010122415889414982 7000 -0.00010122415889414982 14000 -0.9997975516822117 
m400086 6000 -0.0017392993001557324 7000 -0.0017392993001557324 14000 -0.9965214013996885 
m400087 6000 -0.003967267048266727 7000 -0.003967267048266727 14000 -0.9920654659034667 
m400088 6000 -0.00571630817003797 7000 -0.00571630817003797 14000 -0.9885673836599242 
m400089 6000 -0.006294490889136993 7000 -0.006294490889136993 14000 -0.9874110182217263 
m400090 6000 -0.00010537915593773551 7000 -0.00010537915593773551 14000 -0.9997892416881246 
m400091 6000 -0.0019130544706753491 7000 -0.0019130544706753491 14000 -0.9961738910586493 
m400092 6000 -0.0041745465665636635 7000 -0.0041745465665636635 14000 -0.9916509068668725 
m400093 6000 -0.005548048374523346 7000 -0.005548048374523346 14000 -0.9889039032509531 
m400094 6000 -0.0063093499136675415 7000 -0.0063093499136675415 14000 -0.9873813001726651 
m400095 6000 -8.973796461164379e-05 7000 -8.973796461164379e-05 14000 -0.9998205240707767 
m400096 6000 -0.001986694671240212 7000 -0.001986694671240212 14000 -0.9960266106575194 
m400097 6000 -0.00400086942702388 7000 -0.00400086942702388 14000 -0.9919982611459521 
m400098 6000 -0.0057035329170596165 7000 -0.0057035329170596165 14000 -0.9885929341658806 
m400099 6000 -0.006279832286959255 7000 -0.006279832286959255 14000 -0.9874403354260817 
m400100 6000 -9.896260426270151e-05 7000 -9.896260426270151e-05 14000 -0.9998020747914746 
m400101 6000 -0.0016290544533345056 7000 -0.0016290544533345056 14000 -0.9967418910933309 
m400102 6000 -0.0034582215041034847 7000 -0.0034582215041034847 14000 -0.9930835569917927 
m400103 6000 -0.005679046103584107 7000 -0.005679046103584107 14000 -0.9886419077928319 
m400104 6000 -0.006280810037215023 7000 -0.006280810037215023 14000 -0.9874383799255699 
m400105 6000 -6.90546986601615e-05 7000 -6.90546986601615e-05 14000 -0.9998618906026796 
m400106 6000 -0.0013837244362555473 7000 -0.0013837244362555473 14000 -0.9972325511274884 
m400107 6000 -0.003985253852363136 7000 -0.003985253852363136 14000 -0.9920294922952735 
m400108 6000 -0.005558076147202473 7000 -0.005558076147202473 14000 -0.9888838477055955 
m400109 6000 -0.0063097408745907465 7000 -0.0063097408745907465 14000 -0.9873805182508186 
m400110 6000 -8.005996144044677e-05 7000 -8.005996144044677e-05 14000 -0.9998398800771191 
m400111 6000 -0.001481164641890452 7000 -0.001481164641890452 14000 -0.997037670716219 
m400112 6000 -0.0037319915500384645 7000 -0.0037319915500384645 14000 -0.9925360168999228 
m400113 6000 -0.005651398896190244 7000 -0.005651398896190244 14000 -0.9886972022076195 
m400114 6000 -0.006313143268826868 7000 -0.006313143268826868 14000 -0.9873737134623464 
m400115 6000 -9.668455361952338e-05 7000 -9.668455361952338e-05 14000 -0.9998066308927609 
m400116 6000 -0.0017332554233377238 7000 -0.0017332554233377238 14000 -0.9965334891533247 
m400117 6000 -0.003721662476647686 7000 -0.003721662476647686 14000 -0.9925566750467045 
m400118 6000 -0.005742518850403503 7000 -0.005742518850403503 14000 -0.9885149622991929 
m400119 6000 -0.006309587862419811 7000 -0.006309587862419811 14000 -0.9873808242751605 
m400120 6000 -8.797017953618224e-05 7000 -8.797017953618224e-05 14000 -0.9998240596409276 
m400121 6000 -0.0016907697499456648 7000 -0.0016907697499456648 14000 -0.9966184605001085 
m400122 6000 -0.003942520950693239 7000 -0.003942520950693239 14000 -0.9921149580986137 
m400123 6000 -0.0056469755163338475 7000 -0.0056469755163338475 14000 -0.9887060489673323 
m400124 6000 -0.006315927149892143 7000 -0.006315927149892143 14000 -0.9873681457002158 
c **********************************
c PE+Pb, dens=4.78 g/cm3
m2      6000    -0.04286 $Carbon
        1001    -0.00714 $Hydrogen
        82000   -0.95000 $Lead
c **********************************
m3    1001 -0.048535 $Boric acid
      5010 -0.034981
      5011 -0.139923
      8016 -0.776561
c **********************************
m4    82000 1 $Lead
c **********************************
m5 26000 1 $Iron
c **********************************
m6     13027   -1.000 $ Aluminum
c **********************************
c  SS-304 (8.00 g/cm3), #298 in PNNL Compendium
m7   006000.50c -0.0004000
     014000.60c -0.0050000
     015031.50c -0.0002300
     016000.60c -0.0001500
     024000.50c -0.1899981
     025055.60c -0.0099999
     026000.50c -0.7017229
     028000.50c -0.0924991
c ****************************************
c       LaBr detector
c ****************************************
m8       35079    -0.2946       $ Br79
         35081    -0.3069       $ Br81
         57139    -0.3485       $ La139
         58140    -0.0500       $ Ce140
c ************ air den=1.15e-3g/cc
m12     8016 -0.23
        7014 -0.77
c ************ Rubber Natural den=0.92 g/cc
m13     1001 -0.118371  $weight fraction
        6000 -0.881629
c
c end material cards
c
rand seed=8674536546524321 $different initial random #; seed# - any less 18 digits
c
c ********** begin tallies *********************
fc78 *********Broadened Pulse Height Tally Sum of Detectors 1,2 & 3 ***********
e78 0 1e-5 932i 8.4295
F78:p (101)
FT78 GEB -0.026198 0.059551 -0.037176
fc18 *********Unbroadened Pulse Height Tally Sum of Detectors 1,2 & 3 ***********
e18 0 1e-5 932i 8.4295
F18:p (101)
c ***********************************
c mplot tal 78 freq 10000
nps 1e9
