c CAS DETECTOR
c w/ Shielding in Place and Wheels
c
c CELL CARDS
c
c @@@@@@@@@@ Detectors @@@@@@@@@@@@@@@@@
c
101 8 -5.08 -21 imp:n,p 1 $LaBr Detector #1 Active Region
c
c @@@@@@@@@ Shielding @@@@@@@@@@@@@@@@@
c
121 2 -4.78 -31 imp:n,p 1 $PE_Pb
122 4 -11.29 -32 imp:n,p 1 $Pb1
123 4 -11.29 -33 imp:n,p 1 $Pb2
124 4 -11.29 -34 imp:n,p 1 $Pb3
125 4 -11.29 -35 imp:n,p 1 $Pb4
126 4 -11.29 -36 imp:n,p 1 $Pb5
127 4 -11.29 -37 imp:n,p 1 $Pb6
128 3 -1.5 -38 imp:n,p 1 $BA1
129 3 -1.5 -39 imp:n,p 1 $BA2
130 6 -2.7 -40 imp:n,p 1 $Al
131 7 -7.92 301 -302 303 -304 imp:n,p 1 $Fe-tube
132 5 -7.8 -401 imp:n,p 1 $Fe
133 5 -7.8 -402 imp:n,p 1 $Fe
c @@@@@@@@@@ Wheels @@@@@@@@@@@@@@@@@
c
21 13 -0.92 -41 42 imp:n,p 1 $Wheel 1
211 13 -0.92 -421 422 imp:n,p 1 $Wheel 1
212 13 -0.92 -423 424 imp:n,p 1 $Wheel 1
22 13 -0.92 -43 44 imp:n,p 1 $Wheel 2
221 13 -0.92 -441 442 imp:n,p 1 $Wheel 2
222 13 -0.92 -443 444 imp:n,p 1 $Wheel 2
23 13 -0.92 -45 46 imp:n,p 1 $Wheel 3
231 13 -0.92 -461 462 imp:n,p 1 $Wheel 3
232 13 -0.92 -463 464 imp:n,p 1 $Wheel 3
24 13 -0.92 -47 48 imp:n,p 1 $Wheel 4
241 13 -0.92 -481 482 imp:n,p 1 $Wheel 4
242 13 -0.92 -483 484 imp:n,p 1 $Wheel 4
c
c @@@@@@@@@@ SOIL VOLUME @@@@@@@@@@@
c
300000 400000 -2.156 20010 -20011 20020 -20021 20030 -20031 imp:n,p 1
300001 400001 -2.156 20010 -20011 20020 -20021 20031 -20032 imp:n,p 1
300002 400002 -2.156 20010 -20011 20020 -20021 20032 -20033 imp:n,p 1
300003 400003 -2.156 20010 -20011 20020 -20021 20033 -20034 imp:n,p 1
300004 400004 -2.156 20010 -20011 20020 -20021 20034 -20035 imp:n,p 1
300005 400005 -2.156 20011 -20012 20020 -20021 20030 -20031 imp:n,p 1
300006 400006 -2.156 20011 -20012 20020 -20021 20031 -20032 imp:n,p 1
300007 400007 -2.156 20011 -20012 20020 -20021 20032 -20033 imp:n,p 1
300008 400008 -2.156 20011 -20012 20020 -20021 20033 -20034 imp:n,p 1
300009 400009 -2.156 20011 -20012 20020 -20021 20034 -20035 imp:n,p 1
300010 400010 -2.156 20012 -20013 20020 -20021 20030 -20031 imp:n,p 1
300011 400011 -2.156 20012 -20013 20020 -20021 20031 -20032 imp:n,p 1
300012 400012 -2.156 20012 -20013 20020 -20021 20032 -20033 imp:n,p 1
300013 400013 -2.156 20012 -20013 20020 -20021 20033 -20034 imp:n,p 1
300014 400014 -2.156 20012 -20013 20020 -20021 20034 -20035 imp:n,p 1
300015 400015 -2.156 20013 -20014 20020 -20021 20030 -20031 imp:n,p 1
300016 400016 -2.156 20013 -20014 20020 -20021 20031 -20032 imp:n,p 1
300017 400017 -2.156 20013 -20014 20020 -20021 20032 -20033 imp:n,p 1
300018 400018 -2.156 20013 -20014 20020 -20021 20033 -20034 imp:n,p 1
300019 400019 -2.156 20013 -20014 20020 -20021 20034 -20035 imp:n,p 1
300020 400020 -2.156 20014 -20015 20020 -20021 20030 -20031 imp:n,p 1
300021 400021 -2.156 20014 -20015 20020 -20021 20031 -20032 imp:n,p 1
300022 400022 -2.156 20014 -20015 20020 -20021 20032 -20033 imp:n,p 1
300023 400023 -2.156 20014 -20015 20020 -20021 20033 -20034 imp:n,p 1
300024 400024 -2.156 20014 -20015 20020 -20021 20034 -20035 imp:n,p 1
300025 400025 -2.156 20010 -20011 20021 -20022 20030 -20031 imp:n,p 1
300026 400026 -2.156 20010 -20011 20021 -20022 20031 -20032 imp:n,p 1
300027 400027 -2.156 20010 -20011 20021 -20022 20032 -20033 imp:n,p 1
300028 400028 -2.156 20010 -20011 20021 -20022 20033 -20034 imp:n,p 1
300029 400029 -2.156 20010 -20011 20021 -20022 20034 -20035 imp:n,p 1
300030 400030 -2.156 20011 -20012 20021 -20022 20030 -20031 imp:n,p 1
300031 400031 -2.156 20011 -20012 20021 -20022 20031 -20032 imp:n,p 1
300032 400032 -2.156 20011 -20012 20021 -20022 20032 -20033 imp:n,p 1
300033 400033 -2.156 20011 -20012 20021 -20022 20033 -20034 imp:n,p 1
300034 400034 -2.156 20011 -20012 20021 -20022 20034 -20035 imp:n,p 1
300035 400035 -2.156 20012 -20013 20021 -20022 20030 -20031 imp:n,p 1
300036 400036 -2.156 20012 -20013 20021 -20022 20031 -20032 imp:n,p 1
300037 400037 -2.156 20012 -20013 20021 -20022 20032 -20033 imp:n,p 1
300038 400038 -2.156 20012 -20013 20021 -20022 20033 -20034 imp:n,p 1
300039 400039 -2.156 20012 -20013 20021 -20022 20034 -20035 imp:n,p 1
300040 400040 -2.156 20013 -20014 20021 -20022 20030 -20031 imp:n,p 1
300041 400041 -2.156 20013 -20014 20021 -20022 20031 -20032 imp:n,p 1
300042 400042 -2.156 20013 -20014 20021 -20022 20032 -20033 imp:n,p 1
300043 400043 -2.156 20013 -20014 20021 -20022 20033 -20034 imp:n,p 1
300044 400044 -2.156 20013 -20014 20021 -20022 20034 -20035 imp:n,p 1
300045 400045 -2.156 20014 -20015 20021 -20022 20030 -20031 imp:n,p 1
300046 400046 -2.156 20014 -20015 20021 -20022 20031 -20032 imp:n,p 1
300047 400047 -2.156 20014 -20015 20021 -20022 20032 -20033 imp:n,p 1
300048 400048 -2.156 20014 -20015 20021 -20022 20033 -20034 imp:n,p 1
300049 400049 -2.156 20014 -20015 20021 -20022 20034 -20035 imp:n,p 1
300050 400050 -2.156 20010 -20011 20022 -20023 20030 -20031 imp:n,p 1
300051 400051 -2.156 20010 -20011 20022 -20023 20031 -20032 imp:n,p 1
300052 400052 -2.156 20010 -20011 20022 -20023 20032 -20033 imp:n,p 1
300053 400053 -2.156 20010 -20011 20022 -20023 20033 -20034 imp:n,p 1
300054 400054 -2.156 20010 -20011 20022 -20023 20034 -20035 imp:n,p 1
300055 400055 -2.156 20011 -20012 20022 -20023 20030 -20031 imp:n,p 1
300056 400056 -2.156 20011 -20012 20022 -20023 20031 -20032 imp:n,p 1
300057 400057 -2.156 20011 -20012 20022 -20023 20032 -20033 imp:n,p 1
300058 400058 -2.156 20011 -20012 20022 -20023 20033 -20034 imp:n,p 1
300059 400059 -2.156 20011 -20012 20022 -20023 20034 -20035 imp:n,p 1
300060 400060 -2.156 20012 -20013 20022 -20023 20030 -20031 imp:n,p 1
300061 400061 -2.156 20012 -20013 20022 -20023 20031 -20032 imp:n,p 1
300062 400062 -2.156 20012 -20013 20022 -20023 20032 -20033 imp:n,p 1
300063 400063 -2.156 20012 -20013 20022 -20023 20033 -20034 imp:n,p 1
300064 400064 -2.156 20012 -20013 20022 -20023 20034 -20035 imp:n,p 1
300065 400065 -2.156 20013 -20014 20022 -20023 20030 -20031 imp:n,p 1
300066 400066 -2.156 20013 -20014 20022 -20023 20031 -20032 imp:n,p 1
300067 400067 -2.156 20013 -20014 20022 -20023 20032 -20033 imp:n,p 1
300068 400068 -2.156 20013 -20014 20022 -20023 20033 -20034 imp:n,p 1
300069 400069 -2.156 20013 -20014 20022 -20023 20034 -20035 imp:n,p 1
300070 400070 -2.156 20014 -20015 20022 -20023 20030 -20031 imp:n,p 1
300071 400071 -2.156 20014 -20015 20022 -20023 20031 -20032 imp:n,p 1
300072 400072 -2.156 20014 -20015 20022 -20023 20032 -20033 imp:n,p 1
300073 400073 -2.156 20014 -20015 20022 -20023 20033 -20034 imp:n,p 1
300074 400074 -2.156 20014 -20015 20022 -20023 20034 -20035 imp:n,p 1
300075 400075 -2.156 20010 -20011 20023 -20024 20030 -20031 imp:n,p 1
300076 400076 -2.156 20010 -20011 20023 -20024 20031 -20032 imp:n,p 1
300077 400077 -2.156 20010 -20011 20023 -20024 20032 -20033 imp:n,p 1
300078 400078 -2.156 20010 -20011 20023 -20024 20033 -20034 imp:n,p 1
300079 400079 -2.156 20010 -20011 20023 -20024 20034 -20035 imp:n,p 1
300080 400080 -2.156 20011 -20012 20023 -20024 20030 -20031 imp:n,p 1
300081 400081 -2.156 20011 -20012 20023 -20024 20031 -20032 imp:n,p 1
300082 400082 -2.156 20011 -20012 20023 -20024 20032 -20033 imp:n,p 1
300083 400083 -2.156 20011 -20012 20023 -20024 20033 -20034 imp:n,p 1
300084 400084 -2.156 20011 -20012 20023 -20024 20034 -20035 imp:n,p 1
300085 400085 -2.156 20012 -20013 20023 -20024 20030 -20031 imp:n,p 1
300086 400086 -2.156 20012 -20013 20023 -20024 20031 -20032 imp:n,p 1
300087 400087 -2.156 20012 -20013 20023 -20024 20032 -20033 imp:n,p 1
300088 400088 -2.156 20012 -20013 20023 -20024 20033 -20034 imp:n,p 1
300089 400089 -2.156 20012 -20013 20023 -20024 20034 -20035 imp:n,p 1
300090 400090 -2.156 20013 -20014 20023 -20024 20030 -20031 imp:n,p 1
300091 400091 -2.156 20013 -20014 20023 -20024 20031 -20032 imp:n,p 1
300092 400092 -2.156 20013 -20014 20023 -20024 20032 -20033 imp:n,p 1
300093 400093 -2.156 20013 -20014 20023 -20024 20033 -20034 imp:n,p 1
300094 400094 -2.156 20013 -20014 20023 -20024 20034 -20035 imp:n,p 1
300095 400095 -2.156 20014 -20015 20023 -20024 20030 -20031 imp:n,p 1
300096 400096 -2.156 20014 -20015 20023 -20024 20031 -20032 imp:n,p 1
300097 400097 -2.156 20014 -20015 20023 -20024 20032 -20033 imp:n,p 1
300098 400098 -2.156 20014 -20015 20023 -20024 20033 -20034 imp:n,p 1
300099 400099 -2.156 20014 -20015 20023 -20024 20034 -20035 imp:n,p 1
300100 400100 -2.156 20010 -20011 20024 -20025 20030 -20031 imp:n,p 1
300101 400101 -2.156 20010 -20011 20024 -20025 20031 -20032 imp:n,p 1
300102 400102 -2.156 20010 -20011 20024 -20025 20032 -20033 imp:n,p 1
300103 400103 -2.156 20010 -20011 20024 -20025 20033 -20034 imp:n,p 1
300104 400104 -2.156 20010 -20011 20024 -20025 20034 -20035 imp:n,p 1
300105 400105 -2.156 20011 -20012 20024 -20025 20030 -20031 imp:n,p 1
300106 400106 -2.156 20011 -20012 20024 -20025 20031 -20032 imp:n,p 1
300107 400107 -2.156 20011 -20012 20024 -20025 20032 -20033 imp:n,p 1
300108 400108 -2.156 20011 -20012 20024 -20025 20033 -20034 imp:n,p 1
300109 400109 -2.156 20011 -20012 20024 -20025 20034 -20035 imp:n,p 1
300110 400110 -2.156 20012 -20013 20024 -20025 20030 -20031 imp:n,p 1
300111 400111 -2.156 20012 -20013 20024 -20025 20031 -20032 imp:n,p 1
300112 400112 -2.156 20012 -20013 20024 -20025 20032 -20033 imp:n,p 1
300113 400113 -2.156 20012 -20013 20024 -20025 20033 -20034 imp:n,p 1
300114 400114 -2.156 20012 -20013 20024 -20025 20034 -20035 imp:n,p 1
300115 400115 -2.156 20013 -20014 20024 -20025 20030 -20031 imp:n,p 1
300116 400116 -2.156 20013 -20014 20024 -20025 20031 -20032 imp:n,p 1
300117 400117 -2.156 20013 -20014 20024 -20025 20032 -20033 imp:n,p 1
300118 400118 -2.156 20013 -20014 20024 -20025 20033 -20034 imp:n,p 1
300119 400119 -2.156 20013 -20014 20024 -20025 20034 -20035 imp:n,p 1
300120 400120 -2.156 20014 -20015 20024 -20025 20030 -20031 imp:n,p 1
300121 400121 -2.156 20014 -20015 20024 -20025 20031 -20032 imp:n,p 1
300122 400122 -2.156 20014 -20015 20024 -20025 20032 -20033 imp:n,p 1
300123 400123 -2.156 20014 -20015 20024 -20025 20033 -20034 imp:n,p 1
300124 400124 -2.156 20014 -20015 20024 -20025 20034 -20035 imp:n,p 1
c
30 12 -0.00129 -200 #101 #121 #122 #123 #124 #125 #126 #127 #128 #129 #130 #131 #132 #133
        #21 #211 #212 #22 #221 #222 #23 #231 #232 #24 #241 #242 #20 imp:n,p 1 $Rest of the World
31 0 200 imp:n,p 0 $Outside world

c SURFACE CARDS
c
c Sample Volume
20010 px -56.0
20011 px -33.600000000000364
20012 px -11.200000000000728
20013 px 11.200000000000728
20014 px 33.600000000000364
20015 px 56.0
20020 py -45.0
20021 py -27.0
20022 py -9.0
20023 py 9.0
20024 py 27.0
20025 py 45.0
20030 pz 92.0
20031 pz 82.0
20032 pz 72.0
20033 pz 62.0
20034 pz 52.0
20035 pz 42.0
c Active Detector Region
21 rcc 56  -5.0 -1.0   0.0 20.3 0.0   4.5 $Detector 1 Base center, Hx,Hy,Hz, radius
c Shielding Surfaces
c Shielding Pb
31 rpp 19 29 -7.5 7.5 -11 9 $PbPE xmin xmax ymin ymax zmin zmax
32 rpp 9 19 4 9 -11 9 $Pb xmin xmax ymin ymax zmin zmax
33 rpp 9 19 -9 -4 -11 9 $Pb xmin xmax ymin ymax zmin zmax
34 rpp 19 29 7.5 12.5 -11 9 $Pb xmin xmax ymin ymax zmin zmax
35 rpp 19 29 -12.5 -7.5 -11 9 $Pb xmin xmax ymin ymax zmin zmax
36 rpp 29 34 -15 15 -11 9 $Pb xmin xmax ymin ymax zmin zmax
37 rpp 9 19 -4 4 4 9 $Pb xmin xmax ymin ymax zmin zmax
38 rpp -26 26 18 28 -11 9 $BA1 xmin xmax ymin ymax zmin zmax
39 rpp -26 26 -28 -18 -11 9 $BA2 xmin xmax ymin ymax zmin zmax
40 rpp -65 65 -28 28 10 10.5 $Al xmin xmax ymin ymax zmin zmax
401 rpp -27 27 29 34 -11 9 $Fe xmin xmax ymin ymax zmin zmax
402 rpp -27 27 -34 -29 -11 9 $Fe xmin xmax ymin ymax zmin zmax
301 px -20
302 px 18
303 cx 3.71
304 cx 3.81
c Wheels Surfaces
c 23/10.5-12 turf tires, 22.6 lb rubber
c diameter 29cm, tread width 25cm, and sidewall height 13.76 cm
c set thickness of all sides 1.3 cm (s.t. weight is 22.6 lb)
41 rcc -2 77 8   0.0 25 0.0 29 $wheel 1 outer tread surface
42 rcc -2 77 8   0.0 25 0.0 27.7 $wheel 1 inner tread surface
421 rcc -2 75.7 8   0.0 1.3 0.0 29 $wheel 1 outside sidewall exterior
422 rcc -2 75.7 8   0.0 1.3 0.0 15.24 $wheel 1 outside sidewall interior
423 rcc -2 102 8   0.0 1.3 0.0 29 $wheel 1 inside sidewall exterior
424 rcc -2 102 8   0.0 1.3 0.0 15.24 $wheel 1 inside sidewall interior
43 rcc 68 77 8   0.0 25 0.0 29 $wheel 2
44 rcc 68 77 8   0.0 25 0.0 27.7
441 rcc 68 75.7 8   0.0 1.3 0.0 29
442 rcc 68 75.7 8   0.0 1.3 0.0 15.24
443 rcc 68 102 8   0.0 1.3 0.0 29
444 rcc 68 102 8   0.0 1.3 0.0 15.24
45 rcc -2 -77 8   0.0 -25 0.0 29 $wheel 3
46 rcc -2 -77 8   0.0 -25 0.0 27.7
461 rcc -2 -75.7 8   0.0 -1.3 0.0 29
462 rcc -2 -75.7 8   0.0 -1.3 0.0 15.24
463 rcc -2 -102 8   0.0 -1.3 0.0 29
464 rcc -2 -102 8   0.0 -1.3 0.0 15.24
47 rcc 68 -77 8   0.0 -25 0.0 29 $wheel 4
48 rcc 68 -77 8   0.0 -25 0.0 27.7
481 rcc 68 -75.7 8   0.0 -1.3 0.0 29
482 rcc 68 -75.7 8   0.0 -1.3 0.0 15.24
483 rcc 68 -102 8   0.0 -1.3 0.0 29
484 rcc 68 -102 8   0.0 -1.3 0.0 15.24
200 so 800    $sphere of 800cm centered at origin
c

c DATA CARDS
mode n p
c dump every hr
prdmp -60 -60 -1
c 100 keV Neutron Energy Cutoff
Cut:n 1j 0.1
c analog neutron transport
phys:n 1j 14
phys:p
sdef pos=0 0 0 erg=14.0 vec= 0 0 1 dir=d1
si1  -1 .93 1
sp1   0  0.0  1.0
c ********************
c begin material cards
c ********************
c Pure Carbon
c ****************************************
m400000 6000 -4.875527103937766e-05 7000 -4.875527103937766e-05 14000 -0.9999024894579212 
m400001 6000 -0.0016448113081643254 7000 -0.0016448113081643254 14000 -0.9967103773836712 
m400002 6000 -0.004414306350139895 7000 -0.004414306350139895 14000 -0.9911713872997201 
m400003 6000 -0.005754302361588962 7000 -0.005754302361588962 14000 -0.9884913952768218 
m400004 6000 -0.006339132935929286 7000 -0.006339132935929286 14000 -0.9873217341281411 
m400005 6000 -0.00021137938877317274 7000 -0.00021137938877317274 14000 -0.9995772412224536 
m400006 6000 -0.0012552643916227343 7000 -0.0012552643916227343 14000 -0.9974894712167545 
m400007 6000 -0.004460260520054381 7000 -0.004460260520054381 14000 -0.9910794789598915 
m400008 6000 -0.005691880200732539 7000 -0.005691880200732539 14000 -0.9886162395985353 
m400009 6000 -0.006387996491152228 7000 -0.006387996491152228 14000 -0.9872240070176957 
m400010 6000 -8.299257179277703e-05 7000 -8.299257179277703e-05 14000 -0.9998340148564145 
m400011 6000 -0.0015798303643117628 7000 -0.0015798303643117628 14000 -0.9968403392713764 
m400012 6000 -0.003902086615875538 7000 -0.003902086615875538 14000 -0.9921958267682491 
m400013 6000 -0.005807168201976378 7000 -0.005807168201976378 14000 -0.9883856635960471 
m400014 6000 -0.006394498321516476 7000 -0.006394498321516476 14000 -0.9872110033569672 
m400015 6000 -0.0001643482235211824 7000 -0.0001643482235211824 14000 -0.9996713035529576 
m400016 6000 -0.0015185315921172836 7000 -0.0015185315921172836 14000 -0.9969629368157652 
m400017 6000 -0.003926796534612132 7000 -0.003926796534612132 14000 -0.9921464069307757 
m400018 6000 -0.005871840250861408 7000 -0.005871840250861408 14000 -0.9882563194982771 
m400019 6000 -0.006378827855262637 7000 -0.006378827855262637 14000 -0.9872423442894745 
m400020 6000 -0.00019473158890344588 7000 -0.00019473158890344588 14000 -0.9996105368221929 
m400021 6000 -0.0015982751990697252 7000 -0.0015982751990697252 14000 -0.9968034496018606 
m400022 6000 -0.0041513655655851635 7000 -0.0041513655655851635 14000 -0.9916972688688297 
m400023 6000 -0.005806729938010904 7000 -0.005806729938010904 14000 -0.9883865401239784 
m400024 6000 -0.006410290629662411 7000 -0.006410290629662411 14000 -0.9871794187406754 
m400025 6000 -0.00012181386809434416 7000 -0.00012181386809434416 14000 -0.9997563722638112 
m400026 6000 -0.0014459039219584036 7000 -0.0014459039219584036 14000 -0.9971081921560835 
m400027 6000 -0.004252576668426527 7000 -0.004252576668426527 14000 -0.9914948466631469 
m400028 6000 -0.00568885875554015 7000 -0.00568885875554015 14000 -0.9886222824889195 
m400029 6000 -0.006374730011241006 7000 -0.006374730011241006 14000 -0.987250539977518 
m400030 6000 -7.496216215277929e-05 7000 -7.496216215277929e-05 14000 -0.9998500756756944 
m400031 6000 -0.001544249544750329 7000 -0.001544249544750329 14000 -0.9969115009104993 
m400032 6000 -0.0038733284948112554 7000 -0.0038733284948112554 14000 -0.9922533430103776 
m400033 6000 -0.0057570877737823135 7000 -0.0057570877737823135 14000 -0.9884858244524349 
m400034 6000 -0.006362726784250218 7000 -0.006362726784250218 14000 -0.9872745464314997 
m400035 6000 -8.6858149235923e-05 7000 -8.6858149235923e-05 14000 -0.9998262837015282 
m400036 6000 -0.0015091143211029658 7000 -0.0015091143211029658 14000 -0.9969817713577939 
m400037 6000 -0.004262688305384677 7000 -0.004262688305384677 14000 -0.9914746233892308 
m400038 6000 -0.005854242809748729 7000 -0.005854242809748729 14000 -0.9882915143805023 
m400039 6000 -0.006353917455683947 7000 -0.006353917455683947 14000 -0.9872921650886322 
m400040 6000 -5.1457387127045277e-05 7000 -5.1457387127045277e-05 14000 -0.9998970852257457 
m400041 6000 -0.0013434465888298157 7000 -0.0013434465888298157 14000 -0.9973131068223401 
m400042 6000 -0.004029565751758169 7000 -0.004029565751758169 14000 -0.9919408684964839 
m400043 6000 -0.00576095077770643 7000 -0.00576095077770643 14000 -0.9884780984445868 
m400044 6000 -0.006398349174326798 7000 -0.006398349174326798 14000 -0.9872033016513465 
m400045 6000 -7.680604761697809e-05 7000 -7.680604761697809e-05 14000 -0.9998463879047661 
m400046 6000 -0.0015389943480401598 7000 -0.0015389943480401598 14000 -0.9969220113039198 
m400047 6000 -0.004324416328101993 7000 -0.004324416328101993 14000 -0.9913511673437959 
m400048 6000 -0.005721667183400021 7000 -0.005721667183400021 14000 -0.9885566656332 
m400049 6000 -0.006360502156603172 7000 -0.006360502156603172 14000 -0.9872789956867937 
m400050 6000 -0.0001314510901229559 7000 -0.0001314510901229559 14000 -0.9997370978197543 
m400051 6000 -0.0018657925409746215 7000 -0.0018657925409746215 14000 -0.9962684149180508 
m400052 6000 -0.00440188243324101 7000 -0.00440188243324101 14000 -0.991196235133518 
m400053 6000 -0.005894967910074815 7000 -0.005894967910074815 14000 -0.98821006417985 
m400054 6000 -0.006390140572879676 7000 -0.006390140572879676 14000 -0.9872197188542402 
m400055 6000 -8.810640222444585e-05 7000 -8.810640222444585e-05 14000 -0.999823787195551 
m400056 6000 -0.0015400578210027888 7000 -0.0015400578210027888 14000 -0.9969198843579938 
m400057 6000 -0.0037656493836689246 7000 -0.0037656493836689246 14000 -0.9924687012326622 
m400058 6000 -0.005720697447238437 7000 -0.005720697447238437 14000 -0.9885586051055232 
m400059 6000 -0.0063944769068216304 7000 -0.0063944769068216304 14000 -0.9872110461863568 
m400060 6000 -9.774390003636576e-05 7000 -9.774390003636576e-05 14000 -0.9998045121999273 
m400061 6000 -0.0015161480115569084 7000 -0.0015161480115569084 14000 -0.9969677039768859 
m400062 6000 -0.0041365240494163425 7000 -0.0041365240494163425 14000 -0.9917269519011677 
m400063 6000 -0.005893293927635519 7000 -0.005893293927635519 14000 -0.9882134121447291 
m400064 6000 -0.006342574223063202 7000 -0.006342574223063202 14000 -0.9873148515538737 
m400065 6000 -6.924845595344464e-05 7000 -6.924845595344464e-05 14000 -0.999861503088093 
m400066 6000 -0.0014997195250143229 7000 -0.0014997195250143229 14000 -0.9970005609499714 
m400067 6000 -0.0036219407611239682 7000 -0.0036219407611239682 14000 -0.9927561184777522 
m400068 6000 -0.0058233692595306965 7000 -0.0058233692595306965 14000 -0.9883532614809386 
m400069 6000 -0.006350803353147792 7000 -0.006350803353147792 14000 -0.9872983932937046 
m400070 6000 -0.00010051761644665266 7000 -0.00010051761644665266 14000 -0.9997989647671068 
m400071 6000 -0.0013159508860957018 7000 -0.0013159508860957018 14000 -0.9973680982278083 
m400072 6000 -0.004276946004123375 7000 -0.004276946004123375 14000 -0.9914461079917533 
m400073 6000 -0.005674740019039139 7000 -0.005674740019039139 14000 -0.9886505199619218 
m400074 6000 -0.0063583753375312125 7000 -0.0063583753375312125 14000 -0.9872832493249374 
m400075 6000 -0.00015180289068906567 7000 -0.00015180289068906567 14000 -0.9996963942186219 
m400076 6000 -0.0015835969838894808 7000 -0.0015835969838894808 14000 -0.9968328060322214 
m400077 6000 -0.003749478092374783 7000 -0.003749478092374783 14000 -0.9925010438152504 
m400078 6000 -0.005812819048184234 7000 -0.005812819048184234 14000 -0.9883743619036316 
m400079 6000 -0.006354786727766865 7000 -0.006354786727766865 14000 -0.9872904265444662 
m400080 6000 -0.00014137406616222735 7000 -0.00014137406616222735 14000 -0.9997172518676755 
m400081 6000 -0.00210330930504546 7000 -0.00210330930504546 14000 -0.9957933813899092 
m400082 6000 -0.004160654884863947 7000 -0.004160654884863947 14000 -0.9916786902302723 
m400083 6000 -0.005951455268055797 7000 -0.005951455268055797 14000 -0.9880970894638885 
m400084 6000 -0.006368620157001546 7000 -0.006368620157001546 14000 -0.987262759685997 
m400085 6000 -9.840582220559304e-05 7000 -9.840582220559304e-05 14000 -0.9998031883555888 
m400086 6000 -0.0015135518834416787 7000 -0.0015135518834416787 14000 -0.9969728962331166 
m400087 6000 -0.004125387843796282 7000 -0.004125387843796282 14000 -0.9917492243124074 
m400088 6000 -0.005657473330172347 7000 -0.005657473330172347 14000 -0.9886850533396552 
m400089 6000 -0.006394482450196957 7000 -0.006394482450196957 14000 -0.9872110350996063 
m400090 6000 -6.68633796992142e-05 7000 -6.68633796992142e-05 14000 -0.9998662732406015 
m400091 6000 -0.0013919425235441943 7000 -0.0013919425235441943 14000 -0.9972161149529118 
m400092 6000 -0.00420854862409527 7000 -0.00420854862409527 14000 -0.9915829027518099 
m400093 6000 -0.005688985646249435 7000 -0.005688985646249435 14000 -0.9886220287075009 
m400094 6000 -0.006324146070893265 7000 -0.006324146070893265 14000 -0.9873517078582129 
m400095 6000 -0.00020392288578334277 7000 -0.00020392288578334277 14000 -0.9995921542284334 
m400096 6000 -0.0013711042384457572 7000 -0.0013711042384457572 14000 -0.9972577915231087 
m400097 6000 -0.004204509099941445 7000 -0.004204509099941445 14000 -0.9915909818001174 
m400098 6000 -0.005769011912174846 7000 -0.005769011912174846 14000 -0.9884619761756501 
m400099 6000 -0.006336698868457116 7000 -0.006336698868457116 14000 -0.9873266022630858 
m400100 6000 -0.00011893752647473386 7000 -0.00011893752647473386 14000 -0.9997621249470506 
m400101 6000 -0.0016917927270329654 7000 -0.0016917927270329654 14000 -0.9966164145459342 
m400102 6000 -0.0041457037529058025 7000 -0.0041457037529058025 14000 -0.9917085924941881 
m400103 6000 -0.00581325741539768 7000 -0.00581325741539768 14000 -0.9883734851692045 
m400104 6000 -0.006373033065848578 7000 -0.006373033065848578 14000 -0.987253933868303 
m400105 6000 -0.00014150518907595752 7000 -0.00014150518907595752 14000 -0.9997169896218481 
m400106 6000 -0.001536451061043903 7000 -0.001536451061043903 14000 -0.9969270978779121 
m400107 6000 -0.003943746494232834 7000 -0.003943746494232834 14000 -0.9921125070115341 
m400108 6000 -0.005913780592570849 7000 -0.005913780592570849 14000 -0.9881724388148584 
m400109 6000 -0.006378610364409121 7000 -0.006378610364409121 14000 -0.9872427792711815 
m400110 6000 -0.0002082871772905598 7000 -0.0002082871772905598 14000 -0.9995834256454189 
m400111 6000 -0.0018113153228129734 7000 -0.0018113153228129734 14000 -0.9963773693543742 
m400112 6000 -0.003993318733331121 7000 -0.003993318733331121 14000 -0.9920133625333376 
m400113 6000 -0.005714737562195699 7000 -0.005714737562195699 14000 -0.9885705248756086 
m400114 6000 -0.006360236829864207 7000 -0.006360236829864207 14000 -0.9872795263402715 
m400115 6000 -0.00019571684025485313 7000 -0.00019571684025485313 14000 -0.9996085663194902 
m400116 6000 -0.0015954206029731232 7000 -0.0015954206029731232 14000 -0.9968091587940536 
m400117 6000 -0.003979415277096911 7000 -0.003979415277096911 14000 -0.9920411694458062 
m400118 6000 -0.0059461123496760415 7000 -0.0059461123496760415 14000 -0.9881077753006476 
m400119 6000 -0.006380070521884381 7000 -0.006380070521884381 14000 -0.9872398589562313 
m400120 6000 -0.0001770247408380938 7000 -0.0001770247408380938 14000 -0.9996459505183237 
m400121 6000 -0.001481304605050595 7000 -0.001481304605050595 14000 -0.9970373907898987 
m400122 6000 -0.003879554088583799 7000 -0.003879554088583799 14000 -0.9922408918228323 
m400123 6000 -0.005890875390624301 7000 -0.005890875390624301 14000 -0.9882182492187513 
m400124 6000 -0.006380012234392551 7000 -0.006380012234392551 14000 -0.9872399755312151 
c **********************************
c PE+Pb, dens=4.78 g/cm3
m2      6000    -0.04286 $Carbon
        1001    -0.00714 $Hydrogen
        82000   -0.95000 $Lead
c **********************************
m3    1001 -0.048535 $Boric acid
      5010 -0.034981
      5011 -0.139923
      8016 -0.776561
c **********************************
m4    82000 1 $Lead
c **********************************
m5 26000 1 $Iron
c **********************************
m6     13027   -1.000 $ Aluminum
c **********************************
c  SS-304 (8.00 g/cm3), #298 in PNNL Compendium
m7   006000.50c -0.0004000
     014000.60c -0.0050000
     015031.50c -0.0002300
     016000.60c -0.0001500
     024000.50c -0.1899981
     025055.60c -0.0099999
     026000.50c -0.7017229
     028000.50c -0.0924991
c ****************************************
c       LaBr detector
c ****************************************
m8       35079    -0.2946       $ Br79
         35081    -0.3069       $ Br81
         57139    -0.3485       $ La139
         58140    -0.0500       $ Ce140
c ************ air den=1.15e-3g/cc
m12     8016 -0.23
        7014 -0.77
c ************ Rubber Natural den=0.92 g/cc
m13     1001 -0.118371  $weight fraction
        6000 -0.881629
c
c end material cards
c
rand seed=8674536546524321 $different initial random #; seed# - any less 18 digits
c
c ********** begin tallies *********************
fc78 *********Broadened Pulse Height Tally Sum of Detectors 1,2 & 3 ***********
e78 0 1e-5 932i 8.4295
F78:p (101)
FT78 GEB -0.026198 0.059551 -0.037176
fc18 *********Unbroadened Pulse Height Tally Sum of Detectors 1,2 & 3 ***********
e18 0 1e-5 932i 8.4295
F18:p (101)
c ***********************************
c mplot tal 78 freq 10000
nps 1e9
