c CAS DETECTOR
c w/ Shielding in Place and Wheels
c
c CELL CARDS
c
c @@@@@@@@@@ Detectors @@@@@@@@@@@@@@@@@
c
101 8 -5.08 -21 imp:n,p 1 $LaBr Detector #1 Active Region
c
c @@@@@@@@@ Shielding @@@@@@@@@@@@@@@@@
c
121 2 -4.78 -31 imp:n,p 1 $PE_Pb
122 4 -11.29 -32 imp:n,p 1 $Pb1
123 4 -11.29 -33 imp:n,p 1 $Pb2
124 4 -11.29 -34 imp:n,p 1 $Pb3
125 4 -11.29 -35 imp:n,p 1 $Pb4
126 4 -11.29 -36 imp:n,p 1 $Pb5
127 4 -11.29 -37 imp:n,p 1 $Pb6
128 3 -1.5 -38 imp:n,p 1 $BA1
129 3 -1.5 -39 imp:n,p 1 $BA2
130 6 -2.7 -40 imp:n,p 1 $Al
131 7 -7.92 301 -302 303 -304 imp:n,p 1 $Fe-tube
132 5 -7.8 -401 imp:n,p 1 $Fe
133 5 -7.8 -402 imp:n,p 1 $Fe
c @@@@@@@@@@ Wheels @@@@@@@@@@@@@@@@@
c
21 13 -0.92 -41 42 imp:n,p 1 $Wheel 1
211 13 -0.92 -421 422 imp:n,p 1 $Wheel 1
212 13 -0.92 -423 424 imp:n,p 1 $Wheel 1
22 13 -0.92 -43 44 imp:n,p 1 $Wheel 2
221 13 -0.92 -441 442 imp:n,p 1 $Wheel 2
222 13 -0.92 -443 444 imp:n,p 1 $Wheel 2
23 13 -0.92 -45 46 imp:n,p 1 $Wheel 3
231 13 -0.92 -461 462 imp:n,p 1 $Wheel 3
232 13 -0.92 -463 464 imp:n,p 1 $Wheel 3
24 13 -0.92 -47 48 imp:n,p 1 $Wheel 4
241 13 -0.92 -481 482 imp:n,p 1 $Wheel 4
242 13 -0.92 -483 484 imp:n,p 1 $Wheel 4
c
c @@@@@@@@@@ SOIL VOLUME @@@@@@@@@@@
c
300000 400000 -2.156 20010 -20011 20020 -20021 20030 -20031 imp:n,p 1
300001 400001 -2.156 20010 -20011 20020 -20021 20031 -20032 imp:n,p 1
300002 400002 -2.156 20010 -20011 20020 -20021 20032 -20033 imp:n,p 1
300003 400003 -2.156 20010 -20011 20020 -20021 20033 -20034 imp:n,p 1
300004 400004 -2.156 20010 -20011 20020 -20021 20034 -20035 imp:n,p 1
300005 400005 -2.156 20011 -20012 20020 -20021 20030 -20031 imp:n,p 1
300006 400006 -2.156 20011 -20012 20020 -20021 20031 -20032 imp:n,p 1
300007 400007 -2.156 20011 -20012 20020 -20021 20032 -20033 imp:n,p 1
300008 400008 -2.156 20011 -20012 20020 -20021 20033 -20034 imp:n,p 1
300009 400009 -2.156 20011 -20012 20020 -20021 20034 -20035 imp:n,p 1
300010 400010 -2.156 20012 -20013 20020 -20021 20030 -20031 imp:n,p 1
300011 400011 -2.156 20012 -20013 20020 -20021 20031 -20032 imp:n,p 1
300012 400012 -2.156 20012 -20013 20020 -20021 20032 -20033 imp:n,p 1
300013 400013 -2.156 20012 -20013 20020 -20021 20033 -20034 imp:n,p 1
300014 400014 -2.156 20012 -20013 20020 -20021 20034 -20035 imp:n,p 1
300015 400015 -2.156 20013 -20014 20020 -20021 20030 -20031 imp:n,p 1
300016 400016 -2.156 20013 -20014 20020 -20021 20031 -20032 imp:n,p 1
300017 400017 -2.156 20013 -20014 20020 -20021 20032 -20033 imp:n,p 1
300018 400018 -2.156 20013 -20014 20020 -20021 20033 -20034 imp:n,p 1
300019 400019 -2.156 20013 -20014 20020 -20021 20034 -20035 imp:n,p 1
300020 400020 -2.156 20014 -20015 20020 -20021 20030 -20031 imp:n,p 1
300021 400021 -2.156 20014 -20015 20020 -20021 20031 -20032 imp:n,p 1
300022 400022 -2.156 20014 -20015 20020 -20021 20032 -20033 imp:n,p 1
300023 400023 -2.156 20014 -20015 20020 -20021 20033 -20034 imp:n,p 1
300024 400024 -2.156 20014 -20015 20020 -20021 20034 -20035 imp:n,p 1
300025 400025 -2.156 20010 -20011 20021 -20022 20030 -20031 imp:n,p 1
300026 400026 -2.156 20010 -20011 20021 -20022 20031 -20032 imp:n,p 1
300027 400027 -2.156 20010 -20011 20021 -20022 20032 -20033 imp:n,p 1
300028 400028 -2.156 20010 -20011 20021 -20022 20033 -20034 imp:n,p 1
300029 400029 -2.156 20010 -20011 20021 -20022 20034 -20035 imp:n,p 1
300030 400030 -2.156 20011 -20012 20021 -20022 20030 -20031 imp:n,p 1
300031 400031 -2.156 20011 -20012 20021 -20022 20031 -20032 imp:n,p 1
300032 400032 -2.156 20011 -20012 20021 -20022 20032 -20033 imp:n,p 1
300033 400033 -2.156 20011 -20012 20021 -20022 20033 -20034 imp:n,p 1
300034 400034 -2.156 20011 -20012 20021 -20022 20034 -20035 imp:n,p 1
300035 400035 -2.156 20012 -20013 20021 -20022 20030 -20031 imp:n,p 1
300036 400036 -2.156 20012 -20013 20021 -20022 20031 -20032 imp:n,p 1
300037 400037 -2.156 20012 -20013 20021 -20022 20032 -20033 imp:n,p 1
300038 400038 -2.156 20012 -20013 20021 -20022 20033 -20034 imp:n,p 1
300039 400039 -2.156 20012 -20013 20021 -20022 20034 -20035 imp:n,p 1
300040 400040 -2.156 20013 -20014 20021 -20022 20030 -20031 imp:n,p 1
300041 400041 -2.156 20013 -20014 20021 -20022 20031 -20032 imp:n,p 1
300042 400042 -2.156 20013 -20014 20021 -20022 20032 -20033 imp:n,p 1
300043 400043 -2.156 20013 -20014 20021 -20022 20033 -20034 imp:n,p 1
300044 400044 -2.156 20013 -20014 20021 -20022 20034 -20035 imp:n,p 1
300045 400045 -2.156 20014 -20015 20021 -20022 20030 -20031 imp:n,p 1
300046 400046 -2.156 20014 -20015 20021 -20022 20031 -20032 imp:n,p 1
300047 400047 -2.156 20014 -20015 20021 -20022 20032 -20033 imp:n,p 1
300048 400048 -2.156 20014 -20015 20021 -20022 20033 -20034 imp:n,p 1
300049 400049 -2.156 20014 -20015 20021 -20022 20034 -20035 imp:n,p 1
300050 400050 -2.156 20010 -20011 20022 -20023 20030 -20031 imp:n,p 1
300051 400051 -2.156 20010 -20011 20022 -20023 20031 -20032 imp:n,p 1
300052 400052 -2.156 20010 -20011 20022 -20023 20032 -20033 imp:n,p 1
300053 400053 -2.156 20010 -20011 20022 -20023 20033 -20034 imp:n,p 1
300054 400054 -2.156 20010 -20011 20022 -20023 20034 -20035 imp:n,p 1
300055 400055 -2.156 20011 -20012 20022 -20023 20030 -20031 imp:n,p 1
300056 400056 -2.156 20011 -20012 20022 -20023 20031 -20032 imp:n,p 1
300057 400057 -2.156 20011 -20012 20022 -20023 20032 -20033 imp:n,p 1
300058 400058 -2.156 20011 -20012 20022 -20023 20033 -20034 imp:n,p 1
300059 400059 -2.156 20011 -20012 20022 -20023 20034 -20035 imp:n,p 1
300060 400060 -2.156 20012 -20013 20022 -20023 20030 -20031 imp:n,p 1
300061 400061 -2.156 20012 -20013 20022 -20023 20031 -20032 imp:n,p 1
300062 400062 -2.156 20012 -20013 20022 -20023 20032 -20033 imp:n,p 1
300063 400063 -2.156 20012 -20013 20022 -20023 20033 -20034 imp:n,p 1
300064 400064 -2.156 20012 -20013 20022 -20023 20034 -20035 imp:n,p 1
300065 400065 -2.156 20013 -20014 20022 -20023 20030 -20031 imp:n,p 1
300066 400066 -2.156 20013 -20014 20022 -20023 20031 -20032 imp:n,p 1
300067 400067 -2.156 20013 -20014 20022 -20023 20032 -20033 imp:n,p 1
300068 400068 -2.156 20013 -20014 20022 -20023 20033 -20034 imp:n,p 1
300069 400069 -2.156 20013 -20014 20022 -20023 20034 -20035 imp:n,p 1
300070 400070 -2.156 20014 -20015 20022 -20023 20030 -20031 imp:n,p 1
300071 400071 -2.156 20014 -20015 20022 -20023 20031 -20032 imp:n,p 1
300072 400072 -2.156 20014 -20015 20022 -20023 20032 -20033 imp:n,p 1
300073 400073 -2.156 20014 -20015 20022 -20023 20033 -20034 imp:n,p 1
300074 400074 -2.156 20014 -20015 20022 -20023 20034 -20035 imp:n,p 1
300075 400075 -2.156 20010 -20011 20023 -20024 20030 -20031 imp:n,p 1
300076 400076 -2.156 20010 -20011 20023 -20024 20031 -20032 imp:n,p 1
300077 400077 -2.156 20010 -20011 20023 -20024 20032 -20033 imp:n,p 1
300078 400078 -2.156 20010 -20011 20023 -20024 20033 -20034 imp:n,p 1
300079 400079 -2.156 20010 -20011 20023 -20024 20034 -20035 imp:n,p 1
300080 400080 -2.156 20011 -20012 20023 -20024 20030 -20031 imp:n,p 1
300081 400081 -2.156 20011 -20012 20023 -20024 20031 -20032 imp:n,p 1
300082 400082 -2.156 20011 -20012 20023 -20024 20032 -20033 imp:n,p 1
300083 400083 -2.156 20011 -20012 20023 -20024 20033 -20034 imp:n,p 1
300084 400084 -2.156 20011 -20012 20023 -20024 20034 -20035 imp:n,p 1
300085 400085 -2.156 20012 -20013 20023 -20024 20030 -20031 imp:n,p 1
300086 400086 -2.156 20012 -20013 20023 -20024 20031 -20032 imp:n,p 1
300087 400087 -2.156 20012 -20013 20023 -20024 20032 -20033 imp:n,p 1
300088 400088 -2.156 20012 -20013 20023 -20024 20033 -20034 imp:n,p 1
300089 400089 -2.156 20012 -20013 20023 -20024 20034 -20035 imp:n,p 1
300090 400090 -2.156 20013 -20014 20023 -20024 20030 -20031 imp:n,p 1
300091 400091 -2.156 20013 -20014 20023 -20024 20031 -20032 imp:n,p 1
300092 400092 -2.156 20013 -20014 20023 -20024 20032 -20033 imp:n,p 1
300093 400093 -2.156 20013 -20014 20023 -20024 20033 -20034 imp:n,p 1
300094 400094 -2.156 20013 -20014 20023 -20024 20034 -20035 imp:n,p 1
300095 400095 -2.156 20014 -20015 20023 -20024 20030 -20031 imp:n,p 1
300096 400096 -2.156 20014 -20015 20023 -20024 20031 -20032 imp:n,p 1
300097 400097 -2.156 20014 -20015 20023 -20024 20032 -20033 imp:n,p 1
300098 400098 -2.156 20014 -20015 20023 -20024 20033 -20034 imp:n,p 1
300099 400099 -2.156 20014 -20015 20023 -20024 20034 -20035 imp:n,p 1
300100 400100 -2.156 20010 -20011 20024 -20025 20030 -20031 imp:n,p 1
300101 400101 -2.156 20010 -20011 20024 -20025 20031 -20032 imp:n,p 1
300102 400102 -2.156 20010 -20011 20024 -20025 20032 -20033 imp:n,p 1
300103 400103 -2.156 20010 -20011 20024 -20025 20033 -20034 imp:n,p 1
300104 400104 -2.156 20010 -20011 20024 -20025 20034 -20035 imp:n,p 1
300105 400105 -2.156 20011 -20012 20024 -20025 20030 -20031 imp:n,p 1
300106 400106 -2.156 20011 -20012 20024 -20025 20031 -20032 imp:n,p 1
300107 400107 -2.156 20011 -20012 20024 -20025 20032 -20033 imp:n,p 1
300108 400108 -2.156 20011 -20012 20024 -20025 20033 -20034 imp:n,p 1
300109 400109 -2.156 20011 -20012 20024 -20025 20034 -20035 imp:n,p 1
300110 400110 -2.156 20012 -20013 20024 -20025 20030 -20031 imp:n,p 1
300111 400111 -2.156 20012 -20013 20024 -20025 20031 -20032 imp:n,p 1
300112 400112 -2.156 20012 -20013 20024 -20025 20032 -20033 imp:n,p 1
300113 400113 -2.156 20012 -20013 20024 -20025 20033 -20034 imp:n,p 1
300114 400114 -2.156 20012 -20013 20024 -20025 20034 -20035 imp:n,p 1
300115 400115 -2.156 20013 -20014 20024 -20025 20030 -20031 imp:n,p 1
300116 400116 -2.156 20013 -20014 20024 -20025 20031 -20032 imp:n,p 1
300117 400117 -2.156 20013 -20014 20024 -20025 20032 -20033 imp:n,p 1
300118 400118 -2.156 20013 -20014 20024 -20025 20033 -20034 imp:n,p 1
300119 400119 -2.156 20013 -20014 20024 -20025 20034 -20035 imp:n,p 1
300120 400120 -2.156 20014 -20015 20024 -20025 20030 -20031 imp:n,p 1
300121 400121 -2.156 20014 -20015 20024 -20025 20031 -20032 imp:n,p 1
300122 400122 -2.156 20014 -20015 20024 -20025 20032 -20033 imp:n,p 1
300123 400123 -2.156 20014 -20015 20024 -20025 20033 -20034 imp:n,p 1
300124 400124 -2.156 20014 -20015 20024 -20025 20034 -20035 imp:n,p 1
c
30 12 -0.00129 -200 #101 #121 #122 #123 #124 #125 #126 #127 #128 #129 #130 #131 #132 #133
        #21 #211 #212 #22 #221 #222 #23 #231 #232 #24 #241 #242 #20 imp:n,p 1 $Rest of the World
31 0 200 imp:n,p 0 $Outside world

c SURFACE CARDS
c
c Sample Volume
20010 px -56.0
20011 px -33.600000000000364
20012 px -11.200000000000728
20013 px 11.200000000000728
20014 px 33.600000000000364
20015 px 56.0
20020 py -45.0
20021 py -27.0
20022 py -9.0
20023 py 9.0
20024 py 27.0
20025 py 45.0
20030 pz 92.0
20031 pz 82.0
20032 pz 72.0
20033 pz 62.0
20034 pz 52.0
20035 pz 42.0
c Active Detector Region
21 rcc 56  -5.0 -1.0   0.0 20.3 0.0   4.5 $Detector 1 Base center, Hx,Hy,Hz, radius
c Shielding Surfaces
c Shielding Pb
31 rpp 19 29 -7.5 7.5 -11 9 $PbPE xmin xmax ymin ymax zmin zmax
32 rpp 9 19 4 9 -11 9 $Pb xmin xmax ymin ymax zmin zmax
33 rpp 9 19 -9 -4 -11 9 $Pb xmin xmax ymin ymax zmin zmax
34 rpp 19 29 7.5 12.5 -11 9 $Pb xmin xmax ymin ymax zmin zmax
35 rpp 19 29 -12.5 -7.5 -11 9 $Pb xmin xmax ymin ymax zmin zmax
36 rpp 29 34 -15 15 -11 9 $Pb xmin xmax ymin ymax zmin zmax
37 rpp 9 19 -4 4 4 9 $Pb xmin xmax ymin ymax zmin zmax
38 rpp -26 26 18 28 -11 9 $BA1 xmin xmax ymin ymax zmin zmax
39 rpp -26 26 -28 -18 -11 9 $BA2 xmin xmax ymin ymax zmin zmax
40 rpp -65 65 -28 28 10 10.5 $Al xmin xmax ymin ymax zmin zmax
401 rpp -27 27 29 34 -11 9 $Fe xmin xmax ymin ymax zmin zmax
402 rpp -27 27 -34 -29 -11 9 $Fe xmin xmax ymin ymax zmin zmax
301 px -20
302 px 18
303 cx 3.71
304 cx 3.81
c Wheels Surfaces
c 23/10.5-12 turf tires, 22.6 lb rubber
c diameter 29cm, tread width 25cm, and sidewall height 13.76 cm
c set thickness of all sides 1.3 cm (s.t. weight is 22.6 lb)
41 rcc -2 77 8   0.0 25 0.0 29 $wheel 1 outer tread surface
42 rcc -2 77 8   0.0 25 0.0 27.7 $wheel 1 inner tread surface
421 rcc -2 75.7 8   0.0 1.3 0.0 29 $wheel 1 outside sidewall exterior
422 rcc -2 75.7 8   0.0 1.3 0.0 15.24 $wheel 1 outside sidewall interior
423 rcc -2 102 8   0.0 1.3 0.0 29 $wheel 1 inside sidewall exterior
424 rcc -2 102 8   0.0 1.3 0.0 15.24 $wheel 1 inside sidewall interior
43 rcc 68 77 8   0.0 25 0.0 29 $wheel 2
44 rcc 68 77 8   0.0 25 0.0 27.7
441 rcc 68 75.7 8   0.0 1.3 0.0 29
442 rcc 68 75.7 8   0.0 1.3 0.0 15.24
443 rcc 68 102 8   0.0 1.3 0.0 29
444 rcc 68 102 8   0.0 1.3 0.0 15.24
45 rcc -2 -77 8   0.0 -25 0.0 29 $wheel 3
46 rcc -2 -77 8   0.0 -25 0.0 27.7
461 rcc -2 -75.7 8   0.0 -1.3 0.0 29
462 rcc -2 -75.7 8   0.0 -1.3 0.0 15.24
463 rcc -2 -102 8   0.0 -1.3 0.0 29
464 rcc -2 -102 8   0.0 -1.3 0.0 15.24
47 rcc 68 -77 8   0.0 -25 0.0 29 $wheel 4
48 rcc 68 -77 8   0.0 -25 0.0 27.7
481 rcc 68 -75.7 8   0.0 -1.3 0.0 29
482 rcc 68 -75.7 8   0.0 -1.3 0.0 15.24
483 rcc 68 -102 8   0.0 -1.3 0.0 29
484 rcc 68 -102 8   0.0 -1.3 0.0 15.24
200 so 800    $sphere of 800cm centered at origin
c

c DATA CARDS
mode n p
c dump every hr
prdmp -60 -60 -1
c 100 keV Neutron Energy Cutoff
Cut:n 1j 0.1
c analog neutron transport
phys:n 1j 14
phys:p
sdef pos=0 0 0 erg=14.0 vec= 0 0 1 dir=d1
si1  -1 .93 1
sp1   0  0.0  1.0
c ********************
c begin material cards
c ********************
c Pure Carbon
c ****************************************
m400000 6000 -8.884954309867038e-05 7000 -8.884954309867038e-05 14000 -0.9998223009138026 
m400001 6000 -0.0015133401860480333 7000 -0.0015133401860480333 14000 -0.996973319627904 
m400002 6000 -0.004430419482056526 7000 -0.004430419482056526 14000 -0.9911391610358872 
m400003 6000 -0.0058007335560378084 7000 -0.0058007335560378084 14000 -0.9883985328879241 
m400004 6000 -0.006401990271569893 7000 -0.006401990271569893 14000 -0.9871960194568604 
m400005 6000 -7.96209204995065e-05 7000 -7.96209204995065e-05 14000 -0.999840758159001 
m400006 6000 -0.0015650055539436435 7000 -0.0015650055539436435 14000 -0.9968699888921129 
m400007 6000 -0.0042325158053424525 7000 -0.0042325158053424525 14000 -0.991534968389315 
m400008 6000 -0.005903331248798032 7000 -0.005903331248798032 14000 -0.9881933375024038 
m400009 6000 -0.006404935960996683 7000 -0.006404935960996683 14000 -0.9871901280780068 
m400010 6000 -0.000158250352022366 7000 -0.000158250352022366 14000 -0.9996834992959553 
m400011 6000 -0.001583618475427605 7000 -0.001583618475427605 14000 -0.9968327630491446 
m400012 6000 -0.003854028803191211 7000 -0.003854028803191211 14000 -0.9922919423936173 
m400013 6000 -0.0058212638677904525 7000 -0.0058212638677904525 14000 -0.9883574722644188 
m400014 6000 -0.006412071769994594 7000 -0.006412071769994594 14000 -0.9871758564600107 
m400015 6000 -0.00011117097449244406 7000 -0.00011117097449244406 14000 -0.9997776580510149 
m400016 6000 -0.0015561641971029614 7000 -0.0015561641971029614 14000 -0.9968876716057941 
m400017 6000 -0.003972650754837402 7000 -0.003972650754837402 14000 -0.9920546984903253 
m400018 6000 -0.005939501206075173 7000 -0.005939501206075173 14000 -0.9881209975878495 
m400019 6000 -0.006409377641305503 7000 -0.006409377641305503 14000 -0.987181244717389 
m400020 6000 -0.0001666848910047472 7000 -0.0001666848910047472 14000 -0.9996666302179905 
m400021 6000 -0.0014184715114978275 7000 -0.0014184715114978275 14000 -0.9971630569770044 
m400022 6000 -0.003972976661748128 7000 -0.003972976661748128 14000 -0.9920540466765039 
m400023 6000 -0.005933001664130519 7000 -0.005933001664130519 14000 -0.9881339966717388 
m400024 6000 -0.006419943807580857 7000 -0.006419943807580857 14000 -0.9871601123848386 
m400025 6000 -0.0001166778392193987 7000 -0.0001166778392193987 14000 -0.9997666443215614 
m400026 6000 -0.0015635215510150415 7000 -0.0015635215510150415 14000 -0.99687295689797 
m400027 6000 -0.0037192716706810607 7000 -0.0037192716706810607 14000 -0.9925614566586383 
m400028 6000 -0.005732635701026291 7000 -0.005732635701026291 14000 -0.9885347285979474 
m400029 6000 -0.006434795834553464 7000 -0.006434795834553464 14000 -0.987130408330893 
m400030 6000 -0.00013238858985975045 7000 -0.00013238858985975045 14000 -0.9997352228202806 
m400031 6000 -0.0014661293483123452 7000 -0.0014661293483123452 14000 -0.9970677413033754 
m400032 6000 -0.004214945789927019 7000 -0.004214945789927019 14000 -0.9915701084201457 
m400033 6000 -0.005811825890013108 7000 -0.005811825890013108 14000 -0.9883763482199736 
m400034 6000 -0.006431021182974078 7000 -0.006431021182974078 14000 -0.9871379576340518 
m400035 6000 -0.00015178497592916766 7000 -0.00015178497592916766 14000 -0.9996964300481416 
m400036 6000 -0.0016321728811958924 7000 -0.0016321728811958924 14000 -0.9967356542376083 
m400037 6000 -0.004271616318123707 7000 -0.004271616318123707 14000 -0.9914567673637527 
m400038 6000 -0.005885262529492983 7000 -0.005885262529492983 14000 -0.9882294749410139 
m400039 6000 -0.006437870966868345 7000 -0.006437870966868345 14000 -0.9871242580662636 
m400040 6000 -0.00011933006040014239 7000 -0.00011933006040014239 14000 -0.9997613398791999 
m400041 6000 -0.001639572228093547 7000 -0.001639572228093547 14000 -0.996720855543813 
m400042 6000 -0.003951952930201167 7000 -0.003951952930201167 14000 -0.9920960941395977 
m400043 6000 -0.005836015377772428 7000 -0.005836015377772428 14000 -0.9883279692444549 
m400044 6000 -0.006457301804094065 7000 -0.006457301804094065 14000 -0.9870853963918119 
m400045 6000 -0.00011991802515651663 7000 -0.00011991802515651663 14000 -0.9997601639496869 
m400046 6000 -0.001718326250990933 7000 -0.001718326250990933 14000 -0.9965633474980181 
m400047 6000 -0.004176748246957664 7000 -0.004176748246957664 14000 -0.9916465035060849 
m400048 6000 -0.005875978289954132 7000 -0.005875978289954132 14000 -0.9882480434200918 
m400049 6000 -0.006373167810139454 7000 -0.006373167810139454 14000 -0.9872536643797208 
m400050 6000 -8.178266014368455e-05 7000 -8.178266014368455e-05 14000 -0.9998364346797127 
m400051 6000 -0.001556964286678445 7000 -0.001556964286678445 14000 -0.9968860714266431 
m400052 6000 -0.00399712603044411 7000 -0.00399712603044411 14000 -0.9920057479391116 
m400053 6000 -0.00592817104333822 7000 -0.00592817104333822 14000 -0.9881436579133238 
m400054 6000 -0.0063917846376663765 7000 -0.0063917846376663765 14000 -0.9872164307246671 
m400055 6000 -0.00014323195880073505 7000 -0.00014323195880073505 14000 -0.9997135360823983 
m400056 6000 -0.0017666649504886915 7000 -0.0017666649504886915 14000 -0.9964666700990228 
m400057 6000 -0.004263306018189205 7000 -0.004263306018189205 14000 -0.9914733879636216 
m400058 6000 -0.00588272465594348 7000 -0.00588272465594348 14000 -0.9882345506881133 
m400059 6000 -0.006383644510509174 7000 -0.006383644510509174 14000 -0.9872327109789816 
m400060 6000 -0.00013621616402079837 7000 -0.00013621616402079837 14000 -0.9997275676719586 
m400061 6000 -0.0019597326158840573 7000 -0.0019597326158840573 14000 -0.9960805347682316 
m400062 6000 -0.004021263081853576 7000 -0.004021263081853576 14000 -0.9919574738362931 
m400063 6000 -0.005941285233638008 7000 -0.005941285233638008 14000 -0.988117429532724 
m400064 6000 -0.006407225788127956 7000 -0.006407225788127956 14000 -0.9871855484237441 
m400065 6000 -8.107810675017311e-05 7000 -8.107810675017311e-05 14000 -0.9998378437864998 
m400066 6000 -0.001546903967597745 7000 -0.001546903967597745 14000 -0.9969061920648044 
m400067 6000 -0.004187526361646098 7000 -0.004187526361646098 14000 -0.9916249472767079 
m400068 6000 -0.005907682211150896 7000 -0.005907682211150896 14000 -0.9881846355776984 
m400069 6000 -0.006410533607618131 7000 -0.006410533607618131 14000 -0.9871789327847638 
m400070 6000 -0.0001742801489803961 7000 -0.0001742801489803961 14000 -0.9996514397020394 
m400071 6000 -0.001859326001119127 7000 -0.001859326001119127 14000 -0.9962813479977618 
m400072 6000 -0.003809221194669929 7000 -0.003809221194669929 14000 -0.9923815576106602 
m400073 6000 -0.005852518704772883 7000 -0.005852518704772883 14000 -0.9882949625904545 
m400074 6000 -0.006382043716453017 7000 -0.006382043716453017 14000 -0.987235912567094 
m400075 6000 -5.4143086080225555e-05 7000 -5.4143086080225555e-05 14000 -0.9998917138278395 
m400076 6000 -0.002015495670740699 7000 -0.002015495670740699 14000 -0.9959690086585185 
m400077 6000 -0.003953481218441508 7000 -0.003953481218441508 14000 -0.9920930375631168 
m400078 6000 -0.005748087268837179 7000 -0.005748087268837179 14000 -0.9885038254623256 
m400079 6000 -0.006418931238350852 7000 -0.006418931238350852 14000 -0.9871621375232985 
m400080 6000 -0.0001291634145237034 7000 -0.0001291634145237034 14000 -0.9997416731709525 
m400081 6000 -0.001576770213956402 7000 -0.001576770213956402 14000 -0.9968464595720871 
m400082 6000 -0.00440207159390649 7000 -0.00440207159390649 14000 -0.9911958568121872 
m400083 6000 -0.005554341793579868 7000 -0.005554341793579868 14000 -0.9888913164128406 
m400084 6000 -0.006435141259503725 7000 -0.006435141259503725 14000 -0.9871297174809927 
m400085 6000 -0.00013266290205967113 7000 -0.00013266290205967113 14000 -0.9997346741958809 
m400086 6000 -0.0014039870652335679 7000 -0.0014039870652335679 14000 -0.9971920258695328 
m400087 6000 -0.004201614990145761 7000 -0.004201614990145761 14000 -0.9915967700197085 
m400088 6000 -0.005798509934495594 7000 -0.005798509934495594 14000 -0.9884029801310086 
m400089 6000 -0.006406562727936378 7000 -0.006406562727936378 14000 -0.9871868745441276 
m400090 6000 -0.00015512047160087133 7000 -0.00015512047160087133 14000 -0.9996897590567981 
m400091 6000 -0.0016585184301163081 7000 -0.0016585184301163081 14000 -0.9966829631397672 
m400092 6000 -0.0038565011352028815 7000 -0.0038565011352028815 14000 -0.9922869977295942 
m400093 6000 -0.0059069162398934375 7000 -0.0059069162398934375 14000 -0.9881861675202128 
m400094 6000 -0.006423746729204347 7000 -0.006423746729204347 14000 -0.9871525065415915 
m400095 6000 -0.00011686735840076723 7000 -0.00011686735840076723 14000 -0.9997662652831985 
m400096 6000 -0.00152538434060771 7000 -0.00152538434060771 14000 -0.9969492313187847 
m400097 6000 -0.004006896853974866 7000 -0.004006896853974866 14000 -0.9919862062920501 
m400098 6000 -0.0057286802341202925 7000 -0.0057286802341202925 14000 -0.9885426395317595 
m400099 6000 -0.006417666038117856 7000 -0.006417666038117856 14000 -0.9871646679237641 
m400100 6000 -0.00013752708472720792 7000 -0.00013752708472720792 14000 -0.9997249458305455 
m400101 6000 -0.001912481474382755 7000 -0.001912481474382755 14000 -0.9961750370512344 
m400102 6000 -0.0040930336781787 7000 -0.0040930336781787 14000 -0.9918139326436425 
m400103 6000 -0.0058356559074849755 7000 -0.0058356559074849755 14000 -0.9883286881850304 
m400104 6000 -0.006485507797897314 7000 -0.006485507797897314 14000 -0.9870289844042055 
m400105 6000 -0.0001534479255062037 7000 -0.0001534479255062037 14000 -0.9996931041489877 
m400106 6000 -0.0017689117996785633 7000 -0.0017689117996785633 14000 -0.9964621764006432 
m400107 6000 -0.004119177055262405 7000 -0.004119177055262405 14000 -0.9917616458894751 
m400108 6000 -0.005990783389260989 7000 -0.005990783389260989 14000 -0.9880184332214782 
m400109 6000 -0.006442110984074022 7000 -0.006442110984074022 14000 -0.9871157780318519 
m400110 6000 -0.00011158388436917523 7000 -0.00011158388436917523 14000 -0.9997768322312619 
m400111 6000 -0.00204607159438743 7000 -0.00204607159438743 14000 -0.9959078568112254 
m400112 6000 -0.00416271328312018 7000 -0.00416271328312018 14000 -0.9916745734337598 
m400113 6000 -0.005799002756204871 7000 -0.005799002756204871 14000 -0.9884019944875904 
m400114 6000 -0.006388995689503609 7000 -0.006388995689503609 14000 -0.9872220086209929 
m400115 6000 -0.0001378844956947949 7000 -0.0001378844956947949 14000 -0.9997242310086105 
m400116 6000 -0.0015777769051973495 7000 -0.0015777769051973495 14000 -0.9968444461896054 
m400117 6000 -0.004282907197765295 7000 -0.004282907197765295 14000 -0.9914341856044693 
m400118 6000 -0.005675113259446114 7000 -0.005675113259446114 14000 -0.9886497734811082 
m400119 6000 -0.006474185981755043 7000 -0.006474185981755043 14000 -0.9870516280364897 
m400120 6000 -0.00016264330767599356 7000 -0.00016264330767599356 14000 -0.9996747133846479 
m400121 6000 -0.001768882585158127 7000 -0.001768882585158127 14000 -0.9964622348296838 
m400122 6000 -0.004152152547071383 7000 -0.004152152547071383 14000 -0.9916956949058572 
m400123 6000 -0.005832856955452706 7000 -0.005832856955452706 14000 -0.9883342860890947 
m400124 6000 -0.006423496454466464 7000 -0.006423496454466464 14000 -0.9871530070910667 
c **********************************
c PE+Pb, dens=4.78 g/cm3
m2      6000    -0.04286 $Carbon
        1001    -0.00714 $Hydrogen
        82000   -0.95000 $Lead
c **********************************
m3    1001 -0.048535 $Boric acid
      5010 -0.034981
      5011 -0.139923
      8016 -0.776561
c **********************************
m4    82000 1 $Lead
c **********************************
m5 26000 1 $Iron
c **********************************
m6     13027   -1.000 $ Aluminum
c **********************************
c  SS-304 (8.00 g/cm3), #298 in PNNL Compendium
m7   006000.50c -0.0004000
     014000.60c -0.0050000
     015031.50c -0.0002300
     016000.60c -0.0001500
     024000.50c -0.1899981
     025055.60c -0.0099999
     026000.50c -0.7017229
     028000.50c -0.0924991
c ****************************************
c       LaBr detector
c ****************************************
m8       35079    -0.2946       $ Br79
         35081    -0.3069       $ Br81
         57139    -0.3485       $ La139
         58140    -0.0500       $ Ce140
c ************ air den=1.15e-3g/cc
m12     8016 -0.23
        7014 -0.77
c ************ Rubber Natural den=0.92 g/cc
m13     1001 -0.118371  $weight fraction
        6000 -0.881629
c
c end material cards
c
rand seed=8674536546524321 $different initial random #; seed# - any less 18 digits
c
c ********** begin tallies *********************
fc78 *********Broadened Pulse Height Tally Sum of Detectors 1,2 & 3 ***********
e78 0 1e-5 932i 8.4295
F78:p (101)
FT78 GEB -0.026198 0.059551 -0.037176
fc18 *********Unbroadened Pulse Height Tally Sum of Detectors 1,2 & 3 ***********
e18 0 1e-5 932i 8.4295
F18:p (101)
c ***********************************
c mplot tal 78 freq 10000
nps 1e9
