c CAS DETECTOR
c w/ Shielding in Place and Wheels
c
c CELL CARDS
c
c @@@@@@@@@@ Detectors @@@@@@@@@@@@@@@@@
c
101 8 -5.08 -21 imp:n,p 1 $LaBr Detector #1 Active Region
c
c @@@@@@@@@ Shielding @@@@@@@@@@@@@@@@@
c
121 2 -4.78 -31 imp:n,p 1 $PE_Pb
122 4 -11.29 -32 imp:n,p 1 $Pb1
123 4 -11.29 -33 imp:n,p 1 $Pb2
124 4 -11.29 -34 imp:n,p 1 $Pb3
125 4 -11.29 -35 imp:n,p 1 $Pb4
126 4 -11.29 -36 imp:n,p 1 $Pb5
127 4 -11.29 -37 imp:n,p 1 $Pb6
128 3 -1.5 -38 imp:n,p 1 $BA1
129 3 -1.5 -39 imp:n,p 1 $BA2
130 6 -2.7 -40 imp:n,p 1 $Al
131 7 -7.92 301 -302 303 -304 imp:n,p 1 $Fe-tube
132 5 -7.8 -401 imp:n,p 1 $Fe
133 5 -7.8 -402 imp:n,p 1 $Fe
c @@@@@@@@@@ Wheels @@@@@@@@@@@@@@@@@
c
21 13 -0.92 -41 42 imp:n,p 1 $Wheel 1
211 13 -0.92 -421 422 imp:n,p 1 $Wheel 1
212 13 -0.92 -423 424 imp:n,p 1 $Wheel 1
22 13 -0.92 -43 44 imp:n,p 1 $Wheel 2
221 13 -0.92 -441 442 imp:n,p 1 $Wheel 2
222 13 -0.92 -443 444 imp:n,p 1 $Wheel 2
23 13 -0.92 -45 46 imp:n,p 1 $Wheel 3
231 13 -0.92 -461 462 imp:n,p 1 $Wheel 3
232 13 -0.92 -463 464 imp:n,p 1 $Wheel 3
24 13 -0.92 -47 48 imp:n,p 1 $Wheel 4
241 13 -0.92 -481 482 imp:n,p 1 $Wheel 4
242 13 -0.92 -483 484 imp:n,p 1 $Wheel 4
c
c @@@@@@@@@@ SOIL VOLUME @@@@@@@@@@@
c
300000 400000 -2.156 20010 -20011 20020 -20021 20030 -20031 imp:n,p 1
300001 400001 -2.156 20010 -20011 20020 -20021 20031 -20032 imp:n,p 1
300002 400002 -2.156 20010 -20011 20020 -20021 20032 -20033 imp:n,p 1
300003 400003 -2.156 20010 -20011 20020 -20021 20033 -20034 imp:n,p 1
300004 400004 -2.156 20010 -20011 20020 -20021 20034 -20035 imp:n,p 1
300005 400005 -2.156 20011 -20012 20020 -20021 20030 -20031 imp:n,p 1
300006 400006 -2.156 20011 -20012 20020 -20021 20031 -20032 imp:n,p 1
300007 400007 -2.156 20011 -20012 20020 -20021 20032 -20033 imp:n,p 1
300008 400008 -2.156 20011 -20012 20020 -20021 20033 -20034 imp:n,p 1
300009 400009 -2.156 20011 -20012 20020 -20021 20034 -20035 imp:n,p 1
300010 400010 -2.156 20012 -20013 20020 -20021 20030 -20031 imp:n,p 1
300011 400011 -2.156 20012 -20013 20020 -20021 20031 -20032 imp:n,p 1
300012 400012 -2.156 20012 -20013 20020 -20021 20032 -20033 imp:n,p 1
300013 400013 -2.156 20012 -20013 20020 -20021 20033 -20034 imp:n,p 1
300014 400014 -2.156 20012 -20013 20020 -20021 20034 -20035 imp:n,p 1
300015 400015 -2.156 20013 -20014 20020 -20021 20030 -20031 imp:n,p 1
300016 400016 -2.156 20013 -20014 20020 -20021 20031 -20032 imp:n,p 1
300017 400017 -2.156 20013 -20014 20020 -20021 20032 -20033 imp:n,p 1
300018 400018 -2.156 20013 -20014 20020 -20021 20033 -20034 imp:n,p 1
300019 400019 -2.156 20013 -20014 20020 -20021 20034 -20035 imp:n,p 1
300020 400020 -2.156 20014 -20015 20020 -20021 20030 -20031 imp:n,p 1
300021 400021 -2.156 20014 -20015 20020 -20021 20031 -20032 imp:n,p 1
300022 400022 -2.156 20014 -20015 20020 -20021 20032 -20033 imp:n,p 1
300023 400023 -2.156 20014 -20015 20020 -20021 20033 -20034 imp:n,p 1
300024 400024 -2.156 20014 -20015 20020 -20021 20034 -20035 imp:n,p 1
300025 400025 -2.156 20010 -20011 20021 -20022 20030 -20031 imp:n,p 1
300026 400026 -2.156 20010 -20011 20021 -20022 20031 -20032 imp:n,p 1
300027 400027 -2.156 20010 -20011 20021 -20022 20032 -20033 imp:n,p 1
300028 400028 -2.156 20010 -20011 20021 -20022 20033 -20034 imp:n,p 1
300029 400029 -2.156 20010 -20011 20021 -20022 20034 -20035 imp:n,p 1
300030 400030 -2.156 20011 -20012 20021 -20022 20030 -20031 imp:n,p 1
300031 400031 -2.156 20011 -20012 20021 -20022 20031 -20032 imp:n,p 1
300032 400032 -2.156 20011 -20012 20021 -20022 20032 -20033 imp:n,p 1
300033 400033 -2.156 20011 -20012 20021 -20022 20033 -20034 imp:n,p 1
300034 400034 -2.156 20011 -20012 20021 -20022 20034 -20035 imp:n,p 1
300035 400035 -2.156 20012 -20013 20021 -20022 20030 -20031 imp:n,p 1
300036 400036 -2.156 20012 -20013 20021 -20022 20031 -20032 imp:n,p 1
300037 400037 -2.156 20012 -20013 20021 -20022 20032 -20033 imp:n,p 1
300038 400038 -2.156 20012 -20013 20021 -20022 20033 -20034 imp:n,p 1
300039 400039 -2.156 20012 -20013 20021 -20022 20034 -20035 imp:n,p 1
300040 400040 -2.156 20013 -20014 20021 -20022 20030 -20031 imp:n,p 1
300041 400041 -2.156 20013 -20014 20021 -20022 20031 -20032 imp:n,p 1
300042 400042 -2.156 20013 -20014 20021 -20022 20032 -20033 imp:n,p 1
300043 400043 -2.156 20013 -20014 20021 -20022 20033 -20034 imp:n,p 1
300044 400044 -2.156 20013 -20014 20021 -20022 20034 -20035 imp:n,p 1
300045 400045 -2.156 20014 -20015 20021 -20022 20030 -20031 imp:n,p 1
300046 400046 -2.156 20014 -20015 20021 -20022 20031 -20032 imp:n,p 1
300047 400047 -2.156 20014 -20015 20021 -20022 20032 -20033 imp:n,p 1
300048 400048 -2.156 20014 -20015 20021 -20022 20033 -20034 imp:n,p 1
300049 400049 -2.156 20014 -20015 20021 -20022 20034 -20035 imp:n,p 1
300050 400050 -2.156 20010 -20011 20022 -20023 20030 -20031 imp:n,p 1
300051 400051 -2.156 20010 -20011 20022 -20023 20031 -20032 imp:n,p 1
300052 400052 -2.156 20010 -20011 20022 -20023 20032 -20033 imp:n,p 1
300053 400053 -2.156 20010 -20011 20022 -20023 20033 -20034 imp:n,p 1
300054 400054 -2.156 20010 -20011 20022 -20023 20034 -20035 imp:n,p 1
300055 400055 -2.156 20011 -20012 20022 -20023 20030 -20031 imp:n,p 1
300056 400056 -2.156 20011 -20012 20022 -20023 20031 -20032 imp:n,p 1
300057 400057 -2.156 20011 -20012 20022 -20023 20032 -20033 imp:n,p 1
300058 400058 -2.156 20011 -20012 20022 -20023 20033 -20034 imp:n,p 1
300059 400059 -2.156 20011 -20012 20022 -20023 20034 -20035 imp:n,p 1
300060 400060 -2.156 20012 -20013 20022 -20023 20030 -20031 imp:n,p 1
300061 400061 -2.156 20012 -20013 20022 -20023 20031 -20032 imp:n,p 1
300062 400062 -2.156 20012 -20013 20022 -20023 20032 -20033 imp:n,p 1
300063 400063 -2.156 20012 -20013 20022 -20023 20033 -20034 imp:n,p 1
300064 400064 -2.156 20012 -20013 20022 -20023 20034 -20035 imp:n,p 1
300065 400065 -2.156 20013 -20014 20022 -20023 20030 -20031 imp:n,p 1
300066 400066 -2.156 20013 -20014 20022 -20023 20031 -20032 imp:n,p 1
300067 400067 -2.156 20013 -20014 20022 -20023 20032 -20033 imp:n,p 1
300068 400068 -2.156 20013 -20014 20022 -20023 20033 -20034 imp:n,p 1
300069 400069 -2.156 20013 -20014 20022 -20023 20034 -20035 imp:n,p 1
300070 400070 -2.156 20014 -20015 20022 -20023 20030 -20031 imp:n,p 1
300071 400071 -2.156 20014 -20015 20022 -20023 20031 -20032 imp:n,p 1
300072 400072 -2.156 20014 -20015 20022 -20023 20032 -20033 imp:n,p 1
300073 400073 -2.156 20014 -20015 20022 -20023 20033 -20034 imp:n,p 1
300074 400074 -2.156 20014 -20015 20022 -20023 20034 -20035 imp:n,p 1
300075 400075 -2.156 20010 -20011 20023 -20024 20030 -20031 imp:n,p 1
300076 400076 -2.156 20010 -20011 20023 -20024 20031 -20032 imp:n,p 1
300077 400077 -2.156 20010 -20011 20023 -20024 20032 -20033 imp:n,p 1
300078 400078 -2.156 20010 -20011 20023 -20024 20033 -20034 imp:n,p 1
300079 400079 -2.156 20010 -20011 20023 -20024 20034 -20035 imp:n,p 1
300080 400080 -2.156 20011 -20012 20023 -20024 20030 -20031 imp:n,p 1
300081 400081 -2.156 20011 -20012 20023 -20024 20031 -20032 imp:n,p 1
300082 400082 -2.156 20011 -20012 20023 -20024 20032 -20033 imp:n,p 1
300083 400083 -2.156 20011 -20012 20023 -20024 20033 -20034 imp:n,p 1
300084 400084 -2.156 20011 -20012 20023 -20024 20034 -20035 imp:n,p 1
300085 400085 -2.156 20012 -20013 20023 -20024 20030 -20031 imp:n,p 1
300086 400086 -2.156 20012 -20013 20023 -20024 20031 -20032 imp:n,p 1
300087 400087 -2.156 20012 -20013 20023 -20024 20032 -20033 imp:n,p 1
300088 400088 -2.156 20012 -20013 20023 -20024 20033 -20034 imp:n,p 1
300089 400089 -2.156 20012 -20013 20023 -20024 20034 -20035 imp:n,p 1
300090 400090 -2.156 20013 -20014 20023 -20024 20030 -20031 imp:n,p 1
300091 400091 -2.156 20013 -20014 20023 -20024 20031 -20032 imp:n,p 1
300092 400092 -2.156 20013 -20014 20023 -20024 20032 -20033 imp:n,p 1
300093 400093 -2.156 20013 -20014 20023 -20024 20033 -20034 imp:n,p 1
300094 400094 -2.156 20013 -20014 20023 -20024 20034 -20035 imp:n,p 1
300095 400095 -2.156 20014 -20015 20023 -20024 20030 -20031 imp:n,p 1
300096 400096 -2.156 20014 -20015 20023 -20024 20031 -20032 imp:n,p 1
300097 400097 -2.156 20014 -20015 20023 -20024 20032 -20033 imp:n,p 1
300098 400098 -2.156 20014 -20015 20023 -20024 20033 -20034 imp:n,p 1
300099 400099 -2.156 20014 -20015 20023 -20024 20034 -20035 imp:n,p 1
300100 400100 -2.156 20010 -20011 20024 -20025 20030 -20031 imp:n,p 1
300101 400101 -2.156 20010 -20011 20024 -20025 20031 -20032 imp:n,p 1
300102 400102 -2.156 20010 -20011 20024 -20025 20032 -20033 imp:n,p 1
300103 400103 -2.156 20010 -20011 20024 -20025 20033 -20034 imp:n,p 1
300104 400104 -2.156 20010 -20011 20024 -20025 20034 -20035 imp:n,p 1
300105 400105 -2.156 20011 -20012 20024 -20025 20030 -20031 imp:n,p 1
300106 400106 -2.156 20011 -20012 20024 -20025 20031 -20032 imp:n,p 1
300107 400107 -2.156 20011 -20012 20024 -20025 20032 -20033 imp:n,p 1
300108 400108 -2.156 20011 -20012 20024 -20025 20033 -20034 imp:n,p 1
300109 400109 -2.156 20011 -20012 20024 -20025 20034 -20035 imp:n,p 1
300110 400110 -2.156 20012 -20013 20024 -20025 20030 -20031 imp:n,p 1
300111 400111 -2.156 20012 -20013 20024 -20025 20031 -20032 imp:n,p 1
300112 400112 -2.156 20012 -20013 20024 -20025 20032 -20033 imp:n,p 1
300113 400113 -2.156 20012 -20013 20024 -20025 20033 -20034 imp:n,p 1
300114 400114 -2.156 20012 -20013 20024 -20025 20034 -20035 imp:n,p 1
300115 400115 -2.156 20013 -20014 20024 -20025 20030 -20031 imp:n,p 1
300116 400116 -2.156 20013 -20014 20024 -20025 20031 -20032 imp:n,p 1
300117 400117 -2.156 20013 -20014 20024 -20025 20032 -20033 imp:n,p 1
300118 400118 -2.156 20013 -20014 20024 -20025 20033 -20034 imp:n,p 1
300119 400119 -2.156 20013 -20014 20024 -20025 20034 -20035 imp:n,p 1
300120 400120 -2.156 20014 -20015 20024 -20025 20030 -20031 imp:n,p 1
300121 400121 -2.156 20014 -20015 20024 -20025 20031 -20032 imp:n,p 1
300122 400122 -2.156 20014 -20015 20024 -20025 20032 -20033 imp:n,p 1
300123 400123 -2.156 20014 -20015 20024 -20025 20033 -20034 imp:n,p 1
300124 400124 -2.156 20014 -20015 20024 -20025 20034 -20035 imp:n,p 1
c
30 12 -0.00129 -200 #101 #121 #122 #123 #124 #125 #126 #127 #128 #129 #130 #131 #132 #133
        #21 #211 #212 #22 #221 #222 #23 #231 #232 #24 #241 #242 #20 imp:n,p 1 $Rest of the World
31 0 200 imp:n,p 0 $Outside world

c SURFACE CARDS
c
c Sample Volume
20010 px -56.0
20011 px -33.600000000000364
20012 px -11.200000000000728
20013 px 11.200000000000728
20014 px 33.600000000000364
20015 px 56.0
20020 py -45.0
20021 py -27.0
20022 py -9.0
20023 py 9.0
20024 py 27.0
20025 py 45.0
20030 pz 92.0
20031 pz 82.0
20032 pz 72.0
20033 pz 62.0
20034 pz 52.0
20035 pz 42.0
c Active Detector Region
21 rcc 56  -5.0 -1.0   0.0 20.3 0.0   4.5 $Detector 1 Base center, Hx,Hy,Hz, radius
c Shielding Surfaces
c Shielding Pb
31 rpp 19 29 -7.5 7.5 -11 9 $PbPE xmin xmax ymin ymax zmin zmax
32 rpp 9 19 4 9 -11 9 $Pb xmin xmax ymin ymax zmin zmax
33 rpp 9 19 -9 -4 -11 9 $Pb xmin xmax ymin ymax zmin zmax
34 rpp 19 29 7.5 12.5 -11 9 $Pb xmin xmax ymin ymax zmin zmax
35 rpp 19 29 -12.5 -7.5 -11 9 $Pb xmin xmax ymin ymax zmin zmax
36 rpp 29 34 -15 15 -11 9 $Pb xmin xmax ymin ymax zmin zmax
37 rpp 9 19 -4 4 4 9 $Pb xmin xmax ymin ymax zmin zmax
38 rpp -26 26 18 28 -11 9 $BA1 xmin xmax ymin ymax zmin zmax
39 rpp -26 26 -28 -18 -11 9 $BA2 xmin xmax ymin ymax zmin zmax
40 rpp -65 65 -28 28 10 10.5 $Al xmin xmax ymin ymax zmin zmax
401 rpp -27 27 29 34 -11 9 $Fe xmin xmax ymin ymax zmin zmax
402 rpp -27 27 -34 -29 -11 9 $Fe xmin xmax ymin ymax zmin zmax
301 px -20
302 px 18
303 cx 3.71
304 cx 3.81
c Wheels Surfaces
c 23/10.5-12 turf tires, 22.6 lb rubber
c diameter 29cm, tread width 25cm, and sidewall height 13.76 cm
c set thickness of all sides 1.3 cm (s.t. weight is 22.6 lb)
41 rcc -2 77 8   0.0 25 0.0 29 $wheel 1 outer tread surface
42 rcc -2 77 8   0.0 25 0.0 27.7 $wheel 1 inner tread surface
421 rcc -2 75.7 8   0.0 1.3 0.0 29 $wheel 1 outside sidewall exterior
422 rcc -2 75.7 8   0.0 1.3 0.0 15.24 $wheel 1 outside sidewall interior
423 rcc -2 102 8   0.0 1.3 0.0 29 $wheel 1 inside sidewall exterior
424 rcc -2 102 8   0.0 1.3 0.0 15.24 $wheel 1 inside sidewall interior
43 rcc 68 77 8   0.0 25 0.0 29 $wheel 2
44 rcc 68 77 8   0.0 25 0.0 27.7
441 rcc 68 75.7 8   0.0 1.3 0.0 29
442 rcc 68 75.7 8   0.0 1.3 0.0 15.24
443 rcc 68 102 8   0.0 1.3 0.0 29
444 rcc 68 102 8   0.0 1.3 0.0 15.24
45 rcc -2 -77 8   0.0 -25 0.0 29 $wheel 3
46 rcc -2 -77 8   0.0 -25 0.0 27.7
461 rcc -2 -75.7 8   0.0 -1.3 0.0 29
462 rcc -2 -75.7 8   0.0 -1.3 0.0 15.24
463 rcc -2 -102 8   0.0 -1.3 0.0 29
464 rcc -2 -102 8   0.0 -1.3 0.0 15.24
47 rcc 68 -77 8   0.0 -25 0.0 29 $wheel 4
48 rcc 68 -77 8   0.0 -25 0.0 27.7
481 rcc 68 -75.7 8   0.0 -1.3 0.0 29
482 rcc 68 -75.7 8   0.0 -1.3 0.0 15.24
483 rcc 68 -102 8   0.0 -1.3 0.0 29
484 rcc 68 -102 8   0.0 -1.3 0.0 15.24
200 so 800    $sphere of 800cm centered at origin
c

c DATA CARDS
mode n p
c dump every hr
prdmp -60 -60 -1
c 100 keV Neutron Energy Cutoff
Cut:n 1j 0.1
c analog neutron transport
phys:n 1j 14
phys:p
sdef pos=0 0 0 erg=14.0 vec= 0 0 1 dir=d1
si1  -1 .93 1
sp1   0  0.0  1.0
c ********************
c begin material cards
c ********************
c Pure Carbon
c ****************************************
m400000 6000 -0.00011544395093819733 7000 -0.00011544395093819733 14000 -0.9997691120981237 
m400001 6000 -0.0014228174857054312 7000 -0.0014228174857054312 14000 -0.9971543650285891 
m400002 6000 -0.0037051205904536015 7000 -0.0037051205904536015 14000 -0.9925897588190928 
m400003 6000 -0.005668153730568289 7000 -0.005668153730568289 14000 -0.9886636925388634 
m400004 6000 -0.006440807732439558 7000 -0.006440807732439558 14000 -0.987118384535121 
m400005 6000 -0.00011631256335008761 7000 -0.00011631256335008761 14000 -0.9997673748732998 
m400006 6000 -0.0019062788800953768 7000 -0.0019062788800953768 14000 -0.9961874422398093 
m400007 6000 -0.0038809277169886847 7000 -0.0038809277169886847 14000 -0.992238144566023 
m400008 6000 -0.0056274456802271455 7000 -0.0056274456802271455 14000 -0.9887451086395457 
m400009 6000 -0.006361314860473846 7000 -0.006361314860473846 14000 -0.9872773702790524 
m400010 6000 -0.00012206899916244305 7000 -0.00012206899916244305 14000 -0.999755862001675 
m400011 6000 -0.0015213779160788688 7000 -0.0015213779160788688 14000 -0.996957244167842 
m400012 6000 -0.004063456498592544 7000 -0.004063456498592544 14000 -0.9918730870028151 
m400013 6000 -0.00581898901597904 7000 -0.00581898901597904 14000 -0.9883620219680417 
m400014 6000 -0.006379762267779251 7000 -0.006379762267779251 14000 -0.9872404754644417 
m400015 6000 -0.0001346410167030757 7000 -0.0001346410167030757 14000 -0.999730717966594 
m400016 6000 -0.00164491296291049 7000 -0.00164491296291049 14000 -0.9967101740741792 
m400017 6000 -0.004119116208652179 7000 -0.004119116208652179 14000 -0.9917617675826952 
m400018 6000 -0.005856219419818617 7000 -0.005856219419818617 14000 -0.9882875611603633 
m400019 6000 -0.006379008128995305 7000 -0.006379008128995305 14000 -0.9872419837420096 
m400020 6000 -0.00011578158457917465 7000 -0.00011578158457917465 14000 -0.9997684368308417 
m400021 6000 -0.0011340923427478494 7000 -0.0011340923427478494 14000 -0.9977318153145045 
m400022 6000 -0.0038195710938096193 7000 -0.0038195710938096193 14000 -0.9923608578123804 
m400023 6000 -0.005967767863040434 7000 -0.005967767863040434 14000 -0.9880644642739188 
m400024 6000 -0.0063732466122296706 7000 -0.0063732466122296706 14000 -0.987253506775541 
m400025 6000 -7.00121062715649e-05 7000 -7.00121062715649e-05 14000 -0.9998599757874567 
m400026 6000 -0.0013286848004975937 7000 -0.0013286848004975937 14000 -0.9973426303990052 
m400027 6000 -0.004161060765156055 7000 -0.004161060765156055 14000 -0.9916778784696882 
m400028 6000 -0.005597877130249611 7000 -0.005597877130249611 14000 -0.9888042457395011 
m400029 6000 -0.006349684566476451 7000 -0.006349684566476451 14000 -0.9873006308670472 
m400030 6000 -0.00015355088238716208 7000 -0.00015355088238716208 14000 -0.9996928982352256 
m400031 6000 -0.0014971473067918425 7000 -0.0014971473067918425 14000 -0.9970057053864163 
m400032 6000 -0.0038728405322344408 7000 -0.0038728405322344408 14000 -0.9922543189355314 
m400033 6000 -0.0057601355319636584 7000 -0.0057601355319636584 14000 -0.9884797289360725 
m400034 6000 -0.006372432529211236 7000 -0.006372432529211236 14000 -0.9872551349415777 
m400035 6000 -4.612901956694967e-05 7000 -4.612901956694967e-05 14000 -0.9999077419608662 
m400036 6000 -0.0016878226118315206 7000 -0.0016878226118315206 14000 -0.9966243547763369 
m400037 6000 -0.004247419817819655 7000 -0.004247419817819655 14000 -0.9915051603643604 
m400038 6000 -0.00580852079220236 7000 -0.00580852079220236 14000 -0.9883829584155954 
m400039 6000 -0.0063399890773507776 7000 -0.0063399890773507776 14000 -0.9873200218452982 
m400040 6000 -0.00014585442297323557 7000 -0.00014585442297323557 14000 -0.9997082911540537 
m400041 6000 -0.001582959107552321 7000 -0.001582959107552321 14000 -0.9968340817848954 
m400042 6000 -0.0038978353488385055 7000 -0.0038978353488385055 14000 -0.9922043293023229 
m400043 6000 -0.0055666773432838 7000 -0.0055666773432838 14000 -0.9888666453134323 
m400044 6000 -0.006374926991208679 7000 -0.006374926991208679 14000 -0.9872501460175828 
m400045 6000 -4.5173668834641685e-05 7000 -4.5173668834641685e-05 14000 -0.9999096526623308 
m400046 6000 -0.0015377288573454732 7000 -0.0015377288573454732 14000 -0.9969245422853089 
m400047 6000 -0.0044729164970252495 7000 -0.0044729164970252495 14000 -0.9910541670059494 
m400048 6000 -0.005941155715435052 7000 -0.005941155715435052 14000 -0.9881176885691297 
m400049 6000 -0.006345433987411461 7000 -0.006345433987411461 14000 -0.9873091320251771 
m400050 6000 -0.0001134980383287714 7000 -0.0001134980383287714 14000 -0.9997730039233425 
m400051 6000 -0.0014356011634136909 7000 -0.0014356011634136909 14000 -0.9971287976731724 
m400052 6000 -0.004146213624081601 7000 -0.004146213624081601 14000 -0.9917075727518369 
m400053 6000 -0.005816813450887994 7000 -0.005816813450887994 14000 -0.9883663730982238 
m400054 6000 -0.0063093845830263185 7000 -0.0063093845830263185 14000 -0.9873812308339474 
m400055 6000 -7.801917364807401e-05 7000 -7.801917364807401e-05 14000 -0.9998439616527038 
m400056 6000 -0.001613604803772066 7000 -0.001613604803772066 14000 -0.9967727903924559 
m400057 6000 -0.003946233787727999 7000 -0.003946233787727999 14000 -0.9921075324245442 
m400058 6000 -0.0056210914724552415 7000 -0.0056210914724552415 14000 -0.9887578170550897 
m400059 6000 -0.0063394687561532815 7000 -0.0063394687561532815 14000 -0.9873210624876936 
m400060 6000 -0.00011471157300042058 7000 -0.00011471157300042058 14000 -0.9997705768539992 
m400061 6000 -0.001521780392941287 7000 -0.001521780392941287 14000 -0.9969564392141175 
m400062 6000 -0.004109943078692324 7000 -0.004109943078692324 14000 -0.9917801138426153 
m400063 6000 -0.005980732767631871 7000 -0.005980732767631871 14000 -0.9880385344647364 
m400064 6000 -0.0063389531835623845 7000 -0.0063389531835623845 14000 -0.9873220936328753 
m400065 6000 -8.603719615976397e-05 7000 -8.603719615976397e-05 14000 -0.9998279256076803 
m400066 6000 -0.0019510388663076105 7000 -0.0019510388663076105 14000 -0.9960979222673848 
m400067 6000 -0.004055130757304916 7000 -0.004055130757304916 14000 -0.9918897384853897 
m400068 6000 -0.005849623194872108 7000 -0.005849623194872108 14000 -0.9883007536102554 
m400069 6000 -0.006371479301394926 7000 -0.006371479301394926 14000 -0.9872570413972102 
m400070 6000 -0.00013565392600897936 7000 -0.00013565392600897936 14000 -0.9997286921479822 
m400071 6000 -0.0014317268742741432 7000 -0.0014317268742741432 14000 -0.9971365462514516 
m400072 6000 -0.0040341643229735765 7000 -0.0040341643229735765 14000 -0.9919316713540529 
m400073 6000 -0.005751791491644633 7000 -0.005751791491644633 14000 -0.9884964170167104 
m400074 6000 -0.006328463964299967 7000 -0.006328463964299967 14000 -0.9873430720714004 
m400075 6000 -0.00012304024743613776 7000 -0.00012304024743613776 14000 -0.9997539195051277 
m400076 6000 -0.001943347274589517 7000 -0.001943347274589517 14000 -0.9961133054508212 
m400077 6000 -0.0038787462400616023 7000 -0.0038787462400616023 14000 -0.992242507519877 
m400078 6000 -0.005703389393192585 7000 -0.005703389393192585 14000 -0.9885932212136146 
m400079 6000 -0.0063632604931265465 7000 -0.0063632604931265465 14000 -0.9872734790137468 
m400080 6000 -0.00012551670084621618 7000 -0.00012551670084621618 14000 -0.9997489665983076 
m400081 6000 -0.0015113754993651598 7000 -0.0015113754993651598 14000 -0.9969772490012696 
m400082 6000 -0.003985813701205484 7000 -0.003985813701205484 14000 -0.9920283725975888 
m400083 6000 -0.005943781743274482 7000 -0.005943781743274482 14000 -0.9881124365134509 
m400084 6000 -0.00637372782126292 7000 -0.00637372782126292 14000 -0.9872525443574743 
m400085 6000 -0.00019583961401396343 7000 -0.00019583961401396343 14000 -0.9996083207719723 
m400086 6000 -0.0016318398449537942 7000 -0.0016318398449537942 14000 -0.9967363203100922 
m400087 6000 -0.00400090940757868 7000 -0.00400090940757868 14000 -0.9919981811848427 
m400088 6000 -0.005905691758193309 7000 -0.005905691758193309 14000 -0.9881886164836133 
m400089 6000 -0.006418836415989341 7000 -0.006418836415989341 14000 -0.9871623271680211 
m400090 6000 -6.61282820583707e-05 7000 -6.61282820583707e-05 14000 -0.9998677434358832 
m400091 6000 -0.0015536255373092697 7000 -0.0015536255373092697 14000 -0.9968927489253814 
m400092 6000 -0.004182021645628934 7000 -0.004182021645628934 14000 -0.9916359567087418 
m400093 6000 -0.0056631234702422305 7000 -0.0056631234702422305 14000 -0.9886737530595155 
m400094 6000 -0.00638901871440756 7000 -0.00638901871440756 14000 -0.9872219625711846 
m400095 6000 -2.7796461733697422e-05 7000 -2.7796461733697422e-05 14000 -0.9999444070765325 
m400096 6000 -0.0013862568996249446 7000 -0.0013862568996249446 14000 -0.9972274862007501 
m400097 6000 -0.004046952190006073 7000 -0.004046952190006073 14000 -0.9919060956199881 
m400098 6000 -0.005823229759254945 7000 -0.005823229759254945 14000 -0.9883535404814903 
m400099 6000 -0.006369114456391302 7000 -0.006369114456391302 14000 -0.9872617710872176 
m400100 6000 -8.832158696044896e-05 7000 -8.832158696044896e-05 14000 -0.9998233568260793 
m400101 6000 -0.0018514459038554477 7000 -0.0018514459038554477 14000 -0.996297108192289 
m400102 6000 -0.004061605730273669 7000 -0.004061605730273669 14000 -0.9918767885394526 
m400103 6000 -0.005752058671215138 7000 -0.005752058671215138 14000 -0.9884958826575699 
m400104 6000 -0.00633788377717826 7000 -0.00633788377717826 14000 -0.9873242324456436 
m400105 6000 -0.00014397488891983976 7000 -0.00014397488891983976 14000 -0.9997120502221607 
m400106 6000 -0.0016664335607935155 7000 -0.0016664335607935155 14000 -0.9966671328784128 
m400107 6000 -0.004117408618893403 7000 -0.004117408618893403 14000 -0.9917651827622135 
m400108 6000 -0.005734880844079615 7000 -0.005734880844079615 14000 -0.9885302383118408 
m400109 6000 -0.006375907650609681 7000 -0.006375907650609681 14000 -0.9872481846987806 
m400110 6000 -8.609874774399883e-05 7000 -8.609874774399883e-05 14000 -0.999827802504512 
m400111 6000 -0.0017158246707711618 7000 -0.0017158246707711618 14000 -0.9965683506584582 
m400112 6000 -0.003805332574516532 7000 -0.003805332574516532 14000 -0.9923893348509668 
m400113 6000 -0.005594804876476941 7000 -0.005594804876476941 14000 -0.9888103902470465 
m400114 6000 -0.0063948387976148855 7000 -0.0063948387976148855 14000 -0.9872103224047701 
m400115 6000 -0.00016838605092509015 7000 -0.00016838605092509015 14000 -0.99966322789815 
m400116 6000 -0.0014823395008475607 7000 -0.0014823395008475607 14000 -0.9970353209983052 
m400117 6000 -0.003943280169293989 7000 -0.003943280169293989 14000 -0.9921134396614122 
m400118 6000 -0.005982799777112877 7000 -0.005982799777112877 14000 -0.9880344004457743 
m400119 6000 -0.006357777123390912 7000 -0.006357777123390912 14000 -0.9872844457532182 
m400120 6000 -0.00013130742551817958 7000 -0.00013130742551817958 14000 -0.9997373851489637 
m400121 6000 -0.0016671480998910638 7000 -0.0016671480998910638 14000 -0.9966657038002179 
m400122 6000 -0.0037228915722951313 7000 -0.0037228915722951313 14000 -0.9925542168554096 
m400123 6000 -0.005891301953861062 7000 -0.005891301953861062 14000 -0.9882173960922774 
m400124 6000 -0.00636113788038862 7000 -0.00636113788038862 14000 -0.9872777242392229 
c **********************************
c PE+Pb, dens=4.78 g/cm3
m2      6000    -0.04286 $Carbon
        1001    -0.00714 $Hydrogen
        82000   -0.95000 $Lead
c **********************************
m3    1001 -0.048535 $Boric acid
      5010 -0.034981
      5011 -0.139923
      8016 -0.776561
c **********************************
m4    82000 1 $Lead
c **********************************
m5 26000 1 $Iron
c **********************************
m6     13027   -1.000 $ Aluminum
c **********************************
c  SS-304 (8.00 g/cm3), #298 in PNNL Compendium
m7   006000.50c -0.0004000
     014000.60c -0.0050000
     015031.50c -0.0002300
     016000.60c -0.0001500
     024000.50c -0.1899981
     025055.60c -0.0099999
     026000.50c -0.7017229
     028000.50c -0.0924991
c ****************************************
c       LaBr detector
c ****************************************
m8       35079    -0.2946       $ Br79
         35081    -0.3069       $ Br81
         57139    -0.3485       $ La139
         58140    -0.0500       $ Ce140
c ************ air den=1.15e-3g/cc
m12     8016 -0.23
        7014 -0.77
c ************ Rubber Natural den=0.92 g/cc
m13     1001 -0.118371  $weight fraction
        6000 -0.881629
c
c end material cards
c
rand seed=8674536546524321 $different initial random #; seed# - any less 18 digits
c
c ********** begin tallies *********************
fc78 *********Broadened Pulse Height Tally Sum of Detectors 1,2 & 3 ***********
e78 0 1e-5 932i 8.4295
F78:p (101)
FT78 GEB -0.026198 0.059551 -0.037176
fc18 *********Unbroadened Pulse Height Tally Sum of Detectors 1,2 & 3 ***********
e18 0 1e-5 932i 8.4295
F18:p (101)
c ***********************************
c mplot tal 78 freq 10000
nps 1e9
