c CAS DETECTOR
c w/ Shielding in Place and Wheels
c
c CELL CARDS
c
c @@@@@@@@@@ Detectors @@@@@@@@@@@@@@@@@
c
101 8 -5.08 -21 imp:n,p 1 $LaBr Detector #1 Active Region
c
c @@@@@@@@@ Shielding @@@@@@@@@@@@@@@@@
c
121 2 -4.78 -31 imp:n,p 1 $PE_Pb
122 4 -11.29 -32 imp:n,p 1 $Pb1
123 4 -11.29 -33 imp:n,p 1 $Pb2
124 4 -11.29 -34 imp:n,p 1 $Pb3
125 4 -11.29 -35 imp:n,p 1 $Pb4
126 4 -11.29 -36 imp:n,p 1 $Pb5
127 4 -11.29 -37 imp:n,p 1 $Pb6
128 3 -1.5 -38 imp:n,p 1 $BA1
129 3 -1.5 -39 imp:n,p 1 $BA2
130 6 -2.7 -40 imp:n,p 1 $Al
131 7 -7.92 301 -302 303 -304 imp:n,p 1 $Fe-tube
132 5 -7.8 -401 imp:n,p 1 $Fe
133 5 -7.8 -402 imp:n,p 1 $Fe
c @@@@@@@@@@ Wheels @@@@@@@@@@@@@@@@@
c
21 13 -0.92 -41 42 imp:n,p 1 $Wheel 1
211 13 -0.92 -421 422 imp:n,p 1 $Wheel 1
212 13 -0.92 -423 424 imp:n,p 1 $Wheel 1
22 13 -0.92 -43 44 imp:n,p 1 $Wheel 2
221 13 -0.92 -441 442 imp:n,p 1 $Wheel 2
222 13 -0.92 -443 444 imp:n,p 1 $Wheel 2
23 13 -0.92 -45 46 imp:n,p 1 $Wheel 3
231 13 -0.92 -461 462 imp:n,p 1 $Wheel 3
232 13 -0.92 -463 464 imp:n,p 1 $Wheel 3
24 13 -0.92 -47 48 imp:n,p 1 $Wheel 4
241 13 -0.92 -481 482 imp:n,p 1 $Wheel 4
242 13 -0.92 -483 484 imp:n,p 1 $Wheel 4
c
c @@@@@@@@@@ SOIL VOLUME @@@@@@@@@@@
c
300000 400000 -2.156 20010 -20011 20020 -20021 20030 -20031 imp:n,p 1
300001 400001 -2.156 20010 -20011 20020 -20021 20031 -20032 imp:n,p 1
300002 400002 -2.156 20010 -20011 20020 -20021 20032 -20033 imp:n,p 1
300003 400003 -2.156 20010 -20011 20020 -20021 20033 -20034 imp:n,p 1
300004 400004 -2.156 20010 -20011 20020 -20021 20034 -20035 imp:n,p 1
300005 400005 -2.156 20011 -20012 20020 -20021 20030 -20031 imp:n,p 1
300006 400006 -2.156 20011 -20012 20020 -20021 20031 -20032 imp:n,p 1
300007 400007 -2.156 20011 -20012 20020 -20021 20032 -20033 imp:n,p 1
300008 400008 -2.156 20011 -20012 20020 -20021 20033 -20034 imp:n,p 1
300009 400009 -2.156 20011 -20012 20020 -20021 20034 -20035 imp:n,p 1
300010 400010 -2.156 20012 -20013 20020 -20021 20030 -20031 imp:n,p 1
300011 400011 -2.156 20012 -20013 20020 -20021 20031 -20032 imp:n,p 1
300012 400012 -2.156 20012 -20013 20020 -20021 20032 -20033 imp:n,p 1
300013 400013 -2.156 20012 -20013 20020 -20021 20033 -20034 imp:n,p 1
300014 400014 -2.156 20012 -20013 20020 -20021 20034 -20035 imp:n,p 1
300015 400015 -2.156 20013 -20014 20020 -20021 20030 -20031 imp:n,p 1
300016 400016 -2.156 20013 -20014 20020 -20021 20031 -20032 imp:n,p 1
300017 400017 -2.156 20013 -20014 20020 -20021 20032 -20033 imp:n,p 1
300018 400018 -2.156 20013 -20014 20020 -20021 20033 -20034 imp:n,p 1
300019 400019 -2.156 20013 -20014 20020 -20021 20034 -20035 imp:n,p 1
300020 400020 -2.156 20014 -20015 20020 -20021 20030 -20031 imp:n,p 1
300021 400021 -2.156 20014 -20015 20020 -20021 20031 -20032 imp:n,p 1
300022 400022 -2.156 20014 -20015 20020 -20021 20032 -20033 imp:n,p 1
300023 400023 -2.156 20014 -20015 20020 -20021 20033 -20034 imp:n,p 1
300024 400024 -2.156 20014 -20015 20020 -20021 20034 -20035 imp:n,p 1
300025 400025 -2.156 20010 -20011 20021 -20022 20030 -20031 imp:n,p 1
300026 400026 -2.156 20010 -20011 20021 -20022 20031 -20032 imp:n,p 1
300027 400027 -2.156 20010 -20011 20021 -20022 20032 -20033 imp:n,p 1
300028 400028 -2.156 20010 -20011 20021 -20022 20033 -20034 imp:n,p 1
300029 400029 -2.156 20010 -20011 20021 -20022 20034 -20035 imp:n,p 1
300030 400030 -2.156 20011 -20012 20021 -20022 20030 -20031 imp:n,p 1
300031 400031 -2.156 20011 -20012 20021 -20022 20031 -20032 imp:n,p 1
300032 400032 -2.156 20011 -20012 20021 -20022 20032 -20033 imp:n,p 1
300033 400033 -2.156 20011 -20012 20021 -20022 20033 -20034 imp:n,p 1
300034 400034 -2.156 20011 -20012 20021 -20022 20034 -20035 imp:n,p 1
300035 400035 -2.156 20012 -20013 20021 -20022 20030 -20031 imp:n,p 1
300036 400036 -2.156 20012 -20013 20021 -20022 20031 -20032 imp:n,p 1
300037 400037 -2.156 20012 -20013 20021 -20022 20032 -20033 imp:n,p 1
300038 400038 -2.156 20012 -20013 20021 -20022 20033 -20034 imp:n,p 1
300039 400039 -2.156 20012 -20013 20021 -20022 20034 -20035 imp:n,p 1
300040 400040 -2.156 20013 -20014 20021 -20022 20030 -20031 imp:n,p 1
300041 400041 -2.156 20013 -20014 20021 -20022 20031 -20032 imp:n,p 1
300042 400042 -2.156 20013 -20014 20021 -20022 20032 -20033 imp:n,p 1
300043 400043 -2.156 20013 -20014 20021 -20022 20033 -20034 imp:n,p 1
300044 400044 -2.156 20013 -20014 20021 -20022 20034 -20035 imp:n,p 1
300045 400045 -2.156 20014 -20015 20021 -20022 20030 -20031 imp:n,p 1
300046 400046 -2.156 20014 -20015 20021 -20022 20031 -20032 imp:n,p 1
300047 400047 -2.156 20014 -20015 20021 -20022 20032 -20033 imp:n,p 1
300048 400048 -2.156 20014 -20015 20021 -20022 20033 -20034 imp:n,p 1
300049 400049 -2.156 20014 -20015 20021 -20022 20034 -20035 imp:n,p 1
300050 400050 -2.156 20010 -20011 20022 -20023 20030 -20031 imp:n,p 1
300051 400051 -2.156 20010 -20011 20022 -20023 20031 -20032 imp:n,p 1
300052 400052 -2.156 20010 -20011 20022 -20023 20032 -20033 imp:n,p 1
300053 400053 -2.156 20010 -20011 20022 -20023 20033 -20034 imp:n,p 1
300054 400054 -2.156 20010 -20011 20022 -20023 20034 -20035 imp:n,p 1
300055 400055 -2.156 20011 -20012 20022 -20023 20030 -20031 imp:n,p 1
300056 400056 -2.156 20011 -20012 20022 -20023 20031 -20032 imp:n,p 1
300057 400057 -2.156 20011 -20012 20022 -20023 20032 -20033 imp:n,p 1
300058 400058 -2.156 20011 -20012 20022 -20023 20033 -20034 imp:n,p 1
300059 400059 -2.156 20011 -20012 20022 -20023 20034 -20035 imp:n,p 1
300060 400060 -2.156 20012 -20013 20022 -20023 20030 -20031 imp:n,p 1
300061 400061 -2.156 20012 -20013 20022 -20023 20031 -20032 imp:n,p 1
300062 400062 -2.156 20012 -20013 20022 -20023 20032 -20033 imp:n,p 1
300063 400063 -2.156 20012 -20013 20022 -20023 20033 -20034 imp:n,p 1
300064 400064 -2.156 20012 -20013 20022 -20023 20034 -20035 imp:n,p 1
300065 400065 -2.156 20013 -20014 20022 -20023 20030 -20031 imp:n,p 1
300066 400066 -2.156 20013 -20014 20022 -20023 20031 -20032 imp:n,p 1
300067 400067 -2.156 20013 -20014 20022 -20023 20032 -20033 imp:n,p 1
300068 400068 -2.156 20013 -20014 20022 -20023 20033 -20034 imp:n,p 1
300069 400069 -2.156 20013 -20014 20022 -20023 20034 -20035 imp:n,p 1
300070 400070 -2.156 20014 -20015 20022 -20023 20030 -20031 imp:n,p 1
300071 400071 -2.156 20014 -20015 20022 -20023 20031 -20032 imp:n,p 1
300072 400072 -2.156 20014 -20015 20022 -20023 20032 -20033 imp:n,p 1
300073 400073 -2.156 20014 -20015 20022 -20023 20033 -20034 imp:n,p 1
300074 400074 -2.156 20014 -20015 20022 -20023 20034 -20035 imp:n,p 1
300075 400075 -2.156 20010 -20011 20023 -20024 20030 -20031 imp:n,p 1
300076 400076 -2.156 20010 -20011 20023 -20024 20031 -20032 imp:n,p 1
300077 400077 -2.156 20010 -20011 20023 -20024 20032 -20033 imp:n,p 1
300078 400078 -2.156 20010 -20011 20023 -20024 20033 -20034 imp:n,p 1
300079 400079 -2.156 20010 -20011 20023 -20024 20034 -20035 imp:n,p 1
300080 400080 -2.156 20011 -20012 20023 -20024 20030 -20031 imp:n,p 1
300081 400081 -2.156 20011 -20012 20023 -20024 20031 -20032 imp:n,p 1
300082 400082 -2.156 20011 -20012 20023 -20024 20032 -20033 imp:n,p 1
300083 400083 -2.156 20011 -20012 20023 -20024 20033 -20034 imp:n,p 1
300084 400084 -2.156 20011 -20012 20023 -20024 20034 -20035 imp:n,p 1
300085 400085 -2.156 20012 -20013 20023 -20024 20030 -20031 imp:n,p 1
300086 400086 -2.156 20012 -20013 20023 -20024 20031 -20032 imp:n,p 1
300087 400087 -2.156 20012 -20013 20023 -20024 20032 -20033 imp:n,p 1
300088 400088 -2.156 20012 -20013 20023 -20024 20033 -20034 imp:n,p 1
300089 400089 -2.156 20012 -20013 20023 -20024 20034 -20035 imp:n,p 1
300090 400090 -2.156 20013 -20014 20023 -20024 20030 -20031 imp:n,p 1
300091 400091 -2.156 20013 -20014 20023 -20024 20031 -20032 imp:n,p 1
300092 400092 -2.156 20013 -20014 20023 -20024 20032 -20033 imp:n,p 1
300093 400093 -2.156 20013 -20014 20023 -20024 20033 -20034 imp:n,p 1
300094 400094 -2.156 20013 -20014 20023 -20024 20034 -20035 imp:n,p 1
300095 400095 -2.156 20014 -20015 20023 -20024 20030 -20031 imp:n,p 1
300096 400096 -2.156 20014 -20015 20023 -20024 20031 -20032 imp:n,p 1
300097 400097 -2.156 20014 -20015 20023 -20024 20032 -20033 imp:n,p 1
300098 400098 -2.156 20014 -20015 20023 -20024 20033 -20034 imp:n,p 1
300099 400099 -2.156 20014 -20015 20023 -20024 20034 -20035 imp:n,p 1
300100 400100 -2.156 20010 -20011 20024 -20025 20030 -20031 imp:n,p 1
300101 400101 -2.156 20010 -20011 20024 -20025 20031 -20032 imp:n,p 1
300102 400102 -2.156 20010 -20011 20024 -20025 20032 -20033 imp:n,p 1
300103 400103 -2.156 20010 -20011 20024 -20025 20033 -20034 imp:n,p 1
300104 400104 -2.156 20010 -20011 20024 -20025 20034 -20035 imp:n,p 1
300105 400105 -2.156 20011 -20012 20024 -20025 20030 -20031 imp:n,p 1
300106 400106 -2.156 20011 -20012 20024 -20025 20031 -20032 imp:n,p 1
300107 400107 -2.156 20011 -20012 20024 -20025 20032 -20033 imp:n,p 1
300108 400108 -2.156 20011 -20012 20024 -20025 20033 -20034 imp:n,p 1
300109 400109 -2.156 20011 -20012 20024 -20025 20034 -20035 imp:n,p 1
300110 400110 -2.156 20012 -20013 20024 -20025 20030 -20031 imp:n,p 1
300111 400111 -2.156 20012 -20013 20024 -20025 20031 -20032 imp:n,p 1
300112 400112 -2.156 20012 -20013 20024 -20025 20032 -20033 imp:n,p 1
300113 400113 -2.156 20012 -20013 20024 -20025 20033 -20034 imp:n,p 1
300114 400114 -2.156 20012 -20013 20024 -20025 20034 -20035 imp:n,p 1
300115 400115 -2.156 20013 -20014 20024 -20025 20030 -20031 imp:n,p 1
300116 400116 -2.156 20013 -20014 20024 -20025 20031 -20032 imp:n,p 1
300117 400117 -2.156 20013 -20014 20024 -20025 20032 -20033 imp:n,p 1
300118 400118 -2.156 20013 -20014 20024 -20025 20033 -20034 imp:n,p 1
300119 400119 -2.156 20013 -20014 20024 -20025 20034 -20035 imp:n,p 1
300120 400120 -2.156 20014 -20015 20024 -20025 20030 -20031 imp:n,p 1
300121 400121 -2.156 20014 -20015 20024 -20025 20031 -20032 imp:n,p 1
300122 400122 -2.156 20014 -20015 20024 -20025 20032 -20033 imp:n,p 1
300123 400123 -2.156 20014 -20015 20024 -20025 20033 -20034 imp:n,p 1
300124 400124 -2.156 20014 -20015 20024 -20025 20034 -20035 imp:n,p 1
c
30 12 -0.00129 -200 #101 #121 #122 #123 #124 #125 #126 #127 #128 #129 #130 #131 #132 #133
        #21 #211 #212 #22 #221 #222 #23 #231 #232 #24 #241 #242 #20 imp:n,p 1 $Rest of the World
31 0 200 imp:n,p 0 $Outside world

c SURFACE CARDS
c
c Sample Volume
20010 px -56.0
20011 px -33.600000000000364
20012 px -11.199999999999818
20013 px 11.199999999999818
20014 px 33.600000000000364
20015 px 56.0
20020 py -45.0
20021 py -27.0
20022 py -9.0
20023 py 9.0
20024 py 27.0
20025 py 45.0
20030 pz 92.0
20031 pz 82.0
20032 pz 72.0
20033 pz 62.0
20034 pz 52.0
20035 pz 42.0
c Active Detector Region
21 rcc 56  -5.0 -1.0   0.0 20.3 0.0   4.5 $Detector 1 Base center, Hx,Hy,Hz, radius
c Shielding Surfaces
c Shielding Pb
31 rpp 19 29 -7.5 7.5 -11 9 $PbPE xmin xmax ymin ymax zmin zmax
32 rpp 9 19 4 9 -11 9 $Pb xmin xmax ymin ymax zmin zmax
33 rpp 9 19 -9 -4 -11 9 $Pb xmin xmax ymin ymax zmin zmax
34 rpp 19 29 7.5 12.5 -11 9 $Pb xmin xmax ymin ymax zmin zmax
35 rpp 19 29 -12.5 -7.5 -11 9 $Pb xmin xmax ymin ymax zmin zmax
36 rpp 29 34 -15 15 -11 9 $Pb xmin xmax ymin ymax zmin zmax
37 rpp 9 19 -4 4 4 9 $Pb xmin xmax ymin ymax zmin zmax
38 rpp -26 26 18 28 -11 9 $BA1 xmin xmax ymin ymax zmin zmax
39 rpp -26 26 -28 -18 -11 9 $BA2 xmin xmax ymin ymax zmin zmax
40 rpp -65 65 -28 28 10 10.5 $Al xmin xmax ymin ymax zmin zmax
401 rpp -27 27 29 34 -11 9 $Fe xmin xmax ymin ymax zmin zmax
402 rpp -27 27 -34 -29 -11 9 $Fe xmin xmax ymin ymax zmin zmax
301 px -20
302 px 18
303 cx 3.71
304 cx 3.81
c Wheels Surfaces
c 23/10.5-12 turf tires, 22.6 lb rubber
c diameter 29cm, tread width 25cm, and sidewall height 13.76 cm
c set thickness of all sides 1.3 cm (s.t. weight is 22.6 lb)
41 rcc -2 77 8   0.0 25 0.0 29 $wheel 1 outer tread surface
42 rcc -2 77 8   0.0 25 0.0 27.7 $wheel 1 inner tread surface
421 rcc -2 75.7 8   0.0 1.3 0.0 29 $wheel 1 outside sidewall exterior
422 rcc -2 75.7 8   0.0 1.3 0.0 15.24 $wheel 1 outside sidewall interior
423 rcc -2 102 8   0.0 1.3 0.0 29 $wheel 1 inside sidewall exterior
424 rcc -2 102 8   0.0 1.3 0.0 15.24 $wheel 1 inside sidewall interior
43 rcc 68 77 8   0.0 25 0.0 29 $wheel 2
44 rcc 68 77 8   0.0 25 0.0 27.7
441 rcc 68 75.7 8   0.0 1.3 0.0 29
442 rcc 68 75.7 8   0.0 1.3 0.0 15.24
443 rcc 68 102 8   0.0 1.3 0.0 29
444 rcc 68 102 8   0.0 1.3 0.0 15.24
45 rcc -2 -77 8   0.0 -25 0.0 29 $wheel 3
46 rcc -2 -77 8   0.0 -25 0.0 27.7
461 rcc -2 -75.7 8   0.0 -1.3 0.0 29
462 rcc -2 -75.7 8   0.0 -1.3 0.0 15.24
463 rcc -2 -102 8   0.0 -1.3 0.0 29
464 rcc -2 -102 8   0.0 -1.3 0.0 15.24
47 rcc 68 -77 8   0.0 -25 0.0 29 $wheel 4
48 rcc 68 -77 8   0.0 -25 0.0 27.7
481 rcc 68 -75.7 8   0.0 -1.3 0.0 29
482 rcc 68 -75.7 8   0.0 -1.3 0.0 15.24
483 rcc 68 -102 8   0.0 -1.3 0.0 29
484 rcc 68 -102 8   0.0 -1.3 0.0 15.24
200 so 800    $sphere of 800cm centered at origin
c

c DATA CARDS
mode n p
c dump every hr
prdmp -60 -60 -1
c 100 keV Neutron Energy Cutoff
Cut:n 1j 0.1
c analog neutron transport
phys:n 1j 14
phys:p
sdef pos=0 0 0 erg=14.0 vec= 0 0 1 dir=d1
si1  -1 .93 1
sp1   0  0.0  1.0
c ********************
c begin material cards
c ********************
c Pure Carbon
c ****************************************
m400000 6000 -0.00012468100962662797 7000 -0.00012468100962662797 14000 -0.9997506379807468 
m400001 6000 -0.0019271578473177998 7000 -0.0019271578473177998 14000 -0.9961456843053647 
m400002 6000 -0.004504133003824151 7000 -0.004504133003824151 14000 -0.9909917339923519 
m400003 6000 -0.00574692922648441 7000 -0.00574692922648441 14000 -0.9885061415470311 
m400004 6000 -0.006458310759807244 7000 -0.006458310759807244 14000 -0.987083378480386 
m400005 6000 -0.00011196697737609994 7000 -0.00011196697737609994 14000 -0.9997760660452478 
m400006 6000 -0.0015616890698376376 7000 -0.0015616890698376376 14000 -0.9968766218603247 
m400007 6000 -0.004163640866978929 7000 -0.004163640866978929 14000 -0.9916727182660421 
m400008 6000 -0.005874795460209125 7000 -0.005874795460209125 14000 -0.9882504090795817 
m400009 6000 -0.0064747333692103315 7000 -0.0064747333692103315 14000 -0.9870505332615793 
m400010 6000 -0.0002404041190932833 7000 -0.0002404041190932833 14000 -0.9995191917618135 
m400011 6000 -0.0016094059187479195 7000 -0.0016094059187479195 14000 -0.996781188162504 
m400012 6000 -0.004342683293574229 7000 -0.004342683293574229 14000 -0.9913146334128515 
m400013 6000 -0.005919579481402945 7000 -0.005919579481402945 14000 -0.9881608410371941 
m400014 6000 -0.006439232019302824 7000 -0.006439232019302824 14000 -0.9871215359613944 
m400015 6000 -0.0001546969021957508 7000 -0.0001546969021957508 14000 -0.9996906061956085 
m400016 6000 -0.0013519995951589681 7000 -0.0013519995951589681 14000 -0.9972960008096823 
m400017 6000 -0.004157531522914828 7000 -0.004157531522914828 14000 -0.9916849369541704 
m400018 6000 -0.005806259851709682 7000 -0.005806259851709682 14000 -0.988387480296581 
m400019 6000 -0.00647758562261658 7000 -0.00647758562261658 14000 -0.9870448287547667 
m400020 6000 -0.0002103604237351843 7000 -0.0002103604237351843 14000 -0.9995792791525298 
m400021 6000 -0.0017223851177910604 7000 -0.0017223851177910604 14000 -0.996555229764418 
m400022 6000 -0.0038775181870339993 7000 -0.0038775181870339993 14000 -0.992244963625932 
m400023 6000 -0.006054263476899628 7000 -0.006054263476899628 14000 -0.9878914730462004 
m400024 6000 -0.006441322911433103 7000 -0.006441322911433103 14000 -0.9871173541771338 
m400025 6000 -0.00012554719980998146 7000 -0.00012554719980998146 14000 -0.9997489056003801 
m400026 6000 -0.0015686623824393948 7000 -0.0015686623824393948 14000 -0.9968626752351212 
m400027 6000 -0.003997078485273134 7000 -0.003997078485273134 14000 -0.9920058430294536 
m400028 6000 -0.0057647481259181675 7000 -0.0057647481259181675 14000 -0.9884705037481638 
m400029 6000 -0.006513466584216508 7000 -0.006513466584216508 14000 -0.9869730668315668 
m400030 6000 -0.00017568316842189155 7000 -0.00017568316842189155 14000 -0.9996486336631563 
m400031 6000 -0.0019844652371713337 7000 -0.0019844652371713337 14000 -0.9960310695256576 
m400032 6000 -0.004193840434931622 7000 -0.004193840434931622 14000 -0.9916123191301369 
m400033 6000 -0.005995175670285978 7000 -0.005995175670285978 14000 -0.9880096486594284 
m400034 6000 -0.006466288216039176 7000 -0.006466288216039176 14000 -0.9870674235679219 
m400035 6000 -0.00013755061640912723 7000 -0.00013755061640912723 14000 -0.9997248987671817 
m400036 6000 -0.0017903347047791376 7000 -0.0017903347047791376 14000 -0.9964193305904417 
m400037 6000 -0.004175833913875185 7000 -0.004175833913875185 14000 -0.9916483321722499 
m400038 6000 -0.005848494913858344 7000 -0.005848494913858344 14000 -0.9883030101722836 
m400039 6000 -0.006461420135880896 7000 -0.006461420135880896 14000 -0.9870771597282385 
m400040 6000 -0.00011316470595847149 7000 -0.00011316470595847149 14000 -0.9997736705880831 
m400041 6000 -0.0015772102056604924 7000 -0.0015772102056604924 14000 -0.996845579588679 
m400042 6000 -0.004178442601017755 7000 -0.004178442601017755 14000 -0.9916431147979643 
m400043 6000 -0.00585146433873745 7000 -0.00585146433873745 14000 -0.988297071322525 
m400044 6000 -0.006497493179284661 7000 -0.006497493179284661 14000 -0.9870050136414307 
m400045 6000 -0.00018403795612126364 7000 -0.00018403795612126364 14000 -0.9996319240877576 
m400046 6000 -0.0016019857906034018 7000 -0.0016019857906034018 14000 -0.9967960284187931 
m400047 6000 -0.004202362418579262 7000 -0.004202362418579262 14000 -0.9915952751628416 
m400048 6000 -0.005820502184147546 7000 -0.005820502184147546 14000 -0.9883589956317053 
m400049 6000 -0.00650531555648631 7000 -0.00650531555648631 14000 -0.9869893688870274 
m400050 6000 -0.00016057871077927643 7000 -0.00016057871077927643 14000 -0.9996788425784415 
m400051 6000 -0.0018975165722105222 7000 -0.0018975165722105222 14000 -0.9962049668555788 
m400052 6000 -0.004038193110606394 7000 -0.004038193110606394 14000 -0.9919236137787868 
m400053 6000 -0.005759278958664369 7000 -0.005759278958664369 14000 -0.9884814420826713 
m400054 6000 -0.0064698350871828245 7000 -0.0064698350871828245 14000 -0.9870603298256345 
m400055 6000 -0.00022858134176783975 7000 -0.00022858134176783975 14000 -0.9995428373164643 
m400056 6000 -0.0013701050872486054 7000 -0.0013701050872486054 14000 -0.997259789825503 
m400057 6000 -0.003986740012195061 7000 -0.003986740012195061 14000 -0.9920265199756099 
m400058 6000 -0.005948005647571341 7000 -0.005948005647571341 14000 -0.9881039887048576 
m400059 6000 -0.006496837631944883 7000 -0.006496837631944883 14000 -0.9870063247361103 
m400060 6000 -0.00020922480246105733 7000 -0.00020922480246105733 14000 -0.9995815503950777 
m400061 6000 -0.0014184935333472171 7000 -0.0014184935333472171 14000 -0.9971630129333056 
m400062 6000 -0.003923869903658547 7000 -0.003923869903658547 14000 -0.9921522601926831 
m400063 6000 -0.005854513573494826 7000 -0.005854513573494826 14000 -0.9882909728530106 
m400064 6000 -0.006438895330262495 7000 -0.006438895330262495 14000 -0.9871222093394755 
m400065 6000 -0.00013609486394864699 7000 -0.00013609486394864699 14000 -0.9997278102721024 
m400066 6000 -0.0015857444978236983 7000 -0.0015857444978236983 14000 -0.996828511004353 
m400067 6000 -0.004132076997367328 7000 -0.004132076997367328 14000 -0.9917358460052652 
m400068 6000 -0.005858060783202228 7000 -0.005858060783202228 14000 -0.9882838784335957 
m400069 6000 -0.006490315162827029 7000 -0.006490315162827029 14000 -0.9870193696743454 
m400070 6000 -0.00017271247053811216 7000 -0.00017271247053811216 14000 -0.9996545750589239 
m400071 6000 -0.001497652462437655 7000 -0.001497652462437655 14000 -0.9970046950751248 
m400072 6000 -0.003967419086619298 7000 -0.003967419086619298 14000 -0.9920651618267614 
m400073 6000 -0.0058929283803785485 7000 -0.0058929283803785485 14000 -0.9882141432392431 
m400074 6000 -0.00644882420551103 7000 -0.00644882420551103 14000 -0.9871023515889782 
m400075 6000 -0.0002006525427486502 7000 -0.0002006525427486502 14000 -0.9995986949145029 
m400076 6000 -0.0018775304078194777 7000 -0.0018775304078194777 14000 -0.9962449391843609 
m400077 6000 -0.00443878740146626 7000 -0.00443878740146626 14000 -0.9911224251970677 
m400078 6000 -0.005955466772140566 7000 -0.005955466772140566 14000 -0.9880890664557191 
m400079 6000 -0.006493331941705915 7000 -0.006493331941705915 14000 -0.9870133361165877 
m400080 6000 -0.0001535689459354508 7000 -0.0001535689459354508 14000 -0.9996928621081289 
m400081 6000 -0.0017269076106892261 7000 -0.0017269076106892261 14000 -0.9965461847786217 
m400082 6000 -0.004224982308995526 7000 -0.004224982308995526 14000 -0.991550035382009 
m400083 6000 -0.006108221525928567 7000 -0.006108221525928567 14000 -0.9877835569481431 
m400084 6000 -0.006435586907292012 7000 -0.006435586907292012 14000 -0.987128826185416 
m400085 6000 -0.0001340280291058562 7000 -0.0001340280291058562 14000 -0.9997319439417883 
m400086 6000 -0.0018048285475702574 7000 -0.0018048285475702574 14000 -0.9963903429048593 
m400087 6000 -0.004304164364748723 7000 -0.004304164364748723 14000 -0.9913916712705024 
m400088 6000 -0.005932101447444806 7000 -0.005932101447444806 14000 -0.9881357971051107 
m400089 6000 -0.0065303142529853945 7000 -0.0065303142529853945 14000 -0.9869393714940291 
m400090 6000 -0.00013386270998615152 7000 -0.00013386270998615152 14000 -0.9997322745800278 
m400091 6000 -0.0017230219473680446 7000 -0.0017230219473680446 14000 -0.9965539561052636 
m400092 6000 -0.004204642637996828 7000 -0.004204642637996828 14000 -0.9915907147240062 
m400093 6000 -0.005914864767082424 7000 -0.005914864767082424 14000 -0.9881702704658352 
m400094 6000 -0.0064641777276920045 7000 -0.0064641777276920045 14000 -0.987071644544616 
m400095 6000 -0.00017173525079035388 7000 -0.00017173525079035388 14000 -0.9996565294984194 
m400096 6000 -0.0018021791702316984 7000 -0.0018021791702316984 14000 -0.9963956416595365 
m400097 6000 -0.004246086110377767 7000 -0.004246086110377767 14000 -0.9915078277792446 
m400098 6000 -0.0059274942040393195 7000 -0.0059274942040393195 14000 -0.9881450115919214 
m400099 6000 -0.006471902188835214 7000 -0.006471902188835214 14000 -0.9870561956223295 
m400100 6000 -0.0002255188175666837 7000 -0.0002255188175666837 14000 -0.9995489623648668 
m400101 6000 -0.0015324072768219733 7000 -0.0015324072768219733 14000 -0.996935185446356 
m400102 6000 -0.004181180805182829 7000 -0.004181180805182829 14000 -0.9916376383896344 
m400103 6000 -0.005923002381031986 7000 -0.005923002381031986 14000 -0.9881539952379361 
m400104 6000 -0.006436189572023137 7000 -0.006436189572023137 14000 -0.9871276208559537 
m400105 6000 -0.0001032586482424805 7000 -0.0001032586482424805 14000 -0.9997934827035148 
m400106 6000 -0.0016449303681537097 7000 -0.0016449303681537097 14000 -0.9967101392636926 
m400107 6000 -0.004366448276987257 7000 -0.004366448276987257 14000 -0.9912671034460259 
m400108 6000 -0.005825433817391191 7000 -0.005825433817391191 14000 -0.988349132365218 
m400109 6000 -0.0065675849688122965 7000 -0.0065675849688122965 14000 -0.9868648300623751 
m400110 6000 -0.00016739431919333313 7000 -0.00016739431919333313 14000 -0.9996652113616135 
m400111 6000 -0.001956396592082873 7000 -0.001956396592082873 14000 -0.9960872068158342 
m400112 6000 -0.004067268538191197 7000 -0.004067268538191197 14000 -0.9918654629236179 
m400113 6000 -0.005805356498917598 7000 -0.005805356498917598 14000 -0.988389287002165 
m400114 6000 -0.006509998964036292 7000 -0.006509998964036292 14000 -0.9869800020719275 
m400115 6000 -0.0001882380466201784 7000 -0.0001882380466201784 14000 -0.9996235239067598 
m400116 6000 -0.0018370373735520063 7000 -0.0018370373735520063 14000 -0.9963259252528961 
m400117 6000 -0.003969247778855829 7000 -0.003969247778855829 14000 -0.9920615044422884 
m400118 6000 -0.0059895808775201455 7000 -0.0059895808775201455 14000 -0.9880208382449592 
m400119 6000 -0.006500363551722662 7000 -0.006500363551722662 14000 -0.9869992728965546 
m400120 6000 -0.0002464760806175703 7000 -0.0002464760806175703 14000 -0.9995070478387648 
m400121 6000 -0.0014437292028029471 7000 -0.0014437292028029471 14000 -0.9971125415943941 
m400122 6000 -0.00415555478701095 7000 -0.00415555478701095 14000 -0.9916888904259781 
m400123 6000 -0.0058528566603151064 7000 -0.0058528566603151064 14000 -0.9882942866793698 
m400124 6000 -0.006443049708465747 7000 -0.006443049708465747 14000 -0.9871139005830688 
c **********************************
c PE+Pb, dens=4.78 g/cm3
m2      6000    -0.04286 $Carbon
        1001    -0.00714 $Hydrogen
        82000   -0.95000 $Lead
c **********************************
m3    1001 -0.048535 $Boric acid
      5010 -0.034981
      5011 -0.139923
      8016 -0.776561
c **********************************
m4    82000 1 $Lead
c **********************************
m5 26000 1 $Iron
c **********************************
m6     13027   -1.000 $ Aluminum
c **********************************
c  SS-304 (8.00 g/cm3), #298 in PNNL Compendium
m7   006000.50c -0.0004000
     014000.60c -0.0050000
     015031.50c -0.0002300
     016000.60c -0.0001500
     024000.50c -0.1899981
     025055.60c -0.0099999
     026000.50c -0.7017229
     028000.50c -0.0924991
c ****************************************
c       LaBr detector
c ****************************************
m8       35079    -0.2946       $ Br79
         35081    -0.3069       $ Br81
         57139    -0.3485       $ La139
         58140    -0.0500       $ Ce140
c ************ air den=1.15e-3g/cc
m12     8016 -0.23
        7014 -0.77
c ************ Rubber Natural den=0.92 g/cc
m13     1001 -0.118371  $weight fraction
        6000 -0.881629
c
c end material cards
c
rand seed=8674536546524321 $different initial random #; seed# - any less 18 digits
c
c ********** begin tallies *********************
fc78 *********Broadened Pulse Height Tally Sum of Detectors 1,2 & 3 ***********
e78 0 1e-5 932i 8.4295
F78:p (101)
FT78 GEB -0.026198 0.059551 -0.037176
fc18 *********Unbroadened Pulse Height Tally Sum of Detectors 1,2 & 3 ***********
e18 0 1e-5 932i 8.4295
F18:p (101)
c ***********************************
c mplot tal 78 freq 10000
nps 1e9
