c CAS DETECTOR
c w/ Shielding in Place and Wheels
c
c CELL CARDS
c
c @@@@@@@@@@ Detectors @@@@@@@@@@@@@@@@@
c
101 8 -5.08 -21 imp:n,p 1 $LaBr Detector #1 Active Region
c
c @@@@@@@@@ Shielding @@@@@@@@@@@@@@@@@
c
121 2 -4.78 -31 imp:n,p 1 $PE_Pb
122 4 -11.29 -32 imp:n,p 1 $Pb1
123 4 -11.29 -33 imp:n,p 1 $Pb2
124 4 -11.29 -34 imp:n,p 1 $Pb3
125 4 -11.29 -35 imp:n,p 1 $Pb4
126 4 -11.29 -36 imp:n,p 1 $Pb5
127 4 -11.29 -37 imp:n,p 1 $Pb6
128 3 -1.5 -38 imp:n,p 1 $BA1
129 3 -1.5 -39 imp:n,p 1 $BA2
130 6 -2.7 -40 imp:n,p 1 $Al
131 7 -7.92 301 -302 303 -304 imp:n,p 1 $Fe-tube
132 5 -7.8 -401 imp:n,p 1 $Fe
133 5 -7.8 -402 imp:n,p 1 $Fe
c @@@@@@@@@@ Wheels @@@@@@@@@@@@@@@@@
c
21 13 -0.92 -41 42 imp:n,p 1 $Wheel 1
211 13 -0.92 -421 422 imp:n,p 1 $Wheel 1
212 13 -0.92 -423 424 imp:n,p 1 $Wheel 1
22 13 -0.92 -43 44 imp:n,p 1 $Wheel 2
221 13 -0.92 -441 442 imp:n,p 1 $Wheel 2
222 13 -0.92 -443 444 imp:n,p 1 $Wheel 2
23 13 -0.92 -45 46 imp:n,p 1 $Wheel 3
231 13 -0.92 -461 462 imp:n,p 1 $Wheel 3
232 13 -0.92 -463 464 imp:n,p 1 $Wheel 3
24 13 -0.92 -47 48 imp:n,p 1 $Wheel 4
241 13 -0.92 -481 482 imp:n,p 1 $Wheel 4
242 13 -0.92 -483 484 imp:n,p 1 $Wheel 4
c
c @@@@@@@@@@ SOIL VOLUME @@@@@@@@@@@
c
300000 400000 -2.156 20010 -20011 20020 -20021 20030 -20031 imp:n,p 1
300001 400001 -2.156 20010 -20011 20020 -20021 20031 -20032 imp:n,p 1
300002 400002 -2.156 20010 -20011 20020 -20021 20032 -20033 imp:n,p 1
300003 400003 -2.156 20010 -20011 20020 -20021 20033 -20034 imp:n,p 1
300004 400004 -2.156 20010 -20011 20020 -20021 20034 -20035 imp:n,p 1
300005 400005 -2.156 20011 -20012 20020 -20021 20030 -20031 imp:n,p 1
300006 400006 -2.156 20011 -20012 20020 -20021 20031 -20032 imp:n,p 1
300007 400007 -2.156 20011 -20012 20020 -20021 20032 -20033 imp:n,p 1
300008 400008 -2.156 20011 -20012 20020 -20021 20033 -20034 imp:n,p 1
300009 400009 -2.156 20011 -20012 20020 -20021 20034 -20035 imp:n,p 1
300010 400010 -2.156 20012 -20013 20020 -20021 20030 -20031 imp:n,p 1
300011 400011 -2.156 20012 -20013 20020 -20021 20031 -20032 imp:n,p 1
300012 400012 -2.156 20012 -20013 20020 -20021 20032 -20033 imp:n,p 1
300013 400013 -2.156 20012 -20013 20020 -20021 20033 -20034 imp:n,p 1
300014 400014 -2.156 20012 -20013 20020 -20021 20034 -20035 imp:n,p 1
300015 400015 -2.156 20013 -20014 20020 -20021 20030 -20031 imp:n,p 1
300016 400016 -2.156 20013 -20014 20020 -20021 20031 -20032 imp:n,p 1
300017 400017 -2.156 20013 -20014 20020 -20021 20032 -20033 imp:n,p 1
300018 400018 -2.156 20013 -20014 20020 -20021 20033 -20034 imp:n,p 1
300019 400019 -2.156 20013 -20014 20020 -20021 20034 -20035 imp:n,p 1
300020 400020 -2.156 20014 -20015 20020 -20021 20030 -20031 imp:n,p 1
300021 400021 -2.156 20014 -20015 20020 -20021 20031 -20032 imp:n,p 1
300022 400022 -2.156 20014 -20015 20020 -20021 20032 -20033 imp:n,p 1
300023 400023 -2.156 20014 -20015 20020 -20021 20033 -20034 imp:n,p 1
300024 400024 -2.156 20014 -20015 20020 -20021 20034 -20035 imp:n,p 1
300025 400025 -2.156 20010 -20011 20021 -20022 20030 -20031 imp:n,p 1
300026 400026 -2.156 20010 -20011 20021 -20022 20031 -20032 imp:n,p 1
300027 400027 -2.156 20010 -20011 20021 -20022 20032 -20033 imp:n,p 1
300028 400028 -2.156 20010 -20011 20021 -20022 20033 -20034 imp:n,p 1
300029 400029 -2.156 20010 -20011 20021 -20022 20034 -20035 imp:n,p 1
300030 400030 -2.156 20011 -20012 20021 -20022 20030 -20031 imp:n,p 1
300031 400031 -2.156 20011 -20012 20021 -20022 20031 -20032 imp:n,p 1
300032 400032 -2.156 20011 -20012 20021 -20022 20032 -20033 imp:n,p 1
300033 400033 -2.156 20011 -20012 20021 -20022 20033 -20034 imp:n,p 1
300034 400034 -2.156 20011 -20012 20021 -20022 20034 -20035 imp:n,p 1
300035 400035 -2.156 20012 -20013 20021 -20022 20030 -20031 imp:n,p 1
300036 400036 -2.156 20012 -20013 20021 -20022 20031 -20032 imp:n,p 1
300037 400037 -2.156 20012 -20013 20021 -20022 20032 -20033 imp:n,p 1
300038 400038 -2.156 20012 -20013 20021 -20022 20033 -20034 imp:n,p 1
300039 400039 -2.156 20012 -20013 20021 -20022 20034 -20035 imp:n,p 1
300040 400040 -2.156 20013 -20014 20021 -20022 20030 -20031 imp:n,p 1
300041 400041 -2.156 20013 -20014 20021 -20022 20031 -20032 imp:n,p 1
300042 400042 -2.156 20013 -20014 20021 -20022 20032 -20033 imp:n,p 1
300043 400043 -2.156 20013 -20014 20021 -20022 20033 -20034 imp:n,p 1
300044 400044 -2.156 20013 -20014 20021 -20022 20034 -20035 imp:n,p 1
300045 400045 -2.156 20014 -20015 20021 -20022 20030 -20031 imp:n,p 1
300046 400046 -2.156 20014 -20015 20021 -20022 20031 -20032 imp:n,p 1
300047 400047 -2.156 20014 -20015 20021 -20022 20032 -20033 imp:n,p 1
300048 400048 -2.156 20014 -20015 20021 -20022 20033 -20034 imp:n,p 1
300049 400049 -2.156 20014 -20015 20021 -20022 20034 -20035 imp:n,p 1
300050 400050 -2.156 20010 -20011 20022 -20023 20030 -20031 imp:n,p 1
300051 400051 -2.156 20010 -20011 20022 -20023 20031 -20032 imp:n,p 1
300052 400052 -2.156 20010 -20011 20022 -20023 20032 -20033 imp:n,p 1
300053 400053 -2.156 20010 -20011 20022 -20023 20033 -20034 imp:n,p 1
300054 400054 -2.156 20010 -20011 20022 -20023 20034 -20035 imp:n,p 1
300055 400055 -2.156 20011 -20012 20022 -20023 20030 -20031 imp:n,p 1
300056 400056 -2.156 20011 -20012 20022 -20023 20031 -20032 imp:n,p 1
300057 400057 -2.156 20011 -20012 20022 -20023 20032 -20033 imp:n,p 1
300058 400058 -2.156 20011 -20012 20022 -20023 20033 -20034 imp:n,p 1
300059 400059 -2.156 20011 -20012 20022 -20023 20034 -20035 imp:n,p 1
300060 400060 -2.156 20012 -20013 20022 -20023 20030 -20031 imp:n,p 1
300061 400061 -2.156 20012 -20013 20022 -20023 20031 -20032 imp:n,p 1
300062 400062 -2.156 20012 -20013 20022 -20023 20032 -20033 imp:n,p 1
300063 400063 -2.156 20012 -20013 20022 -20023 20033 -20034 imp:n,p 1
300064 400064 -2.156 20012 -20013 20022 -20023 20034 -20035 imp:n,p 1
300065 400065 -2.156 20013 -20014 20022 -20023 20030 -20031 imp:n,p 1
300066 400066 -2.156 20013 -20014 20022 -20023 20031 -20032 imp:n,p 1
300067 400067 -2.156 20013 -20014 20022 -20023 20032 -20033 imp:n,p 1
300068 400068 -2.156 20013 -20014 20022 -20023 20033 -20034 imp:n,p 1
300069 400069 -2.156 20013 -20014 20022 -20023 20034 -20035 imp:n,p 1
300070 400070 -2.156 20014 -20015 20022 -20023 20030 -20031 imp:n,p 1
300071 400071 -2.156 20014 -20015 20022 -20023 20031 -20032 imp:n,p 1
300072 400072 -2.156 20014 -20015 20022 -20023 20032 -20033 imp:n,p 1
300073 400073 -2.156 20014 -20015 20022 -20023 20033 -20034 imp:n,p 1
300074 400074 -2.156 20014 -20015 20022 -20023 20034 -20035 imp:n,p 1
300075 400075 -2.156 20010 -20011 20023 -20024 20030 -20031 imp:n,p 1
300076 400076 -2.156 20010 -20011 20023 -20024 20031 -20032 imp:n,p 1
300077 400077 -2.156 20010 -20011 20023 -20024 20032 -20033 imp:n,p 1
300078 400078 -2.156 20010 -20011 20023 -20024 20033 -20034 imp:n,p 1
300079 400079 -2.156 20010 -20011 20023 -20024 20034 -20035 imp:n,p 1
300080 400080 -2.156 20011 -20012 20023 -20024 20030 -20031 imp:n,p 1
300081 400081 -2.156 20011 -20012 20023 -20024 20031 -20032 imp:n,p 1
300082 400082 -2.156 20011 -20012 20023 -20024 20032 -20033 imp:n,p 1
300083 400083 -2.156 20011 -20012 20023 -20024 20033 -20034 imp:n,p 1
300084 400084 -2.156 20011 -20012 20023 -20024 20034 -20035 imp:n,p 1
300085 400085 -2.156 20012 -20013 20023 -20024 20030 -20031 imp:n,p 1
300086 400086 -2.156 20012 -20013 20023 -20024 20031 -20032 imp:n,p 1
300087 400087 -2.156 20012 -20013 20023 -20024 20032 -20033 imp:n,p 1
300088 400088 -2.156 20012 -20013 20023 -20024 20033 -20034 imp:n,p 1
300089 400089 -2.156 20012 -20013 20023 -20024 20034 -20035 imp:n,p 1
300090 400090 -2.156 20013 -20014 20023 -20024 20030 -20031 imp:n,p 1
300091 400091 -2.156 20013 -20014 20023 -20024 20031 -20032 imp:n,p 1
300092 400092 -2.156 20013 -20014 20023 -20024 20032 -20033 imp:n,p 1
300093 400093 -2.156 20013 -20014 20023 -20024 20033 -20034 imp:n,p 1
300094 400094 -2.156 20013 -20014 20023 -20024 20034 -20035 imp:n,p 1
300095 400095 -2.156 20014 -20015 20023 -20024 20030 -20031 imp:n,p 1
300096 400096 -2.156 20014 -20015 20023 -20024 20031 -20032 imp:n,p 1
300097 400097 -2.156 20014 -20015 20023 -20024 20032 -20033 imp:n,p 1
300098 400098 -2.156 20014 -20015 20023 -20024 20033 -20034 imp:n,p 1
300099 400099 -2.156 20014 -20015 20023 -20024 20034 -20035 imp:n,p 1
300100 400100 -2.156 20010 -20011 20024 -20025 20030 -20031 imp:n,p 1
300101 400101 -2.156 20010 -20011 20024 -20025 20031 -20032 imp:n,p 1
300102 400102 -2.156 20010 -20011 20024 -20025 20032 -20033 imp:n,p 1
300103 400103 -2.156 20010 -20011 20024 -20025 20033 -20034 imp:n,p 1
300104 400104 -2.156 20010 -20011 20024 -20025 20034 -20035 imp:n,p 1
300105 400105 -2.156 20011 -20012 20024 -20025 20030 -20031 imp:n,p 1
300106 400106 -2.156 20011 -20012 20024 -20025 20031 -20032 imp:n,p 1
300107 400107 -2.156 20011 -20012 20024 -20025 20032 -20033 imp:n,p 1
300108 400108 -2.156 20011 -20012 20024 -20025 20033 -20034 imp:n,p 1
300109 400109 -2.156 20011 -20012 20024 -20025 20034 -20035 imp:n,p 1
300110 400110 -2.156 20012 -20013 20024 -20025 20030 -20031 imp:n,p 1
300111 400111 -2.156 20012 -20013 20024 -20025 20031 -20032 imp:n,p 1
300112 400112 -2.156 20012 -20013 20024 -20025 20032 -20033 imp:n,p 1
300113 400113 -2.156 20012 -20013 20024 -20025 20033 -20034 imp:n,p 1
300114 400114 -2.156 20012 -20013 20024 -20025 20034 -20035 imp:n,p 1
300115 400115 -2.156 20013 -20014 20024 -20025 20030 -20031 imp:n,p 1
300116 400116 -2.156 20013 -20014 20024 -20025 20031 -20032 imp:n,p 1
300117 400117 -2.156 20013 -20014 20024 -20025 20032 -20033 imp:n,p 1
300118 400118 -2.156 20013 -20014 20024 -20025 20033 -20034 imp:n,p 1
300119 400119 -2.156 20013 -20014 20024 -20025 20034 -20035 imp:n,p 1
300120 400120 -2.156 20014 -20015 20024 -20025 20030 -20031 imp:n,p 1
300121 400121 -2.156 20014 -20015 20024 -20025 20031 -20032 imp:n,p 1
300122 400122 -2.156 20014 -20015 20024 -20025 20032 -20033 imp:n,p 1
300123 400123 -2.156 20014 -20015 20024 -20025 20033 -20034 imp:n,p 1
300124 400124 -2.156 20014 -20015 20024 -20025 20034 -20035 imp:n,p 1
c
30 12 -0.00129 -200 #101 #121 #122 #123 #124 #125 #126 #127 #128 #129 #130 #131 #132 #133
        #21 #211 #212 #22 #221 #222 #23 #231 #232 #24 #241 #242 #20 imp:n,p 1 $Rest of the World
31 0 200 imp:n,p 0 $Outside world

c SURFACE CARDS
c
c Sample Volume
20010 px -56.0
20011 px -33.59999999999991
20012 px -11.199999999999818
20013 px 11.199999999999818
20014 px 33.59999999999991
20015 px 56.0
20020 py -45.0
20021 py -27.0
20022 py -9.0
20023 py 9.0
20024 py 27.0
20025 py 45.0
20030 pz 92.0
20031 pz 82.0
20032 pz 72.0
20033 pz 62.0
20034 pz 52.0
20035 pz 42.0
c Active Detector Region
21 rcc 56  -5.0 -1.0   0.0 20.3 0.0   4.5 $Detector 1 Base center, Hx,Hy,Hz, radius
c Shielding Surfaces
c Shielding Pb
31 rpp 19 29 -7.5 7.5 -11 9 $PbPE xmin xmax ymin ymax zmin zmax
32 rpp 9 19 4 9 -11 9 $Pb xmin xmax ymin ymax zmin zmax
33 rpp 9 19 -9 -4 -11 9 $Pb xmin xmax ymin ymax zmin zmax
34 rpp 19 29 7.5 12.5 -11 9 $Pb xmin xmax ymin ymax zmin zmax
35 rpp 19 29 -12.5 -7.5 -11 9 $Pb xmin xmax ymin ymax zmin zmax
36 rpp 29 34 -15 15 -11 9 $Pb xmin xmax ymin ymax zmin zmax
37 rpp 9 19 -4 4 4 9 $Pb xmin xmax ymin ymax zmin zmax
38 rpp -26 26 18 28 -11 9 $BA1 xmin xmax ymin ymax zmin zmax
39 rpp -26 26 -28 -18 -11 9 $BA2 xmin xmax ymin ymax zmin zmax
40 rpp -65 65 -28 28 10 10.5 $Al xmin xmax ymin ymax zmin zmax
401 rpp -27 27 29 34 -11 9 $Fe xmin xmax ymin ymax zmin zmax
402 rpp -27 27 -34 -29 -11 9 $Fe xmin xmax ymin ymax zmin zmax
301 px -20
302 px 18
303 cx 3.71
304 cx 3.81
c Wheels Surfaces
c 23/10.5-12 turf tires, 22.6 lb rubber
c diameter 29cm, tread width 25cm, and sidewall height 13.76 cm
c set thickness of all sides 1.3 cm (s.t. weight is 22.6 lb)
41 rcc -2 77 8   0.0 25 0.0 29 $wheel 1 outer tread surface
42 rcc -2 77 8   0.0 25 0.0 27.7 $wheel 1 inner tread surface
421 rcc -2 75.7 8   0.0 1.3 0.0 29 $wheel 1 outside sidewall exterior
422 rcc -2 75.7 8   0.0 1.3 0.0 15.24 $wheel 1 outside sidewall interior
423 rcc -2 102 8   0.0 1.3 0.0 29 $wheel 1 inside sidewall exterior
424 rcc -2 102 8   0.0 1.3 0.0 15.24 $wheel 1 inside sidewall interior
43 rcc 68 77 8   0.0 25 0.0 29 $wheel 2
44 rcc 68 77 8   0.0 25 0.0 27.7
441 rcc 68 75.7 8   0.0 1.3 0.0 29
442 rcc 68 75.7 8   0.0 1.3 0.0 15.24
443 rcc 68 102 8   0.0 1.3 0.0 29
444 rcc 68 102 8   0.0 1.3 0.0 15.24
45 rcc -2 -77 8   0.0 -25 0.0 29 $wheel 3
46 rcc -2 -77 8   0.0 -25 0.0 27.7
461 rcc -2 -75.7 8   0.0 -1.3 0.0 29
462 rcc -2 -75.7 8   0.0 -1.3 0.0 15.24
463 rcc -2 -102 8   0.0 -1.3 0.0 29
464 rcc -2 -102 8   0.0 -1.3 0.0 15.24
47 rcc 68 -77 8   0.0 -25 0.0 29 $wheel 4
48 rcc 68 -77 8   0.0 -25 0.0 27.7
481 rcc 68 -75.7 8   0.0 -1.3 0.0 29
482 rcc 68 -75.7 8   0.0 -1.3 0.0 15.24
483 rcc 68 -102 8   0.0 -1.3 0.0 29
484 rcc 68 -102 8   0.0 -1.3 0.0 15.24
200 so 800    $sphere of 800cm centered at origin
c

c DATA CARDS
mode n p
c dump every hr
prdmp -60 -60 -1
c 100 keV Neutron Energy Cutoff
Cut:n 1j 0.1
c analog neutron transport
phys:n 1j 14
phys:p
sdef pos=0 0 0 erg=14.0 vec= 0 0 1 dir=d1
si1  -1 .93 1
sp1   0  0.0  1.0
c ********************
c begin material cards
c ********************
c Pure Carbon
c ****************************************
m400000 6000 -0.00016802106447184626 7000 -0.00016802106447184626 14000 -0.9996639578710562 
m400001 6000 -0.0019308005372121024 7000 -0.0019308005372121024 14000 -0.9961383989255758 
m400002 6000 -0.00435919651962788 7000 -0.00435919651962788 14000 -0.9912816069607439 
m400003 6000 -0.005912443602830686 7000 -0.005912443602830686 14000 -0.9881751127943385 
m400004 6000 -0.006481477156038635 7000 -0.006481477156038635 14000 -0.9870370456879227 
m400005 6000 -0.00019903919593263834 7000 -0.00019903919593263834 14000 -0.9996019216081349 
m400006 6000 -0.0015444144332488565 7000 -0.0015444144332488565 14000 -0.9969111711335025 
m400007 6000 -0.0044175576730097746 7000 -0.0044175576730097746 14000 -0.9911648846539807 
m400008 6000 -0.005833494018868032 7000 -0.005833494018868032 14000 -0.9883330119622639 
m400009 6000 -0.006479526531335622 7000 -0.006479526531335622 14000 -0.9870409469373288 
m400010 6000 -7.828693957021642e-05 7000 -7.828693957021642e-05 14000 -0.9998434261208595 
m400011 6000 -0.0020268609207959674 7000 -0.0020268609207959674 14000 -0.995946278158408 
m400012 6000 -0.004156463131248968 7000 -0.004156463131248968 14000 -0.9916870737375016 
m400013 6000 -0.006102153498824163 7000 -0.006102153498824163 14000 -0.9877956930023518 
m400014 6000 -0.006462330571452842 7000 -0.006462330571452842 14000 -0.987075338857094 
m400015 6000 -0.00023693407876549866 7000 -0.00023693407876549866 14000 -0.9995261318424692 
m400016 6000 -0.0014540378823284577 7000 -0.0014540378823284577 14000 -0.9970919242353429 
m400017 6000 -0.0038689695372309085 7000 -0.0038689695372309085 14000 -0.9922620609255383 
m400018 6000 -0.006012135897874931 7000 -0.006012135897874931 14000 -0.9879757282042503 
m400019 6000 -0.006476564825240613 7000 -0.006476564825240613 14000 -0.987046870349519 
m400020 6000 -0.00013758020401204822 7000 -0.00013758020401204822 14000 -0.9997248395919759 
m400021 6000 -0.0015911593289649286 7000 -0.0015911593289649286 14000 -0.99681768134207 
m400022 6000 -0.0037600988819305125 7000 -0.0037600988819305125 14000 -0.992479802236139 
m400023 6000 -0.005915741553569196 7000 -0.005915741553569196 14000 -0.988168516892862 
m400024 6000 -0.006510662513669838 7000 -0.006510662513669838 14000 -0.9869786749726606 
m400025 6000 -6.02576602313412e-05 7000 -6.02576602313412e-05 14000 -0.9998794846795371 
m400026 6000 -0.00164643171351925 7000 -0.00164643171351925 14000 -0.9967071365729613 
m400027 6000 -0.004023719221344724 7000 -0.004023719221344724 14000 -0.9919525615573105 
m400028 6000 -0.005769275827989389 7000 -0.005769275827989389 14000 -0.9884614483440215 
m400029 6000 -0.0064804626562363155 7000 -0.0064804626562363155 14000 -0.9870390746875273 
m400030 6000 -0.00018593247814990846 7000 -0.00018593247814990846 14000 -0.9996281350437002 
m400031 6000 -0.0017122916459235973 7000 -0.0017122916459235973 14000 -0.9965754167081529 
m400032 6000 -0.004006399829893787 7000 -0.004006399829893787 14000 -0.9919872003402123 
m400033 6000 -0.005894278356258981 7000 -0.005894278356258981 14000 -0.988211443287482 
m400034 6000 -0.006529431673411868 7000 -0.006529431673411868 14000 -0.9869411366531761 
m400035 6000 -0.00026743968389969774 7000 -0.00026743968389969774 14000 -0.9994651206322005 
m400036 6000 -0.0015689609819094577 7000 -0.0015689609819094577 14000 -0.9968620780361812 
m400037 6000 -0.004316808982776131 7000 -0.004316808982776131 14000 -0.9913663820344479 
m400038 6000 -0.005987550428857863 7000 -0.005987550428857863 14000 -0.9880248991422842 
m400039 6000 -0.0065605659467797926 7000 -0.0065605659467797926 14000 -0.9868788681064408 
m400040 6000 -0.00019980063111279056 7000 -0.00019980063111279056 14000 -0.9996003987377743 
m400041 6000 -0.0016644441078789655 7000 -0.0016644441078789655 14000 -0.9966711117842424 
m400042 6000 -0.004210113528476897 7000 -0.004210113528476897 14000 -0.991579772943046 
m400043 6000 -0.005971256491783134 7000 -0.005971256491783134 14000 -0.9880574870164339 
m400044 6000 -0.006485877739871339 7000 -0.006485877739871339 14000 -0.9870282445202578 
m400045 6000 -0.00017982199332486576 7000 -0.00017982199332486576 14000 -0.9996403560133502 
m400046 6000 -0.0018261369192638175 7000 -0.0018261369192638175 14000 -0.9963477261614722 
m400047 6000 -0.004280706427341329 7000 -0.004280706427341329 14000 -0.9914385871453176 
m400048 6000 -0.005788879756770162 7000 -0.005788879756770162 14000 -0.9884222404864595 
m400049 6000 -0.0065207793937897985 7000 -0.0065207793937897985 14000 -0.9869584412124205 
m400050 6000 -0.00011127246453885462 7000 -0.00011127246453885462 14000 -0.9997774550709224 
m400051 6000 -0.0015120428123793028 7000 -0.0015120428123793028 14000 -0.9969759143752416 
m400052 6000 -0.004037072950973094 7000 -0.004037072950973094 14000 -0.9919258540980539 
m400053 6000 -0.005701732971267002 7000 -0.005701732971267002 14000 -0.9885965340574662 
m400054 6000 -0.006506056875256848 7000 -0.006506056875256848 14000 -0.9869878862494857 
m400055 6000 -0.0001865442463534449 7000 -0.0001865442463534449 14000 -0.9996269115072931 
m400056 6000 -0.0014449955222093625 7000 -0.0014449955222093625 14000 -0.9971100089555813 
m400057 6000 -0.00417743599033631 7000 -0.00417743599033631 14000 -0.9916451280193271 
m400058 6000 -0.005940345200719566 7000 -0.005940345200719566 14000 -0.9881193095985609 
m400059 6000 -0.0064968015466384775 7000 -0.0064968015466384775 14000 -0.9870063969067234 
m400060 6000 -0.00014459173409742102 7000 -0.00014459173409742102 14000 -0.9997108165318054 
m400061 6000 -0.001765365812109891 7000 -0.001765365812109891 14000 -0.9964692683757801 
m400062 6000 -0.003957115720257167 7000 -0.003957115720257167 14000 -0.9920857685594856 
m400063 6000 -0.006077236723218946 7000 -0.006077236723218946 14000 -0.9878455265535624 
m400064 6000 -0.006496254588325584 7000 -0.006496254588325584 14000 -0.9870074908233485 
m400065 6000 -0.0001032695092219442 7000 -0.0001032695092219442 14000 -0.999793460981556 
m400066 6000 -0.0013060308928227017 7000 -0.0013060308928227017 14000 -0.9973879382143543 
m400067 6000 -0.003974362367668648 7000 -0.003974362367668648 14000 -0.9920512752646627 
m400068 6000 -0.005931611446691198 7000 -0.005931611446691198 14000 -0.9881367771066175 
m400069 6000 -0.006488236526114926 7000 -0.006488236526114926 14000 -0.9870235269477703 
m400070 6000 -9.268207717092361e-05 7000 -9.268207717092361e-05 14000 -0.9998146358456581 
m400071 6000 -0.0016824943192812996 7000 -0.0016824943192812996 14000 -0.9966350113614375 
m400072 6000 -0.004469095621429247 7000 -0.004469095621429247 14000 -0.9910618087571416 
m400073 6000 -0.005772932618649077 7000 -0.005772932618649077 14000 -0.9884541347627019 
m400074 6000 -0.00649038251677428 7000 -0.00649038251677428 14000 -0.9870192349664514 
m400075 6000 -0.0001730645880018153 7000 -0.0001730645880018153 14000 -0.9996538708239963 
m400076 6000 -0.001557403861610032 7000 -0.001557403861610032 14000 -0.9968851922767799 
m400077 6000 -0.0041508910664465465 7000 -0.0041508910664465465 14000 -0.9916982178671065 
m400078 6000 -0.005859926659552834 7000 -0.005859926659552834 14000 -0.9882801466808943 
m400079 6000 -0.00645541813963184 7000 -0.00645541813963184 14000 -0.9870891637207364 
m400080 6000 -0.00019056882971144344 7000 -0.00019056882971144344 14000 -0.9996188623405772 
m400081 6000 -0.0016760025486209737 7000 -0.0016760025486209737 14000 -0.9966479949027581 
m400082 6000 -0.004480481054641961 7000 -0.004480481054641961 14000 -0.9910390378907162 
m400083 6000 -0.005840165568466531 7000 -0.005840165568466531 14000 -0.9883196688630672 
m400084 6000 -0.006496736548985006 7000 -0.006496736548985006 14000 -0.9870065269020302 
m400085 6000 -0.000248179167749276 7000 -0.000248179167749276 14000 -0.9995036416645015 
m400086 6000 -0.001469445280484147 7000 -0.001469445280484147 14000 -0.9970611094390317 
m400087 6000 -0.004201691313863929 7000 -0.004201691313863929 14000 -0.9915966173722722 
m400088 6000 -0.00597823194254271 7000 -0.00597823194254271 14000 -0.9880435361149149 
m400089 6000 -0.006495452958853755 7000 -0.006495452958853755 14000 -0.9870090940822923 
m400090 6000 -0.00021554798317468708 7000 -0.00021554798317468708 14000 -0.9995689040336508 
m400091 6000 -0.0015815359617836803 7000 -0.0015815359617836803 14000 -0.9968369280764325 
m400092 6000 -0.003882862739582323 7000 -0.003882862739582323 14000 -0.9922342745208356 
m400093 6000 -0.005953535755732751 7000 -0.005953535755732751 14000 -0.9880929284885341 
m400094 6000 -0.006478932642032209 7000 -0.006478932642032209 14000 -0.9870421347159354 
m400095 6000 -9.012313558910568e-05 7000 -9.012313558910568e-05 14000 -0.9998197537288219 
m400096 6000 -0.0013500947621237882 7000 -0.0013500947621237882 14000 -0.9972998104757527 
m400097 6000 -0.004379368077366542 7000 -0.004379368077366542 14000 -0.9912412638452672 
m400098 6000 -0.005919358022480294 7000 -0.005919358022480294 14000 -0.9881612839550395 
m400099 6000 -0.006476568196994596 7000 -0.006476568196994596 14000 -0.9870468636060106 
m400100 6000 -0.00016896631710126188 7000 -0.00016896631710126188 14000 -0.9996620673657975 
m400101 6000 -0.0017547224539766592 7000 -0.0017547224539766592 14000 -0.9964905550920463 
m400102 6000 -0.00422991129792282 7000 -0.00422991129792282 14000 -0.9915401774041542 
m400103 6000 -0.005950955042232713 7000 -0.005950955042232713 14000 -0.9880980899155345 
m400104 6000 -0.0065016549116427656 7000 -0.0065016549116427656 14000 -0.9869966901767147 
m400105 6000 -0.00017665274890339233 7000 -0.00017665274890339233 14000 -0.9996466945021935 
m400106 6000 -0.0018685927501054618 7000 -0.0018685927501054618 14000 -0.9962628144997892 
m400107 6000 -0.00410828759646373 7000 -0.00410828759646373 14000 -0.9917834248070727 
m400108 6000 -0.0058228342027530754 7000 -0.0058228342027530754 14000 -0.9883543315944938 
m400109 6000 -0.006485075281364345 7000 -0.006485075281364345 14000 -0.9870298494372715 
m400110 6000 -0.00010304594633907533 7000 -0.00010304594633907533 14000 -0.9997939081073218 
m400111 6000 -0.0018069619875666764 7000 -0.0018069619875666764 14000 -0.9963860760248667 
m400112 6000 -0.003953622027962676 7000 -0.003953622027962676 14000 -0.9920927559440745 
m400113 6000 -0.005973733883594392 7000 -0.005973733883594392 14000 -0.9880525322328113 
m400114 6000 -0.006500488998480499 7000 -0.006500488998480499 14000 -0.9869990220030391 
m400115 6000 -0.00010256304754021749 7000 -0.00010256304754021749 14000 -0.9997948739049195 
m400116 6000 -0.0014745713945201167 7000 -0.0014745713945201167 14000 -0.9970508572109597 
m400117 6000 -0.003966176795227697 7000 -0.003966176795227697 14000 -0.9920676464095446 
m400118 6000 -0.006007973580631725 7000 -0.006007973580631725 14000 -0.9879840528387366 
m400119 6000 -0.006516861173365378 7000 -0.006516861173365378 14000 -0.9869662776532694 
m400120 6000 -0.00012259289123634303 7000 -0.00012259289123634303 14000 -0.9997548142175273 
m400121 6000 -0.0015479680055495678 7000 -0.0015479680055495678 14000 -0.9969040639889007 
m400122 6000 -0.004096170150582964 7000 -0.004096170150582964 14000 -0.9918076596988341 
m400123 6000 -0.0059638977097881355 7000 -0.0059638977097881355 14000 -0.9880722045804237 
m400124 6000 -0.0065284970513261355 7000 -0.0065284970513261355 14000 -0.9869430058973478 
c **********************************
c PE+Pb, dens=4.78 g/cm3
m2      6000    -0.04286 $Carbon
        1001    -0.00714 $Hydrogen
        82000   -0.95000 $Lead
c **********************************
m3    1001 -0.048535 $Boric acid
      5010 -0.034981
      5011 -0.139923
      8016 -0.776561
c **********************************
m4    82000 1 $Lead
c **********************************
m5 26000 1 $Iron
c **********************************
m6     13027   -1.000 $ Aluminum
c **********************************
c  SS-304 (8.00 g/cm3), #298 in PNNL Compendium
m7   006000.50c -0.0004000
     014000.60c -0.0050000
     015031.50c -0.0002300
     016000.60c -0.0001500
     024000.50c -0.1899981
     025055.60c -0.0099999
     026000.50c -0.7017229
     028000.50c -0.0924991
c ****************************************
c       LaBr detector
c ****************************************
m8       35079    -0.2946       $ Br79
         35081    -0.3069       $ Br81
         57139    -0.3485       $ La139
         58140    -0.0500       $ Ce140
c ************ air den=1.15e-3g/cc
m12     8016 -0.23
        7014 -0.77
c ************ Rubber Natural den=0.92 g/cc
m13     1001 -0.118371  $weight fraction
        6000 -0.881629
c
c end material cards
c
rand seed=8674536546524321 $different initial random #; seed# - any less 18 digits
c
c ********** begin tallies *********************
fc78 *********Broadened Pulse Height Tally Sum of Detectors 1,2 & 3 ***********
e78 0 1e-5 932i 8.4295
F78:p (101)
FT78 GEB -0.026198 0.059551 -0.037176
fc18 *********Unbroadened Pulse Height Tally Sum of Detectors 1,2 & 3 ***********
e18 0 1e-5 932i 8.4295
F18:p (101)
c ***********************************
c mplot tal 78 freq 10000
nps 1e9
