c CAS DETECTOR
c w/ Shielding in Place and Wheels
c
c CELL CARDS
c
c @@@@@@@@@@ Detectors @@@@@@@@@@@@@@@@@
c
101 8 -5.08 -21 imp:n,p 1 $LaBr Detector #1 Active Region
c
c @@@@@@@@@ Shielding @@@@@@@@@@@@@@@@@
c
121 2 -4.78 -31 imp:n,p 1 $PE_Pb
122 4 -11.29 -32 imp:n,p 1 $Pb1
123 4 -11.29 -33 imp:n,p 1 $Pb2
124 4 -11.29 -34 imp:n,p 1 $Pb3
125 4 -11.29 -35 imp:n,p 1 $Pb4
126 4 -11.29 -36 imp:n,p 1 $Pb5
127 4 -11.29 -37 imp:n,p 1 $Pb6
128 3 -1.5 -38 imp:n,p 1 $BA1
129 3 -1.5 -39 imp:n,p 1 $BA2
130 6 -2.7 -40 imp:n,p 1 $Al
131 7 -7.92 301 -302 303 -304 imp:n,p 1 $Fe-tube
132 5 -7.8 -401 imp:n,p 1 $Fe
133 5 -7.8 -402 imp:n,p 1 $Fe
c @@@@@@@@@@ Wheels @@@@@@@@@@@@@@@@@
c
21 13 -0.92 -41 42 imp:n,p 1 $Wheel 1
211 13 -0.92 -421 422 imp:n,p 1 $Wheel 1
212 13 -0.92 -423 424 imp:n,p 1 $Wheel 1
22 13 -0.92 -43 44 imp:n,p 1 $Wheel 2
221 13 -0.92 -441 442 imp:n,p 1 $Wheel 2
222 13 -0.92 -443 444 imp:n,p 1 $Wheel 2
23 13 -0.92 -45 46 imp:n,p 1 $Wheel 3
231 13 -0.92 -461 462 imp:n,p 1 $Wheel 3
232 13 -0.92 -463 464 imp:n,p 1 $Wheel 3
24 13 -0.92 -47 48 imp:n,p 1 $Wheel 4
241 13 -0.92 -481 482 imp:n,p 1 $Wheel 4
242 13 -0.92 -483 484 imp:n,p 1 $Wheel 4
c
c @@@@@@@@@@ SOIL VOLUME @@@@@@@@@@@
c
300000 400000 -2.156 20010 -20011 20020 -20021 20030 -20031 imp:n,p 1
300001 400001 -2.156 20010 -20011 20020 -20021 20031 -20032 imp:n,p 1
300002 400002 -2.156 20010 -20011 20020 -20021 20032 -20033 imp:n,p 1
300003 400003 -2.156 20010 -20011 20020 -20021 20033 -20034 imp:n,p 1
300004 400004 -2.156 20010 -20011 20020 -20021 20034 -20035 imp:n,p 1
300005 400005 -2.156 20011 -20012 20020 -20021 20030 -20031 imp:n,p 1
300006 400006 -2.156 20011 -20012 20020 -20021 20031 -20032 imp:n,p 1
300007 400007 -2.156 20011 -20012 20020 -20021 20032 -20033 imp:n,p 1
300008 400008 -2.156 20011 -20012 20020 -20021 20033 -20034 imp:n,p 1
300009 400009 -2.156 20011 -20012 20020 -20021 20034 -20035 imp:n,p 1
300010 400010 -2.156 20012 -20013 20020 -20021 20030 -20031 imp:n,p 1
300011 400011 -2.156 20012 -20013 20020 -20021 20031 -20032 imp:n,p 1
300012 400012 -2.156 20012 -20013 20020 -20021 20032 -20033 imp:n,p 1
300013 400013 -2.156 20012 -20013 20020 -20021 20033 -20034 imp:n,p 1
300014 400014 -2.156 20012 -20013 20020 -20021 20034 -20035 imp:n,p 1
300015 400015 -2.156 20013 -20014 20020 -20021 20030 -20031 imp:n,p 1
300016 400016 -2.156 20013 -20014 20020 -20021 20031 -20032 imp:n,p 1
300017 400017 -2.156 20013 -20014 20020 -20021 20032 -20033 imp:n,p 1
300018 400018 -2.156 20013 -20014 20020 -20021 20033 -20034 imp:n,p 1
300019 400019 -2.156 20013 -20014 20020 -20021 20034 -20035 imp:n,p 1
300020 400020 -2.156 20014 -20015 20020 -20021 20030 -20031 imp:n,p 1
300021 400021 -2.156 20014 -20015 20020 -20021 20031 -20032 imp:n,p 1
300022 400022 -2.156 20014 -20015 20020 -20021 20032 -20033 imp:n,p 1
300023 400023 -2.156 20014 -20015 20020 -20021 20033 -20034 imp:n,p 1
300024 400024 -2.156 20014 -20015 20020 -20021 20034 -20035 imp:n,p 1
300025 400025 -2.156 20010 -20011 20021 -20022 20030 -20031 imp:n,p 1
300026 400026 -2.156 20010 -20011 20021 -20022 20031 -20032 imp:n,p 1
300027 400027 -2.156 20010 -20011 20021 -20022 20032 -20033 imp:n,p 1
300028 400028 -2.156 20010 -20011 20021 -20022 20033 -20034 imp:n,p 1
300029 400029 -2.156 20010 -20011 20021 -20022 20034 -20035 imp:n,p 1
300030 400030 -2.156 20011 -20012 20021 -20022 20030 -20031 imp:n,p 1
300031 400031 -2.156 20011 -20012 20021 -20022 20031 -20032 imp:n,p 1
300032 400032 -2.156 20011 -20012 20021 -20022 20032 -20033 imp:n,p 1
300033 400033 -2.156 20011 -20012 20021 -20022 20033 -20034 imp:n,p 1
300034 400034 -2.156 20011 -20012 20021 -20022 20034 -20035 imp:n,p 1
300035 400035 -2.156 20012 -20013 20021 -20022 20030 -20031 imp:n,p 1
300036 400036 -2.156 20012 -20013 20021 -20022 20031 -20032 imp:n,p 1
300037 400037 -2.156 20012 -20013 20021 -20022 20032 -20033 imp:n,p 1
300038 400038 -2.156 20012 -20013 20021 -20022 20033 -20034 imp:n,p 1
300039 400039 -2.156 20012 -20013 20021 -20022 20034 -20035 imp:n,p 1
300040 400040 -2.156 20013 -20014 20021 -20022 20030 -20031 imp:n,p 1
300041 400041 -2.156 20013 -20014 20021 -20022 20031 -20032 imp:n,p 1
300042 400042 -2.156 20013 -20014 20021 -20022 20032 -20033 imp:n,p 1
300043 400043 -2.156 20013 -20014 20021 -20022 20033 -20034 imp:n,p 1
300044 400044 -2.156 20013 -20014 20021 -20022 20034 -20035 imp:n,p 1
300045 400045 -2.156 20014 -20015 20021 -20022 20030 -20031 imp:n,p 1
300046 400046 -2.156 20014 -20015 20021 -20022 20031 -20032 imp:n,p 1
300047 400047 -2.156 20014 -20015 20021 -20022 20032 -20033 imp:n,p 1
300048 400048 -2.156 20014 -20015 20021 -20022 20033 -20034 imp:n,p 1
300049 400049 -2.156 20014 -20015 20021 -20022 20034 -20035 imp:n,p 1
300050 400050 -2.156 20010 -20011 20022 -20023 20030 -20031 imp:n,p 1
300051 400051 -2.156 20010 -20011 20022 -20023 20031 -20032 imp:n,p 1
300052 400052 -2.156 20010 -20011 20022 -20023 20032 -20033 imp:n,p 1
300053 400053 -2.156 20010 -20011 20022 -20023 20033 -20034 imp:n,p 1
300054 400054 -2.156 20010 -20011 20022 -20023 20034 -20035 imp:n,p 1
300055 400055 -2.156 20011 -20012 20022 -20023 20030 -20031 imp:n,p 1
300056 400056 -2.156 20011 -20012 20022 -20023 20031 -20032 imp:n,p 1
300057 400057 -2.156 20011 -20012 20022 -20023 20032 -20033 imp:n,p 1
300058 400058 -2.156 20011 -20012 20022 -20023 20033 -20034 imp:n,p 1
300059 400059 -2.156 20011 -20012 20022 -20023 20034 -20035 imp:n,p 1
300060 400060 -2.156 20012 -20013 20022 -20023 20030 -20031 imp:n,p 1
300061 400061 -2.156 20012 -20013 20022 -20023 20031 -20032 imp:n,p 1
300062 400062 -2.156 20012 -20013 20022 -20023 20032 -20033 imp:n,p 1
300063 400063 -2.156 20012 -20013 20022 -20023 20033 -20034 imp:n,p 1
300064 400064 -2.156 20012 -20013 20022 -20023 20034 -20035 imp:n,p 1
300065 400065 -2.156 20013 -20014 20022 -20023 20030 -20031 imp:n,p 1
300066 400066 -2.156 20013 -20014 20022 -20023 20031 -20032 imp:n,p 1
300067 400067 -2.156 20013 -20014 20022 -20023 20032 -20033 imp:n,p 1
300068 400068 -2.156 20013 -20014 20022 -20023 20033 -20034 imp:n,p 1
300069 400069 -2.156 20013 -20014 20022 -20023 20034 -20035 imp:n,p 1
300070 400070 -2.156 20014 -20015 20022 -20023 20030 -20031 imp:n,p 1
300071 400071 -2.156 20014 -20015 20022 -20023 20031 -20032 imp:n,p 1
300072 400072 -2.156 20014 -20015 20022 -20023 20032 -20033 imp:n,p 1
300073 400073 -2.156 20014 -20015 20022 -20023 20033 -20034 imp:n,p 1
300074 400074 -2.156 20014 -20015 20022 -20023 20034 -20035 imp:n,p 1
300075 400075 -2.156 20010 -20011 20023 -20024 20030 -20031 imp:n,p 1
300076 400076 -2.156 20010 -20011 20023 -20024 20031 -20032 imp:n,p 1
300077 400077 -2.156 20010 -20011 20023 -20024 20032 -20033 imp:n,p 1
300078 400078 -2.156 20010 -20011 20023 -20024 20033 -20034 imp:n,p 1
300079 400079 -2.156 20010 -20011 20023 -20024 20034 -20035 imp:n,p 1
300080 400080 -2.156 20011 -20012 20023 -20024 20030 -20031 imp:n,p 1
300081 400081 -2.156 20011 -20012 20023 -20024 20031 -20032 imp:n,p 1
300082 400082 -2.156 20011 -20012 20023 -20024 20032 -20033 imp:n,p 1
300083 400083 -2.156 20011 -20012 20023 -20024 20033 -20034 imp:n,p 1
300084 400084 -2.156 20011 -20012 20023 -20024 20034 -20035 imp:n,p 1
300085 400085 -2.156 20012 -20013 20023 -20024 20030 -20031 imp:n,p 1
300086 400086 -2.156 20012 -20013 20023 -20024 20031 -20032 imp:n,p 1
300087 400087 -2.156 20012 -20013 20023 -20024 20032 -20033 imp:n,p 1
300088 400088 -2.156 20012 -20013 20023 -20024 20033 -20034 imp:n,p 1
300089 400089 -2.156 20012 -20013 20023 -20024 20034 -20035 imp:n,p 1
300090 400090 -2.156 20013 -20014 20023 -20024 20030 -20031 imp:n,p 1
300091 400091 -2.156 20013 -20014 20023 -20024 20031 -20032 imp:n,p 1
300092 400092 -2.156 20013 -20014 20023 -20024 20032 -20033 imp:n,p 1
300093 400093 -2.156 20013 -20014 20023 -20024 20033 -20034 imp:n,p 1
300094 400094 -2.156 20013 -20014 20023 -20024 20034 -20035 imp:n,p 1
300095 400095 -2.156 20014 -20015 20023 -20024 20030 -20031 imp:n,p 1
300096 400096 -2.156 20014 -20015 20023 -20024 20031 -20032 imp:n,p 1
300097 400097 -2.156 20014 -20015 20023 -20024 20032 -20033 imp:n,p 1
300098 400098 -2.156 20014 -20015 20023 -20024 20033 -20034 imp:n,p 1
300099 400099 -2.156 20014 -20015 20023 -20024 20034 -20035 imp:n,p 1
300100 400100 -2.156 20010 -20011 20024 -20025 20030 -20031 imp:n,p 1
300101 400101 -2.156 20010 -20011 20024 -20025 20031 -20032 imp:n,p 1
300102 400102 -2.156 20010 -20011 20024 -20025 20032 -20033 imp:n,p 1
300103 400103 -2.156 20010 -20011 20024 -20025 20033 -20034 imp:n,p 1
300104 400104 -2.156 20010 -20011 20024 -20025 20034 -20035 imp:n,p 1
300105 400105 -2.156 20011 -20012 20024 -20025 20030 -20031 imp:n,p 1
300106 400106 -2.156 20011 -20012 20024 -20025 20031 -20032 imp:n,p 1
300107 400107 -2.156 20011 -20012 20024 -20025 20032 -20033 imp:n,p 1
300108 400108 -2.156 20011 -20012 20024 -20025 20033 -20034 imp:n,p 1
300109 400109 -2.156 20011 -20012 20024 -20025 20034 -20035 imp:n,p 1
300110 400110 -2.156 20012 -20013 20024 -20025 20030 -20031 imp:n,p 1
300111 400111 -2.156 20012 -20013 20024 -20025 20031 -20032 imp:n,p 1
300112 400112 -2.156 20012 -20013 20024 -20025 20032 -20033 imp:n,p 1
300113 400113 -2.156 20012 -20013 20024 -20025 20033 -20034 imp:n,p 1
300114 400114 -2.156 20012 -20013 20024 -20025 20034 -20035 imp:n,p 1
300115 400115 -2.156 20013 -20014 20024 -20025 20030 -20031 imp:n,p 1
300116 400116 -2.156 20013 -20014 20024 -20025 20031 -20032 imp:n,p 1
300117 400117 -2.156 20013 -20014 20024 -20025 20032 -20033 imp:n,p 1
300118 400118 -2.156 20013 -20014 20024 -20025 20033 -20034 imp:n,p 1
300119 400119 -2.156 20013 -20014 20024 -20025 20034 -20035 imp:n,p 1
300120 400120 -2.156 20014 -20015 20024 -20025 20030 -20031 imp:n,p 1
300121 400121 -2.156 20014 -20015 20024 -20025 20031 -20032 imp:n,p 1
300122 400122 -2.156 20014 -20015 20024 -20025 20032 -20033 imp:n,p 1
300123 400123 -2.156 20014 -20015 20024 -20025 20033 -20034 imp:n,p 1
300124 400124 -2.156 20014 -20015 20024 -20025 20034 -20035 imp:n,p 1
c
30 12 -0.00129 -200 #101 #121 #122 #123 #124 #125 #126 #127 #128 #129 #130 #131 #132 #133
        #21 #211 #212 #22 #221 #222 #23 #231 #232 #24 #241 #242 #20 imp:n,p 1 $Rest of the World
31 0 200 imp:n,p 0 $Outside world

c SURFACE CARDS
c
c Sample Volume
20010 px -56.0
20011 px -33.60000000000002
20012 px -11.200000000000045
20013 px 11.200000000000045
20014 px 33.60000000000002
20015 px 56.0
20020 py -45.0
20021 py -27.0
20022 py -9.0
20023 py 9.0
20024 py 27.0
20025 py 45.0
20030 pz 92.0
20031 pz 82.0
20032 pz 72.0
20033 pz 62.0
20034 pz 52.0
20035 pz 42.0
c Active Detector Region
21 rcc 56  -5.0 -1.0   0.0 20.3 0.0   4.5 $Detector 1 Base center, Hx,Hy,Hz, radius
c Shielding Surfaces
c Shielding Pb
31 rpp 19 29 -7.5 7.5 -11 9 $PbPE xmin xmax ymin ymax zmin zmax
32 rpp 9 19 4 9 -11 9 $Pb xmin xmax ymin ymax zmin zmax
33 rpp 9 19 -9 -4 -11 9 $Pb xmin xmax ymin ymax zmin zmax
34 rpp 19 29 7.5 12.5 -11 9 $Pb xmin xmax ymin ymax zmin zmax
35 rpp 19 29 -12.5 -7.5 -11 9 $Pb xmin xmax ymin ymax zmin zmax
36 rpp 29 34 -15 15 -11 9 $Pb xmin xmax ymin ymax zmin zmax
37 rpp 9 19 -4 4 4 9 $Pb xmin xmax ymin ymax zmin zmax
38 rpp -26 26 18 28 -11 9 $BA1 xmin xmax ymin ymax zmin zmax
39 rpp -26 26 -28 -18 -11 9 $BA2 xmin xmax ymin ymax zmin zmax
40 rpp -65 65 -28 28 10 10.5 $Al xmin xmax ymin ymax zmin zmax
401 rpp -27 27 29 34 -11 9 $Fe xmin xmax ymin ymax zmin zmax
402 rpp -27 27 -34 -29 -11 9 $Fe xmin xmax ymin ymax zmin zmax
301 px -20
302 px 18
303 cx 3.71
304 cx 3.81
c Wheels Surfaces
c 23/10.5-12 turf tires, 22.6 lb rubber
c diameter 29cm, tread width 25cm, and sidewall height 13.76 cm
c set thickness of all sides 1.3 cm (s.t. weight is 22.6 lb)
41 rcc -2 77 8   0.0 25 0.0 29 $wheel 1 outer tread surface
42 rcc -2 77 8   0.0 25 0.0 27.7 $wheel 1 inner tread surface
421 rcc -2 75.7 8   0.0 1.3 0.0 29 $wheel 1 outside sidewall exterior
422 rcc -2 75.7 8   0.0 1.3 0.0 15.24 $wheel 1 outside sidewall interior
423 rcc -2 102 8   0.0 1.3 0.0 29 $wheel 1 inside sidewall exterior
424 rcc -2 102 8   0.0 1.3 0.0 15.24 $wheel 1 inside sidewall interior
43 rcc 68 77 8   0.0 25 0.0 29 $wheel 2
44 rcc 68 77 8   0.0 25 0.0 27.7
441 rcc 68 75.7 8   0.0 1.3 0.0 29
442 rcc 68 75.7 8   0.0 1.3 0.0 15.24
443 rcc 68 102 8   0.0 1.3 0.0 29
444 rcc 68 102 8   0.0 1.3 0.0 15.24
45 rcc -2 -77 8   0.0 -25 0.0 29 $wheel 3
46 rcc -2 -77 8   0.0 -25 0.0 27.7
461 rcc -2 -75.7 8   0.0 -1.3 0.0 29
462 rcc -2 -75.7 8   0.0 -1.3 0.0 15.24
463 rcc -2 -102 8   0.0 -1.3 0.0 29
464 rcc -2 -102 8   0.0 -1.3 0.0 15.24
47 rcc 68 -77 8   0.0 -25 0.0 29 $wheel 4
48 rcc 68 -77 8   0.0 -25 0.0 27.7
481 rcc 68 -75.7 8   0.0 -1.3 0.0 29
482 rcc 68 -75.7 8   0.0 -1.3 0.0 15.24
483 rcc 68 -102 8   0.0 -1.3 0.0 29
484 rcc 68 -102 8   0.0 -1.3 0.0 15.24
200 so 800    $sphere of 800cm centered at origin
c

c DATA CARDS
mode n p
c dump every hr
prdmp -60 -60 -1
c 100 keV Neutron Energy Cutoff
Cut:n 1j 0.1
c analog neutron transport
phys:n 1j 14
phys:p
sdef pos=0 0 0 erg=14.0 vec= 0 0 1 dir=d1
si1  -1 .93 1
sp1   0  0.0  1.0
c ********************
c begin material cards
c ********************
c Pure Carbon
c ****************************************
m400000 6000 -0.00015057230679035922 7000 -0.00015057230679035922 14000 -0.9996988553864193 
m400001 6000 -0.0014338924338442582 7000 -0.0014338924338442582 14000 -0.9971322151323117 
m400002 6000 -0.004041110827173216 7000 -0.004041110827173216 14000 -0.9919177783456534 
m400003 6000 -0.005966753535011744 7000 -0.005966753535011744 14000 -0.9880664929299766 
m400004 6000 -0.006503722783190625 7000 -0.006503722783190625 14000 -0.9869925544336188 
m400005 6000 -0.00011390459880415252 7000 -0.00011390459880415252 14000 -0.9997721908023917 
m400006 6000 -0.0016096029616546107 7000 -0.0016096029616546107 14000 -0.9967807940766904 
m400007 6000 -0.004247428512709847 7000 -0.004247428512709847 14000 -0.9915051429745805 
m400008 6000 -0.005951287059771702 7000 -0.005951287059771702 14000 -0.9880974258804563 
m400009 6000 -0.0065213577643505 7000 -0.0065213577643505 14000 -0.986957284471299 
m400010 6000 -0.0002383149542900263 7000 -0.0002383149542900263 14000 -0.99952337009142 
m400011 6000 -0.0016973768818944023 7000 -0.0016973768818944023 14000 -0.9966052462362113 
m400012 6000 -0.004560398794042528 7000 -0.004560398794042528 14000 -0.9908792024119149 
m400013 6000 -0.005973683472026403 7000 -0.005973683472026403 14000 -0.9880526330559474 
m400014 6000 -0.006556720927633089 7000 -0.006556720927633089 14000 -0.9868865581447337 
m400015 6000 -8.907482920617727e-05 7000 -8.907482920617727e-05 14000 -0.9998218503415877 
m400016 6000 -0.001792019860837639 7000 -0.001792019860837639 14000 -0.9964159602783247 
m400017 6000 -0.004621214213651549 7000 -0.004621214213651549 14000 -0.9907575715726971 
m400018 6000 -0.00593933185195668 7000 -0.00593933185195668 14000 -0.988121336296086 
m400019 6000 -0.0065228410635392135 7000 -0.0065228410635392135 14000 -0.986954317872922 
m400020 6000 -0.00015781996340196445 7000 -0.00015781996340196445 14000 -0.9996843600731959 
m400021 6000 -0.001953268063691531 7000 -0.001953268063691531 14000 -0.9960934638726172 
m400022 6000 -0.004488617386018337 7000 -0.004488617386018337 14000 -0.9910227652279634 
m400023 6000 -0.005851657359053742 7000 -0.005851657359053742 14000 -0.9882966852818926 
m400024 6000 -0.006525977428326042 7000 -0.006525977428326042 14000 -0.9869480451433479 
m400025 6000 -0.00014009627298648957 7000 -0.00014009627298648957 14000 -0.999719807454027 
m400026 6000 -0.001944259431058443 7000 -0.001944259431058443 14000 -0.9961114811378828 
m400027 6000 -0.004321287149915541 7000 -0.004321287149915541 14000 -0.9913574257001688 
m400028 6000 -0.005924716596183289 7000 -0.005924716596183289 14000 -0.9881505668076335 
m400029 6000 -0.006536040444581399 7000 -0.006536040444581399 14000 -0.9869279191108375 
m400030 6000 -0.0001463985393827136 7000 -0.0001463985393827136 14000 -0.9997072029212346 
m400031 6000 -0.0013983137017871622 7000 -0.0013983137017871622 14000 -0.9972033725964258 
m400032 6000 -0.003985298325949201 7000 -0.003985298325949201 14000 -0.9920294033481016 
m400033 6000 -0.005806392374101683 7000 -0.005806392374101683 14000 -0.9883872152517966 
m400034 6000 -0.006531214694211022 7000 -0.006531214694211022 14000 -0.9869375706115778 
m400035 6000 -0.00010370335664250515 7000 -0.00010370335664250515 14000 -0.999792593286715 
m400036 6000 -0.0015472604390520891 7000 -0.0015472604390520891 14000 -0.9969054791218955 
m400037 6000 -0.004246448822661737 7000 -0.004246448822661737 14000 -0.9915071023546765 
m400038 6000 -0.005896903442315294 7000 -0.005896903442315294 14000 -0.9882061931153694 
m400039 6000 -0.0065187530645165045 7000 -0.0065187530645165045 14000 -0.9869624938709671 
m400040 6000 -0.00013189423300977502 7000 -0.00013189423300977502 14000 -0.9997362115339804 
m400041 6000 -0.0013679885847309608 7000 -0.0013679885847309608 14000 -0.9972640228305382 
m400042 6000 -0.0041109553344949425 7000 -0.0041109553344949425 14000 -0.9917780893310102 
m400043 6000 -0.005648116527677231 7000 -0.005648116527677231 14000 -0.9887037669446457 
m400044 6000 -0.006531078752940015 7000 -0.006531078752940015 14000 -0.9869378424941201 
m400045 6000 -0.000126396219215176 7000 -0.000126396219215176 14000 -0.9997472075615697 
m400046 6000 -0.001550003384756648 7000 -0.001550003384756648 14000 -0.9968999932304867 
m400047 6000 -0.004402361214094781 7000 -0.004402361214094781 14000 -0.9911952775718105 
m400048 6000 -0.005858810710735197 7000 -0.005858810710735197 14000 -0.9882823785785297 
m400049 6000 -0.00652570078247882 7000 -0.00652570078247882 14000 -0.9869485984350422 
m400050 6000 -0.00023893400764813993 7000 -0.00023893400764813993 14000 -0.9995221319847037 
m400051 6000 -0.0016327662267496632 7000 -0.0016327662267496632 14000 -0.9967344675465009 
m400052 6000 -0.0038775371369997014 7000 -0.0038775371369997014 14000 -0.9922449257260004 
m400053 6000 -0.005963763597217184 7000 -0.005963763597217184 14000 -0.9880724728055658 
m400054 6000 -0.00650015119729257 7000 -0.00650015119729257 14000 -0.9869996976054151 
m400055 6000 -0.00011574959361823053 7000 -0.00011574959361823053 14000 -0.9997685008127632 
m400056 6000 -0.0018173440945954621 7000 -0.0018173440945954621 14000 -0.9963653118108095 
m400057 6000 -0.003924195072288951 7000 -0.003924195072288951 14000 -0.992151609855422 
m400058 6000 -0.005788873701760488 7000 -0.005788873701760488 14000 -0.9884222525964789 
m400059 6000 -0.006543580575971835 7000 -0.006543580575971835 14000 -0.9869128388480565 
m400060 6000 -0.0001145964137467198 7000 -0.0001145964137467198 14000 -0.9997708071725065 
m400061 6000 -0.0017467033088541003 7000 -0.0017467033088541003 14000 -0.9965065933822919 
m400062 6000 -0.004336664480524519 7000 -0.004336664480524519 14000 -0.991326671038951 
m400063 6000 -0.005860412581412811 7000 -0.005860412581412811 14000 -0.9882791748371745 
m400064 6000 -0.00653443383180807 7000 -0.00653443383180807 14000 -0.9869311323363839 
m400065 6000 -7.914131176105605e-05 7000 -7.914131176105605e-05 14000 -0.999841717376478 
m400066 6000 -0.0015205147444975553 7000 -0.0015205147444975553 14000 -0.9969589705110046 
m400067 6000 -0.004140910036834065 7000 -0.004140910036834065 14000 -0.9917181799263318 
m400068 6000 -0.00621205025909596 7000 -0.00621205025909596 14000 -0.9875758994818082 
m400069 6000 -0.006549651702724388 7000 -0.006549651702724388 14000 -0.9869006965945512 
m400070 6000 -0.00017268579388621166 7000 -0.00017268579388621166 14000 -0.9996546284122274 
m400071 6000 -0.0015202745907424103 7000 -0.0015202745907424103 14000 -0.996959450818515 
m400072 6000 -0.004256936424163419 7000 -0.004256936424163419 14000 -0.9914861271516736 
m400073 6000 -0.0060051245596555195 7000 -0.0060051245596555195 14000 -0.9879897508806889 
m400074 6000 -0.006553921872019117 7000 -0.006553921872019117 14000 -0.9868921562559622 
m400075 6000 -0.00015164952230404714 7000 -0.00015164952230404714 14000 -0.999696700955392 
m400076 6000 -0.0018214224777863732 7000 -0.0018214224777863732 14000 -0.9963571550444275 
m400077 6000 -0.004495597479597748 7000 -0.004495597479597748 14000 -0.9910088050408045 
m400078 6000 -0.006002990126631123 7000 -0.006002990126631123 14000 -0.9879940197467376 
m400079 6000 -0.006524944344641138 7000 -0.006524944344641138 14000 -0.9869501113107176 
m400080 6000 -0.00013614235221544695 7000 -0.00013614235221544695 14000 -0.999727715295569 
m400081 6000 -0.001720211424792473 7000 -0.001720211424792473 14000 -0.9965595771504151 
m400082 6000 -0.004347189360759446 7000 -0.004347189360759446 14000 -0.9913056212784811 
m400083 6000 -0.006007853980505267 7000 -0.006007853980505267 14000 -0.9879842920389895 
m400084 6000 -0.006550574152032446 7000 -0.006550574152032446 14000 -0.9868988516959354 
m400085 6000 -0.0001382171069990045 7000 -0.0001382171069990045 14000 -0.9997235657860019 
m400086 6000 -0.0013783457331619363 7000 -0.0013783457331619363 14000 -0.997243308533676 
m400087 6000 -0.0044243888005963605 7000 -0.0044243888005963605 14000 -0.9911512223988072 
m400088 6000 -0.0059771848170681145 7000 -0.0059771848170681145 14000 -0.9880456303658639 
m400089 6000 -0.006532091417385236 7000 -0.006532091417385236 14000 -0.9869358171652293 
m400090 6000 -8.444200816412696e-05 7000 -8.444200816412696e-05 14000 -0.9998311159836717 
m400091 6000 -0.0019164727630210478 7000 -0.0019164727630210478 14000 -0.9961670544739579 
m400092 6000 -0.004270955135858578 7000 -0.004270955135858578 14000 -0.9914580897282831 
m400093 6000 -0.005888782890681296 7000 -0.005888782890681296 14000 -0.9882224342186374 
m400094 6000 -0.006559032409448633 7000 -0.006559032409448633 14000 -0.9868819351811027 
m400095 6000 -0.00020335016220319674 7000 -0.00020335016220319674 14000 -0.9995932996755937 
m400096 6000 -0.0014166066636794158 7000 -0.0014166066636794158 14000 -0.9971667866726412 
m400097 6000 -0.004542329012980229 7000 -0.004542329012980229 14000 -0.9909153419740393 
m400098 6000 -0.005813040594838393 7000 -0.005813040594838393 14000 -0.988373918810323 
m400099 6000 -0.006498451580663612 7000 -0.006498451580663612 14000 -0.9870030968386727 
m400100 6000 -0.00013621371739439047 7000 -0.00013621371739439047 14000 -0.9997275725652112 
m400101 6000 -0.0016588425670785716 7000 -0.0016588425670785716 14000 -0.9966823148658428 
m400102 6000 -0.004044607230238702 7000 -0.004044607230238702 14000 -0.991910785539523 
m400103 6000 -0.005924370643702687 7000 -0.005924370643702687 14000 -0.9881512587125947 
m400104 6000 -0.006533990138384675 7000 -0.006533990138384675 14000 -0.9869320197232306 
m400105 6000 -0.00016745866648604647 7000 -0.00016745866648604647 14000 -0.9996650826670279 
m400106 6000 -0.001470119490970615 7000 -0.001470119490970615 14000 -0.9970597610180587 
m400107 6000 -0.004176756344411278 7000 -0.004176756344411278 14000 -0.9916464873111772 
m400108 6000 -0.0058373807886165875 7000 -0.0058373807886165875 14000 -0.9883252384227669 
m400109 6000 -0.00654548301827518 7000 -0.00654548301827518 14000 -0.9869090339634496 
m400110 6000 -0.0001232023516942965 7000 -0.0001232023516942965 14000 -0.9997535952966113 
m400111 6000 -0.0018575275033855911 7000 -0.0018575275033855911 14000 -0.996284944993229 
m400112 6000 -0.00435770437557888 7000 -0.00435770437557888 14000 -0.9912845912488422 
m400113 6000 -0.0058731868184841605 7000 -0.0058731868184841605 14000 -0.9882536263630313 
m400114 6000 -0.00654527991741058 7000 -0.00654527991741058 14000 -0.9869094401651789 
m400115 6000 -0.0002292338770435122 7000 -0.0002292338770435122 14000 -0.9995415322459128 
m400116 6000 -0.001777616376707148 7000 -0.001777616376707148 14000 -0.9964447672465856 
m400117 6000 -0.004448121860676798 7000 -0.004448121860676798 14000 -0.9911037562786462 
m400118 6000 -0.005956260897847917 7000 -0.005956260897847917 14000 -0.988087478204304 
m400119 6000 -0.006527046772668997 7000 -0.006527046772668997 14000 -0.9869459064546621 
m400120 6000 -8.191102775971108e-05 7000 -8.191102775971108e-05 14000 -0.9998361779444807 
m400121 6000 -0.0014655742214769252 7000 -0.0014655742214769252 14000 -0.9970688515570463 
m400122 6000 -0.004118790231892378 7000 -0.004118790231892378 14000 -0.9917624195362152 
m400123 6000 -0.005894134918364657 7000 -0.005894134918364657 14000 -0.9882117301632702 
m400124 6000 -0.006517036859140196 7000 -0.006517036859140196 14000 -0.9869659262817195 
c **********************************
c PE+Pb, dens=4.78 g/cm3
m2      6000    -0.04286 $Carbon
        1001    -0.00714 $Hydrogen
        82000   -0.95000 $Lead
c **********************************
m3    1001 -0.048535 $Boric acid
      5010 -0.034981
      5011 -0.139923
      8016 -0.776561
c **********************************
m4    82000 1 $Lead
c **********************************
m5 26000 1 $Iron
c **********************************
m6     13027   -1.000 $ Aluminum
c **********************************
c  SS-304 (8.00 g/cm3), #298 in PNNL Compendium
m7   006000.50c -0.0004000
     014000.60c -0.0050000
     015031.50c -0.0002300
     016000.60c -0.0001500
     024000.50c -0.1899981
     025055.60c -0.0099999
     026000.50c -0.7017229
     028000.50c -0.0924991
c ****************************************
c       LaBr detector
c ****************************************
m8       35079    -0.2946       $ Br79
         35081    -0.3069       $ Br81
         57139    -0.3485       $ La139
         58140    -0.0500       $ Ce140
c ************ air den=1.15e-3g/cc
m12     8016 -0.23
        7014 -0.77
c ************ Rubber Natural den=0.92 g/cc
m13     1001 -0.118371  $weight fraction
        6000 -0.881629
c
c end material cards
c
rand seed=8674536546524321 $different initial random #; seed# - any less 18 digits
c
c ********** begin tallies *********************
fc78 *********Broadened Pulse Height Tally Sum of Detectors 1,2 & 3 ***********
e78 0 1e-5 932i 8.4295
F78:p (101)
FT78 GEB -0.026198 0.059551 -0.037176
fc18 *********Unbroadened Pulse Height Tally Sum of Detectors 1,2 & 3 ***********
e18 0 1e-5 932i 8.4295
F18:p (101)
c ***********************************
c mplot tal 78 freq 10000
nps 1e9
