c CAS DETECTOR
c w/ Shielding in Place and Wheels
c
c CELL CARDS
c
c @@@@@@@@@@ Detectors @@@@@@@@@@@@@@@@@
c
101 8 -5.08 -21 imp:n,p 1 $LaBr Detector #1 Active Region
c
c @@@@@@@@@ Shielding @@@@@@@@@@@@@@@@@
c
121 2 -4.78 -31 imp:n,p 1 $PE_Pb
122 4 -11.29 -32 imp:n,p 1 $Pb1
123 4 -11.29 -33 imp:n,p 1 $Pb2
124 4 -11.29 -34 imp:n,p 1 $Pb3
125 4 -11.29 -35 imp:n,p 1 $Pb4
126 4 -11.29 -36 imp:n,p 1 $Pb5
127 4 -11.29 -37 imp:n,p 1 $Pb6
128 3 -1.5 -38 imp:n,p 1 $BA1
129 3 -1.5 -39 imp:n,p 1 $BA2
130 6 -2.7 -40 imp:n,p 1 $Al
131 7 -7.92 301 -302 303 -304 imp:n,p 1 $Fe-tube
132 5 -7.8 -401 imp:n,p 1 $Fe
133 5 -7.8 -402 imp:n,p 1 $Fe
c @@@@@@@@@@ Wheels @@@@@@@@@@@@@@@@@
c
21 13 -0.92 -41 42 imp:n,p 1 $Wheel 1
211 13 -0.92 -421 422 imp:n,p 1 $Wheel 1
212 13 -0.92 -423 424 imp:n,p 1 $Wheel 1
22 13 -0.92 -43 44 imp:n,p 1 $Wheel 2
221 13 -0.92 -441 442 imp:n,p 1 $Wheel 2
222 13 -0.92 -443 444 imp:n,p 1 $Wheel 2
23 13 -0.92 -45 46 imp:n,p 1 $Wheel 3
231 13 -0.92 -461 462 imp:n,p 1 $Wheel 3
232 13 -0.92 -463 464 imp:n,p 1 $Wheel 3
24 13 -0.92 -47 48 imp:n,p 1 $Wheel 4
241 13 -0.92 -481 482 imp:n,p 1 $Wheel 4
242 13 -0.92 -483 484 imp:n,p 1 $Wheel 4
c
c @@@@@@@@@@ SOIL VOLUME @@@@@@@@@@@
c
300000 400000 -2.156 20010 -20011 20020 -20021 20030 -20031 imp:n,p 1
300001 400001 -2.156 20010 -20011 20020 -20021 20031 -20032 imp:n,p 1
300002 400002 -2.156 20010 -20011 20020 -20021 20032 -20033 imp:n,p 1
300003 400003 -2.156 20010 -20011 20020 -20021 20033 -20034 imp:n,p 1
300004 400004 -2.156 20010 -20011 20020 -20021 20034 -20035 imp:n,p 1
300005 400005 -2.156 20011 -20012 20020 -20021 20030 -20031 imp:n,p 1
300006 400006 -2.156 20011 -20012 20020 -20021 20031 -20032 imp:n,p 1
300007 400007 -2.156 20011 -20012 20020 -20021 20032 -20033 imp:n,p 1
300008 400008 -2.156 20011 -20012 20020 -20021 20033 -20034 imp:n,p 1
300009 400009 -2.156 20011 -20012 20020 -20021 20034 -20035 imp:n,p 1
300010 400010 -2.156 20012 -20013 20020 -20021 20030 -20031 imp:n,p 1
300011 400011 -2.156 20012 -20013 20020 -20021 20031 -20032 imp:n,p 1
300012 400012 -2.156 20012 -20013 20020 -20021 20032 -20033 imp:n,p 1
300013 400013 -2.156 20012 -20013 20020 -20021 20033 -20034 imp:n,p 1
300014 400014 -2.156 20012 -20013 20020 -20021 20034 -20035 imp:n,p 1
300015 400015 -2.156 20013 -20014 20020 -20021 20030 -20031 imp:n,p 1
300016 400016 -2.156 20013 -20014 20020 -20021 20031 -20032 imp:n,p 1
300017 400017 -2.156 20013 -20014 20020 -20021 20032 -20033 imp:n,p 1
300018 400018 -2.156 20013 -20014 20020 -20021 20033 -20034 imp:n,p 1
300019 400019 -2.156 20013 -20014 20020 -20021 20034 -20035 imp:n,p 1
300020 400020 -2.156 20014 -20015 20020 -20021 20030 -20031 imp:n,p 1
300021 400021 -2.156 20014 -20015 20020 -20021 20031 -20032 imp:n,p 1
300022 400022 -2.156 20014 -20015 20020 -20021 20032 -20033 imp:n,p 1
300023 400023 -2.156 20014 -20015 20020 -20021 20033 -20034 imp:n,p 1
300024 400024 -2.156 20014 -20015 20020 -20021 20034 -20035 imp:n,p 1
300025 400025 -2.156 20010 -20011 20021 -20022 20030 -20031 imp:n,p 1
300026 400026 -2.156 20010 -20011 20021 -20022 20031 -20032 imp:n,p 1
300027 400027 -2.156 20010 -20011 20021 -20022 20032 -20033 imp:n,p 1
300028 400028 -2.156 20010 -20011 20021 -20022 20033 -20034 imp:n,p 1
300029 400029 -2.156 20010 -20011 20021 -20022 20034 -20035 imp:n,p 1
300030 400030 -2.156 20011 -20012 20021 -20022 20030 -20031 imp:n,p 1
300031 400031 -2.156 20011 -20012 20021 -20022 20031 -20032 imp:n,p 1
300032 400032 -2.156 20011 -20012 20021 -20022 20032 -20033 imp:n,p 1
300033 400033 -2.156 20011 -20012 20021 -20022 20033 -20034 imp:n,p 1
300034 400034 -2.156 20011 -20012 20021 -20022 20034 -20035 imp:n,p 1
300035 400035 -2.156 20012 -20013 20021 -20022 20030 -20031 imp:n,p 1
300036 400036 -2.156 20012 -20013 20021 -20022 20031 -20032 imp:n,p 1
300037 400037 -2.156 20012 -20013 20021 -20022 20032 -20033 imp:n,p 1
300038 400038 -2.156 20012 -20013 20021 -20022 20033 -20034 imp:n,p 1
300039 400039 -2.156 20012 -20013 20021 -20022 20034 -20035 imp:n,p 1
300040 400040 -2.156 20013 -20014 20021 -20022 20030 -20031 imp:n,p 1
300041 400041 -2.156 20013 -20014 20021 -20022 20031 -20032 imp:n,p 1
300042 400042 -2.156 20013 -20014 20021 -20022 20032 -20033 imp:n,p 1
300043 400043 -2.156 20013 -20014 20021 -20022 20033 -20034 imp:n,p 1
300044 400044 -2.156 20013 -20014 20021 -20022 20034 -20035 imp:n,p 1
300045 400045 -2.156 20014 -20015 20021 -20022 20030 -20031 imp:n,p 1
300046 400046 -2.156 20014 -20015 20021 -20022 20031 -20032 imp:n,p 1
300047 400047 -2.156 20014 -20015 20021 -20022 20032 -20033 imp:n,p 1
300048 400048 -2.156 20014 -20015 20021 -20022 20033 -20034 imp:n,p 1
300049 400049 -2.156 20014 -20015 20021 -20022 20034 -20035 imp:n,p 1
300050 400050 -2.156 20010 -20011 20022 -20023 20030 -20031 imp:n,p 1
300051 400051 -2.156 20010 -20011 20022 -20023 20031 -20032 imp:n,p 1
300052 400052 -2.156 20010 -20011 20022 -20023 20032 -20033 imp:n,p 1
300053 400053 -2.156 20010 -20011 20022 -20023 20033 -20034 imp:n,p 1
300054 400054 -2.156 20010 -20011 20022 -20023 20034 -20035 imp:n,p 1
300055 400055 -2.156 20011 -20012 20022 -20023 20030 -20031 imp:n,p 1
300056 400056 -2.156 20011 -20012 20022 -20023 20031 -20032 imp:n,p 1
300057 400057 -2.156 20011 -20012 20022 -20023 20032 -20033 imp:n,p 1
300058 400058 -2.156 20011 -20012 20022 -20023 20033 -20034 imp:n,p 1
300059 400059 -2.156 20011 -20012 20022 -20023 20034 -20035 imp:n,p 1
300060 400060 -2.156 20012 -20013 20022 -20023 20030 -20031 imp:n,p 1
300061 400061 -2.156 20012 -20013 20022 -20023 20031 -20032 imp:n,p 1
300062 400062 -2.156 20012 -20013 20022 -20023 20032 -20033 imp:n,p 1
300063 400063 -2.156 20012 -20013 20022 -20023 20033 -20034 imp:n,p 1
300064 400064 -2.156 20012 -20013 20022 -20023 20034 -20035 imp:n,p 1
300065 400065 -2.156 20013 -20014 20022 -20023 20030 -20031 imp:n,p 1
300066 400066 -2.156 20013 -20014 20022 -20023 20031 -20032 imp:n,p 1
300067 400067 -2.156 20013 -20014 20022 -20023 20032 -20033 imp:n,p 1
300068 400068 -2.156 20013 -20014 20022 -20023 20033 -20034 imp:n,p 1
300069 400069 -2.156 20013 -20014 20022 -20023 20034 -20035 imp:n,p 1
300070 400070 -2.156 20014 -20015 20022 -20023 20030 -20031 imp:n,p 1
300071 400071 -2.156 20014 -20015 20022 -20023 20031 -20032 imp:n,p 1
300072 400072 -2.156 20014 -20015 20022 -20023 20032 -20033 imp:n,p 1
300073 400073 -2.156 20014 -20015 20022 -20023 20033 -20034 imp:n,p 1
300074 400074 -2.156 20014 -20015 20022 -20023 20034 -20035 imp:n,p 1
300075 400075 -2.156 20010 -20011 20023 -20024 20030 -20031 imp:n,p 1
300076 400076 -2.156 20010 -20011 20023 -20024 20031 -20032 imp:n,p 1
300077 400077 -2.156 20010 -20011 20023 -20024 20032 -20033 imp:n,p 1
300078 400078 -2.156 20010 -20011 20023 -20024 20033 -20034 imp:n,p 1
300079 400079 -2.156 20010 -20011 20023 -20024 20034 -20035 imp:n,p 1
300080 400080 -2.156 20011 -20012 20023 -20024 20030 -20031 imp:n,p 1
300081 400081 -2.156 20011 -20012 20023 -20024 20031 -20032 imp:n,p 1
300082 400082 -2.156 20011 -20012 20023 -20024 20032 -20033 imp:n,p 1
300083 400083 -2.156 20011 -20012 20023 -20024 20033 -20034 imp:n,p 1
300084 400084 -2.156 20011 -20012 20023 -20024 20034 -20035 imp:n,p 1
300085 400085 -2.156 20012 -20013 20023 -20024 20030 -20031 imp:n,p 1
300086 400086 -2.156 20012 -20013 20023 -20024 20031 -20032 imp:n,p 1
300087 400087 -2.156 20012 -20013 20023 -20024 20032 -20033 imp:n,p 1
300088 400088 -2.156 20012 -20013 20023 -20024 20033 -20034 imp:n,p 1
300089 400089 -2.156 20012 -20013 20023 -20024 20034 -20035 imp:n,p 1
300090 400090 -2.156 20013 -20014 20023 -20024 20030 -20031 imp:n,p 1
300091 400091 -2.156 20013 -20014 20023 -20024 20031 -20032 imp:n,p 1
300092 400092 -2.156 20013 -20014 20023 -20024 20032 -20033 imp:n,p 1
300093 400093 -2.156 20013 -20014 20023 -20024 20033 -20034 imp:n,p 1
300094 400094 -2.156 20013 -20014 20023 -20024 20034 -20035 imp:n,p 1
300095 400095 -2.156 20014 -20015 20023 -20024 20030 -20031 imp:n,p 1
300096 400096 -2.156 20014 -20015 20023 -20024 20031 -20032 imp:n,p 1
300097 400097 -2.156 20014 -20015 20023 -20024 20032 -20033 imp:n,p 1
300098 400098 -2.156 20014 -20015 20023 -20024 20033 -20034 imp:n,p 1
300099 400099 -2.156 20014 -20015 20023 -20024 20034 -20035 imp:n,p 1
300100 400100 -2.156 20010 -20011 20024 -20025 20030 -20031 imp:n,p 1
300101 400101 -2.156 20010 -20011 20024 -20025 20031 -20032 imp:n,p 1
300102 400102 -2.156 20010 -20011 20024 -20025 20032 -20033 imp:n,p 1
300103 400103 -2.156 20010 -20011 20024 -20025 20033 -20034 imp:n,p 1
300104 400104 -2.156 20010 -20011 20024 -20025 20034 -20035 imp:n,p 1
300105 400105 -2.156 20011 -20012 20024 -20025 20030 -20031 imp:n,p 1
300106 400106 -2.156 20011 -20012 20024 -20025 20031 -20032 imp:n,p 1
300107 400107 -2.156 20011 -20012 20024 -20025 20032 -20033 imp:n,p 1
300108 400108 -2.156 20011 -20012 20024 -20025 20033 -20034 imp:n,p 1
300109 400109 -2.156 20011 -20012 20024 -20025 20034 -20035 imp:n,p 1
300110 400110 -2.156 20012 -20013 20024 -20025 20030 -20031 imp:n,p 1
300111 400111 -2.156 20012 -20013 20024 -20025 20031 -20032 imp:n,p 1
300112 400112 -2.156 20012 -20013 20024 -20025 20032 -20033 imp:n,p 1
300113 400113 -2.156 20012 -20013 20024 -20025 20033 -20034 imp:n,p 1
300114 400114 -2.156 20012 -20013 20024 -20025 20034 -20035 imp:n,p 1
300115 400115 -2.156 20013 -20014 20024 -20025 20030 -20031 imp:n,p 1
300116 400116 -2.156 20013 -20014 20024 -20025 20031 -20032 imp:n,p 1
300117 400117 -2.156 20013 -20014 20024 -20025 20032 -20033 imp:n,p 1
300118 400118 -2.156 20013 -20014 20024 -20025 20033 -20034 imp:n,p 1
300119 400119 -2.156 20013 -20014 20024 -20025 20034 -20035 imp:n,p 1
300120 400120 -2.156 20014 -20015 20024 -20025 20030 -20031 imp:n,p 1
300121 400121 -2.156 20014 -20015 20024 -20025 20031 -20032 imp:n,p 1
300122 400122 -2.156 20014 -20015 20024 -20025 20032 -20033 imp:n,p 1
300123 400123 -2.156 20014 -20015 20024 -20025 20033 -20034 imp:n,p 1
300124 400124 -2.156 20014 -20015 20024 -20025 20034 -20035 imp:n,p 1
c
30 12 -0.00129 -200 #101 #121 #122 #123 #124 #125 #126 #127 #128 #129 #130 #131 #132 #133
        #21 #211 #212 #22 #221 #222 #23 #231 #232 #24 #241 #242 #20 imp:n,p 1 $Rest of the World
31 0 200 imp:n,p 0 $Outside world

c SURFACE CARDS
c
c Sample Volume
20010 px -56.0
20011 px -33.600000000000364
20012 px -11.200000000000728
20013 px 11.200000000000728
20014 px 33.600000000000364
20015 px 56.0
20020 py -45.0
20021 py -27.0
20022 py -9.0
20023 py 9.0
20024 py 27.0
20025 py 45.0
20030 pz 92.0
20031 pz 82.0
20032 pz 72.0
20033 pz 62.0
20034 pz 52.0
20035 pz 42.0
c Active Detector Region
21 rcc 56  -5.0 -1.0   0.0 20.3 0.0   4.5 $Detector 1 Base center, Hx,Hy,Hz, radius
c Shielding Surfaces
c Shielding Pb
31 rpp 19 29 -7.5 7.5 -11 9 $PbPE xmin xmax ymin ymax zmin zmax
32 rpp 9 19 4 9 -11 9 $Pb xmin xmax ymin ymax zmin zmax
33 rpp 9 19 -9 -4 -11 9 $Pb xmin xmax ymin ymax zmin zmax
34 rpp 19 29 7.5 12.5 -11 9 $Pb xmin xmax ymin ymax zmin zmax
35 rpp 19 29 -12.5 -7.5 -11 9 $Pb xmin xmax ymin ymax zmin zmax
36 rpp 29 34 -15 15 -11 9 $Pb xmin xmax ymin ymax zmin zmax
37 rpp 9 19 -4 4 4 9 $Pb xmin xmax ymin ymax zmin zmax
38 rpp -26 26 18 28 -11 9 $BA1 xmin xmax ymin ymax zmin zmax
39 rpp -26 26 -28 -18 -11 9 $BA2 xmin xmax ymin ymax zmin zmax
40 rpp -65 65 -28 28 10 10.5 $Al xmin xmax ymin ymax zmin zmax
401 rpp -27 27 29 34 -11 9 $Fe xmin xmax ymin ymax zmin zmax
402 rpp -27 27 -34 -29 -11 9 $Fe xmin xmax ymin ymax zmin zmax
301 px -20
302 px 18
303 cx 3.71
304 cx 3.81
c Wheels Surfaces
c 23/10.5-12 turf tires, 22.6 lb rubber
c diameter 29cm, tread width 25cm, and sidewall height 13.76 cm
c set thickness of all sides 1.3 cm (s.t. weight is 22.6 lb)
41 rcc -2 77 8   0.0 25 0.0 29 $wheel 1 outer tread surface
42 rcc -2 77 8   0.0 25 0.0 27.7 $wheel 1 inner tread surface
421 rcc -2 75.7 8   0.0 1.3 0.0 29 $wheel 1 outside sidewall exterior
422 rcc -2 75.7 8   0.0 1.3 0.0 15.24 $wheel 1 outside sidewall interior
423 rcc -2 102 8   0.0 1.3 0.0 29 $wheel 1 inside sidewall exterior
424 rcc -2 102 8   0.0 1.3 0.0 15.24 $wheel 1 inside sidewall interior
43 rcc 68 77 8   0.0 25 0.0 29 $wheel 2
44 rcc 68 77 8   0.0 25 0.0 27.7
441 rcc 68 75.7 8   0.0 1.3 0.0 29
442 rcc 68 75.7 8   0.0 1.3 0.0 15.24
443 rcc 68 102 8   0.0 1.3 0.0 29
444 rcc 68 102 8   0.0 1.3 0.0 15.24
45 rcc -2 -77 8   0.0 -25 0.0 29 $wheel 3
46 rcc -2 -77 8   0.0 -25 0.0 27.7
461 rcc -2 -75.7 8   0.0 -1.3 0.0 29
462 rcc -2 -75.7 8   0.0 -1.3 0.0 15.24
463 rcc -2 -102 8   0.0 -1.3 0.0 29
464 rcc -2 -102 8   0.0 -1.3 0.0 15.24
47 rcc 68 -77 8   0.0 -25 0.0 29 $wheel 4
48 rcc 68 -77 8   0.0 -25 0.0 27.7
481 rcc 68 -75.7 8   0.0 -1.3 0.0 29
482 rcc 68 -75.7 8   0.0 -1.3 0.0 15.24
483 rcc 68 -102 8   0.0 -1.3 0.0 29
484 rcc 68 -102 8   0.0 -1.3 0.0 15.24
200 so 800    $sphere of 800cm centered at origin
c

c DATA CARDS
mode n p
c dump every hr
prdmp -60 -60 -1
c 100 keV Neutron Energy Cutoff
Cut:n 1j 0.1
c analog neutron transport
phys:n 1j 14
phys:p
sdef pos=0 0 0 erg=14.0 vec= 0 0 1 dir=d1
si1  -1 .93 1
sp1   0  0.0  1.0
c ********************
c begin material cards
c ********************
c Pure Carbon
c ****************************************
m400000 6000 -0.00019795516992616508 7000 -0.00019795516992616508 14000 -0.9996040896601477 
m400001 6000 -0.0017116689072305302 7000 -0.0017116689072305302 14000 -0.996576662185539 
m400002 6000 -0.0043013175930048594 7000 -0.0043013175930048594 14000 -0.9913973648139902 
m400003 6000 -0.005819048860816902 7000 -0.005819048860816902 14000 -0.988361902278366 
m400004 6000 -0.006460634714405233 7000 -0.006460634714405233 14000 -0.9870787305711896 
m400005 6000 -0.00011056756259428996 7000 -0.00011056756259428996 14000 -0.9997788648748116 
m400006 6000 -0.0014354422599640552 7000 -0.0014354422599640552 14000 -0.9971291154800717 
m400007 6000 -0.004080131562995188 7000 -0.004080131562995188 14000 -0.9918397368740094 
m400008 6000 -0.00596579146444336 7000 -0.00596579146444336 14000 -0.9880684170711134 
m400009 6000 -0.006460055801662271 7000 -0.006460055801662271 14000 -0.9870798883966753 
m400010 6000 -0.0001411645317391207 7000 -0.0001411645317391207 14000 -0.9997176709365218 
m400011 6000 -0.0014536360078795225 7000 -0.0014536360078795225 14000 -0.997092727984241 
m400012 6000 -0.004374166750094605 7000 -0.004374166750094605 14000 -0.9912516664998108 
m400013 6000 -0.005781415847289273 7000 -0.005781415847289273 14000 -0.9884371683054215 
m400014 6000 -0.00642114803877373 7000 -0.00642114803877373 14000 -0.9871577039224525 
m400015 6000 -0.00011223917434860987 7000 -0.00011223917434860987 14000 -0.9997755216513027 
m400016 6000 -0.0017120596629722402 7000 -0.0017120596629722402 14000 -0.9965758806740556 
m400017 6000 -0.004176517484540443 7000 -0.004176517484540443 14000 -0.9916469650309192 
m400018 6000 -0.005981506767483762 7000 -0.005981506767483762 14000 -0.9880369864650325 
m400019 6000 -0.006436883523082573 7000 -0.006436883523082573 14000 -0.9871262329538351 
m400020 6000 -0.00012422578644416554 7000 -0.00012422578644416554 14000 -0.9997515484271117 
m400021 6000 -0.0013528599149850572 7000 -0.0013528599149850572 14000 -0.9972942801700302 
m400022 6000 -0.00413727219180483 7000 -0.00413727219180483 14000 -0.9917254556163907 
m400023 6000 -0.005898724798684652 7000 -0.005898724798684652 14000 -0.9882025504026306 
m400024 6000 -0.006442914944352142 7000 -0.006442914944352142 14000 -0.9871141701112955 
m400025 6000 -0.0001112426182768049 7000 -0.0001112426182768049 14000 -0.9997775147634465 
m400026 6000 -0.0015130642448730974 7000 -0.0015130642448730974 14000 -0.9969738715102539 
m400027 6000 -0.004309463649334847 7000 -0.004309463649334847 14000 -0.9913810727013302 
m400028 6000 -0.0059305002227375125 7000 -0.0059305002227375125 14000 -0.988138999554525 
m400029 6000 -0.006453750612358677 7000 -0.006453750612358677 14000 -0.9870924987752828 
m400030 6000 -0.00024354475945355725 7000 -0.00024354475945355725 14000 -0.9995129104810929 
m400031 6000 -0.0018964918244419526 7000 -0.0018964918244419526 14000 -0.996207016351116 
m400032 6000 -0.004073334740904261 7000 -0.004073334740904261 14000 -0.9918533305181917 
m400033 6000 -0.0059390007260819175 7000 -0.0059390007260819175 14000 -0.9881219985478361 
m400034 6000 -0.0064714218029327305 7000 -0.0064714218029327305 14000 -0.9870571563941346 
m400035 6000 -0.00015592024206431785 7000 -0.00015592024206431785 14000 -0.9996881595158713 
m400036 6000 -0.0016900091166503206 7000 -0.0016900091166503206 14000 -0.9966199817666994 
m400037 6000 -0.0043598437750930205 7000 -0.0043598437750930205 14000 -0.9912803124498138 
m400038 6000 -0.006075057500249242 7000 -0.006075057500249242 14000 -0.9878498849995015 
m400039 6000 -0.006475865816189402 7000 -0.006475865816189402 14000 -0.9870482683676208 
m400040 6000 -0.00011617417353875024 7000 -0.00011617417353875024 14000 -0.9997676516529226 
m400041 6000 -0.0014250523974243324 7000 -0.0014250523974243324 14000 -0.9971498952051513 
m400042 6000 -0.003998879736950372 7000 -0.003998879736950372 14000 -0.9920022405260993 
m400043 6000 -0.005747748509914963 7000 -0.005747748509914963 14000 -0.9885045029801702 
m400044 6000 -0.006500013564959075 7000 -0.006500013564959075 14000 -0.9869999728700819 
m400045 6000 -0.00016294336179854084 7000 -0.00016294336179854084 14000 -0.9996741132764031 
m400046 6000 -0.0016153561430827116 7000 -0.0016153561430827116 14000 -0.9967692877138346 
m400047 6000 -0.003968942915292621 7000 -0.003968942915292621 14000 -0.992062114169415 
m400048 6000 -0.006000882213695535 7000 -0.006000882213695535 14000 -0.9879982355726089 
m400049 6000 -0.006475789570762339 7000 -0.006475789570762339 14000 -0.9870484208584753 
m400050 6000 -7.605374626985708e-05 7000 -7.605374626985708e-05 14000 -0.9998478925074603 
m400051 6000 -0.0022956475292228206 7000 -0.0022956475292228206 14000 -0.9954087049415544 
m400052 6000 -0.004207268880189643 7000 -0.004207268880189643 14000 -0.9915854622396207 
m400053 6000 -0.005836154028610147 7000 -0.005836154028610147 14000 -0.9883276919427795 
m400054 6000 -0.006457865965830732 7000 -0.006457865965830732 14000 -0.9870842680683386 
m400055 6000 -0.0001324262928976683 7000 -0.0001324262928976683 14000 -0.9997351474142046 
m400056 6000 -0.001863615510933841 7000 -0.001863615510933841 14000 -0.9962727689781323 
m400057 6000 -0.004074712815978368 7000 -0.004074712815978368 14000 -0.9918505743680432 
m400058 6000 -0.005827454397992771 7000 -0.005827454397992771 14000 -0.9883450912040145 
m400059 6000 -0.006468172528158766 7000 -0.006468172528158766 14000 -0.9870636549436829 
m400060 6000 -0.0001753668235624071 7000 -0.0001753668235624071 14000 -0.9996492663528751 
m400061 6000 -0.0019623741340797154 7000 -0.0019623741340797154 14000 -0.9960752517318404 
m400062 6000 -0.004211183520056338 7000 -0.004211183520056338 14000 -0.991577632959887 
m400063 6000 -0.005817858273371195 7000 -0.005817858273371195 14000 -0.9883642834532577 
m400064 6000 -0.006477490092808879 7000 -0.006477490092808879 14000 -0.9870450198143823 
m400065 6000 -9.355356073363462e-05 7000 -9.355356073363462e-05 14000 -0.9998128928785327 
m400066 6000 -0.0017284164244237713 7000 -0.0017284164244237713 14000 -0.9965431671511524 
m400067 6000 -0.003826783182026426 7000 -0.003826783182026426 14000 -0.9923464336359471 
m400068 6000 -0.0058262384749015435 7000 -0.0058262384749015435 14000 -0.9883475230501969 
m400069 6000 -0.00644057758359444 7000 -0.00644057758359444 14000 -0.9871188448328114 
m400070 6000 -0.0001416828568227873 7000 -0.0001416828568227873 14000 -0.9997166342863545 
m400071 6000 -0.001485223269648783 7000 -0.001485223269648783 14000 -0.9970295534607021 
m400072 6000 -0.0039825422056910895 7000 -0.0039825422056910895 14000 -0.992034915588618 
m400073 6000 -0.005728799766933119 7000 -0.005728799766933119 14000 -0.9885424004661335 
m400074 6000 -0.006439369986588291 7000 -0.006439369986588291 14000 -0.987121260026823 
m400075 6000 -0.00016790459569265476 7000 -0.00016790459569265476 14000 -0.9996641908086148 
m400076 6000 -0.001567520397085708 7000 -0.001567520397085708 14000 -0.9968649592058287 
m400077 6000 -0.003980459448077344 7000 -0.003980459448077344 14000 -0.9920390811038454 
m400078 6000 -0.005902676889891331 7000 -0.005902676889891331 14000 -0.9881946462202172 
m400079 6000 -0.0064556806761627795 7000 -0.0064556806761627795 14000 -0.9870886386476744 
m400080 6000 -0.00011909181769545573 7000 -0.00011909181769545573 14000 -0.999761816364609 
m400081 6000 -0.001691557731535492 7000 -0.001691557731535492 14000 -0.996616884536929 
m400082 6000 -0.004191871107327061 7000 -0.004191871107327061 14000 -0.9916162577853459 
m400083 6000 -0.005963176848094856 7000 -0.005963176848094856 14000 -0.9880736463038103 
m400084 6000 -0.00644004898137487 7000 -0.00644004898137487 14000 -0.9871199020372502 
m400085 6000 -5.019094340189476e-05 7000 -5.019094340189476e-05 14000 -0.9998996181131962 
m400086 6000 -0.0018481595240844011 7000 -0.0018481595240844011 14000 -0.9963036809518313 
m400087 6000 -0.00385537741684359 7000 -0.00385537741684359 14000 -0.9922892451663131 
m400088 6000 -0.005835450730794555 7000 -0.005835450730794555 14000 -0.9883290985384108 
m400089 6000 -0.00650420500299282 7000 -0.00650420500299282 14000 -0.9869915899940144 
m400090 6000 -0.00018954689653893228 7000 -0.00018954689653893228 14000 -0.9996209062069221 
m400091 6000 -0.0013451809485447385 7000 -0.0013451809485447385 14000 -0.9973096381029106 
m400092 6000 -0.003956339248600165 7000 -0.003956339248600165 14000 -0.9920873215027995 
m400093 6000 -0.005701865051806101 7000 -0.005701865051806101 14000 -0.9885962698963882 
m400094 6000 -0.006489727730031318 7000 -0.006489727730031318 14000 -0.9870205445399373 
m400095 6000 -0.00014208775384555287 7000 -0.00014208775384555287 14000 -0.9997158244923089 
m400096 6000 -0.0018601067184497026 7000 -0.0018601067184497026 14000 -0.9962797865631008 
m400097 6000 -0.004193969670508777 7000 -0.004193969670508777 14000 -0.9916120606589826 
m400098 6000 -0.005937719134281172 7000 -0.005937719134281172 14000 -0.9881245617314377 
m400099 6000 -0.006450910642602816 7000 -0.006450910642602816 14000 -0.9870981787147943 
m400100 6000 -9.623744402279856e-05 7000 -9.623744402279856e-05 14000 -0.9998075251119545 
m400101 6000 -0.0016067217634018408 7000 -0.0016067217634018408 14000 -0.9967865564731963 
m400102 6000 -0.0040505389993730385 7000 -0.0040505389993730385 14000 -0.9918989220012537 
m400103 6000 -0.005867038307135468 7000 -0.005867038307135468 14000 -0.988265923385729 
m400104 6000 -0.00646248649235475 7000 -0.00646248649235475 14000 -0.98707502701529 
m400105 6000 -6.74714570298227e-05 7000 -6.74714570298227e-05 14000 -0.9998650570859404 
m400106 6000 -0.0018051502456825049 7000 -0.0018051502456825049 14000 -0.996389699508635 
m400107 6000 -0.0038181135342894835 7000 -0.0038181135342894835 14000 -0.9923637729314213 
m400108 6000 -0.0057902640077770184 7000 -0.0057902640077770184 14000 -0.9884194719844459 
m400109 6000 -0.0064801657881555595 7000 -0.0064801657881555595 14000 -0.9870396684236887 
m400110 6000 -0.00013254690128275152 7000 -0.00013254690128275152 14000 -0.9997349061974343 
m400111 6000 -0.0016173597880607513 7000 -0.0016173597880607513 14000 -0.9967652804238787 
m400112 6000 -0.004221407394385841 7000 -0.004221407394385841 14000 -0.9915571852112283 
m400113 6000 -0.005808585540196213 7000 -0.005808585540196213 14000 -0.9883828289196073 
m400114 6000 -0.006521757783554107 7000 -0.006521757783554107 14000 -0.9869564844328917 
m400115 6000 -0.00016472179689531658 7000 -0.00016472179689531658 14000 -0.9996705564062096 
m400116 6000 -0.001724149178598271 7000 -0.001724149178598271 14000 -0.9965517016428035 
m400117 6000 -0.004316287753000385 7000 -0.004316287753000385 14000 -0.9913674244939991 
m400118 6000 -0.005832248189137118 7000 -0.005832248189137118 14000 -0.9883355036217257 
m400119 6000 -0.006420341433585288 7000 -0.006420341433585288 14000 -0.9871593171328296 
m400120 6000 -0.00021270111315695064 7000 -0.00021270111315695064 14000 -0.9995745977736861 
m400121 6000 -0.0017045036072082973 7000 -0.0017045036072082973 14000 -0.9965909927855836 
m400122 6000 -0.004059791933069965 7000 -0.004059791933069965 14000 -0.99188041613386 
m400123 6000 -0.005909210069577215 7000 -0.005909210069577215 14000 -0.9881815798608455 
m400124 6000 -0.006476774083531541 7000 -0.006476774083531541 14000 -0.987046451832937 
c **********************************
c PE+Pb, dens=4.78 g/cm3
m2      6000    -0.04286 $Carbon
        1001    -0.00714 $Hydrogen
        82000   -0.95000 $Lead
c **********************************
m3    1001 -0.048535 $Boric acid
      5010 -0.034981
      5011 -0.139923
      8016 -0.776561
c **********************************
m4    82000 1 $Lead
c **********************************
m5 26000 1 $Iron
c **********************************
m6     13027   -1.000 $ Aluminum
c **********************************
c  SS-304 (8.00 g/cm3), #298 in PNNL Compendium
m7   006000.50c -0.0004000
     014000.60c -0.0050000
     015031.50c -0.0002300
     016000.60c -0.0001500
     024000.50c -0.1899981
     025055.60c -0.0099999
     026000.50c -0.7017229
     028000.50c -0.0924991
c ****************************************
c       LaBr detector
c ****************************************
m8       35079    -0.2946       $ Br79
         35081    -0.3069       $ Br81
         57139    -0.3485       $ La139
         58140    -0.0500       $ Ce140
c ************ air den=1.15e-3g/cc
m12     8016 -0.23
        7014 -0.77
c ************ Rubber Natural den=0.92 g/cc
m13     1001 -0.118371  $weight fraction
        6000 -0.881629
c
c end material cards
c
rand seed=8674536546524321 $different initial random #; seed# - any less 18 digits
c
c ********** begin tallies *********************
fc78 *********Broadened Pulse Height Tally Sum of Detectors 1,2 & 3 ***********
e78 0 1e-5 932i 8.4295
F78:p (101)
FT78 GEB -0.026198 0.059551 -0.037176
fc18 *********Unbroadened Pulse Height Tally Sum of Detectors 1,2 & 3 ***********
e18 0 1e-5 932i 8.4295
F18:p (101)
c ***********************************
c mplot tal 78 freq 10000
nps 1e9
