c CAS DETECTOR
c w/ Shielding in Place and Wheels
c
c CELL CARDS
c
c @@@@@@@@@@ Detectors @@@@@@@@@@@@@@@@@
c
101 8 -5.08 -21 imp:n,p 1 $LaBr Detector #1 Active Region
c
c @@@@@@@@@ Shielding @@@@@@@@@@@@@@@@@
c
121 2 -4.78 -31 imp:n,p 1 $PE_Pb
122 4 -11.29 -32 imp:n,p 1 $Pb1
123 4 -11.29 -33 imp:n,p 1 $Pb2
124 4 -11.29 -34 imp:n,p 1 $Pb3
125 4 -11.29 -35 imp:n,p 1 $Pb4
126 4 -11.29 -36 imp:n,p 1 $Pb5
127 4 -11.29 -37 imp:n,p 1 $Pb6
128 3 -1.5 -38 imp:n,p 1 $BA1
129 3 -1.5 -39 imp:n,p 1 $BA2
130 6 -2.7 -40 imp:n,p 1 $Al
131 7 -7.92 301 -302 303 -304 imp:n,p 1 $Fe-tube
132 5 -7.8 -401 imp:n,p 1 $Fe
133 5 -7.8 -402 imp:n,p 1 $Fe
c @@@@@@@@@@ Wheels @@@@@@@@@@@@@@@@@
c
21 13 -0.92 -41 42 imp:n,p 1 $Wheel 1
211 13 -0.92 -421 422 imp:n,p 1 $Wheel 1
212 13 -0.92 -423 424 imp:n,p 1 $Wheel 1
22 13 -0.92 -43 44 imp:n,p 1 $Wheel 2
221 13 -0.92 -441 442 imp:n,p 1 $Wheel 2
222 13 -0.92 -443 444 imp:n,p 1 $Wheel 2
23 13 -0.92 -45 46 imp:n,p 1 $Wheel 3
231 13 -0.92 -461 462 imp:n,p 1 $Wheel 3
232 13 -0.92 -463 464 imp:n,p 1 $Wheel 3
24 13 -0.92 -47 48 imp:n,p 1 $Wheel 4
241 13 -0.92 -481 482 imp:n,p 1 $Wheel 4
242 13 -0.92 -483 484 imp:n,p 1 $Wheel 4
c
c @@@@@@@@@@ SOIL VOLUME @@@@@@@@@@@
c
300000 400000 -2.156 20010 -20011 20020 -20021 20030 -20031 imp:n,p 1
300001 400001 -2.156 20010 -20011 20020 -20021 20031 -20032 imp:n,p 1
300002 400002 -2.156 20010 -20011 20020 -20021 20032 -20033 imp:n,p 1
300003 400003 -2.156 20010 -20011 20020 -20021 20033 -20034 imp:n,p 1
300004 400004 -2.156 20010 -20011 20020 -20021 20034 -20035 imp:n,p 1
300005 400005 -2.156 20011 -20012 20020 -20021 20030 -20031 imp:n,p 1
300006 400006 -2.156 20011 -20012 20020 -20021 20031 -20032 imp:n,p 1
300007 400007 -2.156 20011 -20012 20020 -20021 20032 -20033 imp:n,p 1
300008 400008 -2.156 20011 -20012 20020 -20021 20033 -20034 imp:n,p 1
300009 400009 -2.156 20011 -20012 20020 -20021 20034 -20035 imp:n,p 1
300010 400010 -2.156 20012 -20013 20020 -20021 20030 -20031 imp:n,p 1
300011 400011 -2.156 20012 -20013 20020 -20021 20031 -20032 imp:n,p 1
300012 400012 -2.156 20012 -20013 20020 -20021 20032 -20033 imp:n,p 1
300013 400013 -2.156 20012 -20013 20020 -20021 20033 -20034 imp:n,p 1
300014 400014 -2.156 20012 -20013 20020 -20021 20034 -20035 imp:n,p 1
300015 400015 -2.156 20013 -20014 20020 -20021 20030 -20031 imp:n,p 1
300016 400016 -2.156 20013 -20014 20020 -20021 20031 -20032 imp:n,p 1
300017 400017 -2.156 20013 -20014 20020 -20021 20032 -20033 imp:n,p 1
300018 400018 -2.156 20013 -20014 20020 -20021 20033 -20034 imp:n,p 1
300019 400019 -2.156 20013 -20014 20020 -20021 20034 -20035 imp:n,p 1
300020 400020 -2.156 20014 -20015 20020 -20021 20030 -20031 imp:n,p 1
300021 400021 -2.156 20014 -20015 20020 -20021 20031 -20032 imp:n,p 1
300022 400022 -2.156 20014 -20015 20020 -20021 20032 -20033 imp:n,p 1
300023 400023 -2.156 20014 -20015 20020 -20021 20033 -20034 imp:n,p 1
300024 400024 -2.156 20014 -20015 20020 -20021 20034 -20035 imp:n,p 1
300025 400025 -2.156 20010 -20011 20021 -20022 20030 -20031 imp:n,p 1
300026 400026 -2.156 20010 -20011 20021 -20022 20031 -20032 imp:n,p 1
300027 400027 -2.156 20010 -20011 20021 -20022 20032 -20033 imp:n,p 1
300028 400028 -2.156 20010 -20011 20021 -20022 20033 -20034 imp:n,p 1
300029 400029 -2.156 20010 -20011 20021 -20022 20034 -20035 imp:n,p 1
300030 400030 -2.156 20011 -20012 20021 -20022 20030 -20031 imp:n,p 1
300031 400031 -2.156 20011 -20012 20021 -20022 20031 -20032 imp:n,p 1
300032 400032 -2.156 20011 -20012 20021 -20022 20032 -20033 imp:n,p 1
300033 400033 -2.156 20011 -20012 20021 -20022 20033 -20034 imp:n,p 1
300034 400034 -2.156 20011 -20012 20021 -20022 20034 -20035 imp:n,p 1
300035 400035 -2.156 20012 -20013 20021 -20022 20030 -20031 imp:n,p 1
300036 400036 -2.156 20012 -20013 20021 -20022 20031 -20032 imp:n,p 1
300037 400037 -2.156 20012 -20013 20021 -20022 20032 -20033 imp:n,p 1
300038 400038 -2.156 20012 -20013 20021 -20022 20033 -20034 imp:n,p 1
300039 400039 -2.156 20012 -20013 20021 -20022 20034 -20035 imp:n,p 1
300040 400040 -2.156 20013 -20014 20021 -20022 20030 -20031 imp:n,p 1
300041 400041 -2.156 20013 -20014 20021 -20022 20031 -20032 imp:n,p 1
300042 400042 -2.156 20013 -20014 20021 -20022 20032 -20033 imp:n,p 1
300043 400043 -2.156 20013 -20014 20021 -20022 20033 -20034 imp:n,p 1
300044 400044 -2.156 20013 -20014 20021 -20022 20034 -20035 imp:n,p 1
300045 400045 -2.156 20014 -20015 20021 -20022 20030 -20031 imp:n,p 1
300046 400046 -2.156 20014 -20015 20021 -20022 20031 -20032 imp:n,p 1
300047 400047 -2.156 20014 -20015 20021 -20022 20032 -20033 imp:n,p 1
300048 400048 -2.156 20014 -20015 20021 -20022 20033 -20034 imp:n,p 1
300049 400049 -2.156 20014 -20015 20021 -20022 20034 -20035 imp:n,p 1
300050 400050 -2.156 20010 -20011 20022 -20023 20030 -20031 imp:n,p 1
300051 400051 -2.156 20010 -20011 20022 -20023 20031 -20032 imp:n,p 1
300052 400052 -2.156 20010 -20011 20022 -20023 20032 -20033 imp:n,p 1
300053 400053 -2.156 20010 -20011 20022 -20023 20033 -20034 imp:n,p 1
300054 400054 -2.156 20010 -20011 20022 -20023 20034 -20035 imp:n,p 1
300055 400055 -2.156 20011 -20012 20022 -20023 20030 -20031 imp:n,p 1
300056 400056 -2.156 20011 -20012 20022 -20023 20031 -20032 imp:n,p 1
300057 400057 -2.156 20011 -20012 20022 -20023 20032 -20033 imp:n,p 1
300058 400058 -2.156 20011 -20012 20022 -20023 20033 -20034 imp:n,p 1
300059 400059 -2.156 20011 -20012 20022 -20023 20034 -20035 imp:n,p 1
300060 400060 -2.156 20012 -20013 20022 -20023 20030 -20031 imp:n,p 1
300061 400061 -2.156 20012 -20013 20022 -20023 20031 -20032 imp:n,p 1
300062 400062 -2.156 20012 -20013 20022 -20023 20032 -20033 imp:n,p 1
300063 400063 -2.156 20012 -20013 20022 -20023 20033 -20034 imp:n,p 1
300064 400064 -2.156 20012 -20013 20022 -20023 20034 -20035 imp:n,p 1
300065 400065 -2.156 20013 -20014 20022 -20023 20030 -20031 imp:n,p 1
300066 400066 -2.156 20013 -20014 20022 -20023 20031 -20032 imp:n,p 1
300067 400067 -2.156 20013 -20014 20022 -20023 20032 -20033 imp:n,p 1
300068 400068 -2.156 20013 -20014 20022 -20023 20033 -20034 imp:n,p 1
300069 400069 -2.156 20013 -20014 20022 -20023 20034 -20035 imp:n,p 1
300070 400070 -2.156 20014 -20015 20022 -20023 20030 -20031 imp:n,p 1
300071 400071 -2.156 20014 -20015 20022 -20023 20031 -20032 imp:n,p 1
300072 400072 -2.156 20014 -20015 20022 -20023 20032 -20033 imp:n,p 1
300073 400073 -2.156 20014 -20015 20022 -20023 20033 -20034 imp:n,p 1
300074 400074 -2.156 20014 -20015 20022 -20023 20034 -20035 imp:n,p 1
300075 400075 -2.156 20010 -20011 20023 -20024 20030 -20031 imp:n,p 1
300076 400076 -2.156 20010 -20011 20023 -20024 20031 -20032 imp:n,p 1
300077 400077 -2.156 20010 -20011 20023 -20024 20032 -20033 imp:n,p 1
300078 400078 -2.156 20010 -20011 20023 -20024 20033 -20034 imp:n,p 1
300079 400079 -2.156 20010 -20011 20023 -20024 20034 -20035 imp:n,p 1
300080 400080 -2.156 20011 -20012 20023 -20024 20030 -20031 imp:n,p 1
300081 400081 -2.156 20011 -20012 20023 -20024 20031 -20032 imp:n,p 1
300082 400082 -2.156 20011 -20012 20023 -20024 20032 -20033 imp:n,p 1
300083 400083 -2.156 20011 -20012 20023 -20024 20033 -20034 imp:n,p 1
300084 400084 -2.156 20011 -20012 20023 -20024 20034 -20035 imp:n,p 1
300085 400085 -2.156 20012 -20013 20023 -20024 20030 -20031 imp:n,p 1
300086 400086 -2.156 20012 -20013 20023 -20024 20031 -20032 imp:n,p 1
300087 400087 -2.156 20012 -20013 20023 -20024 20032 -20033 imp:n,p 1
300088 400088 -2.156 20012 -20013 20023 -20024 20033 -20034 imp:n,p 1
300089 400089 -2.156 20012 -20013 20023 -20024 20034 -20035 imp:n,p 1
300090 400090 -2.156 20013 -20014 20023 -20024 20030 -20031 imp:n,p 1
300091 400091 -2.156 20013 -20014 20023 -20024 20031 -20032 imp:n,p 1
300092 400092 -2.156 20013 -20014 20023 -20024 20032 -20033 imp:n,p 1
300093 400093 -2.156 20013 -20014 20023 -20024 20033 -20034 imp:n,p 1
300094 400094 -2.156 20013 -20014 20023 -20024 20034 -20035 imp:n,p 1
300095 400095 -2.156 20014 -20015 20023 -20024 20030 -20031 imp:n,p 1
300096 400096 -2.156 20014 -20015 20023 -20024 20031 -20032 imp:n,p 1
300097 400097 -2.156 20014 -20015 20023 -20024 20032 -20033 imp:n,p 1
300098 400098 -2.156 20014 -20015 20023 -20024 20033 -20034 imp:n,p 1
300099 400099 -2.156 20014 -20015 20023 -20024 20034 -20035 imp:n,p 1
300100 400100 -2.156 20010 -20011 20024 -20025 20030 -20031 imp:n,p 1
300101 400101 -2.156 20010 -20011 20024 -20025 20031 -20032 imp:n,p 1
300102 400102 -2.156 20010 -20011 20024 -20025 20032 -20033 imp:n,p 1
300103 400103 -2.156 20010 -20011 20024 -20025 20033 -20034 imp:n,p 1
300104 400104 -2.156 20010 -20011 20024 -20025 20034 -20035 imp:n,p 1
300105 400105 -2.156 20011 -20012 20024 -20025 20030 -20031 imp:n,p 1
300106 400106 -2.156 20011 -20012 20024 -20025 20031 -20032 imp:n,p 1
300107 400107 -2.156 20011 -20012 20024 -20025 20032 -20033 imp:n,p 1
300108 400108 -2.156 20011 -20012 20024 -20025 20033 -20034 imp:n,p 1
300109 400109 -2.156 20011 -20012 20024 -20025 20034 -20035 imp:n,p 1
300110 400110 -2.156 20012 -20013 20024 -20025 20030 -20031 imp:n,p 1
300111 400111 -2.156 20012 -20013 20024 -20025 20031 -20032 imp:n,p 1
300112 400112 -2.156 20012 -20013 20024 -20025 20032 -20033 imp:n,p 1
300113 400113 -2.156 20012 -20013 20024 -20025 20033 -20034 imp:n,p 1
300114 400114 -2.156 20012 -20013 20024 -20025 20034 -20035 imp:n,p 1
300115 400115 -2.156 20013 -20014 20024 -20025 20030 -20031 imp:n,p 1
300116 400116 -2.156 20013 -20014 20024 -20025 20031 -20032 imp:n,p 1
300117 400117 -2.156 20013 -20014 20024 -20025 20032 -20033 imp:n,p 1
300118 400118 -2.156 20013 -20014 20024 -20025 20033 -20034 imp:n,p 1
300119 400119 -2.156 20013 -20014 20024 -20025 20034 -20035 imp:n,p 1
300120 400120 -2.156 20014 -20015 20024 -20025 20030 -20031 imp:n,p 1
300121 400121 -2.156 20014 -20015 20024 -20025 20031 -20032 imp:n,p 1
300122 400122 -2.156 20014 -20015 20024 -20025 20032 -20033 imp:n,p 1
300123 400123 -2.156 20014 -20015 20024 -20025 20033 -20034 imp:n,p 1
300124 400124 -2.156 20014 -20015 20024 -20025 20034 -20035 imp:n,p 1
c
30 12 -0.00129 -200 #101 #121 #122 #123 #124 #125 #126 #127 #128 #129 #130 #131 #132 #133
        #21 #211 #212 #22 #221 #222 #23 #231 #232 #24 #241 #242 #20 imp:n,p 1 $Rest of the World
31 0 200 imp:n,p 0 $Outside world

c SURFACE CARDS
c
c Sample Volume
20010 px -56.0
20011 px -33.600000000000364
20012 px -11.200000000000728
20013 px 11.200000000000728
20014 px 33.600000000000364
20015 px 56.0
20020 py -45.0
20021 py -27.0
20022 py -9.0
20023 py 9.0
20024 py 27.0
20025 py 45.0
20030 pz 92.0
20031 pz 82.0
20032 pz 72.0
20033 pz 62.0
20034 pz 52.0
20035 pz 42.0
c Active Detector Region
21 rcc 56  -5.0 -1.0   0.0 20.3 0.0   4.5 $Detector 1 Base center, Hx,Hy,Hz, radius
c Shielding Surfaces
c Shielding Pb
31 rpp 19 29 -7.5 7.5 -11 9 $PbPE xmin xmax ymin ymax zmin zmax
32 rpp 9 19 4 9 -11 9 $Pb xmin xmax ymin ymax zmin zmax
33 rpp 9 19 -9 -4 -11 9 $Pb xmin xmax ymin ymax zmin zmax
34 rpp 19 29 7.5 12.5 -11 9 $Pb xmin xmax ymin ymax zmin zmax
35 rpp 19 29 -12.5 -7.5 -11 9 $Pb xmin xmax ymin ymax zmin zmax
36 rpp 29 34 -15 15 -11 9 $Pb xmin xmax ymin ymax zmin zmax
37 rpp 9 19 -4 4 4 9 $Pb xmin xmax ymin ymax zmin zmax
38 rpp -26 26 18 28 -11 9 $BA1 xmin xmax ymin ymax zmin zmax
39 rpp -26 26 -28 -18 -11 9 $BA2 xmin xmax ymin ymax zmin zmax
40 rpp -65 65 -28 28 10 10.5 $Al xmin xmax ymin ymax zmin zmax
401 rpp -27 27 29 34 -11 9 $Fe xmin xmax ymin ymax zmin zmax
402 rpp -27 27 -34 -29 -11 9 $Fe xmin xmax ymin ymax zmin zmax
301 px -20
302 px 18
303 cx 3.71
304 cx 3.81
c Wheels Surfaces
c 23/10.5-12 turf tires, 22.6 lb rubber
c diameter 29cm, tread width 25cm, and sidewall height 13.76 cm
c set thickness of all sides 1.3 cm (s.t. weight is 22.6 lb)
41 rcc -2 77 8   0.0 25 0.0 29 $wheel 1 outer tread surface
42 rcc -2 77 8   0.0 25 0.0 27.7 $wheel 1 inner tread surface
421 rcc -2 75.7 8   0.0 1.3 0.0 29 $wheel 1 outside sidewall exterior
422 rcc -2 75.7 8   0.0 1.3 0.0 15.24 $wheel 1 outside sidewall interior
423 rcc -2 102 8   0.0 1.3 0.0 29 $wheel 1 inside sidewall exterior
424 rcc -2 102 8   0.0 1.3 0.0 15.24 $wheel 1 inside sidewall interior
43 rcc 68 77 8   0.0 25 0.0 29 $wheel 2
44 rcc 68 77 8   0.0 25 0.0 27.7
441 rcc 68 75.7 8   0.0 1.3 0.0 29
442 rcc 68 75.7 8   0.0 1.3 0.0 15.24
443 rcc 68 102 8   0.0 1.3 0.0 29
444 rcc 68 102 8   0.0 1.3 0.0 15.24
45 rcc -2 -77 8   0.0 -25 0.0 29 $wheel 3
46 rcc -2 -77 8   0.0 -25 0.0 27.7
461 rcc -2 -75.7 8   0.0 -1.3 0.0 29
462 rcc -2 -75.7 8   0.0 -1.3 0.0 15.24
463 rcc -2 -102 8   0.0 -1.3 0.0 29
464 rcc -2 -102 8   0.0 -1.3 0.0 15.24
47 rcc 68 -77 8   0.0 -25 0.0 29 $wheel 4
48 rcc 68 -77 8   0.0 -25 0.0 27.7
481 rcc 68 -75.7 8   0.0 -1.3 0.0 29
482 rcc 68 -75.7 8   0.0 -1.3 0.0 15.24
483 rcc 68 -102 8   0.0 -1.3 0.0 29
484 rcc 68 -102 8   0.0 -1.3 0.0 15.24
200 so 800    $sphere of 800cm centered at origin
c

c DATA CARDS
mode n p
c dump every hr
prdmp -60 -60 -1
c 100 keV Neutron Energy Cutoff
Cut:n 1j 0.1
c analog neutron transport
phys:n 1j 14
phys:p
sdef pos=0 0 0 erg=14.0 vec= 0 0 1 dir=d1
si1  -1 .93 1
sp1   0  0.0  1.0
c ********************
c begin material cards
c ********************
c Pure Carbon
c ****************************************
m400000 6000 -0.0002543723323982817 7000 -0.0002543723323982817 14000 -0.9994912553352033 
m400001 6000 -0.0014288478680999528 7000 -0.0014288478680999528 14000 -0.9971423042638 
m400002 6000 -0.004152601140454836 7000 -0.004152601140454836 14000 -0.9916947977190905 
m400003 6000 -0.005934639375001058 7000 -0.005934639375001058 14000 -0.988130721249998 
m400004 6000 -0.006522494207166224 7000 -0.006522494207166224 14000 -0.9869550115856676 
m400005 6000 -0.000190035761569082 7000 -0.000190035761569082 14000 -0.9996199284768618 
m400006 6000 -0.0014551697915314802 7000 -0.0014551697915314802 14000 -0.997089660416937 
m400007 6000 -0.00414094788662933 7000 -0.00414094788662933 14000 -0.9917181042267412 
m400008 6000 -0.005878873368923616 7000 -0.005878873368923616 14000 -0.9882422532621525 
m400009 6000 -0.006501495913948143 7000 -0.006501495913948143 14000 -0.9869970081721037 
m400010 6000 -0.00019488127870166965 7000 -0.00019488127870166965 14000 -0.9996102374425965 
m400011 6000 -0.0019695058716359963 7000 -0.0019695058716359963 14000 -0.9960609882567281 
m400012 6000 -0.004135167950341584 7000 -0.004135167950341584 14000 -0.9917296640993167 
m400013 6000 -0.006124731614935326 7000 -0.006124731614935326 14000 -0.9877505367701295 
m400014 6000 -0.006557625197065657 7000 -0.006557625197065657 14000 -0.9868847496058689 
m400015 6000 -0.0002076830926644408 7000 -0.0002076830926644408 14000 -0.9995846338146711 
m400016 6000 -0.0017571346528376676 7000 -0.0017571346528376676 14000 -0.9964857306943246 
m400017 6000 -0.004441715502732581 7000 -0.004441715502732581 14000 -0.9911165689945345 
m400018 6000 -0.006003437963983842 7000 -0.006003437963983842 14000 -0.9879931240720323 
m400019 6000 -0.006466034301451917 7000 -0.006466034301451917 14000 -0.9870679313970959 
m400020 6000 -0.00017124426533705634 7000 -0.00017124426533705634 14000 -0.9996575114693259 
m400021 6000 -0.001876239695202639 7000 -0.001876239695202639 14000 -0.9962475206095948 
m400022 6000 -0.004080184180464528 7000 -0.004080184180464528 14000 -0.991839631639071 
m400023 6000 -0.0058270117587678515 7000 -0.0058270117587678515 14000 -0.988345976482464 
m400024 6000 -0.006531138951157044 7000 -0.006531138951157044 14000 -0.9869377220976858 
m400025 6000 -0.00015690327002665323 7000 -0.00015690327002665323 14000 -0.9996861934599467 
m400026 6000 -0.0017482176625131607 7000 -0.0017482176625131607 14000 -0.9965035646749739 
m400027 6000 -0.004488027359762139 7000 -0.004488027359762139 14000 -0.9910239452804757 
m400028 6000 -0.005956074819382493 7000 -0.005956074819382493 14000 -0.9880878503612348 
m400029 6000 -0.00654988248515641 7000 -0.00654988248515641 14000 -0.986900235029687 
m400030 6000 -0.00012463481778998486 7000 -0.00012463481778998486 14000 -0.99975073036442 
m400031 6000 -0.0015322255738622614 7000 -0.0015322255738622614 14000 -0.9969355488522755 
m400032 6000 -0.004211348866720262 7000 -0.004211348866720262 14000 -0.9915773022665594 
m400033 6000 -0.005982523686452205 7000 -0.005982523686452205 14000 -0.9880349526270958 
m400034 6000 -0.00648047753494045 7000 -0.00648047753494045 14000 -0.9870390449301192 
m400035 6000 -0.0002210770923787237 7000 -0.0002210770923787237 14000 -0.9995578458152425 
m400036 6000 -0.0015262720456014828 7000 -0.0015262720456014828 14000 -0.996947455908797 
m400037 6000 -0.004365848053878614 7000 -0.004365848053878614 14000 -0.9912683038922426 
m400038 6000 -0.0059572506731705825 7000 -0.0059572506731705825 14000 -0.9880854986536588 
m400039 6000 -0.006538595083377734 7000 -0.006538595083377734 14000 -0.9869228098332442 
m400040 6000 -0.0001422068647926646 7000 -0.0001422068647926646 14000 -0.9997155862704146 
m400041 6000 -0.0011942237075574446 7000 -0.0011942237075574446 14000 -0.997611552584885 
m400042 6000 -0.00404845685112349 7000 -0.00404845685112349 14000 -0.9919030862977529 
m400043 6000 -0.005890608896051629 7000 -0.005890608896051629 14000 -0.9882187822078967 
m400044 6000 -0.006530793062451088 7000 -0.006530793062451088 14000 -0.9869384138750977 
m400045 6000 -0.0001610808434709287 7000 -0.0001610808434709287 14000 -0.9996778383130581 
m400046 6000 -0.001929397089125499 7000 -0.001929397089125499 14000 -0.9961412058217488 
m400047 6000 -0.004009248537427078 7000 -0.004009248537427078 14000 -0.9919815029251459 
m400048 6000 -0.005968183494999911 7000 -0.005968183494999911 14000 -0.9880636330100003 
m400049 6000 -0.006513108776434709 7000 -0.006513108776434709 14000 -0.9869737824471304 
m400050 6000 -0.00025293766747424564 7000 -0.00025293766747424564 14000 -0.9994941246650516 
m400051 6000 -0.0018771465953018823 7000 -0.0018771465953018823 14000 -0.9962457068093965 
m400052 6000 -0.004228415143237987 7000 -0.004228415143237987 14000 -0.9915431697135243 
m400053 6000 -0.005706576754256494 7000 -0.005706576754256494 14000 -0.9885868464914869 
m400054 6000 -0.006545127682807204 7000 -0.006545127682807204 14000 -0.9869097446343855 
m400055 6000 -0.00017298354576013517 7000 -0.00017298354576013517 14000 -0.9996540329084798 
m400056 6000 -0.001969581163860484 7000 -0.001969581163860484 14000 -0.9960608376722792 
m400057 6000 -0.004493974837819965 7000 -0.004493974837819965 14000 -0.9910120503243601 
m400058 6000 -0.005943981248287716 7000 -0.005943981248287716 14000 -0.9881120375034249 
m400059 6000 -0.006548834697698203 7000 -0.006548834697698203 14000 -0.9869023306046035 
m400060 6000 -0.00010779530338501284 7000 -0.00010779530338501284 14000 -0.9997844093932298 
m400061 6000 -0.0017552650788005921 7000 -0.0017552650788005921 14000 -0.996489469842399 
m400062 6000 -0.004276847292160761 7000 -0.004276847292160761 14000 -0.9914463054156785 
m400063 6000 -0.00593345889722183 7000 -0.00593345889722183 14000 -0.9881330822055565 
m400064 6000 -0.006526730493591826 7000 -0.006526730493591826 14000 -0.9869465390128161 
m400065 6000 -0.00019821422453863716 7000 -0.00019821422453863716 14000 -0.9996035715509225 
m400066 6000 -0.001814272428194235 7000 -0.001814272428194235 14000 -0.9963714551436117 
m400067 6000 -0.003985343242492104 7000 -0.003985343242492104 14000 -0.9920293135150157 
m400068 6000 -0.005950834222288501 7000 -0.005950834222288501 14000 -0.9880983315554229 
m400069 6000 -0.0065417789807419935 7000 -0.0065417789807419935 14000 -0.9869164420385163 
m400070 6000 -0.00016753659081102172 7000 -0.00016753659081102172 14000 -0.9996649268183779 
m400071 6000 -0.0015733731612607646 7000 -0.0015733731612607646 14000 -0.9968532536774782 
m400072 6000 -0.004300913537937848 7000 -0.004300913537937848 14000 -0.9913981729241241 
m400073 6000 -0.005880366950998011 7000 -0.005880366950998011 14000 -0.9882392660980044 
m400074 6000 -0.00650888611172559 7000 -0.00650888611172559 14000 -0.9869822277765492 
m400075 6000 -0.00023903469280972013 7000 -0.00023903469280972013 14000 -0.9995219306143807 
m400076 6000 -0.0018477591838155704 7000 -0.0018477591838155704 14000 -0.9963044816323686 
m400077 6000 -0.004165000508626628 7000 -0.004165000508626628 14000 -0.991669998982747 
m400078 6000 -0.005909960747057599 7000 -0.005909960747057599 14000 -0.9881800785058849 
m400079 6000 -0.006553157853645318 7000 -0.006553157853645318 14000 -0.9868936842927094 
m400080 6000 -5.53380651148719e-05 7000 -5.53380651148719e-05 14000 -0.9998893238697703 
m400081 6000 -0.0017371682660567115 7000 -0.0017371682660567115 14000 -0.9965256634678865 
m400082 6000 -0.004037520526146275 7000 -0.004037520526146275 14000 -0.9919249589477075 
m400083 6000 -0.005967436858995426 7000 -0.005967436858995426 14000 -0.9880651262820094 
m400084 6000 -0.006507731517726557 7000 -0.006507731517726557 14000 -0.9869845369645469 
m400085 6000 -0.000144697609752368 7000 -0.000144697609752368 14000 -0.9997106047804952 
m400086 6000 -0.0015496184593803786 7000 -0.0015496184593803786 14000 -0.9969007630812388 
m400087 6000 -0.004430964729365384 7000 -0.004430964729365384 14000 -0.9911380705412692 
m400088 6000 -0.006014593267957662 7000 -0.006014593267957662 14000 -0.9879708134640848 
m400089 6000 -0.00652295947361794 7000 -0.00652295947361794 14000 -0.9869540810527644 
m400090 6000 -0.00012333995116747161 7000 -0.00012333995116747161 14000 -0.999753320097665 
m400091 6000 -0.001695316767427505 7000 -0.001695316767427505 14000 -0.9966093664651453 
m400092 6000 -0.004243957618241174 7000 -0.004243957618241174 14000 -0.9915120847635178 
m400093 6000 -0.006032669173185611 7000 -0.006032669173185611 14000 -0.9879346616536289 
m400094 6000 -0.006528661359144205 7000 -0.006528661359144205 14000 -0.9869426772817118 
m400095 6000 -0.00022057702241696334 7000 -0.00022057702241696334 14000 -0.9995588459551661 
m400096 6000 -0.0013217074327295125 7000 -0.0013217074327295125 14000 -0.9973565851345408 
m400097 6000 -0.004021527403497078 7000 -0.004021527403497078 14000 -0.991956945193006 
m400098 6000 -0.005940916880644041 7000 -0.005940916880644041 14000 -0.9881181662387121 
m400099 6000 -0.006560573217845094 7000 -0.006560573217845094 14000 -0.9868788535643098 
m400100 6000 -0.00011402226333151981 7000 -0.00011402226333151981 14000 -0.999771955473337 
m400101 6000 -0.0016483542036013752 7000 -0.0016483542036013752 14000 -0.996703291592797 
m400102 6000 -0.00431614990277893 7000 -0.00431614990277893 14000 -0.9913677001944421 
m400103 6000 -0.006098533367712426 7000 -0.006098533367712426 14000 -0.9878029332645749 
m400104 6000 -0.006504109828944018 7000 -0.006504109828944018 14000 -0.9869917803421118 
m400105 6000 -0.00017466812160395597 7000 -0.00017466812160395597 14000 -0.999650663756792 
m400106 6000 -0.001971707291587597 7000 -0.001971707291587597 14000 -0.9960565854168248 
m400107 6000 -0.004138995426962536 7000 -0.004138995426962536 14000 -0.9917220091460748 
m400108 6000 -0.00597274439452306 7000 -0.00597274439452306 14000 -0.9880545112109539 
m400109 6000 -0.006549263240076761 7000 -0.006549263240076761 14000 -0.9869014735198464 
m400110 6000 -9.431057574713868e-05 7000 -9.431057574713868e-05 14000 -0.9998113788485057 
m400111 6000 -0.0017508856912401014 7000 -0.0017508856912401014 14000 -0.9964982286175199 
m400112 6000 -0.00428362711704536 7000 -0.00428362711704536 14000 -0.9914327457659092 
m400113 6000 -0.0060114600990702795 7000 -0.0060114600990702795 14000 -0.9879770798018593 
m400114 6000 -0.00655847546605601 7000 -0.00655847546605601 14000 -0.9868830490678883 
m400115 6000 -0.00017977611672906902 7000 -0.00017977611672906902 14000 -0.9996404477665419 
m400116 6000 -0.0018288012378451283 7000 -0.0018288012378451283 14000 -0.99634239752431 
m400117 6000 -0.004360492277325441 7000 -0.004360492277325441 14000 -0.991279015445349 
m400118 6000 -0.005969458463861305 7000 -0.005969458463861305 14000 -0.988061083072277 
m400119 6000 -0.006499188403869756 7000 -0.006499188403869756 14000 -0.9870016231922603 
m400120 6000 -0.00017109595055190882 7000 -0.00017109595055190882 14000 -0.9996578080988963 
m400121 6000 -0.0019274208696275009 7000 -0.0019274208696275009 14000 -0.9961451582607452 
m400122 6000 -0.004431799775023948 7000 -0.004431799775023948 14000 -0.9911364004499521 
m400123 6000 -0.006126994019669512 7000 -0.006126994019669512 14000 -0.9877460119606615 
m400124 6000 -0.006505065913777313 7000 -0.006505065913777313 14000 -0.9869898681724452 
c **********************************
c PE+Pb, dens=4.78 g/cm3
m2      6000    -0.04286 $Carbon
        1001    -0.00714 $Hydrogen
        82000   -0.95000 $Lead
c **********************************
m3    1001 -0.048535 $Boric acid
      5010 -0.034981
      5011 -0.139923
      8016 -0.776561
c **********************************
m4    82000 1 $Lead
c **********************************
m5 26000 1 $Iron
c **********************************
m6     13027   -1.000 $ Aluminum
c **********************************
c  SS-304 (8.00 g/cm3), #298 in PNNL Compendium
m7   006000.50c -0.0004000
     014000.60c -0.0050000
     015031.50c -0.0002300
     016000.60c -0.0001500
     024000.50c -0.1899981
     025055.60c -0.0099999
     026000.50c -0.7017229
     028000.50c -0.0924991
c ****************************************
c       LaBr detector
c ****************************************
m8       35079    -0.2946       $ Br79
         35081    -0.3069       $ Br81
         57139    -0.3485       $ La139
         58140    -0.0500       $ Ce140
c ************ air den=1.15e-3g/cc
m12     8016 -0.23
        7014 -0.77
c ************ Rubber Natural den=0.92 g/cc
m13     1001 -0.118371  $weight fraction
        6000 -0.881629
c
c end material cards
c
rand seed=8674536546524321 $different initial random #; seed# - any less 18 digits
c
c ********** begin tallies *********************
fc78 *********Broadened Pulse Height Tally Sum of Detectors 1,2 & 3 ***********
e78 0 1e-5 932i 8.4295
F78:p (101)
FT78 GEB -0.026198 0.059551 -0.037176
fc18 *********Unbroadened Pulse Height Tally Sum of Detectors 1,2 & 3 ***********
e18 0 1e-5 932i 8.4295
F18:p (101)
c ***********************************
c mplot tal 78 freq 10000
nps 1e9
