c CAS DETECTOR
c w/ Shielding in Place and Wheels
c
c CELL CARDS
c
c @@@@@@@@@@ Detectors @@@@@@@@@@@@@@@@@
c
101 8 -5.08 -21 imp:n,p 1 $LaBr Detector #1 Active Region
c
c @@@@@@@@@ Shielding @@@@@@@@@@@@@@@@@
c
121 2 -4.78 -31 imp:n,p 1 $PE_Pb
122 4 -11.29 -32 imp:n,p 1 $Pb1
123 4 -11.29 -33 imp:n,p 1 $Pb2
124 4 -11.29 -34 imp:n,p 1 $Pb3
125 4 -11.29 -35 imp:n,p 1 $Pb4
126 4 -11.29 -36 imp:n,p 1 $Pb5
127 4 -11.29 -37 imp:n,p 1 $Pb6
128 3 -1.5 -38 imp:n,p 1 $BA1
129 3 -1.5 -39 imp:n,p 1 $BA2
130 6 -2.7 -40 imp:n,p 1 $Al
131 7 -7.92 301 -302 303 -304 imp:n,p 1 $Fe-tube
132 5 -7.8 -401 imp:n,p 1 $Fe
133 5 -7.8 -402 imp:n,p 1 $Fe
c @@@@@@@@@@ Wheels @@@@@@@@@@@@@@@@@
c
21 13 -0.92 -41 42 imp:n,p 1 $Wheel 1
211 13 -0.92 -421 422 imp:n,p 1 $Wheel 1
212 13 -0.92 -423 424 imp:n,p 1 $Wheel 1
22 13 -0.92 -43 44 imp:n,p 1 $Wheel 2
221 13 -0.92 -441 442 imp:n,p 1 $Wheel 2
222 13 -0.92 -443 444 imp:n,p 1 $Wheel 2
23 13 -0.92 -45 46 imp:n,p 1 $Wheel 3
231 13 -0.92 -461 462 imp:n,p 1 $Wheel 3
232 13 -0.92 -463 464 imp:n,p 1 $Wheel 3
24 13 -0.92 -47 48 imp:n,p 1 $Wheel 4
241 13 -0.92 -481 482 imp:n,p 1 $Wheel 4
242 13 -0.92 -483 484 imp:n,p 1 $Wheel 4
c
c @@@@@@@@@@ SOIL VOLUME @@@@@@@@@@@
c
300000 400000 -2.156 20010 -20011 20020 -20021 20030 -20031 imp:n,p 1
300001 400001 -2.156 20010 -20011 20020 -20021 20031 -20032 imp:n,p 1
300002 400002 -2.156 20010 -20011 20020 -20021 20032 -20033 imp:n,p 1
300003 400003 -2.156 20010 -20011 20020 -20021 20033 -20034 imp:n,p 1
300004 400004 -2.156 20010 -20011 20020 -20021 20034 -20035 imp:n,p 1
300005 400005 -2.156 20011 -20012 20020 -20021 20030 -20031 imp:n,p 1
300006 400006 -2.156 20011 -20012 20020 -20021 20031 -20032 imp:n,p 1
300007 400007 -2.156 20011 -20012 20020 -20021 20032 -20033 imp:n,p 1
300008 400008 -2.156 20011 -20012 20020 -20021 20033 -20034 imp:n,p 1
300009 400009 -2.156 20011 -20012 20020 -20021 20034 -20035 imp:n,p 1
300010 400010 -2.156 20012 -20013 20020 -20021 20030 -20031 imp:n,p 1
300011 400011 -2.156 20012 -20013 20020 -20021 20031 -20032 imp:n,p 1
300012 400012 -2.156 20012 -20013 20020 -20021 20032 -20033 imp:n,p 1
300013 400013 -2.156 20012 -20013 20020 -20021 20033 -20034 imp:n,p 1
300014 400014 -2.156 20012 -20013 20020 -20021 20034 -20035 imp:n,p 1
300015 400015 -2.156 20013 -20014 20020 -20021 20030 -20031 imp:n,p 1
300016 400016 -2.156 20013 -20014 20020 -20021 20031 -20032 imp:n,p 1
300017 400017 -2.156 20013 -20014 20020 -20021 20032 -20033 imp:n,p 1
300018 400018 -2.156 20013 -20014 20020 -20021 20033 -20034 imp:n,p 1
300019 400019 -2.156 20013 -20014 20020 -20021 20034 -20035 imp:n,p 1
300020 400020 -2.156 20014 -20015 20020 -20021 20030 -20031 imp:n,p 1
300021 400021 -2.156 20014 -20015 20020 -20021 20031 -20032 imp:n,p 1
300022 400022 -2.156 20014 -20015 20020 -20021 20032 -20033 imp:n,p 1
300023 400023 -2.156 20014 -20015 20020 -20021 20033 -20034 imp:n,p 1
300024 400024 -2.156 20014 -20015 20020 -20021 20034 -20035 imp:n,p 1
300025 400025 -2.156 20010 -20011 20021 -20022 20030 -20031 imp:n,p 1
300026 400026 -2.156 20010 -20011 20021 -20022 20031 -20032 imp:n,p 1
300027 400027 -2.156 20010 -20011 20021 -20022 20032 -20033 imp:n,p 1
300028 400028 -2.156 20010 -20011 20021 -20022 20033 -20034 imp:n,p 1
300029 400029 -2.156 20010 -20011 20021 -20022 20034 -20035 imp:n,p 1
300030 400030 -2.156 20011 -20012 20021 -20022 20030 -20031 imp:n,p 1
300031 400031 -2.156 20011 -20012 20021 -20022 20031 -20032 imp:n,p 1
300032 400032 -2.156 20011 -20012 20021 -20022 20032 -20033 imp:n,p 1
300033 400033 -2.156 20011 -20012 20021 -20022 20033 -20034 imp:n,p 1
300034 400034 -2.156 20011 -20012 20021 -20022 20034 -20035 imp:n,p 1
300035 400035 -2.156 20012 -20013 20021 -20022 20030 -20031 imp:n,p 1
300036 400036 -2.156 20012 -20013 20021 -20022 20031 -20032 imp:n,p 1
300037 400037 -2.156 20012 -20013 20021 -20022 20032 -20033 imp:n,p 1
300038 400038 -2.156 20012 -20013 20021 -20022 20033 -20034 imp:n,p 1
300039 400039 -2.156 20012 -20013 20021 -20022 20034 -20035 imp:n,p 1
300040 400040 -2.156 20013 -20014 20021 -20022 20030 -20031 imp:n,p 1
300041 400041 -2.156 20013 -20014 20021 -20022 20031 -20032 imp:n,p 1
300042 400042 -2.156 20013 -20014 20021 -20022 20032 -20033 imp:n,p 1
300043 400043 -2.156 20013 -20014 20021 -20022 20033 -20034 imp:n,p 1
300044 400044 -2.156 20013 -20014 20021 -20022 20034 -20035 imp:n,p 1
300045 400045 -2.156 20014 -20015 20021 -20022 20030 -20031 imp:n,p 1
300046 400046 -2.156 20014 -20015 20021 -20022 20031 -20032 imp:n,p 1
300047 400047 -2.156 20014 -20015 20021 -20022 20032 -20033 imp:n,p 1
300048 400048 -2.156 20014 -20015 20021 -20022 20033 -20034 imp:n,p 1
300049 400049 -2.156 20014 -20015 20021 -20022 20034 -20035 imp:n,p 1
300050 400050 -2.156 20010 -20011 20022 -20023 20030 -20031 imp:n,p 1
300051 400051 -2.156 20010 -20011 20022 -20023 20031 -20032 imp:n,p 1
300052 400052 -2.156 20010 -20011 20022 -20023 20032 -20033 imp:n,p 1
300053 400053 -2.156 20010 -20011 20022 -20023 20033 -20034 imp:n,p 1
300054 400054 -2.156 20010 -20011 20022 -20023 20034 -20035 imp:n,p 1
300055 400055 -2.156 20011 -20012 20022 -20023 20030 -20031 imp:n,p 1
300056 400056 -2.156 20011 -20012 20022 -20023 20031 -20032 imp:n,p 1
300057 400057 -2.156 20011 -20012 20022 -20023 20032 -20033 imp:n,p 1
300058 400058 -2.156 20011 -20012 20022 -20023 20033 -20034 imp:n,p 1
300059 400059 -2.156 20011 -20012 20022 -20023 20034 -20035 imp:n,p 1
300060 400060 -2.156 20012 -20013 20022 -20023 20030 -20031 imp:n,p 1
300061 400061 -2.156 20012 -20013 20022 -20023 20031 -20032 imp:n,p 1
300062 400062 -2.156 20012 -20013 20022 -20023 20032 -20033 imp:n,p 1
300063 400063 -2.156 20012 -20013 20022 -20023 20033 -20034 imp:n,p 1
300064 400064 -2.156 20012 -20013 20022 -20023 20034 -20035 imp:n,p 1
300065 400065 -2.156 20013 -20014 20022 -20023 20030 -20031 imp:n,p 1
300066 400066 -2.156 20013 -20014 20022 -20023 20031 -20032 imp:n,p 1
300067 400067 -2.156 20013 -20014 20022 -20023 20032 -20033 imp:n,p 1
300068 400068 -2.156 20013 -20014 20022 -20023 20033 -20034 imp:n,p 1
300069 400069 -2.156 20013 -20014 20022 -20023 20034 -20035 imp:n,p 1
300070 400070 -2.156 20014 -20015 20022 -20023 20030 -20031 imp:n,p 1
300071 400071 -2.156 20014 -20015 20022 -20023 20031 -20032 imp:n,p 1
300072 400072 -2.156 20014 -20015 20022 -20023 20032 -20033 imp:n,p 1
300073 400073 -2.156 20014 -20015 20022 -20023 20033 -20034 imp:n,p 1
300074 400074 -2.156 20014 -20015 20022 -20023 20034 -20035 imp:n,p 1
300075 400075 -2.156 20010 -20011 20023 -20024 20030 -20031 imp:n,p 1
300076 400076 -2.156 20010 -20011 20023 -20024 20031 -20032 imp:n,p 1
300077 400077 -2.156 20010 -20011 20023 -20024 20032 -20033 imp:n,p 1
300078 400078 -2.156 20010 -20011 20023 -20024 20033 -20034 imp:n,p 1
300079 400079 -2.156 20010 -20011 20023 -20024 20034 -20035 imp:n,p 1
300080 400080 -2.156 20011 -20012 20023 -20024 20030 -20031 imp:n,p 1
300081 400081 -2.156 20011 -20012 20023 -20024 20031 -20032 imp:n,p 1
300082 400082 -2.156 20011 -20012 20023 -20024 20032 -20033 imp:n,p 1
300083 400083 -2.156 20011 -20012 20023 -20024 20033 -20034 imp:n,p 1
300084 400084 -2.156 20011 -20012 20023 -20024 20034 -20035 imp:n,p 1
300085 400085 -2.156 20012 -20013 20023 -20024 20030 -20031 imp:n,p 1
300086 400086 -2.156 20012 -20013 20023 -20024 20031 -20032 imp:n,p 1
300087 400087 -2.156 20012 -20013 20023 -20024 20032 -20033 imp:n,p 1
300088 400088 -2.156 20012 -20013 20023 -20024 20033 -20034 imp:n,p 1
300089 400089 -2.156 20012 -20013 20023 -20024 20034 -20035 imp:n,p 1
300090 400090 -2.156 20013 -20014 20023 -20024 20030 -20031 imp:n,p 1
300091 400091 -2.156 20013 -20014 20023 -20024 20031 -20032 imp:n,p 1
300092 400092 -2.156 20013 -20014 20023 -20024 20032 -20033 imp:n,p 1
300093 400093 -2.156 20013 -20014 20023 -20024 20033 -20034 imp:n,p 1
300094 400094 -2.156 20013 -20014 20023 -20024 20034 -20035 imp:n,p 1
300095 400095 -2.156 20014 -20015 20023 -20024 20030 -20031 imp:n,p 1
300096 400096 -2.156 20014 -20015 20023 -20024 20031 -20032 imp:n,p 1
300097 400097 -2.156 20014 -20015 20023 -20024 20032 -20033 imp:n,p 1
300098 400098 -2.156 20014 -20015 20023 -20024 20033 -20034 imp:n,p 1
300099 400099 -2.156 20014 -20015 20023 -20024 20034 -20035 imp:n,p 1
300100 400100 -2.156 20010 -20011 20024 -20025 20030 -20031 imp:n,p 1
300101 400101 -2.156 20010 -20011 20024 -20025 20031 -20032 imp:n,p 1
300102 400102 -2.156 20010 -20011 20024 -20025 20032 -20033 imp:n,p 1
300103 400103 -2.156 20010 -20011 20024 -20025 20033 -20034 imp:n,p 1
300104 400104 -2.156 20010 -20011 20024 -20025 20034 -20035 imp:n,p 1
300105 400105 -2.156 20011 -20012 20024 -20025 20030 -20031 imp:n,p 1
300106 400106 -2.156 20011 -20012 20024 -20025 20031 -20032 imp:n,p 1
300107 400107 -2.156 20011 -20012 20024 -20025 20032 -20033 imp:n,p 1
300108 400108 -2.156 20011 -20012 20024 -20025 20033 -20034 imp:n,p 1
300109 400109 -2.156 20011 -20012 20024 -20025 20034 -20035 imp:n,p 1
300110 400110 -2.156 20012 -20013 20024 -20025 20030 -20031 imp:n,p 1
300111 400111 -2.156 20012 -20013 20024 -20025 20031 -20032 imp:n,p 1
300112 400112 -2.156 20012 -20013 20024 -20025 20032 -20033 imp:n,p 1
300113 400113 -2.156 20012 -20013 20024 -20025 20033 -20034 imp:n,p 1
300114 400114 -2.156 20012 -20013 20024 -20025 20034 -20035 imp:n,p 1
300115 400115 -2.156 20013 -20014 20024 -20025 20030 -20031 imp:n,p 1
300116 400116 -2.156 20013 -20014 20024 -20025 20031 -20032 imp:n,p 1
300117 400117 -2.156 20013 -20014 20024 -20025 20032 -20033 imp:n,p 1
300118 400118 -2.156 20013 -20014 20024 -20025 20033 -20034 imp:n,p 1
300119 400119 -2.156 20013 -20014 20024 -20025 20034 -20035 imp:n,p 1
300120 400120 -2.156 20014 -20015 20024 -20025 20030 -20031 imp:n,p 1
300121 400121 -2.156 20014 -20015 20024 -20025 20031 -20032 imp:n,p 1
300122 400122 -2.156 20014 -20015 20024 -20025 20032 -20033 imp:n,p 1
300123 400123 -2.156 20014 -20015 20024 -20025 20033 -20034 imp:n,p 1
300124 400124 -2.156 20014 -20015 20024 -20025 20034 -20035 imp:n,p 1
c
30 12 -0.00129 -200 #101 #121 #122 #123 #124 #125 #126 #127 #128 #129 #130 #131 #132 #133
        #21 #211 #212 #22 #221 #222 #23 #231 #232 #24 #241 #242 #20 imp:n,p 1 $Rest of the World
31 0 200 imp:n,p 0 $Outside world

c SURFACE CARDS
c
c Sample Volume
20010 px -56.0
20011 px -33.59999999999991
20012 px -11.199999999999818
20013 px 11.199999999999818
20014 px 33.59999999999991
20015 px 56.0
20020 py -45.0
20021 py -27.0
20022 py -9.0
20023 py 9.0
20024 py 27.0
20025 py 45.0
20030 pz 92.0
20031 pz 82.0
20032 pz 72.0
20033 pz 62.0
20034 pz 52.0
20035 pz 42.0
c Active Detector Region
21 rcc 56  -5.0 -1.0   0.0 20.3 0.0   4.5 $Detector 1 Base center, Hx,Hy,Hz, radius
c Shielding Surfaces
c Shielding Pb
31 rpp 19 29 -7.5 7.5 -11 9 $PbPE xmin xmax ymin ymax zmin zmax
32 rpp 9 19 4 9 -11 9 $Pb xmin xmax ymin ymax zmin zmax
33 rpp 9 19 -9 -4 -11 9 $Pb xmin xmax ymin ymax zmin zmax
34 rpp 19 29 7.5 12.5 -11 9 $Pb xmin xmax ymin ymax zmin zmax
35 rpp 19 29 -12.5 -7.5 -11 9 $Pb xmin xmax ymin ymax zmin zmax
36 rpp 29 34 -15 15 -11 9 $Pb xmin xmax ymin ymax zmin zmax
37 rpp 9 19 -4 4 4 9 $Pb xmin xmax ymin ymax zmin zmax
38 rpp -26 26 18 28 -11 9 $BA1 xmin xmax ymin ymax zmin zmax
39 rpp -26 26 -28 -18 -11 9 $BA2 xmin xmax ymin ymax zmin zmax
40 rpp -65 65 -28 28 10 10.5 $Al xmin xmax ymin ymax zmin zmax
401 rpp -27 27 29 34 -11 9 $Fe xmin xmax ymin ymax zmin zmax
402 rpp -27 27 -34 -29 -11 9 $Fe xmin xmax ymin ymax zmin zmax
301 px -20
302 px 18
303 cx 3.71
304 cx 3.81
c Wheels Surfaces
c 23/10.5-12 turf tires, 22.6 lb rubber
c diameter 29cm, tread width 25cm, and sidewall height 13.76 cm
c set thickness of all sides 1.3 cm (s.t. weight is 22.6 lb)
41 rcc -2 77 8   0.0 25 0.0 29 $wheel 1 outer tread surface
42 rcc -2 77 8   0.0 25 0.0 27.7 $wheel 1 inner tread surface
421 rcc -2 75.7 8   0.0 1.3 0.0 29 $wheel 1 outside sidewall exterior
422 rcc -2 75.7 8   0.0 1.3 0.0 15.24 $wheel 1 outside sidewall interior
423 rcc -2 102 8   0.0 1.3 0.0 29 $wheel 1 inside sidewall exterior
424 rcc -2 102 8   0.0 1.3 0.0 15.24 $wheel 1 inside sidewall interior
43 rcc 68 77 8   0.0 25 0.0 29 $wheel 2
44 rcc 68 77 8   0.0 25 0.0 27.7
441 rcc 68 75.7 8   0.0 1.3 0.0 29
442 rcc 68 75.7 8   0.0 1.3 0.0 15.24
443 rcc 68 102 8   0.0 1.3 0.0 29
444 rcc 68 102 8   0.0 1.3 0.0 15.24
45 rcc -2 -77 8   0.0 -25 0.0 29 $wheel 3
46 rcc -2 -77 8   0.0 -25 0.0 27.7
461 rcc -2 -75.7 8   0.0 -1.3 0.0 29
462 rcc -2 -75.7 8   0.0 -1.3 0.0 15.24
463 rcc -2 -102 8   0.0 -1.3 0.0 29
464 rcc -2 -102 8   0.0 -1.3 0.0 15.24
47 rcc 68 -77 8   0.0 -25 0.0 29 $wheel 4
48 rcc 68 -77 8   0.0 -25 0.0 27.7
481 rcc 68 -75.7 8   0.0 -1.3 0.0 29
482 rcc 68 -75.7 8   0.0 -1.3 0.0 15.24
483 rcc 68 -102 8   0.0 -1.3 0.0 29
484 rcc 68 -102 8   0.0 -1.3 0.0 15.24
200 so 800    $sphere of 800cm centered at origin
c

c DATA CARDS
mode n p
c dump every hr
prdmp -60 -60 -1
c 100 keV Neutron Energy Cutoff
Cut:n 1j 0.1
c analog neutron transport
phys:n 1j 14
phys:p
sdef pos=0 0 0 erg=14.0 vec= 0 0 1 dir=d1
si1  -1 .93 1
sp1   0  0.0  1.0
c ********************
c begin material cards
c ********************
c Pure Carbon
c ****************************************
m400000 6000 -0.00022936782442477895 7000 -0.00022936782442477895 14000 -0.9995412643511508 
m400001 6000 -0.0020577562457366597 7000 -0.0020577562457366597 14000 -0.9958844875085268 
m400002 6000 -0.004454699766278148 7000 -0.004454699766278148 14000 -0.9910906004674439 
m400003 6000 -0.006327784107648596 7000 -0.006327784107648596 14000 -0.9873444317847028 
m400004 6000 -0.006715362190263906 7000 -0.006715362190263906 14000 -0.9865692756194723 
m400005 6000 -0.00016397177425040612 7000 -0.00016397177425040612 14000 -0.9996720564514994 
m400006 6000 -0.0020958470876615938 7000 -0.0020958470876615938 14000 -0.9958083058246765 
m400007 6000 -0.004681430306716644 7000 -0.004681430306716644 14000 -0.990637139386567 
m400008 6000 -0.006187385934869607 7000 -0.006187385934869607 14000 -0.9876252281302607 
m400009 6000 -0.006750504068194596 7000 -0.006750504068194596 14000 -0.986498991863611 
m400010 6000 -0.00014826650295695734 7000 -0.00014826650295695734 14000 -0.999703466994086 
m400011 6000 -0.0018731896360611622 7000 -0.0018731896360611622 14000 -0.9962536207278778 
m400012 6000 -0.004346212273398467 7000 -0.004346212273398467 14000 -0.9913075754532035 
m400013 6000 -0.006286832835111578 7000 -0.006286832835111578 14000 -0.9874263343297771 
m400014 6000 -0.006717117866792377 7000 -0.006717117866792377 14000 -0.9865657642664152 
m400015 6000 -0.00015816216368794405 7000 -0.00015816216368794405 14000 -0.9996836756726241 
m400016 6000 -0.001362504058380462 7000 -0.001362504058380462 14000 -0.9972749918832388 
m400017 6000 -0.00444086274679889 7000 -0.00444086274679889 14000 -0.9911182745064019 
m400018 6000 -0.006002774805657168 7000 -0.006002774805657168 14000 -0.9879944503886855 
m400019 6000 -0.0067077164815072775 7000 -0.0067077164815072775 14000 -0.9865845670369855 
m400020 6000 -0.00025534772225626685 7000 -0.00025534772225626685 14000 -0.9994893045554875 
m400021 6000 -0.0018788225303021508 7000 -0.0018788225303021508 14000 -0.9962423549393956 
m400022 6000 -0.004039364907678436 7000 -0.004039364907678436 14000 -0.9919212701846435 
m400023 6000 -0.006171885023580265 7000 -0.006171885023580265 14000 -0.9876562299528393 
m400024 6000 -0.006748092474385825 7000 -0.006748092474385825 14000 -0.9865038150512284 
m400025 6000 -0.0002822646183160048 7000 -0.0002822646183160048 14000 -0.9994354707633681 
m400026 6000 -0.0022197695760326607 7000 -0.0022197695760326607 14000 -0.9955604608479347 
m400027 6000 -0.004460390743968607 7000 -0.004460390743968607 14000 -0.991079218512063 
m400028 6000 -0.006059877250207508 7000 -0.006059877250207508 14000 -0.9878802454995848 
m400029 6000 -0.0067303154846050164 7000 -0.0067303154846050164 14000 -0.9865393690307899 
m400030 6000 -7.815286781798244e-05 7000 -7.815286781798244e-05 14000 -0.9998436942643639 
m400031 6000 -0.0018926982746563393 7000 -0.0018926982746563393 14000 -0.9962146034506872 
m400032 6000 -0.004675295528116121 7000 -0.004675295528116121 14000 -0.9906494089437681 
m400033 6000 -0.006121734075325733 7000 -0.006121734075325733 14000 -0.9877565318493485 
m400034 6000 -0.006750870732545933 7000 -0.006750870732545933 14000 -0.9864982585349081 
m400035 6000 -0.00016050071933687059 7000 -0.00016050071933687059 14000 -0.9996789985613261 
m400036 6000 -0.00232762999820371 7000 -0.00232762999820371 14000 -0.9953447400035929 
m400037 6000 -0.00484827888971828 7000 -0.00484827888971828 14000 -0.9903034422205637 
m400038 6000 -0.006040263604712163 7000 -0.006040263604712163 14000 -0.9879194727905758 
m400039 6000 -0.0067959288975654245 7000 -0.0067959288975654245 14000 -0.9864081422048692 
m400040 6000 -0.0001690529782085485 7000 -0.0001690529782085485 14000 -0.9996618940435831 
m400041 6000 -0.0017258257033297348 7000 -0.0017258257033297348 14000 -0.9965483485933406 
m400042 6000 -0.004028564519246625 7000 -0.004028564519246625 14000 -0.9919428709615066 
m400043 6000 -0.006152789319470546 7000 -0.006152789319470546 14000 -0.9876944213610588 
m400044 6000 -0.006725154389318096 7000 -0.006725154389318096 14000 -0.9865496912213639 
m400045 6000 -0.00026121021293182777 7000 -0.00026121021293182777 14000 -0.9994775795741364 
m400046 6000 -0.0019691080964154496 7000 -0.0019691080964154496 14000 -0.9960617838071688 
m400047 6000 -0.004524546814844447 7000 -0.004524546814844447 14000 -0.9909509063703109 
m400048 6000 -0.006014046005258234 7000 -0.006014046005258234 14000 -0.9879719079894835 
m400049 6000 -0.0067152114773081865 7000 -0.0067152114773081865 14000 -0.9865695770453836 
m400050 6000 -0.0002000080633347982 7000 -0.0002000080633347982 14000 -0.9995999838733305 
m400051 6000 -0.0018288452359910235 7000 -0.0018288452359910235 14000 -0.9963423095280176 
m400052 6000 -0.0045677204070951076 7000 -0.0045677204070951076 14000 -0.9908645591858096 
m400053 6000 -0.0061829404377002515 7000 -0.0061829404377002515 14000 -0.9876341191245994 
m400054 6000 -0.0067112898208131384 7000 -0.0067112898208131384 14000 -0.9865774203583736 
m400055 6000 -8.170094691466199e-05 7000 -8.170094691466199e-05 14000 -0.9998365981061706 
m400056 6000 -0.0019487435180370433 7000 -0.0019487435180370433 14000 -0.9961025129639257 
m400057 6000 -0.004288503769163342 7000 -0.004288503769163342 14000 -0.9914229924616734 
m400058 6000 -0.005814489467313508 7000 -0.005814489467313508 14000 -0.9883710210653729 
m400059 6000 -0.006711205568389235 7000 -0.006711205568389235 14000 -0.9865775888632214 
m400060 6000 -0.00024023426833990447 7000 -0.00024023426833990447 14000 -0.9995195314633203 
m400061 6000 -0.002098346423064789 7000 -0.002098346423064789 14000 -0.9958033071538703 
m400062 6000 -0.004623587788767358 7000 -0.004623587788767358 14000 -0.9907528244224655 
m400063 6000 -0.006160703150640303 7000 -0.006160703150640303 14000 -0.9876785936987191 
m400064 6000 -0.0067234297896005355 7000 -0.0067234297896005355 14000 -0.9865531404207991 
m400065 6000 -0.00024003973434690614 7000 -0.00024003973434690614 14000 -0.9995199205313062 
m400066 6000 -0.0020363833748070015 7000 -0.0020363833748070015 14000 -0.995927233250386 
m400067 6000 -0.004640033357727186 7000 -0.004640033357727186 14000 -0.9907199332845457 
m400068 6000 -0.006327635733327985 7000 -0.006327635733327985 14000 -0.9873447285333441 
m400069 6000 -0.006730815752452374 7000 -0.006730815752452374 14000 -0.986538368495095 
m400070 6000 -0.00019009919658394026 7000 -0.00019009919658394026 14000 -0.999619801606832 
m400071 6000 -0.0017674872966605575 7000 -0.0017674872966605575 14000 -0.9964650254066789 
m400072 6000 -0.004841975208226762 7000 -0.004841975208226762 14000 -0.9903160495835465 
m400073 6000 -0.006276679817733027 7000 -0.006276679817733027 14000 -0.9874466403645341 
m400074 6000 -0.006780392388243898 7000 -0.006780392388243898 14000 -0.9864392152235125 
m400075 6000 -0.000339049072651548 7000 -0.000339049072651548 14000 -0.9993219018546969 
m400076 6000 -0.002077928424223271 7000 -0.002077928424223271 14000 -0.9958441431515536 
m400077 6000 -0.0044210066334672135 7000 -0.0044210066334672135 14000 -0.9911579867330655 
m400078 6000 -0.006272414763057437 7000 -0.006272414763057437 14000 -0.9874551704738853 
m400079 6000 -0.006776372444683198 7000 -0.006776372444683198 14000 -0.9864472551106337 
m400080 6000 -0.0002515194098893116 7000 -0.0002515194098893116 14000 -0.9994969611802214 
m400081 6000 -0.0021334146367557407 7000 -0.0021334146367557407 14000 -0.9957331707264888 
m400082 6000 -0.004359954379945732 7000 -0.004359954379945732 14000 -0.9912800912401086 
m400083 6000 -0.006118921031072958 7000 -0.006118921031072958 14000 -0.9877621579378543 
m400084 6000 -0.0067802026354339085 7000 -0.0067802026354339085 14000 -0.9864395947291322 
m400085 6000 -0.000179490868418407 7000 -0.000179490868418407 14000 -0.9996410182631632 
m400086 6000 -0.0017515480692824423 7000 -0.0017515480692824423 14000 -0.9964969038614351 
m400087 6000 -0.004706764478288889 7000 -0.004706764478288889 14000 -0.9905864710434221 
m400088 6000 -0.006100857500132545 7000 -0.006100857500132545 14000 -0.9877982849997351 
m400089 6000 -0.006783373478986733 7000 -0.006783373478986733 14000 -0.9864332530420267 
m400090 6000 -0.0001479657074576306 7000 -0.0001479657074576306 14000 -0.999704068585085 
m400091 6000 -0.0014888702078783883 7000 -0.0014888702078783883 14000 -0.9970222595842435 
m400092 6000 -0.00449256811678167 7000 -0.00449256811678167 14000 -0.9910148637664368 
m400093 6000 -0.006313944633687316 7000 -0.006313944633687316 14000 -0.9873721107326251 
m400094 6000 -0.006770431661821765 7000 -0.006770431661821765 14000 -0.9864591366763565 
m400095 6000 -0.0002995523575785212 7000 -0.0002995523575785212 14000 -0.9994008952848429 
m400096 6000 -0.0018671563216494835 7000 -0.0018671563216494835 14000 -0.9962656873567012 
m400097 6000 -0.004516732966971615 7000 -0.004516732966971615 14000 -0.9909665340660568 
m400098 6000 -0.006273750723670926 7000 -0.006273750723670926 14000 -0.9874524985526582 
m400099 6000 -0.006734463606769011 7000 -0.006734463606769011 14000 -0.9865310727864621 
m400100 6000 -0.00013588399891387856 7000 -0.00013588399891387856 14000 -0.9997282320021721 
m400101 6000 -0.0017588289740321 7000 -0.0017588289740321 14000 -0.9964823420519359 
m400102 6000 -0.004751176839126234 7000 -0.004751176839126234 14000 -0.9904976463217473 
m400103 6000 -0.006146150311501861 7000 -0.006146150311501861 14000 -0.9877076993769967 
m400104 6000 -0.006685765692261311 7000 -0.006685765692261311 14000 -0.9866284686154776 
m400105 6000 -0.00023644689267145598 7000 -0.00023644689267145598 14000 -0.999527106214657 
m400106 6000 -0.0021703753614184082 7000 -0.0021703753614184082 14000 -0.9956592492771631 
m400107 6000 -0.004603713211886753 7000 -0.004603713211886753 14000 -0.9907925735762265 
m400108 6000 -0.006096305380341139 7000 -0.006096305380341139 14000 -0.9878073892393178 
m400109 6000 -0.006751282904805926 7000 -0.006751282904805926 14000 -0.9864974341903882 
m400110 6000 -0.00021101092981651228 7000 -0.00021101092981651228 14000 -0.9995779781403671 
m400111 6000 -0.001680082694536828 7000 -0.001680082694536828 14000 -0.9966398346109263 
m400112 6000 -0.0045975665679768955 7000 -0.0045975665679768955 14000 -0.9908048668640461 
m400113 6000 -0.005965442128941584 7000 -0.005965442128941584 14000 -0.9880691157421169 
m400114 6000 -0.0067564674167937665 7000 -0.0067564674167937665 14000 -0.9864870651664126 
m400115 6000 -0.0003382072107402664 7000 -0.0003382072107402664 14000 -0.9993235855785193 
m400116 6000 -0.002132925089733892 7000 -0.002132925089733892 14000 -0.9957341498205323 
m400117 6000 -0.004252315809583576 7000 -0.004252315809583576 14000 -0.9914953683808327 
m400118 6000 -0.006217501319581597 7000 -0.006217501319581597 14000 -0.9875649973608367 
m400119 6000 -0.0067333478431545035 7000 -0.0067333478431545035 14000 -0.9865333043136908 
m400120 6000 -0.00027682416266320794 7000 -0.00027682416266320794 14000 -0.9994463516746735 
m400121 6000 -0.0017234905695619495 7000 -0.0017234905695619495 14000 -0.9965530188608759 
m400122 6000 -0.004179587832139878 7000 -0.004179587832139878 14000 -0.9916408243357201 
m400123 6000 -0.006178600934289465 7000 -0.006178600934289465 14000 -0.9876427981314214 
m400124 6000 -0.0067188829794084534 7000 -0.0067188829794084534 14000 -0.9865622340411834 
c **********************************
c PE+Pb, dens=4.78 g/cm3
m2      6000    -0.04286 $Carbon
        1001    -0.00714 $Hydrogen
        82000   -0.95000 $Lead
c **********************************
m3    1001 -0.048535 $Boric acid
      5010 -0.034981
      5011 -0.139923
      8016 -0.776561
c **********************************
m4    82000 1 $Lead
c **********************************
m5 26000 1 $Iron
c **********************************
m6     13027   -1.000 $ Aluminum
c **********************************
c  SS-304 (8.00 g/cm3), #298 in PNNL Compendium
m7   006000.50c -0.0004000
     014000.60c -0.0050000
     015031.50c -0.0002300
     016000.60c -0.0001500
     024000.50c -0.1899981
     025055.60c -0.0099999
     026000.50c -0.7017229
     028000.50c -0.0924991
c ****************************************
c       LaBr detector
c ****************************************
m8       35079    -0.2946       $ Br79
         35081    -0.3069       $ Br81
         57139    -0.3485       $ La139
         58140    -0.0500       $ Ce140
c ************ air den=1.15e-3g/cc
m12     8016 -0.23
        7014 -0.77
c ************ Rubber Natural den=0.92 g/cc
m13     1001 -0.118371  $weight fraction
        6000 -0.881629
c
c end material cards
c
rand seed=8674536546524321 $different initial random #; seed# - any less 18 digits
c
c ********** begin tallies *********************
fc78 *********Broadened Pulse Height Tally Sum of Detectors 1,2 & 3 ***********
e78 0 1e-5 932i 8.4295
F78:p (101)
FT78 GEB -0.026198 0.059551 -0.037176
fc18 *********Unbroadened Pulse Height Tally Sum of Detectors 1,2 & 3 ***********
e18 0 1e-5 932i 8.4295
F18:p (101)
c ***********************************
c mplot tal 78 freq 10000
nps 1e9
