c CAS DETECTOR
c w/ Shielding in Place and Wheels
c
c CELL CARDS
c
c @@@@@@@@@@ Detectors @@@@@@@@@@@@@@@@@
c
101 8 -5.08 -21 imp:n,p 1 $LaBr Detector #1 Active Region
c
c @@@@@@@@@ Shielding @@@@@@@@@@@@@@@@@
c
121 2 -4.78 -31 imp:n,p 1 $PE_Pb
122 4 -11.29 -32 imp:n,p 1 $Pb1
123 4 -11.29 -33 imp:n,p 1 $Pb2
124 4 -11.29 -34 imp:n,p 1 $Pb3
125 4 -11.29 -35 imp:n,p 1 $Pb4
126 4 -11.29 -36 imp:n,p 1 $Pb5
127 4 -11.29 -37 imp:n,p 1 $Pb6
128 3 -1.5 -38 imp:n,p 1 $BA1
129 3 -1.5 -39 imp:n,p 1 $BA2
130 6 -2.7 -40 imp:n,p 1 $Al
131 7 -7.92 301 -302 303 -304 imp:n,p 1 $Fe-tube
132 5 -7.8 -401 imp:n,p 1 $Fe
133 5 -7.8 -402 imp:n,p 1 $Fe
c @@@@@@@@@@ Wheels @@@@@@@@@@@@@@@@@
c
21 13 -0.92 -41 42 imp:n,p 1 $Wheel 1
211 13 -0.92 -421 422 imp:n,p 1 $Wheel 1
212 13 -0.92 -423 424 imp:n,p 1 $Wheel 1
22 13 -0.92 -43 44 imp:n,p 1 $Wheel 2
221 13 -0.92 -441 442 imp:n,p 1 $Wheel 2
222 13 -0.92 -443 444 imp:n,p 1 $Wheel 2
23 13 -0.92 -45 46 imp:n,p 1 $Wheel 3
231 13 -0.92 -461 462 imp:n,p 1 $Wheel 3
232 13 -0.92 -463 464 imp:n,p 1 $Wheel 3
24 13 -0.92 -47 48 imp:n,p 1 $Wheel 4
241 13 -0.92 -481 482 imp:n,p 1 $Wheel 4
242 13 -0.92 -483 484 imp:n,p 1 $Wheel 4
c
c @@@@@@@@@@ SOIL VOLUME @@@@@@@@@@@
c
300000 400000 -2.156 20010 -20011 20020 -20021 20030 -20031 imp:n,p 1
300001 400001 -2.156 20010 -20011 20020 -20021 20031 -20032 imp:n,p 1
300002 400002 -2.156 20010 -20011 20020 -20021 20032 -20033 imp:n,p 1
300003 400003 -2.156 20010 -20011 20020 -20021 20033 -20034 imp:n,p 1
300004 400004 -2.156 20010 -20011 20020 -20021 20034 -20035 imp:n,p 1
300005 400005 -2.156 20011 -20012 20020 -20021 20030 -20031 imp:n,p 1
300006 400006 -2.156 20011 -20012 20020 -20021 20031 -20032 imp:n,p 1
300007 400007 -2.156 20011 -20012 20020 -20021 20032 -20033 imp:n,p 1
300008 400008 -2.156 20011 -20012 20020 -20021 20033 -20034 imp:n,p 1
300009 400009 -2.156 20011 -20012 20020 -20021 20034 -20035 imp:n,p 1
300010 400010 -2.156 20012 -20013 20020 -20021 20030 -20031 imp:n,p 1
300011 400011 -2.156 20012 -20013 20020 -20021 20031 -20032 imp:n,p 1
300012 400012 -2.156 20012 -20013 20020 -20021 20032 -20033 imp:n,p 1
300013 400013 -2.156 20012 -20013 20020 -20021 20033 -20034 imp:n,p 1
300014 400014 -2.156 20012 -20013 20020 -20021 20034 -20035 imp:n,p 1
300015 400015 -2.156 20013 -20014 20020 -20021 20030 -20031 imp:n,p 1
300016 400016 -2.156 20013 -20014 20020 -20021 20031 -20032 imp:n,p 1
300017 400017 -2.156 20013 -20014 20020 -20021 20032 -20033 imp:n,p 1
300018 400018 -2.156 20013 -20014 20020 -20021 20033 -20034 imp:n,p 1
300019 400019 -2.156 20013 -20014 20020 -20021 20034 -20035 imp:n,p 1
300020 400020 -2.156 20014 -20015 20020 -20021 20030 -20031 imp:n,p 1
300021 400021 -2.156 20014 -20015 20020 -20021 20031 -20032 imp:n,p 1
300022 400022 -2.156 20014 -20015 20020 -20021 20032 -20033 imp:n,p 1
300023 400023 -2.156 20014 -20015 20020 -20021 20033 -20034 imp:n,p 1
300024 400024 -2.156 20014 -20015 20020 -20021 20034 -20035 imp:n,p 1
300025 400025 -2.156 20010 -20011 20021 -20022 20030 -20031 imp:n,p 1
300026 400026 -2.156 20010 -20011 20021 -20022 20031 -20032 imp:n,p 1
300027 400027 -2.156 20010 -20011 20021 -20022 20032 -20033 imp:n,p 1
300028 400028 -2.156 20010 -20011 20021 -20022 20033 -20034 imp:n,p 1
300029 400029 -2.156 20010 -20011 20021 -20022 20034 -20035 imp:n,p 1
300030 400030 -2.156 20011 -20012 20021 -20022 20030 -20031 imp:n,p 1
300031 400031 -2.156 20011 -20012 20021 -20022 20031 -20032 imp:n,p 1
300032 400032 -2.156 20011 -20012 20021 -20022 20032 -20033 imp:n,p 1
300033 400033 -2.156 20011 -20012 20021 -20022 20033 -20034 imp:n,p 1
300034 400034 -2.156 20011 -20012 20021 -20022 20034 -20035 imp:n,p 1
300035 400035 -2.156 20012 -20013 20021 -20022 20030 -20031 imp:n,p 1
300036 400036 -2.156 20012 -20013 20021 -20022 20031 -20032 imp:n,p 1
300037 400037 -2.156 20012 -20013 20021 -20022 20032 -20033 imp:n,p 1
300038 400038 -2.156 20012 -20013 20021 -20022 20033 -20034 imp:n,p 1
300039 400039 -2.156 20012 -20013 20021 -20022 20034 -20035 imp:n,p 1
300040 400040 -2.156 20013 -20014 20021 -20022 20030 -20031 imp:n,p 1
300041 400041 -2.156 20013 -20014 20021 -20022 20031 -20032 imp:n,p 1
300042 400042 -2.156 20013 -20014 20021 -20022 20032 -20033 imp:n,p 1
300043 400043 -2.156 20013 -20014 20021 -20022 20033 -20034 imp:n,p 1
300044 400044 -2.156 20013 -20014 20021 -20022 20034 -20035 imp:n,p 1
300045 400045 -2.156 20014 -20015 20021 -20022 20030 -20031 imp:n,p 1
300046 400046 -2.156 20014 -20015 20021 -20022 20031 -20032 imp:n,p 1
300047 400047 -2.156 20014 -20015 20021 -20022 20032 -20033 imp:n,p 1
300048 400048 -2.156 20014 -20015 20021 -20022 20033 -20034 imp:n,p 1
300049 400049 -2.156 20014 -20015 20021 -20022 20034 -20035 imp:n,p 1
300050 400050 -2.156 20010 -20011 20022 -20023 20030 -20031 imp:n,p 1
300051 400051 -2.156 20010 -20011 20022 -20023 20031 -20032 imp:n,p 1
300052 400052 -2.156 20010 -20011 20022 -20023 20032 -20033 imp:n,p 1
300053 400053 -2.156 20010 -20011 20022 -20023 20033 -20034 imp:n,p 1
300054 400054 -2.156 20010 -20011 20022 -20023 20034 -20035 imp:n,p 1
300055 400055 -2.156 20011 -20012 20022 -20023 20030 -20031 imp:n,p 1
300056 400056 -2.156 20011 -20012 20022 -20023 20031 -20032 imp:n,p 1
300057 400057 -2.156 20011 -20012 20022 -20023 20032 -20033 imp:n,p 1
300058 400058 -2.156 20011 -20012 20022 -20023 20033 -20034 imp:n,p 1
300059 400059 -2.156 20011 -20012 20022 -20023 20034 -20035 imp:n,p 1
300060 400060 -2.156 20012 -20013 20022 -20023 20030 -20031 imp:n,p 1
300061 400061 -2.156 20012 -20013 20022 -20023 20031 -20032 imp:n,p 1
300062 400062 -2.156 20012 -20013 20022 -20023 20032 -20033 imp:n,p 1
300063 400063 -2.156 20012 -20013 20022 -20023 20033 -20034 imp:n,p 1
300064 400064 -2.156 20012 -20013 20022 -20023 20034 -20035 imp:n,p 1
300065 400065 -2.156 20013 -20014 20022 -20023 20030 -20031 imp:n,p 1
300066 400066 -2.156 20013 -20014 20022 -20023 20031 -20032 imp:n,p 1
300067 400067 -2.156 20013 -20014 20022 -20023 20032 -20033 imp:n,p 1
300068 400068 -2.156 20013 -20014 20022 -20023 20033 -20034 imp:n,p 1
300069 400069 -2.156 20013 -20014 20022 -20023 20034 -20035 imp:n,p 1
300070 400070 -2.156 20014 -20015 20022 -20023 20030 -20031 imp:n,p 1
300071 400071 -2.156 20014 -20015 20022 -20023 20031 -20032 imp:n,p 1
300072 400072 -2.156 20014 -20015 20022 -20023 20032 -20033 imp:n,p 1
300073 400073 -2.156 20014 -20015 20022 -20023 20033 -20034 imp:n,p 1
300074 400074 -2.156 20014 -20015 20022 -20023 20034 -20035 imp:n,p 1
300075 400075 -2.156 20010 -20011 20023 -20024 20030 -20031 imp:n,p 1
300076 400076 -2.156 20010 -20011 20023 -20024 20031 -20032 imp:n,p 1
300077 400077 -2.156 20010 -20011 20023 -20024 20032 -20033 imp:n,p 1
300078 400078 -2.156 20010 -20011 20023 -20024 20033 -20034 imp:n,p 1
300079 400079 -2.156 20010 -20011 20023 -20024 20034 -20035 imp:n,p 1
300080 400080 -2.156 20011 -20012 20023 -20024 20030 -20031 imp:n,p 1
300081 400081 -2.156 20011 -20012 20023 -20024 20031 -20032 imp:n,p 1
300082 400082 -2.156 20011 -20012 20023 -20024 20032 -20033 imp:n,p 1
300083 400083 -2.156 20011 -20012 20023 -20024 20033 -20034 imp:n,p 1
300084 400084 -2.156 20011 -20012 20023 -20024 20034 -20035 imp:n,p 1
300085 400085 -2.156 20012 -20013 20023 -20024 20030 -20031 imp:n,p 1
300086 400086 -2.156 20012 -20013 20023 -20024 20031 -20032 imp:n,p 1
300087 400087 -2.156 20012 -20013 20023 -20024 20032 -20033 imp:n,p 1
300088 400088 -2.156 20012 -20013 20023 -20024 20033 -20034 imp:n,p 1
300089 400089 -2.156 20012 -20013 20023 -20024 20034 -20035 imp:n,p 1
300090 400090 -2.156 20013 -20014 20023 -20024 20030 -20031 imp:n,p 1
300091 400091 -2.156 20013 -20014 20023 -20024 20031 -20032 imp:n,p 1
300092 400092 -2.156 20013 -20014 20023 -20024 20032 -20033 imp:n,p 1
300093 400093 -2.156 20013 -20014 20023 -20024 20033 -20034 imp:n,p 1
300094 400094 -2.156 20013 -20014 20023 -20024 20034 -20035 imp:n,p 1
300095 400095 -2.156 20014 -20015 20023 -20024 20030 -20031 imp:n,p 1
300096 400096 -2.156 20014 -20015 20023 -20024 20031 -20032 imp:n,p 1
300097 400097 -2.156 20014 -20015 20023 -20024 20032 -20033 imp:n,p 1
300098 400098 -2.156 20014 -20015 20023 -20024 20033 -20034 imp:n,p 1
300099 400099 -2.156 20014 -20015 20023 -20024 20034 -20035 imp:n,p 1
300100 400100 -2.156 20010 -20011 20024 -20025 20030 -20031 imp:n,p 1
300101 400101 -2.156 20010 -20011 20024 -20025 20031 -20032 imp:n,p 1
300102 400102 -2.156 20010 -20011 20024 -20025 20032 -20033 imp:n,p 1
300103 400103 -2.156 20010 -20011 20024 -20025 20033 -20034 imp:n,p 1
300104 400104 -2.156 20010 -20011 20024 -20025 20034 -20035 imp:n,p 1
300105 400105 -2.156 20011 -20012 20024 -20025 20030 -20031 imp:n,p 1
300106 400106 -2.156 20011 -20012 20024 -20025 20031 -20032 imp:n,p 1
300107 400107 -2.156 20011 -20012 20024 -20025 20032 -20033 imp:n,p 1
300108 400108 -2.156 20011 -20012 20024 -20025 20033 -20034 imp:n,p 1
300109 400109 -2.156 20011 -20012 20024 -20025 20034 -20035 imp:n,p 1
300110 400110 -2.156 20012 -20013 20024 -20025 20030 -20031 imp:n,p 1
300111 400111 -2.156 20012 -20013 20024 -20025 20031 -20032 imp:n,p 1
300112 400112 -2.156 20012 -20013 20024 -20025 20032 -20033 imp:n,p 1
300113 400113 -2.156 20012 -20013 20024 -20025 20033 -20034 imp:n,p 1
300114 400114 -2.156 20012 -20013 20024 -20025 20034 -20035 imp:n,p 1
300115 400115 -2.156 20013 -20014 20024 -20025 20030 -20031 imp:n,p 1
300116 400116 -2.156 20013 -20014 20024 -20025 20031 -20032 imp:n,p 1
300117 400117 -2.156 20013 -20014 20024 -20025 20032 -20033 imp:n,p 1
300118 400118 -2.156 20013 -20014 20024 -20025 20033 -20034 imp:n,p 1
300119 400119 -2.156 20013 -20014 20024 -20025 20034 -20035 imp:n,p 1
300120 400120 -2.156 20014 -20015 20024 -20025 20030 -20031 imp:n,p 1
300121 400121 -2.156 20014 -20015 20024 -20025 20031 -20032 imp:n,p 1
300122 400122 -2.156 20014 -20015 20024 -20025 20032 -20033 imp:n,p 1
300123 400123 -2.156 20014 -20015 20024 -20025 20033 -20034 imp:n,p 1
300124 400124 -2.156 20014 -20015 20024 -20025 20034 -20035 imp:n,p 1
c
30 12 -0.00129 -200 #101 #121 #122 #123 #124 #125 #126 #127 #128 #129 #130 #131 #132 #133
        #21 #211 #212 #22 #221 #222 #23 #231 #232 #24 #241 #242 #20 imp:n,p 1 $Rest of the World
31 0 200 imp:n,p 0 $Outside world

c SURFACE CARDS
c
c Sample Volume
20010 px -56.0
20011 px -33.600000000000364
20012 px -11.200000000000728
20013 px 11.200000000000728
20014 px 33.600000000000364
20015 px 56.0
20020 py -45.0
20021 py -27.0
20022 py -9.0
20023 py 9.0
20024 py 27.0
20025 py 45.0
20030 pz 92.0
20031 pz 82.0
20032 pz 72.0
20033 pz 62.0
20034 pz 52.0
20035 pz 42.0
c Active Detector Region
21 rcc 56  -5.0 -1.0   0.0 20.3 0.0   4.5 $Detector 1 Base center, Hx,Hy,Hz, radius
c Shielding Surfaces
c Shielding Pb
31 rpp 19 29 -7.5 7.5 -11 9 $PbPE xmin xmax ymin ymax zmin zmax
32 rpp 9 19 4 9 -11 9 $Pb xmin xmax ymin ymax zmin zmax
33 rpp 9 19 -9 -4 -11 9 $Pb xmin xmax ymin ymax zmin zmax
34 rpp 19 29 7.5 12.5 -11 9 $Pb xmin xmax ymin ymax zmin zmax
35 rpp 19 29 -12.5 -7.5 -11 9 $Pb xmin xmax ymin ymax zmin zmax
36 rpp 29 34 -15 15 -11 9 $Pb xmin xmax ymin ymax zmin zmax
37 rpp 9 19 -4 4 4 9 $Pb xmin xmax ymin ymax zmin zmax
38 rpp -26 26 18 28 -11 9 $BA1 xmin xmax ymin ymax zmin zmax
39 rpp -26 26 -28 -18 -11 9 $BA2 xmin xmax ymin ymax zmin zmax
40 rpp -65 65 -28 28 10 10.5 $Al xmin xmax ymin ymax zmin zmax
401 rpp -27 27 29 34 -11 9 $Fe xmin xmax ymin ymax zmin zmax
402 rpp -27 27 -34 -29 -11 9 $Fe xmin xmax ymin ymax zmin zmax
301 px -20
302 px 18
303 cx 3.71
304 cx 3.81
c Wheels Surfaces
c 23/10.5-12 turf tires, 22.6 lb rubber
c diameter 29cm, tread width 25cm, and sidewall height 13.76 cm
c set thickness of all sides 1.3 cm (s.t. weight is 22.6 lb)
41 rcc -2 77 8   0.0 25 0.0 29 $wheel 1 outer tread surface
42 rcc -2 77 8   0.0 25 0.0 27.7 $wheel 1 inner tread surface
421 rcc -2 75.7 8   0.0 1.3 0.0 29 $wheel 1 outside sidewall exterior
422 rcc -2 75.7 8   0.0 1.3 0.0 15.24 $wheel 1 outside sidewall interior
423 rcc -2 102 8   0.0 1.3 0.0 29 $wheel 1 inside sidewall exterior
424 rcc -2 102 8   0.0 1.3 0.0 15.24 $wheel 1 inside sidewall interior
43 rcc 68 77 8   0.0 25 0.0 29 $wheel 2
44 rcc 68 77 8   0.0 25 0.0 27.7
441 rcc 68 75.7 8   0.0 1.3 0.0 29
442 rcc 68 75.7 8   0.0 1.3 0.0 15.24
443 rcc 68 102 8   0.0 1.3 0.0 29
444 rcc 68 102 8   0.0 1.3 0.0 15.24
45 rcc -2 -77 8   0.0 -25 0.0 29 $wheel 3
46 rcc -2 -77 8   0.0 -25 0.0 27.7
461 rcc -2 -75.7 8   0.0 -1.3 0.0 29
462 rcc -2 -75.7 8   0.0 -1.3 0.0 15.24
463 rcc -2 -102 8   0.0 -1.3 0.0 29
464 rcc -2 -102 8   0.0 -1.3 0.0 15.24
47 rcc 68 -77 8   0.0 -25 0.0 29 $wheel 4
48 rcc 68 -77 8   0.0 -25 0.0 27.7
481 rcc 68 -75.7 8   0.0 -1.3 0.0 29
482 rcc 68 -75.7 8   0.0 -1.3 0.0 15.24
483 rcc 68 -102 8   0.0 -1.3 0.0 29
484 rcc 68 -102 8   0.0 -1.3 0.0 15.24
200 so 800    $sphere of 800cm centered at origin
c

c DATA CARDS
mode n p
c dump every hr
prdmp -60 -60 -1
c 100 keV Neutron Energy Cutoff
Cut:n 1j 0.1
c analog neutron transport
phys:n 1j 14
phys:p
sdef pos=0 0 0 erg=14.0 vec= 0 0 1 dir=d1
si1  -1 .93 1
sp1   0  0.0  1.0
c ********************
c begin material cards
c ********************
c Pure Carbon
c ****************************************
m400000 6000 -0.00030953702151685484 7000 -0.00030953702151685484 14000 -0.9993809259569665 
m400001 6000 -0.0021198795337771716 7000 -0.0021198795337771716 14000 -0.9957602409324459 
m400002 6000 -0.004909511707556038 7000 -0.004909511707556038 14000 -0.9901809765848878 
m400003 6000 -0.006756045348799546 7000 -0.006756045348799546 14000 -0.9864879093024012 
m400004 6000 -0.0072674814521786835 7000 -0.0072674814521786835 14000 -0.9854650370956425 
m400005 6000 -0.0003139924342439164 7000 -0.0003139924342439164 14000 -0.9993720151315124 
m400006 6000 -0.002111758315830473 7000 -0.002111758315830473 14000 -0.9957764833683389 
m400007 6000 -0.004840703391722101 7000 -0.004840703391722101 14000 -0.990318593216556 
m400008 6000 -0.006814009453331897 7000 -0.006814009453331897 14000 -0.9863719810933362 
m400009 6000 -0.007315395831932614 7000 -0.007315395831932614 14000 -0.9853692083361348 
m400010 6000 -0.0004490398085076805 7000 -0.0004490398085076805 14000 -0.9991019203829845 
m400011 6000 -0.002060995076714189 7000 -0.002060995076714189 14000 -0.9958780098465714 
m400012 6000 -0.005101301725292068 7000 -0.005101301725292068 14000 -0.9897973965494158 
m400013 6000 -0.00673150431731956 7000 -0.00673150431731956 14000 -0.9865369913653609 
m400014 6000 -0.00724753942138718 7000 -0.00724753942138718 14000 -0.9855049211572258 
m400015 6000 -0.0004203793941322627 7000 -0.0004203793941322627 14000 -0.9991592412117353 
m400016 6000 -0.0022678324021953196 7000 -0.0022678324021953196 14000 -0.9954643351956092 
m400017 6000 -0.004998604045406293 7000 -0.004998604045406293 14000 -0.9900027919091875 
m400018 6000 -0.006773495486834813 7000 -0.006773495486834813 14000 -0.9864530090263304 
m400019 6000 -0.007293384492555335 7000 -0.007293384492555335 14000 -0.9854132310148889 
m400020 6000 -0.0002383126129055236 7000 -0.0002383126129055236 14000 -0.9995233747741891 
m400021 6000 -0.002164313761957945 7000 -0.002164313761957945 14000 -0.995671372476084 
m400022 6000 -0.005056679984413276 7000 -0.005056679984413276 14000 -0.9898866400311732 
m400023 6000 -0.006698333802346554 7000 -0.006698333802346554 14000 -0.986603332395307 
m400024 6000 -0.007329591357273016 7000 -0.007329591357273016 14000 -0.9853408172854538 
m400025 6000 -0.00030679253907121303 7000 -0.00030679253907121303 14000 -0.9993864149218578 
m400026 6000 -0.0021732775171726003 7000 -0.0021732775171726003 14000 -0.995653444965655 
m400027 6000 -0.004782587347780534 7000 -0.004782587347780534 14000 -0.9904348253044387 
m400028 6000 -0.006682985885149935 7000 -0.006682985885149935 14000 -0.9866340282297 
m400029 6000 -0.0072942449971124855 7000 -0.0072942449971124855 14000 -0.9854115100057753 
m400030 6000 -0.00026539341263110333 7000 -0.00026539341263110333 14000 -0.9994692131747379 
m400031 6000 -0.0024478492477868715 7000 -0.0024478492477868715 14000 -0.9951043015044266 
m400032 6000 -0.0050307818606188485 7000 -0.0050307818606188485 14000 -0.9899384362787619 
m400033 6000 -0.006800308225523931 7000 -0.006800308225523931 14000 -0.9863993835489517 
m400034 6000 -0.007253725009039556 7000 -0.007253725009039556 14000 -0.9854925499819207 
m400035 6000 -0.0001965052515882792 7000 -0.0001965052515882792 14000 -0.9996069894968236 
m400036 6000 -0.002573762394242713 7000 -0.002573762394242713 14000 -0.9948524752115143 
m400037 6000 -0.004768552719053 7000 -0.004768552719053 14000 -0.9904628945618938 
m400038 6000 -0.00675236623587061 7000 -0.00675236623587061 14000 -0.9864952675282584 
m400039 6000 -0.007301479210656528 7000 -0.007301479210656528 14000 -0.9853970415786868 
m400040 6000 -0.00044256083444753255 7000 -0.00044256083444753255 14000 -0.999114878331105 
m400041 6000 -0.002578538983988634 7000 -0.002578538983988634 14000 -0.9948429220320228 
m400042 6000 -0.004846865545698678 7000 -0.004846865545698678 14000 -0.9903062689086025 
m400043 6000 -0.006568058466821846 7000 -0.006568058466821846 14000 -0.9868638830663563 
m400044 6000 -0.007260346016148214 7000 -0.007260346016148214 14000 -0.9854793079677038 
m400045 6000 -0.0004099996697293917 7000 -0.0004099996697293917 14000 -0.9991800006605414 
m400046 6000 -0.0022786977272969437 7000 -0.0022786977272969437 14000 -0.995442604545406 
m400047 6000 -0.0048056756598493 7000 -0.0048056756598493 14000 -0.9903886486803016 
m400048 6000 -0.006630061768098646 7000 -0.006630061768098646 14000 -0.9867398764638027 
m400049 6000 -0.007244643284434931 7000 -0.007244643284434931 14000 -0.9855107134311301 
m400050 6000 -0.00042926964324792094 7000 -0.00042926964324792094 14000 -0.9991414607135042 
m400051 6000 -0.002217803607990415 7000 -0.002217803607990415 14000 -0.9955643927840191 
m400052 6000 -0.005075000053214258 7000 -0.005075000053214258 14000 -0.9898499998935713 
m400053 6000 -0.006564097831552053 7000 -0.006564097831552053 14000 -0.9868718043368958 
m400054 6000 -0.007303629049016939 7000 -0.007303629049016939 14000 -0.9853927419019664 
m400055 6000 -0.00033298208629357033 7000 -0.00033298208629357033 14000 -0.9993340358274129 
m400056 6000 -0.002165430787684424 7000 -0.002165430787684424 14000 -0.9956691384246309 
m400057 6000 -0.005204203951232636 7000 -0.005204203951232636 14000 -0.9895915920975351 
m400058 6000 -0.006717769910694334 7000 -0.006717769910694334 14000 -0.9865644601786114 
m400059 6000 -0.007250773245488048 7000 -0.007250773245488048 14000 -0.9854984535090235 
m400060 6000 -0.0002456286688135525 7000 -0.0002456286688135525 14000 -0.9995087426623728 
m400061 6000 -0.001763336428885706 7000 -0.001763336428885706 14000 -0.9964733271422288 
m400062 6000 -0.00452188497059662 7000 -0.00452188497059662 14000 -0.9909562300588071 
m400063 6000 -0.006699587817184177 7000 -0.006699587817184177 14000 -0.986600824365632 
m400064 6000 -0.007358844474016146 7000 -0.007358844474016146 14000 -0.9852823110519676 
m400065 6000 -0.00034597803404059086 7000 -0.00034597803404059086 14000 -0.9993080439319187 
m400066 6000 -0.002679403507890231 7000 -0.002679403507890231 14000 -0.9946411929842198 
m400067 6000 -0.004739256635836574 7000 -0.004739256635836574 14000 -0.990521486728327 
m400068 6000 -0.006871032194438422 7000 -0.006871032194438422 14000 -0.9862579356111233 
m400069 6000 -0.00730158268030549 7000 -0.00730158268030549 14000 -0.985396834639389 
m400070 6000 -0.0005096341758054297 7000 -0.0005096341758054297 14000 -0.9989807316483892 
m400071 6000 -0.002131482034505366 7000 -0.002131482034505366 14000 -0.9957370359309895 
m400072 6000 -0.005082679022850169 7000 -0.005082679022850169 14000 -0.9898346419542996 
m400073 6000 -0.006728680983658339 7000 -0.006728680983658339 14000 -0.986542638032683 
m400074 6000 -0.007295827043471127 7000 -0.007295827043471127 14000 -0.9854083459130577 
m400075 6000 -0.00021216982398321698 7000 -0.00021216982398321698 14000 -0.9995756603520337 
m400076 6000 -0.0024545872627315776 7000 -0.0024545872627315776 14000 -0.9950908254745363 
m400077 6000 -0.004790824619064788 7000 -0.004790824619064788 14000 -0.9904183507618705 
m400078 6000 -0.0065633982840701465 7000 -0.0065633982840701465 14000 -0.98687320343186 
m400079 6000 -0.007279563146919624 7000 -0.007279563146919624 14000 -0.9854408737061605 
m400080 6000 -0.0003751834761605653 7000 -0.0003751834761605653 14000 -0.9992496330476789 
m400081 6000 -0.00203429499274287 7000 -0.00203429499274287 14000 -0.9959314100145145 
m400082 6000 -0.005424373317808358 7000 -0.005424373317808358 14000 -0.9891512533643833 
m400083 6000 -0.006560650202383686 7000 -0.006560650202383686 14000 -0.9868786995952324 
m400084 6000 -0.007278487884515839 7000 -0.007278487884515839 14000 -0.9854430242309682 
m400085 6000 -0.00045478700872110533 7000 -0.00045478700872110533 14000 -0.9990904259825577 
m400086 6000 -0.002377373928515799 7000 -0.002377373928515799 14000 -0.9952452521429683 
m400087 6000 -0.004868697990005747 7000 -0.004868697990005747 14000 -0.9902626040199886 
m400088 6000 -0.00673670479377825 7000 -0.00673670479377825 14000 -0.9865265904124434 
m400089 6000 -0.007284947170607855 7000 -0.007284947170607855 14000 -0.9854301056587841 
m400090 6000 -0.00028426144784951963 7000 -0.00028426144784951963 14000 -0.9994314771043009 
m400091 6000 -0.002172875291321489 7000 -0.002172875291321489 14000 -0.9956542494173568 
m400092 6000 -0.0053313115597121265 7000 -0.0053313115597121265 14000 -0.9893373768805754 
m400093 6000 -0.006775811120325428 7000 -0.006775811120325428 14000 -0.986448377759349 
m400094 6000 -0.007255838873213245 7000 -0.007255838873213245 14000 -0.9854883222535732 
m400095 6000 -0.0003358045947637868 7000 -0.0003358045947637868 14000 -0.9993283908104723 
m400096 6000 -0.002324355237551371 7000 -0.002324355237551371 14000 -0.995351289524897 
m400097 6000 -0.004906579396099016 7000 -0.004906579396099016 14000 -0.990186841207802 
m400098 6000 -0.006710485809636715 7000 -0.006710485809636715 14000 -0.9865790283807269 
m400099 6000 -0.007249398137590294 7000 -0.007249398137590294 14000 -0.9855012037248194 
m400100 6000 -0.0003862303464517694 7000 -0.0003862303464517694 14000 -0.9992275393070965 
m400101 6000 -0.0025182956287231194 7000 -0.0025182956287231194 14000 -0.9949634087425536 
m400102 6000 -0.004972637052254971 7000 -0.004972637052254971 14000 -0.9900547258954898 
m400103 6000 -0.006850730850268596 7000 -0.006850730850268596 14000 -0.9862985382994629 
m400104 6000 -0.007275461784111782 7000 -0.007275461784111782 14000 -0.9854490764317765 
m400105 6000 -0.00027960752762258784 7000 -0.00027960752762258784 14000 -0.9994407849447547 
m400106 6000 -0.0021468936337008344 7000 -0.0021468936337008344 14000 -0.9957062127325982 
m400107 6000 -0.004906392305078326 7000 -0.004906392305078326 14000 -0.9901872153898437 
m400108 6000 -0.006728157936891869 7000 -0.006728157936891869 14000 -0.986543684126216 
m400109 6000 -0.0073328821389906495 7000 -0.0073328821389906495 14000 -0.985334235722019 
m400110 6000 -0.00044707664792833607 7000 -0.00044707664792833607 14000 -0.9991058467041434 
m400111 6000 -0.002005554841758678 7000 -0.002005554841758678 14000 -0.9959888903164829 
m400112 6000 -0.005080085474836031 7000 -0.005080085474836031 14000 -0.9898398290503281 
m400113 6000 -0.006775925537786339 7000 -0.006775925537786339 14000 -0.9864481489244273 
m400114 6000 -0.007278299928608055 7000 -0.007278299928608055 14000 -0.9854434001427836 
m400115 6000 -0.000411409894264351 7000 -0.000411409894264351 14000 -0.9991771802114713 
m400116 6000 -0.00206312393797668 7000 -0.00206312393797668 14000 -0.9958737521240466 
m400117 6000 -0.005133079046591216 7000 -0.005133079046591216 14000 -0.9897338419068175 
m400118 6000 -0.006613092751817337 7000 -0.006613092751817337 14000 -0.9867738144963654 
m400119 6000 -0.007296200043111669 7000 -0.007296200043111669 14000 -0.9854075999137766 
m400120 6000 -0.0003361172442284271 7000 -0.0003361172442284271 14000 -0.999327765511543 
m400121 6000 -0.0024203061490030596 7000 -0.0024203061490030596 14000 -0.9951593877019939 
m400122 6000 -0.004704568173300996 7000 -0.004704568173300996 14000 -0.9905908636533981 
m400123 6000 -0.006688544924698828 7000 -0.006688544924698828 14000 -0.9866229101506023 
m400124 6000 -0.007331476128436412 7000 -0.007331476128436412 14000 -0.9853370477431274 
c **********************************
c PE+Pb, dens=4.78 g/cm3
m2      6000    -0.04286 $Carbon
        1001    -0.00714 $Hydrogen
        82000   -0.95000 $Lead
c **********************************
m3    1001 -0.048535 $Boric acid
      5010 -0.034981
      5011 -0.139923
      8016 -0.776561
c **********************************
m4    82000 1 $Lead
c **********************************
m5 26000 1 $Iron
c **********************************
m6     13027   -1.000 $ Aluminum
c **********************************
c  SS-304 (8.00 g/cm3), #298 in PNNL Compendium
m7   006000.50c -0.0004000
     014000.60c -0.0050000
     015031.50c -0.0002300
     016000.60c -0.0001500
     024000.50c -0.1899981
     025055.60c -0.0099999
     026000.50c -0.7017229
     028000.50c -0.0924991
c ****************************************
c       LaBr detector
c ****************************************
m8       35079    -0.2946       $ Br79
         35081    -0.3069       $ Br81
         57139    -0.3485       $ La139
         58140    -0.0500       $ Ce140
c ************ air den=1.15e-3g/cc
m12     8016 -0.23
        7014 -0.77
c ************ Rubber Natural den=0.92 g/cc
m13     1001 -0.118371  $weight fraction
        6000 -0.881629
c
c end material cards
c
rand seed=8674536546524321 $different initial random #; seed# - any less 18 digits
c
c ********** begin tallies *********************
fc78 *********Broadened Pulse Height Tally Sum of Detectors 1,2 & 3 ***********
e78 0 1e-5 932i 8.4295
F78:p (101)
FT78 GEB -0.026198 0.059551 -0.037176
fc18 *********Unbroadened Pulse Height Tally Sum of Detectors 1,2 & 3 ***********
e18 0 1e-5 932i 8.4295
F18:p (101)
c ***********************************
c mplot tal 78 freq 10000
nps 1e9
