c CAS DETECTOR
c w/ Shielding in Place and Wheels
c
c CELL CARDS
c
c @@@@@@@@@@ Detectors @@@@@@@@@@@@@@@@@
c
101 8 -5.08 -21 imp:n,p 1 $LaBr Detector #1 Active Region
c
c @@@@@@@@@ Shielding @@@@@@@@@@@@@@@@@
c
121 2 -4.78 -31 imp:n,p 1 $PE_Pb
122 4 -11.29 -32 imp:n,p 1 $Pb1
123 4 -11.29 -33 imp:n,p 1 $Pb2
124 4 -11.29 -34 imp:n,p 1 $Pb3
125 4 -11.29 -35 imp:n,p 1 $Pb4
126 4 -11.29 -36 imp:n,p 1 $Pb5
127 4 -11.29 -37 imp:n,p 1 $Pb6
128 3 -1.5 -38 imp:n,p 1 $BA1
129 3 -1.5 -39 imp:n,p 1 $BA2
130 6 -2.7 -40 imp:n,p 1 $Al
131 7 -7.92 301 -302 303 -304 imp:n,p 1 $Fe-tube
132 5 -7.8 -401 imp:n,p 1 $Fe
133 5 -7.8 -402 imp:n,p 1 $Fe
c @@@@@@@@@@ Wheels @@@@@@@@@@@@@@@@@
c
21 13 -0.92 -41 42 imp:n,p 1 $Wheel 1
211 13 -0.92 -421 422 imp:n,p 1 $Wheel 1
212 13 -0.92 -423 424 imp:n,p 1 $Wheel 1
22 13 -0.92 -43 44 imp:n,p 1 $Wheel 2
221 13 -0.92 -441 442 imp:n,p 1 $Wheel 2
222 13 -0.92 -443 444 imp:n,p 1 $Wheel 2
23 13 -0.92 -45 46 imp:n,p 1 $Wheel 3
231 13 -0.92 -461 462 imp:n,p 1 $Wheel 3
232 13 -0.92 -463 464 imp:n,p 1 $Wheel 3
24 13 -0.92 -47 48 imp:n,p 1 $Wheel 4
241 13 -0.92 -481 482 imp:n,p 1 $Wheel 4
242 13 -0.92 -483 484 imp:n,p 1 $Wheel 4
c
c @@@@@@@@@@ SOIL VOLUME @@@@@@@@@@@
c
300000 400000 -2.156 20010 -20011 20020 -20021 20030 -20031 imp:n,p 1
300001 400001 -2.156 20010 -20011 20020 -20021 20031 -20032 imp:n,p 1
300002 400002 -2.156 20010 -20011 20020 -20021 20032 -20033 imp:n,p 1
300003 400003 -2.156 20010 -20011 20020 -20021 20033 -20034 imp:n,p 1
300004 400004 -2.156 20010 -20011 20020 -20021 20034 -20035 imp:n,p 1
300005 400005 -2.156 20011 -20012 20020 -20021 20030 -20031 imp:n,p 1
300006 400006 -2.156 20011 -20012 20020 -20021 20031 -20032 imp:n,p 1
300007 400007 -2.156 20011 -20012 20020 -20021 20032 -20033 imp:n,p 1
300008 400008 -2.156 20011 -20012 20020 -20021 20033 -20034 imp:n,p 1
300009 400009 -2.156 20011 -20012 20020 -20021 20034 -20035 imp:n,p 1
300010 400010 -2.156 20012 -20013 20020 -20021 20030 -20031 imp:n,p 1
300011 400011 -2.156 20012 -20013 20020 -20021 20031 -20032 imp:n,p 1
300012 400012 -2.156 20012 -20013 20020 -20021 20032 -20033 imp:n,p 1
300013 400013 -2.156 20012 -20013 20020 -20021 20033 -20034 imp:n,p 1
300014 400014 -2.156 20012 -20013 20020 -20021 20034 -20035 imp:n,p 1
300015 400015 -2.156 20013 -20014 20020 -20021 20030 -20031 imp:n,p 1
300016 400016 -2.156 20013 -20014 20020 -20021 20031 -20032 imp:n,p 1
300017 400017 -2.156 20013 -20014 20020 -20021 20032 -20033 imp:n,p 1
300018 400018 -2.156 20013 -20014 20020 -20021 20033 -20034 imp:n,p 1
300019 400019 -2.156 20013 -20014 20020 -20021 20034 -20035 imp:n,p 1
300020 400020 -2.156 20014 -20015 20020 -20021 20030 -20031 imp:n,p 1
300021 400021 -2.156 20014 -20015 20020 -20021 20031 -20032 imp:n,p 1
300022 400022 -2.156 20014 -20015 20020 -20021 20032 -20033 imp:n,p 1
300023 400023 -2.156 20014 -20015 20020 -20021 20033 -20034 imp:n,p 1
300024 400024 -2.156 20014 -20015 20020 -20021 20034 -20035 imp:n,p 1
300025 400025 -2.156 20010 -20011 20021 -20022 20030 -20031 imp:n,p 1
300026 400026 -2.156 20010 -20011 20021 -20022 20031 -20032 imp:n,p 1
300027 400027 -2.156 20010 -20011 20021 -20022 20032 -20033 imp:n,p 1
300028 400028 -2.156 20010 -20011 20021 -20022 20033 -20034 imp:n,p 1
300029 400029 -2.156 20010 -20011 20021 -20022 20034 -20035 imp:n,p 1
300030 400030 -2.156 20011 -20012 20021 -20022 20030 -20031 imp:n,p 1
300031 400031 -2.156 20011 -20012 20021 -20022 20031 -20032 imp:n,p 1
300032 400032 -2.156 20011 -20012 20021 -20022 20032 -20033 imp:n,p 1
300033 400033 -2.156 20011 -20012 20021 -20022 20033 -20034 imp:n,p 1
300034 400034 -2.156 20011 -20012 20021 -20022 20034 -20035 imp:n,p 1
300035 400035 -2.156 20012 -20013 20021 -20022 20030 -20031 imp:n,p 1
300036 400036 -2.156 20012 -20013 20021 -20022 20031 -20032 imp:n,p 1
300037 400037 -2.156 20012 -20013 20021 -20022 20032 -20033 imp:n,p 1
300038 400038 -2.156 20012 -20013 20021 -20022 20033 -20034 imp:n,p 1
300039 400039 -2.156 20012 -20013 20021 -20022 20034 -20035 imp:n,p 1
300040 400040 -2.156 20013 -20014 20021 -20022 20030 -20031 imp:n,p 1
300041 400041 -2.156 20013 -20014 20021 -20022 20031 -20032 imp:n,p 1
300042 400042 -2.156 20013 -20014 20021 -20022 20032 -20033 imp:n,p 1
300043 400043 -2.156 20013 -20014 20021 -20022 20033 -20034 imp:n,p 1
300044 400044 -2.156 20013 -20014 20021 -20022 20034 -20035 imp:n,p 1
300045 400045 -2.156 20014 -20015 20021 -20022 20030 -20031 imp:n,p 1
300046 400046 -2.156 20014 -20015 20021 -20022 20031 -20032 imp:n,p 1
300047 400047 -2.156 20014 -20015 20021 -20022 20032 -20033 imp:n,p 1
300048 400048 -2.156 20014 -20015 20021 -20022 20033 -20034 imp:n,p 1
300049 400049 -2.156 20014 -20015 20021 -20022 20034 -20035 imp:n,p 1
300050 400050 -2.156 20010 -20011 20022 -20023 20030 -20031 imp:n,p 1
300051 400051 -2.156 20010 -20011 20022 -20023 20031 -20032 imp:n,p 1
300052 400052 -2.156 20010 -20011 20022 -20023 20032 -20033 imp:n,p 1
300053 400053 -2.156 20010 -20011 20022 -20023 20033 -20034 imp:n,p 1
300054 400054 -2.156 20010 -20011 20022 -20023 20034 -20035 imp:n,p 1
300055 400055 -2.156 20011 -20012 20022 -20023 20030 -20031 imp:n,p 1
300056 400056 -2.156 20011 -20012 20022 -20023 20031 -20032 imp:n,p 1
300057 400057 -2.156 20011 -20012 20022 -20023 20032 -20033 imp:n,p 1
300058 400058 -2.156 20011 -20012 20022 -20023 20033 -20034 imp:n,p 1
300059 400059 -2.156 20011 -20012 20022 -20023 20034 -20035 imp:n,p 1
300060 400060 -2.156 20012 -20013 20022 -20023 20030 -20031 imp:n,p 1
300061 400061 -2.156 20012 -20013 20022 -20023 20031 -20032 imp:n,p 1
300062 400062 -2.156 20012 -20013 20022 -20023 20032 -20033 imp:n,p 1
300063 400063 -2.156 20012 -20013 20022 -20023 20033 -20034 imp:n,p 1
300064 400064 -2.156 20012 -20013 20022 -20023 20034 -20035 imp:n,p 1
300065 400065 -2.156 20013 -20014 20022 -20023 20030 -20031 imp:n,p 1
300066 400066 -2.156 20013 -20014 20022 -20023 20031 -20032 imp:n,p 1
300067 400067 -2.156 20013 -20014 20022 -20023 20032 -20033 imp:n,p 1
300068 400068 -2.156 20013 -20014 20022 -20023 20033 -20034 imp:n,p 1
300069 400069 -2.156 20013 -20014 20022 -20023 20034 -20035 imp:n,p 1
300070 400070 -2.156 20014 -20015 20022 -20023 20030 -20031 imp:n,p 1
300071 400071 -2.156 20014 -20015 20022 -20023 20031 -20032 imp:n,p 1
300072 400072 -2.156 20014 -20015 20022 -20023 20032 -20033 imp:n,p 1
300073 400073 -2.156 20014 -20015 20022 -20023 20033 -20034 imp:n,p 1
300074 400074 -2.156 20014 -20015 20022 -20023 20034 -20035 imp:n,p 1
300075 400075 -2.156 20010 -20011 20023 -20024 20030 -20031 imp:n,p 1
300076 400076 -2.156 20010 -20011 20023 -20024 20031 -20032 imp:n,p 1
300077 400077 -2.156 20010 -20011 20023 -20024 20032 -20033 imp:n,p 1
300078 400078 -2.156 20010 -20011 20023 -20024 20033 -20034 imp:n,p 1
300079 400079 -2.156 20010 -20011 20023 -20024 20034 -20035 imp:n,p 1
300080 400080 -2.156 20011 -20012 20023 -20024 20030 -20031 imp:n,p 1
300081 400081 -2.156 20011 -20012 20023 -20024 20031 -20032 imp:n,p 1
300082 400082 -2.156 20011 -20012 20023 -20024 20032 -20033 imp:n,p 1
300083 400083 -2.156 20011 -20012 20023 -20024 20033 -20034 imp:n,p 1
300084 400084 -2.156 20011 -20012 20023 -20024 20034 -20035 imp:n,p 1
300085 400085 -2.156 20012 -20013 20023 -20024 20030 -20031 imp:n,p 1
300086 400086 -2.156 20012 -20013 20023 -20024 20031 -20032 imp:n,p 1
300087 400087 -2.156 20012 -20013 20023 -20024 20032 -20033 imp:n,p 1
300088 400088 -2.156 20012 -20013 20023 -20024 20033 -20034 imp:n,p 1
300089 400089 -2.156 20012 -20013 20023 -20024 20034 -20035 imp:n,p 1
300090 400090 -2.156 20013 -20014 20023 -20024 20030 -20031 imp:n,p 1
300091 400091 -2.156 20013 -20014 20023 -20024 20031 -20032 imp:n,p 1
300092 400092 -2.156 20013 -20014 20023 -20024 20032 -20033 imp:n,p 1
300093 400093 -2.156 20013 -20014 20023 -20024 20033 -20034 imp:n,p 1
300094 400094 -2.156 20013 -20014 20023 -20024 20034 -20035 imp:n,p 1
300095 400095 -2.156 20014 -20015 20023 -20024 20030 -20031 imp:n,p 1
300096 400096 -2.156 20014 -20015 20023 -20024 20031 -20032 imp:n,p 1
300097 400097 -2.156 20014 -20015 20023 -20024 20032 -20033 imp:n,p 1
300098 400098 -2.156 20014 -20015 20023 -20024 20033 -20034 imp:n,p 1
300099 400099 -2.156 20014 -20015 20023 -20024 20034 -20035 imp:n,p 1
300100 400100 -2.156 20010 -20011 20024 -20025 20030 -20031 imp:n,p 1
300101 400101 -2.156 20010 -20011 20024 -20025 20031 -20032 imp:n,p 1
300102 400102 -2.156 20010 -20011 20024 -20025 20032 -20033 imp:n,p 1
300103 400103 -2.156 20010 -20011 20024 -20025 20033 -20034 imp:n,p 1
300104 400104 -2.156 20010 -20011 20024 -20025 20034 -20035 imp:n,p 1
300105 400105 -2.156 20011 -20012 20024 -20025 20030 -20031 imp:n,p 1
300106 400106 -2.156 20011 -20012 20024 -20025 20031 -20032 imp:n,p 1
300107 400107 -2.156 20011 -20012 20024 -20025 20032 -20033 imp:n,p 1
300108 400108 -2.156 20011 -20012 20024 -20025 20033 -20034 imp:n,p 1
300109 400109 -2.156 20011 -20012 20024 -20025 20034 -20035 imp:n,p 1
300110 400110 -2.156 20012 -20013 20024 -20025 20030 -20031 imp:n,p 1
300111 400111 -2.156 20012 -20013 20024 -20025 20031 -20032 imp:n,p 1
300112 400112 -2.156 20012 -20013 20024 -20025 20032 -20033 imp:n,p 1
300113 400113 -2.156 20012 -20013 20024 -20025 20033 -20034 imp:n,p 1
300114 400114 -2.156 20012 -20013 20024 -20025 20034 -20035 imp:n,p 1
300115 400115 -2.156 20013 -20014 20024 -20025 20030 -20031 imp:n,p 1
300116 400116 -2.156 20013 -20014 20024 -20025 20031 -20032 imp:n,p 1
300117 400117 -2.156 20013 -20014 20024 -20025 20032 -20033 imp:n,p 1
300118 400118 -2.156 20013 -20014 20024 -20025 20033 -20034 imp:n,p 1
300119 400119 -2.156 20013 -20014 20024 -20025 20034 -20035 imp:n,p 1
300120 400120 -2.156 20014 -20015 20024 -20025 20030 -20031 imp:n,p 1
300121 400121 -2.156 20014 -20015 20024 -20025 20031 -20032 imp:n,p 1
300122 400122 -2.156 20014 -20015 20024 -20025 20032 -20033 imp:n,p 1
300123 400123 -2.156 20014 -20015 20024 -20025 20033 -20034 imp:n,p 1
300124 400124 -2.156 20014 -20015 20024 -20025 20034 -20035 imp:n,p 1
c
30 12 -0.00129 -200 #101 #121 #122 #123 #124 #125 #126 #127 #128 #129 #130 #131 #132 #133
        #21 #211 #212 #22 #221 #222 #23 #231 #232 #24 #241 #242 #20 imp:n,p 1 $Rest of the World
31 0 200 imp:n,p 0 $Outside world

c SURFACE CARDS
c
c Sample Volume
20010 px -56.0
20011 px -33.600000000000364
20012 px -11.200000000000728
20013 px 11.200000000000728
20014 px 33.600000000000364
20015 px 56.0
20020 py -45.0
20021 py -27.0
20022 py -9.0
20023 py 9.0
20024 py 27.0
20025 py 45.0
20030 pz 92.0
20031 pz 82.0
20032 pz 72.0
20033 pz 62.0
20034 pz 52.0
20035 pz 42.0
c Active Detector Region
21 rcc 56  -5.0 -1.0   0.0 20.3 0.0   4.5 $Detector 1 Base center, Hx,Hy,Hz, radius
c Shielding Surfaces
c Shielding Pb
31 rpp 19 29 -7.5 7.5 -11 9 $PbPE xmin xmax ymin ymax zmin zmax
32 rpp 9 19 4 9 -11 9 $Pb xmin xmax ymin ymax zmin zmax
33 rpp 9 19 -9 -4 -11 9 $Pb xmin xmax ymin ymax zmin zmax
34 rpp 19 29 7.5 12.5 -11 9 $Pb xmin xmax ymin ymax zmin zmax
35 rpp 19 29 -12.5 -7.5 -11 9 $Pb xmin xmax ymin ymax zmin zmax
36 rpp 29 34 -15 15 -11 9 $Pb xmin xmax ymin ymax zmin zmax
37 rpp 9 19 -4 4 4 9 $Pb xmin xmax ymin ymax zmin zmax
38 rpp -26 26 18 28 -11 9 $BA1 xmin xmax ymin ymax zmin zmax
39 rpp -26 26 -28 -18 -11 9 $BA2 xmin xmax ymin ymax zmin zmax
40 rpp -65 65 -28 28 10 10.5 $Al xmin xmax ymin ymax zmin zmax
401 rpp -27 27 29 34 -11 9 $Fe xmin xmax ymin ymax zmin zmax
402 rpp -27 27 -34 -29 -11 9 $Fe xmin xmax ymin ymax zmin zmax
301 px -20
302 px 18
303 cx 3.71
304 cx 3.81
c Wheels Surfaces
c 23/10.5-12 turf tires, 22.6 lb rubber
c diameter 29cm, tread width 25cm, and sidewall height 13.76 cm
c set thickness of all sides 1.3 cm (s.t. weight is 22.6 lb)
41 rcc -2 77 8   0.0 25 0.0 29 $wheel 1 outer tread surface
42 rcc -2 77 8   0.0 25 0.0 27.7 $wheel 1 inner tread surface
421 rcc -2 75.7 8   0.0 1.3 0.0 29 $wheel 1 outside sidewall exterior
422 rcc -2 75.7 8   0.0 1.3 0.0 15.24 $wheel 1 outside sidewall interior
423 rcc -2 102 8   0.0 1.3 0.0 29 $wheel 1 inside sidewall exterior
424 rcc -2 102 8   0.0 1.3 0.0 15.24 $wheel 1 inside sidewall interior
43 rcc 68 77 8   0.0 25 0.0 29 $wheel 2
44 rcc 68 77 8   0.0 25 0.0 27.7
441 rcc 68 75.7 8   0.0 1.3 0.0 29
442 rcc 68 75.7 8   0.0 1.3 0.0 15.24
443 rcc 68 102 8   0.0 1.3 0.0 29
444 rcc 68 102 8   0.0 1.3 0.0 15.24
45 rcc -2 -77 8   0.0 -25 0.0 29 $wheel 3
46 rcc -2 -77 8   0.0 -25 0.0 27.7
461 rcc -2 -75.7 8   0.0 -1.3 0.0 29
462 rcc -2 -75.7 8   0.0 -1.3 0.0 15.24
463 rcc -2 -102 8   0.0 -1.3 0.0 29
464 rcc -2 -102 8   0.0 -1.3 0.0 15.24
47 rcc 68 -77 8   0.0 -25 0.0 29 $wheel 4
48 rcc 68 -77 8   0.0 -25 0.0 27.7
481 rcc 68 -75.7 8   0.0 -1.3 0.0 29
482 rcc 68 -75.7 8   0.0 -1.3 0.0 15.24
483 rcc 68 -102 8   0.0 -1.3 0.0 29
484 rcc 68 -102 8   0.0 -1.3 0.0 15.24
200 so 800    $sphere of 800cm centered at origin
c

c DATA CARDS
mode n p
c dump every hr
prdmp -60 -60 -1
c 100 keV Neutron Energy Cutoff
Cut:n 1j 0.1
c analog neutron transport
phys:n 1j 14
phys:p
sdef pos=0 0 0 erg=14.0 vec= 0 0 1 dir=d1
si1  -1 .93 1
sp1   0  0.0  1.0
c ********************
c begin material cards
c ********************
c Pure Carbon
c ****************************************
m400000 6000 -0.004340253794396022 7000 -0.004340253794396022 14000 -0.9913194924112081 
m400001 6000 -0.0033375314311432825 7000 -0.0033375314311432825 14000 -0.9933249371377131 
m400002 6000 -0.003951063280651922 7000 -0.003951063280651922 14000 -0.9920978734386959 
m400003 6000 -0.00633082530576955 7000 -0.00633082530576955 14000 -0.9873383493884611 
m400004 6000 -0.009539592593489316 7000 -0.009539592593489316 14000 -0.9809208148130213 
m400005 6000 -0.004288552594056138 7000 -0.004288552594056138 14000 -0.9914228948118878 
m400006 6000 -0.003327341567006563 7000 -0.003327341567006563 14000 -0.9933453168659869 
m400007 6000 -0.0037304187600822767 7000 -0.0037304187600822767 14000 -0.9925391624798354 
m400008 6000 -0.005703374866266426 7000 -0.005703374866266426 14000 -0.9885932502674671 
m400009 6000 -0.00945401520283598 7000 -0.00945401520283598 14000 -0.9810919695943278 
m400010 6000 -0.0039781636232767165 7000 -0.0039781636232767165 14000 -0.992043672753447 
m400011 6000 -0.003341494259737143 7000 -0.003341494259737143 14000 -0.9933170114805259 
m400012 6000 -0.003930435831616156 7000 -0.003930435831616156 14000 -0.9921391283367682 
m400013 6000 -0.0053188900606710035 7000 -0.0053188900606710035 14000 -0.989362219878658 
m400014 6000 -0.009253912481800014 7000 -0.009253912481800014 14000 -0.9814921750363998 
m400015 6000 -0.0041690727900473065 7000 -0.0041690727900473065 14000 -0.9916618544199052 
m400016 6000 -0.003320811760666142 7000 -0.003320811760666142 14000 -0.9933583764786679 
m400017 6000 -0.0037295265759507883 7000 -0.0037295265759507883 14000 -0.9925409468480989 
m400018 6000 -0.005894483629858734 7000 -0.005894483629858734 14000 -0.9882110327402828 
m400019 6000 -0.009340997295725757 7000 -0.009340997295725757 14000 -0.9813180054085485 
m400020 6000 -0.004235295703906138 7000 -0.004235295703906138 14000 -0.9915294085921876 
m400021 6000 -0.003309214296274709 7000 -0.003309214296274709 14000 -0.9933815714074502 
m400022 6000 -0.0038721163592356383 7000 -0.0038721163592356383 14000 -0.9922557672815289 
m400023 6000 -0.006007427973189028 7000 -0.006007427973189028 14000 -0.9879851440536217 
m400024 6000 -0.009765937313526941 7000 -0.009765937313526941 14000 -0.9804681253729463 
m400025 6000 -0.003890551195957781 7000 -0.003890551195957781 14000 -0.9922188976080846 
m400026 6000 -0.0032619801290230937 7000 -0.0032619801290230937 14000 -0.9934760397419541 
m400027 6000 -0.00395667856325806 7000 -0.00395667856325806 14000 -0.992086642873484 
m400028 6000 -0.005870470953314159 7000 -0.005870470953314159 14000 -0.9882590580933713 
m400029 6000 -0.008732114618641568 7000 -0.008732114618641568 14000 -0.9825357707627166 
m400030 6000 -0.004006216001160617 7000 -0.004006216001160617 14000 -0.9919875679976787 
m400031 6000 -0.0032751491499400567 7000 -0.0032751491499400567 14000 -0.9934497017001199 
m400032 6000 -0.0037573601559061816 7000 -0.0037573601559061816 14000 -0.9924852796881874 
m400033 6000 -0.00599898848607318 7000 -0.00599898848607318 14000 -0.9880020230278536 
m400034 6000 -0.009084286463519706 7000 -0.009084286463519706 14000 -0.9818314270729604 
m400035 6000 -0.003961490969936854 7000 -0.003961490969936854 14000 -0.9920770180601263 
m400036 6000 -0.0033625917112623453 7000 -0.0033625917112623453 14000 -0.9932748165774751 
m400037 6000 -0.0038062770760021554 7000 -0.0038062770760021554 14000 -0.9923874458479958 
m400038 6000 -0.005880712461630915 7000 -0.005880712461630915 14000 -0.9882385750767384 
m400039 6000 -0.009099159579016804 7000 -0.009099159579016804 14000 -0.9818016808419661 
m400040 6000 -0.003976122773898716 7000 -0.003976122773898716 14000 -0.9920477544522026 
m400041 6000 -0.0033558097014686674 7000 -0.0033558097014686674 14000 -0.9932883805970627 
m400042 6000 -0.0038393107111280083 7000 -0.0038393107111280083 14000 -0.9923213785777442 
m400043 6000 -0.005195935104784567 7000 -0.005195935104784567 14000 -0.9896081297904309 
m400044 6000 -0.008678484106162105 7000 -0.008678484106162105 14000 -0.9826430317876758 
m400045 6000 -0.004009065692263166 7000 -0.004009065692263166 14000 -0.9919818686154731 
m400046 6000 -0.003266371082622413 7000 -0.003266371082622413 14000 -0.9934672578347553 
m400047 6000 -0.004045981083608658 7000 -0.004045981083608658 14000 -0.9919080378327823 
m400048 6000 -0.00595005941684859 7000 -0.00595005941684859 14000 -0.9880998811663028 
m400049 6000 -0.009167717982750396 7000 -0.009167717982750396 14000 -0.9816645640344991 
m400050 6000 -0.004109081308397376 7000 -0.004109081308397376 14000 -0.9917818373832055 
m400051 6000 -0.003298881473574177 7000 -0.003298881473574177 14000 -0.9934022370528518 
m400052 6000 -0.0042110752032643185 7000 -0.0042110752032643185 14000 -0.9915778495934714 
m400053 6000 -0.005869152358672893 7000 -0.005869152358672893 14000 -0.9882616952826544 
m400054 6000 -0.009850681611748126 7000 -0.009850681611748126 14000 -0.9802986367765036 
m400055 6000 -0.004197471141639519 7000 -0.004197471141639519 14000 -0.9916050577167212 
m400056 6000 -0.0032798099978519034 7000 -0.0032798099978519034 14000 -0.9934403800042964 
m400057 6000 -0.003935843857234901 7000 -0.003935843857234901 14000 -0.99212831228553 
m400058 6000 -0.005917453331305844 7000 -0.005917453331305844 14000 -0.9881650933373883 
m400059 6000 -0.009645348389538507 7000 -0.009645348389538507 14000 -0.9807093032209232 
m400060 6000 -0.004168417670253645 7000 -0.004168417670253645 14000 -0.9916631646594929 
m400061 6000 -0.003312707870991483 7000 -0.003312707870991483 14000 -0.993374584258017 
m400062 6000 -0.003741714627940532 7000 -0.003741714627940532 14000 -0.9925165707441187 
m400063 6000 -0.006069536748126004 7000 -0.006069536748126004 14000 -0.987860926503748 
m400064 6000 -0.008654856562705242 7000 -0.008654856562705242 14000 -0.9826902868745893 
m400065 6000 -0.004195634559724336 7000 -0.004195634559724336 14000 -0.991608730880551 
m400066 6000 -0.0033528120229810617 7000 -0.0033528120229810617 14000 -0.9932943759540378 
m400067 6000 -0.003817358329253504 7000 -0.003817358329253504 14000 -0.9923652833414929 
m400068 6000 -0.00615333761158103 7000 -0.00615333761158103 14000 -0.9876933247768379 
m400069 6000 -0.009185029606721788 7000 -0.009185029606721788 14000 -0.9816299407865564 
m400070 6000 -0.004182268193195159 7000 -0.004182268193195159 14000 -0.9916354636136094 
m400071 6000 -0.0033006781961694267 7000 -0.0033006781961694267 14000 -0.993398643607661 
m400072 6000 -0.003964165001131796 7000 -0.003964165001131796 14000 -0.9920716699977364 
m400073 6000 -0.006001826719766916 7000 -0.006001826719766916 14000 -0.9879963465604661 
m400074 6000 -0.008191868634947762 7000 -0.008191868634947762 14000 -0.9836162627301048 
m400075 6000 -0.004028790635288689 7000 -0.004028790635288689 14000 -0.991942418729423 
m400076 6000 -0.0032704901983345996 7000 -0.0032704901983345996 14000 -0.9934590196033308 
m400077 6000 -0.0038770120133981264 7000 -0.0038770120133981264 14000 -0.992245975973204 
m400078 6000 -0.005759810036013263 7000 -0.005759810036013263 14000 -0.9884803799279733 
m400079 6000 -0.008922444037334451 7000 -0.008922444037334451 14000 -0.9821551119253309 
m400080 6000 -0.004280261103726326 7000 -0.004280261103726326 14000 -0.9914394777925472 
m400081 6000 -0.003426421577146041 7000 -0.003426421577146041 14000 -0.9931471568457075 
m400082 6000 -0.0038375620073181375 7000 -0.0038375620073181375 14000 -0.9923248759853638 
m400083 6000 -0.005974498981686323 7000 -0.005974498981686323 14000 -0.9880510020366278 
m400084 6000 -0.009080206267881768 7000 -0.009080206267881768 14000 -0.9818395874642366 
m400085 6000 -0.00424953480569485 7000 -0.00424953480569485 14000 -0.9915009303886103 
m400086 6000 -0.0032997801449909697 7000 -0.0032997801449909697 14000 -0.9934004397100182 
m400087 6000 -0.003794980758098954 7000 -0.003794980758098954 14000 -0.9924100384838019 
m400088 6000 -0.005745153713652159 7000 -0.005745153713652159 14000 -0.9885096925726958 
m400089 6000 -0.009344236583670335 7000 -0.009344236583670335 14000 -0.9813115268326591 
m400090 6000 -0.0040919367914413005 7000 -0.0040919367914413005 14000 -0.9918161264171174 
m400091 6000 -0.0033308362921372703 7000 -0.0033308362921372703 14000 -0.9933383274157259 
m400092 6000 -0.003561605522249422 7000 -0.003561605522249422 14000 -0.9928767889555011 
m400093 6000 -0.005850905294068763 7000 -0.005850905294068763 14000 -0.9882981894118621 
m400094 6000 -0.009207872083192865 7000 -0.009207872083192865 14000 -0.9815842558336143 
m400095 6000 -0.004103374677978592 7000 -0.004103374677978592 14000 -0.9917932506440432 
m400096 6000 -0.0033312718712474815 7000 -0.0033312718712474815 14000 -0.9933374562575051 
m400097 6000 -0.00392961066803084 7000 -0.00392961066803084 14000 -0.9921407786639383 
m400098 6000 -0.005842390602400505 7000 -0.005842390602400505 14000 -0.988315218795199 
m400099 6000 -0.009499529182213619 7000 -0.009499529182213619 14000 -0.9810009416355728 
m400100 6000 -0.00426355194734491 7000 -0.00426355194734491 14000 -0.9914728961053101 
m400101 6000 -0.0033079740837874878 7000 -0.0033079740837874878 14000 -0.9933840518324253 
m400102 6000 -0.004101434566404347 7000 -0.004101434566404347 14000 -0.9917971308671912 
m400103 6000 -0.005907991285481428 7000 -0.005907991285481428 14000 -0.988184017429037 
m400104 6000 -0.009195347687759425 7000 -0.009195347687759425 14000 -0.9816093046244815 
m400105 6000 -0.004276528636464786 7000 -0.004276528636464786 14000 -0.9914469427270706 
m400106 6000 -0.003304169100406396 7000 -0.003304169100406396 14000 -0.9933916617991873 
m400107 6000 -0.0037913448132722645 7000 -0.0037913448132722645 14000 -0.9924173103734555 
m400108 6000 -0.006057072876921781 7000 -0.006057072876921781 14000 -0.9878858542461566 
m400109 6000 -0.00931419199566267 7000 -0.00931419199566267 14000 -0.9813716160086747 
m400110 6000 -0.004226096153933237 7000 -0.004226096153933237 14000 -0.9915478076921335 
m400111 6000 -0.003245120000564515 7000 -0.003245120000564515 14000 -0.9935097599988713 
m400112 6000 -0.003650847053133524 7000 -0.003650847053133524 14000 -0.9926983058937331 
m400113 6000 -0.005732043661637183 7000 -0.005732043661637183 14000 -0.9885359126767256 
m400114 6000 -0.009230635112058789 7000 -0.009230635112058789 14000 -0.9815387297758824 
m400115 6000 -0.004287738588656665 7000 -0.004287738588656665 14000 -0.9914245228226867 
m400116 6000 -0.003324270787389556 7000 -0.003324270787389556 14000 -0.9933514584252208 
m400117 6000 -0.004030157411577535 7000 -0.004030157411577535 14000 -0.991939685176845 
m400118 6000 -0.005784071490579119 7000 -0.005784071490579119 14000 -0.9884318570188416 
m400119 6000 -0.009171329515962853 7000 -0.009171329515962853 14000 -0.9816573409680741 
m400120 6000 -0.003941029196734854 7000 -0.003941029196734854 14000 -0.9921179416065304 
m400121 6000 -0.0033522831551599306 7000 -0.0033522831551599306 14000 -0.9932954336896802 
m400122 6000 -0.00386500490534468 7000 -0.00386500490534468 14000 -0.9922699901893105 
m400123 6000 -0.005809073849890917 7000 -0.005809073849890917 14000 -0.9883818523002187 
m400124 6000 -0.00907664232941667 7000 -0.00907664232941667 14000 -0.9818467153411669 
c **********************************
c PE+Pb, dens=4.78 g/cm3
m2      6000    -0.04286 $Carbon
        1001    -0.00714 $Hydrogen
        82000   -0.95000 $Lead
c **********************************
m3    1001 -0.048535 $Boric acid
      5010 -0.034981
      5011 -0.139923
      8016 -0.776561
c **********************************
m4    82000 1 $Lead
c **********************************
m5 26000 1 $Iron
c **********************************
m6     13027   -1.000 $ Aluminum
c **********************************
c  SS-304 (8.00 g/cm3), #298 in PNNL Compendium
m7   006000.50c -0.0004000
     014000.60c -0.0050000
     015031.50c -0.0002300
     016000.60c -0.0001500
     024000.50c -0.1899981
     025055.60c -0.0099999
     026000.50c -0.7017229
     028000.50c -0.0924991
c ****************************************
c       LaBr detector
c ****************************************
m8       35079    -0.2946       $ Br79
         35081    -0.3069       $ Br81
         57139    -0.3485       $ La139
         58140    -0.0500       $ Ce140
c ************ air den=1.15e-3g/cc
m12     8016 -0.23
        7014 -0.77
c ************ Rubber Natural den=0.92 g/cc
m13     1001 -0.118371  $weight fraction
        6000 -0.881629
c
c end material cards
c
rand seed=8674536546524321 $different initial random #; seed# - any less 18 digits
c
c ********** begin tallies *********************
fc78 *********Broadened Pulse Height Tally Sum of Detectors 1,2 & 3 ***********
e78 0 1e-5 932i 8.4295
F78:p (101)
FT78 GEB -0.026198 0.059551 -0.037176
fc18 *********Unbroadened Pulse Height Tally Sum of Detectors 1,2 & 3 ***********
e18 0 1e-5 932i 8.4295
F18:p (101)
c ***********************************
c mplot tal 78 freq 10000
nps 1e9
