c CAS DETECTOR
c w/ Shielding in Place and Wheels
c
c CELL CARDS
c
c @@@@@@@@@@ Detectors @@@@@@@@@@@@@@@@@
c
101 8 -5.08 -21 imp:n,p 1 $LaBr Detector #1 Active Region
c
c @@@@@@@@@ Shielding @@@@@@@@@@@@@@@@@
c
121 2 -4.78 -31 imp:n,p 1 $PE_Pb
122 4 -11.29 -32 imp:n,p 1 $Pb1
123 4 -11.29 -33 imp:n,p 1 $Pb2
124 4 -11.29 -34 imp:n,p 1 $Pb3
125 4 -11.29 -35 imp:n,p 1 $Pb4
126 4 -11.29 -36 imp:n,p 1 $Pb5
127 4 -11.29 -37 imp:n,p 1 $Pb6
128 3 -1.5 -38 imp:n,p 1 $BA1
129 3 -1.5 -39 imp:n,p 1 $BA2
130 6 -2.7 -40 imp:n,p 1 $Al
131 7 -7.92 301 -302 303 -304 imp:n,p 1 $Fe-tube
132 5 -7.8 -401 imp:n,p 1 $Fe
133 5 -7.8 -402 imp:n,p 1 $Fe
c @@@@@@@@@@ Wheels @@@@@@@@@@@@@@@@@
c
21 13 -0.92 -41 42 imp:n,p 1 $Wheel 1
211 13 -0.92 -421 422 imp:n,p 1 $Wheel 1
212 13 -0.92 -423 424 imp:n,p 1 $Wheel 1
22 13 -0.92 -43 44 imp:n,p 1 $Wheel 2
221 13 -0.92 -441 442 imp:n,p 1 $Wheel 2
222 13 -0.92 -443 444 imp:n,p 1 $Wheel 2
23 13 -0.92 -45 46 imp:n,p 1 $Wheel 3
231 13 -0.92 -461 462 imp:n,p 1 $Wheel 3
232 13 -0.92 -463 464 imp:n,p 1 $Wheel 3
24 13 -0.92 -47 48 imp:n,p 1 $Wheel 4
241 13 -0.92 -481 482 imp:n,p 1 $Wheel 4
242 13 -0.92 -483 484 imp:n,p 1 $Wheel 4
c
c @@@@@@@@@@ SOIL VOLUME @@@@@@@@@@@
c
300000 400000 -2.156 20010 -20011 20020 -20021 20030 -20031 imp:n,p 1
300001 400001 -2.156 20010 -20011 20020 -20021 20031 -20032 imp:n,p 1
300002 400002 -2.156 20010 -20011 20020 -20021 20032 -20033 imp:n,p 1
300003 400003 -2.156 20010 -20011 20020 -20021 20033 -20034 imp:n,p 1
300004 400004 -2.156 20010 -20011 20020 -20021 20034 -20035 imp:n,p 1
300005 400005 -2.156 20011 -20012 20020 -20021 20030 -20031 imp:n,p 1
300006 400006 -2.156 20011 -20012 20020 -20021 20031 -20032 imp:n,p 1
300007 400007 -2.156 20011 -20012 20020 -20021 20032 -20033 imp:n,p 1
300008 400008 -2.156 20011 -20012 20020 -20021 20033 -20034 imp:n,p 1
300009 400009 -2.156 20011 -20012 20020 -20021 20034 -20035 imp:n,p 1
300010 400010 -2.156 20012 -20013 20020 -20021 20030 -20031 imp:n,p 1
300011 400011 -2.156 20012 -20013 20020 -20021 20031 -20032 imp:n,p 1
300012 400012 -2.156 20012 -20013 20020 -20021 20032 -20033 imp:n,p 1
300013 400013 -2.156 20012 -20013 20020 -20021 20033 -20034 imp:n,p 1
300014 400014 -2.156 20012 -20013 20020 -20021 20034 -20035 imp:n,p 1
300015 400015 -2.156 20013 -20014 20020 -20021 20030 -20031 imp:n,p 1
300016 400016 -2.156 20013 -20014 20020 -20021 20031 -20032 imp:n,p 1
300017 400017 -2.156 20013 -20014 20020 -20021 20032 -20033 imp:n,p 1
300018 400018 -2.156 20013 -20014 20020 -20021 20033 -20034 imp:n,p 1
300019 400019 -2.156 20013 -20014 20020 -20021 20034 -20035 imp:n,p 1
300020 400020 -2.156 20014 -20015 20020 -20021 20030 -20031 imp:n,p 1
300021 400021 -2.156 20014 -20015 20020 -20021 20031 -20032 imp:n,p 1
300022 400022 -2.156 20014 -20015 20020 -20021 20032 -20033 imp:n,p 1
300023 400023 -2.156 20014 -20015 20020 -20021 20033 -20034 imp:n,p 1
300024 400024 -2.156 20014 -20015 20020 -20021 20034 -20035 imp:n,p 1
300025 400025 -2.156 20010 -20011 20021 -20022 20030 -20031 imp:n,p 1
300026 400026 -2.156 20010 -20011 20021 -20022 20031 -20032 imp:n,p 1
300027 400027 -2.156 20010 -20011 20021 -20022 20032 -20033 imp:n,p 1
300028 400028 -2.156 20010 -20011 20021 -20022 20033 -20034 imp:n,p 1
300029 400029 -2.156 20010 -20011 20021 -20022 20034 -20035 imp:n,p 1
300030 400030 -2.156 20011 -20012 20021 -20022 20030 -20031 imp:n,p 1
300031 400031 -2.156 20011 -20012 20021 -20022 20031 -20032 imp:n,p 1
300032 400032 -2.156 20011 -20012 20021 -20022 20032 -20033 imp:n,p 1
300033 400033 -2.156 20011 -20012 20021 -20022 20033 -20034 imp:n,p 1
300034 400034 -2.156 20011 -20012 20021 -20022 20034 -20035 imp:n,p 1
300035 400035 -2.156 20012 -20013 20021 -20022 20030 -20031 imp:n,p 1
300036 400036 -2.156 20012 -20013 20021 -20022 20031 -20032 imp:n,p 1
300037 400037 -2.156 20012 -20013 20021 -20022 20032 -20033 imp:n,p 1
300038 400038 -2.156 20012 -20013 20021 -20022 20033 -20034 imp:n,p 1
300039 400039 -2.156 20012 -20013 20021 -20022 20034 -20035 imp:n,p 1
300040 400040 -2.156 20013 -20014 20021 -20022 20030 -20031 imp:n,p 1
300041 400041 -2.156 20013 -20014 20021 -20022 20031 -20032 imp:n,p 1
300042 400042 -2.156 20013 -20014 20021 -20022 20032 -20033 imp:n,p 1
300043 400043 -2.156 20013 -20014 20021 -20022 20033 -20034 imp:n,p 1
300044 400044 -2.156 20013 -20014 20021 -20022 20034 -20035 imp:n,p 1
300045 400045 -2.156 20014 -20015 20021 -20022 20030 -20031 imp:n,p 1
300046 400046 -2.156 20014 -20015 20021 -20022 20031 -20032 imp:n,p 1
300047 400047 -2.156 20014 -20015 20021 -20022 20032 -20033 imp:n,p 1
300048 400048 -2.156 20014 -20015 20021 -20022 20033 -20034 imp:n,p 1
300049 400049 -2.156 20014 -20015 20021 -20022 20034 -20035 imp:n,p 1
300050 400050 -2.156 20010 -20011 20022 -20023 20030 -20031 imp:n,p 1
300051 400051 -2.156 20010 -20011 20022 -20023 20031 -20032 imp:n,p 1
300052 400052 -2.156 20010 -20011 20022 -20023 20032 -20033 imp:n,p 1
300053 400053 -2.156 20010 -20011 20022 -20023 20033 -20034 imp:n,p 1
300054 400054 -2.156 20010 -20011 20022 -20023 20034 -20035 imp:n,p 1
300055 400055 -2.156 20011 -20012 20022 -20023 20030 -20031 imp:n,p 1
300056 400056 -2.156 20011 -20012 20022 -20023 20031 -20032 imp:n,p 1
300057 400057 -2.156 20011 -20012 20022 -20023 20032 -20033 imp:n,p 1
300058 400058 -2.156 20011 -20012 20022 -20023 20033 -20034 imp:n,p 1
300059 400059 -2.156 20011 -20012 20022 -20023 20034 -20035 imp:n,p 1
300060 400060 -2.156 20012 -20013 20022 -20023 20030 -20031 imp:n,p 1
300061 400061 -2.156 20012 -20013 20022 -20023 20031 -20032 imp:n,p 1
300062 400062 -2.156 20012 -20013 20022 -20023 20032 -20033 imp:n,p 1
300063 400063 -2.156 20012 -20013 20022 -20023 20033 -20034 imp:n,p 1
300064 400064 -2.156 20012 -20013 20022 -20023 20034 -20035 imp:n,p 1
300065 400065 -2.156 20013 -20014 20022 -20023 20030 -20031 imp:n,p 1
300066 400066 -2.156 20013 -20014 20022 -20023 20031 -20032 imp:n,p 1
300067 400067 -2.156 20013 -20014 20022 -20023 20032 -20033 imp:n,p 1
300068 400068 -2.156 20013 -20014 20022 -20023 20033 -20034 imp:n,p 1
300069 400069 -2.156 20013 -20014 20022 -20023 20034 -20035 imp:n,p 1
300070 400070 -2.156 20014 -20015 20022 -20023 20030 -20031 imp:n,p 1
300071 400071 -2.156 20014 -20015 20022 -20023 20031 -20032 imp:n,p 1
300072 400072 -2.156 20014 -20015 20022 -20023 20032 -20033 imp:n,p 1
300073 400073 -2.156 20014 -20015 20022 -20023 20033 -20034 imp:n,p 1
300074 400074 -2.156 20014 -20015 20022 -20023 20034 -20035 imp:n,p 1
300075 400075 -2.156 20010 -20011 20023 -20024 20030 -20031 imp:n,p 1
300076 400076 -2.156 20010 -20011 20023 -20024 20031 -20032 imp:n,p 1
300077 400077 -2.156 20010 -20011 20023 -20024 20032 -20033 imp:n,p 1
300078 400078 -2.156 20010 -20011 20023 -20024 20033 -20034 imp:n,p 1
300079 400079 -2.156 20010 -20011 20023 -20024 20034 -20035 imp:n,p 1
300080 400080 -2.156 20011 -20012 20023 -20024 20030 -20031 imp:n,p 1
300081 400081 -2.156 20011 -20012 20023 -20024 20031 -20032 imp:n,p 1
300082 400082 -2.156 20011 -20012 20023 -20024 20032 -20033 imp:n,p 1
300083 400083 -2.156 20011 -20012 20023 -20024 20033 -20034 imp:n,p 1
300084 400084 -2.156 20011 -20012 20023 -20024 20034 -20035 imp:n,p 1
300085 400085 -2.156 20012 -20013 20023 -20024 20030 -20031 imp:n,p 1
300086 400086 -2.156 20012 -20013 20023 -20024 20031 -20032 imp:n,p 1
300087 400087 -2.156 20012 -20013 20023 -20024 20032 -20033 imp:n,p 1
300088 400088 -2.156 20012 -20013 20023 -20024 20033 -20034 imp:n,p 1
300089 400089 -2.156 20012 -20013 20023 -20024 20034 -20035 imp:n,p 1
300090 400090 -2.156 20013 -20014 20023 -20024 20030 -20031 imp:n,p 1
300091 400091 -2.156 20013 -20014 20023 -20024 20031 -20032 imp:n,p 1
300092 400092 -2.156 20013 -20014 20023 -20024 20032 -20033 imp:n,p 1
300093 400093 -2.156 20013 -20014 20023 -20024 20033 -20034 imp:n,p 1
300094 400094 -2.156 20013 -20014 20023 -20024 20034 -20035 imp:n,p 1
300095 400095 -2.156 20014 -20015 20023 -20024 20030 -20031 imp:n,p 1
300096 400096 -2.156 20014 -20015 20023 -20024 20031 -20032 imp:n,p 1
300097 400097 -2.156 20014 -20015 20023 -20024 20032 -20033 imp:n,p 1
300098 400098 -2.156 20014 -20015 20023 -20024 20033 -20034 imp:n,p 1
300099 400099 -2.156 20014 -20015 20023 -20024 20034 -20035 imp:n,p 1
300100 400100 -2.156 20010 -20011 20024 -20025 20030 -20031 imp:n,p 1
300101 400101 -2.156 20010 -20011 20024 -20025 20031 -20032 imp:n,p 1
300102 400102 -2.156 20010 -20011 20024 -20025 20032 -20033 imp:n,p 1
300103 400103 -2.156 20010 -20011 20024 -20025 20033 -20034 imp:n,p 1
300104 400104 -2.156 20010 -20011 20024 -20025 20034 -20035 imp:n,p 1
300105 400105 -2.156 20011 -20012 20024 -20025 20030 -20031 imp:n,p 1
300106 400106 -2.156 20011 -20012 20024 -20025 20031 -20032 imp:n,p 1
300107 400107 -2.156 20011 -20012 20024 -20025 20032 -20033 imp:n,p 1
300108 400108 -2.156 20011 -20012 20024 -20025 20033 -20034 imp:n,p 1
300109 400109 -2.156 20011 -20012 20024 -20025 20034 -20035 imp:n,p 1
300110 400110 -2.156 20012 -20013 20024 -20025 20030 -20031 imp:n,p 1
300111 400111 -2.156 20012 -20013 20024 -20025 20031 -20032 imp:n,p 1
300112 400112 -2.156 20012 -20013 20024 -20025 20032 -20033 imp:n,p 1
300113 400113 -2.156 20012 -20013 20024 -20025 20033 -20034 imp:n,p 1
300114 400114 -2.156 20012 -20013 20024 -20025 20034 -20035 imp:n,p 1
300115 400115 -2.156 20013 -20014 20024 -20025 20030 -20031 imp:n,p 1
300116 400116 -2.156 20013 -20014 20024 -20025 20031 -20032 imp:n,p 1
300117 400117 -2.156 20013 -20014 20024 -20025 20032 -20033 imp:n,p 1
300118 400118 -2.156 20013 -20014 20024 -20025 20033 -20034 imp:n,p 1
300119 400119 -2.156 20013 -20014 20024 -20025 20034 -20035 imp:n,p 1
300120 400120 -2.156 20014 -20015 20024 -20025 20030 -20031 imp:n,p 1
300121 400121 -2.156 20014 -20015 20024 -20025 20031 -20032 imp:n,p 1
300122 400122 -2.156 20014 -20015 20024 -20025 20032 -20033 imp:n,p 1
300123 400123 -2.156 20014 -20015 20024 -20025 20033 -20034 imp:n,p 1
300124 400124 -2.156 20014 -20015 20024 -20025 20034 -20035 imp:n,p 1
c
30 12 -0.00129 -200 #101 #121 #122 #123 #124 #125 #126 #127 #128 #129 #130 #131 #132 #133
        #21 #211 #212 #22 #221 #222 #23 #231 #232 #24 #241 #242 #20 imp:n,p 1 $Rest of the World
31 0 200 imp:n,p 0 $Outside world

c SURFACE CARDS
c
c Sample Volume
20010 px -56.0
20011 px -33.600000000000364
20012 px -11.199999999999818
20013 px 11.199999999999818
20014 px 33.600000000000364
20015 px 56.0
20020 py -45.0
20021 py -27.0
20022 py -9.0
20023 py 9.0
20024 py 27.0
20025 py 45.0
20030 pz 92.0
20031 pz 82.0
20032 pz 72.0
20033 pz 62.0
20034 pz 52.0
20035 pz 42.0
c Active Detector Region
21 rcc 56  -5.0 -1.0   0.0 20.3 0.0   4.5 $Detector 1 Base center, Hx,Hy,Hz, radius
c Shielding Surfaces
c Shielding Pb
31 rpp 19 29 -7.5 7.5 -11 9 $PbPE xmin xmax ymin ymax zmin zmax
32 rpp 9 19 4 9 -11 9 $Pb xmin xmax ymin ymax zmin zmax
33 rpp 9 19 -9 -4 -11 9 $Pb xmin xmax ymin ymax zmin zmax
34 rpp 19 29 7.5 12.5 -11 9 $Pb xmin xmax ymin ymax zmin zmax
35 rpp 19 29 -12.5 -7.5 -11 9 $Pb xmin xmax ymin ymax zmin zmax
36 rpp 29 34 -15 15 -11 9 $Pb xmin xmax ymin ymax zmin zmax
37 rpp 9 19 -4 4 4 9 $Pb xmin xmax ymin ymax zmin zmax
38 rpp -26 26 18 28 -11 9 $BA1 xmin xmax ymin ymax zmin zmax
39 rpp -26 26 -28 -18 -11 9 $BA2 xmin xmax ymin ymax zmin zmax
40 rpp -65 65 -28 28 10 10.5 $Al xmin xmax ymin ymax zmin zmax
401 rpp -27 27 29 34 -11 9 $Fe xmin xmax ymin ymax zmin zmax
402 rpp -27 27 -34 -29 -11 9 $Fe xmin xmax ymin ymax zmin zmax
301 px -20
302 px 18
303 cx 3.71
304 cx 3.81
c Wheels Surfaces
c 23/10.5-12 turf tires, 22.6 lb rubber
c diameter 29cm, tread width 25cm, and sidewall height 13.76 cm
c set thickness of all sides 1.3 cm (s.t. weight is 22.6 lb)
41 rcc -2 77 8   0.0 25 0.0 29 $wheel 1 outer tread surface
42 rcc -2 77 8   0.0 25 0.0 27.7 $wheel 1 inner tread surface
421 rcc -2 75.7 8   0.0 1.3 0.0 29 $wheel 1 outside sidewall exterior
422 rcc -2 75.7 8   0.0 1.3 0.0 15.24 $wheel 1 outside sidewall interior
423 rcc -2 102 8   0.0 1.3 0.0 29 $wheel 1 inside sidewall exterior
424 rcc -2 102 8   0.0 1.3 0.0 15.24 $wheel 1 inside sidewall interior
43 rcc 68 77 8   0.0 25 0.0 29 $wheel 2
44 rcc 68 77 8   0.0 25 0.0 27.7
441 rcc 68 75.7 8   0.0 1.3 0.0 29
442 rcc 68 75.7 8   0.0 1.3 0.0 15.24
443 rcc 68 102 8   0.0 1.3 0.0 29
444 rcc 68 102 8   0.0 1.3 0.0 15.24
45 rcc -2 -77 8   0.0 -25 0.0 29 $wheel 3
46 rcc -2 -77 8   0.0 -25 0.0 27.7
461 rcc -2 -75.7 8   0.0 -1.3 0.0 29
462 rcc -2 -75.7 8   0.0 -1.3 0.0 15.24
463 rcc -2 -102 8   0.0 -1.3 0.0 29
464 rcc -2 -102 8   0.0 -1.3 0.0 15.24
47 rcc 68 -77 8   0.0 -25 0.0 29 $wheel 4
48 rcc 68 -77 8   0.0 -25 0.0 27.7
481 rcc 68 -75.7 8   0.0 -1.3 0.0 29
482 rcc 68 -75.7 8   0.0 -1.3 0.0 15.24
483 rcc 68 -102 8   0.0 -1.3 0.0 29
484 rcc 68 -102 8   0.0 -1.3 0.0 15.24
200 so 800    $sphere of 800cm centered at origin
c

c DATA CARDS
mode n p
c dump every hr
prdmp -60 -60 -1
c 100 keV Neutron Energy Cutoff
Cut:n 1j 0.1
c analog neutron transport
phys:n 1j 14
phys:p
sdef pos=0 0 0 erg=14.0 vec= 0 0 1 dir=d1
si1  -1 .93 1
sp1   0  0.0  1.0
c ********************
c begin material cards
c ********************
c Pure Carbon
c ****************************************
m400000 6000 -0.003877651747874165 7000 -0.003877651747874165 14000 -0.9922446965042515 
m400001 6000 -0.003117153401615498 7000 -0.003117153401615498 14000 -0.9937656931967692 
m400002 6000 -0.003579929310148231 7000 -0.003579929310148231 14000 -0.9928401413797038 
m400003 6000 -0.0057804328278641655 7000 -0.0057804328278641655 14000 -0.9884391343442717 
m400004 6000 -0.009302129547658711 7000 -0.009302129547658711 14000 -0.9813957409046827 
m400005 6000 -0.004186604620231635 7000 -0.004186604620231635 14000 -0.9916267907595366 
m400006 6000 -0.003223104670180069 7000 -0.003223104670180069 14000 -0.9935537906596399 
m400007 6000 -0.0036862843274830955 7000 -0.0036862843274830955 14000 -0.992627431345034 
m400008 6000 -0.0060239254209774815 7000 -0.0060239254209774815 14000 -0.9879521491580447 
m400009 6000 -0.008888894279040813 7000 -0.008888894279040813 14000 -0.9822222114419187 
m400010 6000 -0.0038771131669389468 7000 -0.0038771131669389468 14000 -0.9922457736661218 
m400011 6000 -0.0031658145696372864 7000 -0.0031658145696372864 14000 -0.9936683708607255 
m400012 6000 -0.0038450558059471463 7000 -0.0038450558059471463 14000 -0.9923098883881053 
m400013 6000 -0.005618050606962176 7000 -0.005618050606962176 14000 -0.9887638987860755 
m400014 6000 -0.00888050413100971 7000 -0.00888050413100971 14000 -0.9822389917379806 
m400015 6000 -0.004292004399804369 7000 -0.004292004399804369 14000 -0.9914159912003915 
m400016 6000 -0.003172149234529794 7000 -0.003172149234529794 14000 -0.9936557015309401 
m400017 6000 -0.0038191310655757153 7000 -0.0038191310655757153 14000 -0.9923617378688487 
m400018 6000 -0.005854751264879973 7000 -0.005854751264879973 14000 -0.9882904974702399 
m400019 6000 -0.008757948494956752 7000 -0.008757948494956752 14000 -0.9824841030100866 
m400020 6000 -0.003875007586656931 7000 -0.003875007586656931 14000 -0.9922499848266858 
m400021 6000 -0.0031200312029211214 7000 -0.0031200312029211214 14000 -0.993759937594158 
m400022 6000 -0.003691566287251896 7000 -0.003691566287251896 14000 -0.9926168674254966 
m400023 6000 -0.005768714025698241 7000 -0.005768714025698241 14000 -0.9884625719486033 
m400024 6000 -0.009174464173325033 7000 -0.009174464173325033 14000 -0.9816510716533499 
m400025 6000 -0.004096786911145238 7000 -0.004096786911145238 14000 -0.9918064261777094 
m400026 6000 -0.003200177500136939 7000 -0.003200177500136939 14000 -0.9935996449997262 
m400027 6000 -0.00382679455182463 7000 -0.00382679455182463 14000 -0.9923464108963505 
m400028 6000 -0.0059608923426110036 7000 -0.0059608923426110036 14000 -0.9880782153147778 
m400029 6000 -0.008965036215749898 7000 -0.008965036215749898 14000 -0.9820699275685005 
m400030 6000 -0.0041404328946533205 7000 -0.0041404328946533205 14000 -0.9917191342106935 
m400031 6000 -0.0031861255377137127 7000 -0.0031861255377137127 14000 -0.9936277489245724 
m400032 6000 -0.003717142717237338 7000 -0.003717142717237338 14000 -0.9925657145655251 
m400033 6000 -0.005613075610015093 7000 -0.005613075610015093 14000 -0.9887738487799695 
m400034 6000 -0.009241445606533344 7000 -0.009241445606533344 14000 -0.9815171087869331 
m400035 6000 -0.003676931398522933 7000 -0.003676931398522933 14000 -0.9926461372029545 
m400036 6000 -0.00314239338876469 7000 -0.00314239338876469 14000 -0.9937152132224708 
m400037 6000 -0.0036202607371914504 7000 -0.0036202607371914504 14000 -0.9927594785256173 
m400038 6000 -0.005833127374238113 7000 -0.005833127374238113 14000 -0.9883337452515235 
m400039 6000 -0.009671726275492702 7000 -0.009671726275492702 14000 -0.9806565474490148 
m400040 6000 -0.003917512320104734 7000 -0.003917512320104734 14000 -0.9921649753597905 
m400041 6000 -0.0032035979411881186 7000 -0.0032035979411881186 14000 -0.9935928041176239 
m400042 6000 -0.0038764053995362447 7000 -0.0038764053995362447 14000 -0.9922471892009274 
m400043 6000 -0.005487638394156526 7000 -0.005487638394156526 14000 -0.9890247232116869 
m400044 6000 -0.00999509273909527 7000 -0.00999509273909527 14000 -0.9800098145218097 
m400045 6000 -0.003844382049928015 7000 -0.003844382049928015 14000 -0.9923112359001439 
m400046 6000 -0.003212679453418749 7000 -0.003212679453418749 14000 -0.9935746410931621 
m400047 6000 -0.003690071229202067 7000 -0.003690071229202067 14000 -0.9926198575415955 
m400048 6000 -0.0057677508883839405 7000 -0.0057677508883839405 14000 -0.9884644982232319 
m400049 6000 -0.009262352722227914 7000 -0.009262352722227914 14000 -0.9814752945555442 
m400050 6000 -0.004103915348328046 7000 -0.004103915348328046 14000 -0.9917921693033439 
m400051 6000 -0.0031544551537807546 7000 -0.0031544551537807546 14000 -0.9936910896924381 
m400052 6000 -0.003732196129768185 7000 -0.003732196129768185 14000 -0.9925356077404638 
m400053 6000 -0.005583823056594999 7000 -0.005583823056594999 14000 -0.9888323538868096 
m400054 6000 -0.009263418798749878 7000 -0.009263418798749878 14000 -0.9814731624025005 
m400055 6000 -0.004002712541720637 7000 -0.004002712541720637 14000 -0.9919945749165587 
m400056 6000 -0.0031771985878126163 7000 -0.0031771985878126163 14000 -0.9936456028243748 
m400057 6000 -0.0036779984310164764 7000 -0.0036779984310164764 14000 -0.9926440031379673 
m400058 6000 -0.005792250413766465 7000 -0.005792250413766465 14000 -0.988415499172467 
m400059 6000 -0.009518500066136021 7000 -0.009518500066136021 14000 -0.980962999867728 
m400060 6000 -0.0040472717135801054 7000 -0.0040472717135801054 14000 -0.9919054565728402 
m400061 6000 -0.003158867296686594 7000 -0.003158867296686594 14000 -0.9936822654066267 
m400062 6000 -0.0038464649206188784 7000 -0.0038464649206188784 14000 -0.9923070701587627 
m400063 6000 -0.00626008490154125 7000 -0.00626008490154125 14000 -0.9874798301969174 
m400064 6000 -0.009113548767996957 7000 -0.009113548767996957 14000 -0.9817729024640061 
m400065 6000 -0.004135949168239643 7000 -0.004135949168239643 14000 -0.9917281016635208 
m400066 6000 -0.00320129748077875 7000 -0.00320129748077875 14000 -0.9935974050384424 
m400067 6000 -0.003890894797326835 7000 -0.003890894797326835 14000 -0.9922182104053463 
m400068 6000 -0.005678882111964497 7000 -0.005678882111964497 14000 -0.9886422357760715 
m400069 6000 -0.009282705217974271 7000 -0.009282705217974271 14000 -0.9814345895640517 
m400070 6000 -0.004107622338388694 7000 -0.004107622338388694 14000 -0.9917847553232229 
m400071 6000 -0.0031770288524244888 7000 -0.0031770288524244888 14000 -0.9936459422951514 
m400072 6000 -0.003721471506071548 7000 -0.003721471506071548 14000 -0.992557056987857 
m400073 6000 -0.005500141490064262 7000 -0.005500141490064262 14000 -0.9889997170198714 
m400074 6000 -0.009060090283764472 7000 -0.009060090283764472 14000 -0.9818798194324709 
m400075 6000 -0.003968931690997475 7000 -0.003968931690997475 14000 -0.992062136618005 
m400076 6000 -0.0031406968892830865 7000 -0.0031406968892830865 14000 -0.9937186062214338 
m400077 6000 -0.0038889376283419317 7000 -0.0038889376283419317 14000 -0.9922221247433162 
m400078 6000 -0.005873656465641542 7000 -0.005873656465641542 14000 -0.9882526870687169 
m400079 6000 -0.008983940093504788 7000 -0.008983940093504788 14000 -0.9820321198129902 
m400080 6000 -0.004026515375367682 7000 -0.004026515375367682 14000 -0.9919469692492648 
m400081 6000 -0.003179457196593504 7000 -0.003179457196593504 14000 -0.993641085606813 
m400082 6000 -0.003799169212538188 7000 -0.003799169212538188 14000 -0.9924016615749237 
m400083 6000 -0.005576020411179304 7000 -0.005576020411179304 14000 -0.9888479591776416 
m400084 6000 -0.008835734293808989 7000 -0.008835734293808989 14000 -0.9823285314123824 
m400085 6000 -0.004023606576303513 7000 -0.004023606576303513 14000 -0.9919527868473927 
m400086 6000 -0.003206761510518293 7000 -0.003206761510518293 14000 -0.9935864769789636 
m400087 6000 -0.003725722392881133 7000 -0.003725722392881133 14000 -0.9925485552142378 
m400088 6000 -0.005503804235460521 7000 -0.005503804235460521 14000 -0.9889923915290794 
m400089 6000 -0.008412792156758305 7000 -0.008412792156758305 14000 -0.9831744156864832 
m400090 6000 -0.003998077121401835 7000 -0.003998077121401835 14000 -0.9920038457571959 
m400091 6000 -0.003185284578453248 7000 -0.003185284578453248 14000 -0.9936294308430934 
m400092 6000 -0.0035447876597675524 7000 -0.0035447876597675524 14000 -0.9929104246804649 
m400093 6000 -0.005554322714571169 7000 -0.005554322714571169 14000 -0.9888913545708579 
m400094 6000 -0.00908711986923915 7000 -0.00908711986923915 14000 -0.9818257602615218 
m400095 6000 -0.004197682301430252 7000 -0.004197682301430252 14000 -0.9916046353971393 
m400096 6000 -0.003138243567789426 7000 -0.003138243567789426 14000 -0.9937235128644214 
m400097 6000 -0.003667235818328106 7000 -0.003667235818328106 14000 -0.9926655283633439 
m400098 6000 -0.00568004272546094 7000 -0.00568004272546094 14000 -0.9886399145490782 
m400099 6000 -0.009214548730289552 7000 -0.009214548730289552 14000 -0.981570902539421 
m400100 6000 -0.004038232856527263 7000 -0.004038232856527263 14000 -0.9919235342869455 
m400101 6000 -0.0032323926660994175 7000 -0.0032323926660994175 14000 -0.9935352146678015 
m400102 6000 -0.003665157630427463 7000 -0.003665157630427463 14000 -0.9926696847391454 
m400103 6000 -0.005650660889209961 7000 -0.005650660889209961 14000 -0.9886986782215803 
m400104 6000 -0.008998089607631125 7000 -0.008998089607631125 14000 -0.9820038207847381 
m400105 6000 -0.0041023920514210496 7000 -0.0041023920514210496 14000 -0.9917952158971576 
m400106 6000 -0.0031630891915147446 7000 -0.0031630891915147446 14000 -0.9936738216169708 
m400107 6000 -0.003649356019383419 7000 -0.003649356019383419 14000 -0.9927012879612331 
m400108 6000 -0.0059737890187785865 7000 -0.0059737890187785865 14000 -0.988052421962443 
m400109 6000 -0.00903757683619289 7000 -0.00903757683619289 14000 -0.9819248463276142 
m400110 6000 -0.003936167001109808 7000 -0.003936167001109808 14000 -0.9921276659977804 
m400111 6000 -0.0031338992535089984 7000 -0.0031338992535089984 14000 -0.9937322014929818 
m400112 6000 -0.003726895617058243 7000 -0.003726895617058243 14000 -0.9925462087658833 
m400113 6000 -0.006002379790778301 7000 -0.006002379790778301 14000 -0.9879952404184436 
m400114 6000 -0.009458987079469136 7000 -0.009458987079469136 14000 -0.9810820258410615 
m400115 6000 -0.0040423626322302255 7000 -0.0040423626322302255 14000 -0.9919152747355393 
m400116 6000 -0.003172873361642037 7000 -0.003172873361642037 14000 -0.9936542532767159 
m400117 6000 -0.0036954095864700372 7000 -0.0036954095864700372 14000 -0.9926091808270602 
m400118 6000 -0.005517870826704784 7000 -0.005517870826704784 14000 -0.9889642583465907 
m400119 6000 -0.008622638972065453 7000 -0.008622638972065453 14000 -0.9827547220558693 
m400120 6000 -0.003992419432814552 7000 -0.003992419432814552 14000 -0.9920151611343709 
m400121 6000 -0.003161703686496502 7000 -0.003161703686496502 14000 -0.9936765926270071 
m400122 6000 -0.0037704251171828845 7000 -0.0037704251171828845 14000 -0.9924591497656341 
m400123 6000 -0.005589471631958969 7000 -0.005589471631958969 14000 -0.9888210567360817 
m400124 6000 -0.009100108068980628 7000 -0.009100108068980628 14000 -0.9817997838620386 
c **********************************
c PE+Pb, dens=4.78 g/cm3
m2      6000    -0.04286 $Carbon
        1001    -0.00714 $Hydrogen
        82000   -0.95000 $Lead
c **********************************
m3    1001 -0.048535 $Boric acid
      5010 -0.034981
      5011 -0.139923
      8016 -0.776561
c **********************************
m4    82000 1 $Lead
c **********************************
m5 26000 1 $Iron
c **********************************
m6     13027   -1.000 $ Aluminum
c **********************************
c  SS-304 (8.00 g/cm3), #298 in PNNL Compendium
m7   006000.50c -0.0004000
     014000.60c -0.0050000
     015031.50c -0.0002300
     016000.60c -0.0001500
     024000.50c -0.1899981
     025055.60c -0.0099999
     026000.50c -0.7017229
     028000.50c -0.0924991
c ****************************************
c       LaBr detector
c ****************************************
m8       35079    -0.2946       $ Br79
         35081    -0.3069       $ Br81
         57139    -0.3485       $ La139
         58140    -0.0500       $ Ce140
c ************ air den=1.15e-3g/cc
m12     8016 -0.23
        7014 -0.77
c ************ Rubber Natural den=0.92 g/cc
m13     1001 -0.118371  $weight fraction
        6000 -0.881629
c
c end material cards
c
rand seed=8674536546524321 $different initial random #; seed# - any less 18 digits
c
c ********** begin tallies *********************
fc78 *********Broadened Pulse Height Tally Sum of Detectors 1,2 & 3 ***********
e78 0 1e-5 932i 8.4295
F78:p (101)
FT78 GEB -0.026198 0.059551 -0.037176
fc18 *********Unbroadened Pulse Height Tally Sum of Detectors 1,2 & 3 ***********
e18 0 1e-5 932i 8.4295
F18:p (101)
c ***********************************
c mplot tal 78 freq 10000
nps 1e9
