c CAS DETECTOR
c w/ Shielding in Place and Wheels
c
c CELL CARDS
c
c @@@@@@@@@@ Detectors @@@@@@@@@@@@@@@@@
c
101 8 -5.08 -21 imp:n,p 1 $LaBr Detector #1 Active Region
c
c @@@@@@@@@ Shielding @@@@@@@@@@@@@@@@@
c
121 2 -4.78 -31 imp:n,p 1 $PE_Pb
122 4 -11.29 -32 imp:n,p 1 $Pb1
123 4 -11.29 -33 imp:n,p 1 $Pb2
124 4 -11.29 -34 imp:n,p 1 $Pb3
125 4 -11.29 -35 imp:n,p 1 $Pb4
126 4 -11.29 -36 imp:n,p 1 $Pb5
127 4 -11.29 -37 imp:n,p 1 $Pb6
128 3 -1.5 -38 imp:n,p 1 $BA1
129 3 -1.5 -39 imp:n,p 1 $BA2
130 6 -2.7 -40 imp:n,p 1 $Al
131 7 -7.92 301 -302 303 -304 imp:n,p 1 $Fe-tube
132 5 -7.8 -401 imp:n,p 1 $Fe
133 5 -7.8 -402 imp:n,p 1 $Fe
c @@@@@@@@@@ Wheels @@@@@@@@@@@@@@@@@
c
21 13 -0.92 -41 42 imp:n,p 1 $Wheel 1
211 13 -0.92 -421 422 imp:n,p 1 $Wheel 1
212 13 -0.92 -423 424 imp:n,p 1 $Wheel 1
22 13 -0.92 -43 44 imp:n,p 1 $Wheel 2
221 13 -0.92 -441 442 imp:n,p 1 $Wheel 2
222 13 -0.92 -443 444 imp:n,p 1 $Wheel 2
23 13 -0.92 -45 46 imp:n,p 1 $Wheel 3
231 13 -0.92 -461 462 imp:n,p 1 $Wheel 3
232 13 -0.92 -463 464 imp:n,p 1 $Wheel 3
24 13 -0.92 -47 48 imp:n,p 1 $Wheel 4
241 13 -0.92 -481 482 imp:n,p 1 $Wheel 4
242 13 -0.92 -483 484 imp:n,p 1 $Wheel 4
c
c @@@@@@@@@@ SOIL VOLUME @@@@@@@@@@@
c
300000 400000 -2.156 20010 -20011 20020 -20021 20030 -20031 imp:n,p 1
300001 400001 -2.156 20010 -20011 20020 -20021 20031 -20032 imp:n,p 1
300002 400002 -2.156 20010 -20011 20020 -20021 20032 -20033 imp:n,p 1
300003 400003 -2.156 20010 -20011 20020 -20021 20033 -20034 imp:n,p 1
300004 400004 -2.156 20010 -20011 20020 -20021 20034 -20035 imp:n,p 1
300005 400005 -2.156 20011 -20012 20020 -20021 20030 -20031 imp:n,p 1
300006 400006 -2.156 20011 -20012 20020 -20021 20031 -20032 imp:n,p 1
300007 400007 -2.156 20011 -20012 20020 -20021 20032 -20033 imp:n,p 1
300008 400008 -2.156 20011 -20012 20020 -20021 20033 -20034 imp:n,p 1
300009 400009 -2.156 20011 -20012 20020 -20021 20034 -20035 imp:n,p 1
300010 400010 -2.156 20012 -20013 20020 -20021 20030 -20031 imp:n,p 1
300011 400011 -2.156 20012 -20013 20020 -20021 20031 -20032 imp:n,p 1
300012 400012 -2.156 20012 -20013 20020 -20021 20032 -20033 imp:n,p 1
300013 400013 -2.156 20012 -20013 20020 -20021 20033 -20034 imp:n,p 1
300014 400014 -2.156 20012 -20013 20020 -20021 20034 -20035 imp:n,p 1
300015 400015 -2.156 20013 -20014 20020 -20021 20030 -20031 imp:n,p 1
300016 400016 -2.156 20013 -20014 20020 -20021 20031 -20032 imp:n,p 1
300017 400017 -2.156 20013 -20014 20020 -20021 20032 -20033 imp:n,p 1
300018 400018 -2.156 20013 -20014 20020 -20021 20033 -20034 imp:n,p 1
300019 400019 -2.156 20013 -20014 20020 -20021 20034 -20035 imp:n,p 1
300020 400020 -2.156 20014 -20015 20020 -20021 20030 -20031 imp:n,p 1
300021 400021 -2.156 20014 -20015 20020 -20021 20031 -20032 imp:n,p 1
300022 400022 -2.156 20014 -20015 20020 -20021 20032 -20033 imp:n,p 1
300023 400023 -2.156 20014 -20015 20020 -20021 20033 -20034 imp:n,p 1
300024 400024 -2.156 20014 -20015 20020 -20021 20034 -20035 imp:n,p 1
300025 400025 -2.156 20010 -20011 20021 -20022 20030 -20031 imp:n,p 1
300026 400026 -2.156 20010 -20011 20021 -20022 20031 -20032 imp:n,p 1
300027 400027 -2.156 20010 -20011 20021 -20022 20032 -20033 imp:n,p 1
300028 400028 -2.156 20010 -20011 20021 -20022 20033 -20034 imp:n,p 1
300029 400029 -2.156 20010 -20011 20021 -20022 20034 -20035 imp:n,p 1
300030 400030 -2.156 20011 -20012 20021 -20022 20030 -20031 imp:n,p 1
300031 400031 -2.156 20011 -20012 20021 -20022 20031 -20032 imp:n,p 1
300032 400032 -2.156 20011 -20012 20021 -20022 20032 -20033 imp:n,p 1
300033 400033 -2.156 20011 -20012 20021 -20022 20033 -20034 imp:n,p 1
300034 400034 -2.156 20011 -20012 20021 -20022 20034 -20035 imp:n,p 1
300035 400035 -2.156 20012 -20013 20021 -20022 20030 -20031 imp:n,p 1
300036 400036 -2.156 20012 -20013 20021 -20022 20031 -20032 imp:n,p 1
300037 400037 -2.156 20012 -20013 20021 -20022 20032 -20033 imp:n,p 1
300038 400038 -2.156 20012 -20013 20021 -20022 20033 -20034 imp:n,p 1
300039 400039 -2.156 20012 -20013 20021 -20022 20034 -20035 imp:n,p 1
300040 400040 -2.156 20013 -20014 20021 -20022 20030 -20031 imp:n,p 1
300041 400041 -2.156 20013 -20014 20021 -20022 20031 -20032 imp:n,p 1
300042 400042 -2.156 20013 -20014 20021 -20022 20032 -20033 imp:n,p 1
300043 400043 -2.156 20013 -20014 20021 -20022 20033 -20034 imp:n,p 1
300044 400044 -2.156 20013 -20014 20021 -20022 20034 -20035 imp:n,p 1
300045 400045 -2.156 20014 -20015 20021 -20022 20030 -20031 imp:n,p 1
300046 400046 -2.156 20014 -20015 20021 -20022 20031 -20032 imp:n,p 1
300047 400047 -2.156 20014 -20015 20021 -20022 20032 -20033 imp:n,p 1
300048 400048 -2.156 20014 -20015 20021 -20022 20033 -20034 imp:n,p 1
300049 400049 -2.156 20014 -20015 20021 -20022 20034 -20035 imp:n,p 1
300050 400050 -2.156 20010 -20011 20022 -20023 20030 -20031 imp:n,p 1
300051 400051 -2.156 20010 -20011 20022 -20023 20031 -20032 imp:n,p 1
300052 400052 -2.156 20010 -20011 20022 -20023 20032 -20033 imp:n,p 1
300053 400053 -2.156 20010 -20011 20022 -20023 20033 -20034 imp:n,p 1
300054 400054 -2.156 20010 -20011 20022 -20023 20034 -20035 imp:n,p 1
300055 400055 -2.156 20011 -20012 20022 -20023 20030 -20031 imp:n,p 1
300056 400056 -2.156 20011 -20012 20022 -20023 20031 -20032 imp:n,p 1
300057 400057 -2.156 20011 -20012 20022 -20023 20032 -20033 imp:n,p 1
300058 400058 -2.156 20011 -20012 20022 -20023 20033 -20034 imp:n,p 1
300059 400059 -2.156 20011 -20012 20022 -20023 20034 -20035 imp:n,p 1
300060 400060 -2.156 20012 -20013 20022 -20023 20030 -20031 imp:n,p 1
300061 400061 -2.156 20012 -20013 20022 -20023 20031 -20032 imp:n,p 1
300062 400062 -2.156 20012 -20013 20022 -20023 20032 -20033 imp:n,p 1
300063 400063 -2.156 20012 -20013 20022 -20023 20033 -20034 imp:n,p 1
300064 400064 -2.156 20012 -20013 20022 -20023 20034 -20035 imp:n,p 1
300065 400065 -2.156 20013 -20014 20022 -20023 20030 -20031 imp:n,p 1
300066 400066 -2.156 20013 -20014 20022 -20023 20031 -20032 imp:n,p 1
300067 400067 -2.156 20013 -20014 20022 -20023 20032 -20033 imp:n,p 1
300068 400068 -2.156 20013 -20014 20022 -20023 20033 -20034 imp:n,p 1
300069 400069 -2.156 20013 -20014 20022 -20023 20034 -20035 imp:n,p 1
300070 400070 -2.156 20014 -20015 20022 -20023 20030 -20031 imp:n,p 1
300071 400071 -2.156 20014 -20015 20022 -20023 20031 -20032 imp:n,p 1
300072 400072 -2.156 20014 -20015 20022 -20023 20032 -20033 imp:n,p 1
300073 400073 -2.156 20014 -20015 20022 -20023 20033 -20034 imp:n,p 1
300074 400074 -2.156 20014 -20015 20022 -20023 20034 -20035 imp:n,p 1
300075 400075 -2.156 20010 -20011 20023 -20024 20030 -20031 imp:n,p 1
300076 400076 -2.156 20010 -20011 20023 -20024 20031 -20032 imp:n,p 1
300077 400077 -2.156 20010 -20011 20023 -20024 20032 -20033 imp:n,p 1
300078 400078 -2.156 20010 -20011 20023 -20024 20033 -20034 imp:n,p 1
300079 400079 -2.156 20010 -20011 20023 -20024 20034 -20035 imp:n,p 1
300080 400080 -2.156 20011 -20012 20023 -20024 20030 -20031 imp:n,p 1
300081 400081 -2.156 20011 -20012 20023 -20024 20031 -20032 imp:n,p 1
300082 400082 -2.156 20011 -20012 20023 -20024 20032 -20033 imp:n,p 1
300083 400083 -2.156 20011 -20012 20023 -20024 20033 -20034 imp:n,p 1
300084 400084 -2.156 20011 -20012 20023 -20024 20034 -20035 imp:n,p 1
300085 400085 -2.156 20012 -20013 20023 -20024 20030 -20031 imp:n,p 1
300086 400086 -2.156 20012 -20013 20023 -20024 20031 -20032 imp:n,p 1
300087 400087 -2.156 20012 -20013 20023 -20024 20032 -20033 imp:n,p 1
300088 400088 -2.156 20012 -20013 20023 -20024 20033 -20034 imp:n,p 1
300089 400089 -2.156 20012 -20013 20023 -20024 20034 -20035 imp:n,p 1
300090 400090 -2.156 20013 -20014 20023 -20024 20030 -20031 imp:n,p 1
300091 400091 -2.156 20013 -20014 20023 -20024 20031 -20032 imp:n,p 1
300092 400092 -2.156 20013 -20014 20023 -20024 20032 -20033 imp:n,p 1
300093 400093 -2.156 20013 -20014 20023 -20024 20033 -20034 imp:n,p 1
300094 400094 -2.156 20013 -20014 20023 -20024 20034 -20035 imp:n,p 1
300095 400095 -2.156 20014 -20015 20023 -20024 20030 -20031 imp:n,p 1
300096 400096 -2.156 20014 -20015 20023 -20024 20031 -20032 imp:n,p 1
300097 400097 -2.156 20014 -20015 20023 -20024 20032 -20033 imp:n,p 1
300098 400098 -2.156 20014 -20015 20023 -20024 20033 -20034 imp:n,p 1
300099 400099 -2.156 20014 -20015 20023 -20024 20034 -20035 imp:n,p 1
300100 400100 -2.156 20010 -20011 20024 -20025 20030 -20031 imp:n,p 1
300101 400101 -2.156 20010 -20011 20024 -20025 20031 -20032 imp:n,p 1
300102 400102 -2.156 20010 -20011 20024 -20025 20032 -20033 imp:n,p 1
300103 400103 -2.156 20010 -20011 20024 -20025 20033 -20034 imp:n,p 1
300104 400104 -2.156 20010 -20011 20024 -20025 20034 -20035 imp:n,p 1
300105 400105 -2.156 20011 -20012 20024 -20025 20030 -20031 imp:n,p 1
300106 400106 -2.156 20011 -20012 20024 -20025 20031 -20032 imp:n,p 1
300107 400107 -2.156 20011 -20012 20024 -20025 20032 -20033 imp:n,p 1
300108 400108 -2.156 20011 -20012 20024 -20025 20033 -20034 imp:n,p 1
300109 400109 -2.156 20011 -20012 20024 -20025 20034 -20035 imp:n,p 1
300110 400110 -2.156 20012 -20013 20024 -20025 20030 -20031 imp:n,p 1
300111 400111 -2.156 20012 -20013 20024 -20025 20031 -20032 imp:n,p 1
300112 400112 -2.156 20012 -20013 20024 -20025 20032 -20033 imp:n,p 1
300113 400113 -2.156 20012 -20013 20024 -20025 20033 -20034 imp:n,p 1
300114 400114 -2.156 20012 -20013 20024 -20025 20034 -20035 imp:n,p 1
300115 400115 -2.156 20013 -20014 20024 -20025 20030 -20031 imp:n,p 1
300116 400116 -2.156 20013 -20014 20024 -20025 20031 -20032 imp:n,p 1
300117 400117 -2.156 20013 -20014 20024 -20025 20032 -20033 imp:n,p 1
300118 400118 -2.156 20013 -20014 20024 -20025 20033 -20034 imp:n,p 1
300119 400119 -2.156 20013 -20014 20024 -20025 20034 -20035 imp:n,p 1
300120 400120 -2.156 20014 -20015 20024 -20025 20030 -20031 imp:n,p 1
300121 400121 -2.156 20014 -20015 20024 -20025 20031 -20032 imp:n,p 1
300122 400122 -2.156 20014 -20015 20024 -20025 20032 -20033 imp:n,p 1
300123 400123 -2.156 20014 -20015 20024 -20025 20033 -20034 imp:n,p 1
300124 400124 -2.156 20014 -20015 20024 -20025 20034 -20035 imp:n,p 1
c
30 12 -0.00129 -200 #101 #121 #122 #123 #124 #125 #126 #127 #128 #129 #130 #131 #132 #133
        #21 #211 #212 #22 #221 #222 #23 #231 #232 #24 #241 #242 #20 imp:n,p 1 $Rest of the World
31 0 200 imp:n,p 0 $Outside world

c SURFACE CARDS
c
c Sample Volume
20010 px -56.0
20011 px -33.59999999999991
20012 px -11.199999999999818
20013 px 11.199999999999818
20014 px 33.59999999999991
20015 px 56.0
20020 py -45.0
20021 py -27.0
20022 py -9.0
20023 py 9.0
20024 py 27.0
20025 py 45.0
20030 pz 92.0
20031 pz 82.0
20032 pz 72.0
20033 pz 62.0
20034 pz 52.0
20035 pz 42.0
c Active Detector Region
21 rcc 56  -5.0 -1.0   0.0 20.3 0.0   4.5 $Detector 1 Base center, Hx,Hy,Hz, radius
c Shielding Surfaces
c Shielding Pb
31 rpp 19 29 -7.5 7.5 -11 9 $PbPE xmin xmax ymin ymax zmin zmax
32 rpp 9 19 4 9 -11 9 $Pb xmin xmax ymin ymax zmin zmax
33 rpp 9 19 -9 -4 -11 9 $Pb xmin xmax ymin ymax zmin zmax
34 rpp 19 29 7.5 12.5 -11 9 $Pb xmin xmax ymin ymax zmin zmax
35 rpp 19 29 -12.5 -7.5 -11 9 $Pb xmin xmax ymin ymax zmin zmax
36 rpp 29 34 -15 15 -11 9 $Pb xmin xmax ymin ymax zmin zmax
37 rpp 9 19 -4 4 4 9 $Pb xmin xmax ymin ymax zmin zmax
38 rpp -26 26 18 28 -11 9 $BA1 xmin xmax ymin ymax zmin zmax
39 rpp -26 26 -28 -18 -11 9 $BA2 xmin xmax ymin ymax zmin zmax
40 rpp -65 65 -28 28 10 10.5 $Al xmin xmax ymin ymax zmin zmax
401 rpp -27 27 29 34 -11 9 $Fe xmin xmax ymin ymax zmin zmax
402 rpp -27 27 -34 -29 -11 9 $Fe xmin xmax ymin ymax zmin zmax
301 px -20
302 px 18
303 cx 3.71
304 cx 3.81
c Wheels Surfaces
c 23/10.5-12 turf tires, 22.6 lb rubber
c diameter 29cm, tread width 25cm, and sidewall height 13.76 cm
c set thickness of all sides 1.3 cm (s.t. weight is 22.6 lb)
41 rcc -2 77 8   0.0 25 0.0 29 $wheel 1 outer tread surface
42 rcc -2 77 8   0.0 25 0.0 27.7 $wheel 1 inner tread surface
421 rcc -2 75.7 8   0.0 1.3 0.0 29 $wheel 1 outside sidewall exterior
422 rcc -2 75.7 8   0.0 1.3 0.0 15.24 $wheel 1 outside sidewall interior
423 rcc -2 102 8   0.0 1.3 0.0 29 $wheel 1 inside sidewall exterior
424 rcc -2 102 8   0.0 1.3 0.0 15.24 $wheel 1 inside sidewall interior
43 rcc 68 77 8   0.0 25 0.0 29 $wheel 2
44 rcc 68 77 8   0.0 25 0.0 27.7
441 rcc 68 75.7 8   0.0 1.3 0.0 29
442 rcc 68 75.7 8   0.0 1.3 0.0 15.24
443 rcc 68 102 8   0.0 1.3 0.0 29
444 rcc 68 102 8   0.0 1.3 0.0 15.24
45 rcc -2 -77 8   0.0 -25 0.0 29 $wheel 3
46 rcc -2 -77 8   0.0 -25 0.0 27.7
461 rcc -2 -75.7 8   0.0 -1.3 0.0 29
462 rcc -2 -75.7 8   0.0 -1.3 0.0 15.24
463 rcc -2 -102 8   0.0 -1.3 0.0 29
464 rcc -2 -102 8   0.0 -1.3 0.0 15.24
47 rcc 68 -77 8   0.0 -25 0.0 29 $wheel 4
48 rcc 68 -77 8   0.0 -25 0.0 27.7
481 rcc 68 -75.7 8   0.0 -1.3 0.0 29
482 rcc 68 -75.7 8   0.0 -1.3 0.0 15.24
483 rcc 68 -102 8   0.0 -1.3 0.0 29
484 rcc 68 -102 8   0.0 -1.3 0.0 15.24
200 so 800    $sphere of 800cm centered at origin
c

c DATA CARDS
mode n p
c dump every hr
prdmp -60 -60 -1
c 100 keV Neutron Energy Cutoff
Cut:n 1j 0.1
c analog neutron transport
phys:n 1j 14
phys:p
sdef pos=0 0 0 erg=14.0 vec= 0 0 1 dir=d1
si1  -1 .93 1
sp1   0  0.0  1.0
c ********************
c begin material cards
c ********************
c Pure Carbon
c ****************************************
m400000 6000 -0.004259566598686461 7000 -0.004259566598686461 14000 -0.9914808668026275 
m400001 6000 -0.003221623955970818 7000 -0.003221623955970818 14000 -0.9935567520880585 
m400002 6000 -0.0038426183795975256 7000 -0.0038426183795975256 14000 -0.992314763240805 
m400003 6000 -0.005868554419822406 7000 -0.005868554419822406 14000 -0.9882628911603553 
m400004 6000 -0.008867474819872316 7000 -0.008867474819872316 14000 -0.9822650503602556 
m400005 6000 -0.003915981222682875 7000 -0.003915981222682875 14000 -0.9921680375546343 
m400006 6000 -0.0031437988112054636 7000 -0.0031437988112054636 14000 -0.993712402377589 
m400007 6000 -0.0036426382891818613 7000 -0.0036426382891818613 14000 -0.9927147234216364 
m400008 6000 -0.005839602233815671 7000 -0.005839602233815671 14000 -0.9883207955323688 
m400009 6000 -0.009476404339163691 7000 -0.009476404339163691 14000 -0.9810471913216723 
m400010 6000 -0.004276997327211376 7000 -0.004276997327211376 14000 -0.9914460053455769 
m400011 6000 -0.00314050236612409 7000 -0.00314050236612409 14000 -0.993718995267752 
m400012 6000 -0.003775468370544307 7000 -0.003775468370544307 14000 -0.9924490632589112 
m400013 6000 -0.005892311279203679 7000 -0.005892311279203679 14000 -0.9882153774415925 
m400014 6000 -0.009124737833156975 7000 -0.009124737833156975 14000 -0.9817505243336859 
m400015 6000 -0.004010215278356445 7000 -0.004010215278356445 14000 -0.9919795694432869 
m400016 6000 -0.0032128779763784783 7000 -0.0032128779763784783 14000 -0.9935742440472426 
m400017 6000 -0.0038058055576754373 7000 -0.0038058055576754373 14000 -0.992388388884649 
m400018 6000 -0.0059522862618982654 7000 -0.0059522862618982654 14000 -0.9880954274762034 
m400019 6000 -0.009467858739939293 7000 -0.009467858739939293 14000 -0.9810642825201218 
m400020 6000 -0.004170858841043614 7000 -0.004170858841043614 14000 -0.991658282317913 
m400021 6000 -0.0032136332564642405 7000 -0.0032136332564642405 14000 -0.9935727334870716 
m400022 6000 -0.003596027620310975 7000 -0.003596027620310975 14000 -0.992807944759378 
m400023 6000 -0.005711112074839987 7000 -0.005711112074839987 14000 -0.9885777758503201 
m400024 6000 -0.009001092534199825 7000 -0.009001092534199825 14000 -0.9819978149316002 
m400025 6000 -0.004046971261238579 7000 -0.004046971261238579 14000 -0.9919060574775226 
m400026 6000 -0.003182350315480458 7000 -0.003182350315480458 14000 -0.9936352993690393 
m400027 6000 -0.00385909296324778 7000 -0.00385909296324778 14000 -0.9922818140735046 
m400028 6000 -0.006119349260581743 7000 -0.006119349260581743 14000 -0.9877613014788368 
m400029 6000 -0.008883202143312662 7000 -0.008883202143312662 14000 -0.9822335957133742 
m400030 6000 -0.00406038361157409 7000 -0.00406038361157409 14000 -0.9918792327768519 
m400031 6000 -0.0031629752821471496 7000 -0.0031629752821471496 14000 -0.9936740494357058 
m400032 6000 -0.003687375063288599 7000 -0.003687375063288599 14000 -0.9926252498734229 
m400033 6000 -0.00556569884160067 7000 -0.00556569884160067 14000 -0.9888686023167985 
m400034 6000 -0.009578648507553682 7000 -0.009578648507553682 14000 -0.9808427029848924 
m400035 6000 -0.004025019238719993 7000 -0.004025019238719993 14000 -0.9919499615225597 
m400036 6000 -0.003158556344068971 7000 -0.003158556344068971 14000 -0.9936828873118619 
m400037 6000 -0.003791097514980184 7000 -0.003791097514980184 14000 -0.9924178049700396 
m400038 6000 -0.005577972346926287 7000 -0.005577972346926287 14000 -0.9888440553061474 
m400039 6000 -0.009116647322990681 7000 -0.009116647322990681 14000 -0.9817667053540187 
m400040 6000 -0.004230750371068048 7000 -0.004230750371068048 14000 -0.9915384992578637 
m400041 6000 -0.0031511624965972333 7000 -0.0031511624965972333 14000 -0.993697675006806 
m400042 6000 -0.0037911477374414897 7000 -0.0037911477374414897 14000 -0.9924177045251167 
m400043 6000 -0.005723519293200054 7000 -0.005723519293200054 14000 -0.9885529614136 
m400044 6000 -0.00904427516651678 7000 -0.00904427516651678 14000 -0.9819114496669665 
m400045 6000 -0.003908530112261502 7000 -0.003908530112261502 14000 -0.9921829397754771 
m400046 6000 -0.0031368187928481465 7000 -0.0031368187928481465 14000 -0.9937263624143036 
m400047 6000 -0.00363239693124275 7000 -0.00363239693124275 14000 -0.9927352061375149 
m400048 6000 -0.006033045497394752 7000 -0.006033045497394752 14000 -0.9879339090052106 
m400049 6000 -0.008862292312706195 7000 -0.008862292312706195 14000 -0.9822754153745877 
m400050 6000 -0.003761084325764163 7000 -0.003761084325764163 14000 -0.9924778313484716 
m400051 6000 -0.0032155611708432424 7000 -0.0032155611708432424 14000 -0.993568877658313 
m400052 6000 -0.003802049455028561 7000 -0.003802049455028561 14000 -0.9923959010899429 
m400053 6000 -0.0059126104604804875 7000 -0.0059126104604804875 14000 -0.9881747790790392 
m400054 6000 -0.008944097186908301 7000 -0.008944097186908301 14000 -0.9821118056261833 
m400055 6000 -0.004284462841786692 7000 -0.004284462841786692 14000 -0.9914310743164269 
m400056 6000 -0.003212943584681881 7000 -0.003212943584681881 14000 -0.9935741128306362 
m400057 6000 -0.003770924264942711 7000 -0.003770924264942711 14000 -0.9924581514701145 
m400058 6000 -0.005628741389087135 7000 -0.005628741389087135 14000 -0.9887425172218254 
m400059 6000 -0.00911243396052097 7000 -0.00911243396052097 14000 -0.9817751320789583 
m400060 6000 -0.003922566957308029 7000 -0.003922566957308029 14000 -0.992154866085384 
m400061 6000 -0.003136000530055527 7000 -0.003136000530055527 14000 -0.9937279989398892 
m400062 6000 -0.0036510929429172654 7000 -0.0036510929429172654 14000 -0.9926978141141655 
m400063 6000 -0.0058971205302619815 7000 -0.0058971205302619815 14000 -0.988205758939476 
m400064 6000 -0.00926559703385358 7000 -0.00926559703385358 14000 -0.9814688059322926 
m400065 6000 -0.0038267550358115237 7000 -0.0038267550358115237 14000 -0.992346489928377 
m400066 6000 -0.0031760028296804747 7000 -0.0031760028296804747 14000 -0.9936479943406386 
m400067 6000 -0.003803210054663482 7000 -0.003803210054663482 14000 -0.9923935798906729 
m400068 6000 -0.005405237486368674 7000 -0.005405237486368674 14000 -0.9891895250272624 
m400069 6000 -0.009249074586878361 7000 -0.009249074586878361 14000 -0.9815018508262434 
m400070 6000 -0.0040645328161855055 7000 -0.0040645328161855055 14000 -0.9918709343676291 
m400071 6000 -0.0031828996610199257 7000 -0.0031828996610199257 14000 -0.9936342006779598 
m400072 6000 -0.00390911275362775 7000 -0.00390911275362775 14000 -0.9921817744927444 
m400073 6000 -0.00547775577283707 7000 -0.00547775577283707 14000 -0.9890444884543257 
m400074 6000 -0.009255351738039087 7000 -0.009255351738039087 14000 -0.981489296523922 
m400075 6000 -0.003892578501133544 7000 -0.003892578501133544 14000 -0.9922148429977331 
m400076 6000 -0.0031610629869889347 7000 -0.0031610629869889347 14000 -0.9936778740260221 
m400077 6000 -0.0036057349291134053 7000 -0.0036057349291134053 14000 -0.9927885301417728 
m400078 6000 -0.005680364858746459 7000 -0.005680364858746459 14000 -0.9886392702825071 
m400079 6000 -0.009014689077682101 7000 -0.009014689077682101 14000 -0.9819706218446355 
m400080 6000 -0.004187208067740675 7000 -0.004187208067740675 14000 -0.9916255838645186 
m400081 6000 -0.003161185336458784 7000 -0.003161185336458784 14000 -0.9936776293270826 
m400082 6000 -0.0037086813435907285 7000 -0.0037086813435907285 14000 -0.9925826373128186 
m400083 6000 -0.005720555017421527 7000 -0.005720555017421527 14000 -0.9885588899651568 
m400084 6000 -0.008808294094993759 7000 -0.008808294094993759 14000 -0.9823834118100127 
m400085 6000 -0.0039548218865958825 7000 -0.0039548218865958825 14000 -0.992090356226808 
m400086 6000 -0.0031933690732589676 7000 -0.0031933690732589676 14000 -0.9936132618534824 
m400087 6000 -0.0037615125486530994 7000 -0.0037615125486530994 14000 -0.9924769749026939 
m400088 6000 -0.005876165158727491 7000 -0.005876165158727491 14000 -0.988247669682545 
m400089 6000 -0.008891802604603212 7000 -0.008891802604603212 14000 -0.9822163947907933 
m400090 6000 -0.003915000326091556 7000 -0.003915000326091556 14000 -0.9921699993478166 
m400091 6000 -0.0031621775264533527 7000 -0.0031621775264533527 14000 -0.9936756449470934 
m400092 6000 -0.0037377272353890222 7000 -0.0037377272353890222 14000 -0.9925245455292222 
m400093 6000 -0.0058481148227530365 7000 -0.0058481148227530365 14000 -0.9883037703544937 
m400094 6000 -0.008864915853822453 7000 -0.008864915853822453 14000 -0.9822701682923554 
m400095 6000 -0.0038855575653711184 7000 -0.0038855575653711184 14000 -0.9922288848692579 
m400096 6000 -0.0031552879823268975 7000 -0.0031552879823268975 14000 -0.9936894240353459 
m400097 6000 -0.0038173968672471025 7000 -0.0038173968672471025 14000 -0.9923652062655054 
m400098 6000 -0.005752887799984864 7000 -0.005752887799984864 14000 -0.9884942244000302 
m400099 6000 -0.009154169017351428 7000 -0.009154169017351428 14000 -0.9816916619652973 
m400100 6000 -0.003873782716119378 7000 -0.003873782716119378 14000 -0.9922524345677612 
m400101 6000 -0.0031600545120599468 7000 -0.0031600545120599468 14000 -0.9936798909758803 
m400102 6000 -0.00368993612844983 7000 -0.00368993612844983 14000 -0.9926201277431006 
m400103 6000 -0.0057213447353844675 7000 -0.0057213447353844675 14000 -0.9885573105292309 
m400104 6000 -0.009063723496259436 7000 -0.009063723496259436 14000 -0.9818725530074812 
m400105 6000 -0.0038987799837889745 7000 -0.0038987799837889745 14000 -0.9922024400324219 
m400106 6000 -0.0032039085764332493 7000 -0.0032039085764332493 14000 -0.9935921828471337 
m400107 6000 -0.0036245511047172546 7000 -0.0036245511047172546 14000 -0.9927508977905656 
m400108 6000 -0.0058212016898657945 7000 -0.0058212016898657945 14000 -0.9883575966202683 
m400109 6000 -0.00960656791937873 7000 -0.00960656791937873 14000 -0.9807868641612423 
m400110 6000 -0.0038522141078505103 7000 -0.0038522141078505103 14000 -0.9922955717842987 
m400111 6000 -0.00315389699592253 7000 -0.00315389699592253 14000 -0.9936922060081546 
m400112 6000 -0.003948784323375204 7000 -0.003948784323375204 14000 -0.9921024313532496 
m400113 6000 -0.0053459949109234605 7000 -0.0053459949109234605 14000 -0.9893080101781533 
m400114 6000 -0.00929291895350612 7000 -0.00929291895350612 14000 -0.9814141620929879 
m400115 6000 -0.003921649582250859 7000 -0.003921649582250859 14000 -0.9921567008354981 
m400116 6000 -0.003182595618723041 7000 -0.003182595618723041 14000 -0.9936348087625538 
m400117 6000 -0.0036952976192593688 7000 -0.0036952976192593688 14000 -0.9926094047614817 
m400118 6000 -0.005461286763150588 7000 -0.005461286763150588 14000 -0.9890774264736987 
m400119 6000 -0.009366924988079202 7000 -0.009366924988079202 14000 -0.9812661500238414 
m400120 6000 -0.0041948037439254226 7000 -0.0041948037439254226 14000 -0.9916103925121494 
m400121 6000 -0.003208049399040974 7000 -0.003208049399040974 14000 -0.9935839012019178 
m400122 6000 -0.003523654704562087 7000 -0.003523654704562087 14000 -0.9929526905908758 
m400123 6000 -0.0058607395733975 7000 -0.0058607395733975 14000 -0.9882785208532051 
m400124 6000 -0.009038753159202417 7000 -0.009038753159202417 14000 -0.9819224936815949 
c **********************************
c PE+Pb, dens=4.78 g/cm3
m2      6000    -0.04286 $Carbon
        1001    -0.00714 $Hydrogen
        82000   -0.95000 $Lead
c **********************************
m3    1001 -0.048535 $Boric acid
      5010 -0.034981
      5011 -0.139923
      8016 -0.776561
c **********************************
m4    82000 1 $Lead
c **********************************
m5 26000 1 $Iron
c **********************************
m6     13027   -1.000 $ Aluminum
c **********************************
c  SS-304 (8.00 g/cm3), #298 in PNNL Compendium
m7   006000.50c -0.0004000
     014000.60c -0.0050000
     015031.50c -0.0002300
     016000.60c -0.0001500
     024000.50c -0.1899981
     025055.60c -0.0099999
     026000.50c -0.7017229
     028000.50c -0.0924991
c ****************************************
c       LaBr detector
c ****************************************
m8       35079    -0.2946       $ Br79
         35081    -0.3069       $ Br81
         57139    -0.3485       $ La139
         58140    -0.0500       $ Ce140
c ************ air den=1.15e-3g/cc
m12     8016 -0.23
        7014 -0.77
c ************ Rubber Natural den=0.92 g/cc
m13     1001 -0.118371  $weight fraction
        6000 -0.881629
c
c end material cards
c
rand seed=8674536546524321 $different initial random #; seed# - any less 18 digits
c
c ********** begin tallies *********************
fc78 *********Broadened Pulse Height Tally Sum of Detectors 1,2 & 3 ***********
e78 0 1e-5 932i 8.4295
F78:p (101)
FT78 GEB -0.026198 0.059551 -0.037176
fc18 *********Unbroadened Pulse Height Tally Sum of Detectors 1,2 & 3 ***********
e18 0 1e-5 932i 8.4295
F18:p (101)
c ***********************************
c mplot tal 78 freq 10000
nps 1e9
