c CAS DETECTOR
c w/ Shielding in Place and Wheels
c
c CELL CARDS
c
c @@@@@@@@@@ Detectors @@@@@@@@@@@@@@@@@
c
101 8 -5.08 -21 imp:n,p 1 $LaBr Detector #1 Active Region
c
c @@@@@@@@@ Shielding @@@@@@@@@@@@@@@@@
c
121 2 -4.78 -31 imp:n,p 1 $PE_Pb
122 4 -11.29 -32 imp:n,p 1 $Pb1
123 4 -11.29 -33 imp:n,p 1 $Pb2
124 4 -11.29 -34 imp:n,p 1 $Pb3
125 4 -11.29 -35 imp:n,p 1 $Pb4
126 4 -11.29 -36 imp:n,p 1 $Pb5
127 4 -11.29 -37 imp:n,p 1 $Pb6
128 3 -1.5 -38 imp:n,p 1 $BA1
129 3 -1.5 -39 imp:n,p 1 $BA2
130 6 -2.7 -40 imp:n,p 1 $Al
131 7 -7.92 301 -302 303 -304 imp:n,p 1 $Fe-tube
132 5 -7.8 -401 imp:n,p 1 $Fe
133 5 -7.8 -402 imp:n,p 1 $Fe
c @@@@@@@@@@ Wheels @@@@@@@@@@@@@@@@@
c
21 13 -0.92 -41 42 imp:n,p 1 $Wheel 1
211 13 -0.92 -421 422 imp:n,p 1 $Wheel 1
212 13 -0.92 -423 424 imp:n,p 1 $Wheel 1
22 13 -0.92 -43 44 imp:n,p 1 $Wheel 2
221 13 -0.92 -441 442 imp:n,p 1 $Wheel 2
222 13 -0.92 -443 444 imp:n,p 1 $Wheel 2
23 13 -0.92 -45 46 imp:n,p 1 $Wheel 3
231 13 -0.92 -461 462 imp:n,p 1 $Wheel 3
232 13 -0.92 -463 464 imp:n,p 1 $Wheel 3
24 13 -0.92 -47 48 imp:n,p 1 $Wheel 4
241 13 -0.92 -481 482 imp:n,p 1 $Wheel 4
242 13 -0.92 -483 484 imp:n,p 1 $Wheel 4
c
c @@@@@@@@@@ SOIL VOLUME @@@@@@@@@@@
c
300000 400000 -2.156 20010 -20011 20020 -20021 20030 -20031 imp:n,p 1
300001 400001 -2.156 20010 -20011 20020 -20021 20031 -20032 imp:n,p 1
300002 400002 -2.156 20010 -20011 20020 -20021 20032 -20033 imp:n,p 1
300003 400003 -2.156 20010 -20011 20020 -20021 20033 -20034 imp:n,p 1
300004 400004 -2.156 20010 -20011 20020 -20021 20034 -20035 imp:n,p 1
300005 400005 -2.156 20011 -20012 20020 -20021 20030 -20031 imp:n,p 1
300006 400006 -2.156 20011 -20012 20020 -20021 20031 -20032 imp:n,p 1
300007 400007 -2.156 20011 -20012 20020 -20021 20032 -20033 imp:n,p 1
300008 400008 -2.156 20011 -20012 20020 -20021 20033 -20034 imp:n,p 1
300009 400009 -2.156 20011 -20012 20020 -20021 20034 -20035 imp:n,p 1
300010 400010 -2.156 20012 -20013 20020 -20021 20030 -20031 imp:n,p 1
300011 400011 -2.156 20012 -20013 20020 -20021 20031 -20032 imp:n,p 1
300012 400012 -2.156 20012 -20013 20020 -20021 20032 -20033 imp:n,p 1
300013 400013 -2.156 20012 -20013 20020 -20021 20033 -20034 imp:n,p 1
300014 400014 -2.156 20012 -20013 20020 -20021 20034 -20035 imp:n,p 1
300015 400015 -2.156 20013 -20014 20020 -20021 20030 -20031 imp:n,p 1
300016 400016 -2.156 20013 -20014 20020 -20021 20031 -20032 imp:n,p 1
300017 400017 -2.156 20013 -20014 20020 -20021 20032 -20033 imp:n,p 1
300018 400018 -2.156 20013 -20014 20020 -20021 20033 -20034 imp:n,p 1
300019 400019 -2.156 20013 -20014 20020 -20021 20034 -20035 imp:n,p 1
300020 400020 -2.156 20014 -20015 20020 -20021 20030 -20031 imp:n,p 1
300021 400021 -2.156 20014 -20015 20020 -20021 20031 -20032 imp:n,p 1
300022 400022 -2.156 20014 -20015 20020 -20021 20032 -20033 imp:n,p 1
300023 400023 -2.156 20014 -20015 20020 -20021 20033 -20034 imp:n,p 1
300024 400024 -2.156 20014 -20015 20020 -20021 20034 -20035 imp:n,p 1
300025 400025 -2.156 20010 -20011 20021 -20022 20030 -20031 imp:n,p 1
300026 400026 -2.156 20010 -20011 20021 -20022 20031 -20032 imp:n,p 1
300027 400027 -2.156 20010 -20011 20021 -20022 20032 -20033 imp:n,p 1
300028 400028 -2.156 20010 -20011 20021 -20022 20033 -20034 imp:n,p 1
300029 400029 -2.156 20010 -20011 20021 -20022 20034 -20035 imp:n,p 1
300030 400030 -2.156 20011 -20012 20021 -20022 20030 -20031 imp:n,p 1
300031 400031 -2.156 20011 -20012 20021 -20022 20031 -20032 imp:n,p 1
300032 400032 -2.156 20011 -20012 20021 -20022 20032 -20033 imp:n,p 1
300033 400033 -2.156 20011 -20012 20021 -20022 20033 -20034 imp:n,p 1
300034 400034 -2.156 20011 -20012 20021 -20022 20034 -20035 imp:n,p 1
300035 400035 -2.156 20012 -20013 20021 -20022 20030 -20031 imp:n,p 1
300036 400036 -2.156 20012 -20013 20021 -20022 20031 -20032 imp:n,p 1
300037 400037 -2.156 20012 -20013 20021 -20022 20032 -20033 imp:n,p 1
300038 400038 -2.156 20012 -20013 20021 -20022 20033 -20034 imp:n,p 1
300039 400039 -2.156 20012 -20013 20021 -20022 20034 -20035 imp:n,p 1
300040 400040 -2.156 20013 -20014 20021 -20022 20030 -20031 imp:n,p 1
300041 400041 -2.156 20013 -20014 20021 -20022 20031 -20032 imp:n,p 1
300042 400042 -2.156 20013 -20014 20021 -20022 20032 -20033 imp:n,p 1
300043 400043 -2.156 20013 -20014 20021 -20022 20033 -20034 imp:n,p 1
300044 400044 -2.156 20013 -20014 20021 -20022 20034 -20035 imp:n,p 1
300045 400045 -2.156 20014 -20015 20021 -20022 20030 -20031 imp:n,p 1
300046 400046 -2.156 20014 -20015 20021 -20022 20031 -20032 imp:n,p 1
300047 400047 -2.156 20014 -20015 20021 -20022 20032 -20033 imp:n,p 1
300048 400048 -2.156 20014 -20015 20021 -20022 20033 -20034 imp:n,p 1
300049 400049 -2.156 20014 -20015 20021 -20022 20034 -20035 imp:n,p 1
300050 400050 -2.156 20010 -20011 20022 -20023 20030 -20031 imp:n,p 1
300051 400051 -2.156 20010 -20011 20022 -20023 20031 -20032 imp:n,p 1
300052 400052 -2.156 20010 -20011 20022 -20023 20032 -20033 imp:n,p 1
300053 400053 -2.156 20010 -20011 20022 -20023 20033 -20034 imp:n,p 1
300054 400054 -2.156 20010 -20011 20022 -20023 20034 -20035 imp:n,p 1
300055 400055 -2.156 20011 -20012 20022 -20023 20030 -20031 imp:n,p 1
300056 400056 -2.156 20011 -20012 20022 -20023 20031 -20032 imp:n,p 1
300057 400057 -2.156 20011 -20012 20022 -20023 20032 -20033 imp:n,p 1
300058 400058 -2.156 20011 -20012 20022 -20023 20033 -20034 imp:n,p 1
300059 400059 -2.156 20011 -20012 20022 -20023 20034 -20035 imp:n,p 1
300060 400060 -2.156 20012 -20013 20022 -20023 20030 -20031 imp:n,p 1
300061 400061 -2.156 20012 -20013 20022 -20023 20031 -20032 imp:n,p 1
300062 400062 -2.156 20012 -20013 20022 -20023 20032 -20033 imp:n,p 1
300063 400063 -2.156 20012 -20013 20022 -20023 20033 -20034 imp:n,p 1
300064 400064 -2.156 20012 -20013 20022 -20023 20034 -20035 imp:n,p 1
300065 400065 -2.156 20013 -20014 20022 -20023 20030 -20031 imp:n,p 1
300066 400066 -2.156 20013 -20014 20022 -20023 20031 -20032 imp:n,p 1
300067 400067 -2.156 20013 -20014 20022 -20023 20032 -20033 imp:n,p 1
300068 400068 -2.156 20013 -20014 20022 -20023 20033 -20034 imp:n,p 1
300069 400069 -2.156 20013 -20014 20022 -20023 20034 -20035 imp:n,p 1
300070 400070 -2.156 20014 -20015 20022 -20023 20030 -20031 imp:n,p 1
300071 400071 -2.156 20014 -20015 20022 -20023 20031 -20032 imp:n,p 1
300072 400072 -2.156 20014 -20015 20022 -20023 20032 -20033 imp:n,p 1
300073 400073 -2.156 20014 -20015 20022 -20023 20033 -20034 imp:n,p 1
300074 400074 -2.156 20014 -20015 20022 -20023 20034 -20035 imp:n,p 1
300075 400075 -2.156 20010 -20011 20023 -20024 20030 -20031 imp:n,p 1
300076 400076 -2.156 20010 -20011 20023 -20024 20031 -20032 imp:n,p 1
300077 400077 -2.156 20010 -20011 20023 -20024 20032 -20033 imp:n,p 1
300078 400078 -2.156 20010 -20011 20023 -20024 20033 -20034 imp:n,p 1
300079 400079 -2.156 20010 -20011 20023 -20024 20034 -20035 imp:n,p 1
300080 400080 -2.156 20011 -20012 20023 -20024 20030 -20031 imp:n,p 1
300081 400081 -2.156 20011 -20012 20023 -20024 20031 -20032 imp:n,p 1
300082 400082 -2.156 20011 -20012 20023 -20024 20032 -20033 imp:n,p 1
300083 400083 -2.156 20011 -20012 20023 -20024 20033 -20034 imp:n,p 1
300084 400084 -2.156 20011 -20012 20023 -20024 20034 -20035 imp:n,p 1
300085 400085 -2.156 20012 -20013 20023 -20024 20030 -20031 imp:n,p 1
300086 400086 -2.156 20012 -20013 20023 -20024 20031 -20032 imp:n,p 1
300087 400087 -2.156 20012 -20013 20023 -20024 20032 -20033 imp:n,p 1
300088 400088 -2.156 20012 -20013 20023 -20024 20033 -20034 imp:n,p 1
300089 400089 -2.156 20012 -20013 20023 -20024 20034 -20035 imp:n,p 1
300090 400090 -2.156 20013 -20014 20023 -20024 20030 -20031 imp:n,p 1
300091 400091 -2.156 20013 -20014 20023 -20024 20031 -20032 imp:n,p 1
300092 400092 -2.156 20013 -20014 20023 -20024 20032 -20033 imp:n,p 1
300093 400093 -2.156 20013 -20014 20023 -20024 20033 -20034 imp:n,p 1
300094 400094 -2.156 20013 -20014 20023 -20024 20034 -20035 imp:n,p 1
300095 400095 -2.156 20014 -20015 20023 -20024 20030 -20031 imp:n,p 1
300096 400096 -2.156 20014 -20015 20023 -20024 20031 -20032 imp:n,p 1
300097 400097 -2.156 20014 -20015 20023 -20024 20032 -20033 imp:n,p 1
300098 400098 -2.156 20014 -20015 20023 -20024 20033 -20034 imp:n,p 1
300099 400099 -2.156 20014 -20015 20023 -20024 20034 -20035 imp:n,p 1
300100 400100 -2.156 20010 -20011 20024 -20025 20030 -20031 imp:n,p 1
300101 400101 -2.156 20010 -20011 20024 -20025 20031 -20032 imp:n,p 1
300102 400102 -2.156 20010 -20011 20024 -20025 20032 -20033 imp:n,p 1
300103 400103 -2.156 20010 -20011 20024 -20025 20033 -20034 imp:n,p 1
300104 400104 -2.156 20010 -20011 20024 -20025 20034 -20035 imp:n,p 1
300105 400105 -2.156 20011 -20012 20024 -20025 20030 -20031 imp:n,p 1
300106 400106 -2.156 20011 -20012 20024 -20025 20031 -20032 imp:n,p 1
300107 400107 -2.156 20011 -20012 20024 -20025 20032 -20033 imp:n,p 1
300108 400108 -2.156 20011 -20012 20024 -20025 20033 -20034 imp:n,p 1
300109 400109 -2.156 20011 -20012 20024 -20025 20034 -20035 imp:n,p 1
300110 400110 -2.156 20012 -20013 20024 -20025 20030 -20031 imp:n,p 1
300111 400111 -2.156 20012 -20013 20024 -20025 20031 -20032 imp:n,p 1
300112 400112 -2.156 20012 -20013 20024 -20025 20032 -20033 imp:n,p 1
300113 400113 -2.156 20012 -20013 20024 -20025 20033 -20034 imp:n,p 1
300114 400114 -2.156 20012 -20013 20024 -20025 20034 -20035 imp:n,p 1
300115 400115 -2.156 20013 -20014 20024 -20025 20030 -20031 imp:n,p 1
300116 400116 -2.156 20013 -20014 20024 -20025 20031 -20032 imp:n,p 1
300117 400117 -2.156 20013 -20014 20024 -20025 20032 -20033 imp:n,p 1
300118 400118 -2.156 20013 -20014 20024 -20025 20033 -20034 imp:n,p 1
300119 400119 -2.156 20013 -20014 20024 -20025 20034 -20035 imp:n,p 1
300120 400120 -2.156 20014 -20015 20024 -20025 20030 -20031 imp:n,p 1
300121 400121 -2.156 20014 -20015 20024 -20025 20031 -20032 imp:n,p 1
300122 400122 -2.156 20014 -20015 20024 -20025 20032 -20033 imp:n,p 1
300123 400123 -2.156 20014 -20015 20024 -20025 20033 -20034 imp:n,p 1
300124 400124 -2.156 20014 -20015 20024 -20025 20034 -20035 imp:n,p 1
c
30 12 -0.00129 -200 #101 #121 #122 #123 #124 #125 #126 #127 #128 #129 #130 #131 #132 #133
        #21 #211 #212 #22 #221 #222 #23 #231 #232 #24 #241 #242 #20 imp:n,p 1 $Rest of the World
31 0 200 imp:n,p 0 $Outside world

c SURFACE CARDS
c
c Sample Volume
20010 px -56.0
20011 px -33.600000000000364
20012 px -11.200000000000728
20013 px 11.200000000000728
20014 px 33.600000000000364
20015 px 56.0
20020 py -45.0
20021 py -27.0
20022 py -9.0
20023 py 9.0
20024 py 27.0
20025 py 45.0
20030 pz 92.0
20031 pz 82.0
20032 pz 72.0
20033 pz 62.0
20034 pz 52.0
20035 pz 42.0
c Active Detector Region
21 rcc 56  -5.0 -1.0   0.0 20.3 0.0   4.5 $Detector 1 Base center, Hx,Hy,Hz, radius
c Shielding Surfaces
c Shielding Pb
31 rpp 19 29 -7.5 7.5 -11 9 $PbPE xmin xmax ymin ymax zmin zmax
32 rpp 9 19 4 9 -11 9 $Pb xmin xmax ymin ymax zmin zmax
33 rpp 9 19 -9 -4 -11 9 $Pb xmin xmax ymin ymax zmin zmax
34 rpp 19 29 7.5 12.5 -11 9 $Pb xmin xmax ymin ymax zmin zmax
35 rpp 19 29 -12.5 -7.5 -11 9 $Pb xmin xmax ymin ymax zmin zmax
36 rpp 29 34 -15 15 -11 9 $Pb xmin xmax ymin ymax zmin zmax
37 rpp 9 19 -4 4 4 9 $Pb xmin xmax ymin ymax zmin zmax
38 rpp -26 26 18 28 -11 9 $BA1 xmin xmax ymin ymax zmin zmax
39 rpp -26 26 -28 -18 -11 9 $BA2 xmin xmax ymin ymax zmin zmax
40 rpp -65 65 -28 28 10 10.5 $Al xmin xmax ymin ymax zmin zmax
401 rpp -27 27 29 34 -11 9 $Fe xmin xmax ymin ymax zmin zmax
402 rpp -27 27 -34 -29 -11 9 $Fe xmin xmax ymin ymax zmin zmax
301 px -20
302 px 18
303 cx 3.71
304 cx 3.81
c Wheels Surfaces
c 23/10.5-12 turf tires, 22.6 lb rubber
c diameter 29cm, tread width 25cm, and sidewall height 13.76 cm
c set thickness of all sides 1.3 cm (s.t. weight is 22.6 lb)
41 rcc -2 77 8   0.0 25 0.0 29 $wheel 1 outer tread surface
42 rcc -2 77 8   0.0 25 0.0 27.7 $wheel 1 inner tread surface
421 rcc -2 75.7 8   0.0 1.3 0.0 29 $wheel 1 outside sidewall exterior
422 rcc -2 75.7 8   0.0 1.3 0.0 15.24 $wheel 1 outside sidewall interior
423 rcc -2 102 8   0.0 1.3 0.0 29 $wheel 1 inside sidewall exterior
424 rcc -2 102 8   0.0 1.3 0.0 15.24 $wheel 1 inside sidewall interior
43 rcc 68 77 8   0.0 25 0.0 29 $wheel 2
44 rcc 68 77 8   0.0 25 0.0 27.7
441 rcc 68 75.7 8   0.0 1.3 0.0 29
442 rcc 68 75.7 8   0.0 1.3 0.0 15.24
443 rcc 68 102 8   0.0 1.3 0.0 29
444 rcc 68 102 8   0.0 1.3 0.0 15.24
45 rcc -2 -77 8   0.0 -25 0.0 29 $wheel 3
46 rcc -2 -77 8   0.0 -25 0.0 27.7
461 rcc -2 -75.7 8   0.0 -1.3 0.0 29
462 rcc -2 -75.7 8   0.0 -1.3 0.0 15.24
463 rcc -2 -102 8   0.0 -1.3 0.0 29
464 rcc -2 -102 8   0.0 -1.3 0.0 15.24
47 rcc 68 -77 8   0.0 -25 0.0 29 $wheel 4
48 rcc 68 -77 8   0.0 -25 0.0 27.7
481 rcc 68 -75.7 8   0.0 -1.3 0.0 29
482 rcc 68 -75.7 8   0.0 -1.3 0.0 15.24
483 rcc 68 -102 8   0.0 -1.3 0.0 29
484 rcc 68 -102 8   0.0 -1.3 0.0 15.24
200 so 800    $sphere of 800cm centered at origin
c

c DATA CARDS
mode n p
c dump every hr
prdmp -60 -60 -1
c 100 keV Neutron Energy Cutoff
Cut:n 1j 0.1
c analog neutron transport
phys:n 1j 14
phys:p
sdef pos=0 0 0 erg=14.0 vec= 0 0 1 dir=d1
si1  -1 .93 1
sp1   0  0.0  1.0
c ********************
c begin material cards
c ********************
c Pure Carbon
c ****************************************
m400000 6000 -0.003714705668111743 7000 -0.003714705668111743 14000 -0.992570588663777 
m400001 6000 -0.0030012318012564727 7000 -0.0030012318012564727 14000 -0.9939975363974868 
m400002 6000 -0.0036701133164959744 7000 -0.0036701133164959744 14000 -0.9926597733670078 
m400003 6000 -0.0056512692408556275 7000 -0.0056512692408556275 14000 -0.9886974615182891 
m400004 6000 -0.00841268550543976 7000 -0.00841268550543976 14000 -0.9831746289891206 
m400005 6000 -0.0038014152477713462 7000 -0.0038014152477713462 14000 -0.9923971695044574 
m400006 6000 -0.0030018636949510056 7000 -0.0030018636949510056 14000 -0.9939962726100979 
m400007 6000 -0.003567708505817678 7000 -0.003567708505817678 14000 -0.9928645829883646 
m400008 6000 -0.005422435333098874 7000 -0.005422435333098874 14000 -0.989155129333802 
m400009 6000 -0.008852618964353985 7000 -0.008852618964353985 14000 -0.982294762071292 
m400010 6000 -0.0038738414609582926 7000 -0.0038738414609582926 14000 -0.992252317078083 
m400011 6000 -0.002993418546345247 7000 -0.002993418546345247 14000 -0.9940131629073095 
m400012 6000 -0.003645826240393676 7000 -0.003645826240393676 14000 -0.9927083475192126 
m400013 6000 -0.005767298712746737 7000 -0.005767298712746737 14000 -0.9884654025745071 
m400014 6000 -0.009278692151169407 7000 -0.009278692151169407 14000 -0.9814426156976611 
m400015 6000 -0.004013000207134393 7000 -0.004013000207134393 14000 -0.9919739995857313 
m400016 6000 -0.002999516576435703 7000 -0.002999516576435703 14000 -0.9940009668471288 
m400017 6000 -0.0037021358731190246 7000 -0.0037021358731190246 14000 -0.9925957282537616 
m400018 6000 -0.005616531109512295 7000 -0.005616531109512295 14000 -0.9887669377809751 
m400019 6000 -0.009130725163872368 7000 -0.009130725163872368 14000 -0.9817385496722553 
m400020 6000 -0.0037564970337370606 7000 -0.0037564970337370606 14000 -0.9924870059325258 
m400021 6000 -0.0030022309728923147 7000 -0.0030022309728923147 14000 -0.9939955380542149 
m400022 6000 -0.0036322061393929566 7000 -0.0036322061393929566 14000 -0.9927355877212143 
m400023 6000 -0.005648500324412711 7000 -0.005648500324412711 14000 -0.9887029993511746 
m400024 6000 -0.008876281098608826 7000 -0.008876281098608826 14000 -0.9822474378027825 
m400025 6000 -0.003929882048843404 7000 -0.003929882048843404 14000 -0.9921402359023135 
m400026 6000 -0.0030031039825529726 7000 -0.0030031039825529726 14000 -0.9939937920348939 
m400027 6000 -0.0034604673105764717 7000 -0.0034604673105764717 14000 -0.9930790653788472 
m400028 6000 -0.005834380609672454 7000 -0.005834380609672454 14000 -0.9883312387806549 
m400029 6000 -0.008875446800112699 7000 -0.008875446800112699 14000 -0.9822491063997745 
m400030 6000 -0.004021906020324453 7000 -0.004021906020324453 14000 -0.991956187959351 
m400031 6000 -0.002971452239547685 7000 -0.002971452239547685 14000 -0.9940570955209047 
m400032 6000 -0.003588165938136083 7000 -0.003588165938136083 14000 -0.9928236681237277 
m400033 6000 -0.0058465350481891635 7000 -0.0058465350481891635 14000 -0.9883069299036216 
m400034 6000 -0.008563714098327305 7000 -0.008563714098327305 14000 -0.9828725718033453 
m400035 6000 -0.00383743464998086 7000 -0.00383743464998086 14000 -0.9923251307000381 
m400036 6000 -0.0030208025559247953 7000 -0.0030208025559247953 14000 -0.9939583948881503 
m400037 6000 -0.0036245210344298343 7000 -0.0036245210344298343 14000 -0.9927509579311403 
m400038 6000 -0.005806274198689038 7000 -0.005806274198689038 14000 -0.9883874516026219 
m400039 6000 -0.009511229950186441 7000 -0.009511229950186441 14000 -0.9809775400996271 
m400040 6000 -0.0037979538794302523 7000 -0.0037979538794302523 14000 -0.9924040922411395 
m400041 6000 -0.003000058297658764 7000 -0.003000058297658764 14000 -0.9939998834046826 
m400042 6000 -0.0034276366010433444 7000 -0.0034276366010433444 14000 -0.9931447267979135 
m400043 6000 -0.005600434013582123 7000 -0.005600434013582123 14000 -0.9887991319728358 
m400044 6000 -0.00914733434586571 7000 -0.00914733434586571 14000 -0.9817053313082689 
m400045 6000 -0.003849311674444344 7000 -0.003849311674444344 14000 -0.9923013766511112 
m400046 6000 -0.0029998307410199552 7000 -0.0029998307410199552 14000 -0.9940003385179601 
m400047 6000 -0.003616232837335187 7000 -0.003616232837335187 14000 -0.9927675343253296 
m400048 6000 -0.005515387117953569 7000 -0.005515387117953569 14000 -0.988969225764093 
m400049 6000 -0.009066087199432242 7000 -0.009066087199432242 14000 -0.9818678256011354 
m400050 6000 -0.0035393116914189922 7000 -0.0035393116914189922 14000 -0.9929213766171618 
m400051 6000 -0.0030306628161917205 7000 -0.0030306628161917205 14000 -0.9939386743676164 
m400052 6000 -0.00355910501834163 7000 -0.00355910501834163 14000 -0.9928817899633171 
m400053 6000 -0.005490816557900514 7000 -0.005490816557900514 14000 -0.9890183668841991 
m400054 6000 -0.008595192754891593 7000 -0.008595192754891593 14000 -0.9828096144902168 
m400055 6000 -0.0038406604564199314 7000 -0.0038406604564199314 14000 -0.9923186790871603 
m400056 6000 -0.0030205984337547754 7000 -0.0030205984337547754 14000 -0.9939588031324905 
m400057 6000 -0.0037207930613751016 7000 -0.0037207930613751016 14000 -0.9925584138772499 
m400058 6000 -0.005399164899797332 7000 -0.005399164899797332 14000 -0.9892016702004055 
m400059 6000 -0.0088583915738082 7000 -0.0088583915738082 14000 -0.9822832168523835 
m400060 6000 -0.0037544399406058177 7000 -0.0037544399406058177 14000 -0.9924911201187886 
m400061 6000 -0.0030550250184313388 7000 -0.0030550250184313388 14000 -0.9938899499631374 
m400062 6000 -0.00362902461504557 7000 -0.00362902461504557 14000 -0.9927419507699092 
m400063 6000 -0.005472012546736936 7000 -0.005472012546736936 14000 -0.9890559749065262 
m400064 6000 -0.008710972932433806 7000 -0.008710972932433806 14000 -0.9825780541351324 
m400065 6000 -0.003936819014489931 7000 -0.003936819014489931 14000 -0.9921263619710201 
m400066 6000 -0.002978521931563648 7000 -0.002978521931563648 14000 -0.9940429561368724 
m400067 6000 -0.003574549812205129 7000 -0.003574549812205129 14000 -0.9928509003755899 
m400068 6000 -0.005352789439061264 7000 -0.005352789439061264 14000 -0.9892944211218772 
m400069 6000 -0.009040582434818301 7000 -0.009040582434818301 14000 -0.9819188351303635 
m400070 6000 -0.0036263471965205358 7000 -0.0036263471965205358 14000 -0.9927473056069591 
m400071 6000 -0.0030021932521800522 7000 -0.0030021932521800522 14000 -0.9939956134956396 
m400072 6000 -0.003654593250123624 7000 -0.003654593250123624 14000 -0.9926908134997529 
m400073 6000 -0.005727486006201934 7000 -0.005727486006201934 14000 -0.988545027987596 
m400074 6000 -0.008953549768714451 7000 -0.008953549768714451 14000 -0.9820929004625711 
m400075 6000 -0.0038887858002447802 7000 -0.0038887858002447802 14000 -0.9922224283995102 
m400076 6000 -0.0030319256163632235 7000 -0.0030319256163632235 14000 -0.9939361487672734 
m400077 6000 -0.003446173928225693 7000 -0.003446173928225693 14000 -0.9931076521435493 
m400078 6000 -0.005499021650389484 7000 -0.005499021650389484 14000 -0.989001956699221 
m400079 6000 -0.008736839420500058 7000 -0.008736839420500058 14000 -0.9825263211589997 
m400080 6000 -0.003647859022528274 7000 -0.003647859022528274 14000 -0.9927042819549434 
m400081 6000 -0.0029746657837896075 7000 -0.0029746657837896075 14000 -0.9940506684324206 
m400082 6000 -0.003588293737591271 7000 -0.003588293737591271 14000 -0.9928234125248174 
m400083 6000 -0.0054637175952252206 7000 -0.0054637175952252206 14000 -0.9890725648095495 
m400084 6000 -0.009267351770369301 7000 -0.009267351770369301 14000 -0.9814652964592614 
m400085 6000 -0.0036291629572084926 7000 -0.0036291629572084926 14000 -0.9927416740855826 
m400086 6000 -0.003030991292685208 7000 -0.003030991292685208 14000 -0.99393801741463 
m400087 6000 -0.0035978815769621693 7000 -0.0035978815769621693 14000 -0.9928042368460757 
m400088 6000 -0.005471266759313357 7000 -0.005471266759313357 14000 -0.9890574664813733 
m400089 6000 -0.008724588462962264 7000 -0.008724588462962264 14000 -0.9825508230740754 
m400090 6000 -0.003603289624957775 7000 -0.003603289624957775 14000 -0.9927934207500848 
m400091 6000 -0.0030690755852128887 7000 -0.0030690755852128887 14000 -0.9938618488295748 
m400092 6000 -0.003582331204593664 7000 -0.003582331204593664 14000 -0.9928353375908127 
m400093 6000 -0.006011559637607902 7000 -0.006011559637607902 14000 -0.9879768807247841 
m400094 6000 -0.008678533676710147 7000 -0.008678533676710147 14000 -0.98264293264658 
m400095 6000 -0.0035768561285187354 7000 -0.0035768561285187354 14000 -0.9928462877429622 
m400096 6000 -0.002981818995784732 7000 -0.002981818995784732 14000 -0.9940363620084303 
m400097 6000 -0.0038787564282232847 7000 -0.0038787564282232847 14000 -0.9922424871435531 
m400098 6000 -0.005594129023188978 7000 -0.005594129023188978 14000 -0.9888117419536221 
m400099 6000 -0.008880878456551555 7000 -0.008880878456551555 14000 -0.982238243086897 
m400100 6000 -0.00382456603365805 7000 -0.00382456603365805 14000 -0.9923508679326837 
m400101 6000 -0.0030065856408512896 7000 -0.0030065856408512896 14000 -0.9939868287182974 
m400102 6000 -0.0036896935370985973 7000 -0.0036896935370985973 14000 -0.9926206129258032 
m400103 6000 -0.0053477298194049335 7000 -0.0053477298194049335 14000 -0.9893045403611899 
m400104 6000 -0.009043866824393076 7000 -0.009043866824393076 14000 -0.9819122663512136 
m400105 6000 -0.0037572771338225375 7000 -0.0037572771338225375 14000 -0.9924854457323549 
m400106 6000 -0.003034253706167009 7000 -0.003034253706167009 14000 -0.9939314925876659 
m400107 6000 -0.0038425790937382325 7000 -0.0038425790937382325 14000 -0.9923148418125236 
m400108 6000 -0.005730365196493804 7000 -0.005730365196493804 14000 -0.9885392696070121 
m400109 6000 -0.008794032218861061 7000 -0.008794032218861061 14000 -0.982411935562278 
m400110 6000 -0.004059021378541267 7000 -0.004059021378541267 14000 -0.9918819572429176 
m400111 6000 -0.002979053006777265 7000 -0.002979053006777265 14000 -0.9940418939864456 
m400112 6000 -0.003655804071434109 7000 -0.003655804071434109 14000 -0.9926883918571316 
m400113 6000 -0.0057405016120071605 7000 -0.0057405016120071605 14000 -0.9885189967759855 
m400114 6000 -0.008960107405966119 7000 -0.008960107405966119 14000 -0.9820797851880677 
m400115 6000 -0.004080114280561831 7000 -0.004080114280561831 14000 -0.991839771438876 
m400116 6000 -0.002987155512285061 7000 -0.002987155512285061 14000 -0.9940256889754301 
m400117 6000 -0.003764377358961403 7000 -0.003764377358961403 14000 -0.9924712452820771 
m400118 6000 -0.005527905595378012 7000 -0.005527905595378012 14000 -0.988944188809244 
m400119 6000 -0.009732855455039395 7000 -0.009732855455039395 14000 -0.9805342890899214 
m400120 6000 -0.0038645610697943845 7000 -0.0038645610697943845 14000 -0.9922708778604112 
m400121 6000 -0.0030044385128663235 7000 -0.0030044385128663235 14000 -0.9939911229742673 
m400122 6000 -0.0035384243981880768 7000 -0.0035384243981880768 14000 -0.9929231512036241 
m400123 6000 -0.005563225716798913 7000 -0.005563225716798913 14000 -0.988873548566402 
m400124 6000 -0.008979413501079473 7000 -0.008979413501079473 14000 -0.9820411729978409 
c **********************************
c PE+Pb, dens=4.78 g/cm3
m2      6000    -0.04286 $Carbon
        1001    -0.00714 $Hydrogen
        82000   -0.95000 $Lead
c **********************************
m3    1001 -0.048535 $Boric acid
      5010 -0.034981
      5011 -0.139923
      8016 -0.776561
c **********************************
m4    82000 1 $Lead
c **********************************
m5 26000 1 $Iron
c **********************************
m6     13027   -1.000 $ Aluminum
c **********************************
c  SS-304 (8.00 g/cm3), #298 in PNNL Compendium
m7   006000.50c -0.0004000
     014000.60c -0.0050000
     015031.50c -0.0002300
     016000.60c -0.0001500
     024000.50c -0.1899981
     025055.60c -0.0099999
     026000.50c -0.7017229
     028000.50c -0.0924991
c ****************************************
c       LaBr detector
c ****************************************
m8       35079    -0.2946       $ Br79
         35081    -0.3069       $ Br81
         57139    -0.3485       $ La139
         58140    -0.0500       $ Ce140
c ************ air den=1.15e-3g/cc
m12     8016 -0.23
        7014 -0.77
c ************ Rubber Natural den=0.92 g/cc
m13     1001 -0.118371  $weight fraction
        6000 -0.881629
c
c end material cards
c
rand seed=8674536546524321 $different initial random #; seed# - any less 18 digits
c
c ********** begin tallies *********************
fc78 *********Broadened Pulse Height Tally Sum of Detectors 1,2 & 3 ***********
e78 0 1e-5 932i 8.4295
F78:p (101)
FT78 GEB -0.026198 0.059551 -0.037176
fc18 *********Unbroadened Pulse Height Tally Sum of Detectors 1,2 & 3 ***********
e18 0 1e-5 932i 8.4295
F18:p (101)
c ***********************************
c mplot tal 78 freq 10000
nps 1e9
