c CAS DETECTOR
c w/ Shielding in Place and Wheels
c
c CELL CARDS
c
c @@@@@@@@@@ Detectors @@@@@@@@@@@@@@@@@
c
101 8 -5.08 -21 imp:n,p 1 $LaBr Detector #1 Active Region
c
c @@@@@@@@@ Shielding @@@@@@@@@@@@@@@@@
c
121 2 -4.78 -31 imp:n,p 1 $PE_Pb
122 4 -11.29 -32 imp:n,p 1 $Pb1
123 4 -11.29 -33 imp:n,p 1 $Pb2
124 4 -11.29 -34 imp:n,p 1 $Pb3
125 4 -11.29 -35 imp:n,p 1 $Pb4
126 4 -11.29 -36 imp:n,p 1 $Pb5
127 4 -11.29 -37 imp:n,p 1 $Pb6
128 3 -1.5 -38 imp:n,p 1 $BA1
129 3 -1.5 -39 imp:n,p 1 $BA2
130 6 -2.7 -40 imp:n,p 1 $Al
131 7 -7.92 301 -302 303 -304 imp:n,p 1 $Fe-tube
132 5 -7.8 -401 imp:n,p 1 $Fe
133 5 -7.8 -402 imp:n,p 1 $Fe
c @@@@@@@@@@ Wheels @@@@@@@@@@@@@@@@@
c
21 13 -0.92 -41 42 imp:n,p 1 $Wheel 1
211 13 -0.92 -421 422 imp:n,p 1 $Wheel 1
212 13 -0.92 -423 424 imp:n,p 1 $Wheel 1
22 13 -0.92 -43 44 imp:n,p 1 $Wheel 2
221 13 -0.92 -441 442 imp:n,p 1 $Wheel 2
222 13 -0.92 -443 444 imp:n,p 1 $Wheel 2
23 13 -0.92 -45 46 imp:n,p 1 $Wheel 3
231 13 -0.92 -461 462 imp:n,p 1 $Wheel 3
232 13 -0.92 -463 464 imp:n,p 1 $Wheel 3
24 13 -0.92 -47 48 imp:n,p 1 $Wheel 4
241 13 -0.92 -481 482 imp:n,p 1 $Wheel 4
242 13 -0.92 -483 484 imp:n,p 1 $Wheel 4
c
c @@@@@@@@@@ SOIL VOLUME @@@@@@@@@@@
c
300000 400000 -2.156 20010 -20011 20020 -20021 20030 -20031 imp:n,p 1
300001 400001 -2.156 20010 -20011 20020 -20021 20031 -20032 imp:n,p 1
300002 400002 -2.156 20010 -20011 20020 -20021 20032 -20033 imp:n,p 1
300003 400003 -2.156 20010 -20011 20020 -20021 20033 -20034 imp:n,p 1
300004 400004 -2.156 20010 -20011 20020 -20021 20034 -20035 imp:n,p 1
300005 400005 -2.156 20011 -20012 20020 -20021 20030 -20031 imp:n,p 1
300006 400006 -2.156 20011 -20012 20020 -20021 20031 -20032 imp:n,p 1
300007 400007 -2.156 20011 -20012 20020 -20021 20032 -20033 imp:n,p 1
300008 400008 -2.156 20011 -20012 20020 -20021 20033 -20034 imp:n,p 1
300009 400009 -2.156 20011 -20012 20020 -20021 20034 -20035 imp:n,p 1
300010 400010 -2.156 20012 -20013 20020 -20021 20030 -20031 imp:n,p 1
300011 400011 -2.156 20012 -20013 20020 -20021 20031 -20032 imp:n,p 1
300012 400012 -2.156 20012 -20013 20020 -20021 20032 -20033 imp:n,p 1
300013 400013 -2.156 20012 -20013 20020 -20021 20033 -20034 imp:n,p 1
300014 400014 -2.156 20012 -20013 20020 -20021 20034 -20035 imp:n,p 1
300015 400015 -2.156 20013 -20014 20020 -20021 20030 -20031 imp:n,p 1
300016 400016 -2.156 20013 -20014 20020 -20021 20031 -20032 imp:n,p 1
300017 400017 -2.156 20013 -20014 20020 -20021 20032 -20033 imp:n,p 1
300018 400018 -2.156 20013 -20014 20020 -20021 20033 -20034 imp:n,p 1
300019 400019 -2.156 20013 -20014 20020 -20021 20034 -20035 imp:n,p 1
300020 400020 -2.156 20014 -20015 20020 -20021 20030 -20031 imp:n,p 1
300021 400021 -2.156 20014 -20015 20020 -20021 20031 -20032 imp:n,p 1
300022 400022 -2.156 20014 -20015 20020 -20021 20032 -20033 imp:n,p 1
300023 400023 -2.156 20014 -20015 20020 -20021 20033 -20034 imp:n,p 1
300024 400024 -2.156 20014 -20015 20020 -20021 20034 -20035 imp:n,p 1
300025 400025 -2.156 20010 -20011 20021 -20022 20030 -20031 imp:n,p 1
300026 400026 -2.156 20010 -20011 20021 -20022 20031 -20032 imp:n,p 1
300027 400027 -2.156 20010 -20011 20021 -20022 20032 -20033 imp:n,p 1
300028 400028 -2.156 20010 -20011 20021 -20022 20033 -20034 imp:n,p 1
300029 400029 -2.156 20010 -20011 20021 -20022 20034 -20035 imp:n,p 1
300030 400030 -2.156 20011 -20012 20021 -20022 20030 -20031 imp:n,p 1
300031 400031 -2.156 20011 -20012 20021 -20022 20031 -20032 imp:n,p 1
300032 400032 -2.156 20011 -20012 20021 -20022 20032 -20033 imp:n,p 1
300033 400033 -2.156 20011 -20012 20021 -20022 20033 -20034 imp:n,p 1
300034 400034 -2.156 20011 -20012 20021 -20022 20034 -20035 imp:n,p 1
300035 400035 -2.156 20012 -20013 20021 -20022 20030 -20031 imp:n,p 1
300036 400036 -2.156 20012 -20013 20021 -20022 20031 -20032 imp:n,p 1
300037 400037 -2.156 20012 -20013 20021 -20022 20032 -20033 imp:n,p 1
300038 400038 -2.156 20012 -20013 20021 -20022 20033 -20034 imp:n,p 1
300039 400039 -2.156 20012 -20013 20021 -20022 20034 -20035 imp:n,p 1
300040 400040 -2.156 20013 -20014 20021 -20022 20030 -20031 imp:n,p 1
300041 400041 -2.156 20013 -20014 20021 -20022 20031 -20032 imp:n,p 1
300042 400042 -2.156 20013 -20014 20021 -20022 20032 -20033 imp:n,p 1
300043 400043 -2.156 20013 -20014 20021 -20022 20033 -20034 imp:n,p 1
300044 400044 -2.156 20013 -20014 20021 -20022 20034 -20035 imp:n,p 1
300045 400045 -2.156 20014 -20015 20021 -20022 20030 -20031 imp:n,p 1
300046 400046 -2.156 20014 -20015 20021 -20022 20031 -20032 imp:n,p 1
300047 400047 -2.156 20014 -20015 20021 -20022 20032 -20033 imp:n,p 1
300048 400048 -2.156 20014 -20015 20021 -20022 20033 -20034 imp:n,p 1
300049 400049 -2.156 20014 -20015 20021 -20022 20034 -20035 imp:n,p 1
300050 400050 -2.156 20010 -20011 20022 -20023 20030 -20031 imp:n,p 1
300051 400051 -2.156 20010 -20011 20022 -20023 20031 -20032 imp:n,p 1
300052 400052 -2.156 20010 -20011 20022 -20023 20032 -20033 imp:n,p 1
300053 400053 -2.156 20010 -20011 20022 -20023 20033 -20034 imp:n,p 1
300054 400054 -2.156 20010 -20011 20022 -20023 20034 -20035 imp:n,p 1
300055 400055 -2.156 20011 -20012 20022 -20023 20030 -20031 imp:n,p 1
300056 400056 -2.156 20011 -20012 20022 -20023 20031 -20032 imp:n,p 1
300057 400057 -2.156 20011 -20012 20022 -20023 20032 -20033 imp:n,p 1
300058 400058 -2.156 20011 -20012 20022 -20023 20033 -20034 imp:n,p 1
300059 400059 -2.156 20011 -20012 20022 -20023 20034 -20035 imp:n,p 1
300060 400060 -2.156 20012 -20013 20022 -20023 20030 -20031 imp:n,p 1
300061 400061 -2.156 20012 -20013 20022 -20023 20031 -20032 imp:n,p 1
300062 400062 -2.156 20012 -20013 20022 -20023 20032 -20033 imp:n,p 1
300063 400063 -2.156 20012 -20013 20022 -20023 20033 -20034 imp:n,p 1
300064 400064 -2.156 20012 -20013 20022 -20023 20034 -20035 imp:n,p 1
300065 400065 -2.156 20013 -20014 20022 -20023 20030 -20031 imp:n,p 1
300066 400066 -2.156 20013 -20014 20022 -20023 20031 -20032 imp:n,p 1
300067 400067 -2.156 20013 -20014 20022 -20023 20032 -20033 imp:n,p 1
300068 400068 -2.156 20013 -20014 20022 -20023 20033 -20034 imp:n,p 1
300069 400069 -2.156 20013 -20014 20022 -20023 20034 -20035 imp:n,p 1
300070 400070 -2.156 20014 -20015 20022 -20023 20030 -20031 imp:n,p 1
300071 400071 -2.156 20014 -20015 20022 -20023 20031 -20032 imp:n,p 1
300072 400072 -2.156 20014 -20015 20022 -20023 20032 -20033 imp:n,p 1
300073 400073 -2.156 20014 -20015 20022 -20023 20033 -20034 imp:n,p 1
300074 400074 -2.156 20014 -20015 20022 -20023 20034 -20035 imp:n,p 1
300075 400075 -2.156 20010 -20011 20023 -20024 20030 -20031 imp:n,p 1
300076 400076 -2.156 20010 -20011 20023 -20024 20031 -20032 imp:n,p 1
300077 400077 -2.156 20010 -20011 20023 -20024 20032 -20033 imp:n,p 1
300078 400078 -2.156 20010 -20011 20023 -20024 20033 -20034 imp:n,p 1
300079 400079 -2.156 20010 -20011 20023 -20024 20034 -20035 imp:n,p 1
300080 400080 -2.156 20011 -20012 20023 -20024 20030 -20031 imp:n,p 1
300081 400081 -2.156 20011 -20012 20023 -20024 20031 -20032 imp:n,p 1
300082 400082 -2.156 20011 -20012 20023 -20024 20032 -20033 imp:n,p 1
300083 400083 -2.156 20011 -20012 20023 -20024 20033 -20034 imp:n,p 1
300084 400084 -2.156 20011 -20012 20023 -20024 20034 -20035 imp:n,p 1
300085 400085 -2.156 20012 -20013 20023 -20024 20030 -20031 imp:n,p 1
300086 400086 -2.156 20012 -20013 20023 -20024 20031 -20032 imp:n,p 1
300087 400087 -2.156 20012 -20013 20023 -20024 20032 -20033 imp:n,p 1
300088 400088 -2.156 20012 -20013 20023 -20024 20033 -20034 imp:n,p 1
300089 400089 -2.156 20012 -20013 20023 -20024 20034 -20035 imp:n,p 1
300090 400090 -2.156 20013 -20014 20023 -20024 20030 -20031 imp:n,p 1
300091 400091 -2.156 20013 -20014 20023 -20024 20031 -20032 imp:n,p 1
300092 400092 -2.156 20013 -20014 20023 -20024 20032 -20033 imp:n,p 1
300093 400093 -2.156 20013 -20014 20023 -20024 20033 -20034 imp:n,p 1
300094 400094 -2.156 20013 -20014 20023 -20024 20034 -20035 imp:n,p 1
300095 400095 -2.156 20014 -20015 20023 -20024 20030 -20031 imp:n,p 1
300096 400096 -2.156 20014 -20015 20023 -20024 20031 -20032 imp:n,p 1
300097 400097 -2.156 20014 -20015 20023 -20024 20032 -20033 imp:n,p 1
300098 400098 -2.156 20014 -20015 20023 -20024 20033 -20034 imp:n,p 1
300099 400099 -2.156 20014 -20015 20023 -20024 20034 -20035 imp:n,p 1
300100 400100 -2.156 20010 -20011 20024 -20025 20030 -20031 imp:n,p 1
300101 400101 -2.156 20010 -20011 20024 -20025 20031 -20032 imp:n,p 1
300102 400102 -2.156 20010 -20011 20024 -20025 20032 -20033 imp:n,p 1
300103 400103 -2.156 20010 -20011 20024 -20025 20033 -20034 imp:n,p 1
300104 400104 -2.156 20010 -20011 20024 -20025 20034 -20035 imp:n,p 1
300105 400105 -2.156 20011 -20012 20024 -20025 20030 -20031 imp:n,p 1
300106 400106 -2.156 20011 -20012 20024 -20025 20031 -20032 imp:n,p 1
300107 400107 -2.156 20011 -20012 20024 -20025 20032 -20033 imp:n,p 1
300108 400108 -2.156 20011 -20012 20024 -20025 20033 -20034 imp:n,p 1
300109 400109 -2.156 20011 -20012 20024 -20025 20034 -20035 imp:n,p 1
300110 400110 -2.156 20012 -20013 20024 -20025 20030 -20031 imp:n,p 1
300111 400111 -2.156 20012 -20013 20024 -20025 20031 -20032 imp:n,p 1
300112 400112 -2.156 20012 -20013 20024 -20025 20032 -20033 imp:n,p 1
300113 400113 -2.156 20012 -20013 20024 -20025 20033 -20034 imp:n,p 1
300114 400114 -2.156 20012 -20013 20024 -20025 20034 -20035 imp:n,p 1
300115 400115 -2.156 20013 -20014 20024 -20025 20030 -20031 imp:n,p 1
300116 400116 -2.156 20013 -20014 20024 -20025 20031 -20032 imp:n,p 1
300117 400117 -2.156 20013 -20014 20024 -20025 20032 -20033 imp:n,p 1
300118 400118 -2.156 20013 -20014 20024 -20025 20033 -20034 imp:n,p 1
300119 400119 -2.156 20013 -20014 20024 -20025 20034 -20035 imp:n,p 1
300120 400120 -2.156 20014 -20015 20024 -20025 20030 -20031 imp:n,p 1
300121 400121 -2.156 20014 -20015 20024 -20025 20031 -20032 imp:n,p 1
300122 400122 -2.156 20014 -20015 20024 -20025 20032 -20033 imp:n,p 1
300123 400123 -2.156 20014 -20015 20024 -20025 20033 -20034 imp:n,p 1
300124 400124 -2.156 20014 -20015 20024 -20025 20034 -20035 imp:n,p 1
c
30 12 -0.00129 -200 #101 #121 #122 #123 #124 #125 #126 #127 #128 #129 #130 #131 #132 #133
        #21 #211 #212 #22 #221 #222 #23 #231 #232 #24 #241 #242 #20 imp:n,p 1 $Rest of the World
31 0 200 imp:n,p 0 $Outside world

c SURFACE CARDS
c
c Sample Volume
20010 px -56.0
20011 px -33.60000000000002
20012 px -11.200000000000045
20013 px 11.200000000000045
20014 px 33.60000000000002
20015 px 56.0
20020 py -45.0
20021 py -27.0
20022 py -9.0
20023 py 9.0
20024 py 27.0
20025 py 45.0
20030 pz 92.0
20031 pz 82.0
20032 pz 72.0
20033 pz 62.0
20034 pz 52.0
20035 pz 42.0
c Active Detector Region
21 rcc 56  -5.0 -1.0   0.0 20.3 0.0   4.5 $Detector 1 Base center, Hx,Hy,Hz, radius
c Shielding Surfaces
c Shielding Pb
31 rpp 19 29 -7.5 7.5 -11 9 $PbPE xmin xmax ymin ymax zmin zmax
32 rpp 9 19 4 9 -11 9 $Pb xmin xmax ymin ymax zmin zmax
33 rpp 9 19 -9 -4 -11 9 $Pb xmin xmax ymin ymax zmin zmax
34 rpp 19 29 7.5 12.5 -11 9 $Pb xmin xmax ymin ymax zmin zmax
35 rpp 19 29 -12.5 -7.5 -11 9 $Pb xmin xmax ymin ymax zmin zmax
36 rpp 29 34 -15 15 -11 9 $Pb xmin xmax ymin ymax zmin zmax
37 rpp 9 19 -4 4 4 9 $Pb xmin xmax ymin ymax zmin zmax
38 rpp -26 26 18 28 -11 9 $BA1 xmin xmax ymin ymax zmin zmax
39 rpp -26 26 -28 -18 -11 9 $BA2 xmin xmax ymin ymax zmin zmax
40 rpp -65 65 -28 28 10 10.5 $Al xmin xmax ymin ymax zmin zmax
401 rpp -27 27 29 34 -11 9 $Fe xmin xmax ymin ymax zmin zmax
402 rpp -27 27 -34 -29 -11 9 $Fe xmin xmax ymin ymax zmin zmax
301 px -20
302 px 18
303 cx 3.71
304 cx 3.81
c Wheels Surfaces
c 23/10.5-12 turf tires, 22.6 lb rubber
c diameter 29cm, tread width 25cm, and sidewall height 13.76 cm
c set thickness of all sides 1.3 cm (s.t. weight is 22.6 lb)
41 rcc -2 77 8   0.0 25 0.0 29 $wheel 1 outer tread surface
42 rcc -2 77 8   0.0 25 0.0 27.7 $wheel 1 inner tread surface
421 rcc -2 75.7 8   0.0 1.3 0.0 29 $wheel 1 outside sidewall exterior
422 rcc -2 75.7 8   0.0 1.3 0.0 15.24 $wheel 1 outside sidewall interior
423 rcc -2 102 8   0.0 1.3 0.0 29 $wheel 1 inside sidewall exterior
424 rcc -2 102 8   0.0 1.3 0.0 15.24 $wheel 1 inside sidewall interior
43 rcc 68 77 8   0.0 25 0.0 29 $wheel 2
44 rcc 68 77 8   0.0 25 0.0 27.7
441 rcc 68 75.7 8   0.0 1.3 0.0 29
442 rcc 68 75.7 8   0.0 1.3 0.0 15.24
443 rcc 68 102 8   0.0 1.3 0.0 29
444 rcc 68 102 8   0.0 1.3 0.0 15.24
45 rcc -2 -77 8   0.0 -25 0.0 29 $wheel 3
46 rcc -2 -77 8   0.0 -25 0.0 27.7
461 rcc -2 -75.7 8   0.0 -1.3 0.0 29
462 rcc -2 -75.7 8   0.0 -1.3 0.0 15.24
463 rcc -2 -102 8   0.0 -1.3 0.0 29
464 rcc -2 -102 8   0.0 -1.3 0.0 15.24
47 rcc 68 -77 8   0.0 -25 0.0 29 $wheel 4
48 rcc 68 -77 8   0.0 -25 0.0 27.7
481 rcc 68 -75.7 8   0.0 -1.3 0.0 29
482 rcc 68 -75.7 8   0.0 -1.3 0.0 15.24
483 rcc 68 -102 8   0.0 -1.3 0.0 29
484 rcc 68 -102 8   0.0 -1.3 0.0 15.24
200 so 800    $sphere of 800cm centered at origin
c

c DATA CARDS
mode n p
c dump every hr
prdmp -60 -60 -1
c 100 keV Neutron Energy Cutoff
Cut:n 1j 0.1
c analog neutron transport
phys:n 1j 14
phys:p
sdef pos=0 0 0 erg=14.0 vec= 0 0 1 dir=d1
si1  -1 .93 1
sp1   0  0.0  1.0
c ********************
c begin material cards
c ********************
c Pure Carbon
c ****************************************
m400000 6000 -0.004087304470182432 7000 -0.004087304470182432 14000 -0.991825391059635 
m400001 6000 -0.0030804338200800477 7000 -0.0030804338200800477 14000 -0.9938391323598397 
m400002 6000 -0.0037890240018160566 7000 -0.0037890240018160566 14000 -0.992421951996368 
m400003 6000 -0.00529176499805084 7000 -0.00529176499805084 14000 -0.9894164700038988 
m400004 6000 -0.009239489844302446 7000 -0.009239489844302446 14000 -0.9815210203113951 
m400005 6000 -0.0040877429580641654 7000 -0.0040877429580641654 14000 -0.9918245140838721 
m400006 6000 -0.0030900097060552532 7000 -0.0030900097060552532 14000 -0.9938199805878896 
m400007 6000 -0.0035990818960753563 7000 -0.0035990818960753563 14000 -0.9928018362078491 
m400008 6000 -0.005317389626837979 7000 -0.005317389626837979 14000 -0.9893652207463242 
m400009 6000 -0.00885738683275378 7000 -0.00885738683275378 14000 -0.9822852263344926 
m400010 6000 -0.004035652520745823 7000 -0.004035652520745823 14000 -0.9919286949585083 
m400011 6000 -0.0031408880459050954 7000 -0.0031408880459050954 14000 -0.9937182239081898 
m400012 6000 -0.003757712023110504 7000 -0.003757712023110504 14000 -0.9924845759537788 
m400013 6000 -0.005677390788230256 7000 -0.005677390788230256 14000 -0.9886452184235389 
m400014 6000 -0.009523434204876308 7000 -0.009523434204876308 14000 -0.9809531315902472 
m400015 6000 -0.003923905467190007 7000 -0.003923905467190007 14000 -0.9921521890656197 
m400016 6000 -0.003109278127108504 7000 -0.003109278127108504 14000 -0.993781443745783 
m400017 6000 -0.0037298602287439697 7000 -0.0037298602287439697 14000 -0.9925402795425119 
m400018 6000 -0.005760820061381257 7000 -0.005760820061381257 14000 -0.9884783598772375 
m400019 6000 -0.009173905602543253 7000 -0.009173905602543253 14000 -0.9816521887949134 
m400020 6000 -0.004015614983640561 7000 -0.004015614983640561 14000 -0.9919687700327188 
m400021 6000 -0.0031115615405631746 7000 -0.0031115615405631746 14000 -0.9937768769188733 
m400022 6000 -0.0036338737385411056 7000 -0.0036338737385411056 14000 -0.9927322525229179 
m400023 6000 -0.005846996159679381 7000 -0.005846996159679381 14000 -0.9883060076806411 
m400024 6000 -0.00911434305159476 7000 -0.00911434305159476 14000 -0.9817713138968105 
m400025 6000 -0.004036658150632103 7000 -0.004036658150632103 14000 -0.9919266836987357 
m400026 6000 -0.003138986907439355 7000 -0.003138986907439355 14000 -0.9937220261851213 
m400027 6000 -0.003711637247989672 7000 -0.003711637247989672 14000 -0.9925767255040208 
m400028 6000 -0.005582311905557696 7000 -0.005582311905557696 14000 -0.9888353761888844 
m400029 6000 -0.008792808537654198 7000 -0.008792808537654198 14000 -0.9824143829246915 
m400030 6000 -0.004030651651903671 7000 -0.004030651651903671 14000 -0.9919386966961927 
m400031 6000 -0.003177998549418861 7000 -0.003177998549418861 14000 -0.9936440029011622 
m400032 6000 -0.0037343111378014787 7000 -0.0037343111378014787 14000 -0.992531377724397 
m400033 6000 -0.005883809052684692 7000 -0.005883809052684692 14000 -0.9882323818946307 
m400034 6000 -0.008945936303611773 7000 -0.008945936303611773 14000 -0.9821081273927764 
m400035 6000 -0.0038772500120553915 7000 -0.0038772500120553915 14000 -0.9922454999758891 
m400036 6000 -0.003134923522403866 7000 -0.003134923522403866 14000 -0.9937301529551923 
m400037 6000 -0.00369480240269611 7000 -0.00369480240269611 14000 -0.9926103951946078 
m400038 6000 -0.005626579084480994 7000 -0.005626579084480994 14000 -0.988746841831038 
m400039 6000 -0.008684230364683222 7000 -0.008684230364683222 14000 -0.9826315392706334 
m400040 6000 -0.0040358366774462424 7000 -0.0040358366774462424 14000 -0.9919283266451073 
m400041 6000 -0.003184333343788252 7000 -0.003184333343788252 14000 -0.9936313333124239 
m400042 6000 -0.0036995781912717456 7000 -0.0036995781912717456 14000 -0.9926008436174564 
m400043 6000 -0.005834115374759782 7000 -0.005834115374759782 14000 -0.9883317692504809 
m400044 6000 -0.008006037141397079 7000 -0.008006037141397079 14000 -0.9839879257172057 
m400045 6000 -0.0037766229632696874 7000 -0.0037766229632696874 14000 -0.9924467540734605 
m400046 6000 -0.0031408773636804844 7000 -0.0031408773636804844 14000 -0.993718245272639 
m400047 6000 -0.0038719917226563926 7000 -0.0038719917226563926 14000 -0.9922560165546872 
m400048 6000 -0.005538662635977941 7000 -0.005538662635977941 14000 -0.9889226747280445 
m400049 6000 -0.008960985148567165 7000 -0.008960985148567165 14000 -0.9820780297028654 
m400050 6000 -0.003966897488660462 7000 -0.003966897488660462 14000 -0.9920662050226788 
m400051 6000 -0.003114807126960337 7000 -0.003114807126960337 14000 -0.9937703857460791 
m400052 6000 -0.003770100476426532 7000 -0.003770100476426532 14000 -0.9924597990471469 
m400053 6000 -0.005393887522041399 7000 -0.005393887522041399 14000 -0.9892122249559172 
m400054 6000 -0.008859019832194762 7000 -0.008859019832194762 14000 -0.9822819603356104 
m400055 6000 -0.004001040465174484 7000 -0.004001040465174484 14000 -0.9919979190696513 
m400056 6000 -0.0031521539494114206 7000 -0.0031521539494114206 14000 -0.9936956921011775 
m400057 6000 -0.003588717467852839 7000 -0.003588717467852839 14000 -0.9928225650642947 
m400058 6000 -0.005396807447526132 7000 -0.005396807447526132 14000 -0.9892063851049475 
m400059 6000 -0.009480311660232235 7000 -0.009480311660232235 14000 -0.9810393766795356 
m400060 6000 -0.003814581953647429 7000 -0.003814581953647429 14000 -0.992370836092705 
m400061 6000 -0.003129544142518685 7000 -0.003129544142518685 14000 -0.9937409117149625 
m400062 6000 -0.003765272604096995 7000 -0.003765272604096995 14000 -0.9924694547918063 
m400063 6000 -0.005663688669233843 7000 -0.005663688669233843 14000 -0.9886726226615324 
m400064 6000 -0.008582760766253389 7000 -0.008582760766253389 14000 -0.982834478467493 
m400065 6000 -0.00404114299181483 7000 -0.00404114299181483 14000 -0.9919177140163703 
m400066 6000 -0.0031176472975906855 7000 -0.0031176472975906855 14000 -0.9937647054048188 
m400067 6000 -0.0035923543794231967 7000 -0.0035923543794231967 14000 -0.9928152912411536 
m400068 6000 -0.005799030307083251 7000 -0.005799030307083251 14000 -0.9884019393858334 
m400069 6000 -0.009586899290170783 7000 -0.009586899290170783 14000 -0.980826201419658 
m400070 6000 -0.004024178455232681 7000 -0.004024178455232681 14000 -0.9919516430895345 
m400071 6000 -0.0030923232360820165 7000 -0.0030923232360820165 14000 -0.9938153535278359 
m400072 6000 -0.0036549099305440407 7000 -0.0036549099305440407 14000 -0.992690180138912 
m400073 6000 -0.00539844859235902 7000 -0.00539844859235902 14000 -0.9892031028152823 
m400074 6000 -0.00948304787334353 7000 -0.00948304787334353 14000 -0.9810339042533127 
m400075 6000 -0.0038983570901463135 7000 -0.0038983570901463135 14000 -0.9922032858197076 
m400076 6000 -0.0030955301492978705 7000 -0.0030955301492978705 14000 -0.9938089397014042 
m400077 6000 -0.0037307985619475354 7000 -0.0037307985619475354 14000 -0.9925384028761052 
m400078 6000 -0.0055652699646425215 7000 -0.0055652699646425215 14000 -0.9888694600707147 
m400079 6000 -0.008953880327279699 7000 -0.008953880327279699 14000 -0.9820922393454407 
m400080 6000 -0.004135824201422967 7000 -0.004135824201422967 14000 -0.991728351597154 
m400081 6000 -0.0030825336013418038 7000 -0.0030825336013418038 14000 -0.9938349327973164 
m400082 6000 -0.003880040975090404 7000 -0.003880040975090404 14000 -0.9922399180498195 
m400083 6000 -0.00554263824163024 7000 -0.00554263824163024 14000 -0.9889147235167396 
m400084 6000 -0.009140372260979784 7000 -0.009140372260979784 14000 -0.9817192554780405 
m400085 6000 -0.0036356551081776394 7000 -0.0036356551081776394 14000 -0.9927286897836447 
m400086 6000 -0.0031782981755537204 7000 -0.0031782981755537204 14000 -0.9936434036488926 
m400087 6000 -0.0036297156647081435 7000 -0.0036297156647081435 14000 -0.9927405686705838 
m400088 6000 -0.005537928378390903 7000 -0.005537928378390903 14000 -0.9889241432432186 
m400089 6000 -0.00898615349638889 7000 -0.00898615349638889 14000 -0.9820276930072221 
m400090 6000 -0.003923408439361034 7000 -0.003923408439361034 14000 -0.9921531831212778 
m400091 6000 -0.0030896147312868927 7000 -0.0030896147312868927 14000 -0.9938207705374262 
m400092 6000 -0.003836245946524561 7000 -0.003836245946524561 14000 -0.9923275081069513 
m400093 6000 -0.005657395368227977 7000 -0.005657395368227977 14000 -0.9886852092635442 
m400094 6000 -0.009350198731741265 7000 -0.009350198731741265 14000 -0.9812996025365175 
m400095 6000 -0.004149980836823643 7000 -0.004149980836823643 14000 -0.991700038326353 
m400096 6000 -0.003096669363331956 7000 -0.003096669363331956 14000 -0.9938066612733363 
m400097 6000 -0.003622766664763672 7000 -0.003622766664763672 14000 -0.9927544666704727 
m400098 6000 -0.005856212806475177 7000 -0.005856212806475177 14000 -0.9882875743870495 
m400099 6000 -0.008806449063282987 7000 -0.008806449063282987 14000 -0.9823871018734341 
m400100 6000 -0.003926139610455892 7000 -0.003926139610455892 14000 -0.9921477207790881 
m400101 6000 -0.0030790301506346627 7000 -0.0030790301506346627 14000 -0.9938419396987308 
m400102 6000 -0.0037425948907708916 7000 -0.0037425948907708916 14000 -0.9925148102184583 
m400103 6000 -0.005614126757228008 7000 -0.005614126757228008 14000 -0.9887717464855441 
m400104 6000 -0.008610984298930993 7000 -0.008610984298930993 14000 -0.9827780314021384 
m400105 6000 -0.004219747874487592 7000 -0.004219747874487592 14000 -0.9915605042510245 
m400106 6000 -0.003114872292678918 7000 -0.003114872292678918 14000 -0.993770255414642 
m400107 6000 -0.0036842913314704025 7000 -0.0036842913314704025 14000 -0.9926314173370594 
m400108 6000 -0.005787493821562596 7000 -0.005787493821562596 14000 -0.9884250123568747 
m400109 6000 -0.008418633872828903 7000 -0.008418633872828903 14000 -0.9831627322543423 
m400110 6000 -0.004175070279332982 7000 -0.004175070279332982 14000 -0.9916498594413342 
m400111 6000 -0.0031506082347326943 7000 -0.0031506082347326943 14000 -0.9936987835305346 
m400112 6000 -0.0038900935192751553 7000 -0.0038900935192751553 14000 -0.9922198129614498 
m400113 6000 -0.006009076448031256 7000 -0.006009076448031256 14000 -0.9879818471039375 
m400114 6000 -0.00960212325033464 7000 -0.00960212325033464 14000 -0.9807957534993309 
m400115 6000 -0.0038222641881060426 7000 -0.0038222641881060426 14000 -0.9923554716237879 
m400116 6000 -0.003127506693307423 7000 -0.003127506693307423 14000 -0.9937449866133854 
m400117 6000 -0.003550096923619655 7000 -0.003550096923619655 14000 -0.9928998061527605 
m400118 6000 -0.005904764106397795 7000 -0.005904764106397795 14000 -0.9881904717872044 
m400119 6000 -0.008720311849916495 7000 -0.008720311849916495 14000 -0.9825593763001669 
m400120 6000 -0.003983970071574114 7000 -0.003983970071574114 14000 -0.9920320598568518 
m400121 6000 -0.003123057595458546 7000 -0.003123057595458546 14000 -0.9937538848090827 
m400122 6000 -0.003900048605113331 7000 -0.003900048605113331 14000 -0.9921999027897738 
m400123 6000 -0.005203573507604198 7000 -0.005203573507604198 14000 -0.9895928529847915 
m400124 6000 -0.008447747803876103 7000 -0.008447747803876103 14000 -0.9831045043922478 
c **********************************
c PE+Pb, dens=4.78 g/cm3
m2      6000    -0.04286 $Carbon
        1001    -0.00714 $Hydrogen
        82000   -0.95000 $Lead
c **********************************
m3    1001 -0.048535 $Boric acid
      5010 -0.034981
      5011 -0.139923
      8016 -0.776561
c **********************************
m4    82000 1 $Lead
c **********************************
m5 26000 1 $Iron
c **********************************
m6     13027   -1.000 $ Aluminum
c **********************************
c  SS-304 (8.00 g/cm3), #298 in PNNL Compendium
m7   006000.50c -0.0004000
     014000.60c -0.0050000
     015031.50c -0.0002300
     016000.60c -0.0001500
     024000.50c -0.1899981
     025055.60c -0.0099999
     026000.50c -0.7017229
     028000.50c -0.0924991
c ****************************************
c       LaBr detector
c ****************************************
m8       35079    -0.2946       $ Br79
         35081    -0.3069       $ Br81
         57139    -0.3485       $ La139
         58140    -0.0500       $ Ce140
c ************ air den=1.15e-3g/cc
m12     8016 -0.23
        7014 -0.77
c ************ Rubber Natural den=0.92 g/cc
m13     1001 -0.118371  $weight fraction
        6000 -0.881629
c
c end material cards
c
rand seed=8674536546524321 $different initial random #; seed# - any less 18 digits
c
c ********** begin tallies *********************
fc78 *********Broadened Pulse Height Tally Sum of Detectors 1,2 & 3 ***********
e78 0 1e-5 932i 8.4295
F78:p (101)
FT78 GEB -0.026198 0.059551 -0.037176
fc18 *********Unbroadened Pulse Height Tally Sum of Detectors 1,2 & 3 ***********
e18 0 1e-5 932i 8.4295
F18:p (101)
c ***********************************
c mplot tal 78 freq 10000
nps 1e9
