c CAS DETECTOR
c w/ Shielding in Place and Wheels
c
c CELL CARDS
c
c @@@@@@@@@@ Detectors @@@@@@@@@@@@@@@@@
c
101 8 -5.08 -21 imp:n,p 1 $LaBr Detector #1 Active Region
c
c @@@@@@@@@ Shielding @@@@@@@@@@@@@@@@@
c
121 2 -4.78 -31 imp:n,p 1 $PE_Pb
122 4 -11.29 -32 imp:n,p 1 $Pb1
123 4 -11.29 -33 imp:n,p 1 $Pb2
124 4 -11.29 -34 imp:n,p 1 $Pb3
125 4 -11.29 -35 imp:n,p 1 $Pb4
126 4 -11.29 -36 imp:n,p 1 $Pb5
127 4 -11.29 -37 imp:n,p 1 $Pb6
128 3 -1.5 -38 imp:n,p 1 $BA1
129 3 -1.5 -39 imp:n,p 1 $BA2
130 6 -2.7 -40 imp:n,p 1 $Al
131 7 -7.92 301 -302 303 -304 imp:n,p 1 $Fe-tube
132 5 -7.8 -401 imp:n,p 1 $Fe
133 5 -7.8 -402 imp:n,p 1 $Fe
c @@@@@@@@@@ Wheels @@@@@@@@@@@@@@@@@
c
21 13 -0.92 -41 42 imp:n,p 1 $Wheel 1
211 13 -0.92 -421 422 imp:n,p 1 $Wheel 1
212 13 -0.92 -423 424 imp:n,p 1 $Wheel 1
22 13 -0.92 -43 44 imp:n,p 1 $Wheel 2
221 13 -0.92 -441 442 imp:n,p 1 $Wheel 2
222 13 -0.92 -443 444 imp:n,p 1 $Wheel 2
23 13 -0.92 -45 46 imp:n,p 1 $Wheel 3
231 13 -0.92 -461 462 imp:n,p 1 $Wheel 3
232 13 -0.92 -463 464 imp:n,p 1 $Wheel 3
24 13 -0.92 -47 48 imp:n,p 1 $Wheel 4
241 13 -0.92 -481 482 imp:n,p 1 $Wheel 4
242 13 -0.92 -483 484 imp:n,p 1 $Wheel 4
c
c @@@@@@@@@@ SOIL VOLUME @@@@@@@@@@@
c
300000 400000 -2.156 20010 -20011 20020 -20021 20030 -20031 imp:n,p 1
300001 400001 -2.156 20010 -20011 20020 -20021 20031 -20032 imp:n,p 1
300002 400002 -2.156 20010 -20011 20020 -20021 20032 -20033 imp:n,p 1
300003 400003 -2.156 20010 -20011 20020 -20021 20033 -20034 imp:n,p 1
300004 400004 -2.156 20010 -20011 20020 -20021 20034 -20035 imp:n,p 1
300005 400005 -2.156 20011 -20012 20020 -20021 20030 -20031 imp:n,p 1
300006 400006 -2.156 20011 -20012 20020 -20021 20031 -20032 imp:n,p 1
300007 400007 -2.156 20011 -20012 20020 -20021 20032 -20033 imp:n,p 1
300008 400008 -2.156 20011 -20012 20020 -20021 20033 -20034 imp:n,p 1
300009 400009 -2.156 20011 -20012 20020 -20021 20034 -20035 imp:n,p 1
300010 400010 -2.156 20012 -20013 20020 -20021 20030 -20031 imp:n,p 1
300011 400011 -2.156 20012 -20013 20020 -20021 20031 -20032 imp:n,p 1
300012 400012 -2.156 20012 -20013 20020 -20021 20032 -20033 imp:n,p 1
300013 400013 -2.156 20012 -20013 20020 -20021 20033 -20034 imp:n,p 1
300014 400014 -2.156 20012 -20013 20020 -20021 20034 -20035 imp:n,p 1
300015 400015 -2.156 20013 -20014 20020 -20021 20030 -20031 imp:n,p 1
300016 400016 -2.156 20013 -20014 20020 -20021 20031 -20032 imp:n,p 1
300017 400017 -2.156 20013 -20014 20020 -20021 20032 -20033 imp:n,p 1
300018 400018 -2.156 20013 -20014 20020 -20021 20033 -20034 imp:n,p 1
300019 400019 -2.156 20013 -20014 20020 -20021 20034 -20035 imp:n,p 1
300020 400020 -2.156 20014 -20015 20020 -20021 20030 -20031 imp:n,p 1
300021 400021 -2.156 20014 -20015 20020 -20021 20031 -20032 imp:n,p 1
300022 400022 -2.156 20014 -20015 20020 -20021 20032 -20033 imp:n,p 1
300023 400023 -2.156 20014 -20015 20020 -20021 20033 -20034 imp:n,p 1
300024 400024 -2.156 20014 -20015 20020 -20021 20034 -20035 imp:n,p 1
300025 400025 -2.156 20010 -20011 20021 -20022 20030 -20031 imp:n,p 1
300026 400026 -2.156 20010 -20011 20021 -20022 20031 -20032 imp:n,p 1
300027 400027 -2.156 20010 -20011 20021 -20022 20032 -20033 imp:n,p 1
300028 400028 -2.156 20010 -20011 20021 -20022 20033 -20034 imp:n,p 1
300029 400029 -2.156 20010 -20011 20021 -20022 20034 -20035 imp:n,p 1
300030 400030 -2.156 20011 -20012 20021 -20022 20030 -20031 imp:n,p 1
300031 400031 -2.156 20011 -20012 20021 -20022 20031 -20032 imp:n,p 1
300032 400032 -2.156 20011 -20012 20021 -20022 20032 -20033 imp:n,p 1
300033 400033 -2.156 20011 -20012 20021 -20022 20033 -20034 imp:n,p 1
300034 400034 -2.156 20011 -20012 20021 -20022 20034 -20035 imp:n,p 1
300035 400035 -2.156 20012 -20013 20021 -20022 20030 -20031 imp:n,p 1
300036 400036 -2.156 20012 -20013 20021 -20022 20031 -20032 imp:n,p 1
300037 400037 -2.156 20012 -20013 20021 -20022 20032 -20033 imp:n,p 1
300038 400038 -2.156 20012 -20013 20021 -20022 20033 -20034 imp:n,p 1
300039 400039 -2.156 20012 -20013 20021 -20022 20034 -20035 imp:n,p 1
300040 400040 -2.156 20013 -20014 20021 -20022 20030 -20031 imp:n,p 1
300041 400041 -2.156 20013 -20014 20021 -20022 20031 -20032 imp:n,p 1
300042 400042 -2.156 20013 -20014 20021 -20022 20032 -20033 imp:n,p 1
300043 400043 -2.156 20013 -20014 20021 -20022 20033 -20034 imp:n,p 1
300044 400044 -2.156 20013 -20014 20021 -20022 20034 -20035 imp:n,p 1
300045 400045 -2.156 20014 -20015 20021 -20022 20030 -20031 imp:n,p 1
300046 400046 -2.156 20014 -20015 20021 -20022 20031 -20032 imp:n,p 1
300047 400047 -2.156 20014 -20015 20021 -20022 20032 -20033 imp:n,p 1
300048 400048 -2.156 20014 -20015 20021 -20022 20033 -20034 imp:n,p 1
300049 400049 -2.156 20014 -20015 20021 -20022 20034 -20035 imp:n,p 1
300050 400050 -2.156 20010 -20011 20022 -20023 20030 -20031 imp:n,p 1
300051 400051 -2.156 20010 -20011 20022 -20023 20031 -20032 imp:n,p 1
300052 400052 -2.156 20010 -20011 20022 -20023 20032 -20033 imp:n,p 1
300053 400053 -2.156 20010 -20011 20022 -20023 20033 -20034 imp:n,p 1
300054 400054 -2.156 20010 -20011 20022 -20023 20034 -20035 imp:n,p 1
300055 400055 -2.156 20011 -20012 20022 -20023 20030 -20031 imp:n,p 1
300056 400056 -2.156 20011 -20012 20022 -20023 20031 -20032 imp:n,p 1
300057 400057 -2.156 20011 -20012 20022 -20023 20032 -20033 imp:n,p 1
300058 400058 -2.156 20011 -20012 20022 -20023 20033 -20034 imp:n,p 1
300059 400059 -2.156 20011 -20012 20022 -20023 20034 -20035 imp:n,p 1
300060 400060 -2.156 20012 -20013 20022 -20023 20030 -20031 imp:n,p 1
300061 400061 -2.156 20012 -20013 20022 -20023 20031 -20032 imp:n,p 1
300062 400062 -2.156 20012 -20013 20022 -20023 20032 -20033 imp:n,p 1
300063 400063 -2.156 20012 -20013 20022 -20023 20033 -20034 imp:n,p 1
300064 400064 -2.156 20012 -20013 20022 -20023 20034 -20035 imp:n,p 1
300065 400065 -2.156 20013 -20014 20022 -20023 20030 -20031 imp:n,p 1
300066 400066 -2.156 20013 -20014 20022 -20023 20031 -20032 imp:n,p 1
300067 400067 -2.156 20013 -20014 20022 -20023 20032 -20033 imp:n,p 1
300068 400068 -2.156 20013 -20014 20022 -20023 20033 -20034 imp:n,p 1
300069 400069 -2.156 20013 -20014 20022 -20023 20034 -20035 imp:n,p 1
300070 400070 -2.156 20014 -20015 20022 -20023 20030 -20031 imp:n,p 1
300071 400071 -2.156 20014 -20015 20022 -20023 20031 -20032 imp:n,p 1
300072 400072 -2.156 20014 -20015 20022 -20023 20032 -20033 imp:n,p 1
300073 400073 -2.156 20014 -20015 20022 -20023 20033 -20034 imp:n,p 1
300074 400074 -2.156 20014 -20015 20022 -20023 20034 -20035 imp:n,p 1
300075 400075 -2.156 20010 -20011 20023 -20024 20030 -20031 imp:n,p 1
300076 400076 -2.156 20010 -20011 20023 -20024 20031 -20032 imp:n,p 1
300077 400077 -2.156 20010 -20011 20023 -20024 20032 -20033 imp:n,p 1
300078 400078 -2.156 20010 -20011 20023 -20024 20033 -20034 imp:n,p 1
300079 400079 -2.156 20010 -20011 20023 -20024 20034 -20035 imp:n,p 1
300080 400080 -2.156 20011 -20012 20023 -20024 20030 -20031 imp:n,p 1
300081 400081 -2.156 20011 -20012 20023 -20024 20031 -20032 imp:n,p 1
300082 400082 -2.156 20011 -20012 20023 -20024 20032 -20033 imp:n,p 1
300083 400083 -2.156 20011 -20012 20023 -20024 20033 -20034 imp:n,p 1
300084 400084 -2.156 20011 -20012 20023 -20024 20034 -20035 imp:n,p 1
300085 400085 -2.156 20012 -20013 20023 -20024 20030 -20031 imp:n,p 1
300086 400086 -2.156 20012 -20013 20023 -20024 20031 -20032 imp:n,p 1
300087 400087 -2.156 20012 -20013 20023 -20024 20032 -20033 imp:n,p 1
300088 400088 -2.156 20012 -20013 20023 -20024 20033 -20034 imp:n,p 1
300089 400089 -2.156 20012 -20013 20023 -20024 20034 -20035 imp:n,p 1
300090 400090 -2.156 20013 -20014 20023 -20024 20030 -20031 imp:n,p 1
300091 400091 -2.156 20013 -20014 20023 -20024 20031 -20032 imp:n,p 1
300092 400092 -2.156 20013 -20014 20023 -20024 20032 -20033 imp:n,p 1
300093 400093 -2.156 20013 -20014 20023 -20024 20033 -20034 imp:n,p 1
300094 400094 -2.156 20013 -20014 20023 -20024 20034 -20035 imp:n,p 1
300095 400095 -2.156 20014 -20015 20023 -20024 20030 -20031 imp:n,p 1
300096 400096 -2.156 20014 -20015 20023 -20024 20031 -20032 imp:n,p 1
300097 400097 -2.156 20014 -20015 20023 -20024 20032 -20033 imp:n,p 1
300098 400098 -2.156 20014 -20015 20023 -20024 20033 -20034 imp:n,p 1
300099 400099 -2.156 20014 -20015 20023 -20024 20034 -20035 imp:n,p 1
300100 400100 -2.156 20010 -20011 20024 -20025 20030 -20031 imp:n,p 1
300101 400101 -2.156 20010 -20011 20024 -20025 20031 -20032 imp:n,p 1
300102 400102 -2.156 20010 -20011 20024 -20025 20032 -20033 imp:n,p 1
300103 400103 -2.156 20010 -20011 20024 -20025 20033 -20034 imp:n,p 1
300104 400104 -2.156 20010 -20011 20024 -20025 20034 -20035 imp:n,p 1
300105 400105 -2.156 20011 -20012 20024 -20025 20030 -20031 imp:n,p 1
300106 400106 -2.156 20011 -20012 20024 -20025 20031 -20032 imp:n,p 1
300107 400107 -2.156 20011 -20012 20024 -20025 20032 -20033 imp:n,p 1
300108 400108 -2.156 20011 -20012 20024 -20025 20033 -20034 imp:n,p 1
300109 400109 -2.156 20011 -20012 20024 -20025 20034 -20035 imp:n,p 1
300110 400110 -2.156 20012 -20013 20024 -20025 20030 -20031 imp:n,p 1
300111 400111 -2.156 20012 -20013 20024 -20025 20031 -20032 imp:n,p 1
300112 400112 -2.156 20012 -20013 20024 -20025 20032 -20033 imp:n,p 1
300113 400113 -2.156 20012 -20013 20024 -20025 20033 -20034 imp:n,p 1
300114 400114 -2.156 20012 -20013 20024 -20025 20034 -20035 imp:n,p 1
300115 400115 -2.156 20013 -20014 20024 -20025 20030 -20031 imp:n,p 1
300116 400116 -2.156 20013 -20014 20024 -20025 20031 -20032 imp:n,p 1
300117 400117 -2.156 20013 -20014 20024 -20025 20032 -20033 imp:n,p 1
300118 400118 -2.156 20013 -20014 20024 -20025 20033 -20034 imp:n,p 1
300119 400119 -2.156 20013 -20014 20024 -20025 20034 -20035 imp:n,p 1
300120 400120 -2.156 20014 -20015 20024 -20025 20030 -20031 imp:n,p 1
300121 400121 -2.156 20014 -20015 20024 -20025 20031 -20032 imp:n,p 1
300122 400122 -2.156 20014 -20015 20024 -20025 20032 -20033 imp:n,p 1
300123 400123 -2.156 20014 -20015 20024 -20025 20033 -20034 imp:n,p 1
300124 400124 -2.156 20014 -20015 20024 -20025 20034 -20035 imp:n,p 1
c
30 12 -0.00129 -200 #101 #121 #122 #123 #124 #125 #126 #127 #128 #129 #130 #131 #132 #133
        #21 #211 #212 #22 #221 #222 #23 #231 #232 #24 #241 #242 #20 imp:n,p 1 $Rest of the World
31 0 200 imp:n,p 0 $Outside world

c SURFACE CARDS
c
c Sample Volume
20010 px -56.0
20011 px -33.600000000000364
20012 px -11.200000000000728
20013 px 11.200000000000728
20014 px 33.600000000000364
20015 px 56.0
20020 py -45.0
20021 py -27.0
20022 py -9.0
20023 py 9.0
20024 py 27.0
20025 py 45.0
20030 pz 92.0
20031 pz 82.0
20032 pz 72.0
20033 pz 62.0
20034 pz 52.0
20035 pz 42.0
c Active Detector Region
21 rcc 56  -5.0 -1.0   0.0 20.3 0.0   4.5 $Detector 1 Base center, Hx,Hy,Hz, radius
c Shielding Surfaces
c Shielding Pb
31 rpp 19 29 -7.5 7.5 -11 9 $PbPE xmin xmax ymin ymax zmin zmax
32 rpp 9 19 4 9 -11 9 $Pb xmin xmax ymin ymax zmin zmax
33 rpp 9 19 -9 -4 -11 9 $Pb xmin xmax ymin ymax zmin zmax
34 rpp 19 29 7.5 12.5 -11 9 $Pb xmin xmax ymin ymax zmin zmax
35 rpp 19 29 -12.5 -7.5 -11 9 $Pb xmin xmax ymin ymax zmin zmax
36 rpp 29 34 -15 15 -11 9 $Pb xmin xmax ymin ymax zmin zmax
37 rpp 9 19 -4 4 4 9 $Pb xmin xmax ymin ymax zmin zmax
38 rpp -26 26 18 28 -11 9 $BA1 xmin xmax ymin ymax zmin zmax
39 rpp -26 26 -28 -18 -11 9 $BA2 xmin xmax ymin ymax zmin zmax
40 rpp -65 65 -28 28 10 10.5 $Al xmin xmax ymin ymax zmin zmax
401 rpp -27 27 29 34 -11 9 $Fe xmin xmax ymin ymax zmin zmax
402 rpp -27 27 -34 -29 -11 9 $Fe xmin xmax ymin ymax zmin zmax
301 px -20
302 px 18
303 cx 3.71
304 cx 3.81
c Wheels Surfaces
c 23/10.5-12 turf tires, 22.6 lb rubber
c diameter 29cm, tread width 25cm, and sidewall height 13.76 cm
c set thickness of all sides 1.3 cm (s.t. weight is 22.6 lb)
41 rcc -2 77 8   0.0 25 0.0 29 $wheel 1 outer tread surface
42 rcc -2 77 8   0.0 25 0.0 27.7 $wheel 1 inner tread surface
421 rcc -2 75.7 8   0.0 1.3 0.0 29 $wheel 1 outside sidewall exterior
422 rcc -2 75.7 8   0.0 1.3 0.0 15.24 $wheel 1 outside sidewall interior
423 rcc -2 102 8   0.0 1.3 0.0 29 $wheel 1 inside sidewall exterior
424 rcc -2 102 8   0.0 1.3 0.0 15.24 $wheel 1 inside sidewall interior
43 rcc 68 77 8   0.0 25 0.0 29 $wheel 2
44 rcc 68 77 8   0.0 25 0.0 27.7
441 rcc 68 75.7 8   0.0 1.3 0.0 29
442 rcc 68 75.7 8   0.0 1.3 0.0 15.24
443 rcc 68 102 8   0.0 1.3 0.0 29
444 rcc 68 102 8   0.0 1.3 0.0 15.24
45 rcc -2 -77 8   0.0 -25 0.0 29 $wheel 3
46 rcc -2 -77 8   0.0 -25 0.0 27.7
461 rcc -2 -75.7 8   0.0 -1.3 0.0 29
462 rcc -2 -75.7 8   0.0 -1.3 0.0 15.24
463 rcc -2 -102 8   0.0 -1.3 0.0 29
464 rcc -2 -102 8   0.0 -1.3 0.0 15.24
47 rcc 68 -77 8   0.0 -25 0.0 29 $wheel 4
48 rcc 68 -77 8   0.0 -25 0.0 27.7
481 rcc 68 -75.7 8   0.0 -1.3 0.0 29
482 rcc 68 -75.7 8   0.0 -1.3 0.0 15.24
483 rcc 68 -102 8   0.0 -1.3 0.0 29
484 rcc 68 -102 8   0.0 -1.3 0.0 15.24
200 so 800    $sphere of 800cm centered at origin
c

c DATA CARDS
mode n p
c dump every hr
prdmp -60 -60 -1
c 100 keV Neutron Energy Cutoff
Cut:n 1j 0.1
c analog neutron transport
phys:n 1j 14
phys:p
sdef pos=0 0 0 erg=14.0 vec= 0 0 1 dir=d1
si1  -1 .93 1
sp1   0  0.0  1.0
c ********************
c begin material cards
c ********************
c Pure Carbon
c ****************************************
m400000 6000 -0.004081852091970245 7000 -0.004081852091970245 14000 -0.9918362958160594 
m400001 6000 -0.0032094075684401292 7000 -0.0032094075684401292 14000 -0.99358118486312 
m400002 6000 -0.003650189361294637 7000 -0.003650189361294637 14000 -0.9926996212774111 
m400003 6000 -0.00565596305047952 7000 -0.00565596305047952 14000 -0.988688073899041 
m400004 6000 -0.008724468146968494 7000 -0.008724468146968494 14000 -0.982551063706063 
m400005 6000 -0.004074855633767814 7000 -0.004074855633767814 14000 -0.9918502887324646 
m400006 6000 -0.0031408901236189717 7000 -0.0031408901236189717 14000 -0.9937182197527621 
m400007 6000 -0.003901236029116964 7000 -0.003901236029116964 14000 -0.9921975279417663 
m400008 6000 -0.005652238849371715 7000 -0.005652238849371715 14000 -0.9886955223012567 
m400009 6000 -0.008414635756362815 7000 -0.008414635756362815 14000 -0.9831707284872745 
m400010 6000 -0.0038754254245005897 7000 -0.0038754254245005897 14000 -0.992249149150999 
m400011 6000 -0.0031881756442122934 7000 -0.0031881756442122934 14000 -0.9936236487115753 
m400012 6000 -0.0037542148016916498 7000 -0.0037542148016916498 14000 -0.9924915703966167 
m400013 6000 -0.005918818634915961 7000 -0.005918818634915961 14000 -0.988162362730168 
m400014 6000 -0.009642245480235838 7000 -0.009642245480235838 14000 -0.9807155090395281 
m400015 6000 -0.004011670100450433 7000 -0.004011670100450433 14000 -0.991976659799099 
m400016 6000 -0.003111394383768219 7000 -0.003111394383768219 14000 -0.9937772112324634 
m400017 6000 -0.003716000437132345 7000 -0.003716000437132345 14000 -0.9925679991257356 
m400018 6000 -0.0057291275970338075 7000 -0.0057291275970338075 14000 -0.9885417448059326 
m400019 6000 -0.009784577301743133 7000 -0.009784577301743133 14000 -0.9804308453965137 
m400020 6000 -0.003902692833988348 7000 -0.003902692833988348 14000 -0.9921946143320235 
m400021 6000 -0.0032193444993759497 7000 -0.0032193444993759497 14000 -0.9935613110012481 
m400022 6000 -0.003803450765433342 7000 -0.003803450765433342 14000 -0.9923930984691335 
m400023 6000 -0.0056182536640541625 7000 -0.0056182536640541625 14000 -0.9887634926718917 
m400024 6000 -0.009170085480917176 7000 -0.009170085480917176 14000 -0.9816598290381654 
m400025 6000 -0.0040751472825983496 7000 -0.0040751472825983496 14000 -0.9918497054348032 
m400026 6000 -0.0031631684482033035 7000 -0.0031631684482033035 14000 -0.9936736631035928 
m400027 6000 -0.0037344750225489186 7000 -0.0037344750225489186 14000 -0.9925310499549022 
m400028 6000 -0.005860571600217183 7000 -0.005860571600217183 14000 -0.9882788567995658 
m400029 6000 -0.009416957480040443 7000 -0.009416957480040443 14000 -0.981166085039919 
m400030 6000 -0.003954874164301981 7000 -0.003954874164301981 14000 -0.9920902516713958 
m400031 6000 -0.003142940143536318 7000 -0.003142940143536318 14000 -0.9937141197129276 
m400032 6000 -0.0037605980757039236 7000 -0.0037605980757039236 14000 -0.992478803848592 
m400033 6000 -0.0058114743372894824 7000 -0.0058114743372894824 14000 -0.9883770513254211 
m400034 6000 -0.00915082956400017 7000 -0.00915082956400017 14000 -0.9816983408719999 
m400035 6000 -0.004113845609569686 7000 -0.004113845609569686 14000 -0.9917723087808605 
m400036 6000 -0.0031615515565226256 7000 -0.0031615515565226256 14000 -0.9936768968869548 
m400037 6000 -0.0037325775303034712 7000 -0.0037325775303034712 14000 -0.9925348449393933 
m400038 6000 -0.0057224048937777085 7000 -0.0057224048937777085 14000 -0.9885551902124448 
m400039 6000 -0.008793493613091456 7000 -0.008793493613091456 14000 -0.9824130127738173 
m400040 6000 -0.003857638947402398 7000 -0.003857638947402398 14000 -0.9922847221051951 
m400041 6000 -0.00320636605126213 7000 -0.00320636605126213 14000 -0.9935872678974751 
m400042 6000 -0.0037688658436636517 7000 -0.0037688658436636517 14000 -0.9924622683126728 
m400043 6000 -0.005592497691341921 7000 -0.005592497691341921 14000 -0.9888150046173162 
m400044 6000 -0.00874007511778178 7000 -0.00874007511778178 14000 -0.9825198497644364 
m400045 6000 -0.004001065165352489 7000 -0.004001065165352489 14000 -0.9919978696692949 
m400046 6000 -0.0031725341532302864 7000 -0.0031725341532302864 14000 -0.9936549316935391 
m400047 6000 -0.003702427984002592 7000 -0.003702427984002592 14000 -0.9925951440319952 
m400048 6000 -0.0060606228669693495 7000 -0.0060606228669693495 14000 -0.9878787542660612 
m400049 6000 -0.00904508046777227 7000 -0.00904508046777227 14000 -0.9819098390644555 
m400050 6000 -0.003955082450699883 7000 -0.003955082450699883 14000 -0.9920898350986004 
m400051 6000 -0.0030997515912307857 7000 -0.0030997515912307857 14000 -0.9938004968175385 
m400052 6000 -0.0036301965347665215 7000 -0.0036301965347665215 14000 -0.9927396069304666 
m400053 6000 -0.005761892619656126 7000 -0.005761892619656126 14000 -0.9884762147606875 
m400054 6000 -0.008419365762161967 7000 -0.008419365762161967 14000 -0.9831612684756759 
m400055 6000 -0.004158107191997346 7000 -0.004158107191997346 14000 -0.9916837856160057 
m400056 6000 -0.0032259096198313064 7000 -0.0032259096198313064 14000 -0.9935481807603378 
m400057 6000 -0.0037126330158929037 7000 -0.0037126330158929037 14000 -0.9925747339682144 
m400058 6000 -0.005570498936835965 7000 -0.005570498936835965 14000 -0.9888590021263279 
m400059 6000 -0.00908343745449283 7000 -0.00908343745449283 14000 -0.9818331250910145 
m400060 6000 -0.003984227323512829 7000 -0.003984227323512829 14000 -0.992031545352974 
m400061 6000 -0.0031392083330183153 7000 -0.0031392083330183153 14000 -0.9937215833339635 
m400062 6000 -0.003838714329148365 7000 -0.003838714329148365 14000 -0.9923225713417035 
m400063 6000 -0.005315335346454024 7000 -0.005315335346454024 14000 -0.9893693293070921 
m400064 6000 -0.009416611453643153 7000 -0.009416611453643153 14000 -0.9811667770927137 
m400065 6000 -0.004043176672253549 7000 -0.004043176672253549 14000 -0.9919136466554928 
m400066 6000 -0.0031480486318371044 7000 -0.0031480486318371044 14000 -0.9937039027363258 
m400067 6000 -0.003544966967561887 7000 -0.003544966967561887 14000 -0.9929100660648765 
m400068 6000 -0.005580188833217247 7000 -0.005580188833217247 14000 -0.9888396223335654 
m400069 6000 -0.009396309910393032 7000 -0.009396309910393032 14000 -0.9812073801792139 
m400070 6000 -0.004157494848123542 7000 -0.004157494848123542 14000 -0.9916850103037528 
m400071 6000 -0.0031455469300786672 7000 -0.0031455469300786672 14000 -0.9937089061398424 
m400072 6000 -0.0036325705689110085 7000 -0.0036325705689110085 14000 -0.9927348588621778 
m400073 6000 -0.005299275109875664 7000 -0.005299275109875664 14000 -0.9894014497802486 
m400074 6000 -0.008671158499315303 7000 -0.008671158499315303 14000 -0.9826576830013696 
m400075 6000 -0.0041541906678875685 7000 -0.0041541906678875685 14000 -0.9916916186642248 
m400076 6000 -0.0031859890247046413 7000 -0.0031859890247046413 14000 -0.9936280219505909 
m400077 6000 -0.0035866721121879746 7000 -0.0035866721121879746 14000 -0.992826655775624 
m400078 6000 -0.005285305370707959 7000 -0.005285305370707959 14000 -0.9894293892585838 
m400079 6000 -0.00868439142289643 7000 -0.00868439142289643 14000 -0.9826312171542074 
m400080 6000 -0.003979179164248322 7000 -0.003979179164248322 14000 -0.9920416416715032 
m400081 6000 -0.0031628026799732888 7000 -0.0031628026799732888 14000 -0.9936743946400536 
m400082 6000 -0.0037067775889132537 7000 -0.0037067775889132537 14000 -0.9925864448221735 
m400083 6000 -0.005840241801716557 7000 -0.005840241801716557 14000 -0.9883195163965669 
m400084 6000 -0.00879716568255245 7000 -0.00879716568255245 14000 -0.9824056686348951 
m400085 6000 -0.004238300573391084 7000 -0.004238300573391084 14000 -0.9915233988532178 
m400086 6000 -0.003179385086044591 7000 -0.003179385086044591 14000 -0.9936412298279109 
m400087 6000 -0.003928804385042243 7000 -0.003928804385042243 14000 -0.9921423912299155 
m400088 6000 -0.005733938513934071 7000 -0.005733938513934071 14000 -0.9885321229721319 
m400089 6000 -0.00950638501642713 7000 -0.00950638501642713 14000 -0.9809872299671457 
m400090 6000 -0.004011754688199868 7000 -0.004011754688199868 14000 -0.9919764906236003 
m400091 6000 -0.0031685730739631074 7000 -0.0031685730739631074 14000 -0.9936628538520735 
m400092 6000 -0.003707054274383352 7000 -0.003707054274383352 14000 -0.9925858914512331 
m400093 6000 -0.005751467397051964 7000 -0.005751467397051964 14000 -0.9884970652058962 
m400094 6000 -0.00929136115878336 7000 -0.00929136115878336 14000 -0.9814172776824335 
m400095 6000 -0.004000450400013943 7000 -0.004000450400013943 14000 -0.9919990991999724 
m400096 6000 -0.0031364258000440865 7000 -0.0031364258000440865 14000 -0.9937271483999116 
m400097 6000 -0.0034206256495577982 7000 -0.0034206256495577982 14000 -0.9931587487008838 
m400098 6000 -0.005718107477632489 7000 -0.005718107477632489 14000 -0.988563785044735 
m400099 6000 -0.008702308730285789 7000 -0.008702308730285789 14000 -0.9825953825394282 
m400100 6000 -0.0041133721796942704 7000 -0.0041133721796942704 14000 -0.9917732556406113 
m400101 6000 -0.003120074263525172 7000 -0.003120074263525172 14000 -0.9937598514729493 
m400102 6000 -0.0037336853951911884 7000 -0.0037336853951911884 14000 -0.9925326292096177 
m400103 6000 -0.005756582499176717 7000 -0.005756582499176717 14000 -0.9884868350016464 
m400104 6000 -0.008973863216821169 7000 -0.008973863216821169 14000 -0.9820522735663573 
m400105 6000 -0.004039262568347533 7000 -0.004039262568347533 14000 -0.9919214748633048 
m400106 6000 -0.003147461962591311 7000 -0.003147461962591311 14000 -0.9937050760748172 
m400107 6000 -0.003907569404360322 7000 -0.003907569404360322 14000 -0.9921848611912794 
m400108 6000 -0.005612437909566139 7000 -0.005612437909566139 14000 -0.9887751241808678 
m400109 6000 -0.009378331161458009 7000 -0.009378331161458009 14000 -0.9812433376770839 
m400110 6000 -0.004038314547838539 7000 -0.004038314547838539 14000 -0.9919233709043229 
m400111 6000 -0.0031544761108420437 7000 -0.0031544761108420437 14000 -0.9936910477783155 
m400112 6000 -0.003805002518525593 7000 -0.003805002518525593 14000 -0.9923899949629488 
m400113 6000 -0.005990602233636811 7000 -0.005990602233636811 14000 -0.988018795532726 
m400114 6000 -0.008663724656757637 7000 -0.008663724656757637 14000 -0.9826725506864844 
m400115 6000 -0.004079192418581822 7000 -0.004079192418581822 14000 -0.9918416151628365 
m400116 6000 -0.0032116344440722357 7000 -0.0032116344440722357 14000 -0.9935767311118557 
m400117 6000 -0.0037833114115176864 7000 -0.0037833114115176864 14000 -0.9924333771769649 
m400118 6000 -0.005545475738599873 7000 -0.005545475738599873 14000 -0.9889090485228006 
m400119 6000 -0.009130709259581728 7000 -0.009130709259581728 14000 -0.9817385814808367 
m400120 6000 -0.0040630064548603005 7000 -0.0040630064548603005 14000 -0.9918739870902792 
m400121 6000 -0.0031296430294643564 7000 -0.0031296430294643564 14000 -0.9937407139410717 
m400122 6000 -0.0037358183987362794 7000 -0.0037358183987362794 14000 -0.9925283632025274 
m400123 6000 -0.0055701034397748735 7000 -0.0055701034397748735 14000 -0.9888597931204501 
m400124 6000 -0.009323176691942436 7000 -0.009323176691942436 14000 -0.9813536466161153 
c **********************************
c PE+Pb, dens=4.78 g/cm3
m2      6000    -0.04286 $Carbon
        1001    -0.00714 $Hydrogen
        82000   -0.95000 $Lead
c **********************************
m3    1001 -0.048535 $Boric acid
      5010 -0.034981
      5011 -0.139923
      8016 -0.776561
c **********************************
m4    82000 1 $Lead
c **********************************
m5 26000 1 $Iron
c **********************************
m6     13027   -1.000 $ Aluminum
c **********************************
c  SS-304 (8.00 g/cm3), #298 in PNNL Compendium
m7   006000.50c -0.0004000
     014000.60c -0.0050000
     015031.50c -0.0002300
     016000.60c -0.0001500
     024000.50c -0.1899981
     025055.60c -0.0099999
     026000.50c -0.7017229
     028000.50c -0.0924991
c ****************************************
c       LaBr detector
c ****************************************
m8       35079    -0.2946       $ Br79
         35081    -0.3069       $ Br81
         57139    -0.3485       $ La139
         58140    -0.0500       $ Ce140
c ************ air den=1.15e-3g/cc
m12     8016 -0.23
        7014 -0.77
c ************ Rubber Natural den=0.92 g/cc
m13     1001 -0.118371  $weight fraction
        6000 -0.881629
c
c end material cards
c
rand seed=8674536546524321 $different initial random #; seed# - any less 18 digits
c
c ********** begin tallies *********************
fc78 *********Broadened Pulse Height Tally Sum of Detectors 1,2 & 3 ***********
e78 0 1e-5 932i 8.4295
F78:p (101)
FT78 GEB -0.026198 0.059551 -0.037176
fc18 *********Unbroadened Pulse Height Tally Sum of Detectors 1,2 & 3 ***********
e18 0 1e-5 932i 8.4295
F18:p (101)
c ***********************************
c mplot tal 78 freq 10000
nps 1e9
