c CAS DETECTOR
c w/ Shielding in Place and Wheels
c
c CELL CARDS
c
c @@@@@@@@@@ Detectors @@@@@@@@@@@@@@@@@
c
101 8 -5.08 -21 imp:n,p 1 $LaBr Detector #1 Active Region
c
c @@@@@@@@@ Shielding @@@@@@@@@@@@@@@@@
c
121 2 -4.78 -31 imp:n,p 1 $PE_Pb
122 4 -11.29 -32 imp:n,p 1 $Pb1
123 4 -11.29 -33 imp:n,p 1 $Pb2
124 4 -11.29 -34 imp:n,p 1 $Pb3
125 4 -11.29 -35 imp:n,p 1 $Pb4
126 4 -11.29 -36 imp:n,p 1 $Pb5
127 4 -11.29 -37 imp:n,p 1 $Pb6
128 3 -1.5 -38 imp:n,p 1 $BA1
129 3 -1.5 -39 imp:n,p 1 $BA2
130 6 -2.7 -40 imp:n,p 1 $Al
131 7 -7.92 301 -302 303 -304 imp:n,p 1 $Fe-tube
132 5 -7.8 -401 imp:n,p 1 $Fe
133 5 -7.8 -402 imp:n,p 1 $Fe
c @@@@@@@@@@ Wheels @@@@@@@@@@@@@@@@@
c
21 13 -0.92 -41 42 imp:n,p 1 $Wheel 1
211 13 -0.92 -421 422 imp:n,p 1 $Wheel 1
212 13 -0.92 -423 424 imp:n,p 1 $Wheel 1
22 13 -0.92 -43 44 imp:n,p 1 $Wheel 2
221 13 -0.92 -441 442 imp:n,p 1 $Wheel 2
222 13 -0.92 -443 444 imp:n,p 1 $Wheel 2
23 13 -0.92 -45 46 imp:n,p 1 $Wheel 3
231 13 -0.92 -461 462 imp:n,p 1 $Wheel 3
232 13 -0.92 -463 464 imp:n,p 1 $Wheel 3
24 13 -0.92 -47 48 imp:n,p 1 $Wheel 4
241 13 -0.92 -481 482 imp:n,p 1 $Wheel 4
242 13 -0.92 -483 484 imp:n,p 1 $Wheel 4
c
c @@@@@@@@@@ SOIL VOLUME @@@@@@@@@@@
c
300000 400000 -2.156 20010 -20011 20020 -20021 20030 -20031 imp:n,p 1
300001 400001 -2.156 20010 -20011 20020 -20021 20031 -20032 imp:n,p 1
300002 400002 -2.156 20010 -20011 20020 -20021 20032 -20033 imp:n,p 1
300003 400003 -2.156 20010 -20011 20020 -20021 20033 -20034 imp:n,p 1
300004 400004 -2.156 20010 -20011 20020 -20021 20034 -20035 imp:n,p 1
300005 400005 -2.156 20011 -20012 20020 -20021 20030 -20031 imp:n,p 1
300006 400006 -2.156 20011 -20012 20020 -20021 20031 -20032 imp:n,p 1
300007 400007 -2.156 20011 -20012 20020 -20021 20032 -20033 imp:n,p 1
300008 400008 -2.156 20011 -20012 20020 -20021 20033 -20034 imp:n,p 1
300009 400009 -2.156 20011 -20012 20020 -20021 20034 -20035 imp:n,p 1
300010 400010 -2.156 20012 -20013 20020 -20021 20030 -20031 imp:n,p 1
300011 400011 -2.156 20012 -20013 20020 -20021 20031 -20032 imp:n,p 1
300012 400012 -2.156 20012 -20013 20020 -20021 20032 -20033 imp:n,p 1
300013 400013 -2.156 20012 -20013 20020 -20021 20033 -20034 imp:n,p 1
300014 400014 -2.156 20012 -20013 20020 -20021 20034 -20035 imp:n,p 1
300015 400015 -2.156 20013 -20014 20020 -20021 20030 -20031 imp:n,p 1
300016 400016 -2.156 20013 -20014 20020 -20021 20031 -20032 imp:n,p 1
300017 400017 -2.156 20013 -20014 20020 -20021 20032 -20033 imp:n,p 1
300018 400018 -2.156 20013 -20014 20020 -20021 20033 -20034 imp:n,p 1
300019 400019 -2.156 20013 -20014 20020 -20021 20034 -20035 imp:n,p 1
300020 400020 -2.156 20014 -20015 20020 -20021 20030 -20031 imp:n,p 1
300021 400021 -2.156 20014 -20015 20020 -20021 20031 -20032 imp:n,p 1
300022 400022 -2.156 20014 -20015 20020 -20021 20032 -20033 imp:n,p 1
300023 400023 -2.156 20014 -20015 20020 -20021 20033 -20034 imp:n,p 1
300024 400024 -2.156 20014 -20015 20020 -20021 20034 -20035 imp:n,p 1
300025 400025 -2.156 20010 -20011 20021 -20022 20030 -20031 imp:n,p 1
300026 400026 -2.156 20010 -20011 20021 -20022 20031 -20032 imp:n,p 1
300027 400027 -2.156 20010 -20011 20021 -20022 20032 -20033 imp:n,p 1
300028 400028 -2.156 20010 -20011 20021 -20022 20033 -20034 imp:n,p 1
300029 400029 -2.156 20010 -20011 20021 -20022 20034 -20035 imp:n,p 1
300030 400030 -2.156 20011 -20012 20021 -20022 20030 -20031 imp:n,p 1
300031 400031 -2.156 20011 -20012 20021 -20022 20031 -20032 imp:n,p 1
300032 400032 -2.156 20011 -20012 20021 -20022 20032 -20033 imp:n,p 1
300033 400033 -2.156 20011 -20012 20021 -20022 20033 -20034 imp:n,p 1
300034 400034 -2.156 20011 -20012 20021 -20022 20034 -20035 imp:n,p 1
300035 400035 -2.156 20012 -20013 20021 -20022 20030 -20031 imp:n,p 1
300036 400036 -2.156 20012 -20013 20021 -20022 20031 -20032 imp:n,p 1
300037 400037 -2.156 20012 -20013 20021 -20022 20032 -20033 imp:n,p 1
300038 400038 -2.156 20012 -20013 20021 -20022 20033 -20034 imp:n,p 1
300039 400039 -2.156 20012 -20013 20021 -20022 20034 -20035 imp:n,p 1
300040 400040 -2.156 20013 -20014 20021 -20022 20030 -20031 imp:n,p 1
300041 400041 -2.156 20013 -20014 20021 -20022 20031 -20032 imp:n,p 1
300042 400042 -2.156 20013 -20014 20021 -20022 20032 -20033 imp:n,p 1
300043 400043 -2.156 20013 -20014 20021 -20022 20033 -20034 imp:n,p 1
300044 400044 -2.156 20013 -20014 20021 -20022 20034 -20035 imp:n,p 1
300045 400045 -2.156 20014 -20015 20021 -20022 20030 -20031 imp:n,p 1
300046 400046 -2.156 20014 -20015 20021 -20022 20031 -20032 imp:n,p 1
300047 400047 -2.156 20014 -20015 20021 -20022 20032 -20033 imp:n,p 1
300048 400048 -2.156 20014 -20015 20021 -20022 20033 -20034 imp:n,p 1
300049 400049 -2.156 20014 -20015 20021 -20022 20034 -20035 imp:n,p 1
300050 400050 -2.156 20010 -20011 20022 -20023 20030 -20031 imp:n,p 1
300051 400051 -2.156 20010 -20011 20022 -20023 20031 -20032 imp:n,p 1
300052 400052 -2.156 20010 -20011 20022 -20023 20032 -20033 imp:n,p 1
300053 400053 -2.156 20010 -20011 20022 -20023 20033 -20034 imp:n,p 1
300054 400054 -2.156 20010 -20011 20022 -20023 20034 -20035 imp:n,p 1
300055 400055 -2.156 20011 -20012 20022 -20023 20030 -20031 imp:n,p 1
300056 400056 -2.156 20011 -20012 20022 -20023 20031 -20032 imp:n,p 1
300057 400057 -2.156 20011 -20012 20022 -20023 20032 -20033 imp:n,p 1
300058 400058 -2.156 20011 -20012 20022 -20023 20033 -20034 imp:n,p 1
300059 400059 -2.156 20011 -20012 20022 -20023 20034 -20035 imp:n,p 1
300060 400060 -2.156 20012 -20013 20022 -20023 20030 -20031 imp:n,p 1
300061 400061 -2.156 20012 -20013 20022 -20023 20031 -20032 imp:n,p 1
300062 400062 -2.156 20012 -20013 20022 -20023 20032 -20033 imp:n,p 1
300063 400063 -2.156 20012 -20013 20022 -20023 20033 -20034 imp:n,p 1
300064 400064 -2.156 20012 -20013 20022 -20023 20034 -20035 imp:n,p 1
300065 400065 -2.156 20013 -20014 20022 -20023 20030 -20031 imp:n,p 1
300066 400066 -2.156 20013 -20014 20022 -20023 20031 -20032 imp:n,p 1
300067 400067 -2.156 20013 -20014 20022 -20023 20032 -20033 imp:n,p 1
300068 400068 -2.156 20013 -20014 20022 -20023 20033 -20034 imp:n,p 1
300069 400069 -2.156 20013 -20014 20022 -20023 20034 -20035 imp:n,p 1
300070 400070 -2.156 20014 -20015 20022 -20023 20030 -20031 imp:n,p 1
300071 400071 -2.156 20014 -20015 20022 -20023 20031 -20032 imp:n,p 1
300072 400072 -2.156 20014 -20015 20022 -20023 20032 -20033 imp:n,p 1
300073 400073 -2.156 20014 -20015 20022 -20023 20033 -20034 imp:n,p 1
300074 400074 -2.156 20014 -20015 20022 -20023 20034 -20035 imp:n,p 1
300075 400075 -2.156 20010 -20011 20023 -20024 20030 -20031 imp:n,p 1
300076 400076 -2.156 20010 -20011 20023 -20024 20031 -20032 imp:n,p 1
300077 400077 -2.156 20010 -20011 20023 -20024 20032 -20033 imp:n,p 1
300078 400078 -2.156 20010 -20011 20023 -20024 20033 -20034 imp:n,p 1
300079 400079 -2.156 20010 -20011 20023 -20024 20034 -20035 imp:n,p 1
300080 400080 -2.156 20011 -20012 20023 -20024 20030 -20031 imp:n,p 1
300081 400081 -2.156 20011 -20012 20023 -20024 20031 -20032 imp:n,p 1
300082 400082 -2.156 20011 -20012 20023 -20024 20032 -20033 imp:n,p 1
300083 400083 -2.156 20011 -20012 20023 -20024 20033 -20034 imp:n,p 1
300084 400084 -2.156 20011 -20012 20023 -20024 20034 -20035 imp:n,p 1
300085 400085 -2.156 20012 -20013 20023 -20024 20030 -20031 imp:n,p 1
300086 400086 -2.156 20012 -20013 20023 -20024 20031 -20032 imp:n,p 1
300087 400087 -2.156 20012 -20013 20023 -20024 20032 -20033 imp:n,p 1
300088 400088 -2.156 20012 -20013 20023 -20024 20033 -20034 imp:n,p 1
300089 400089 -2.156 20012 -20013 20023 -20024 20034 -20035 imp:n,p 1
300090 400090 -2.156 20013 -20014 20023 -20024 20030 -20031 imp:n,p 1
300091 400091 -2.156 20013 -20014 20023 -20024 20031 -20032 imp:n,p 1
300092 400092 -2.156 20013 -20014 20023 -20024 20032 -20033 imp:n,p 1
300093 400093 -2.156 20013 -20014 20023 -20024 20033 -20034 imp:n,p 1
300094 400094 -2.156 20013 -20014 20023 -20024 20034 -20035 imp:n,p 1
300095 400095 -2.156 20014 -20015 20023 -20024 20030 -20031 imp:n,p 1
300096 400096 -2.156 20014 -20015 20023 -20024 20031 -20032 imp:n,p 1
300097 400097 -2.156 20014 -20015 20023 -20024 20032 -20033 imp:n,p 1
300098 400098 -2.156 20014 -20015 20023 -20024 20033 -20034 imp:n,p 1
300099 400099 -2.156 20014 -20015 20023 -20024 20034 -20035 imp:n,p 1
300100 400100 -2.156 20010 -20011 20024 -20025 20030 -20031 imp:n,p 1
300101 400101 -2.156 20010 -20011 20024 -20025 20031 -20032 imp:n,p 1
300102 400102 -2.156 20010 -20011 20024 -20025 20032 -20033 imp:n,p 1
300103 400103 -2.156 20010 -20011 20024 -20025 20033 -20034 imp:n,p 1
300104 400104 -2.156 20010 -20011 20024 -20025 20034 -20035 imp:n,p 1
300105 400105 -2.156 20011 -20012 20024 -20025 20030 -20031 imp:n,p 1
300106 400106 -2.156 20011 -20012 20024 -20025 20031 -20032 imp:n,p 1
300107 400107 -2.156 20011 -20012 20024 -20025 20032 -20033 imp:n,p 1
300108 400108 -2.156 20011 -20012 20024 -20025 20033 -20034 imp:n,p 1
300109 400109 -2.156 20011 -20012 20024 -20025 20034 -20035 imp:n,p 1
300110 400110 -2.156 20012 -20013 20024 -20025 20030 -20031 imp:n,p 1
300111 400111 -2.156 20012 -20013 20024 -20025 20031 -20032 imp:n,p 1
300112 400112 -2.156 20012 -20013 20024 -20025 20032 -20033 imp:n,p 1
300113 400113 -2.156 20012 -20013 20024 -20025 20033 -20034 imp:n,p 1
300114 400114 -2.156 20012 -20013 20024 -20025 20034 -20035 imp:n,p 1
300115 400115 -2.156 20013 -20014 20024 -20025 20030 -20031 imp:n,p 1
300116 400116 -2.156 20013 -20014 20024 -20025 20031 -20032 imp:n,p 1
300117 400117 -2.156 20013 -20014 20024 -20025 20032 -20033 imp:n,p 1
300118 400118 -2.156 20013 -20014 20024 -20025 20033 -20034 imp:n,p 1
300119 400119 -2.156 20013 -20014 20024 -20025 20034 -20035 imp:n,p 1
300120 400120 -2.156 20014 -20015 20024 -20025 20030 -20031 imp:n,p 1
300121 400121 -2.156 20014 -20015 20024 -20025 20031 -20032 imp:n,p 1
300122 400122 -2.156 20014 -20015 20024 -20025 20032 -20033 imp:n,p 1
300123 400123 -2.156 20014 -20015 20024 -20025 20033 -20034 imp:n,p 1
300124 400124 -2.156 20014 -20015 20024 -20025 20034 -20035 imp:n,p 1
c
30 12 -0.00129 -200 #101 #121 #122 #123 #124 #125 #126 #127 #128 #129 #130 #131 #132 #133
        #21 #211 #212 #22 #221 #222 #23 #231 #232 #24 #241 #242 #20 imp:n,p 1 $Rest of the World
31 0 200 imp:n,p 0 $Outside world

c SURFACE CARDS
c
c Sample Volume
20010 px -56.0
20011 px -33.600000000000364
20012 px -11.200000000000728
20013 px 11.200000000000728
20014 px 33.600000000000364
20015 px 56.0
20020 py -45.0
20021 py -27.0
20022 py -9.0
20023 py 9.0
20024 py 27.0
20025 py 45.0
20030 pz 92.0
20031 pz 82.0
20032 pz 72.0
20033 pz 62.0
20034 pz 52.0
20035 pz 42.0
c Active Detector Region
21 rcc 56  -5.0 -1.0   0.0 20.3 0.0   4.5 $Detector 1 Base center, Hx,Hy,Hz, radius
c Shielding Surfaces
c Shielding Pb
31 rpp 19 29 -7.5 7.5 -11 9 $PbPE xmin xmax ymin ymax zmin zmax
32 rpp 9 19 4 9 -11 9 $Pb xmin xmax ymin ymax zmin zmax
33 rpp 9 19 -9 -4 -11 9 $Pb xmin xmax ymin ymax zmin zmax
34 rpp 19 29 7.5 12.5 -11 9 $Pb xmin xmax ymin ymax zmin zmax
35 rpp 19 29 -12.5 -7.5 -11 9 $Pb xmin xmax ymin ymax zmin zmax
36 rpp 29 34 -15 15 -11 9 $Pb xmin xmax ymin ymax zmin zmax
37 rpp 9 19 -4 4 4 9 $Pb xmin xmax ymin ymax zmin zmax
38 rpp -26 26 18 28 -11 9 $BA1 xmin xmax ymin ymax zmin zmax
39 rpp -26 26 -28 -18 -11 9 $BA2 xmin xmax ymin ymax zmin zmax
40 rpp -65 65 -28 28 10 10.5 $Al xmin xmax ymin ymax zmin zmax
401 rpp -27 27 29 34 -11 9 $Fe xmin xmax ymin ymax zmin zmax
402 rpp -27 27 -34 -29 -11 9 $Fe xmin xmax ymin ymax zmin zmax
301 px -20
302 px 18
303 cx 3.71
304 cx 3.81
c Wheels Surfaces
c 23/10.5-12 turf tires, 22.6 lb rubber
c diameter 29cm, tread width 25cm, and sidewall height 13.76 cm
c set thickness of all sides 1.3 cm (s.t. weight is 22.6 lb)
41 rcc -2 77 8   0.0 25 0.0 29 $wheel 1 outer tread surface
42 rcc -2 77 8   0.0 25 0.0 27.7 $wheel 1 inner tread surface
421 rcc -2 75.7 8   0.0 1.3 0.0 29 $wheel 1 outside sidewall exterior
422 rcc -2 75.7 8   0.0 1.3 0.0 15.24 $wheel 1 outside sidewall interior
423 rcc -2 102 8   0.0 1.3 0.0 29 $wheel 1 inside sidewall exterior
424 rcc -2 102 8   0.0 1.3 0.0 15.24 $wheel 1 inside sidewall interior
43 rcc 68 77 8   0.0 25 0.0 29 $wheel 2
44 rcc 68 77 8   0.0 25 0.0 27.7
441 rcc 68 75.7 8   0.0 1.3 0.0 29
442 rcc 68 75.7 8   0.0 1.3 0.0 15.24
443 rcc 68 102 8   0.0 1.3 0.0 29
444 rcc 68 102 8   0.0 1.3 0.0 15.24
45 rcc -2 -77 8   0.0 -25 0.0 29 $wheel 3
46 rcc -2 -77 8   0.0 -25 0.0 27.7
461 rcc -2 -75.7 8   0.0 -1.3 0.0 29
462 rcc -2 -75.7 8   0.0 -1.3 0.0 15.24
463 rcc -2 -102 8   0.0 -1.3 0.0 29
464 rcc -2 -102 8   0.0 -1.3 0.0 15.24
47 rcc 68 -77 8   0.0 -25 0.0 29 $wheel 4
48 rcc 68 -77 8   0.0 -25 0.0 27.7
481 rcc 68 -75.7 8   0.0 -1.3 0.0 29
482 rcc 68 -75.7 8   0.0 -1.3 0.0 15.24
483 rcc 68 -102 8   0.0 -1.3 0.0 29
484 rcc 68 -102 8   0.0 -1.3 0.0 15.24
200 so 800    $sphere of 800cm centered at origin
c

c DATA CARDS
mode n p
c dump every hr
prdmp -60 -60 -1
c 100 keV Neutron Energy Cutoff
Cut:n 1j 0.1
c analog neutron transport
phys:n 1j 14
phys:p
sdef pos=0 0 0 erg=14.0 vec= 0 0 1 dir=d1
si1  -1 .93 1
sp1   0  0.0  1.0
c ********************
c begin material cards
c ********************
c Pure Carbon
c ****************************************
m400000 6000 -0.0040726787596357715 7000 -0.0040726787596357715 14000 -0.9918546424807286 
m400001 6000 -0.003144036503727303 7000 -0.003144036503727303 14000 -0.9937119269925454 
m400002 6000 -0.003566016886410292 7000 -0.003566016886410292 14000 -0.9928679662271794 
m400003 6000 -0.005471671358265282 7000 -0.005471671358265282 14000 -0.9890566572834695 
m400004 6000 -0.008817147545969066 7000 -0.008817147545969066 14000 -0.9823657049080623 
m400005 6000 -0.004146390972814728 7000 -0.004146390972814728 14000 -0.9917072180543706 
m400006 6000 -0.0031884887879752525 7000 -0.0031884887879752525 14000 -0.9936230224240495 
m400007 6000 -0.0036011246369175975 7000 -0.0036011246369175975 14000 -0.9927977507261647 
m400008 6000 -0.00538835657682733 7000 -0.00538835657682733 14000 -0.9892232868463453 
m400009 6000 -0.008886339552179828 7000 -0.008886339552179828 14000 -0.9822273208956404 
m400010 6000 -0.00406776953229658 7000 -0.00406776953229658 14000 -0.9918644609354071 
m400011 6000 -0.00313190642430268 7000 -0.00313190642430268 14000 -0.9937361871513947 
m400012 6000 -0.003573792559114666 7000 -0.003573792559114666 14000 -0.9928524148817703 
m400013 6000 -0.005703353865332765 7000 -0.005703353865332765 14000 -0.9885932922693346 
m400014 6000 -0.008942101316621914 7000 -0.008942101316621914 14000 -0.9821157973667561 
m400015 6000 -0.0037765424649461544 7000 -0.0037765424649461544 14000 -0.992446915070108 
m400016 6000 -0.0031172711180515998 7000 -0.0031172711180515998 14000 -0.9937654577638966 
m400017 6000 -0.003861595414094109 7000 -0.003861595414094109 14000 -0.9922768091718119 
m400018 6000 -0.0056703941485583675 7000 -0.0056703941485583675 14000 -0.9886592117028832 
m400019 6000 -0.008803728763736383 7000 -0.008803728763736383 14000 -0.9823925424725268 
m400020 6000 -0.004145240135261214 7000 -0.004145240135261214 14000 -0.9917095197294775 
m400021 6000 -0.0031837457343026642 7000 -0.0031837457343026642 14000 -0.993632508531395 
m400022 6000 -0.003626441285666404 7000 -0.003626441285666404 14000 -0.9927471174286674 
m400023 6000 -0.005395997782946219 7000 -0.005395997782946219 14000 -0.9892080044341077 
m400024 6000 -0.009174192969604407 7000 -0.009174192969604407 14000 -0.9816516140607913 
m400025 6000 -0.0038557368707783897 7000 -0.0038557368707783897 14000 -0.9922885262584434 
m400026 6000 -0.0030727431555041297 7000 -0.0030727431555041297 14000 -0.9938545136889917 
m400027 6000 -0.003681673994857292 7000 -0.003681673994857292 14000 -0.9926366520102857 
m400028 6000 -0.00562072094389311 7000 -0.00562072094389311 14000 -0.9887585581122141 
m400029 6000 -0.008811128348665903 7000 -0.008811128348665903 14000 -0.9823777433026681 
m400030 6000 -0.004029361661480476 7000 -0.004029361661480476 14000 -0.9919412766770389 
m400031 6000 -0.0031528118535509245 7000 -0.0031528118535509245 14000 -0.9936943762928983 
m400032 6000 -0.0036609290956068057 7000 -0.0036609290956068057 14000 -0.9926781418087862 
m400033 6000 -0.006341089788772491 7000 -0.006341089788772491 14000 -0.987317820422455 
m400034 6000 -0.009135398744086497 7000 -0.009135398744086497 14000 -0.9817292025118273 
m400035 6000 -0.004163972758833382 7000 -0.004163972758833382 14000 -0.9916720544823333 
m400036 6000 -0.003157325817067485 7000 -0.003157325817067485 14000 -0.9936853483658651 
m400037 6000 -0.0037258265707910032 7000 -0.0037258265707910032 14000 -0.9925483468584182 
m400038 6000 -0.005666143138487281 7000 -0.005666143138487281 14000 -0.9886677137230255 
m400039 6000 -0.008939823177082832 7000 -0.008939823177082832 14000 -0.9821203536458342 
m400040 6000 -0.004197923897444717 7000 -0.004197923897444717 14000 -0.9916041522051106 
m400041 6000 -0.0031421323229079852 7000 -0.0031421323229079852 14000 -0.9937157353541839 
m400042 6000 -0.0034838000458545988 7000 -0.0034838000458545988 14000 -0.9930323999082905 
m400043 6000 -0.005682310391250095 7000 -0.005682310391250095 14000 -0.9886353792174997 
m400044 6000 -0.009313344089659826 7000 -0.009313344089659826 14000 -0.9813733118206802 
m400045 6000 -0.003910991766590564 7000 -0.003910991766590564 14000 -0.9921780164668186 
m400046 6000 -0.00308404631297037 7000 -0.00308404631297037 14000 -0.9938319073740591 
m400047 6000 -0.003710216062476532 7000 -0.003710216062476532 14000 -0.992579567875047 
m400048 6000 -0.005187568628960177 7000 -0.005187568628960177 14000 -0.9896248627420793 
m400049 6000 -0.009224464483128135 7000 -0.009224464483128135 14000 -0.9815510710337442 
m400050 6000 -0.004015735365861951 7000 -0.004015735365861951 14000 -0.9919685292682763 
m400051 6000 -0.00313151998124862 7000 -0.00313151998124862 14000 -0.9937369600375026 
m400052 6000 -0.0035643373043710218 7000 -0.0035643373043710218 14000 -0.9928713253912579 
m400053 6000 -0.006071548153023984 7000 -0.006071548153023984 14000 -0.9878569036939517 
m400054 6000 -0.009247801155812353 7000 -0.009247801155812353 14000 -0.9815043976883756 
m400055 6000 -0.004078648376701666 7000 -0.004078648376701666 14000 -0.9918427032465966 
m400056 6000 -0.0031049908368821293 7000 -0.0031049908368821293 14000 -0.9937900183262357 
m400057 6000 -0.003548235947495465 7000 -0.003548235947495465 14000 -0.9929035281050088 
m400058 6000 -0.0060971254927371776 7000 -0.0060971254927371776 14000 -0.9878057490145258 
m400059 6000 -0.009108388990194336 7000 -0.009108388990194336 14000 -0.9817832220196113 
m400060 6000 -0.003989228569302949 7000 -0.003989228569302949 14000 -0.9920215428613938 
m400061 6000 -0.003138659551907052 7000 -0.003138659551907052 14000 -0.9937226808961863 
m400062 6000 -0.0038672136314304995 7000 -0.0038672136314304995 14000 -0.9922655727371391 
m400063 6000 -0.005416351557215946 7000 -0.005416351557215946 14000 -0.989167296885568 
m400064 6000 -0.008853281624152077 7000 -0.008853281624152077 14000 -0.9822934367516961 
m400065 6000 -0.0038235281664296857 7000 -0.0038235281664296857 14000 -0.9923529436671406 
m400066 6000 -0.0031185265176377004 7000 -0.0031185265176377004 14000 -0.9937629469647242 
m400067 6000 -0.003693439480996025 7000 -0.003693439480996025 14000 -0.9926131210380081 
m400068 6000 -0.0056318222329029485 7000 -0.0056318222329029485 14000 -0.9887363555341944 
m400069 6000 -0.008959644398121074 7000 -0.008959644398121074 14000 -0.982080711203758 
m400070 6000 -0.0038515761454533913 7000 -0.0038515761454533913 14000 -0.9922968477090929 
m400071 6000 -0.0031622413464501503 7000 -0.0031622413464501503 14000 -0.9936755173070998 
m400072 6000 -0.0037709980388325225 7000 -0.0037709980388325225 14000 -0.992458003922335 
m400073 6000 -0.005524725917601927 7000 -0.005524725917601927 14000 -0.9889505481647966 
m400074 6000 -0.008827856761204837 7000 -0.008827856761204837 14000 -0.98234428647759 
m400075 6000 -0.003935689582332973 7000 -0.003935689582332973 14000 -0.992128620835334 
m400076 6000 -0.0031102939171447895 7000 -0.0031102939171447895 14000 -0.9937794121657109 
m400077 6000 -0.0036520722781220355 7000 -0.0036520722781220355 14000 -0.9926958554437558 
m400078 6000 -0.005519384480456211 7000 -0.005519384480456211 14000 -0.9889612310390874 
m400079 6000 -0.008700072599873446 7000 -0.008700072599873446 14000 -0.982599854800253 
m400080 6000 -0.004076424629872874 7000 -0.004076424629872874 14000 -0.9918471507402543 
m400081 6000 -0.003251944927251023 7000 -0.003251944927251023 14000 -0.9934961101454981 
m400082 6000 -0.003783883933129542 7000 -0.003783883933129542 14000 -0.9924322321337407 
m400083 6000 -0.006097129071576556 7000 -0.006097129071576556 14000 -0.9878057418568471 
m400084 6000 -0.008314139291047488 7000 -0.008314139291047488 14000 -0.9833717214179051 
m400085 6000 -0.004325460483636034 7000 -0.004325460483636034 14000 -0.991349079032728 
m400086 6000 -0.0030975558929130773 7000 -0.0030975558929130773 14000 -0.9938048882141739 
m400087 6000 -0.003726125786958316 7000 -0.003726125786958316 14000 -0.9925477484260834 
m400088 6000 -0.006043012790936687 7000 -0.006043012790936687 14000 -0.9879139744181263 
m400089 6000 -0.008968048243350733 7000 -0.008968048243350733 14000 -0.9820639035132985 
m400090 6000 -0.003957654611562286 7000 -0.003957654611562286 14000 -0.9920846907768754 
m400091 6000 -0.003143509020704951 7000 -0.003143509020704951 14000 -0.9937129819585901 
m400092 6000 -0.0035975158478374625 7000 -0.0035975158478374625 14000 -0.9928049683043251 
m400093 6000 -0.005383005454625362 7000 -0.005383005454625362 14000 -0.9892339890907488 
m400094 6000 -0.008955820764551575 7000 -0.008955820764551575 14000 -0.9820883584708967 
m400095 6000 -0.003955753337558921 7000 -0.003955753337558921 14000 -0.9920884933248825 
m400096 6000 -0.0031281102331637504 7000 -0.0031281102331637504 14000 -0.9937437795336724 
m400097 6000 -0.0036833172373910224 7000 -0.0036833172373910224 14000 -0.9926333655252181 
m400098 6000 -0.005473788171670178 7000 -0.005473788171670178 14000 -0.98905242365666 
m400099 6000 -0.008689100745421608 7000 -0.008689100745421608 14000 -0.9826217985091565 
m400100 6000 -0.004004704893210706 7000 -0.004004704893210706 14000 -0.9919905902135785 
m400101 6000 -0.0032160842140698236 7000 -0.0032160842140698236 14000 -0.9935678315718603 
m400102 6000 -0.003593145236636239 7000 -0.003593145236636239 14000 -0.9928137095267275 
m400103 6000 -0.005211896708871991 7000 -0.005211896708871991 14000 -0.9895762065822556 
m400104 6000 -0.009173001821364627 7000 -0.009173001821364627 14000 -0.9816539963572707 
m400105 6000 -0.003997484226791288 7000 -0.003997484226791288 14000 -0.9920050315464174 
m400106 6000 -0.003165025088853699 7000 -0.003165025088853699 14000 -0.9936699498222923 
m400107 6000 -0.003822881722408272 7000 -0.003822881722408272 14000 -0.9923542365551832 
m400108 6000 -0.0054822825214827795 7000 -0.0054822825214827795 14000 -0.9890354349570342 
m400109 6000 -0.009351261966462297 7000 -0.009351261966462297 14000 -0.9812974760670754 
m400110 6000 -0.0038351493115944633 7000 -0.0038351493115944633 14000 -0.992329701376811 
m400111 6000 -0.003090637685001929 7000 -0.003090637685001929 14000 -0.9938187246299962 
m400112 6000 -0.0037631069299088452 7000 -0.0037631069299088452 14000 -0.9924737861401823 
m400113 6000 -0.005738966867722948 7000 -0.005738966867722948 14000 -0.9885220662645543 
m400114 6000 -0.008915705022455606 7000 -0.008915705022455606 14000 -0.9821685899550888 
m400115 6000 -0.004028537822115798 7000 -0.004028537822115798 14000 -0.991942924355768 
m400116 6000 -0.003166783448106126 7000 -0.003166783448106126 14000 -0.9936664331037874 
m400117 6000 -0.0038973820274475534 7000 -0.0038973820274475534 14000 -0.9922052359451048 
m400118 6000 -0.005575917753374764 7000 -0.005575917753374764 14000 -0.9888481644932505 
m400119 6000 -0.008640924547811384 7000 -0.008640924547811384 14000 -0.9827181509043776 
m400120 6000 -0.004113310934838621 7000 -0.004113310934838621 14000 -0.9917733781303224 
m400121 6000 -0.003221818686903505 7000 -0.003221818686903505 14000 -0.9935563626261925 
m400122 6000 -0.003642592047514752 7000 -0.003642592047514752 14000 -0.9927148159049701 
m400123 6000 -0.00575717311981656 7000 -0.00575717311981656 14000 -0.9884856537603669 
m400124 6000 -0.009428187878611934 7000 -0.009428187878611934 14000 -0.9811436242427763 
c **********************************
c PE+Pb, dens=4.78 g/cm3
m2      6000    -0.04286 $Carbon
        1001    -0.00714 $Hydrogen
        82000   -0.95000 $Lead
c **********************************
m3    1001 -0.048535 $Boric acid
      5010 -0.034981
      5011 -0.139923
      8016 -0.776561
c **********************************
m4    82000 1 $Lead
c **********************************
m5 26000 1 $Iron
c **********************************
m6     13027   -1.000 $ Aluminum
c **********************************
c  SS-304 (8.00 g/cm3), #298 in PNNL Compendium
m7   006000.50c -0.0004000
     014000.60c -0.0050000
     015031.50c -0.0002300
     016000.60c -0.0001500
     024000.50c -0.1899981
     025055.60c -0.0099999
     026000.50c -0.7017229
     028000.50c -0.0924991
c ****************************************
c       LaBr detector
c ****************************************
m8       35079    -0.2946       $ Br79
         35081    -0.3069       $ Br81
         57139    -0.3485       $ La139
         58140    -0.0500       $ Ce140
c ************ air den=1.15e-3g/cc
m12     8016 -0.23
        7014 -0.77
c ************ Rubber Natural den=0.92 g/cc
m13     1001 -0.118371  $weight fraction
        6000 -0.881629
c
c end material cards
c
rand seed=8674536546524321 $different initial random #; seed# - any less 18 digits
c
c ********** begin tallies *********************
fc78 *********Broadened Pulse Height Tally Sum of Detectors 1,2 & 3 ***********
e78 0 1e-5 932i 8.4295
F78:p (101)
FT78 GEB -0.026198 0.059551 -0.037176
fc18 *********Unbroadened Pulse Height Tally Sum of Detectors 1,2 & 3 ***********
e18 0 1e-5 932i 8.4295
F18:p (101)
c ***********************************
c mplot tal 78 freq 10000
nps 1e9
