c CAS DETECTOR
c w/ Shielding in Place and Wheels
c
c CELL CARDS
c
c @@@@@@@@@@ Detectors @@@@@@@@@@@@@@@@@
c
101 8 -5.08 -21 imp:n,p 1 $LaBr Detector #1 Active Region
c
c @@@@@@@@@ Shielding @@@@@@@@@@@@@@@@@
c
121 2 -4.78 -31 imp:n,p 1 $PE_Pb
122 4 -11.29 -32 imp:n,p 1 $Pb1
123 4 -11.29 -33 imp:n,p 1 $Pb2
124 4 -11.29 -34 imp:n,p 1 $Pb3
125 4 -11.29 -35 imp:n,p 1 $Pb4
126 4 -11.29 -36 imp:n,p 1 $Pb5
127 4 -11.29 -37 imp:n,p 1 $Pb6
128 3 -1.5 -38 imp:n,p 1 $BA1
129 3 -1.5 -39 imp:n,p 1 $BA2
130 6 -2.7 -40 imp:n,p 1 $Al
131 7 -7.92 301 -302 303 -304 imp:n,p 1 $Fe-tube
132 5 -7.8 -401 imp:n,p 1 $Fe
133 5 -7.8 -402 imp:n,p 1 $Fe
c @@@@@@@@@@ Wheels @@@@@@@@@@@@@@@@@
c
21 13 -0.92 -41 42 imp:n,p 1 $Wheel 1
211 13 -0.92 -421 422 imp:n,p 1 $Wheel 1
212 13 -0.92 -423 424 imp:n,p 1 $Wheel 1
22 13 -0.92 -43 44 imp:n,p 1 $Wheel 2
221 13 -0.92 -441 442 imp:n,p 1 $Wheel 2
222 13 -0.92 -443 444 imp:n,p 1 $Wheel 2
23 13 -0.92 -45 46 imp:n,p 1 $Wheel 3
231 13 -0.92 -461 462 imp:n,p 1 $Wheel 3
232 13 -0.92 -463 464 imp:n,p 1 $Wheel 3
24 13 -0.92 -47 48 imp:n,p 1 $Wheel 4
241 13 -0.92 -481 482 imp:n,p 1 $Wheel 4
242 13 -0.92 -483 484 imp:n,p 1 $Wheel 4
c
c @@@@@@@@@@ SOIL VOLUME @@@@@@@@@@@
c
300000 400000 -2.156 20010 -20011 20020 -20021 20030 -20031 imp:n,p 1
300001 400001 -2.156 20010 -20011 20020 -20021 20031 -20032 imp:n,p 1
300002 400002 -2.156 20010 -20011 20020 -20021 20032 -20033 imp:n,p 1
300003 400003 -2.156 20010 -20011 20020 -20021 20033 -20034 imp:n,p 1
300004 400004 -2.156 20010 -20011 20020 -20021 20034 -20035 imp:n,p 1
300005 400005 -2.156 20011 -20012 20020 -20021 20030 -20031 imp:n,p 1
300006 400006 -2.156 20011 -20012 20020 -20021 20031 -20032 imp:n,p 1
300007 400007 -2.156 20011 -20012 20020 -20021 20032 -20033 imp:n,p 1
300008 400008 -2.156 20011 -20012 20020 -20021 20033 -20034 imp:n,p 1
300009 400009 -2.156 20011 -20012 20020 -20021 20034 -20035 imp:n,p 1
300010 400010 -2.156 20012 -20013 20020 -20021 20030 -20031 imp:n,p 1
300011 400011 -2.156 20012 -20013 20020 -20021 20031 -20032 imp:n,p 1
300012 400012 -2.156 20012 -20013 20020 -20021 20032 -20033 imp:n,p 1
300013 400013 -2.156 20012 -20013 20020 -20021 20033 -20034 imp:n,p 1
300014 400014 -2.156 20012 -20013 20020 -20021 20034 -20035 imp:n,p 1
300015 400015 -2.156 20013 -20014 20020 -20021 20030 -20031 imp:n,p 1
300016 400016 -2.156 20013 -20014 20020 -20021 20031 -20032 imp:n,p 1
300017 400017 -2.156 20013 -20014 20020 -20021 20032 -20033 imp:n,p 1
300018 400018 -2.156 20013 -20014 20020 -20021 20033 -20034 imp:n,p 1
300019 400019 -2.156 20013 -20014 20020 -20021 20034 -20035 imp:n,p 1
300020 400020 -2.156 20014 -20015 20020 -20021 20030 -20031 imp:n,p 1
300021 400021 -2.156 20014 -20015 20020 -20021 20031 -20032 imp:n,p 1
300022 400022 -2.156 20014 -20015 20020 -20021 20032 -20033 imp:n,p 1
300023 400023 -2.156 20014 -20015 20020 -20021 20033 -20034 imp:n,p 1
300024 400024 -2.156 20014 -20015 20020 -20021 20034 -20035 imp:n,p 1
300025 400025 -2.156 20010 -20011 20021 -20022 20030 -20031 imp:n,p 1
300026 400026 -2.156 20010 -20011 20021 -20022 20031 -20032 imp:n,p 1
300027 400027 -2.156 20010 -20011 20021 -20022 20032 -20033 imp:n,p 1
300028 400028 -2.156 20010 -20011 20021 -20022 20033 -20034 imp:n,p 1
300029 400029 -2.156 20010 -20011 20021 -20022 20034 -20035 imp:n,p 1
300030 400030 -2.156 20011 -20012 20021 -20022 20030 -20031 imp:n,p 1
300031 400031 -2.156 20011 -20012 20021 -20022 20031 -20032 imp:n,p 1
300032 400032 -2.156 20011 -20012 20021 -20022 20032 -20033 imp:n,p 1
300033 400033 -2.156 20011 -20012 20021 -20022 20033 -20034 imp:n,p 1
300034 400034 -2.156 20011 -20012 20021 -20022 20034 -20035 imp:n,p 1
300035 400035 -2.156 20012 -20013 20021 -20022 20030 -20031 imp:n,p 1
300036 400036 -2.156 20012 -20013 20021 -20022 20031 -20032 imp:n,p 1
300037 400037 -2.156 20012 -20013 20021 -20022 20032 -20033 imp:n,p 1
300038 400038 -2.156 20012 -20013 20021 -20022 20033 -20034 imp:n,p 1
300039 400039 -2.156 20012 -20013 20021 -20022 20034 -20035 imp:n,p 1
300040 400040 -2.156 20013 -20014 20021 -20022 20030 -20031 imp:n,p 1
300041 400041 -2.156 20013 -20014 20021 -20022 20031 -20032 imp:n,p 1
300042 400042 -2.156 20013 -20014 20021 -20022 20032 -20033 imp:n,p 1
300043 400043 -2.156 20013 -20014 20021 -20022 20033 -20034 imp:n,p 1
300044 400044 -2.156 20013 -20014 20021 -20022 20034 -20035 imp:n,p 1
300045 400045 -2.156 20014 -20015 20021 -20022 20030 -20031 imp:n,p 1
300046 400046 -2.156 20014 -20015 20021 -20022 20031 -20032 imp:n,p 1
300047 400047 -2.156 20014 -20015 20021 -20022 20032 -20033 imp:n,p 1
300048 400048 -2.156 20014 -20015 20021 -20022 20033 -20034 imp:n,p 1
300049 400049 -2.156 20014 -20015 20021 -20022 20034 -20035 imp:n,p 1
300050 400050 -2.156 20010 -20011 20022 -20023 20030 -20031 imp:n,p 1
300051 400051 -2.156 20010 -20011 20022 -20023 20031 -20032 imp:n,p 1
300052 400052 -2.156 20010 -20011 20022 -20023 20032 -20033 imp:n,p 1
300053 400053 -2.156 20010 -20011 20022 -20023 20033 -20034 imp:n,p 1
300054 400054 -2.156 20010 -20011 20022 -20023 20034 -20035 imp:n,p 1
300055 400055 -2.156 20011 -20012 20022 -20023 20030 -20031 imp:n,p 1
300056 400056 -2.156 20011 -20012 20022 -20023 20031 -20032 imp:n,p 1
300057 400057 -2.156 20011 -20012 20022 -20023 20032 -20033 imp:n,p 1
300058 400058 -2.156 20011 -20012 20022 -20023 20033 -20034 imp:n,p 1
300059 400059 -2.156 20011 -20012 20022 -20023 20034 -20035 imp:n,p 1
300060 400060 -2.156 20012 -20013 20022 -20023 20030 -20031 imp:n,p 1
300061 400061 -2.156 20012 -20013 20022 -20023 20031 -20032 imp:n,p 1
300062 400062 -2.156 20012 -20013 20022 -20023 20032 -20033 imp:n,p 1
300063 400063 -2.156 20012 -20013 20022 -20023 20033 -20034 imp:n,p 1
300064 400064 -2.156 20012 -20013 20022 -20023 20034 -20035 imp:n,p 1
300065 400065 -2.156 20013 -20014 20022 -20023 20030 -20031 imp:n,p 1
300066 400066 -2.156 20013 -20014 20022 -20023 20031 -20032 imp:n,p 1
300067 400067 -2.156 20013 -20014 20022 -20023 20032 -20033 imp:n,p 1
300068 400068 -2.156 20013 -20014 20022 -20023 20033 -20034 imp:n,p 1
300069 400069 -2.156 20013 -20014 20022 -20023 20034 -20035 imp:n,p 1
300070 400070 -2.156 20014 -20015 20022 -20023 20030 -20031 imp:n,p 1
300071 400071 -2.156 20014 -20015 20022 -20023 20031 -20032 imp:n,p 1
300072 400072 -2.156 20014 -20015 20022 -20023 20032 -20033 imp:n,p 1
300073 400073 -2.156 20014 -20015 20022 -20023 20033 -20034 imp:n,p 1
300074 400074 -2.156 20014 -20015 20022 -20023 20034 -20035 imp:n,p 1
300075 400075 -2.156 20010 -20011 20023 -20024 20030 -20031 imp:n,p 1
300076 400076 -2.156 20010 -20011 20023 -20024 20031 -20032 imp:n,p 1
300077 400077 -2.156 20010 -20011 20023 -20024 20032 -20033 imp:n,p 1
300078 400078 -2.156 20010 -20011 20023 -20024 20033 -20034 imp:n,p 1
300079 400079 -2.156 20010 -20011 20023 -20024 20034 -20035 imp:n,p 1
300080 400080 -2.156 20011 -20012 20023 -20024 20030 -20031 imp:n,p 1
300081 400081 -2.156 20011 -20012 20023 -20024 20031 -20032 imp:n,p 1
300082 400082 -2.156 20011 -20012 20023 -20024 20032 -20033 imp:n,p 1
300083 400083 -2.156 20011 -20012 20023 -20024 20033 -20034 imp:n,p 1
300084 400084 -2.156 20011 -20012 20023 -20024 20034 -20035 imp:n,p 1
300085 400085 -2.156 20012 -20013 20023 -20024 20030 -20031 imp:n,p 1
300086 400086 -2.156 20012 -20013 20023 -20024 20031 -20032 imp:n,p 1
300087 400087 -2.156 20012 -20013 20023 -20024 20032 -20033 imp:n,p 1
300088 400088 -2.156 20012 -20013 20023 -20024 20033 -20034 imp:n,p 1
300089 400089 -2.156 20012 -20013 20023 -20024 20034 -20035 imp:n,p 1
300090 400090 -2.156 20013 -20014 20023 -20024 20030 -20031 imp:n,p 1
300091 400091 -2.156 20013 -20014 20023 -20024 20031 -20032 imp:n,p 1
300092 400092 -2.156 20013 -20014 20023 -20024 20032 -20033 imp:n,p 1
300093 400093 -2.156 20013 -20014 20023 -20024 20033 -20034 imp:n,p 1
300094 400094 -2.156 20013 -20014 20023 -20024 20034 -20035 imp:n,p 1
300095 400095 -2.156 20014 -20015 20023 -20024 20030 -20031 imp:n,p 1
300096 400096 -2.156 20014 -20015 20023 -20024 20031 -20032 imp:n,p 1
300097 400097 -2.156 20014 -20015 20023 -20024 20032 -20033 imp:n,p 1
300098 400098 -2.156 20014 -20015 20023 -20024 20033 -20034 imp:n,p 1
300099 400099 -2.156 20014 -20015 20023 -20024 20034 -20035 imp:n,p 1
300100 400100 -2.156 20010 -20011 20024 -20025 20030 -20031 imp:n,p 1
300101 400101 -2.156 20010 -20011 20024 -20025 20031 -20032 imp:n,p 1
300102 400102 -2.156 20010 -20011 20024 -20025 20032 -20033 imp:n,p 1
300103 400103 -2.156 20010 -20011 20024 -20025 20033 -20034 imp:n,p 1
300104 400104 -2.156 20010 -20011 20024 -20025 20034 -20035 imp:n,p 1
300105 400105 -2.156 20011 -20012 20024 -20025 20030 -20031 imp:n,p 1
300106 400106 -2.156 20011 -20012 20024 -20025 20031 -20032 imp:n,p 1
300107 400107 -2.156 20011 -20012 20024 -20025 20032 -20033 imp:n,p 1
300108 400108 -2.156 20011 -20012 20024 -20025 20033 -20034 imp:n,p 1
300109 400109 -2.156 20011 -20012 20024 -20025 20034 -20035 imp:n,p 1
300110 400110 -2.156 20012 -20013 20024 -20025 20030 -20031 imp:n,p 1
300111 400111 -2.156 20012 -20013 20024 -20025 20031 -20032 imp:n,p 1
300112 400112 -2.156 20012 -20013 20024 -20025 20032 -20033 imp:n,p 1
300113 400113 -2.156 20012 -20013 20024 -20025 20033 -20034 imp:n,p 1
300114 400114 -2.156 20012 -20013 20024 -20025 20034 -20035 imp:n,p 1
300115 400115 -2.156 20013 -20014 20024 -20025 20030 -20031 imp:n,p 1
300116 400116 -2.156 20013 -20014 20024 -20025 20031 -20032 imp:n,p 1
300117 400117 -2.156 20013 -20014 20024 -20025 20032 -20033 imp:n,p 1
300118 400118 -2.156 20013 -20014 20024 -20025 20033 -20034 imp:n,p 1
300119 400119 -2.156 20013 -20014 20024 -20025 20034 -20035 imp:n,p 1
300120 400120 -2.156 20014 -20015 20024 -20025 20030 -20031 imp:n,p 1
300121 400121 -2.156 20014 -20015 20024 -20025 20031 -20032 imp:n,p 1
300122 400122 -2.156 20014 -20015 20024 -20025 20032 -20033 imp:n,p 1
300123 400123 -2.156 20014 -20015 20024 -20025 20033 -20034 imp:n,p 1
300124 400124 -2.156 20014 -20015 20024 -20025 20034 -20035 imp:n,p 1
c
30 12 -0.00129 -200 #101 #121 #122 #123 #124 #125 #126 #127 #128 #129 #130 #131 #132 #133
        #21 #211 #212 #22 #221 #222 #23 #231 #232 #24 #241 #242 #20 imp:n,p 1 $Rest of the World
31 0 200 imp:n,p 0 $Outside world

c SURFACE CARDS
c
c Sample Volume
20010 px -56.0
20011 px -33.600000000000364
20012 px -11.199999999999818
20013 px 11.199999999999818
20014 px 33.600000000000364
20015 px 56.0
20020 py -45.0
20021 py -27.0
20022 py -9.0
20023 py 9.0
20024 py 27.0
20025 py 45.0
20030 pz 92.0
20031 pz 82.0
20032 pz 72.0
20033 pz 62.0
20034 pz 52.0
20035 pz 42.0
c Active Detector Region
21 rcc 56  -5.0 -1.0   0.0 20.3 0.0   4.5 $Detector 1 Base center, Hx,Hy,Hz, radius
c Shielding Surfaces
c Shielding Pb
31 rpp 19 29 -7.5 7.5 -11 9 $PbPE xmin xmax ymin ymax zmin zmax
32 rpp 9 19 4 9 -11 9 $Pb xmin xmax ymin ymax zmin zmax
33 rpp 9 19 -9 -4 -11 9 $Pb xmin xmax ymin ymax zmin zmax
34 rpp 19 29 7.5 12.5 -11 9 $Pb xmin xmax ymin ymax zmin zmax
35 rpp 19 29 -12.5 -7.5 -11 9 $Pb xmin xmax ymin ymax zmin zmax
36 rpp 29 34 -15 15 -11 9 $Pb xmin xmax ymin ymax zmin zmax
37 rpp 9 19 -4 4 4 9 $Pb xmin xmax ymin ymax zmin zmax
38 rpp -26 26 18 28 -11 9 $BA1 xmin xmax ymin ymax zmin zmax
39 rpp -26 26 -28 -18 -11 9 $BA2 xmin xmax ymin ymax zmin zmax
40 rpp -65 65 -28 28 10 10.5 $Al xmin xmax ymin ymax zmin zmax
401 rpp -27 27 29 34 -11 9 $Fe xmin xmax ymin ymax zmin zmax
402 rpp -27 27 -34 -29 -11 9 $Fe xmin xmax ymin ymax zmin zmax
301 px -20
302 px 18
303 cx 3.71
304 cx 3.81
c Wheels Surfaces
c 23/10.5-12 turf tires, 22.6 lb rubber
c diameter 29cm, tread width 25cm, and sidewall height 13.76 cm
c set thickness of all sides 1.3 cm (s.t. weight is 22.6 lb)
41 rcc -2 77 8   0.0 25 0.0 29 $wheel 1 outer tread surface
42 rcc -2 77 8   0.0 25 0.0 27.7 $wheel 1 inner tread surface
421 rcc -2 75.7 8   0.0 1.3 0.0 29 $wheel 1 outside sidewall exterior
422 rcc -2 75.7 8   0.0 1.3 0.0 15.24 $wheel 1 outside sidewall interior
423 rcc -2 102 8   0.0 1.3 0.0 29 $wheel 1 inside sidewall exterior
424 rcc -2 102 8   0.0 1.3 0.0 15.24 $wheel 1 inside sidewall interior
43 rcc 68 77 8   0.0 25 0.0 29 $wheel 2
44 rcc 68 77 8   0.0 25 0.0 27.7
441 rcc 68 75.7 8   0.0 1.3 0.0 29
442 rcc 68 75.7 8   0.0 1.3 0.0 15.24
443 rcc 68 102 8   0.0 1.3 0.0 29
444 rcc 68 102 8   0.0 1.3 0.0 15.24
45 rcc -2 -77 8   0.0 -25 0.0 29 $wheel 3
46 rcc -2 -77 8   0.0 -25 0.0 27.7
461 rcc -2 -75.7 8   0.0 -1.3 0.0 29
462 rcc -2 -75.7 8   0.0 -1.3 0.0 15.24
463 rcc -2 -102 8   0.0 -1.3 0.0 29
464 rcc -2 -102 8   0.0 -1.3 0.0 15.24
47 rcc 68 -77 8   0.0 -25 0.0 29 $wheel 4
48 rcc 68 -77 8   0.0 -25 0.0 27.7
481 rcc 68 -75.7 8   0.0 -1.3 0.0 29
482 rcc 68 -75.7 8   0.0 -1.3 0.0 15.24
483 rcc 68 -102 8   0.0 -1.3 0.0 29
484 rcc 68 -102 8   0.0 -1.3 0.0 15.24
200 so 800    $sphere of 800cm centered at origin
c

c DATA CARDS
mode n p
c dump every hr
prdmp -60 -60 -1
c 100 keV Neutron Energy Cutoff
Cut:n 1j 0.1
c analog neutron transport
phys:n 1j 14
phys:p
sdef pos=0 0 0 erg=14.0 vec= 0 0 1 dir=d1
si1  -1 .93 1
sp1   0  0.0  1.0
c ********************
c begin material cards
c ********************
c Pure Carbon
c ****************************************
m400000 6000 -0.0038814574861347974 7000 -0.0038814574861347974 14000 -0.9922370850277303 
m400001 6000 -0.0030302832597412666 7000 -0.0030302832597412666 14000 -0.9939394334805178 
m400002 6000 -0.0035401923534460703 7000 -0.0035401923534460703 14000 -0.9929196152931078 
m400003 6000 -0.005865828734107894 7000 -0.005865828734107894 14000 -0.9882683425317843 
m400004 6000 -0.008640706589980417 7000 -0.008640706589980417 14000 -0.9827185868200394 
m400005 6000 -0.0039588512080838655 7000 -0.0039588512080838655 14000 -0.9920822975838324 
m400006 6000 -0.0030377172736699696 7000 -0.0030377172736699696 14000 -0.9939245654526597 
m400007 6000 -0.003706759235281505 7000 -0.003706759235281505 14000 -0.992586481529437 
m400008 6000 -0.005747090823390584 7000 -0.005747090823390584 14000 -0.9885058183532184 
m400009 6000 -0.008805664941856363 7000 -0.008805664941856363 14000 -0.9823886701162872 
m400010 6000 -0.003978911876486681 7000 -0.003978911876486681 14000 -0.9920421762470271 
m400011 6000 -0.003044844534288943 7000 -0.003044844534288943 14000 -0.9939103109314219 
m400012 6000 -0.0036416101875532286 7000 -0.0036416101875532286 14000 -0.9927167796248934 
m400013 6000 -0.005440723331575922 7000 -0.005440723331575922 14000 -0.9891185533368482 
m400014 6000 -0.008427028520590544 7000 -0.008427028520590544 14000 -0.9831459429588192 
m400015 6000 -0.003942787182712828 7000 -0.003942787182712828 14000 -0.9921144256345744 
m400016 6000 -0.0030264246060921368 7000 -0.0030264246060921368 14000 -0.9939471507878153 
m400017 6000 -0.0035088105679880184 7000 -0.0035088105679880184 14000 -0.9929823788640239 
m400018 6000 -0.005747815413742276 7000 -0.005747815413742276 14000 -0.9885043691725154 
m400019 6000 -0.008957816341317792 7000 -0.008957816341317792 14000 -0.9820843673173644 
m400020 6000 -0.004020372747888326 7000 -0.004020372747888326 14000 -0.9919592545042232 
m400021 6000 -0.003048412171558383 7000 -0.003048412171558383 14000 -0.9939031756568832 
m400022 6000 -0.003559379018692345 7000 -0.003559379018692345 14000 -0.9928812419626154 
m400023 6000 -0.005474020010397219 7000 -0.005474020010397219 14000 -0.9890519599792055 
m400024 6000 -0.009919414042056424 7000 -0.009919414042056424 14000 -0.9801611719158874 
m400025 6000 -0.004042885569897253 7000 -0.004042885569897253 14000 -0.9919142288602054 
m400026 6000 -0.003023692803358519 7000 -0.003023692803358519 14000 -0.993952614393283 
m400027 6000 -0.0036015633141923253 7000 -0.0036015633141923253 14000 -0.9927968733716152 
m400028 6000 -0.00577098017868948 7000 -0.00577098017868948 14000 -0.988458039642621 
m400029 6000 -0.008971049850870681 7000 -0.008971049850870681 14000 -0.9820579002982588 
m400030 6000 -0.003860645792151386 7000 -0.003860645792151386 14000 -0.9922787084156971 
m400031 6000 -0.002985901484605631 7000 -0.002985901484605631 14000 -0.9940281970307886 
m400032 6000 -0.0036202379192495186 7000 -0.0036202379192495186 14000 -0.992759524161501 
m400033 6000 -0.006058810260462252 7000 -0.006058810260462252 14000 -0.9878823794790754 
m400034 6000 -0.008390932552765563 7000 -0.008390932552765563 14000 -0.983218134894469 
m400035 6000 -0.003901159583137883 7000 -0.003901159583137883 14000 -0.9921976808337243 
m400036 6000 -0.003041506651278925 7000 -0.003041506651278925 14000 -0.9939169866974423 
m400037 6000 -0.0034212675606834133 7000 -0.0034212675606834133 14000 -0.9931574648786332 
m400038 6000 -0.005590054317484229 7000 -0.005590054317484229 14000 -0.9888198913650315 
m400039 6000 -0.008942527436682031 7000 -0.008942527436682031 14000 -0.9821149451266359 
m400040 6000 -0.0039197565749032 7000 -0.0039197565749032 14000 -0.9921604868501933 
m400041 6000 -0.0029881729025741112 7000 -0.0029881729025741112 14000 -0.9940236541948518 
m400042 6000 -0.0035690182154329347 7000 -0.0035690182154329347 14000 -0.992861963569134 
m400043 6000 -0.005248546214393575 7000 -0.005248546214393575 14000 -0.989502907571213 
m400044 6000 -0.008487906299839323 7000 -0.008487906299839323 14000 -0.9830241874003214 
m400045 6000 -0.003688789260535523 7000 -0.003688789260535523 14000 -0.9926224214789288 
m400046 6000 -0.003053935202612996 7000 -0.003053935202612996 14000 -0.9938921295947738 
m400047 6000 -0.0036758029008892657 7000 -0.0036758029008892657 14000 -0.9926483941982215 
m400048 6000 -0.005727978146608983 7000 -0.005727978146608983 14000 -0.988544043706782 
m400049 6000 -0.009022769925456807 7000 -0.009022769925456807 14000 -0.9819544601490862 
m400050 6000 -0.0037787290296966134 7000 -0.0037787290296966134 14000 -0.9924425419406064 
m400051 6000 -0.003031814467112272 7000 -0.003031814467112272 14000 -0.9939363710657753 
m400052 6000 -0.0035482959707910026 7000 -0.0035482959707910026 14000 -0.9929034080584179 
m400053 6000 -0.0057090145571506755 7000 -0.0057090145571506755 14000 -0.9885819708856985 
m400054 6000 -0.009282573272247298 7000 -0.009282573272247298 14000 -0.9814348534555053 
m400055 6000 -0.003985859704216693 7000 -0.003985859704216693 14000 -0.9920282805915668 
m400056 6000 -0.0030028451456254514 7000 -0.0030028451456254514 14000 -0.9939943097087489 
m400057 6000 -0.0035035963660036266 7000 -0.0035035963660036266 14000 -0.9929928072679928 
m400058 6000 -0.005688026562270167 7000 -0.005688026562270167 14000 -0.9886239468754597 
m400059 6000 -0.009559407120416242 7000 -0.009559407120416242 14000 -0.9808811857591674 
m400060 6000 -0.0038257332760563856 7000 -0.0038257332760563856 14000 -0.9923485334478869 
m400061 6000 -0.003136018382743238 7000 -0.003136018382743238 14000 -0.9937279632345138 
m400062 6000 -0.003486108060616029 7000 -0.003486108060616029 14000 -0.993027783878768 
m400063 6000 -0.005493871373909398 7000 -0.005493871373909398 14000 -0.9890122572521818 
m400064 6000 -0.009096220840559936 7000 -0.009096220840559936 14000 -0.9818075583188799 
m400065 6000 -0.0038668094140261577 7000 -0.0038668094140261577 14000 -0.9922663811719478 
m400066 6000 -0.0030841775208131457 7000 -0.0030841775208131457 14000 -0.9938316449583736 
m400067 6000 -0.003600691094431619 7000 -0.003600691094431619 14000 -0.992798617811137 
m400068 6000 -0.005775953813297148 7000 -0.005775953813297148 14000 -0.9884480923734057 
m400069 6000 -0.008517210151611337 7000 -0.008517210151611337 14000 -0.9829655796967773 
m400070 6000 -0.004134163162887566 7000 -0.004134163162887566 14000 -0.9917316736742247 
m400071 6000 -0.0030221796991424183 7000 -0.0030221796991424183 14000 -0.9939556406017149 
m400072 6000 -0.004002489342400424 7000 -0.004002489342400424 14000 -0.9919950213151988 
m400073 6000 -0.005958567449793909 7000 -0.005958567449793909 14000 -0.9880828651004119 
m400074 6000 -0.009616545427036815 7000 -0.009616545427036815 14000 -0.9807669091459261 
m400075 6000 -0.003770129855652658 7000 -0.003770129855652658 14000 -0.9924597402886947 
m400076 6000 -0.0030555769054695283 7000 -0.0030555769054695283 14000 -0.9938888461890609 
m400077 6000 -0.0036487518278824085 7000 -0.0036487518278824085 14000 -0.9927024963442352 
m400078 6000 -0.006011389950164269 7000 -0.006011389950164269 14000 -0.9879772200996713 
m400079 6000 -0.008706887682292812 7000 -0.008706887682292812 14000 -0.9825862246354145 
m400080 6000 -0.004008048277489989 7000 -0.004008048277489989 14000 -0.9919839034450199 
m400081 6000 -0.0030249956949469003 7000 -0.0030249956949469003 14000 -0.9939500086101057 
m400082 6000 -0.0038471258535676682 7000 -0.0038471258535676682 14000 -0.9923057482928642 
m400083 6000 -0.005441155241112074 7000 -0.005441155241112074 14000 -0.9891176895177759 
m400084 6000 -0.008444278571109402 7000 -0.008444278571109402 14000 -0.983111442857781 
m400085 6000 -0.00394962363859246 7000 -0.00394962363859246 14000 -0.992100752722815 
m400086 6000 -0.003070654149617375 7000 -0.003070654149617375 14000 -0.9938586917007651 
m400087 6000 -0.0035813390444184127 7000 -0.0035813390444184127 14000 -0.9928373219111628 
m400088 6000 -0.005200167273279111 7000 -0.005200167273279111 14000 -0.9895996654534421 
m400089 6000 -0.009360653388836827 7000 -0.009360653388836827 14000 -0.9812786932223267 
m400090 6000 -0.0038043117077392694 7000 -0.0038043117077392694 14000 -0.9923913765845217 
m400091 6000 -0.0030060866306610475 7000 -0.0030060866306610475 14000 -0.9939878267386775 
m400092 6000 -0.0035723875274733512 7000 -0.0035723875274733512 14000 -0.9928552249450534 
m400093 6000 -0.005949481678426484 7000 -0.005949481678426484 14000 -0.9881010366431471 
m400094 6000 -0.009004673175149726 7000 -0.009004673175149726 14000 -0.9819906536497005 
m400095 6000 -0.0039191586180645985 7000 -0.0039191586180645985 14000 -0.9921616827638706 
m400096 6000 -0.003047485512078237 7000 -0.003047485512078237 14000 -0.9939050289758433 
m400097 6000 -0.0037494797342206188 7000 -0.0037494797342206188 14000 -0.9925010405315586 
m400098 6000 -0.005757031936281001 7000 -0.005757031936281001 14000 -0.9884859361274383 
m400099 6000 -0.009267289324667477 7000 -0.009267289324667477 14000 -0.9814654213506651 
m400100 6000 -0.0038820555855835406 7000 -0.0038820555855835406 14000 -0.992235888828833 
m400101 6000 -0.0030111977759148256 7000 -0.0030111977759148256 14000 -0.9939776044481703 
m400102 6000 -0.003488049502327896 7000 -0.003488049502327896 14000 -0.9930239009953439 
m400103 6000 -0.0052589014492502514 7000 -0.0052589014492502514 14000 -0.9894821971014995 
m400104 6000 -0.008390469992668131 7000 -0.008390469992668131 14000 -0.9832190600146637 
m400105 6000 -0.004009497922980689 7000 -0.004009497922980689 14000 -0.9919810041540389 
m400106 6000 -0.003017431516007436 7000 -0.003017431516007436 14000 -0.993965136967985 
m400107 6000 -0.0035030851149979573 7000 -0.0035030851149979573 14000 -0.9929938297700042 
m400108 6000 -0.005403989199250452 7000 -0.005403989199250452 14000 -0.9891920216014991 
m400109 6000 -0.00914164437496818 7000 -0.00914164437496818 14000 -0.9817167112500639 
m400110 6000 -0.0038070150037540413 7000 -0.0038070150037540413 14000 -0.9923859699924917 
m400111 6000 -0.0030573815869499865 7000 -0.0030573815869499865 14000 -0.9938852368260997 
m400112 6000 -0.003870141553925903 7000 -0.003870141553925903 14000 -0.9922597168921479 
m400113 6000 -0.0053261928283293005 7000 -0.0053261928283293005 14000 -0.989347614343341 
m400114 6000 -0.008982875346711758 7000 -0.008982875346711758 14000 -0.9820342493065765 
m400115 6000 -0.004193736554627947 7000 -0.004193736554627947 14000 -0.9916125268907443 
m400116 6000 -0.0030395229105946264 7000 -0.0030395229105946264 14000 -0.993920954178811 
m400117 6000 -0.0037811920461326004 7000 -0.0037811920461326004 14000 -0.992437615907735 
m400118 6000 -0.00560641923719946 7000 -0.00560641923719946 14000 -0.9887871615256013 
m400119 6000 -0.009703564525979034 7000 -0.009703564525979034 14000 -0.980592870948042 
m400120 6000 -0.003936611496242631 7000 -0.003936611496242631 14000 -0.9921267770075147 
m400121 6000 -0.003024836597892538 7000 -0.003024836597892538 14000 -0.9939503268042152 
m400122 6000 -0.0034936585109519515 7000 -0.0034936585109519515 14000 -0.9930126829780963 
m400123 6000 -0.0056569422754464945 7000 -0.0056569422754464945 14000 -0.9886861154491071 
m400124 6000 -0.008460053270557578 7000 -0.008460053270557578 14000 -0.9830798934588846 
c **********************************
c PE+Pb, dens=4.78 g/cm3
m2      6000    -0.04286 $Carbon
        1001    -0.00714 $Hydrogen
        82000   -0.95000 $Lead
c **********************************
m3    1001 -0.048535 $Boric acid
      5010 -0.034981
      5011 -0.139923
      8016 -0.776561
c **********************************
m4    82000 1 $Lead
c **********************************
m5 26000 1 $Iron
c **********************************
m6     13027   -1.000 $ Aluminum
c **********************************
c  SS-304 (8.00 g/cm3), #298 in PNNL Compendium
m7   006000.50c -0.0004000
     014000.60c -0.0050000
     015031.50c -0.0002300
     016000.60c -0.0001500
     024000.50c -0.1899981
     025055.60c -0.0099999
     026000.50c -0.7017229
     028000.50c -0.0924991
c ****************************************
c       LaBr detector
c ****************************************
m8       35079    -0.2946       $ Br79
         35081    -0.3069       $ Br81
         57139    -0.3485       $ La139
         58140    -0.0500       $ Ce140
c ************ air den=1.15e-3g/cc
m12     8016 -0.23
        7014 -0.77
c ************ Rubber Natural den=0.92 g/cc
m13     1001 -0.118371  $weight fraction
        6000 -0.881629
c
c end material cards
c
rand seed=8674536546524321 $different initial random #; seed# - any less 18 digits
c
c ********** begin tallies *********************
fc78 *********Broadened Pulse Height Tally Sum of Detectors 1,2 & 3 ***********
e78 0 1e-5 932i 8.4295
F78:p (101)
FT78 GEB -0.026198 0.059551 -0.037176
fc18 *********Unbroadened Pulse Height Tally Sum of Detectors 1,2 & 3 ***********
e18 0 1e-5 932i 8.4295
F18:p (101)
c ***********************************
c mplot tal 78 freq 10000
nps 1e9
