c CAS DETECTOR
c w/ Shielding in Place and Wheels
c
c CELL CARDS
c
c @@@@@@@@@@ Detectors @@@@@@@@@@@@@@@@@
c
101 8 -5.08 -21 imp:n,p 1 $LaBr Detector #1 Active Region
c
c @@@@@@@@@ Shielding @@@@@@@@@@@@@@@@@
c
121 2 -4.78 -31 imp:n,p 1 $PE_Pb
122 4 -11.29 -32 imp:n,p 1 $Pb1
123 4 -11.29 -33 imp:n,p 1 $Pb2
124 4 -11.29 -34 imp:n,p 1 $Pb3
125 4 -11.29 -35 imp:n,p 1 $Pb4
126 4 -11.29 -36 imp:n,p 1 $Pb5
127 4 -11.29 -37 imp:n,p 1 $Pb6
128 3 -1.5 -38 imp:n,p 1 $BA1
129 3 -1.5 -39 imp:n,p 1 $BA2
130 6 -2.7 -40 imp:n,p 1 $Al
131 7 -7.92 301 -302 303 -304 imp:n,p 1 $Fe-tube
132 5 -7.8 -401 imp:n,p 1 $Fe
133 5 -7.8 -402 imp:n,p 1 $Fe
c @@@@@@@@@@ Wheels @@@@@@@@@@@@@@@@@
c
21 13 -0.92 -41 42 imp:n,p 1 $Wheel 1
211 13 -0.92 -421 422 imp:n,p 1 $Wheel 1
212 13 -0.92 -423 424 imp:n,p 1 $Wheel 1
22 13 -0.92 -43 44 imp:n,p 1 $Wheel 2
221 13 -0.92 -441 442 imp:n,p 1 $Wheel 2
222 13 -0.92 -443 444 imp:n,p 1 $Wheel 2
23 13 -0.92 -45 46 imp:n,p 1 $Wheel 3
231 13 -0.92 -461 462 imp:n,p 1 $Wheel 3
232 13 -0.92 -463 464 imp:n,p 1 $Wheel 3
24 13 -0.92 -47 48 imp:n,p 1 $Wheel 4
241 13 -0.92 -481 482 imp:n,p 1 $Wheel 4
242 13 -0.92 -483 484 imp:n,p 1 $Wheel 4
c
c @@@@@@@@@@ SOIL VOLUME @@@@@@@@@@@
c
300000 400000 -2.156 20010 -20011 20020 -20021 20030 -20031 imp:n,p 1
300001 400001 -2.156 20010 -20011 20020 -20021 20031 -20032 imp:n,p 1
300002 400002 -2.156 20010 -20011 20020 -20021 20032 -20033 imp:n,p 1
300003 400003 -2.156 20010 -20011 20020 -20021 20033 -20034 imp:n,p 1
300004 400004 -2.156 20010 -20011 20020 -20021 20034 -20035 imp:n,p 1
300005 400005 -2.156 20011 -20012 20020 -20021 20030 -20031 imp:n,p 1
300006 400006 -2.156 20011 -20012 20020 -20021 20031 -20032 imp:n,p 1
300007 400007 -2.156 20011 -20012 20020 -20021 20032 -20033 imp:n,p 1
300008 400008 -2.156 20011 -20012 20020 -20021 20033 -20034 imp:n,p 1
300009 400009 -2.156 20011 -20012 20020 -20021 20034 -20035 imp:n,p 1
300010 400010 -2.156 20012 -20013 20020 -20021 20030 -20031 imp:n,p 1
300011 400011 -2.156 20012 -20013 20020 -20021 20031 -20032 imp:n,p 1
300012 400012 -2.156 20012 -20013 20020 -20021 20032 -20033 imp:n,p 1
300013 400013 -2.156 20012 -20013 20020 -20021 20033 -20034 imp:n,p 1
300014 400014 -2.156 20012 -20013 20020 -20021 20034 -20035 imp:n,p 1
300015 400015 -2.156 20013 -20014 20020 -20021 20030 -20031 imp:n,p 1
300016 400016 -2.156 20013 -20014 20020 -20021 20031 -20032 imp:n,p 1
300017 400017 -2.156 20013 -20014 20020 -20021 20032 -20033 imp:n,p 1
300018 400018 -2.156 20013 -20014 20020 -20021 20033 -20034 imp:n,p 1
300019 400019 -2.156 20013 -20014 20020 -20021 20034 -20035 imp:n,p 1
300020 400020 -2.156 20014 -20015 20020 -20021 20030 -20031 imp:n,p 1
300021 400021 -2.156 20014 -20015 20020 -20021 20031 -20032 imp:n,p 1
300022 400022 -2.156 20014 -20015 20020 -20021 20032 -20033 imp:n,p 1
300023 400023 -2.156 20014 -20015 20020 -20021 20033 -20034 imp:n,p 1
300024 400024 -2.156 20014 -20015 20020 -20021 20034 -20035 imp:n,p 1
300025 400025 -2.156 20010 -20011 20021 -20022 20030 -20031 imp:n,p 1
300026 400026 -2.156 20010 -20011 20021 -20022 20031 -20032 imp:n,p 1
300027 400027 -2.156 20010 -20011 20021 -20022 20032 -20033 imp:n,p 1
300028 400028 -2.156 20010 -20011 20021 -20022 20033 -20034 imp:n,p 1
300029 400029 -2.156 20010 -20011 20021 -20022 20034 -20035 imp:n,p 1
300030 400030 -2.156 20011 -20012 20021 -20022 20030 -20031 imp:n,p 1
300031 400031 -2.156 20011 -20012 20021 -20022 20031 -20032 imp:n,p 1
300032 400032 -2.156 20011 -20012 20021 -20022 20032 -20033 imp:n,p 1
300033 400033 -2.156 20011 -20012 20021 -20022 20033 -20034 imp:n,p 1
300034 400034 -2.156 20011 -20012 20021 -20022 20034 -20035 imp:n,p 1
300035 400035 -2.156 20012 -20013 20021 -20022 20030 -20031 imp:n,p 1
300036 400036 -2.156 20012 -20013 20021 -20022 20031 -20032 imp:n,p 1
300037 400037 -2.156 20012 -20013 20021 -20022 20032 -20033 imp:n,p 1
300038 400038 -2.156 20012 -20013 20021 -20022 20033 -20034 imp:n,p 1
300039 400039 -2.156 20012 -20013 20021 -20022 20034 -20035 imp:n,p 1
300040 400040 -2.156 20013 -20014 20021 -20022 20030 -20031 imp:n,p 1
300041 400041 -2.156 20013 -20014 20021 -20022 20031 -20032 imp:n,p 1
300042 400042 -2.156 20013 -20014 20021 -20022 20032 -20033 imp:n,p 1
300043 400043 -2.156 20013 -20014 20021 -20022 20033 -20034 imp:n,p 1
300044 400044 -2.156 20013 -20014 20021 -20022 20034 -20035 imp:n,p 1
300045 400045 -2.156 20014 -20015 20021 -20022 20030 -20031 imp:n,p 1
300046 400046 -2.156 20014 -20015 20021 -20022 20031 -20032 imp:n,p 1
300047 400047 -2.156 20014 -20015 20021 -20022 20032 -20033 imp:n,p 1
300048 400048 -2.156 20014 -20015 20021 -20022 20033 -20034 imp:n,p 1
300049 400049 -2.156 20014 -20015 20021 -20022 20034 -20035 imp:n,p 1
300050 400050 -2.156 20010 -20011 20022 -20023 20030 -20031 imp:n,p 1
300051 400051 -2.156 20010 -20011 20022 -20023 20031 -20032 imp:n,p 1
300052 400052 -2.156 20010 -20011 20022 -20023 20032 -20033 imp:n,p 1
300053 400053 -2.156 20010 -20011 20022 -20023 20033 -20034 imp:n,p 1
300054 400054 -2.156 20010 -20011 20022 -20023 20034 -20035 imp:n,p 1
300055 400055 -2.156 20011 -20012 20022 -20023 20030 -20031 imp:n,p 1
300056 400056 -2.156 20011 -20012 20022 -20023 20031 -20032 imp:n,p 1
300057 400057 -2.156 20011 -20012 20022 -20023 20032 -20033 imp:n,p 1
300058 400058 -2.156 20011 -20012 20022 -20023 20033 -20034 imp:n,p 1
300059 400059 -2.156 20011 -20012 20022 -20023 20034 -20035 imp:n,p 1
300060 400060 -2.156 20012 -20013 20022 -20023 20030 -20031 imp:n,p 1
300061 400061 -2.156 20012 -20013 20022 -20023 20031 -20032 imp:n,p 1
300062 400062 -2.156 20012 -20013 20022 -20023 20032 -20033 imp:n,p 1
300063 400063 -2.156 20012 -20013 20022 -20023 20033 -20034 imp:n,p 1
300064 400064 -2.156 20012 -20013 20022 -20023 20034 -20035 imp:n,p 1
300065 400065 -2.156 20013 -20014 20022 -20023 20030 -20031 imp:n,p 1
300066 400066 -2.156 20013 -20014 20022 -20023 20031 -20032 imp:n,p 1
300067 400067 -2.156 20013 -20014 20022 -20023 20032 -20033 imp:n,p 1
300068 400068 -2.156 20013 -20014 20022 -20023 20033 -20034 imp:n,p 1
300069 400069 -2.156 20013 -20014 20022 -20023 20034 -20035 imp:n,p 1
300070 400070 -2.156 20014 -20015 20022 -20023 20030 -20031 imp:n,p 1
300071 400071 -2.156 20014 -20015 20022 -20023 20031 -20032 imp:n,p 1
300072 400072 -2.156 20014 -20015 20022 -20023 20032 -20033 imp:n,p 1
300073 400073 -2.156 20014 -20015 20022 -20023 20033 -20034 imp:n,p 1
300074 400074 -2.156 20014 -20015 20022 -20023 20034 -20035 imp:n,p 1
300075 400075 -2.156 20010 -20011 20023 -20024 20030 -20031 imp:n,p 1
300076 400076 -2.156 20010 -20011 20023 -20024 20031 -20032 imp:n,p 1
300077 400077 -2.156 20010 -20011 20023 -20024 20032 -20033 imp:n,p 1
300078 400078 -2.156 20010 -20011 20023 -20024 20033 -20034 imp:n,p 1
300079 400079 -2.156 20010 -20011 20023 -20024 20034 -20035 imp:n,p 1
300080 400080 -2.156 20011 -20012 20023 -20024 20030 -20031 imp:n,p 1
300081 400081 -2.156 20011 -20012 20023 -20024 20031 -20032 imp:n,p 1
300082 400082 -2.156 20011 -20012 20023 -20024 20032 -20033 imp:n,p 1
300083 400083 -2.156 20011 -20012 20023 -20024 20033 -20034 imp:n,p 1
300084 400084 -2.156 20011 -20012 20023 -20024 20034 -20035 imp:n,p 1
300085 400085 -2.156 20012 -20013 20023 -20024 20030 -20031 imp:n,p 1
300086 400086 -2.156 20012 -20013 20023 -20024 20031 -20032 imp:n,p 1
300087 400087 -2.156 20012 -20013 20023 -20024 20032 -20033 imp:n,p 1
300088 400088 -2.156 20012 -20013 20023 -20024 20033 -20034 imp:n,p 1
300089 400089 -2.156 20012 -20013 20023 -20024 20034 -20035 imp:n,p 1
300090 400090 -2.156 20013 -20014 20023 -20024 20030 -20031 imp:n,p 1
300091 400091 -2.156 20013 -20014 20023 -20024 20031 -20032 imp:n,p 1
300092 400092 -2.156 20013 -20014 20023 -20024 20032 -20033 imp:n,p 1
300093 400093 -2.156 20013 -20014 20023 -20024 20033 -20034 imp:n,p 1
300094 400094 -2.156 20013 -20014 20023 -20024 20034 -20035 imp:n,p 1
300095 400095 -2.156 20014 -20015 20023 -20024 20030 -20031 imp:n,p 1
300096 400096 -2.156 20014 -20015 20023 -20024 20031 -20032 imp:n,p 1
300097 400097 -2.156 20014 -20015 20023 -20024 20032 -20033 imp:n,p 1
300098 400098 -2.156 20014 -20015 20023 -20024 20033 -20034 imp:n,p 1
300099 400099 -2.156 20014 -20015 20023 -20024 20034 -20035 imp:n,p 1
300100 400100 -2.156 20010 -20011 20024 -20025 20030 -20031 imp:n,p 1
300101 400101 -2.156 20010 -20011 20024 -20025 20031 -20032 imp:n,p 1
300102 400102 -2.156 20010 -20011 20024 -20025 20032 -20033 imp:n,p 1
300103 400103 -2.156 20010 -20011 20024 -20025 20033 -20034 imp:n,p 1
300104 400104 -2.156 20010 -20011 20024 -20025 20034 -20035 imp:n,p 1
300105 400105 -2.156 20011 -20012 20024 -20025 20030 -20031 imp:n,p 1
300106 400106 -2.156 20011 -20012 20024 -20025 20031 -20032 imp:n,p 1
300107 400107 -2.156 20011 -20012 20024 -20025 20032 -20033 imp:n,p 1
300108 400108 -2.156 20011 -20012 20024 -20025 20033 -20034 imp:n,p 1
300109 400109 -2.156 20011 -20012 20024 -20025 20034 -20035 imp:n,p 1
300110 400110 -2.156 20012 -20013 20024 -20025 20030 -20031 imp:n,p 1
300111 400111 -2.156 20012 -20013 20024 -20025 20031 -20032 imp:n,p 1
300112 400112 -2.156 20012 -20013 20024 -20025 20032 -20033 imp:n,p 1
300113 400113 -2.156 20012 -20013 20024 -20025 20033 -20034 imp:n,p 1
300114 400114 -2.156 20012 -20013 20024 -20025 20034 -20035 imp:n,p 1
300115 400115 -2.156 20013 -20014 20024 -20025 20030 -20031 imp:n,p 1
300116 400116 -2.156 20013 -20014 20024 -20025 20031 -20032 imp:n,p 1
300117 400117 -2.156 20013 -20014 20024 -20025 20032 -20033 imp:n,p 1
300118 400118 -2.156 20013 -20014 20024 -20025 20033 -20034 imp:n,p 1
300119 400119 -2.156 20013 -20014 20024 -20025 20034 -20035 imp:n,p 1
300120 400120 -2.156 20014 -20015 20024 -20025 20030 -20031 imp:n,p 1
300121 400121 -2.156 20014 -20015 20024 -20025 20031 -20032 imp:n,p 1
300122 400122 -2.156 20014 -20015 20024 -20025 20032 -20033 imp:n,p 1
300123 400123 -2.156 20014 -20015 20024 -20025 20033 -20034 imp:n,p 1
300124 400124 -2.156 20014 -20015 20024 -20025 20034 -20035 imp:n,p 1
c
30 12 -0.00129 -200 #101 #121 #122 #123 #124 #125 #126 #127 #128 #129 #130 #131 #132 #133
        #21 #211 #212 #22 #221 #222 #23 #231 #232 #24 #241 #242 #20 imp:n,p 1 $Rest of the World
31 0 200 imp:n,p 0 $Outside world

c SURFACE CARDS
c
c Sample Volume
20010 px -56.0
20011 px -33.600000000000364
20012 px -11.200000000000728
20013 px 11.200000000000728
20014 px 33.600000000000364
20015 px 56.0
20020 py -45.0
20021 py -27.0
20022 py -9.0
20023 py 9.0
20024 py 27.0
20025 py 45.0
20030 pz 92.0
20031 pz 82.0
20032 pz 72.0
20033 pz 62.0
20034 pz 52.0
20035 pz 42.0
c Active Detector Region
21 rcc 56  -5.0 -1.0   0.0 20.3 0.0   4.5 $Detector 1 Base center, Hx,Hy,Hz, radius
c Shielding Surfaces
c Shielding Pb
31 rpp 19 29 -7.5 7.5 -11 9 $PbPE xmin xmax ymin ymax zmin zmax
32 rpp 9 19 4 9 -11 9 $Pb xmin xmax ymin ymax zmin zmax
33 rpp 9 19 -9 -4 -11 9 $Pb xmin xmax ymin ymax zmin zmax
34 rpp 19 29 7.5 12.5 -11 9 $Pb xmin xmax ymin ymax zmin zmax
35 rpp 19 29 -12.5 -7.5 -11 9 $Pb xmin xmax ymin ymax zmin zmax
36 rpp 29 34 -15 15 -11 9 $Pb xmin xmax ymin ymax zmin zmax
37 rpp 9 19 -4 4 4 9 $Pb xmin xmax ymin ymax zmin zmax
38 rpp -26 26 18 28 -11 9 $BA1 xmin xmax ymin ymax zmin zmax
39 rpp -26 26 -28 -18 -11 9 $BA2 xmin xmax ymin ymax zmin zmax
40 rpp -65 65 -28 28 10 10.5 $Al xmin xmax ymin ymax zmin zmax
401 rpp -27 27 29 34 -11 9 $Fe xmin xmax ymin ymax zmin zmax
402 rpp -27 27 -34 -29 -11 9 $Fe xmin xmax ymin ymax zmin zmax
301 px -20
302 px 18
303 cx 3.71
304 cx 3.81
c Wheels Surfaces
c 23/10.5-12 turf tires, 22.6 lb rubber
c diameter 29cm, tread width 25cm, and sidewall height 13.76 cm
c set thickness of all sides 1.3 cm (s.t. weight is 22.6 lb)
41 rcc -2 77 8   0.0 25 0.0 29 $wheel 1 outer tread surface
42 rcc -2 77 8   0.0 25 0.0 27.7 $wheel 1 inner tread surface
421 rcc -2 75.7 8   0.0 1.3 0.0 29 $wheel 1 outside sidewall exterior
422 rcc -2 75.7 8   0.0 1.3 0.0 15.24 $wheel 1 outside sidewall interior
423 rcc -2 102 8   0.0 1.3 0.0 29 $wheel 1 inside sidewall exterior
424 rcc -2 102 8   0.0 1.3 0.0 15.24 $wheel 1 inside sidewall interior
43 rcc 68 77 8   0.0 25 0.0 29 $wheel 2
44 rcc 68 77 8   0.0 25 0.0 27.7
441 rcc 68 75.7 8   0.0 1.3 0.0 29
442 rcc 68 75.7 8   0.0 1.3 0.0 15.24
443 rcc 68 102 8   0.0 1.3 0.0 29
444 rcc 68 102 8   0.0 1.3 0.0 15.24
45 rcc -2 -77 8   0.0 -25 0.0 29 $wheel 3
46 rcc -2 -77 8   0.0 -25 0.0 27.7
461 rcc -2 -75.7 8   0.0 -1.3 0.0 29
462 rcc -2 -75.7 8   0.0 -1.3 0.0 15.24
463 rcc -2 -102 8   0.0 -1.3 0.0 29
464 rcc -2 -102 8   0.0 -1.3 0.0 15.24
47 rcc 68 -77 8   0.0 -25 0.0 29 $wheel 4
48 rcc 68 -77 8   0.0 -25 0.0 27.7
481 rcc 68 -75.7 8   0.0 -1.3 0.0 29
482 rcc 68 -75.7 8   0.0 -1.3 0.0 15.24
483 rcc 68 -102 8   0.0 -1.3 0.0 29
484 rcc 68 -102 8   0.0 -1.3 0.0 15.24
200 so 800    $sphere of 800cm centered at origin
c

c DATA CARDS
mode n p
c dump every hr
prdmp -60 -60 -1
c 100 keV Neutron Energy Cutoff
Cut:n 1j 0.1
c analog neutron transport
phys:n 1j 14
phys:p
sdef pos=0 0 0 erg=14.0 vec= 0 0 1 dir=d1
si1  -1 .93 1
sp1   0  0.0  1.0
c ********************
c begin material cards
c ********************
c Pure Carbon
c ****************************************
m400000 6000 -0.003996479537462912 7000 -0.003996479537462912 14000 -0.9920070409250741 
m400001 6000 -0.00316613801935781 7000 -0.00316613801935781 14000 -0.9936677239612841 
m400002 6000 -0.003869941107606636 7000 -0.003869941107606636 14000 -0.9922601177847867 
m400003 6000 -0.0059043542160063444 7000 -0.0059043542160063444 14000 -0.9881912915679872 
m400004 6000 -0.00941476726529284 7000 -0.00941476726529284 14000 -0.9811704654694143 
m400005 6000 -0.0039047767162323603 7000 -0.0039047767162323603 14000 -0.9921904465675353 
m400006 6000 -0.0031668673296013777 7000 -0.0031668673296013777 14000 -0.9936662653407973 
m400007 6000 -0.003716912223388765 7000 -0.003716912223388765 14000 -0.9925661755532224 
m400008 6000 -0.005670044793467133 7000 -0.005670044793467133 14000 -0.9886599104130657 
m400009 6000 -0.009094215689994682 7000 -0.009094215689994682 14000 -0.9818115686200105 
m400010 6000 -0.004206008255248289 7000 -0.004206008255248289 14000 -0.9915879834895037 
m400011 6000 -0.0031664323987583994 7000 -0.0031664323987583994 14000 -0.9936671352024834 
m400012 6000 -0.003772840644260062 7000 -0.003772840644260062 14000 -0.9924543187114797 
m400013 6000 -0.005500555274054784 7000 -0.005500555274054784 14000 -0.9889988894518907 
m400014 6000 -0.009803710905705323 7000 -0.009803710905705323 14000 -0.9803925781885892 
m400015 6000 -0.003784920747409596 7000 -0.003784920747409596 14000 -0.9924301585051808 
m400016 6000 -0.0031424689524859077 7000 -0.0031424689524859077 14000 -0.9937150620950282 
m400017 6000 -0.003840723649341467 7000 -0.003840723649341467 14000 -0.9923185527013172 
m400018 6000 -0.005496349346023119 7000 -0.005496349346023119 14000 -0.9890073013079537 
m400019 6000 -0.0091537416200657 7000 -0.0091537416200657 14000 -0.9816925167598686 
m400020 6000 -0.004118621548506468 7000 -0.004118621548506468 14000 -0.9917627569029874 
m400021 6000 -0.0031919301754834094 7000 -0.0031919301754834094 14000 -0.9936161396490333 
m400022 6000 -0.0036480432301234014 7000 -0.0036480432301234014 14000 -0.9927039135397535 
m400023 6000 -0.005708881336103093 7000 -0.005708881336103093 14000 -0.9885822373277938 
m400024 6000 -0.009411240385285194 7000 -0.009411240385285194 14000 -0.9811775192294298 
m400025 6000 -0.004551877399265341 7000 -0.004551877399265341 14000 -0.9908962452014696 
m400026 6000 -0.0031303201991975415 7000 -0.0031303201991975415 14000 -0.9937393596016051 
m400027 6000 -0.003880953261660677 7000 -0.003880953261660677 14000 -0.9922380934766788 
m400028 6000 -0.005816222244325188 7000 -0.005816222244325188 14000 -0.9883675555113497 
m400029 6000 -0.009388028530925064 7000 -0.009388028530925064 14000 -0.9812239429381501 
m400030 6000 -0.0038335342078178263 7000 -0.0038335342078178263 14000 -0.9923329315843642 
m400031 6000 -0.003161661293119271 7000 -0.003161661293119271 14000 -0.9936766774137612 
m400032 6000 -0.0037443494245814374 7000 -0.0037443494245814374 14000 -0.9925113011508366 
m400033 6000 -0.005838221735727005 7000 -0.005838221735727005 14000 -0.9883235565285458 
m400034 6000 -0.009308188824570553 7000 -0.009308188824570553 14000 -0.9813836223508585 
m400035 6000 -0.003835228855572208 7000 -0.003835228855572208 14000 -0.9923295422888557 
m400036 6000 -0.0031684779022494738 7000 -0.0031684779022494738 14000 -0.993663044195501 
m400037 6000 -0.0037714156474081195 7000 -0.0037714156474081195 14000 -0.9924571687051837 
m400038 6000 -0.005350675295049281 7000 -0.005350675295049281 14000 -0.9892986494099012 
m400039 6000 -0.008681760264436462 7000 -0.008681760264436462 14000 -0.982636479471127 
m400040 6000 -0.003953526128581104 7000 -0.003953526128581104 14000 -0.9920929477428377 
m400041 6000 -0.0031248561048045132 7000 -0.0031248561048045132 14000 -0.993750287790391 
m400042 6000 -0.0036842823428831282 7000 -0.0036842823428831282 14000 -0.9926314353142334 
m400043 6000 -0.005883637382245784 7000 -0.005883637382245784 14000 -0.9882327252355086 
m400044 6000 -0.008956569701396857 7000 -0.008956569701396857 14000 -0.9820868605972063 
m400045 6000 -0.00427286552934156 7000 -0.00427286552934156 14000 -0.991454268941317 
m400046 6000 -0.0031790164416890744 7000 -0.0031790164416890744 14000 -0.993641967116622 
m400047 6000 -0.0037871459997230197 7000 -0.0037871459997230197 14000 -0.9924257080005541 
m400048 6000 -0.0055158613584795745 7000 -0.0055158613584795745 14000 -0.9889682772830407 
m400049 6000 -0.009546623891084878 7000 -0.009546623891084878 14000 -0.9809067522178304 
m400050 6000 -0.00393455406916351 7000 -0.00393455406916351 14000 -0.9921308918616729 
m400051 6000 -0.0030588445175370317 7000 -0.0030588445175370317 14000 -0.9938823109649261 
m400052 6000 -0.003525215815361574 7000 -0.003525215815361574 14000 -0.9929495683692768 
m400053 6000 -0.005811091755598055 7000 -0.005811091755598055 14000 -0.988377816488804 
m400054 6000 -0.008661922878027374 7000 -0.008661922878027374 14000 -0.982676154243945 
m400055 6000 -0.003954913879672826 7000 -0.003954913879672826 14000 -0.9920901722406543 
m400056 6000 -0.0031276435069598728 7000 -0.0031276435069598728 14000 -0.9937447129860806 
m400057 6000 -0.0036282071645237666 7000 -0.0036282071645237666 14000 -0.9927435856709524 
m400058 6000 -0.0059892585029864345 7000 -0.0059892585029864345 14000 -0.9880214829940271 
m400059 6000 -0.009073881346113193 7000 -0.009073881346113193 14000 -0.9818522373077739 
m400060 6000 -0.0039009913408374216 7000 -0.0039009913408374216 14000 -0.9921980173183255 
m400061 6000 -0.00317448037961679 7000 -0.00317448037961679 14000 -0.9936510392407664 
m400062 6000 -0.0035693092232338412 7000 -0.0035693092232338412 14000 -0.9928613815535323 
m400063 6000 -0.005681307533372405 7000 -0.005681307533372405 14000 -0.9886373849332553 
m400064 6000 -0.009630953240080696 7000 -0.009630953240080696 14000 -0.9807380935198385 
m400065 6000 -0.004004745627123097 7000 -0.004004745627123097 14000 -0.9919905087457542 
m400066 6000 -0.003117121170096283 7000 -0.003117121170096283 14000 -0.9937657576598076 
m400067 6000 -0.0038864622088462374 7000 -0.0038864622088462374 14000 -0.9922270755823078 
m400068 6000 -0.005570953991400429 7000 -0.005570953991400429 14000 -0.988858092017199 
m400069 6000 -0.009443678936106854 7000 -0.009443678936106854 14000 -0.9811126421277863 
m400070 6000 -0.004028722370773955 7000 -0.004028722370773955 14000 -0.9919425552584518 
m400071 6000 -0.0031781299576759178 7000 -0.0031781299576759178 14000 -0.9936437400846482 
m400072 6000 -0.0036841950459160404 7000 -0.0036841950459160404 14000 -0.9926316099081681 
m400073 6000 -0.005869100413058508 7000 -0.005869100413058508 14000 -0.9882617991738831 
m400074 6000 -0.00871009808900465 7000 -0.00871009808900465 14000 -0.9825798038219906 
m400075 6000 -0.004247465383120833 7000 -0.004247465383120833 14000 -0.9915050692337585 
m400076 6000 -0.00315020685751268 7000 -0.00315020685751268 14000 -0.9936995862849745 
m400077 6000 -0.0037623685438725085 7000 -0.0037623685438725085 14000 -0.9924752629122549 
m400078 6000 -0.005808916329879506 7000 -0.005808916329879506 14000 -0.9883821673402409 
m400079 6000 -0.009323674765873561 7000 -0.009323674765873561 14000 -0.9813526504682527 
m400080 6000 -0.004023032250044818 7000 -0.004023032250044818 14000 -0.9919539354999101 
m400081 6000 -0.003186746244472556 7000 -0.003186746244472556 14000 -0.9936265075110547 
m400082 6000 -0.003797593311425039 7000 -0.003797593311425039 14000 -0.9924048133771498 
m400083 6000 -0.005953536583299718 7000 -0.005953536583299718 14000 -0.9880929268334003 
m400084 6000 -0.009488743463697557 7000 -0.009488743463697557 14000 -0.9810225130726047 
m400085 6000 -0.004009883344037319 7000 -0.004009883344037319 14000 -0.9919802333119254 
m400086 6000 -0.0031466822890364636 7000 -0.0031466822890364636 14000 -0.9937066354219272 
m400087 6000 -0.0037784183613836196 7000 -0.0037784183613836196 14000 -0.9924431632772326 
m400088 6000 -0.005672620431570168 7000 -0.005672620431570168 14000 -0.98865475913686 
m400089 6000 -0.009245435818873523 7000 -0.009245435818873523 14000 -0.9815091283622531 
m400090 6000 -0.004156027270511635 7000 -0.004156027270511635 14000 -0.991687945458977 
m400091 6000 -0.0031614476453409013 7000 -0.0031614476453409013 14000 -0.993677104709318 
m400092 6000 -0.003704498567789738 7000 -0.003704498567789738 14000 -0.9925910028644204 
m400093 6000 -0.005478097701547699 7000 -0.005478097701547699 14000 -0.9890438045969046 
m400094 6000 -0.009078611964492422 7000 -0.009078611964492422 14000 -0.9818427760710152 
m400095 6000 -0.004056890090744546 7000 -0.004056890090744546 14000 -0.991886219818511 
m400096 6000 -0.0031559856792810785 7000 -0.0031559856792810785 14000 -0.9936880286414378 
m400097 6000 -0.0037933747477802483 7000 -0.0037933747477802483 14000 -0.9924132505044396 
m400098 6000 -0.005764418036275365 7000 -0.005764418036275365 14000 -0.988471163927449 
m400099 6000 -0.008855935852086718 7000 -0.008855935852086718 14000 -0.9822881282958263 
m400100 6000 -0.0040017545155411225 7000 -0.0040017545155411225 14000 -0.9919964909689176 
m400101 6000 -0.0031641200386975403 7000 -0.0031641200386975403 14000 -0.9936717599226047 
m400102 6000 -0.0038572889484622536 7000 -0.0038572889484622536 14000 -0.9922854221030751 
m400103 6000 -0.0058147362848746465 7000 -0.0058147362848746465 14000 -0.9883705274302507 
m400104 6000 -0.008868941690442915 7000 -0.008868941690442915 14000 -0.9822621166191139 
m400105 6000 -0.003999273044036251 7000 -0.003999273044036251 14000 -0.9920014539119276 
m400106 6000 -0.0031940812229587622 7000 -0.0031940812229587622 14000 -0.9936118375540823 
m400107 6000 -0.003631605937029995 7000 -0.003631605937029995 14000 -0.9927367881259397 
m400108 6000 -0.005492981166539495 7000 -0.005492981166539495 14000 -0.9890140376669211 
m400109 6000 -0.009260103884403313 7000 -0.009260103884403313 14000 -0.9814797922311932 
m400110 6000 -0.0040075505016146425 7000 -0.0040075505016146425 14000 -0.9919848989967709 
m400111 6000 -0.003156631005872982 7000 -0.003156631005872982 14000 -0.9936867379882542 
m400112 6000 -0.003551662013530347 7000 -0.003551662013530347 14000 -0.9928966759729394 
m400113 6000 -0.005961370519549706 7000 -0.005961370519549706 14000 -0.9880772589609006 
m400114 6000 -0.009269012500110994 7000 -0.009269012500110994 14000 -0.9814619749997778 
m400115 6000 -0.00423026593857499 7000 -0.00423026593857499 14000 -0.99153946812285 
m400116 6000 -0.003215005521917929 7000 -0.003215005521917929 14000 -0.9935699889561639 
m400117 6000 -0.0036494638893141656 7000 -0.0036494638893141656 14000 -0.9927010722213716 
m400118 6000 -0.005805968603904255 7000 -0.005805968603904255 14000 -0.9883880627921916 
m400119 6000 -0.008878413704316516 7000 -0.008878413704316516 14000 -0.982243172591367 
m400120 6000 -0.004121630361027324 7000 -0.004121630361027324 14000 -0.9917567392779452 
m400121 6000 -0.0031441822846058533 7000 -0.0031441822846058533 14000 -0.9937116354307882 
m400122 6000 -0.0036591259899794713 7000 -0.0036591259899794713 14000 -0.9926817480200412 
m400123 6000 -0.006006186279507829 7000 -0.006006186279507829 14000 -0.9879876274409845 
m400124 6000 -0.009076196712754885 7000 -0.009076196712754885 14000 -0.9818476065744902 
c **********************************
c PE+Pb, dens=4.78 g/cm3
m2      6000    -0.04286 $Carbon
        1001    -0.00714 $Hydrogen
        82000   -0.95000 $Lead
c **********************************
m3    1001 -0.048535 $Boric acid
      5010 -0.034981
      5011 -0.139923
      8016 -0.776561
c **********************************
m4    82000 1 $Lead
c **********************************
m5 26000 1 $Iron
c **********************************
m6     13027   -1.000 $ Aluminum
c **********************************
c  SS-304 (8.00 g/cm3), #298 in PNNL Compendium
m7   006000.50c -0.0004000
     014000.60c -0.0050000
     015031.50c -0.0002300
     016000.60c -0.0001500
     024000.50c -0.1899981
     025055.60c -0.0099999
     026000.50c -0.7017229
     028000.50c -0.0924991
c ****************************************
c       LaBr detector
c ****************************************
m8       35079    -0.2946       $ Br79
         35081    -0.3069       $ Br81
         57139    -0.3485       $ La139
         58140    -0.0500       $ Ce140
c ************ air den=1.15e-3g/cc
m12     8016 -0.23
        7014 -0.77
c ************ Rubber Natural den=0.92 g/cc
m13     1001 -0.118371  $weight fraction
        6000 -0.881629
c
c end material cards
c
rand seed=8674536546524321 $different initial random #; seed# - any less 18 digits
c
c ********** begin tallies *********************
fc78 *********Broadened Pulse Height Tally Sum of Detectors 1,2 & 3 ***********
e78 0 1e-5 932i 8.4295
F78:p (101)
FT78 GEB -0.026198 0.059551 -0.037176
fc18 *********Unbroadened Pulse Height Tally Sum of Detectors 1,2 & 3 ***********
e18 0 1e-5 932i 8.4295
F18:p (101)
c ***********************************
c mplot tal 78 freq 10000
nps 1e9
