c CAS DETECTOR
c w/ Shielding in Place and Wheels
c
c CELL CARDS
c
c @@@@@@@@@@ Detectors @@@@@@@@@@@@@@@@@
c
101 8 -5.08 -21 imp:n,p 1 $LaBr Detector #1 Active Region
c
c @@@@@@@@@ Shielding @@@@@@@@@@@@@@@@@
c
121 2 -4.78 -31 imp:n,p 1 $PE_Pb
122 4 -11.29 -32 imp:n,p 1 $Pb1
123 4 -11.29 -33 imp:n,p 1 $Pb2
124 4 -11.29 -34 imp:n,p 1 $Pb3
125 4 -11.29 -35 imp:n,p 1 $Pb4
126 4 -11.29 -36 imp:n,p 1 $Pb5
127 4 -11.29 -37 imp:n,p 1 $Pb6
128 3 -1.5 -38 imp:n,p 1 $BA1
129 3 -1.5 -39 imp:n,p 1 $BA2
130 6 -2.7 -40 imp:n,p 1 $Al
131 7 -7.92 301 -302 303 -304 imp:n,p 1 $Fe-tube
132 5 -7.8 -401 imp:n,p 1 $Fe
133 5 -7.8 -402 imp:n,p 1 $Fe
c @@@@@@@@@@ Wheels @@@@@@@@@@@@@@@@@
c
21 13 -0.92 -41 42 imp:n,p 1 $Wheel 1
211 13 -0.92 -421 422 imp:n,p 1 $Wheel 1
212 13 -0.92 -423 424 imp:n,p 1 $Wheel 1
22 13 -0.92 -43 44 imp:n,p 1 $Wheel 2
221 13 -0.92 -441 442 imp:n,p 1 $Wheel 2
222 13 -0.92 -443 444 imp:n,p 1 $Wheel 2
23 13 -0.92 -45 46 imp:n,p 1 $Wheel 3
231 13 -0.92 -461 462 imp:n,p 1 $Wheel 3
232 13 -0.92 -463 464 imp:n,p 1 $Wheel 3
24 13 -0.92 -47 48 imp:n,p 1 $Wheel 4
241 13 -0.92 -481 482 imp:n,p 1 $Wheel 4
242 13 -0.92 -483 484 imp:n,p 1 $Wheel 4
c
c @@@@@@@@@@ SOIL VOLUME @@@@@@@@@@@
c
300000 400000 -2.156 20010 -20011 20020 -20021 20030 -20031 imp:n,p 1
300001 400001 -2.156 20010 -20011 20020 -20021 20031 -20032 imp:n,p 1
300002 400002 -2.156 20010 -20011 20020 -20021 20032 -20033 imp:n,p 1
300003 400003 -2.156 20010 -20011 20020 -20021 20033 -20034 imp:n,p 1
300004 400004 -2.156 20010 -20011 20020 -20021 20034 -20035 imp:n,p 1
300005 400005 -2.156 20011 -20012 20020 -20021 20030 -20031 imp:n,p 1
300006 400006 -2.156 20011 -20012 20020 -20021 20031 -20032 imp:n,p 1
300007 400007 -2.156 20011 -20012 20020 -20021 20032 -20033 imp:n,p 1
300008 400008 -2.156 20011 -20012 20020 -20021 20033 -20034 imp:n,p 1
300009 400009 -2.156 20011 -20012 20020 -20021 20034 -20035 imp:n,p 1
300010 400010 -2.156 20012 -20013 20020 -20021 20030 -20031 imp:n,p 1
300011 400011 -2.156 20012 -20013 20020 -20021 20031 -20032 imp:n,p 1
300012 400012 -2.156 20012 -20013 20020 -20021 20032 -20033 imp:n,p 1
300013 400013 -2.156 20012 -20013 20020 -20021 20033 -20034 imp:n,p 1
300014 400014 -2.156 20012 -20013 20020 -20021 20034 -20035 imp:n,p 1
300015 400015 -2.156 20013 -20014 20020 -20021 20030 -20031 imp:n,p 1
300016 400016 -2.156 20013 -20014 20020 -20021 20031 -20032 imp:n,p 1
300017 400017 -2.156 20013 -20014 20020 -20021 20032 -20033 imp:n,p 1
300018 400018 -2.156 20013 -20014 20020 -20021 20033 -20034 imp:n,p 1
300019 400019 -2.156 20013 -20014 20020 -20021 20034 -20035 imp:n,p 1
300020 400020 -2.156 20014 -20015 20020 -20021 20030 -20031 imp:n,p 1
300021 400021 -2.156 20014 -20015 20020 -20021 20031 -20032 imp:n,p 1
300022 400022 -2.156 20014 -20015 20020 -20021 20032 -20033 imp:n,p 1
300023 400023 -2.156 20014 -20015 20020 -20021 20033 -20034 imp:n,p 1
300024 400024 -2.156 20014 -20015 20020 -20021 20034 -20035 imp:n,p 1
300025 400025 -2.156 20010 -20011 20021 -20022 20030 -20031 imp:n,p 1
300026 400026 -2.156 20010 -20011 20021 -20022 20031 -20032 imp:n,p 1
300027 400027 -2.156 20010 -20011 20021 -20022 20032 -20033 imp:n,p 1
300028 400028 -2.156 20010 -20011 20021 -20022 20033 -20034 imp:n,p 1
300029 400029 -2.156 20010 -20011 20021 -20022 20034 -20035 imp:n,p 1
300030 400030 -2.156 20011 -20012 20021 -20022 20030 -20031 imp:n,p 1
300031 400031 -2.156 20011 -20012 20021 -20022 20031 -20032 imp:n,p 1
300032 400032 -2.156 20011 -20012 20021 -20022 20032 -20033 imp:n,p 1
300033 400033 -2.156 20011 -20012 20021 -20022 20033 -20034 imp:n,p 1
300034 400034 -2.156 20011 -20012 20021 -20022 20034 -20035 imp:n,p 1
300035 400035 -2.156 20012 -20013 20021 -20022 20030 -20031 imp:n,p 1
300036 400036 -2.156 20012 -20013 20021 -20022 20031 -20032 imp:n,p 1
300037 400037 -2.156 20012 -20013 20021 -20022 20032 -20033 imp:n,p 1
300038 400038 -2.156 20012 -20013 20021 -20022 20033 -20034 imp:n,p 1
300039 400039 -2.156 20012 -20013 20021 -20022 20034 -20035 imp:n,p 1
300040 400040 -2.156 20013 -20014 20021 -20022 20030 -20031 imp:n,p 1
300041 400041 -2.156 20013 -20014 20021 -20022 20031 -20032 imp:n,p 1
300042 400042 -2.156 20013 -20014 20021 -20022 20032 -20033 imp:n,p 1
300043 400043 -2.156 20013 -20014 20021 -20022 20033 -20034 imp:n,p 1
300044 400044 -2.156 20013 -20014 20021 -20022 20034 -20035 imp:n,p 1
300045 400045 -2.156 20014 -20015 20021 -20022 20030 -20031 imp:n,p 1
300046 400046 -2.156 20014 -20015 20021 -20022 20031 -20032 imp:n,p 1
300047 400047 -2.156 20014 -20015 20021 -20022 20032 -20033 imp:n,p 1
300048 400048 -2.156 20014 -20015 20021 -20022 20033 -20034 imp:n,p 1
300049 400049 -2.156 20014 -20015 20021 -20022 20034 -20035 imp:n,p 1
300050 400050 -2.156 20010 -20011 20022 -20023 20030 -20031 imp:n,p 1
300051 400051 -2.156 20010 -20011 20022 -20023 20031 -20032 imp:n,p 1
300052 400052 -2.156 20010 -20011 20022 -20023 20032 -20033 imp:n,p 1
300053 400053 -2.156 20010 -20011 20022 -20023 20033 -20034 imp:n,p 1
300054 400054 -2.156 20010 -20011 20022 -20023 20034 -20035 imp:n,p 1
300055 400055 -2.156 20011 -20012 20022 -20023 20030 -20031 imp:n,p 1
300056 400056 -2.156 20011 -20012 20022 -20023 20031 -20032 imp:n,p 1
300057 400057 -2.156 20011 -20012 20022 -20023 20032 -20033 imp:n,p 1
300058 400058 -2.156 20011 -20012 20022 -20023 20033 -20034 imp:n,p 1
300059 400059 -2.156 20011 -20012 20022 -20023 20034 -20035 imp:n,p 1
300060 400060 -2.156 20012 -20013 20022 -20023 20030 -20031 imp:n,p 1
300061 400061 -2.156 20012 -20013 20022 -20023 20031 -20032 imp:n,p 1
300062 400062 -2.156 20012 -20013 20022 -20023 20032 -20033 imp:n,p 1
300063 400063 -2.156 20012 -20013 20022 -20023 20033 -20034 imp:n,p 1
300064 400064 -2.156 20012 -20013 20022 -20023 20034 -20035 imp:n,p 1
300065 400065 -2.156 20013 -20014 20022 -20023 20030 -20031 imp:n,p 1
300066 400066 -2.156 20013 -20014 20022 -20023 20031 -20032 imp:n,p 1
300067 400067 -2.156 20013 -20014 20022 -20023 20032 -20033 imp:n,p 1
300068 400068 -2.156 20013 -20014 20022 -20023 20033 -20034 imp:n,p 1
300069 400069 -2.156 20013 -20014 20022 -20023 20034 -20035 imp:n,p 1
300070 400070 -2.156 20014 -20015 20022 -20023 20030 -20031 imp:n,p 1
300071 400071 -2.156 20014 -20015 20022 -20023 20031 -20032 imp:n,p 1
300072 400072 -2.156 20014 -20015 20022 -20023 20032 -20033 imp:n,p 1
300073 400073 -2.156 20014 -20015 20022 -20023 20033 -20034 imp:n,p 1
300074 400074 -2.156 20014 -20015 20022 -20023 20034 -20035 imp:n,p 1
300075 400075 -2.156 20010 -20011 20023 -20024 20030 -20031 imp:n,p 1
300076 400076 -2.156 20010 -20011 20023 -20024 20031 -20032 imp:n,p 1
300077 400077 -2.156 20010 -20011 20023 -20024 20032 -20033 imp:n,p 1
300078 400078 -2.156 20010 -20011 20023 -20024 20033 -20034 imp:n,p 1
300079 400079 -2.156 20010 -20011 20023 -20024 20034 -20035 imp:n,p 1
300080 400080 -2.156 20011 -20012 20023 -20024 20030 -20031 imp:n,p 1
300081 400081 -2.156 20011 -20012 20023 -20024 20031 -20032 imp:n,p 1
300082 400082 -2.156 20011 -20012 20023 -20024 20032 -20033 imp:n,p 1
300083 400083 -2.156 20011 -20012 20023 -20024 20033 -20034 imp:n,p 1
300084 400084 -2.156 20011 -20012 20023 -20024 20034 -20035 imp:n,p 1
300085 400085 -2.156 20012 -20013 20023 -20024 20030 -20031 imp:n,p 1
300086 400086 -2.156 20012 -20013 20023 -20024 20031 -20032 imp:n,p 1
300087 400087 -2.156 20012 -20013 20023 -20024 20032 -20033 imp:n,p 1
300088 400088 -2.156 20012 -20013 20023 -20024 20033 -20034 imp:n,p 1
300089 400089 -2.156 20012 -20013 20023 -20024 20034 -20035 imp:n,p 1
300090 400090 -2.156 20013 -20014 20023 -20024 20030 -20031 imp:n,p 1
300091 400091 -2.156 20013 -20014 20023 -20024 20031 -20032 imp:n,p 1
300092 400092 -2.156 20013 -20014 20023 -20024 20032 -20033 imp:n,p 1
300093 400093 -2.156 20013 -20014 20023 -20024 20033 -20034 imp:n,p 1
300094 400094 -2.156 20013 -20014 20023 -20024 20034 -20035 imp:n,p 1
300095 400095 -2.156 20014 -20015 20023 -20024 20030 -20031 imp:n,p 1
300096 400096 -2.156 20014 -20015 20023 -20024 20031 -20032 imp:n,p 1
300097 400097 -2.156 20014 -20015 20023 -20024 20032 -20033 imp:n,p 1
300098 400098 -2.156 20014 -20015 20023 -20024 20033 -20034 imp:n,p 1
300099 400099 -2.156 20014 -20015 20023 -20024 20034 -20035 imp:n,p 1
300100 400100 -2.156 20010 -20011 20024 -20025 20030 -20031 imp:n,p 1
300101 400101 -2.156 20010 -20011 20024 -20025 20031 -20032 imp:n,p 1
300102 400102 -2.156 20010 -20011 20024 -20025 20032 -20033 imp:n,p 1
300103 400103 -2.156 20010 -20011 20024 -20025 20033 -20034 imp:n,p 1
300104 400104 -2.156 20010 -20011 20024 -20025 20034 -20035 imp:n,p 1
300105 400105 -2.156 20011 -20012 20024 -20025 20030 -20031 imp:n,p 1
300106 400106 -2.156 20011 -20012 20024 -20025 20031 -20032 imp:n,p 1
300107 400107 -2.156 20011 -20012 20024 -20025 20032 -20033 imp:n,p 1
300108 400108 -2.156 20011 -20012 20024 -20025 20033 -20034 imp:n,p 1
300109 400109 -2.156 20011 -20012 20024 -20025 20034 -20035 imp:n,p 1
300110 400110 -2.156 20012 -20013 20024 -20025 20030 -20031 imp:n,p 1
300111 400111 -2.156 20012 -20013 20024 -20025 20031 -20032 imp:n,p 1
300112 400112 -2.156 20012 -20013 20024 -20025 20032 -20033 imp:n,p 1
300113 400113 -2.156 20012 -20013 20024 -20025 20033 -20034 imp:n,p 1
300114 400114 -2.156 20012 -20013 20024 -20025 20034 -20035 imp:n,p 1
300115 400115 -2.156 20013 -20014 20024 -20025 20030 -20031 imp:n,p 1
300116 400116 -2.156 20013 -20014 20024 -20025 20031 -20032 imp:n,p 1
300117 400117 -2.156 20013 -20014 20024 -20025 20032 -20033 imp:n,p 1
300118 400118 -2.156 20013 -20014 20024 -20025 20033 -20034 imp:n,p 1
300119 400119 -2.156 20013 -20014 20024 -20025 20034 -20035 imp:n,p 1
300120 400120 -2.156 20014 -20015 20024 -20025 20030 -20031 imp:n,p 1
300121 400121 -2.156 20014 -20015 20024 -20025 20031 -20032 imp:n,p 1
300122 400122 -2.156 20014 -20015 20024 -20025 20032 -20033 imp:n,p 1
300123 400123 -2.156 20014 -20015 20024 -20025 20033 -20034 imp:n,p 1
300124 400124 -2.156 20014 -20015 20024 -20025 20034 -20035 imp:n,p 1
c
30 12 -0.00129 -200 #101 #121 #122 #123 #124 #125 #126 #127 #128 #129 #130 #131 #132 #133
        #21 #211 #212 #22 #221 #222 #23 #231 #232 #24 #241 #242 #20 imp:n,p 1 $Rest of the World
31 0 200 imp:n,p 0 $Outside world

c SURFACE CARDS
c
c Sample Volume
20010 px -56.0
20011 px -33.60000000000002
20012 px -11.199999999999989
20013 px 11.199999999999989
20014 px 33.60000000000002
20015 px 56.0
20020 py -45.0
20021 py -27.0
20022 py -9.0
20023 py 9.0
20024 py 27.0
20025 py 45.0
20030 pz 92.0
20031 pz 82.0
20032 pz 72.0
20033 pz 62.0
20034 pz 52.0
20035 pz 42.0
c Active Detector Region
21 rcc 56  -5.0 -1.0   0.0 20.3 0.0   4.5 $Detector 1 Base center, Hx,Hy,Hz, radius
c Shielding Surfaces
c Shielding Pb
31 rpp 19 29 -7.5 7.5 -11 9 $PbPE xmin xmax ymin ymax zmin zmax
32 rpp 9 19 4 9 -11 9 $Pb xmin xmax ymin ymax zmin zmax
33 rpp 9 19 -9 -4 -11 9 $Pb xmin xmax ymin ymax zmin zmax
34 rpp 19 29 7.5 12.5 -11 9 $Pb xmin xmax ymin ymax zmin zmax
35 rpp 19 29 -12.5 -7.5 -11 9 $Pb xmin xmax ymin ymax zmin zmax
36 rpp 29 34 -15 15 -11 9 $Pb xmin xmax ymin ymax zmin zmax
37 rpp 9 19 -4 4 4 9 $Pb xmin xmax ymin ymax zmin zmax
38 rpp -26 26 18 28 -11 9 $BA1 xmin xmax ymin ymax zmin zmax
39 rpp -26 26 -28 -18 -11 9 $BA2 xmin xmax ymin ymax zmin zmax
40 rpp -65 65 -28 28 10 10.5 $Al xmin xmax ymin ymax zmin zmax
401 rpp -27 27 29 34 -11 9 $Fe xmin xmax ymin ymax zmin zmax
402 rpp -27 27 -34 -29 -11 9 $Fe xmin xmax ymin ymax zmin zmax
301 px -20
302 px 18
303 cx 3.71
304 cx 3.81
c Wheels Surfaces
c 23/10.5-12 turf tires, 22.6 lb rubber
c diameter 29cm, tread width 25cm, and sidewall height 13.76 cm
c set thickness of all sides 1.3 cm (s.t. weight is 22.6 lb)
41 rcc -2 77 8   0.0 25 0.0 29 $wheel 1 outer tread surface
42 rcc -2 77 8   0.0 25 0.0 27.7 $wheel 1 inner tread surface
421 rcc -2 75.7 8   0.0 1.3 0.0 29 $wheel 1 outside sidewall exterior
422 rcc -2 75.7 8   0.0 1.3 0.0 15.24 $wheel 1 outside sidewall interior
423 rcc -2 102 8   0.0 1.3 0.0 29 $wheel 1 inside sidewall exterior
424 rcc -2 102 8   0.0 1.3 0.0 15.24 $wheel 1 inside sidewall interior
43 rcc 68 77 8   0.0 25 0.0 29 $wheel 2
44 rcc 68 77 8   0.0 25 0.0 27.7
441 rcc 68 75.7 8   0.0 1.3 0.0 29
442 rcc 68 75.7 8   0.0 1.3 0.0 15.24
443 rcc 68 102 8   0.0 1.3 0.0 29
444 rcc 68 102 8   0.0 1.3 0.0 15.24
45 rcc -2 -77 8   0.0 -25 0.0 29 $wheel 3
46 rcc -2 -77 8   0.0 -25 0.0 27.7
461 rcc -2 -75.7 8   0.0 -1.3 0.0 29
462 rcc -2 -75.7 8   0.0 -1.3 0.0 15.24
463 rcc -2 -102 8   0.0 -1.3 0.0 29
464 rcc -2 -102 8   0.0 -1.3 0.0 15.24
47 rcc 68 -77 8   0.0 -25 0.0 29 $wheel 4
48 rcc 68 -77 8   0.0 -25 0.0 27.7
481 rcc 68 -75.7 8   0.0 -1.3 0.0 29
482 rcc 68 -75.7 8   0.0 -1.3 0.0 15.24
483 rcc 68 -102 8   0.0 -1.3 0.0 29
484 rcc 68 -102 8   0.0 -1.3 0.0 15.24
200 so 800    $sphere of 800cm centered at origin
c

c DATA CARDS
mode n p
c dump every hr
prdmp -60 -60 -1
c 100 keV Neutron Energy Cutoff
Cut:n 1j 0.1
c analog neutron transport
phys:n 1j 14
phys:p
sdef pos=0 0 0 erg=14.0 vec= 0 0 1 dir=d1
si1  -1 .93 1
sp1   0  0.0  1.0
c ********************
c begin material cards
c ********************
c Pure Carbon
c ****************************************
m400000 6000 -0.0040489909435756965 7000 -0.0040489909435756965 14000 -0.991902018112849 
m400001 6000 -0.0030502528153481786 7000 -0.0030502528153481786 14000 -0.9938994943693038 
m400002 6000 -0.003962506485299798 7000 -0.003962506485299798 14000 -0.9920749870294 
m400003 6000 -0.0057372512317161615 7000 -0.0057372512317161615 14000 -0.9885254975365676 
m400004 6000 -0.009154519773120866 7000 -0.009154519773120866 14000 -0.9816909604537585 
m400005 6000 -0.003948061965153354 7000 -0.003948061965153354 14000 -0.9921038760696933 
m400006 6000 -0.0031248208264718197 7000 -0.0031248208264718197 14000 -0.9937503583470563 
m400007 6000 -0.0036855094439191107 7000 -0.0036855094439191107 14000 -0.992628981112162 
m400008 6000 -0.005502230647207884 7000 -0.005502230647207884 14000 -0.9889955387055841 
m400009 6000 -0.009023932947825983 7000 -0.009023932947825983 14000 -0.9819521341043479 
m400010 6000 -0.0038154882563356672 7000 -0.0038154882563356672 14000 -0.9923690234873287 
m400011 6000 -0.003101366303015535 7000 -0.003101366303015535 14000 -0.9937972673939687 
m400012 6000 -0.0037155265814430697 7000 -0.0037155265814430697 14000 -0.9925689468371136 
m400013 6000 -0.005372398300294777 7000 -0.005372398300294777 14000 -0.9892552033994103 
m400014 6000 -0.009102909244735799 7000 -0.009102909244735799 14000 -0.9817941815105284 
m400015 6000 -0.004116842423052719 7000 -0.004116842423052719 14000 -0.9917663151538947 
m400016 6000 -0.003103884891965081 7000 -0.003103884891965081 14000 -0.99379223021607 
m400017 6000 -0.0036428679174272923 7000 -0.0036428679174272923 14000 -0.9927142641651453 
m400018 6000 -0.00569861267024223 7000 -0.00569861267024223 14000 -0.9886027746595153 
m400019 6000 -0.009123576176971758 7000 -0.009123576176971758 14000 -0.9817528476460565 
m400020 6000 -0.004200456125497066 7000 -0.004200456125497066 14000 -0.9915990877490056 
m400021 6000 -0.003083150414604119 7000 -0.003083150414604119 14000 -0.9938336991707919 
m400022 6000 -0.0033925104160201125 7000 -0.0033925104160201125 14000 -0.9932149791679598 
m400023 6000 -0.005352251945480953 7000 -0.005352251945480953 14000 -0.9892954961090383 
m400024 6000 -0.008749062508299469 7000 -0.008749062508299469 14000 -0.9825018749834012 
m400025 6000 -0.004153641176346289 7000 -0.004153641176346289 14000 -0.9916927176473075 
m400026 6000 -0.003100263550194225 7000 -0.003100263550194225 14000 -0.9937994728996117 
m400027 6000 -0.003667326430198461 7000 -0.003667326430198461 14000 -0.9926653471396029 
m400028 6000 -0.006040082645804237 7000 -0.006040082645804237 14000 -0.9879198347083915 
m400029 6000 -0.009272518626094487 7000 -0.009272518626094487 14000 -0.9814549627478112 
m400030 6000 -0.003972275594544158 7000 -0.003972275594544158 14000 -0.9920554488109117 
m400031 6000 -0.0030560383684008247 7000 -0.0030560383684008247 14000 -0.9938879232631984 
m400032 6000 -0.0035957081734521723 7000 -0.0035957081734521723 14000 -0.9928085836530955 
m400033 6000 -0.005944505010201209 7000 -0.005944505010201209 14000 -0.9881109899795978 
m400034 6000 -0.008836689962897016 7000 -0.008836689962897016 14000 -0.9823266200742057 
m400035 6000 -0.0037014062864732713 7000 -0.0037014062864732713 14000 -0.9925971874270535 
m400036 6000 -0.003129357146176822 7000 -0.003129357146176822 14000 -0.9937412857076463 
m400037 6000 -0.003677561073857473 7000 -0.003677561073857473 14000 -0.9926448778522851 
m400038 6000 -0.0058366041192041765 7000 -0.0058366041192041765 14000 -0.9883267917615917 
m400039 6000 -0.008914078107642224 7000 -0.008914078107642224 14000 -0.9821718437847157 
m400040 6000 -0.0038985216871620454 7000 -0.0038985216871620454 14000 -0.9922029566256759 
m400041 6000 -0.00308769220194963 7000 -0.00308769220194963 14000 -0.9938246155961007 
m400042 6000 -0.0037286276907025923 7000 -0.0037286276907025923 14000 -0.9925427446185949 
m400043 6000 -0.005720287311325078 7000 -0.005720287311325078 14000 -0.9885594253773502 
m400044 6000 -0.008946443707820703 7000 -0.008946443707820703 14000 -0.9821071125843585 
m400045 6000 -0.003983958678980892 7000 -0.003983958678980892 14000 -0.9920320826420382 
m400046 6000 -0.0031719188385791793 7000 -0.0031719188385791793 14000 -0.9936561623228417 
m400047 6000 -0.0036285198250286042 7000 -0.0036285198250286042 14000 -0.9927429603499425 
m400048 6000 -0.005691812962858334 7000 -0.005691812962858334 14000 -0.9886163740742835 
m400049 6000 -0.009406815473170141 7000 -0.009406815473170141 14000 -0.9811863690536596 
m400050 6000 -0.0038831066325670837 7000 -0.0038831066325670837 14000 -0.9922337867348656 
m400051 6000 -0.0031343844454922343 7000 -0.0031343844454922343 14000 -0.9937312311090158 
m400052 6000 -0.0035373024260714086 7000 -0.0035373024260714086 14000 -0.9929253951478575 
m400053 6000 -0.005651759519694281 7000 -0.005651759519694281 14000 -0.9886964809606112 
m400054 6000 -0.00929387982794297 7000 -0.00929387982794297 14000 -0.9814122403441142 
m400055 6000 -0.0035823994752624696 7000 -0.0035823994752624696 14000 -0.9928352010494751 
m400056 6000 -0.0031084351067056596 7000 -0.0031084351067056596 14000 -0.9937831297865886 
m400057 6000 -0.0036413321358872825 7000 -0.0036413321358872825 14000 -0.9927173357282257 
m400058 6000 -0.005442361309312972 7000 -0.005442361309312972 14000 -0.9891152773813745 
m400059 6000 -0.009108108940242726 7000 -0.009108108940242726 14000 -0.9817837821195147 
m400060 6000 -0.004104213282221789 7000 -0.004104213282221789 14000 -0.9917915734355565 
m400061 6000 -0.0031372117983839605 7000 -0.0031372117983839605 14000 -0.9937255764032317 
m400062 6000 -0.003812075760192325 7000 -0.003812075760192325 14000 -0.9923758484796156 
m400063 6000 -0.005803379278715364 7000 -0.005803379278715364 14000 -0.9883932414425693 
m400064 6000 -0.008806145087953758 7000 -0.008806145087953758 14000 -0.9823877098240925 
m400065 6000 -0.0038312286961892507 7000 -0.0038312286961892507 14000 -0.9923375426076219 
m400066 6000 -0.0031219492636267616 7000 -0.0031219492636267616 14000 -0.9937561014727465 
m400067 6000 -0.003627871037283022 7000 -0.003627871037283022 14000 -0.9927442579254343 
m400068 6000 -0.005872676885392357 7000 -0.005872676885392357 14000 -0.9882546462292151 
m400069 6000 -0.008959935477685501 7000 -0.008959935477685501 14000 -0.9820801290446287 
m400070 6000 -0.0038708884470349657 7000 -0.0038708884470349657 14000 -0.9922582231059303 
m400071 6000 -0.003059394172850084 7000 -0.003059394172850084 14000 -0.9938812116542999 
m400072 6000 -0.003516173171301395 7000 -0.003516173171301395 14000 -0.9929676536573971 
m400073 6000 -0.005383348131412209 7000 -0.005383348131412209 14000 -0.9892333037371757 
m400074 6000 -0.009078804738788616 7000 -0.009078804738788616 14000 -0.9818423905224226 
m400075 6000 -0.0038532219789771515 7000 -0.0038532219789771515 14000 -0.9922935560420453 
m400076 6000 -0.0030749030917543684 7000 -0.0030749030917543684 14000 -0.9938501938164914 
m400077 6000 -0.003819062745773292 7000 -0.003819062745773292 14000 -0.9923618745084535 
m400078 6000 -0.005868615467663669 7000 -0.005868615467663669 14000 -0.9882627690646725 
m400079 6000 -0.009520728791968998 7000 -0.009520728791968998 14000 -0.9809585424160621 
m400080 6000 -0.0038317861887150356 7000 -0.0038317861887150356 14000 -0.9923364276225702 
m400081 6000 -0.0030733931914903446 7000 -0.0030733931914903446 14000 -0.9938532136170192 
m400082 6000 -0.003646696980976069 7000 -0.003646696980976069 14000 -0.9927066060380476 
m400083 6000 -0.005293949333263333 7000 -0.005293949333263333 14000 -0.9894121013334732 
m400084 6000 -0.008386683936927604 7000 -0.008386683936927604 14000 -0.9832266321261449 
m400085 6000 -0.003995866875706923 7000 -0.003995866875706923 14000 -0.9920082662485865 
m400086 6000 -0.0032196796231065035 7000 -0.0032196796231065035 14000 -0.9935606407537868 
m400087 6000 -0.0037392292408810605 7000 -0.0037392292408810605 14000 -0.992521541518238 
m400088 6000 -0.00539943802771879 7000 -0.00539943802771879 14000 -0.9892011239445625 
m400089 6000 -0.009364778721797877 7000 -0.009364778721797877 14000 -0.9812704425564044 
m400090 6000 -0.004140872933436252 7000 -0.004140872933436252 14000 -0.9917182541331273 
m400091 6000 -0.0031207844511157235 7000 -0.0031207844511157235 14000 -0.9937584310977684 
m400092 6000 -0.0037163705403378926 7000 -0.0037163705403378926 14000 -0.9925672589193243 
m400093 6000 -0.0056208871863713036 7000 -0.0056208871863713036 14000 -0.9887582256272575 
m400094 6000 -0.008735981735652702 7000 -0.008735981735652702 14000 -0.9825280365286945 
m400095 6000 -0.0038296780235906585 7000 -0.0038296780235906585 14000 -0.9923406439528182 
m400096 6000 -0.0031438913263298514 7000 -0.0031438913263298514 14000 -0.9937122173473405 
m400097 6000 -0.0034229908267758365 7000 -0.0034229908267758365 14000 -0.9931540183464483 
m400098 6000 -0.005103376529349046 7000 -0.005103376529349046 14000 -0.989793246941302 
m400099 6000 -0.008360405709195861 7000 -0.008360405709195861 14000 -0.9832791885816082 
m400100 6000 -0.003641482010419805 7000 -0.003641482010419805 14000 -0.9927170359791603 
m400101 6000 -0.003090900220967573 7000 -0.003090900220967573 14000 -0.9938181995580646 
m400102 6000 -0.0037924422967623088 7000 -0.0037924422967623088 14000 -0.9924151154064753 
m400103 6000 -0.005908826390492562 7000 -0.005908826390492562 14000 -0.988182347219015 
m400104 6000 -0.008726700583472455 7000 -0.008726700583472455 14000 -0.9825465988330552 
m400105 6000 -0.004206387508297219 7000 -0.004206387508297219 14000 -0.9915872249834057 
m400106 6000 -0.003111800885423822 7000 -0.003111800885423822 14000 -0.9937763982291523 
m400107 6000 -0.003626952048620254 7000 -0.003626952048620254 14000 -0.9927460959027593 
m400108 6000 -0.005278464291853249 7000 -0.005278464291853249 14000 -0.9894430714162938 
m400109 6000 -0.008586723923796755 7000 -0.008586723923796755 14000 -0.9828265521524066 
m400110 6000 -0.003948737890019479 7000 -0.003948737890019479 14000 -0.9921025242199607 
m400111 6000 -0.0031099235607449233 7000 -0.0031099235607449233 14000 -0.9937801528785104 
m400112 6000 -0.003565029289622962 7000 -0.003565029289622962 14000 -0.992869941420754 
m400113 6000 -0.005717801686023796 7000 -0.005717801686023796 14000 -0.9885643966279523 
m400114 6000 -0.00920772717390126 7000 -0.00920772717390126 14000 -0.9815845456521975 
m400115 6000 -0.003960241225211272 7000 -0.003960241225211272 14000 -0.9920795175495776 
m400116 6000 -0.003123052287451806 7000 -0.003123052287451806 14000 -0.9937538954250965 
m400117 6000 -0.003811189544858937 7000 -0.003811189544858937 14000 -0.992377620910282 
m400118 6000 -0.0060015090977455264 7000 -0.0060015090977455264 14000 -0.987996981804509 
m400119 6000 -0.009339152879327519 7000 -0.009339152879327519 14000 -0.9813216942413453 
m400120 6000 -0.0038701113241520458 7000 -0.0038701113241520458 14000 -0.9922597773516958 
m400121 6000 -0.003132990335002298 7000 -0.003132990335002298 14000 -0.9937340193299952 
m400122 6000 -0.003714585925203109 7000 -0.003714585925203109 14000 -0.9925708281495935 
m400123 6000 -0.005556757720017427 7000 -0.005556757720017427 14000 -0.988886484559965 
m400124 6000 -0.008693572056554811 7000 -0.008693572056554811 14000 -0.9826128558868901 
c **********************************
c PE+Pb, dens=4.78 g/cm3
m2      6000    -0.04286 $Carbon
        1001    -0.00714 $Hydrogen
        82000   -0.95000 $Lead
c **********************************
m3    1001 -0.048535 $Boric acid
      5010 -0.034981
      5011 -0.139923
      8016 -0.776561
c **********************************
m4    82000 1 $Lead
c **********************************
m5 26000 1 $Iron
c **********************************
m6     13027   -1.000 $ Aluminum
c **********************************
c  SS-304 (8.00 g/cm3), #298 in PNNL Compendium
m7   006000.50c -0.0004000
     014000.60c -0.0050000
     015031.50c -0.0002300
     016000.60c -0.0001500
     024000.50c -0.1899981
     025055.60c -0.0099999
     026000.50c -0.7017229
     028000.50c -0.0924991
c ****************************************
c       LaBr detector
c ****************************************
m8       35079    -0.2946       $ Br79
         35081    -0.3069       $ Br81
         57139    -0.3485       $ La139
         58140    -0.0500       $ Ce140
c ************ air den=1.15e-3g/cc
m12     8016 -0.23
        7014 -0.77
c ************ Rubber Natural den=0.92 g/cc
m13     1001 -0.118371  $weight fraction
        6000 -0.881629
c
c end material cards
c
rand seed=8674536546524321 $different initial random #; seed# - any less 18 digits
c
c ********** begin tallies *********************
fc78 *********Broadened Pulse Height Tally Sum of Detectors 1,2 & 3 ***********
e78 0 1e-5 932i 8.4295
F78:p (101)
FT78 GEB -0.026198 0.059551 -0.037176
fc18 *********Unbroadened Pulse Height Tally Sum of Detectors 1,2 & 3 ***********
e18 0 1e-5 932i 8.4295
F18:p (101)
c ***********************************
c mplot tal 78 freq 10000
nps 1e9
