c CAS DETECTOR
c w/ Shielding in Place and Wheels
c
c CELL CARDS
c
c @@@@@@@@@@ Detectors @@@@@@@@@@@@@@@@@
c
101 8 -5.08 -21 imp:n,p 1 $LaBr Detector #1 Active Region
c
c @@@@@@@@@ Shielding @@@@@@@@@@@@@@@@@
c
121 2 -4.78 -31 imp:n,p 1 $PE_Pb
122 4 -11.29 -32 imp:n,p 1 $Pb1
123 4 -11.29 -33 imp:n,p 1 $Pb2
124 4 -11.29 -34 imp:n,p 1 $Pb3
125 4 -11.29 -35 imp:n,p 1 $Pb4
126 4 -11.29 -36 imp:n,p 1 $Pb5
127 4 -11.29 -37 imp:n,p 1 $Pb6
128 3 -1.5 -38 imp:n,p 1 $BA1
129 3 -1.5 -39 imp:n,p 1 $BA2
130 6 -2.7 -40 imp:n,p 1 $Al
131 7 -7.92 301 -302 303 -304 imp:n,p 1 $Fe-tube
132 5 -7.8 -401 imp:n,p 1 $Fe
133 5 -7.8 -402 imp:n,p 1 $Fe
c @@@@@@@@@@ Wheels @@@@@@@@@@@@@@@@@
c
21 13 -0.92 -41 42 imp:n,p 1 $Wheel 1
211 13 -0.92 -421 422 imp:n,p 1 $Wheel 1
212 13 -0.92 -423 424 imp:n,p 1 $Wheel 1
22 13 -0.92 -43 44 imp:n,p 1 $Wheel 2
221 13 -0.92 -441 442 imp:n,p 1 $Wheel 2
222 13 -0.92 -443 444 imp:n,p 1 $Wheel 2
23 13 -0.92 -45 46 imp:n,p 1 $Wheel 3
231 13 -0.92 -461 462 imp:n,p 1 $Wheel 3
232 13 -0.92 -463 464 imp:n,p 1 $Wheel 3
24 13 -0.92 -47 48 imp:n,p 1 $Wheel 4
241 13 -0.92 -481 482 imp:n,p 1 $Wheel 4
242 13 -0.92 -483 484 imp:n,p 1 $Wheel 4
c
c @@@@@@@@@@ SOIL VOLUME @@@@@@@@@@@
c
300000 400000 -2.156 20010 -20011 20020 -20021 20030 -20031 imp:n,p 1
300001 400001 -2.156 20010 -20011 20020 -20021 20031 -20032 imp:n,p 1
300002 400002 -2.156 20010 -20011 20020 -20021 20032 -20033 imp:n,p 1
300003 400003 -2.156 20010 -20011 20020 -20021 20033 -20034 imp:n,p 1
300004 400004 -2.156 20010 -20011 20020 -20021 20034 -20035 imp:n,p 1
300005 400005 -2.156 20011 -20012 20020 -20021 20030 -20031 imp:n,p 1
300006 400006 -2.156 20011 -20012 20020 -20021 20031 -20032 imp:n,p 1
300007 400007 -2.156 20011 -20012 20020 -20021 20032 -20033 imp:n,p 1
300008 400008 -2.156 20011 -20012 20020 -20021 20033 -20034 imp:n,p 1
300009 400009 -2.156 20011 -20012 20020 -20021 20034 -20035 imp:n,p 1
300010 400010 -2.156 20012 -20013 20020 -20021 20030 -20031 imp:n,p 1
300011 400011 -2.156 20012 -20013 20020 -20021 20031 -20032 imp:n,p 1
300012 400012 -2.156 20012 -20013 20020 -20021 20032 -20033 imp:n,p 1
300013 400013 -2.156 20012 -20013 20020 -20021 20033 -20034 imp:n,p 1
300014 400014 -2.156 20012 -20013 20020 -20021 20034 -20035 imp:n,p 1
300015 400015 -2.156 20013 -20014 20020 -20021 20030 -20031 imp:n,p 1
300016 400016 -2.156 20013 -20014 20020 -20021 20031 -20032 imp:n,p 1
300017 400017 -2.156 20013 -20014 20020 -20021 20032 -20033 imp:n,p 1
300018 400018 -2.156 20013 -20014 20020 -20021 20033 -20034 imp:n,p 1
300019 400019 -2.156 20013 -20014 20020 -20021 20034 -20035 imp:n,p 1
300020 400020 -2.156 20014 -20015 20020 -20021 20030 -20031 imp:n,p 1
300021 400021 -2.156 20014 -20015 20020 -20021 20031 -20032 imp:n,p 1
300022 400022 -2.156 20014 -20015 20020 -20021 20032 -20033 imp:n,p 1
300023 400023 -2.156 20014 -20015 20020 -20021 20033 -20034 imp:n,p 1
300024 400024 -2.156 20014 -20015 20020 -20021 20034 -20035 imp:n,p 1
300025 400025 -2.156 20010 -20011 20021 -20022 20030 -20031 imp:n,p 1
300026 400026 -2.156 20010 -20011 20021 -20022 20031 -20032 imp:n,p 1
300027 400027 -2.156 20010 -20011 20021 -20022 20032 -20033 imp:n,p 1
300028 400028 -2.156 20010 -20011 20021 -20022 20033 -20034 imp:n,p 1
300029 400029 -2.156 20010 -20011 20021 -20022 20034 -20035 imp:n,p 1
300030 400030 -2.156 20011 -20012 20021 -20022 20030 -20031 imp:n,p 1
300031 400031 -2.156 20011 -20012 20021 -20022 20031 -20032 imp:n,p 1
300032 400032 -2.156 20011 -20012 20021 -20022 20032 -20033 imp:n,p 1
300033 400033 -2.156 20011 -20012 20021 -20022 20033 -20034 imp:n,p 1
300034 400034 -2.156 20011 -20012 20021 -20022 20034 -20035 imp:n,p 1
300035 400035 -2.156 20012 -20013 20021 -20022 20030 -20031 imp:n,p 1
300036 400036 -2.156 20012 -20013 20021 -20022 20031 -20032 imp:n,p 1
300037 400037 -2.156 20012 -20013 20021 -20022 20032 -20033 imp:n,p 1
300038 400038 -2.156 20012 -20013 20021 -20022 20033 -20034 imp:n,p 1
300039 400039 -2.156 20012 -20013 20021 -20022 20034 -20035 imp:n,p 1
300040 400040 -2.156 20013 -20014 20021 -20022 20030 -20031 imp:n,p 1
300041 400041 -2.156 20013 -20014 20021 -20022 20031 -20032 imp:n,p 1
300042 400042 -2.156 20013 -20014 20021 -20022 20032 -20033 imp:n,p 1
300043 400043 -2.156 20013 -20014 20021 -20022 20033 -20034 imp:n,p 1
300044 400044 -2.156 20013 -20014 20021 -20022 20034 -20035 imp:n,p 1
300045 400045 -2.156 20014 -20015 20021 -20022 20030 -20031 imp:n,p 1
300046 400046 -2.156 20014 -20015 20021 -20022 20031 -20032 imp:n,p 1
300047 400047 -2.156 20014 -20015 20021 -20022 20032 -20033 imp:n,p 1
300048 400048 -2.156 20014 -20015 20021 -20022 20033 -20034 imp:n,p 1
300049 400049 -2.156 20014 -20015 20021 -20022 20034 -20035 imp:n,p 1
300050 400050 -2.156 20010 -20011 20022 -20023 20030 -20031 imp:n,p 1
300051 400051 -2.156 20010 -20011 20022 -20023 20031 -20032 imp:n,p 1
300052 400052 -2.156 20010 -20011 20022 -20023 20032 -20033 imp:n,p 1
300053 400053 -2.156 20010 -20011 20022 -20023 20033 -20034 imp:n,p 1
300054 400054 -2.156 20010 -20011 20022 -20023 20034 -20035 imp:n,p 1
300055 400055 -2.156 20011 -20012 20022 -20023 20030 -20031 imp:n,p 1
300056 400056 -2.156 20011 -20012 20022 -20023 20031 -20032 imp:n,p 1
300057 400057 -2.156 20011 -20012 20022 -20023 20032 -20033 imp:n,p 1
300058 400058 -2.156 20011 -20012 20022 -20023 20033 -20034 imp:n,p 1
300059 400059 -2.156 20011 -20012 20022 -20023 20034 -20035 imp:n,p 1
300060 400060 -2.156 20012 -20013 20022 -20023 20030 -20031 imp:n,p 1
300061 400061 -2.156 20012 -20013 20022 -20023 20031 -20032 imp:n,p 1
300062 400062 -2.156 20012 -20013 20022 -20023 20032 -20033 imp:n,p 1
300063 400063 -2.156 20012 -20013 20022 -20023 20033 -20034 imp:n,p 1
300064 400064 -2.156 20012 -20013 20022 -20023 20034 -20035 imp:n,p 1
300065 400065 -2.156 20013 -20014 20022 -20023 20030 -20031 imp:n,p 1
300066 400066 -2.156 20013 -20014 20022 -20023 20031 -20032 imp:n,p 1
300067 400067 -2.156 20013 -20014 20022 -20023 20032 -20033 imp:n,p 1
300068 400068 -2.156 20013 -20014 20022 -20023 20033 -20034 imp:n,p 1
300069 400069 -2.156 20013 -20014 20022 -20023 20034 -20035 imp:n,p 1
300070 400070 -2.156 20014 -20015 20022 -20023 20030 -20031 imp:n,p 1
300071 400071 -2.156 20014 -20015 20022 -20023 20031 -20032 imp:n,p 1
300072 400072 -2.156 20014 -20015 20022 -20023 20032 -20033 imp:n,p 1
300073 400073 -2.156 20014 -20015 20022 -20023 20033 -20034 imp:n,p 1
300074 400074 -2.156 20014 -20015 20022 -20023 20034 -20035 imp:n,p 1
300075 400075 -2.156 20010 -20011 20023 -20024 20030 -20031 imp:n,p 1
300076 400076 -2.156 20010 -20011 20023 -20024 20031 -20032 imp:n,p 1
300077 400077 -2.156 20010 -20011 20023 -20024 20032 -20033 imp:n,p 1
300078 400078 -2.156 20010 -20011 20023 -20024 20033 -20034 imp:n,p 1
300079 400079 -2.156 20010 -20011 20023 -20024 20034 -20035 imp:n,p 1
300080 400080 -2.156 20011 -20012 20023 -20024 20030 -20031 imp:n,p 1
300081 400081 -2.156 20011 -20012 20023 -20024 20031 -20032 imp:n,p 1
300082 400082 -2.156 20011 -20012 20023 -20024 20032 -20033 imp:n,p 1
300083 400083 -2.156 20011 -20012 20023 -20024 20033 -20034 imp:n,p 1
300084 400084 -2.156 20011 -20012 20023 -20024 20034 -20035 imp:n,p 1
300085 400085 -2.156 20012 -20013 20023 -20024 20030 -20031 imp:n,p 1
300086 400086 -2.156 20012 -20013 20023 -20024 20031 -20032 imp:n,p 1
300087 400087 -2.156 20012 -20013 20023 -20024 20032 -20033 imp:n,p 1
300088 400088 -2.156 20012 -20013 20023 -20024 20033 -20034 imp:n,p 1
300089 400089 -2.156 20012 -20013 20023 -20024 20034 -20035 imp:n,p 1
300090 400090 -2.156 20013 -20014 20023 -20024 20030 -20031 imp:n,p 1
300091 400091 -2.156 20013 -20014 20023 -20024 20031 -20032 imp:n,p 1
300092 400092 -2.156 20013 -20014 20023 -20024 20032 -20033 imp:n,p 1
300093 400093 -2.156 20013 -20014 20023 -20024 20033 -20034 imp:n,p 1
300094 400094 -2.156 20013 -20014 20023 -20024 20034 -20035 imp:n,p 1
300095 400095 -2.156 20014 -20015 20023 -20024 20030 -20031 imp:n,p 1
300096 400096 -2.156 20014 -20015 20023 -20024 20031 -20032 imp:n,p 1
300097 400097 -2.156 20014 -20015 20023 -20024 20032 -20033 imp:n,p 1
300098 400098 -2.156 20014 -20015 20023 -20024 20033 -20034 imp:n,p 1
300099 400099 -2.156 20014 -20015 20023 -20024 20034 -20035 imp:n,p 1
300100 400100 -2.156 20010 -20011 20024 -20025 20030 -20031 imp:n,p 1
300101 400101 -2.156 20010 -20011 20024 -20025 20031 -20032 imp:n,p 1
300102 400102 -2.156 20010 -20011 20024 -20025 20032 -20033 imp:n,p 1
300103 400103 -2.156 20010 -20011 20024 -20025 20033 -20034 imp:n,p 1
300104 400104 -2.156 20010 -20011 20024 -20025 20034 -20035 imp:n,p 1
300105 400105 -2.156 20011 -20012 20024 -20025 20030 -20031 imp:n,p 1
300106 400106 -2.156 20011 -20012 20024 -20025 20031 -20032 imp:n,p 1
300107 400107 -2.156 20011 -20012 20024 -20025 20032 -20033 imp:n,p 1
300108 400108 -2.156 20011 -20012 20024 -20025 20033 -20034 imp:n,p 1
300109 400109 -2.156 20011 -20012 20024 -20025 20034 -20035 imp:n,p 1
300110 400110 -2.156 20012 -20013 20024 -20025 20030 -20031 imp:n,p 1
300111 400111 -2.156 20012 -20013 20024 -20025 20031 -20032 imp:n,p 1
300112 400112 -2.156 20012 -20013 20024 -20025 20032 -20033 imp:n,p 1
300113 400113 -2.156 20012 -20013 20024 -20025 20033 -20034 imp:n,p 1
300114 400114 -2.156 20012 -20013 20024 -20025 20034 -20035 imp:n,p 1
300115 400115 -2.156 20013 -20014 20024 -20025 20030 -20031 imp:n,p 1
300116 400116 -2.156 20013 -20014 20024 -20025 20031 -20032 imp:n,p 1
300117 400117 -2.156 20013 -20014 20024 -20025 20032 -20033 imp:n,p 1
300118 400118 -2.156 20013 -20014 20024 -20025 20033 -20034 imp:n,p 1
300119 400119 -2.156 20013 -20014 20024 -20025 20034 -20035 imp:n,p 1
300120 400120 -2.156 20014 -20015 20024 -20025 20030 -20031 imp:n,p 1
300121 400121 -2.156 20014 -20015 20024 -20025 20031 -20032 imp:n,p 1
300122 400122 -2.156 20014 -20015 20024 -20025 20032 -20033 imp:n,p 1
300123 400123 -2.156 20014 -20015 20024 -20025 20033 -20034 imp:n,p 1
300124 400124 -2.156 20014 -20015 20024 -20025 20034 -20035 imp:n,p 1
c
30 12 -0.00129 -200 #101 #121 #122 #123 #124 #125 #126 #127 #128 #129 #130 #131 #132 #133
        #21 #211 #212 #22 #221 #222 #23 #231 #232 #24 #241 #242 #20 imp:n,p 1 $Rest of the World
31 0 200 imp:n,p 0 $Outside world

c SURFACE CARDS
c
c Sample Volume
20010 px -56.0
20011 px -33.60000000000002
20012 px -11.199999999999989
20013 px 11.199999999999989
20014 px 33.60000000000002
20015 px 56.0
20020 py -45.0
20021 py -27.0
20022 py -9.0
20023 py 9.0
20024 py 27.0
20025 py 45.0
20030 pz 92.0
20031 pz 82.0
20032 pz 72.0
20033 pz 62.0
20034 pz 52.0
20035 pz 42.0
c Active Detector Region
21 rcc 56  -5.0 -1.0   0.0 20.3 0.0   4.5 $Detector 1 Base center, Hx,Hy,Hz, radius
c Shielding Surfaces
c Shielding Pb
31 rpp 19 29 -7.5 7.5 -11 9 $PbPE xmin xmax ymin ymax zmin zmax
32 rpp 9 19 4 9 -11 9 $Pb xmin xmax ymin ymax zmin zmax
33 rpp 9 19 -9 -4 -11 9 $Pb xmin xmax ymin ymax zmin zmax
34 rpp 19 29 7.5 12.5 -11 9 $Pb xmin xmax ymin ymax zmin zmax
35 rpp 19 29 -12.5 -7.5 -11 9 $Pb xmin xmax ymin ymax zmin zmax
36 rpp 29 34 -15 15 -11 9 $Pb xmin xmax ymin ymax zmin zmax
37 rpp 9 19 -4 4 4 9 $Pb xmin xmax ymin ymax zmin zmax
38 rpp -26 26 18 28 -11 9 $BA1 xmin xmax ymin ymax zmin zmax
39 rpp -26 26 -28 -18 -11 9 $BA2 xmin xmax ymin ymax zmin zmax
40 rpp -65 65 -28 28 10 10.5 $Al xmin xmax ymin ymax zmin zmax
401 rpp -27 27 29 34 -11 9 $Fe xmin xmax ymin ymax zmin zmax
402 rpp -27 27 -34 -29 -11 9 $Fe xmin xmax ymin ymax zmin zmax
301 px -20
302 px 18
303 cx 3.71
304 cx 3.81
c Wheels Surfaces
c 23/10.5-12 turf tires, 22.6 lb rubber
c diameter 29cm, tread width 25cm, and sidewall height 13.76 cm
c set thickness of all sides 1.3 cm (s.t. weight is 22.6 lb)
41 rcc -2 77 8   0.0 25 0.0 29 $wheel 1 outer tread surface
42 rcc -2 77 8   0.0 25 0.0 27.7 $wheel 1 inner tread surface
421 rcc -2 75.7 8   0.0 1.3 0.0 29 $wheel 1 outside sidewall exterior
422 rcc -2 75.7 8   0.0 1.3 0.0 15.24 $wheel 1 outside sidewall interior
423 rcc -2 102 8   0.0 1.3 0.0 29 $wheel 1 inside sidewall exterior
424 rcc -2 102 8   0.0 1.3 0.0 15.24 $wheel 1 inside sidewall interior
43 rcc 68 77 8   0.0 25 0.0 29 $wheel 2
44 rcc 68 77 8   0.0 25 0.0 27.7
441 rcc 68 75.7 8   0.0 1.3 0.0 29
442 rcc 68 75.7 8   0.0 1.3 0.0 15.24
443 rcc 68 102 8   0.0 1.3 0.0 29
444 rcc 68 102 8   0.0 1.3 0.0 15.24
45 rcc -2 -77 8   0.0 -25 0.0 29 $wheel 3
46 rcc -2 -77 8   0.0 -25 0.0 27.7
461 rcc -2 -75.7 8   0.0 -1.3 0.0 29
462 rcc -2 -75.7 8   0.0 -1.3 0.0 15.24
463 rcc -2 -102 8   0.0 -1.3 0.0 29
464 rcc -2 -102 8   0.0 -1.3 0.0 15.24
47 rcc 68 -77 8   0.0 -25 0.0 29 $wheel 4
48 rcc 68 -77 8   0.0 -25 0.0 27.7
481 rcc 68 -75.7 8   0.0 -1.3 0.0 29
482 rcc 68 -75.7 8   0.0 -1.3 0.0 15.24
483 rcc 68 -102 8   0.0 -1.3 0.0 29
484 rcc 68 -102 8   0.0 -1.3 0.0 15.24
200 so 800    $sphere of 800cm centered at origin
c

c DATA CARDS
mode n p
c dump every hr
prdmp -60 -60 -1
c 100 keV Neutron Energy Cutoff
Cut:n 1j 0.1
c analog neutron transport
phys:n 1j 14
phys:p
sdef pos=0 0 0 erg=14.0 vec= 0 0 1 dir=d1
si1  -1 .93 1
sp1   0  0.0  1.0
c ********************
c begin material cards
c ********************
c Pure Carbon
c ****************************************
m400000 6000 -0.0038903104283413486 7000 -0.0038903104283413486 14000 -0.9922193791433171 
m400001 6000 -0.003199691791004197 7000 -0.003199691791004197 14000 -0.9936006164179915 
m400002 6000 -0.0037012120613116907 7000 -0.0037012120613116907 14000 -0.9925975758773765 
m400003 6000 -0.005731413199176235 7000 -0.005731413199176235 14000 -0.9885371736016475 
m400004 6000 -0.00928091175393783 7000 -0.00928091175393783 14000 -0.9814381764921243 
m400005 6000 -0.003950350209850944 7000 -0.003950350209850944 14000 -0.9920992995802981 
m400006 6000 -0.0031822098429002067 7000 -0.0031822098429002067 14000 -0.9936355803141995 
m400007 6000 -0.0037991279819774805 7000 -0.0037991279819774805 14000 -0.9924017440360449 
m400008 6000 -0.005332455712588716 7000 -0.005332455712588716 14000 -0.9893350885748228 
m400009 6000 -0.008425894454546428 7000 -0.008425894454546428 14000 -0.983148211090907 
m400010 6000 -0.0038040128502300403 7000 -0.0038040128502300403 14000 -0.9923919742995398 
m400011 6000 -0.003181692937178826 7000 -0.003181692937178826 14000 -0.9936366141256427 
m400012 6000 -0.0036070862492520966 7000 -0.0036070862492520966 14000 -0.9927858275014959 
m400013 6000 -0.005500322280147937 7000 -0.005500322280147937 14000 -0.9889993554397039 
m400014 6000 -0.009218666239027309 7000 -0.009218666239027309 14000 -0.9815626675219454 
m400015 6000 -0.004070962547834453 7000 -0.004070962547834453 14000 -0.9918580749043309 
m400016 6000 -0.0031375451356805556 7000 -0.0031375451356805556 14000 -0.9937249097286387 
m400017 6000 -0.0036251660203478753 7000 -0.0036251660203478753 14000 -0.9927496679593041 
m400018 6000 -0.005870673260747996 7000 -0.005870673260747996 14000 -0.9882586534785041 
m400019 6000 -0.008699758284511687 7000 -0.008699758284511687 14000 -0.9826004834309764 
m400020 6000 -0.0040205195995414575 7000 -0.0040205195995414575 14000 -0.9919589608009168 
m400021 6000 -0.003167953137964597 7000 -0.003167953137964597 14000 -0.9936640937240706 
m400022 6000 -0.0038079044339446072 7000 -0.0038079044339446072 14000 -0.9923841911321106 
m400023 6000 -0.0057505605080677 7000 -0.0057505605080677 14000 -0.9884988789838645 
m400024 6000 -0.009392501699093175 7000 -0.009392501699093175 14000 -0.9812149966018137 
m400025 6000 -0.003957821237870745 7000 -0.003957821237870745 14000 -0.9920843575242586 
m400026 6000 -0.003166811051147548 7000 -0.003166811051147548 14000 -0.9936663778977051 
m400027 6000 -0.003650333718716367 7000 -0.003650333718716367 14000 -0.9926993325625674 
m400028 6000 -0.005664422941777405 7000 -0.005664422941777405 14000 -0.988671154116445 
m400029 6000 -0.008460376627852963 7000 -0.008460376627852963 14000 -0.9830792467442943 
m400030 6000 -0.0040493799998055705 7000 -0.0040493799998055705 14000 -0.9919012400003886 
m400031 6000 -0.003198472495393886 7000 -0.003198472495393886 14000 -0.9936030550092121 
m400032 6000 -0.003843483961395839 7000 -0.003843483961395839 14000 -0.9923130320772081 
m400033 6000 -0.0057201221239563185 7000 -0.0057201221239563185 14000 -0.9885597557520878 
m400034 6000 -0.008814629390958758 7000 -0.008814629390958758 14000 -0.9823707412180827 
m400035 6000 -0.004007510437736098 7000 -0.004007510437736098 14000 -0.991984979124528 
m400036 6000 -0.003173716884927459 7000 -0.003173716884927459 14000 -0.993652566230145 
m400037 6000 -0.003766500359427878 7000 -0.003766500359427878 14000 -0.9924669992811442 
m400038 6000 -0.005700489867145492 7000 -0.005700489867145492 14000 -0.9885990202657091 
m400039 6000 -0.009027088854160165 7000 -0.009027088854160165 14000 -0.9819458222916796 
m400040 6000 -0.004047580117177086 7000 -0.004047580117177086 14000 -0.9919048397656458 
m400041 6000 -0.0031538570127158105 7000 -0.0031538570127158105 14000 -0.9936922859745679 
m400042 6000 -0.0036592487587315025 7000 -0.0036592487587315025 14000 -0.9926815024825371 
m400043 6000 -0.005753600523113864 7000 -0.005753600523113864 14000 -0.9884927989537726 
m400044 6000 -0.009262867504322073 7000 -0.009262867504322073 14000 -0.9814742649913558 
m400045 6000 -0.00403228075739056 7000 -0.00403228075739056 14000 -0.9919354384852186 
m400046 6000 -0.0031410534379929024 7000 -0.0031410534379929024 14000 -0.9937178931240139 
m400047 6000 -0.0037147196712499562 7000 -0.0037147196712499562 14000 -0.9925705606574999 
m400048 6000 -0.005428887705290922 7000 -0.005428887705290922 14000 -0.9891422245894183 
m400049 6000 -0.008739562779579142 7000 -0.008739562779579142 14000 -0.9825208744408416 
m400050 6000 -0.004129762272557821 7000 -0.004129762272557821 14000 -0.9917404754548842 
m400051 6000 -0.0032013746584692183 7000 -0.0032013746584692183 14000 -0.9935972506830617 
m400052 6000 -0.003822232263471026 7000 -0.003822232263471026 14000 -0.992355535473058 
m400053 6000 -0.005448664695137032 7000 -0.005448664695137032 14000 -0.9891026706097257 
m400054 6000 -0.009427804903320392 7000 -0.009427804903320392 14000 -0.9811443901933594 
m400055 6000 -0.003926986424431281 7000 -0.003926986424431281 14000 -0.9921460271511374 
m400056 6000 -0.003183280084253597 7000 -0.003183280084253597 14000 -0.9936334398314929 
m400057 6000 -0.0036678178597809347 7000 -0.0036678178597809347 14000 -0.9926643642804384 
m400058 6000 -0.005720952300931959 7000 -0.005720952300931959 14000 -0.9885580953981363 
m400059 6000 -0.00960328777585215 7000 -0.00960328777585215 14000 -0.9807934244482955 
m400060 6000 -0.003997028510721276 7000 -0.003997028510721276 14000 -0.9920059429785573 
m400061 6000 -0.0032606726117432594 7000 -0.0032606726117432594 14000 -0.9934786547765135 
m400062 6000 -0.0036440458053239215 7000 -0.0036440458053239215 14000 -0.9927119083893523 
m400063 6000 -0.005892925412311403 7000 -0.005892925412311403 14000 -0.9882141491753772 
m400064 6000 -0.008927835474181953 7000 -0.008927835474181953 14000 -0.9821443290516362 
m400065 6000 -0.0036875295238316926 7000 -0.0036875295238316926 14000 -0.9926249409523367 
m400066 6000 -0.0031721259302107717 7000 -0.0031721259302107717 14000 -0.9936557481395788 
m400067 6000 -0.0037952141698935366 7000 -0.0037952141698935366 14000 -0.9924095716602127 
m400068 6000 -0.005589320489611982 7000 -0.005589320489611982 14000 -0.9888213590207762 
m400069 6000 -0.008907591650118861 7000 -0.008907591650118861 14000 -0.9821848166997624 
m400070 6000 -0.003954281009763927 7000 -0.003954281009763927 14000 -0.9920914379804721 
m400071 6000 -0.0031230711794929976 7000 -0.0031230711794929976 14000 -0.9937538576410138 
m400072 6000 -0.0035400709703972575 7000 -0.0035400709703972575 14000 -0.9929198580592051 
m400073 6000 -0.005734854716596258 7000 -0.005734854716596258 14000 -0.9885302905668075 
m400074 6000 -0.009186281065540773 7000 -0.009186281065540773 14000 -0.9816274378689178 
m400075 6000 -0.003907378675250164 7000 -0.003907378675250164 14000 -0.9921852426494996 
m400076 6000 -0.0031355817122683347 7000 -0.0031355817122683347 14000 -0.9937288365754635 
m400077 6000 -0.0037374773720561007 7000 -0.0037374773720561007 14000 -0.992525045255888 
m400078 6000 -0.00588402342785283 7000 -0.00588402342785283 14000 -0.9882319531442942 
m400079 6000 -0.009510447046220795 7000 -0.009510447046220795 14000 -0.9809791059075588 
m400080 6000 -0.0039919922107567295 7000 -0.0039919922107567295 14000 -0.9920160155784866 
m400081 6000 -0.0031524396106477237 7000 -0.0031524396106477237 14000 -0.9936951207787047 
m400082 6000 -0.0036701503960676 7000 -0.0036701503960676 14000 -0.9926596992078646 
m400083 6000 -0.005788045518774917 7000 -0.005788045518774917 14000 -0.9884239089624502 
m400084 6000 -0.009271742723240745 7000 -0.009271742723240745 14000 -0.9814565145535187 
m400085 6000 -0.0038635002260464855 7000 -0.0038635002260464855 14000 -0.992272999547907 
m400086 6000 -0.0031479251849833045 7000 -0.0031479251849833045 14000 -0.9937041496300335 
m400087 6000 -0.003694335646405228 7000 -0.003694335646405228 14000 -0.9926113287071894 
m400088 6000 -0.0058577327979077035 7000 -0.0058577327979077035 14000 -0.9882845344041844 
m400089 6000 -0.009504455017596763 7000 -0.009504455017596763 14000 -0.9809910899648071 
m400090 6000 -0.0042341274587463385 7000 -0.0042341274587463385 14000 -0.9915317450825074 
m400091 6000 -0.003181088854713249 7000 -0.003181088854713249 14000 -0.993637822290574 
m400092 6000 -0.003633357641196708 7000 -0.003633357641196708 14000 -0.9927332847176062 
m400093 6000 -0.005723432751878154 7000 -0.005723432751878154 14000 -0.9885531344962439 
m400094 6000 -0.008995328766714142 7000 -0.008995328766714142 14000 -0.982009342466572 
m400095 6000 -0.004026062838445738 7000 -0.004026062838445738 14000 -0.9919478743231085 
m400096 6000 -0.003149867255584205 7000 -0.003149867255584205 14000 -0.9937002654888316 
m400097 6000 -0.0037419083101735717 7000 -0.0037419083101735717 14000 -0.9925161833796529 
m400098 6000 -0.005275378825777971 7000 -0.005275378825777971 14000 -0.9894492423484439 
m400099 6000 -0.009591624658052371 7000 -0.009591624658052371 14000 -0.9808167506838953 
m400100 6000 -0.003821017810428019 7000 -0.003821017810428019 14000 -0.9923579643791443 
m400101 6000 -0.0031714852329800917 7000 -0.0031714852329800917 14000 -0.9936570295340396 
m400102 6000 -0.00352524310662902 7000 -0.00352524310662902 14000 -0.9929495137867415 
m400103 6000 -0.005732980540077415 7000 -0.005732980540077415 14000 -0.988534038919845 
m400104 6000 -0.008712249674017103 7000 -0.008712249674017103 14000 -0.9825755006519661 
m400105 6000 -0.0037930133281410005 7000 -0.0037930133281410005 14000 -0.9924139733437178 
m400106 6000 -0.0031798926594089677 7000 -0.0031798926594089677 14000 -0.9936402146811818 
m400107 6000 -0.003630654305890353 7000 -0.003630654305890353 14000 -0.9927386913882194 
m400108 6000 -0.0055417560682706445 7000 -0.0055417560682706445 14000 -0.9889164878634589 
m400109 6000 -0.008855097414379055 7000 -0.008855097414379055 14000 -0.9822898051712418 
m400110 6000 -0.003921687056042776 7000 -0.003921687056042776 14000 -0.9921566258879148 
m400111 6000 -0.0031175820513854803 7000 -0.0031175820513854803 14000 -0.9937648358972291 
m400112 6000 -0.0036740846942558674 7000 -0.0036740846942558674 14000 -0.9926518306114878 
m400113 6000 -0.0055696887117614525 7000 -0.0055696887117614525 14000 -0.9888606225764769 
m400114 6000 -0.009204395823921253 7000 -0.009204395823921253 14000 -0.9815912083521576 
m400115 6000 -0.004101476343371971 7000 -0.004101476343371971 14000 -0.9917970473132561 
m400116 6000 -0.0031508903636082645 7000 -0.0031508903636082645 14000 -0.9936982192727837 
m400117 6000 -0.003696337206069913 7000 -0.003696337206069913 14000 -0.99260732558786 
m400118 6000 -0.005527660513193173 7000 -0.005527660513193173 14000 -0.9889446789736135 
m400119 6000 -0.009305390983791318 7000 -0.009305390983791318 14000 -0.9813892180324175 
m400120 6000 -0.004090983241437988 7000 -0.004090983241437988 14000 -0.991818033517124 
m400121 6000 -0.0031380760485915093 7000 -0.0031380760485915093 14000 -0.993723847902817 
m400122 6000 -0.0035948427850550947 7000 -0.0035948427850550947 14000 -0.9928103144298901 
m400123 6000 -0.00601782588963914 7000 -0.00601782588963914 14000 -0.9879643482207214 
m400124 6000 -0.009290651489399941 7000 -0.009290651489399941 14000 -0.9814186970211999 
c **********************************
c PE+Pb, dens=4.78 g/cm3
m2      6000    -0.04286 $Carbon
        1001    -0.00714 $Hydrogen
        82000   -0.95000 $Lead
c **********************************
m3    1001 -0.048535 $Boric acid
      5010 -0.034981
      5011 -0.139923
      8016 -0.776561
c **********************************
m4    82000 1 $Lead
c **********************************
m5 26000 1 $Iron
c **********************************
m6     13027   -1.000 $ Aluminum
c **********************************
c  SS-304 (8.00 g/cm3), #298 in PNNL Compendium
m7   006000.50c -0.0004000
     014000.60c -0.0050000
     015031.50c -0.0002300
     016000.60c -0.0001500
     024000.50c -0.1899981
     025055.60c -0.0099999
     026000.50c -0.7017229
     028000.50c -0.0924991
c ****************************************
c       LaBr detector
c ****************************************
m8       35079    -0.2946       $ Br79
         35081    -0.3069       $ Br81
         57139    -0.3485       $ La139
         58140    -0.0500       $ Ce140
c ************ air den=1.15e-3g/cc
m12     8016 -0.23
        7014 -0.77
c ************ Rubber Natural den=0.92 g/cc
m13     1001 -0.118371  $weight fraction
        6000 -0.881629
c
c end material cards
c
rand seed=8674536546524321 $different initial random #; seed# - any less 18 digits
c
c ********** begin tallies *********************
fc78 *********Broadened Pulse Height Tally Sum of Detectors 1,2 & 3 ***********
e78 0 1e-5 932i 8.4295
F78:p (101)
FT78 GEB -0.026198 0.059551 -0.037176
fc18 *********Unbroadened Pulse Height Tally Sum of Detectors 1,2 & 3 ***********
e18 0 1e-5 932i 8.4295
F18:p (101)
c ***********************************
c mplot tal 78 freq 10000
nps 1e9
