c CAS DETECTOR
c w/ Shielding in Place and Wheels
c
c CELL CARDS
c
c @@@@@@@@@@ Detectors @@@@@@@@@@@@@@@@@
c
101 8 -5.08 -21 imp:n,p 1 $LaBr Detector #1 Active Region
c
c @@@@@@@@@ Shielding @@@@@@@@@@@@@@@@@
c
121 2 -4.78 -31 imp:n,p 1 $PE_Pb
122 4 -11.29 -32 imp:n,p 1 $Pb1
123 4 -11.29 -33 imp:n,p 1 $Pb2
124 4 -11.29 -34 imp:n,p 1 $Pb3
125 4 -11.29 -35 imp:n,p 1 $Pb4
126 4 -11.29 -36 imp:n,p 1 $Pb5
127 4 -11.29 -37 imp:n,p 1 $Pb6
128 3 -1.5 -38 imp:n,p 1 $BA1
129 3 -1.5 -39 imp:n,p 1 $BA2
130 6 -2.7 -40 imp:n,p 1 $Al
131 7 -7.92 301 -302 303 -304 imp:n,p 1 $Fe-tube
132 5 -7.8 -401 imp:n,p 1 $Fe
133 5 -7.8 -402 imp:n,p 1 $Fe
c @@@@@@@@@@ Wheels @@@@@@@@@@@@@@@@@
c
21 13 -0.92 -41 42 imp:n,p 1 $Wheel 1
211 13 -0.92 -421 422 imp:n,p 1 $Wheel 1
212 13 -0.92 -423 424 imp:n,p 1 $Wheel 1
22 13 -0.92 -43 44 imp:n,p 1 $Wheel 2
221 13 -0.92 -441 442 imp:n,p 1 $Wheel 2
222 13 -0.92 -443 444 imp:n,p 1 $Wheel 2
23 13 -0.92 -45 46 imp:n,p 1 $Wheel 3
231 13 -0.92 -461 462 imp:n,p 1 $Wheel 3
232 13 -0.92 -463 464 imp:n,p 1 $Wheel 3
24 13 -0.92 -47 48 imp:n,p 1 $Wheel 4
241 13 -0.92 -481 482 imp:n,p 1 $Wheel 4
242 13 -0.92 -483 484 imp:n,p 1 $Wheel 4
c
c @@@@@@@@@@ SOIL VOLUME @@@@@@@@@@@
c
300000 400000 -2.156 20010 -20011 20020 -20021 20030 -20031 imp:n,p 1
300001 400001 -2.156 20010 -20011 20020 -20021 20031 -20032 imp:n,p 1
300002 400002 -2.156 20010 -20011 20020 -20021 20032 -20033 imp:n,p 1
300003 400003 -2.156 20010 -20011 20020 -20021 20033 -20034 imp:n,p 1
300004 400004 -2.156 20010 -20011 20020 -20021 20034 -20035 imp:n,p 1
300005 400005 -2.156 20011 -20012 20020 -20021 20030 -20031 imp:n,p 1
300006 400006 -2.156 20011 -20012 20020 -20021 20031 -20032 imp:n,p 1
300007 400007 -2.156 20011 -20012 20020 -20021 20032 -20033 imp:n,p 1
300008 400008 -2.156 20011 -20012 20020 -20021 20033 -20034 imp:n,p 1
300009 400009 -2.156 20011 -20012 20020 -20021 20034 -20035 imp:n,p 1
300010 400010 -2.156 20012 -20013 20020 -20021 20030 -20031 imp:n,p 1
300011 400011 -2.156 20012 -20013 20020 -20021 20031 -20032 imp:n,p 1
300012 400012 -2.156 20012 -20013 20020 -20021 20032 -20033 imp:n,p 1
300013 400013 -2.156 20012 -20013 20020 -20021 20033 -20034 imp:n,p 1
300014 400014 -2.156 20012 -20013 20020 -20021 20034 -20035 imp:n,p 1
300015 400015 -2.156 20013 -20014 20020 -20021 20030 -20031 imp:n,p 1
300016 400016 -2.156 20013 -20014 20020 -20021 20031 -20032 imp:n,p 1
300017 400017 -2.156 20013 -20014 20020 -20021 20032 -20033 imp:n,p 1
300018 400018 -2.156 20013 -20014 20020 -20021 20033 -20034 imp:n,p 1
300019 400019 -2.156 20013 -20014 20020 -20021 20034 -20035 imp:n,p 1
300020 400020 -2.156 20014 -20015 20020 -20021 20030 -20031 imp:n,p 1
300021 400021 -2.156 20014 -20015 20020 -20021 20031 -20032 imp:n,p 1
300022 400022 -2.156 20014 -20015 20020 -20021 20032 -20033 imp:n,p 1
300023 400023 -2.156 20014 -20015 20020 -20021 20033 -20034 imp:n,p 1
300024 400024 -2.156 20014 -20015 20020 -20021 20034 -20035 imp:n,p 1
300025 400025 -2.156 20010 -20011 20021 -20022 20030 -20031 imp:n,p 1
300026 400026 -2.156 20010 -20011 20021 -20022 20031 -20032 imp:n,p 1
300027 400027 -2.156 20010 -20011 20021 -20022 20032 -20033 imp:n,p 1
300028 400028 -2.156 20010 -20011 20021 -20022 20033 -20034 imp:n,p 1
300029 400029 -2.156 20010 -20011 20021 -20022 20034 -20035 imp:n,p 1
300030 400030 -2.156 20011 -20012 20021 -20022 20030 -20031 imp:n,p 1
300031 400031 -2.156 20011 -20012 20021 -20022 20031 -20032 imp:n,p 1
300032 400032 -2.156 20011 -20012 20021 -20022 20032 -20033 imp:n,p 1
300033 400033 -2.156 20011 -20012 20021 -20022 20033 -20034 imp:n,p 1
300034 400034 -2.156 20011 -20012 20021 -20022 20034 -20035 imp:n,p 1
300035 400035 -2.156 20012 -20013 20021 -20022 20030 -20031 imp:n,p 1
300036 400036 -2.156 20012 -20013 20021 -20022 20031 -20032 imp:n,p 1
300037 400037 -2.156 20012 -20013 20021 -20022 20032 -20033 imp:n,p 1
300038 400038 -2.156 20012 -20013 20021 -20022 20033 -20034 imp:n,p 1
300039 400039 -2.156 20012 -20013 20021 -20022 20034 -20035 imp:n,p 1
300040 400040 -2.156 20013 -20014 20021 -20022 20030 -20031 imp:n,p 1
300041 400041 -2.156 20013 -20014 20021 -20022 20031 -20032 imp:n,p 1
300042 400042 -2.156 20013 -20014 20021 -20022 20032 -20033 imp:n,p 1
300043 400043 -2.156 20013 -20014 20021 -20022 20033 -20034 imp:n,p 1
300044 400044 -2.156 20013 -20014 20021 -20022 20034 -20035 imp:n,p 1
300045 400045 -2.156 20014 -20015 20021 -20022 20030 -20031 imp:n,p 1
300046 400046 -2.156 20014 -20015 20021 -20022 20031 -20032 imp:n,p 1
300047 400047 -2.156 20014 -20015 20021 -20022 20032 -20033 imp:n,p 1
300048 400048 -2.156 20014 -20015 20021 -20022 20033 -20034 imp:n,p 1
300049 400049 -2.156 20014 -20015 20021 -20022 20034 -20035 imp:n,p 1
300050 400050 -2.156 20010 -20011 20022 -20023 20030 -20031 imp:n,p 1
300051 400051 -2.156 20010 -20011 20022 -20023 20031 -20032 imp:n,p 1
300052 400052 -2.156 20010 -20011 20022 -20023 20032 -20033 imp:n,p 1
300053 400053 -2.156 20010 -20011 20022 -20023 20033 -20034 imp:n,p 1
300054 400054 -2.156 20010 -20011 20022 -20023 20034 -20035 imp:n,p 1
300055 400055 -2.156 20011 -20012 20022 -20023 20030 -20031 imp:n,p 1
300056 400056 -2.156 20011 -20012 20022 -20023 20031 -20032 imp:n,p 1
300057 400057 -2.156 20011 -20012 20022 -20023 20032 -20033 imp:n,p 1
300058 400058 -2.156 20011 -20012 20022 -20023 20033 -20034 imp:n,p 1
300059 400059 -2.156 20011 -20012 20022 -20023 20034 -20035 imp:n,p 1
300060 400060 -2.156 20012 -20013 20022 -20023 20030 -20031 imp:n,p 1
300061 400061 -2.156 20012 -20013 20022 -20023 20031 -20032 imp:n,p 1
300062 400062 -2.156 20012 -20013 20022 -20023 20032 -20033 imp:n,p 1
300063 400063 -2.156 20012 -20013 20022 -20023 20033 -20034 imp:n,p 1
300064 400064 -2.156 20012 -20013 20022 -20023 20034 -20035 imp:n,p 1
300065 400065 -2.156 20013 -20014 20022 -20023 20030 -20031 imp:n,p 1
300066 400066 -2.156 20013 -20014 20022 -20023 20031 -20032 imp:n,p 1
300067 400067 -2.156 20013 -20014 20022 -20023 20032 -20033 imp:n,p 1
300068 400068 -2.156 20013 -20014 20022 -20023 20033 -20034 imp:n,p 1
300069 400069 -2.156 20013 -20014 20022 -20023 20034 -20035 imp:n,p 1
300070 400070 -2.156 20014 -20015 20022 -20023 20030 -20031 imp:n,p 1
300071 400071 -2.156 20014 -20015 20022 -20023 20031 -20032 imp:n,p 1
300072 400072 -2.156 20014 -20015 20022 -20023 20032 -20033 imp:n,p 1
300073 400073 -2.156 20014 -20015 20022 -20023 20033 -20034 imp:n,p 1
300074 400074 -2.156 20014 -20015 20022 -20023 20034 -20035 imp:n,p 1
300075 400075 -2.156 20010 -20011 20023 -20024 20030 -20031 imp:n,p 1
300076 400076 -2.156 20010 -20011 20023 -20024 20031 -20032 imp:n,p 1
300077 400077 -2.156 20010 -20011 20023 -20024 20032 -20033 imp:n,p 1
300078 400078 -2.156 20010 -20011 20023 -20024 20033 -20034 imp:n,p 1
300079 400079 -2.156 20010 -20011 20023 -20024 20034 -20035 imp:n,p 1
300080 400080 -2.156 20011 -20012 20023 -20024 20030 -20031 imp:n,p 1
300081 400081 -2.156 20011 -20012 20023 -20024 20031 -20032 imp:n,p 1
300082 400082 -2.156 20011 -20012 20023 -20024 20032 -20033 imp:n,p 1
300083 400083 -2.156 20011 -20012 20023 -20024 20033 -20034 imp:n,p 1
300084 400084 -2.156 20011 -20012 20023 -20024 20034 -20035 imp:n,p 1
300085 400085 -2.156 20012 -20013 20023 -20024 20030 -20031 imp:n,p 1
300086 400086 -2.156 20012 -20013 20023 -20024 20031 -20032 imp:n,p 1
300087 400087 -2.156 20012 -20013 20023 -20024 20032 -20033 imp:n,p 1
300088 400088 -2.156 20012 -20013 20023 -20024 20033 -20034 imp:n,p 1
300089 400089 -2.156 20012 -20013 20023 -20024 20034 -20035 imp:n,p 1
300090 400090 -2.156 20013 -20014 20023 -20024 20030 -20031 imp:n,p 1
300091 400091 -2.156 20013 -20014 20023 -20024 20031 -20032 imp:n,p 1
300092 400092 -2.156 20013 -20014 20023 -20024 20032 -20033 imp:n,p 1
300093 400093 -2.156 20013 -20014 20023 -20024 20033 -20034 imp:n,p 1
300094 400094 -2.156 20013 -20014 20023 -20024 20034 -20035 imp:n,p 1
300095 400095 -2.156 20014 -20015 20023 -20024 20030 -20031 imp:n,p 1
300096 400096 -2.156 20014 -20015 20023 -20024 20031 -20032 imp:n,p 1
300097 400097 -2.156 20014 -20015 20023 -20024 20032 -20033 imp:n,p 1
300098 400098 -2.156 20014 -20015 20023 -20024 20033 -20034 imp:n,p 1
300099 400099 -2.156 20014 -20015 20023 -20024 20034 -20035 imp:n,p 1
300100 400100 -2.156 20010 -20011 20024 -20025 20030 -20031 imp:n,p 1
300101 400101 -2.156 20010 -20011 20024 -20025 20031 -20032 imp:n,p 1
300102 400102 -2.156 20010 -20011 20024 -20025 20032 -20033 imp:n,p 1
300103 400103 -2.156 20010 -20011 20024 -20025 20033 -20034 imp:n,p 1
300104 400104 -2.156 20010 -20011 20024 -20025 20034 -20035 imp:n,p 1
300105 400105 -2.156 20011 -20012 20024 -20025 20030 -20031 imp:n,p 1
300106 400106 -2.156 20011 -20012 20024 -20025 20031 -20032 imp:n,p 1
300107 400107 -2.156 20011 -20012 20024 -20025 20032 -20033 imp:n,p 1
300108 400108 -2.156 20011 -20012 20024 -20025 20033 -20034 imp:n,p 1
300109 400109 -2.156 20011 -20012 20024 -20025 20034 -20035 imp:n,p 1
300110 400110 -2.156 20012 -20013 20024 -20025 20030 -20031 imp:n,p 1
300111 400111 -2.156 20012 -20013 20024 -20025 20031 -20032 imp:n,p 1
300112 400112 -2.156 20012 -20013 20024 -20025 20032 -20033 imp:n,p 1
300113 400113 -2.156 20012 -20013 20024 -20025 20033 -20034 imp:n,p 1
300114 400114 -2.156 20012 -20013 20024 -20025 20034 -20035 imp:n,p 1
300115 400115 -2.156 20013 -20014 20024 -20025 20030 -20031 imp:n,p 1
300116 400116 -2.156 20013 -20014 20024 -20025 20031 -20032 imp:n,p 1
300117 400117 -2.156 20013 -20014 20024 -20025 20032 -20033 imp:n,p 1
300118 400118 -2.156 20013 -20014 20024 -20025 20033 -20034 imp:n,p 1
300119 400119 -2.156 20013 -20014 20024 -20025 20034 -20035 imp:n,p 1
300120 400120 -2.156 20014 -20015 20024 -20025 20030 -20031 imp:n,p 1
300121 400121 -2.156 20014 -20015 20024 -20025 20031 -20032 imp:n,p 1
300122 400122 -2.156 20014 -20015 20024 -20025 20032 -20033 imp:n,p 1
300123 400123 -2.156 20014 -20015 20024 -20025 20033 -20034 imp:n,p 1
300124 400124 -2.156 20014 -20015 20024 -20025 20034 -20035 imp:n,p 1
c
30 12 -0.00129 -200 #101 #121 #122 #123 #124 #125 #126 #127 #128 #129 #130 #131 #132 #133
        #21 #211 #212 #22 #221 #222 #23 #231 #232 #24 #241 #242 #20 imp:n,p 1 $Rest of the World
31 0 200 imp:n,p 0 $Outside world

c SURFACE CARDS
c
c Sample Volume
20010 px -56.0
20011 px -33.600000000000364
20012 px -11.200000000000728
20013 px 11.200000000000728
20014 px 33.600000000000364
20015 px 56.0
20020 py -45.0
20021 py -27.0
20022 py -9.0
20023 py 9.0
20024 py 27.0
20025 py 45.0
20030 pz 92.0
20031 pz 82.0
20032 pz 72.0
20033 pz 62.0
20034 pz 52.0
20035 pz 42.0
c Active Detector Region
21 rcc 56  -5.0 -1.0   0.0 20.3 0.0   4.5 $Detector 1 Base center, Hx,Hy,Hz, radius
c Shielding Surfaces
c Shielding Pb
31 rpp 19 29 -7.5 7.5 -11 9 $PbPE xmin xmax ymin ymax zmin zmax
32 rpp 9 19 4 9 -11 9 $Pb xmin xmax ymin ymax zmin zmax
33 rpp 9 19 -9 -4 -11 9 $Pb xmin xmax ymin ymax zmin zmax
34 rpp 19 29 7.5 12.5 -11 9 $Pb xmin xmax ymin ymax zmin zmax
35 rpp 19 29 -12.5 -7.5 -11 9 $Pb xmin xmax ymin ymax zmin zmax
36 rpp 29 34 -15 15 -11 9 $Pb xmin xmax ymin ymax zmin zmax
37 rpp 9 19 -4 4 4 9 $Pb xmin xmax ymin ymax zmin zmax
38 rpp -26 26 18 28 -11 9 $BA1 xmin xmax ymin ymax zmin zmax
39 rpp -26 26 -28 -18 -11 9 $BA2 xmin xmax ymin ymax zmin zmax
40 rpp -65 65 -28 28 10 10.5 $Al xmin xmax ymin ymax zmin zmax
401 rpp -27 27 29 34 -11 9 $Fe xmin xmax ymin ymax zmin zmax
402 rpp -27 27 -34 -29 -11 9 $Fe xmin xmax ymin ymax zmin zmax
301 px -20
302 px 18
303 cx 3.71
304 cx 3.81
c Wheels Surfaces
c 23/10.5-12 turf tires, 22.6 lb rubber
c diameter 29cm, tread width 25cm, and sidewall height 13.76 cm
c set thickness of all sides 1.3 cm (s.t. weight is 22.6 lb)
41 rcc -2 77 8   0.0 25 0.0 29 $wheel 1 outer tread surface
42 rcc -2 77 8   0.0 25 0.0 27.7 $wheel 1 inner tread surface
421 rcc -2 75.7 8   0.0 1.3 0.0 29 $wheel 1 outside sidewall exterior
422 rcc -2 75.7 8   0.0 1.3 0.0 15.24 $wheel 1 outside sidewall interior
423 rcc -2 102 8   0.0 1.3 0.0 29 $wheel 1 inside sidewall exterior
424 rcc -2 102 8   0.0 1.3 0.0 15.24 $wheel 1 inside sidewall interior
43 rcc 68 77 8   0.0 25 0.0 29 $wheel 2
44 rcc 68 77 8   0.0 25 0.0 27.7
441 rcc 68 75.7 8   0.0 1.3 0.0 29
442 rcc 68 75.7 8   0.0 1.3 0.0 15.24
443 rcc 68 102 8   0.0 1.3 0.0 29
444 rcc 68 102 8   0.0 1.3 0.0 15.24
45 rcc -2 -77 8   0.0 -25 0.0 29 $wheel 3
46 rcc -2 -77 8   0.0 -25 0.0 27.7
461 rcc -2 -75.7 8   0.0 -1.3 0.0 29
462 rcc -2 -75.7 8   0.0 -1.3 0.0 15.24
463 rcc -2 -102 8   0.0 -1.3 0.0 29
464 rcc -2 -102 8   0.0 -1.3 0.0 15.24
47 rcc 68 -77 8   0.0 -25 0.0 29 $wheel 4
48 rcc 68 -77 8   0.0 -25 0.0 27.7
481 rcc 68 -75.7 8   0.0 -1.3 0.0 29
482 rcc 68 -75.7 8   0.0 -1.3 0.0 15.24
483 rcc 68 -102 8   0.0 -1.3 0.0 29
484 rcc 68 -102 8   0.0 -1.3 0.0 15.24
200 so 800    $sphere of 800cm centered at origin
c

c DATA CARDS
mode n p
c dump every hr
prdmp -60 -60 -1
c 100 keV Neutron Energy Cutoff
Cut:n 1j 0.1
c analog neutron transport
phys:n 1j 14
phys:p
sdef pos=0 0 0 erg=14.0 vec= 0 0 1 dir=d1
si1  -1 .93 1
sp1   0  0.0  1.0
c ********************
c begin material cards
c ********************
c Pure Carbon
c ****************************************
m400000 6000 -0.0040593708619159246 7000 -0.0040593708619159246 14000 -0.9918812582761677 
m400001 6000 -0.0032479733764767117 7000 -0.0032479733764767117 14000 -0.9935040532470469 
m400002 6000 -0.0037012864771398236 7000 -0.0037012864771398236 14000 -0.9925974270457205 
m400003 6000 -0.00555820216695725 7000 -0.00555820216695725 14000 -0.9888835956660854 
m400004 6000 -0.008661401247344047 7000 -0.008661401247344047 14000 -0.9826771975053117 
m400005 6000 -0.004166691035292987 7000 -0.004166691035292987 14000 -0.991666617929414 
m400006 6000 -0.0032153476655402274 7000 -0.0032153476655402274 14000 -0.9935693046689194 
m400007 6000 -0.003895965935332034 7000 -0.003895965935332034 14000 -0.9922080681293363 
m400008 6000 -0.005539026534263362 7000 -0.005539026534263362 14000 -0.9889219469314732 
m400009 6000 -0.009166255872563507 7000 -0.009166255872563507 14000 -0.9816674882548727 
m400010 6000 -0.004126508337871101 7000 -0.004126508337871101 14000 -0.9917469833242575 
m400011 6000 -0.0032013833357242157 7000 -0.0032013833357242157 14000 -0.9935972333285519 
m400012 6000 -0.0038133979342522325 7000 -0.0038133979342522325 14000 -0.9923732041314954 
m400013 6000 -0.00585149880916774 7000 -0.00585149880916774 14000 -0.9882970023816645 
m400014 6000 -0.009142314474573528 7000 -0.009142314474573528 14000 -0.9817153710508528 
m400015 6000 -0.0042208068553525255 7000 -0.0042208068553525255 14000 -0.9915583862892948 
m400016 6000 -0.0031972353114958245 7000 -0.0031972353114958245 14000 -0.9936055293770083 
m400017 6000 -0.003836626433377732 7000 -0.003836626433377732 14000 -0.9923267471332445 
m400018 6000 -0.005867894148379766 7000 -0.005867894148379766 14000 -0.9882642117032404 
m400019 6000 -0.008807372544694018 7000 -0.008807372544694018 14000 -0.9823852549106123 
m400020 6000 -0.004105681492822732 7000 -0.004105681492822732 14000 -0.9917886370143545 
m400021 6000 -0.0032206543597163555 7000 -0.0032206543597163555 14000 -0.9935586912805675 
m400022 6000 -0.00396420303764576 7000 -0.00396420303764576 14000 -0.9920715939247087 
m400023 6000 -0.005524565156940253 7000 -0.005524565156940253 14000 -0.9889508696861193 
m400024 6000 -0.009484304746587674 7000 -0.009484304746587674 14000 -0.9810313905068245 
m400025 6000 -0.0040770673848038435 7000 -0.0040770673848038435 14000 -0.9918458652303923 
m400026 6000 -0.0031896950377667288 7000 -0.0031896950377667288 14000 -0.9936206099244663 
m400027 6000 -0.004127263356393604 7000 -0.004127263356393604 14000 -0.9917454732872131 
m400028 6000 -0.005468052425132867 7000 -0.005468052425132867 14000 -0.9890638951497344 
m400029 6000 -0.009185407721450116 7000 -0.009185407721450116 14000 -0.9816291845571 
m400030 6000 -0.0038749785036581706 7000 -0.0038749785036581706 14000 -0.9922500429926839 
m400031 6000 -0.003221426027402115 7000 -0.003221426027402115 14000 -0.9935571479451959 
m400032 6000 -0.0037540986315416597 7000 -0.0037540986315416597 14000 -0.9924918027369167 
m400033 6000 -0.006081211885010934 7000 -0.006081211885010934 14000 -0.9878375762299786 
m400034 6000 -0.008976968518662556 7000 -0.008976968518662556 14000 -0.982046062962675 
m400035 6000 -0.0038984699971933313 7000 -0.0038984699971933313 14000 -0.9922030600056135 
m400036 6000 -0.0032434475249188345 7000 -0.0032434475249188345 14000 -0.9935131049501625 
m400037 6000 -0.0038486722074589376 7000 -0.0038486722074589376 14000 -0.9923026555850822 
m400038 6000 -0.005839146953360681 7000 -0.005839146953360681 14000 -0.9883217060932785 
m400039 6000 -0.00868317423327362 7000 -0.00868317423327362 14000 -0.9826336515334527 
m400040 6000 -0.003912045411305509 7000 -0.003912045411305509 14000 -0.9921759091773887 
m400041 6000 -0.0032327798228592277 7000 -0.0032327798228592277 14000 -0.9935344403542813 
m400042 6000 -0.004189271399212438 7000 -0.004189271399212438 14000 -0.991621457201575 
m400043 6000 -0.005784062952332666 7000 -0.005784062952332666 14000 -0.9884318740953347 
m400044 6000 -0.009297052451321767 7000 -0.009297052451321767 14000 -0.9814058950973567 
m400045 6000 -0.004072429326202515 7000 -0.004072429326202515 14000 -0.991855141347595 
m400046 6000 -0.0032740162472606692 7000 -0.0032740162472606692 14000 -0.9934519675054786 
m400047 6000 -0.004112460403598483 7000 -0.004112460403598483 14000 -0.9917750791928032 
m400048 6000 -0.00557681004142481 7000 -0.00557681004142481 14000 -0.9888463799171504 
m400049 6000 -0.009048124349892616 7000 -0.009048124349892616 14000 -0.9819037513002151 
m400050 6000 -0.004173642367835056 7000 -0.004173642367835056 14000 -0.9916527152643301 
m400051 6000 -0.0032363814548495825 7000 -0.0032363814548495825 14000 -0.9935272370903009 
m400052 6000 -0.003873555267825723 7000 -0.003873555267825723 14000 -0.9922528894643484 
m400053 6000 -0.005741096748008355 7000 -0.005741096748008355 14000 -0.9885178065039831 
m400054 6000 -0.009049935495649345 7000 -0.009049935495649345 14000 -0.9819001290087012 
m400055 6000 -0.003995469187562763 7000 -0.003995469187562763 14000 -0.9920090616248745 
m400056 6000 -0.003126147165201378 7000 -0.003126147165201378 14000 -0.9937477056695972 
m400057 6000 -0.003884693968341194 7000 -0.003884693968341194 14000 -0.9922306120633176 
m400058 6000 -0.0055877595886227194 7000 -0.0055877595886227194 14000 -0.9888244808227546 
m400059 6000 -0.009481807016516472 7000 -0.009481807016516472 14000 -0.9810363859669673 
m400060 6000 -0.003983174043351694 7000 -0.003983174043351694 14000 -0.9920336519132968 
m400061 6000 -0.0032014840583885085 7000 -0.0032014840583885085 14000 -0.9935970318832227 
m400062 6000 -0.003810988342703573 7000 -0.003810988342703573 14000 -0.9923780233145929 
m400063 6000 -0.006221231124723241 7000 -0.006221231124723241 14000 -0.9875575377505537 
m400064 6000 -0.008408801806100508 7000 -0.008408801806100508 14000 -0.9831823963877987 
m400065 6000 -0.004130109232633198 7000 -0.004130109232633198 14000 -0.9917397815347337 
m400066 6000 -0.0032511233775763876 7000 -0.0032511233775763876 14000 -0.9934977532448472 
m400067 6000 -0.00397433711528845 7000 -0.00397433711528845 14000 -0.9920513257694229 
m400068 6000 -0.006134607523703017 7000 -0.006134607523703017 14000 -0.987730784952594 
m400069 6000 -0.009244511524579073 7000 -0.009244511524579073 14000 -0.9815109769508417 
m400070 6000 -0.004045214630166109 7000 -0.004045214630166109 14000 -0.9919095707396679 
m400071 6000 -0.00323063514430341 7000 -0.00323063514430341 14000 -0.9935387297113932 
m400072 6000 -0.003749671796431904 7000 -0.003749671796431904 14000 -0.9925006564071361 
m400073 6000 -0.005797486748086955 7000 -0.005797486748086955 14000 -0.9884050265038256 
m400074 6000 -0.009536923088472699 7000 -0.009536923088472699 14000 -0.9809261538230549 
m400075 6000 -0.004139318801850065 7000 -0.004139318801850065 14000 -0.9917213623963002 
m400076 6000 -0.003268872668459758 7000 -0.003268872668459758 14000 -0.9934622546630806 
m400077 6000 -0.0037883608912654466 7000 -0.0037883608912654466 14000 -0.9924232782174691 
m400078 6000 -0.005827391738727229 7000 -0.005827391738727229 14000 -0.9883452165225454 
m400079 6000 -0.009172071444224673 7000 -0.009172071444224673 14000 -0.9816558571115508 
m400080 6000 -0.004147505372500362 7000 -0.004147505372500362 14000 -0.9917049892549993 
m400081 6000 -0.003217941514235023 7000 -0.003217941514235023 14000 -0.9935641169715298 
m400082 6000 -0.003915616461817911 7000 -0.003915616461817911 14000 -0.9921687670763643 
m400083 6000 -0.005819585056590351 7000 -0.005819585056590351 14000 -0.9883608298868195 
m400084 6000 -0.009513004578818658 7000 -0.009513004578818658 14000 -0.9809739908423627 
m400085 6000 -0.004333710497963945 7000 -0.004333710497963945 14000 -0.991332579004072 
m400086 6000 -0.003225949877445727 7000 -0.003225949877445727 14000 -0.9935481002451084 
m400087 6000 -0.0036312825502604383 7000 -0.0036312825502604383 14000 -0.9927374348994793 
m400088 6000 -0.005328301327186187 7000 -0.005328301327186187 14000 -0.9893433973456277 
m400089 6000 -0.00924376980264595 7000 -0.00924376980264595 14000 -0.9815124603947082 
m400090 6000 -0.0041572185483812205 7000 -0.0041572185483812205 14000 -0.9916855629032377 
m400091 6000 -0.003215376971929725 7000 -0.003215376971929725 14000 -0.9935692460561404 
m400092 6000 -0.003661141521085888 7000 -0.003661141521085888 14000 -0.9926777169578281 
m400093 6000 -0.005894390192884629 7000 -0.005894390192884629 14000 -0.9882112196142308 
m400094 6000 -0.009581362169343055 7000 -0.009581362169343055 14000 -0.9808372756613143 
m400095 6000 -0.004085755131552266 7000 -0.004085755131552266 14000 -0.9918284897368956 
m400096 6000 -0.0032160719518258478 7000 -0.0032160719518258478 14000 -0.9935678560963485 
m400097 6000 -0.003801115801241014 7000 -0.003801115801241014 14000 -0.992397768397518 
m400098 6000 -0.00559410285119642 7000 -0.00559410285119642 14000 -0.9888117942976073 
m400099 6000 -0.009339408768266404 7000 -0.009339408768266404 14000 -0.9813211824634674 
m400100 6000 -0.004034992882967239 7000 -0.004034992882967239 14000 -0.9919300142340656 
m400101 6000 -0.00327101107658824 7000 -0.00327101107658824 14000 -0.9934579778468233 
m400102 6000 -0.0037667073640998126 7000 -0.0037667073640998126 14000 -0.9924665852718004 
m400103 6000 -0.0057799254160433135 7000 -0.0057799254160433135 14000 -0.9884401491679132 
m400104 6000 -0.009345509359850464 7000 -0.009345509359850464 14000 -0.981308981280299 
m400105 6000 -0.004179425316801577 7000 -0.004179425316801577 14000 -0.9916411493663969 
m400106 6000 -0.003272224466649489 7000 -0.003272224466649489 14000 -0.9934555510667009 
m400107 6000 -0.003813124720801289 7000 -0.003813124720801289 14000 -0.9923737505583976 
m400108 6000 -0.005810395373351449 7000 -0.005810395373351449 14000 -0.9883792092532971 
m400109 6000 -0.009673318335774516 7000 -0.009673318335774516 14000 -0.9806533633284509 
m400110 6000 -0.00394450071112796 7000 -0.00394450071112796 14000 -0.9921109985777443 
m400111 6000 -0.0032270918181620985 7000 -0.0032270918181620985 14000 -0.993545816363676 
m400112 6000 -0.0037010208458732757 7000 -0.0037010208458732757 14000 -0.9925979583082531 
m400113 6000 -0.005499329165718808 7000 -0.005499329165718808 14000 -0.9890013416685624 
m400114 6000 -0.009204192604010402 7000 -0.009204192604010402 14000 -0.9815916147919793 
m400115 6000 -0.003958013672590718 7000 -0.003958013672590718 14000 -0.9920839726548187 
m400116 6000 -0.00324676732962171 7000 -0.00324676732962171 14000 -0.9935064653407569 
m400117 6000 -0.003730151896688515 7000 -0.003730151896688515 14000 -0.9925396962066234 
m400118 6000 -0.005814799422755129 7000 -0.005814799422755129 14000 -0.9883704011544898 
m400119 6000 -0.009333362177090554 7000 -0.009333362177090554 14000 -0.9813332756458188 
m400120 6000 -0.004016576318887948 7000 -0.004016576318887948 14000 -0.9919668473622242 
m400121 6000 -0.0032629618787758663 7000 -0.0032629618787758663 14000 -0.9934740762424481 
m400122 6000 -0.0035934285470241006 7000 -0.0035934285470241006 14000 -0.992813142905952 
m400123 6000 -0.005799337133749923 7000 -0.005799337133749923 14000 -0.9884013257325002 
m400124 6000 -0.009275255290050792 7000 -0.009275255290050792 14000 -0.9814494894198986 
c **********************************
c PE+Pb, dens=4.78 g/cm3
m2      6000    -0.04286 $Carbon
        1001    -0.00714 $Hydrogen
        82000   -0.95000 $Lead
c **********************************
m3    1001 -0.048535 $Boric acid
      5010 -0.034981
      5011 -0.139923
      8016 -0.776561
c **********************************
m4    82000 1 $Lead
c **********************************
m5 26000 1 $Iron
c **********************************
m6     13027   -1.000 $ Aluminum
c **********************************
c  SS-304 (8.00 g/cm3), #298 in PNNL Compendium
m7   006000.50c -0.0004000
     014000.60c -0.0050000
     015031.50c -0.0002300
     016000.60c -0.0001500
     024000.50c -0.1899981
     025055.60c -0.0099999
     026000.50c -0.7017229
     028000.50c -0.0924991
c ****************************************
c       LaBr detector
c ****************************************
m8       35079    -0.2946       $ Br79
         35081    -0.3069       $ Br81
         57139    -0.3485       $ La139
         58140    -0.0500       $ Ce140
c ************ air den=1.15e-3g/cc
m12     8016 -0.23
        7014 -0.77
c ************ Rubber Natural den=0.92 g/cc
m13     1001 -0.118371  $weight fraction
        6000 -0.881629
c
c end material cards
c
rand seed=8674536546524321 $different initial random #; seed# - any less 18 digits
c
c ********** begin tallies *********************
fc78 *********Broadened Pulse Height Tally Sum of Detectors 1,2 & 3 ***********
e78 0 1e-5 932i 8.4295
F78:p (101)
FT78 GEB -0.026198 0.059551 -0.037176
fc18 *********Unbroadened Pulse Height Tally Sum of Detectors 1,2 & 3 ***********
e18 0 1e-5 932i 8.4295
F18:p (101)
c ***********************************
c mplot tal 78 freq 10000
nps 1e9
