c CAS DETECTOR
c w/ Shielding in Place and Wheels
c
c CELL CARDS
c
c @@@@@@@@@@ Detectors @@@@@@@@@@@@@@@@@
c
101 8 -5.08 -21 imp:n,p 1 $LaBr Detector #1 Active Region
c
c @@@@@@@@@ Shielding @@@@@@@@@@@@@@@@@
c
121 2 -4.78 -31 imp:n,p 1 $PE_Pb
122 4 -11.29 -32 imp:n,p 1 $Pb1
123 4 -11.29 -33 imp:n,p 1 $Pb2
124 4 -11.29 -34 imp:n,p 1 $Pb3
125 4 -11.29 -35 imp:n,p 1 $Pb4
126 4 -11.29 -36 imp:n,p 1 $Pb5
127 4 -11.29 -37 imp:n,p 1 $Pb6
128 3 -1.5 -38 imp:n,p 1 $BA1
129 3 -1.5 -39 imp:n,p 1 $BA2
130 6 -2.7 -40 imp:n,p 1 $Al
131 7 -7.92 301 -302 303 -304 imp:n,p 1 $Fe-tube
132 5 -7.8 -401 imp:n,p 1 $Fe
133 5 -7.8 -402 imp:n,p 1 $Fe
c @@@@@@@@@@ Wheels @@@@@@@@@@@@@@@@@
c
21 13 -0.92 -41 42 imp:n,p 1 $Wheel 1
211 13 -0.92 -421 422 imp:n,p 1 $Wheel 1
212 13 -0.92 -423 424 imp:n,p 1 $Wheel 1
22 13 -0.92 -43 44 imp:n,p 1 $Wheel 2
221 13 -0.92 -441 442 imp:n,p 1 $Wheel 2
222 13 -0.92 -443 444 imp:n,p 1 $Wheel 2
23 13 -0.92 -45 46 imp:n,p 1 $Wheel 3
231 13 -0.92 -461 462 imp:n,p 1 $Wheel 3
232 13 -0.92 -463 464 imp:n,p 1 $Wheel 3
24 13 -0.92 -47 48 imp:n,p 1 $Wheel 4
241 13 -0.92 -481 482 imp:n,p 1 $Wheel 4
242 13 -0.92 -483 484 imp:n,p 1 $Wheel 4
c
c @@@@@@@@@@ SOIL VOLUME @@@@@@@@@@@
c
300000 400000 -2.156 20010 -20011 20020 -20021 20030 -20031 imp:n,p 1
300001 400001 -2.156 20010 -20011 20020 -20021 20031 -20032 imp:n,p 1
300002 400002 -2.156 20010 -20011 20020 -20021 20032 -20033 imp:n,p 1
300003 400003 -2.156 20010 -20011 20020 -20021 20033 -20034 imp:n,p 1
300004 400004 -2.156 20010 -20011 20020 -20021 20034 -20035 imp:n,p 1
300005 400005 -2.156 20011 -20012 20020 -20021 20030 -20031 imp:n,p 1
300006 400006 -2.156 20011 -20012 20020 -20021 20031 -20032 imp:n,p 1
300007 400007 -2.156 20011 -20012 20020 -20021 20032 -20033 imp:n,p 1
300008 400008 -2.156 20011 -20012 20020 -20021 20033 -20034 imp:n,p 1
300009 400009 -2.156 20011 -20012 20020 -20021 20034 -20035 imp:n,p 1
300010 400010 -2.156 20012 -20013 20020 -20021 20030 -20031 imp:n,p 1
300011 400011 -2.156 20012 -20013 20020 -20021 20031 -20032 imp:n,p 1
300012 400012 -2.156 20012 -20013 20020 -20021 20032 -20033 imp:n,p 1
300013 400013 -2.156 20012 -20013 20020 -20021 20033 -20034 imp:n,p 1
300014 400014 -2.156 20012 -20013 20020 -20021 20034 -20035 imp:n,p 1
300015 400015 -2.156 20013 -20014 20020 -20021 20030 -20031 imp:n,p 1
300016 400016 -2.156 20013 -20014 20020 -20021 20031 -20032 imp:n,p 1
300017 400017 -2.156 20013 -20014 20020 -20021 20032 -20033 imp:n,p 1
300018 400018 -2.156 20013 -20014 20020 -20021 20033 -20034 imp:n,p 1
300019 400019 -2.156 20013 -20014 20020 -20021 20034 -20035 imp:n,p 1
300020 400020 -2.156 20014 -20015 20020 -20021 20030 -20031 imp:n,p 1
300021 400021 -2.156 20014 -20015 20020 -20021 20031 -20032 imp:n,p 1
300022 400022 -2.156 20014 -20015 20020 -20021 20032 -20033 imp:n,p 1
300023 400023 -2.156 20014 -20015 20020 -20021 20033 -20034 imp:n,p 1
300024 400024 -2.156 20014 -20015 20020 -20021 20034 -20035 imp:n,p 1
300025 400025 -2.156 20010 -20011 20021 -20022 20030 -20031 imp:n,p 1
300026 400026 -2.156 20010 -20011 20021 -20022 20031 -20032 imp:n,p 1
300027 400027 -2.156 20010 -20011 20021 -20022 20032 -20033 imp:n,p 1
300028 400028 -2.156 20010 -20011 20021 -20022 20033 -20034 imp:n,p 1
300029 400029 -2.156 20010 -20011 20021 -20022 20034 -20035 imp:n,p 1
300030 400030 -2.156 20011 -20012 20021 -20022 20030 -20031 imp:n,p 1
300031 400031 -2.156 20011 -20012 20021 -20022 20031 -20032 imp:n,p 1
300032 400032 -2.156 20011 -20012 20021 -20022 20032 -20033 imp:n,p 1
300033 400033 -2.156 20011 -20012 20021 -20022 20033 -20034 imp:n,p 1
300034 400034 -2.156 20011 -20012 20021 -20022 20034 -20035 imp:n,p 1
300035 400035 -2.156 20012 -20013 20021 -20022 20030 -20031 imp:n,p 1
300036 400036 -2.156 20012 -20013 20021 -20022 20031 -20032 imp:n,p 1
300037 400037 -2.156 20012 -20013 20021 -20022 20032 -20033 imp:n,p 1
300038 400038 -2.156 20012 -20013 20021 -20022 20033 -20034 imp:n,p 1
300039 400039 -2.156 20012 -20013 20021 -20022 20034 -20035 imp:n,p 1
300040 400040 -2.156 20013 -20014 20021 -20022 20030 -20031 imp:n,p 1
300041 400041 -2.156 20013 -20014 20021 -20022 20031 -20032 imp:n,p 1
300042 400042 -2.156 20013 -20014 20021 -20022 20032 -20033 imp:n,p 1
300043 400043 -2.156 20013 -20014 20021 -20022 20033 -20034 imp:n,p 1
300044 400044 -2.156 20013 -20014 20021 -20022 20034 -20035 imp:n,p 1
300045 400045 -2.156 20014 -20015 20021 -20022 20030 -20031 imp:n,p 1
300046 400046 -2.156 20014 -20015 20021 -20022 20031 -20032 imp:n,p 1
300047 400047 -2.156 20014 -20015 20021 -20022 20032 -20033 imp:n,p 1
300048 400048 -2.156 20014 -20015 20021 -20022 20033 -20034 imp:n,p 1
300049 400049 -2.156 20014 -20015 20021 -20022 20034 -20035 imp:n,p 1
300050 400050 -2.156 20010 -20011 20022 -20023 20030 -20031 imp:n,p 1
300051 400051 -2.156 20010 -20011 20022 -20023 20031 -20032 imp:n,p 1
300052 400052 -2.156 20010 -20011 20022 -20023 20032 -20033 imp:n,p 1
300053 400053 -2.156 20010 -20011 20022 -20023 20033 -20034 imp:n,p 1
300054 400054 -2.156 20010 -20011 20022 -20023 20034 -20035 imp:n,p 1
300055 400055 -2.156 20011 -20012 20022 -20023 20030 -20031 imp:n,p 1
300056 400056 -2.156 20011 -20012 20022 -20023 20031 -20032 imp:n,p 1
300057 400057 -2.156 20011 -20012 20022 -20023 20032 -20033 imp:n,p 1
300058 400058 -2.156 20011 -20012 20022 -20023 20033 -20034 imp:n,p 1
300059 400059 -2.156 20011 -20012 20022 -20023 20034 -20035 imp:n,p 1
300060 400060 -2.156 20012 -20013 20022 -20023 20030 -20031 imp:n,p 1
300061 400061 -2.156 20012 -20013 20022 -20023 20031 -20032 imp:n,p 1
300062 400062 -2.156 20012 -20013 20022 -20023 20032 -20033 imp:n,p 1
300063 400063 -2.156 20012 -20013 20022 -20023 20033 -20034 imp:n,p 1
300064 400064 -2.156 20012 -20013 20022 -20023 20034 -20035 imp:n,p 1
300065 400065 -2.156 20013 -20014 20022 -20023 20030 -20031 imp:n,p 1
300066 400066 -2.156 20013 -20014 20022 -20023 20031 -20032 imp:n,p 1
300067 400067 -2.156 20013 -20014 20022 -20023 20032 -20033 imp:n,p 1
300068 400068 -2.156 20013 -20014 20022 -20023 20033 -20034 imp:n,p 1
300069 400069 -2.156 20013 -20014 20022 -20023 20034 -20035 imp:n,p 1
300070 400070 -2.156 20014 -20015 20022 -20023 20030 -20031 imp:n,p 1
300071 400071 -2.156 20014 -20015 20022 -20023 20031 -20032 imp:n,p 1
300072 400072 -2.156 20014 -20015 20022 -20023 20032 -20033 imp:n,p 1
300073 400073 -2.156 20014 -20015 20022 -20023 20033 -20034 imp:n,p 1
300074 400074 -2.156 20014 -20015 20022 -20023 20034 -20035 imp:n,p 1
300075 400075 -2.156 20010 -20011 20023 -20024 20030 -20031 imp:n,p 1
300076 400076 -2.156 20010 -20011 20023 -20024 20031 -20032 imp:n,p 1
300077 400077 -2.156 20010 -20011 20023 -20024 20032 -20033 imp:n,p 1
300078 400078 -2.156 20010 -20011 20023 -20024 20033 -20034 imp:n,p 1
300079 400079 -2.156 20010 -20011 20023 -20024 20034 -20035 imp:n,p 1
300080 400080 -2.156 20011 -20012 20023 -20024 20030 -20031 imp:n,p 1
300081 400081 -2.156 20011 -20012 20023 -20024 20031 -20032 imp:n,p 1
300082 400082 -2.156 20011 -20012 20023 -20024 20032 -20033 imp:n,p 1
300083 400083 -2.156 20011 -20012 20023 -20024 20033 -20034 imp:n,p 1
300084 400084 -2.156 20011 -20012 20023 -20024 20034 -20035 imp:n,p 1
300085 400085 -2.156 20012 -20013 20023 -20024 20030 -20031 imp:n,p 1
300086 400086 -2.156 20012 -20013 20023 -20024 20031 -20032 imp:n,p 1
300087 400087 -2.156 20012 -20013 20023 -20024 20032 -20033 imp:n,p 1
300088 400088 -2.156 20012 -20013 20023 -20024 20033 -20034 imp:n,p 1
300089 400089 -2.156 20012 -20013 20023 -20024 20034 -20035 imp:n,p 1
300090 400090 -2.156 20013 -20014 20023 -20024 20030 -20031 imp:n,p 1
300091 400091 -2.156 20013 -20014 20023 -20024 20031 -20032 imp:n,p 1
300092 400092 -2.156 20013 -20014 20023 -20024 20032 -20033 imp:n,p 1
300093 400093 -2.156 20013 -20014 20023 -20024 20033 -20034 imp:n,p 1
300094 400094 -2.156 20013 -20014 20023 -20024 20034 -20035 imp:n,p 1
300095 400095 -2.156 20014 -20015 20023 -20024 20030 -20031 imp:n,p 1
300096 400096 -2.156 20014 -20015 20023 -20024 20031 -20032 imp:n,p 1
300097 400097 -2.156 20014 -20015 20023 -20024 20032 -20033 imp:n,p 1
300098 400098 -2.156 20014 -20015 20023 -20024 20033 -20034 imp:n,p 1
300099 400099 -2.156 20014 -20015 20023 -20024 20034 -20035 imp:n,p 1
300100 400100 -2.156 20010 -20011 20024 -20025 20030 -20031 imp:n,p 1
300101 400101 -2.156 20010 -20011 20024 -20025 20031 -20032 imp:n,p 1
300102 400102 -2.156 20010 -20011 20024 -20025 20032 -20033 imp:n,p 1
300103 400103 -2.156 20010 -20011 20024 -20025 20033 -20034 imp:n,p 1
300104 400104 -2.156 20010 -20011 20024 -20025 20034 -20035 imp:n,p 1
300105 400105 -2.156 20011 -20012 20024 -20025 20030 -20031 imp:n,p 1
300106 400106 -2.156 20011 -20012 20024 -20025 20031 -20032 imp:n,p 1
300107 400107 -2.156 20011 -20012 20024 -20025 20032 -20033 imp:n,p 1
300108 400108 -2.156 20011 -20012 20024 -20025 20033 -20034 imp:n,p 1
300109 400109 -2.156 20011 -20012 20024 -20025 20034 -20035 imp:n,p 1
300110 400110 -2.156 20012 -20013 20024 -20025 20030 -20031 imp:n,p 1
300111 400111 -2.156 20012 -20013 20024 -20025 20031 -20032 imp:n,p 1
300112 400112 -2.156 20012 -20013 20024 -20025 20032 -20033 imp:n,p 1
300113 400113 -2.156 20012 -20013 20024 -20025 20033 -20034 imp:n,p 1
300114 400114 -2.156 20012 -20013 20024 -20025 20034 -20035 imp:n,p 1
300115 400115 -2.156 20013 -20014 20024 -20025 20030 -20031 imp:n,p 1
300116 400116 -2.156 20013 -20014 20024 -20025 20031 -20032 imp:n,p 1
300117 400117 -2.156 20013 -20014 20024 -20025 20032 -20033 imp:n,p 1
300118 400118 -2.156 20013 -20014 20024 -20025 20033 -20034 imp:n,p 1
300119 400119 -2.156 20013 -20014 20024 -20025 20034 -20035 imp:n,p 1
300120 400120 -2.156 20014 -20015 20024 -20025 20030 -20031 imp:n,p 1
300121 400121 -2.156 20014 -20015 20024 -20025 20031 -20032 imp:n,p 1
300122 400122 -2.156 20014 -20015 20024 -20025 20032 -20033 imp:n,p 1
300123 400123 -2.156 20014 -20015 20024 -20025 20033 -20034 imp:n,p 1
300124 400124 -2.156 20014 -20015 20024 -20025 20034 -20035 imp:n,p 1
c
30 12 -0.00129 -200 #101 #121 #122 #123 #124 #125 #126 #127 #128 #129 #130 #131 #132 #133
        #21 #211 #212 #22 #221 #222 #23 #231 #232 #24 #241 #242 #20 imp:n,p 1 $Rest of the World
31 0 200 imp:n,p 0 $Outside world

c SURFACE CARDS
c
c Sample Volume
20010 px -56.0
20011 px -33.60000000000002
20012 px -11.199999999999989
20013 px 11.200000000000045
20014 px 33.60000000000002
20015 px 56.0
20020 py -45.0
20021 py -27.0
20022 py -9.0
20023 py 9.0
20024 py 27.0
20025 py 45.0
20030 pz 92.0
20031 pz 82.0
20032 pz 72.0
20033 pz 62.0
20034 pz 52.0
20035 pz 42.0
c Active Detector Region
21 rcc 56  -5.0 -1.0   0.0 20.3 0.0   4.5 $Detector 1 Base center, Hx,Hy,Hz, radius
c Shielding Surfaces
c Shielding Pb
31 rpp 19 29 -7.5 7.5 -11 9 $PbPE xmin xmax ymin ymax zmin zmax
32 rpp 9 19 4 9 -11 9 $Pb xmin xmax ymin ymax zmin zmax
33 rpp 9 19 -9 -4 -11 9 $Pb xmin xmax ymin ymax zmin zmax
34 rpp 19 29 7.5 12.5 -11 9 $Pb xmin xmax ymin ymax zmin zmax
35 rpp 19 29 -12.5 -7.5 -11 9 $Pb xmin xmax ymin ymax zmin zmax
36 rpp 29 34 -15 15 -11 9 $Pb xmin xmax ymin ymax zmin zmax
37 rpp 9 19 -4 4 4 9 $Pb xmin xmax ymin ymax zmin zmax
38 rpp -26 26 18 28 -11 9 $BA1 xmin xmax ymin ymax zmin zmax
39 rpp -26 26 -28 -18 -11 9 $BA2 xmin xmax ymin ymax zmin zmax
40 rpp -65 65 -28 28 10 10.5 $Al xmin xmax ymin ymax zmin zmax
401 rpp -27 27 29 34 -11 9 $Fe xmin xmax ymin ymax zmin zmax
402 rpp -27 27 -34 -29 -11 9 $Fe xmin xmax ymin ymax zmin zmax
301 px -20
302 px 18
303 cx 3.71
304 cx 3.81
c Wheels Surfaces
c 23/10.5-12 turf tires, 22.6 lb rubber
c diameter 29cm, tread width 25cm, and sidewall height 13.76 cm
c set thickness of all sides 1.3 cm (s.t. weight is 22.6 lb)
41 rcc -2 77 8   0.0 25 0.0 29 $wheel 1 outer tread surface
42 rcc -2 77 8   0.0 25 0.0 27.7 $wheel 1 inner tread surface
421 rcc -2 75.7 8   0.0 1.3 0.0 29 $wheel 1 outside sidewall exterior
422 rcc -2 75.7 8   0.0 1.3 0.0 15.24 $wheel 1 outside sidewall interior
423 rcc -2 102 8   0.0 1.3 0.0 29 $wheel 1 inside sidewall exterior
424 rcc -2 102 8   0.0 1.3 0.0 15.24 $wheel 1 inside sidewall interior
43 rcc 68 77 8   0.0 25 0.0 29 $wheel 2
44 rcc 68 77 8   0.0 25 0.0 27.7
441 rcc 68 75.7 8   0.0 1.3 0.0 29
442 rcc 68 75.7 8   0.0 1.3 0.0 15.24
443 rcc 68 102 8   0.0 1.3 0.0 29
444 rcc 68 102 8   0.0 1.3 0.0 15.24
45 rcc -2 -77 8   0.0 -25 0.0 29 $wheel 3
46 rcc -2 -77 8   0.0 -25 0.0 27.7
461 rcc -2 -75.7 8   0.0 -1.3 0.0 29
462 rcc -2 -75.7 8   0.0 -1.3 0.0 15.24
463 rcc -2 -102 8   0.0 -1.3 0.0 29
464 rcc -2 -102 8   0.0 -1.3 0.0 15.24
47 rcc 68 -77 8   0.0 -25 0.0 29 $wheel 4
48 rcc 68 -77 8   0.0 -25 0.0 27.7
481 rcc 68 -75.7 8   0.0 -1.3 0.0 29
482 rcc 68 -75.7 8   0.0 -1.3 0.0 15.24
483 rcc 68 -102 8   0.0 -1.3 0.0 29
484 rcc 68 -102 8   0.0 -1.3 0.0 15.24
200 so 800    $sphere of 800cm centered at origin
c

c DATA CARDS
mode n p
c dump every hr
prdmp -60 -60 -1
c 100 keV Neutron Energy Cutoff
Cut:n 1j 0.1
c analog neutron transport
phys:n 1j 14
phys:p
sdef pos=0 0 0 erg=14.0 vec= 0 0 1 dir=d1
si1  -1 .93 1
sp1   0  0.0  1.0
c ********************
c begin material cards
c ********************
c Pure Carbon
c ****************************************
m400000 6000 -0.003908052724262657 7000 -0.003908052724262657 14000 -0.9921838945514747 
m400001 6000 -0.003183655325148882 7000 -0.003183655325148882 14000 -0.9936326893497021 
m400002 6000 -0.0037965041455255972 7000 -0.0037965041455255972 14000 -0.9924069917089489 
m400003 6000 -0.005660213964735203 7000 -0.005660213964735203 14000 -0.9886795720705295 
m400004 6000 -0.008866943926216673 7000 -0.008866943926216673 14000 -0.9822661121475664 
m400005 6000 -0.004118445139887841 7000 -0.004118445139887841 14000 -0.9917631097202245 
m400006 6000 -0.0032539053066004465 7000 -0.0032539053066004465 14000 -0.9934921893867995 
m400007 6000 -0.003934395775382057 7000 -0.003934395775382057 14000 -0.9921312084492356 
m400008 6000 -0.005636404934072463 7000 -0.005636404934072463 14000 -0.9887271901318551 
m400009 6000 -0.009461868449481086 7000 -0.009461868449481086 14000 -0.981076263101038 
m400010 6000 -0.004176383540554281 7000 -0.004176383540554281 14000 -0.9916472329188916 
m400011 6000 -0.003240071804426903 7000 -0.003240071804426903 14000 -0.9935198563911462 
m400012 6000 -0.0037645134955752017 7000 -0.0037645134955752017 14000 -0.9924709730088493 
m400013 6000 -0.005585835974077156 7000 -0.005585835974077156 14000 -0.9888283280518455 
m400014 6000 -0.009001039950998227 7000 -0.009001039950998227 14000 -0.9819979200980035 
m400015 6000 -0.0039536854668469155 7000 -0.0039536854668469155 14000 -0.9920926290663061 
m400016 6000 -0.00324863012410282 7000 -0.00324863012410282 14000 -0.9935027397517945 
m400017 6000 -0.003597237353217142 7000 -0.003597237353217142 14000 -0.9928055252935657 
m400018 6000 -0.005416116756815367 7000 -0.005416116756815367 14000 -0.9891677664863692 
m400019 6000 -0.008156766257286847 7000 -0.008156766257286847 14000 -0.9836864674854264 
m400020 6000 -0.004380167466133599 7000 -0.004380167466133599 14000 -0.9912396650677328 
m400021 6000 -0.0032789634083546593 7000 -0.0032789634083546593 14000 -0.9934420731832906 
m400022 6000 -0.0038861486199838445 7000 -0.0038861486199838445 14000 -0.9922277027600325 
m400023 6000 -0.005820788179980496 7000 -0.005820788179980496 14000 -0.9883584236400388 
m400024 6000 -0.008993797672776187 7000 -0.008993797672776187 14000 -0.9820124046544477 
m400025 6000 -0.004158423292641981 7000 -0.004158423292641981 14000 -0.9916831534147162 
m400026 6000 -0.0031691129730586796 7000 -0.0031691129730586796 14000 -0.9936617740538825 
m400027 6000 -0.003822955158980943 7000 -0.003822955158980943 14000 -0.9923540896820383 
m400028 6000 -0.005866501095405196 7000 -0.005866501095405196 14000 -0.9882669978091897 
m400029 6000 -0.009273365260912084 7000 -0.009273365260912084 14000 -0.9814532694781757 
m400030 6000 -0.004059236428186258 7000 -0.004059236428186258 14000 -0.9918815271436275 
m400031 6000 -0.003289525258373424 7000 -0.003289525258373424 14000 -0.9934209494832532 
m400032 6000 -0.003737689652769848 7000 -0.003737689652769848 14000 -0.9925246206944602 
m400033 6000 -0.005868289413539864 7000 -0.005868289413539864 14000 -0.9882634211729204 
m400034 6000 -0.009145283821056093 7000 -0.009145283821056093 14000 -0.9817094323578877 
m400035 6000 -0.004115481928687679 7000 -0.004115481928687679 14000 -0.9917690361426249 
m400036 6000 -0.0032191162524270265 7000 -0.0032191162524270265 14000 -0.993561767495146 
m400037 6000 -0.003901659221948975 7000 -0.003901659221948975 14000 -0.9921966815561024 
m400038 6000 -0.005581369801139444 7000 -0.005581369801139444 14000 -0.988837260397721 
m400039 6000 -0.0091518751715131 7000 -0.0091518751715131 14000 -0.981696249656974 
m400040 6000 -0.004285561987940322 7000 -0.004285561987940322 14000 -0.9914288760241198 
m400041 6000 -0.0032273075424480574 7000 -0.0032273075424480574 14000 -0.9935453849151038 
m400042 6000 -0.0035354897308640006 7000 -0.0035354897308640006 14000 -0.9929290205382719 
m400043 6000 -0.006145423071943998 7000 -0.006145423071943998 14000 -0.987709153856112 
m400044 6000 -0.009762019324996419 7000 -0.009762019324996419 14000 -0.9804759613500071 
m400045 6000 -0.004001135533514371 7000 -0.004001135533514371 14000 -0.9919977289329713 
m400046 6000 -0.003197312148557462 7000 -0.003197312148557462 14000 -0.993605375702885 
m400047 6000 -0.003999937164484404 7000 -0.003999937164484404 14000 -0.9920001256710311 
m400048 6000 -0.005525029792093905 7000 -0.005525029792093905 14000 -0.9889499404158123 
m400049 6000 -0.00896508882766308 7000 -0.00896508882766308 14000 -0.9820698223446738 
m400050 6000 -0.004125034870148874 7000 -0.004125034870148874 14000 -0.9917499302597023 
m400051 6000 -0.003202139207482451 7000 -0.003202139207482451 14000 -0.993595721585035 
m400052 6000 -0.0036805737139114477 7000 -0.0036805737139114477 14000 -0.9926388525721771 
m400053 6000 -0.005495555495138296 7000 -0.005495555495138296 14000 -0.9890088890097235 
m400054 6000 -0.009116951441554211 7000 -0.009116951441554211 14000 -0.9817660971168913 
m400055 6000 -0.0040184183702525675 7000 -0.0040184183702525675 14000 -0.9919631632594953 
m400056 6000 -0.003244969210642938 7000 -0.003244969210642938 14000 -0.9935100615787142 
m400057 6000 -0.003974267677146985 7000 -0.003974267677146985 14000 -0.992051464645706 
m400058 6000 -0.005935880267223938 7000 -0.005935880267223938 14000 -0.9881282394655522 
m400059 6000 -0.00996405656709569 7000 -0.00996405656709569 14000 -0.9800718868658086 
m400060 6000 -0.0039485078439948015 7000 -0.0039485078439948015 14000 -0.9921029843120099 
m400061 6000 -0.003210770302376538 7000 -0.003210770302376538 14000 -0.9935784593952469 
m400062 6000 -0.003963475978078795 7000 -0.003963475978078795 14000 -0.9920730480438422 
m400063 6000 -0.005867696472875401 7000 -0.005867696472875401 14000 -0.9882646070542491 
m400064 6000 -0.009552615260150811 7000 -0.009552615260150811 14000 -0.9808947694796983 
m400065 6000 -0.004202199787076444 7000 -0.004202199787076444 14000 -0.9915956004258473 
m400066 6000 -0.0031826709631305235 7000 -0.0031826709631305235 14000 -0.993634658073739 
m400067 6000 -0.003867273234048763 7000 -0.003867273234048763 14000 -0.9922654535319027 
m400068 6000 -0.005674525243345475 7000 -0.005674525243345475 14000 -0.988650949513309 
m400069 6000 -0.009265818536846309 7000 -0.009265818536846309 14000 -0.9814683629263073 
m400070 6000 -0.003968717859232691 7000 -0.003968717859232691 14000 -0.9920625642815345 
m400071 6000 -0.0032687279593327095 7000 -0.0032687279593327095 14000 -0.9934625440813345 
m400072 6000 -0.00376761404225696 7000 -0.00376761404225696 14000 -0.9924647719154859 
m400073 6000 -0.005528855854931838 7000 -0.005528855854931838 14000 -0.9889422882901361 
m400074 6000 -0.009483673718711947 7000 -0.009483673718711947 14000 -0.981032652562576 
m400075 6000 -0.004122730437795207 7000 -0.004122730437795207 14000 -0.9917545391244096 
m400076 6000 -0.0032059830829223846 7000 -0.0032059830829223846 14000 -0.993588033834155 
m400077 6000 -0.0037431900317349024 7000 -0.0037431900317349024 14000 -0.9925136199365301 
m400078 6000 -0.005941743400074342 7000 -0.005941743400074342 14000 -0.9881165131998516 
m400079 6000 -0.009152964294129992 7000 -0.009152964294129992 14000 -0.9816940714117398 
m400080 6000 -0.004276785315425396 7000 -0.004276785315425396 14000 -0.9914464293691491 
m400081 6000 -0.003193680106740116 7000 -0.003193680106740116 14000 -0.9936126397865196 
m400082 6000 -0.0038085300218037243 7000 -0.0038085300218037243 14000 -0.9923829399563925 
m400083 6000 -0.00600975248266297 7000 -0.00600975248266297 14000 -0.987980495034674 
m400084 6000 -0.008862208821133278 7000 -0.008862208821133278 14000 -0.9822755823577336 
m400085 6000 -0.003969419548246323 7000 -0.003969419548246323 14000 -0.9920611609035074 
m400086 6000 -0.0032310969171806675 7000 -0.0032310969171806675 14000 -0.9935378061656387 
m400087 6000 -0.0036275580187565106 7000 -0.0036275580187565106 14000 -0.9927448839624872 
m400088 6000 -0.005762366994051537 7000 -0.005762366994051537 14000 -0.9884752660118968 
m400089 6000 -0.008691255789235481 7000 -0.008691255789235481 14000 -0.9826174884215289 
m400090 6000 -0.0037865467921773103 7000 -0.0037865467921773103 14000 -0.9924269064156452 
m400091 6000 -0.00319898844691478 7000 -0.00319898844691478 14000 -0.9936020231061704 
m400092 6000 -0.003850142501851276 7000 -0.003850142501851276 14000 -0.9922997149962977 
m400093 6000 -0.005508950790477576 7000 -0.005508950790477576 14000 -0.9889820984190445 
m400094 6000 -0.00946120425360262 7000 -0.00946120425360262 14000 -0.9810775914927952 
m400095 6000 -0.004128596224973705 7000 -0.004128596224973705 14000 -0.9917428075500525 
m400096 6000 -0.003218773552089333 7000 -0.003218773552089333 14000 -0.9935624528958212 
m400097 6000 -0.0038281722651799283 7000 -0.0038281722651799283 14000 -0.9923436554696401 
m400098 6000 -0.006141478562174847 7000 -0.006141478562174847 14000 -0.9877170428756503 
m400099 6000 -0.008786491138847214 7000 -0.008786491138847214 14000 -0.9824270177223058 
m400100 6000 -0.004123410968321924 7000 -0.004123410968321924 14000 -0.9917531780633562 
m400101 6000 -0.003184485075326795 7000 -0.003184485075326795 14000 -0.9936310298493464 
m400102 6000 -0.003971278968303851 7000 -0.003971278968303851 14000 -0.9920574420633919 
m400103 6000 -0.005891932138369316 7000 -0.005891932138369316 14000 -0.9882161357232612 
m400104 6000 -0.009326170032135438 7000 -0.009326170032135438 14000 -0.9813476599357291 
m400105 6000 -0.0038296159904955807 7000 -0.0038296159904955807 14000 -0.9923407680190088 
m400106 6000 -0.003192013709814038 7000 -0.003192013709814038 14000 -0.9936159725803719 
m400107 6000 -0.003663114993974684 7000 -0.003663114993974684 14000 -0.9926737700120506 
m400108 6000 -0.005636694376795984 7000 -0.005636694376795984 14000 -0.988726611246408 
m400109 6000 -0.00870066933732037 7000 -0.00870066933732037 14000 -0.9825986613253593 
m400110 6000 -0.003945145588000848 7000 -0.003945145588000848 14000 -0.9921097088239983 
m400111 6000 -0.0032016558780503333 7000 -0.0032016558780503333 14000 -0.993596688243899 
m400112 6000 -0.003584985251788418 7000 -0.003584985251788418 14000 -0.992830029496423 
m400113 6000 -0.005387894852715433 7000 -0.005387894852715433 14000 -0.9892242102945691 
m400114 6000 -0.009642136333489572 7000 -0.009642136333489572 14000 -0.980715727333021 
m400115 6000 -0.004027541228463116 7000 -0.004027541228463116 14000 -0.9919449175430738 
m400116 6000 -0.003179059384676467 7000 -0.003179059384676467 14000 -0.9936418812306471 
m400117 6000 -0.0037425681625889357 7000 -0.0037425681625889357 14000 -0.9925148636748219 
m400118 6000 -0.005587440508760002 7000 -0.005587440508760002 14000 -0.9888251189824799 
m400119 6000 -0.008870010871626309 7000 -0.008870010871626309 14000 -0.9822599782567473 
m400120 6000 -0.004053272867437551 7000 -0.004053272867437551 14000 -0.991893454265125 
m400121 6000 -0.0031928549740416223 7000 -0.0031928549740416223 14000 -0.9936142900519167 
m400122 6000 -0.0037264543096097035 7000 -0.0037264543096097035 14000 -0.9925470913807807 
m400123 6000 -0.0058091976121556945 7000 -0.0058091976121556945 14000 -0.9883816047756889 
m400124 6000 -0.009386106082957292 7000 -0.009386106082957292 14000 -0.9812277878340852 
c **********************************
c PE+Pb, dens=4.78 g/cm3
m2      6000    -0.04286 $Carbon
        1001    -0.00714 $Hydrogen
        82000   -0.95000 $Lead
c **********************************
m3    1001 -0.048535 $Boric acid
      5010 -0.034981
      5011 -0.139923
      8016 -0.776561
c **********************************
m4    82000 1 $Lead
c **********************************
m5 26000 1 $Iron
c **********************************
m6     13027   -1.000 $ Aluminum
c **********************************
c  SS-304 (8.00 g/cm3), #298 in PNNL Compendium
m7   006000.50c -0.0004000
     014000.60c -0.0050000
     015031.50c -0.0002300
     016000.60c -0.0001500
     024000.50c -0.1899981
     025055.60c -0.0099999
     026000.50c -0.7017229
     028000.50c -0.0924991
c ****************************************
c       LaBr detector
c ****************************************
m8       35079    -0.2946       $ Br79
         35081    -0.3069       $ Br81
         57139    -0.3485       $ La139
         58140    -0.0500       $ Ce140
c ************ air den=1.15e-3g/cc
m12     8016 -0.23
        7014 -0.77
c ************ Rubber Natural den=0.92 g/cc
m13     1001 -0.118371  $weight fraction
        6000 -0.881629
c
c end material cards
c
rand seed=8674536546524321 $different initial random #; seed# - any less 18 digits
c
c ********** begin tallies *********************
fc78 *********Broadened Pulse Height Tally Sum of Detectors 1,2 & 3 ***********
e78 0 1e-5 932i 8.4295
F78:p (101)
FT78 GEB -0.026198 0.059551 -0.037176
fc18 *********Unbroadened Pulse Height Tally Sum of Detectors 1,2 & 3 ***********
e18 0 1e-5 932i 8.4295
F18:p (101)
c ***********************************
c mplot tal 78 freq 10000
nps 1e9
