c CAS DETECTOR
c w/ Shielding in Place and Wheels
c
c CELL CARDS
c
c @@@@@@@@@@ Detectors @@@@@@@@@@@@@@@@@
c
101 8 -5.08 -21 imp:n,p 1 $LaBr Detector #1 Active Region
c
c @@@@@@@@@ Shielding @@@@@@@@@@@@@@@@@
c
121 2 -4.78 -31 imp:n,p 1 $PE_Pb
122 4 -11.29 -32 imp:n,p 1 $Pb1
123 4 -11.29 -33 imp:n,p 1 $Pb2
124 4 -11.29 -34 imp:n,p 1 $Pb3
125 4 -11.29 -35 imp:n,p 1 $Pb4
126 4 -11.29 -36 imp:n,p 1 $Pb5
127 4 -11.29 -37 imp:n,p 1 $Pb6
128 3 -1.5 -38 imp:n,p 1 $BA1
129 3 -1.5 -39 imp:n,p 1 $BA2
130 6 -2.7 -40 imp:n,p 1 $Al
131 7 -7.92 301 -302 303 -304 imp:n,p 1 $Fe-tube
132 5 -7.8 -401 imp:n,p 1 $Fe
133 5 -7.8 -402 imp:n,p 1 $Fe
c @@@@@@@@@@ Wheels @@@@@@@@@@@@@@@@@
c
21 13 -0.92 -41 42 imp:n,p 1 $Wheel 1
211 13 -0.92 -421 422 imp:n,p 1 $Wheel 1
212 13 -0.92 -423 424 imp:n,p 1 $Wheel 1
22 13 -0.92 -43 44 imp:n,p 1 $Wheel 2
221 13 -0.92 -441 442 imp:n,p 1 $Wheel 2
222 13 -0.92 -443 444 imp:n,p 1 $Wheel 2
23 13 -0.92 -45 46 imp:n,p 1 $Wheel 3
231 13 -0.92 -461 462 imp:n,p 1 $Wheel 3
232 13 -0.92 -463 464 imp:n,p 1 $Wheel 3
24 13 -0.92 -47 48 imp:n,p 1 $Wheel 4
241 13 -0.92 -481 482 imp:n,p 1 $Wheel 4
242 13 -0.92 -483 484 imp:n,p 1 $Wheel 4
c
c @@@@@@@@@@ SOIL VOLUME @@@@@@@@@@@
c
300000 400000 -2.156 20010 -20011 20020 -20021 20030 -20031 imp:n,p 1
300001 400001 -2.156 20010 -20011 20020 -20021 20031 -20032 imp:n,p 1
300002 400002 -2.156 20010 -20011 20020 -20021 20032 -20033 imp:n,p 1
300003 400003 -2.156 20010 -20011 20020 -20021 20033 -20034 imp:n,p 1
300004 400004 -2.156 20010 -20011 20020 -20021 20034 -20035 imp:n,p 1
300005 400005 -2.156 20011 -20012 20020 -20021 20030 -20031 imp:n,p 1
300006 400006 -2.156 20011 -20012 20020 -20021 20031 -20032 imp:n,p 1
300007 400007 -2.156 20011 -20012 20020 -20021 20032 -20033 imp:n,p 1
300008 400008 -2.156 20011 -20012 20020 -20021 20033 -20034 imp:n,p 1
300009 400009 -2.156 20011 -20012 20020 -20021 20034 -20035 imp:n,p 1
300010 400010 -2.156 20012 -20013 20020 -20021 20030 -20031 imp:n,p 1
300011 400011 -2.156 20012 -20013 20020 -20021 20031 -20032 imp:n,p 1
300012 400012 -2.156 20012 -20013 20020 -20021 20032 -20033 imp:n,p 1
300013 400013 -2.156 20012 -20013 20020 -20021 20033 -20034 imp:n,p 1
300014 400014 -2.156 20012 -20013 20020 -20021 20034 -20035 imp:n,p 1
300015 400015 -2.156 20013 -20014 20020 -20021 20030 -20031 imp:n,p 1
300016 400016 -2.156 20013 -20014 20020 -20021 20031 -20032 imp:n,p 1
300017 400017 -2.156 20013 -20014 20020 -20021 20032 -20033 imp:n,p 1
300018 400018 -2.156 20013 -20014 20020 -20021 20033 -20034 imp:n,p 1
300019 400019 -2.156 20013 -20014 20020 -20021 20034 -20035 imp:n,p 1
300020 400020 -2.156 20014 -20015 20020 -20021 20030 -20031 imp:n,p 1
300021 400021 -2.156 20014 -20015 20020 -20021 20031 -20032 imp:n,p 1
300022 400022 -2.156 20014 -20015 20020 -20021 20032 -20033 imp:n,p 1
300023 400023 -2.156 20014 -20015 20020 -20021 20033 -20034 imp:n,p 1
300024 400024 -2.156 20014 -20015 20020 -20021 20034 -20035 imp:n,p 1
300025 400025 -2.156 20010 -20011 20021 -20022 20030 -20031 imp:n,p 1
300026 400026 -2.156 20010 -20011 20021 -20022 20031 -20032 imp:n,p 1
300027 400027 -2.156 20010 -20011 20021 -20022 20032 -20033 imp:n,p 1
300028 400028 -2.156 20010 -20011 20021 -20022 20033 -20034 imp:n,p 1
300029 400029 -2.156 20010 -20011 20021 -20022 20034 -20035 imp:n,p 1
300030 400030 -2.156 20011 -20012 20021 -20022 20030 -20031 imp:n,p 1
300031 400031 -2.156 20011 -20012 20021 -20022 20031 -20032 imp:n,p 1
300032 400032 -2.156 20011 -20012 20021 -20022 20032 -20033 imp:n,p 1
300033 400033 -2.156 20011 -20012 20021 -20022 20033 -20034 imp:n,p 1
300034 400034 -2.156 20011 -20012 20021 -20022 20034 -20035 imp:n,p 1
300035 400035 -2.156 20012 -20013 20021 -20022 20030 -20031 imp:n,p 1
300036 400036 -2.156 20012 -20013 20021 -20022 20031 -20032 imp:n,p 1
300037 400037 -2.156 20012 -20013 20021 -20022 20032 -20033 imp:n,p 1
300038 400038 -2.156 20012 -20013 20021 -20022 20033 -20034 imp:n,p 1
300039 400039 -2.156 20012 -20013 20021 -20022 20034 -20035 imp:n,p 1
300040 400040 -2.156 20013 -20014 20021 -20022 20030 -20031 imp:n,p 1
300041 400041 -2.156 20013 -20014 20021 -20022 20031 -20032 imp:n,p 1
300042 400042 -2.156 20013 -20014 20021 -20022 20032 -20033 imp:n,p 1
300043 400043 -2.156 20013 -20014 20021 -20022 20033 -20034 imp:n,p 1
300044 400044 -2.156 20013 -20014 20021 -20022 20034 -20035 imp:n,p 1
300045 400045 -2.156 20014 -20015 20021 -20022 20030 -20031 imp:n,p 1
300046 400046 -2.156 20014 -20015 20021 -20022 20031 -20032 imp:n,p 1
300047 400047 -2.156 20014 -20015 20021 -20022 20032 -20033 imp:n,p 1
300048 400048 -2.156 20014 -20015 20021 -20022 20033 -20034 imp:n,p 1
300049 400049 -2.156 20014 -20015 20021 -20022 20034 -20035 imp:n,p 1
300050 400050 -2.156 20010 -20011 20022 -20023 20030 -20031 imp:n,p 1
300051 400051 -2.156 20010 -20011 20022 -20023 20031 -20032 imp:n,p 1
300052 400052 -2.156 20010 -20011 20022 -20023 20032 -20033 imp:n,p 1
300053 400053 -2.156 20010 -20011 20022 -20023 20033 -20034 imp:n,p 1
300054 400054 -2.156 20010 -20011 20022 -20023 20034 -20035 imp:n,p 1
300055 400055 -2.156 20011 -20012 20022 -20023 20030 -20031 imp:n,p 1
300056 400056 -2.156 20011 -20012 20022 -20023 20031 -20032 imp:n,p 1
300057 400057 -2.156 20011 -20012 20022 -20023 20032 -20033 imp:n,p 1
300058 400058 -2.156 20011 -20012 20022 -20023 20033 -20034 imp:n,p 1
300059 400059 -2.156 20011 -20012 20022 -20023 20034 -20035 imp:n,p 1
300060 400060 -2.156 20012 -20013 20022 -20023 20030 -20031 imp:n,p 1
300061 400061 -2.156 20012 -20013 20022 -20023 20031 -20032 imp:n,p 1
300062 400062 -2.156 20012 -20013 20022 -20023 20032 -20033 imp:n,p 1
300063 400063 -2.156 20012 -20013 20022 -20023 20033 -20034 imp:n,p 1
300064 400064 -2.156 20012 -20013 20022 -20023 20034 -20035 imp:n,p 1
300065 400065 -2.156 20013 -20014 20022 -20023 20030 -20031 imp:n,p 1
300066 400066 -2.156 20013 -20014 20022 -20023 20031 -20032 imp:n,p 1
300067 400067 -2.156 20013 -20014 20022 -20023 20032 -20033 imp:n,p 1
300068 400068 -2.156 20013 -20014 20022 -20023 20033 -20034 imp:n,p 1
300069 400069 -2.156 20013 -20014 20022 -20023 20034 -20035 imp:n,p 1
300070 400070 -2.156 20014 -20015 20022 -20023 20030 -20031 imp:n,p 1
300071 400071 -2.156 20014 -20015 20022 -20023 20031 -20032 imp:n,p 1
300072 400072 -2.156 20014 -20015 20022 -20023 20032 -20033 imp:n,p 1
300073 400073 -2.156 20014 -20015 20022 -20023 20033 -20034 imp:n,p 1
300074 400074 -2.156 20014 -20015 20022 -20023 20034 -20035 imp:n,p 1
300075 400075 -2.156 20010 -20011 20023 -20024 20030 -20031 imp:n,p 1
300076 400076 -2.156 20010 -20011 20023 -20024 20031 -20032 imp:n,p 1
300077 400077 -2.156 20010 -20011 20023 -20024 20032 -20033 imp:n,p 1
300078 400078 -2.156 20010 -20011 20023 -20024 20033 -20034 imp:n,p 1
300079 400079 -2.156 20010 -20011 20023 -20024 20034 -20035 imp:n,p 1
300080 400080 -2.156 20011 -20012 20023 -20024 20030 -20031 imp:n,p 1
300081 400081 -2.156 20011 -20012 20023 -20024 20031 -20032 imp:n,p 1
300082 400082 -2.156 20011 -20012 20023 -20024 20032 -20033 imp:n,p 1
300083 400083 -2.156 20011 -20012 20023 -20024 20033 -20034 imp:n,p 1
300084 400084 -2.156 20011 -20012 20023 -20024 20034 -20035 imp:n,p 1
300085 400085 -2.156 20012 -20013 20023 -20024 20030 -20031 imp:n,p 1
300086 400086 -2.156 20012 -20013 20023 -20024 20031 -20032 imp:n,p 1
300087 400087 -2.156 20012 -20013 20023 -20024 20032 -20033 imp:n,p 1
300088 400088 -2.156 20012 -20013 20023 -20024 20033 -20034 imp:n,p 1
300089 400089 -2.156 20012 -20013 20023 -20024 20034 -20035 imp:n,p 1
300090 400090 -2.156 20013 -20014 20023 -20024 20030 -20031 imp:n,p 1
300091 400091 -2.156 20013 -20014 20023 -20024 20031 -20032 imp:n,p 1
300092 400092 -2.156 20013 -20014 20023 -20024 20032 -20033 imp:n,p 1
300093 400093 -2.156 20013 -20014 20023 -20024 20033 -20034 imp:n,p 1
300094 400094 -2.156 20013 -20014 20023 -20024 20034 -20035 imp:n,p 1
300095 400095 -2.156 20014 -20015 20023 -20024 20030 -20031 imp:n,p 1
300096 400096 -2.156 20014 -20015 20023 -20024 20031 -20032 imp:n,p 1
300097 400097 -2.156 20014 -20015 20023 -20024 20032 -20033 imp:n,p 1
300098 400098 -2.156 20014 -20015 20023 -20024 20033 -20034 imp:n,p 1
300099 400099 -2.156 20014 -20015 20023 -20024 20034 -20035 imp:n,p 1
300100 400100 -2.156 20010 -20011 20024 -20025 20030 -20031 imp:n,p 1
300101 400101 -2.156 20010 -20011 20024 -20025 20031 -20032 imp:n,p 1
300102 400102 -2.156 20010 -20011 20024 -20025 20032 -20033 imp:n,p 1
300103 400103 -2.156 20010 -20011 20024 -20025 20033 -20034 imp:n,p 1
300104 400104 -2.156 20010 -20011 20024 -20025 20034 -20035 imp:n,p 1
300105 400105 -2.156 20011 -20012 20024 -20025 20030 -20031 imp:n,p 1
300106 400106 -2.156 20011 -20012 20024 -20025 20031 -20032 imp:n,p 1
300107 400107 -2.156 20011 -20012 20024 -20025 20032 -20033 imp:n,p 1
300108 400108 -2.156 20011 -20012 20024 -20025 20033 -20034 imp:n,p 1
300109 400109 -2.156 20011 -20012 20024 -20025 20034 -20035 imp:n,p 1
300110 400110 -2.156 20012 -20013 20024 -20025 20030 -20031 imp:n,p 1
300111 400111 -2.156 20012 -20013 20024 -20025 20031 -20032 imp:n,p 1
300112 400112 -2.156 20012 -20013 20024 -20025 20032 -20033 imp:n,p 1
300113 400113 -2.156 20012 -20013 20024 -20025 20033 -20034 imp:n,p 1
300114 400114 -2.156 20012 -20013 20024 -20025 20034 -20035 imp:n,p 1
300115 400115 -2.156 20013 -20014 20024 -20025 20030 -20031 imp:n,p 1
300116 400116 -2.156 20013 -20014 20024 -20025 20031 -20032 imp:n,p 1
300117 400117 -2.156 20013 -20014 20024 -20025 20032 -20033 imp:n,p 1
300118 400118 -2.156 20013 -20014 20024 -20025 20033 -20034 imp:n,p 1
300119 400119 -2.156 20013 -20014 20024 -20025 20034 -20035 imp:n,p 1
300120 400120 -2.156 20014 -20015 20024 -20025 20030 -20031 imp:n,p 1
300121 400121 -2.156 20014 -20015 20024 -20025 20031 -20032 imp:n,p 1
300122 400122 -2.156 20014 -20015 20024 -20025 20032 -20033 imp:n,p 1
300123 400123 -2.156 20014 -20015 20024 -20025 20033 -20034 imp:n,p 1
300124 400124 -2.156 20014 -20015 20024 -20025 20034 -20035 imp:n,p 1
c
30 12 -0.00129 -200 #101 #121 #122 #123 #124 #125 #126 #127 #128 #129 #130 #131 #132 #133
        #21 #211 #212 #22 #221 #222 #23 #231 #232 #24 #241 #242 #20 imp:n,p 1 $Rest of the World
31 0 200 imp:n,p 0 $Outside world

c SURFACE CARDS
c
c Sample Volume
20010 px -56.0
20011 px -33.600000000000364
20012 px -11.200000000000728
20013 px 11.200000000000728
20014 px 33.600000000000364
20015 px 56.0
20020 py -45.0
20021 py -27.0
20022 py -9.0
20023 py 9.0
20024 py 27.0
20025 py 45.0
20030 pz 92.0
20031 pz 82.0
20032 pz 72.0
20033 pz 62.0
20034 pz 52.0
20035 pz 42.0
c Active Detector Region
21 rcc 56  -5.0 -1.0   0.0 20.3 0.0   4.5 $Detector 1 Base center, Hx,Hy,Hz, radius
c Shielding Surfaces
c Shielding Pb
31 rpp 19 29 -7.5 7.5 -11 9 $PbPE xmin xmax ymin ymax zmin zmax
32 rpp 9 19 4 9 -11 9 $Pb xmin xmax ymin ymax zmin zmax
33 rpp 9 19 -9 -4 -11 9 $Pb xmin xmax ymin ymax zmin zmax
34 rpp 19 29 7.5 12.5 -11 9 $Pb xmin xmax ymin ymax zmin zmax
35 rpp 19 29 -12.5 -7.5 -11 9 $Pb xmin xmax ymin ymax zmin zmax
36 rpp 29 34 -15 15 -11 9 $Pb xmin xmax ymin ymax zmin zmax
37 rpp 9 19 -4 4 4 9 $Pb xmin xmax ymin ymax zmin zmax
38 rpp -26 26 18 28 -11 9 $BA1 xmin xmax ymin ymax zmin zmax
39 rpp -26 26 -28 -18 -11 9 $BA2 xmin xmax ymin ymax zmin zmax
40 rpp -65 65 -28 28 10 10.5 $Al xmin xmax ymin ymax zmin zmax
401 rpp -27 27 29 34 -11 9 $Fe xmin xmax ymin ymax zmin zmax
402 rpp -27 27 -34 -29 -11 9 $Fe xmin xmax ymin ymax zmin zmax
301 px -20
302 px 18
303 cx 3.71
304 cx 3.81
c Wheels Surfaces
c 23/10.5-12 turf tires, 22.6 lb rubber
c diameter 29cm, tread width 25cm, and sidewall height 13.76 cm
c set thickness of all sides 1.3 cm (s.t. weight is 22.6 lb)
41 rcc -2 77 8   0.0 25 0.0 29 $wheel 1 outer tread surface
42 rcc -2 77 8   0.0 25 0.0 27.7 $wheel 1 inner tread surface
421 rcc -2 75.7 8   0.0 1.3 0.0 29 $wheel 1 outside sidewall exterior
422 rcc -2 75.7 8   0.0 1.3 0.0 15.24 $wheel 1 outside sidewall interior
423 rcc -2 102 8   0.0 1.3 0.0 29 $wheel 1 inside sidewall exterior
424 rcc -2 102 8   0.0 1.3 0.0 15.24 $wheel 1 inside sidewall interior
43 rcc 68 77 8   0.0 25 0.0 29 $wheel 2
44 rcc 68 77 8   0.0 25 0.0 27.7
441 rcc 68 75.7 8   0.0 1.3 0.0 29
442 rcc 68 75.7 8   0.0 1.3 0.0 15.24
443 rcc 68 102 8   0.0 1.3 0.0 29
444 rcc 68 102 8   0.0 1.3 0.0 15.24
45 rcc -2 -77 8   0.0 -25 0.0 29 $wheel 3
46 rcc -2 -77 8   0.0 -25 0.0 27.7
461 rcc -2 -75.7 8   0.0 -1.3 0.0 29
462 rcc -2 -75.7 8   0.0 -1.3 0.0 15.24
463 rcc -2 -102 8   0.0 -1.3 0.0 29
464 rcc -2 -102 8   0.0 -1.3 0.0 15.24
47 rcc 68 -77 8   0.0 -25 0.0 29 $wheel 4
48 rcc 68 -77 8   0.0 -25 0.0 27.7
481 rcc 68 -75.7 8   0.0 -1.3 0.0 29
482 rcc 68 -75.7 8   0.0 -1.3 0.0 15.24
483 rcc 68 -102 8   0.0 -1.3 0.0 29
484 rcc 68 -102 8   0.0 -1.3 0.0 15.24
200 so 800    $sphere of 800cm centered at origin
c

c DATA CARDS
mode n p
c dump every hr
prdmp -60 -60 -1
c 100 keV Neutron Energy Cutoff
Cut:n 1j 0.1
c analog neutron transport
phys:n 1j 14
phys:p
sdef pos=0 0 0 erg=14.0 vec= 0 0 1 dir=d1
si1  -1 .93 1
sp1   0  0.0  1.0
c ********************
c begin material cards
c ********************
c Pure Carbon
c ****************************************
m400000 6000 -0.004307986421266024 7000 -0.004307986421266024 14000 -0.9913840271574681 
m400001 6000 -0.0033207242787821043 7000 -0.0033207242787821043 14000 -0.9933585514424356 
m400002 6000 -0.0037749562890558143 7000 -0.0037749562890558143 14000 -0.9924500874218881 
m400003 6000 -0.005920153340169879 7000 -0.005920153340169879 14000 -0.9881596933196604 
m400004 6000 -0.009392115489732948 7000 -0.009392115489732948 14000 -0.9812157690205343 
m400005 6000 -0.004253200011960979 7000 -0.004253200011960979 14000 -0.9914935999760782 
m400006 6000 -0.003295122748593811 7000 -0.003295122748593811 14000 -0.9934097545028127 
m400007 6000 -0.0039075417224618 7000 -0.0039075417224618 14000 -0.9921849165550762 
m400008 6000 -0.005691354985801147 7000 -0.005691354985801147 14000 -0.9886172900283978 
m400009 6000 -0.00903929843589877 7000 -0.00903929843589877 14000 -0.9819214031282025 
m400010 6000 -0.004001833106682989 7000 -0.004001833106682989 14000 -0.9919963337866341 
m400011 6000 -0.0032328193711910784 7000 -0.0032328193711910784 14000 -0.9935343612576178 
m400012 6000 -0.0039563976409362316 7000 -0.0039563976409362316 14000 -0.9920872047181275 
m400013 6000 -0.0060593013315832075 7000 -0.0060593013315832075 14000 -0.9878813973368331 
m400014 6000 -0.009289594392856027 7000 -0.009289594392856027 14000 -0.981420811214288 
m400015 6000 -0.0042590379475075275 7000 -0.0042590379475075275 14000 -0.9914819241049848 
m400016 6000 -0.0032772794332456136 7000 -0.0032772794332456136 14000 -0.9934454411335086 
m400017 6000 -0.0037842434745736513 7000 -0.0037842434745736513 14000 -0.9924315130508528 
m400018 6000 -0.006108507504606005 7000 -0.006108507504606005 14000 -0.9877829849907882 
m400019 6000 -0.008794557155380325 7000 -0.008794557155380325 14000 -0.9824108856892392 
m400020 6000 -0.00414699718763883 7000 -0.00414699718763883 14000 -0.9917060056247224 
m400021 6000 -0.0032597137925638774 7000 -0.0032597137925638774 14000 -0.9934805724148719 
m400022 6000 -0.00362497955106819 7000 -0.00362497955106819 14000 -0.9927500408978637 
m400023 6000 -0.005419495877254689 7000 -0.005419495877254689 14000 -0.9891610082454905 
m400024 6000 -0.009618177125721335 7000 -0.009618177125721335 14000 -0.9807636457485571 
m400025 6000 -0.003932819422576369 7000 -0.003932819422576369 14000 -0.9921343611548475 
m400026 6000 -0.003289296295794349 7000 -0.003289296295794349 14000 -0.9934214074084113 
m400027 6000 -0.0038946795919229033 7000 -0.0038946795919229033 14000 -0.992210640816154 
m400028 6000 -0.0058668342975125845 7000 -0.0058668342975125845 14000 -0.9882663314049749 
m400029 6000 -0.009575395482837321 7000 -0.009575395482837321 14000 -0.9808492090343254 
m400030 6000 -0.004050174759018471 7000 -0.004050174759018471 14000 -0.9918996504819634 
m400031 6000 -0.0033657275933215787 7000 -0.0033657275933215787 14000 -0.9932685448133566 
m400032 6000 -0.0038798560099824243 7000 -0.0038798560099824243 14000 -0.9922402879800353 
m400033 6000 -0.005703535336359571 7000 -0.005703535336359571 14000 -0.9885929293272809 
m400034 6000 -0.009346949236779445 7000 -0.009346949236779445 14000 -0.9813061015264409 
m400035 6000 -0.0040376441012162124 7000 -0.0040376441012162124 14000 -0.9919247117975675 
m400036 6000 -0.0033204551968378897 7000 -0.0033204551968378897 14000 -0.9933590896063242 
m400037 6000 -0.0036506242618892294 7000 -0.0036506242618892294 14000 -0.9926987514762216 
m400038 6000 -0.005903730061001327 7000 -0.005903730061001327 14000 -0.9881925398779973 
m400039 6000 -0.009114909398503582 7000 -0.009114909398503582 14000 -0.981770181202993 
m400040 6000 -0.00407130352016831 7000 -0.00407130352016831 14000 -0.9918573929596632 
m400041 6000 -0.003277977698335781 7000 -0.003277977698335781 14000 -0.9934440446033284 
m400042 6000 -0.003932358113436823 7000 -0.003932358113436823 14000 -0.9921352837731264 
m400043 6000 -0.005872713802507431 7000 -0.005872713802507431 14000 -0.9882545723949854 
m400044 6000 -0.009665386389658468 7000 -0.009665386389658468 14000 -0.980669227220683 
m400045 6000 -0.0041925201034174985 7000 -0.0041925201034174985 14000 -0.9916149597931649 
m400046 6000 -0.003272147328047289 7000 -0.003272147328047289 14000 -0.9934557053439057 
m400047 6000 -0.003839226973212127 7000 -0.003839226973212127 14000 -0.9923215460535758 
m400048 6000 -0.0061024910682086235 7000 -0.0061024910682086235 14000 -0.9877950178635828 
m400049 6000 -0.009507315575561575 7000 -0.009507315575561575 14000 -0.9809853688488769 
m400050 6000 -0.0041119725985974504 7000 -0.0041119725985974504 14000 -0.9917760548028052 
m400051 6000 -0.0032483925358114023 7000 -0.0032483925358114023 14000 -0.9935032149283775 
m400052 6000 -0.003980007566023285 7000 -0.003980007566023285 14000 -0.9920399848679533 
m400053 6000 -0.005883671018072803 7000 -0.005883671018072803 14000 -0.9882326579638545 
m400054 6000 -0.008913799768646346 7000 -0.008913799768646346 14000 -0.9821724004627073 
m400055 6000 -0.0038301255066485644 7000 -0.0038301255066485644 14000 -0.9923397489867029 
m400056 6000 -0.0033472001037825744 7000 -0.0033472001037825744 14000 -0.9933055997924352 
m400057 6000 -0.0037090857056690774 7000 -0.0037090857056690774 14000 -0.9925818285886621 
m400058 6000 -0.005985500204109223 7000 -0.005985500204109223 14000 -0.9880289995917818 
m400059 6000 -0.009582535425722197 7000 -0.009582535425722197 14000 -0.980834929148556 
m400060 6000 -0.003987368141187526 7000 -0.003987368141187526 14000 -0.992025263717625 
m400061 6000 -0.0033077950985547938 7000 -0.0033077950985547938 14000 -0.9933844098028903 
m400062 6000 -0.003957437964382936 7000 -0.003957437964382936 14000 -0.9920851240712341 
m400063 6000 -0.00605079349727886 7000 -0.00605079349727886 14000 -0.9878984130054422 
m400064 6000 -0.008952770583061213 7000 -0.008952770583061213 14000 -0.9820944588338777 
m400065 6000 -0.004356458815551439 7000 -0.004356458815551439 14000 -0.9912870823688972 
m400066 6000 -0.0033007412642046324 7000 -0.0033007412642046324 14000 -0.9933985174715907 
m400067 6000 -0.004042309736362264 7000 -0.004042309736362264 14000 -0.9919153805272756 
m400068 6000 -0.0059706983881206935 7000 -0.0059706983881206935 14000 -0.9880586032237584 
m400069 6000 -0.00955685150766203 7000 -0.00955685150766203 14000 -0.9808862969846761 
m400070 6000 -0.004247199696197139 7000 -0.004247199696197139 14000 -0.9915056006076058 
m400071 6000 -0.0033287157824101405 7000 -0.0033287157824101405 14000 -0.9933425684351798 
m400072 6000 -0.0036380295417687675 7000 -0.0036380295417687675 14000 -0.9927239409164624 
m400073 6000 -0.005850544551311838 7000 -0.005850544551311838 14000 -0.9882989108973761 
m400074 6000 -0.009800828534274492 7000 -0.009800828534274492 14000 -0.9803983429314513 
m400075 6000 -0.00420293205668612 7000 -0.00420293205668612 14000 -0.9915941358866278 
m400076 6000 -0.003299762035586819 7000 -0.003299762035586819 14000 -0.9934004759288261 
m400077 6000 -0.0038325549140703313 7000 -0.0038325549140703313 14000 -0.9923348901718592 
m400078 6000 -0.006084800275009645 7000 -0.006084800275009645 14000 -0.9878303994499805 
m400079 6000 -0.008975866054724037 7000 -0.008975866054724037 14000 -0.9820482678905519 
m400080 6000 -0.004176616339056527 7000 -0.004176616339056527 14000 -0.9916467673218873 
m400081 6000 -0.0033066540099806387 7000 -0.0033066540099806387 14000 -0.9933866919800387 
m400082 6000 -0.004044643333394687 7000 -0.004044643333394687 14000 -0.9919107133332103 
m400083 6000 -0.006009610608755833 7000 -0.006009610608755833 14000 -0.9879807787824884 
m400084 6000 -0.009634660693383456 7000 -0.009634660693383456 14000 -0.9807306786132333 
m400085 6000 -0.004151331788101603 7000 -0.004151331788101603 14000 -0.991697336423797 
m400086 6000 -0.003237493465397037 7000 -0.003237493465397037 14000 -0.993525013069206 
m400087 6000 -0.0038867894071605187 7000 -0.0038867894071605187 14000 -0.9922264211856787 
m400088 6000 -0.006175195789246805 7000 -0.006175195789246805 14000 -0.9876496084215062 
m400089 6000 -0.009098071928884208 7000 -0.009098071928884208 14000 -0.9818038561422316 
m400090 6000 -0.004153388503291928 7000 -0.004153388503291928 14000 -0.9916932229934163 
m400091 6000 -0.0032855765381436075 7000 -0.0032855765381436075 14000 -0.9934288469237126 
m400092 6000 -0.0038698191159822403 7000 -0.0038698191159822403 14000 -0.9922603617680353 
m400093 6000 -0.005823738417345218 7000 -0.005823738417345218 14000 -0.9883525231653094 
m400094 6000 -0.009183267913501913 7000 -0.009183267913501913 14000 -0.981633464172996 
m400095 6000 -0.004281261300395185 7000 -0.004281261300395185 14000 -0.9914374773992097 
m400096 6000 -0.0032390691203662164 7000 -0.0032390691203662164 14000 -0.9935218617592675 
m400097 6000 -0.003806360568986612 7000 -0.003806360568986612 14000 -0.9923872788620268 
m400098 6000 -0.006157663567141546 7000 -0.006157663567141546 14000 -0.9876846728657169 
m400099 6000 -0.009250556133795686 7000 -0.009250556133795686 14000 -0.9814988877324083 
m400100 6000 -0.004136604565040748 7000 -0.004136604565040748 14000 -0.9917267908699187 
m400101 6000 -0.003338998732436832 7000 -0.003338998732436832 14000 -0.9933220025351264 
m400102 6000 -0.003853485231809084 7000 -0.003853485231809084 14000 -0.9922930295363821 
m400103 6000 -0.0057400236323425 7000 -0.0057400236323425 14000 -0.9885199527353151 
m400104 6000 -0.009432430726607233 7000 -0.009432430726607233 14000 -0.9811351385467857 
m400105 6000 -0.00428128472450061 7000 -0.00428128472450061 14000 -0.9914374305509991 
m400106 6000 -0.0033246156712635195 7000 -0.0033246156712635195 14000 -0.9933507686574728 
m400107 6000 -0.004121561575292834 7000 -0.004121561575292834 14000 -0.9917568768494148 
m400108 6000 -0.0058479460202373774 7000 -0.0058479460202373774 14000 -0.9883041079595253 
m400109 6000 -0.009187545547159755 7000 -0.009187545547159755 14000 -0.9816249089056805 
m400110 6000 -0.004192420155601432 7000 -0.004192420155601432 14000 -0.9916151596887977 
m400111 6000 -0.003286710372872231 7000 -0.003286710372872231 14000 -0.9934265792542556 
m400112 6000 -0.0036633673290373536 7000 -0.0036633673290373536 14000 -0.9926732653419253 
m400113 6000 -0.006208624770047001 7000 -0.006208624770047001 14000 -0.9875827504599057 
m400114 6000 -0.009497168556887965 7000 -0.009497168556887965 14000 -0.9810056628862245 
m400115 6000 -0.004380102545070159 7000 -0.004380102545070159 14000 -0.9912397949098596 
m400116 6000 -0.0032521023200086235 7000 -0.0032521023200086235 14000 -0.9934957953599826 
m400117 6000 -0.0038925292042499547 7000 -0.0038925292042499547 14000 -0.9922149415915003 
m400118 6000 -0.005712585304818079 7000 -0.005712585304818079 14000 -0.9885748293903638 
m400119 6000 -0.009681422414008583 7000 -0.009681422414008583 14000 -0.9806371551719828 
m400120 6000 -0.004065154102585936 7000 -0.004065154102585936 14000 -0.991869691794828 
m400121 6000 -0.0033297154433534417 7000 -0.0033297154433534417 14000 -0.9933405691132929 
m400122 6000 -0.00392700189467578 7000 -0.00392700189467578 14000 -0.9921459962106485 
m400123 6000 -0.006292185639302319 7000 -0.006292185639302319 14000 -0.9874156287213957 
m400124 6000 -0.009102196680147284 7000 -0.009102196680147284 14000 -0.9817956066397053 
c **********************************
c PE+Pb, dens=4.78 g/cm3
m2      6000    -0.04286 $Carbon
        1001    -0.00714 $Hydrogen
        82000   -0.95000 $Lead
c **********************************
m3    1001 -0.048535 $Boric acid
      5010 -0.034981
      5011 -0.139923
      8016 -0.776561
c **********************************
m4    82000 1 $Lead
c **********************************
m5 26000 1 $Iron
c **********************************
m6     13027   -1.000 $ Aluminum
c **********************************
c  SS-304 (8.00 g/cm3), #298 in PNNL Compendium
m7   006000.50c -0.0004000
     014000.60c -0.0050000
     015031.50c -0.0002300
     016000.60c -0.0001500
     024000.50c -0.1899981
     025055.60c -0.0099999
     026000.50c -0.7017229
     028000.50c -0.0924991
c ****************************************
c       LaBr detector
c ****************************************
m8       35079    -0.2946       $ Br79
         35081    -0.3069       $ Br81
         57139    -0.3485       $ La139
         58140    -0.0500       $ Ce140
c ************ air den=1.15e-3g/cc
m12     8016 -0.23
        7014 -0.77
c ************ Rubber Natural den=0.92 g/cc
m13     1001 -0.118371  $weight fraction
        6000 -0.881629
c
c end material cards
c
rand seed=8674536546524321 $different initial random #; seed# - any less 18 digits
c
c ********** begin tallies *********************
fc78 *********Broadened Pulse Height Tally Sum of Detectors 1,2 & 3 ***********
e78 0 1e-5 932i 8.4295
F78:p (101)
FT78 GEB -0.026198 0.059551 -0.037176
fc18 *********Unbroadened Pulse Height Tally Sum of Detectors 1,2 & 3 ***********
e18 0 1e-5 932i 8.4295
F18:p (101)
c ***********************************
c mplot tal 78 freq 10000
nps 1e9
