c CAS DETECTOR
c w/ Shielding in Place and Wheels
c
c CELL CARDS
c
c @@@@@@@@@@ Detectors @@@@@@@@@@@@@@@@@
c
101 8 -5.08 -21 imp:n,p 1 $LaBr Detector #1 Active Region
c
c @@@@@@@@@ Shielding @@@@@@@@@@@@@@@@@
c
121 2 -4.78 -31 imp:n,p 1 $PE_Pb
122 4 -11.29 -32 imp:n,p 1 $Pb1
123 4 -11.29 -33 imp:n,p 1 $Pb2
124 4 -11.29 -34 imp:n,p 1 $Pb3
125 4 -11.29 -35 imp:n,p 1 $Pb4
126 4 -11.29 -36 imp:n,p 1 $Pb5
127 4 -11.29 -37 imp:n,p 1 $Pb6
128 3 -1.5 -38 imp:n,p 1 $BA1
129 3 -1.5 -39 imp:n,p 1 $BA2
130 6 -2.7 -40 imp:n,p 1 $Al
131 7 -7.92 301 -302 303 -304 imp:n,p 1 $Fe-tube
132 5 -7.8 -401 imp:n,p 1 $Fe
133 5 -7.8 -402 imp:n,p 1 $Fe
c @@@@@@@@@@ Wheels @@@@@@@@@@@@@@@@@
c
21 13 -0.92 -41 42 imp:n,p 1 $Wheel 1
211 13 -0.92 -421 422 imp:n,p 1 $Wheel 1
212 13 -0.92 -423 424 imp:n,p 1 $Wheel 1
22 13 -0.92 -43 44 imp:n,p 1 $Wheel 2
221 13 -0.92 -441 442 imp:n,p 1 $Wheel 2
222 13 -0.92 -443 444 imp:n,p 1 $Wheel 2
23 13 -0.92 -45 46 imp:n,p 1 $Wheel 3
231 13 -0.92 -461 462 imp:n,p 1 $Wheel 3
232 13 -0.92 -463 464 imp:n,p 1 $Wheel 3
24 13 -0.92 -47 48 imp:n,p 1 $Wheel 4
241 13 -0.92 -481 482 imp:n,p 1 $Wheel 4
242 13 -0.92 -483 484 imp:n,p 1 $Wheel 4
c
c @@@@@@@@@@ SOIL VOLUME @@@@@@@@@@@
c
300000 400000 -2.156 20010 -20011 20020 -20021 20030 -20031 imp:n,p 1
300001 400001 -2.156 20010 -20011 20020 -20021 20031 -20032 imp:n,p 1
300002 400002 -2.156 20010 -20011 20020 -20021 20032 -20033 imp:n,p 1
300003 400003 -2.156 20010 -20011 20020 -20021 20033 -20034 imp:n,p 1
300004 400004 -2.156 20010 -20011 20020 -20021 20034 -20035 imp:n,p 1
300005 400005 -2.156 20011 -20012 20020 -20021 20030 -20031 imp:n,p 1
300006 400006 -2.156 20011 -20012 20020 -20021 20031 -20032 imp:n,p 1
300007 400007 -2.156 20011 -20012 20020 -20021 20032 -20033 imp:n,p 1
300008 400008 -2.156 20011 -20012 20020 -20021 20033 -20034 imp:n,p 1
300009 400009 -2.156 20011 -20012 20020 -20021 20034 -20035 imp:n,p 1
300010 400010 -2.156 20012 -20013 20020 -20021 20030 -20031 imp:n,p 1
300011 400011 -2.156 20012 -20013 20020 -20021 20031 -20032 imp:n,p 1
300012 400012 -2.156 20012 -20013 20020 -20021 20032 -20033 imp:n,p 1
300013 400013 -2.156 20012 -20013 20020 -20021 20033 -20034 imp:n,p 1
300014 400014 -2.156 20012 -20013 20020 -20021 20034 -20035 imp:n,p 1
300015 400015 -2.156 20013 -20014 20020 -20021 20030 -20031 imp:n,p 1
300016 400016 -2.156 20013 -20014 20020 -20021 20031 -20032 imp:n,p 1
300017 400017 -2.156 20013 -20014 20020 -20021 20032 -20033 imp:n,p 1
300018 400018 -2.156 20013 -20014 20020 -20021 20033 -20034 imp:n,p 1
300019 400019 -2.156 20013 -20014 20020 -20021 20034 -20035 imp:n,p 1
300020 400020 -2.156 20014 -20015 20020 -20021 20030 -20031 imp:n,p 1
300021 400021 -2.156 20014 -20015 20020 -20021 20031 -20032 imp:n,p 1
300022 400022 -2.156 20014 -20015 20020 -20021 20032 -20033 imp:n,p 1
300023 400023 -2.156 20014 -20015 20020 -20021 20033 -20034 imp:n,p 1
300024 400024 -2.156 20014 -20015 20020 -20021 20034 -20035 imp:n,p 1
300025 400025 -2.156 20010 -20011 20021 -20022 20030 -20031 imp:n,p 1
300026 400026 -2.156 20010 -20011 20021 -20022 20031 -20032 imp:n,p 1
300027 400027 -2.156 20010 -20011 20021 -20022 20032 -20033 imp:n,p 1
300028 400028 -2.156 20010 -20011 20021 -20022 20033 -20034 imp:n,p 1
300029 400029 -2.156 20010 -20011 20021 -20022 20034 -20035 imp:n,p 1
300030 400030 -2.156 20011 -20012 20021 -20022 20030 -20031 imp:n,p 1
300031 400031 -2.156 20011 -20012 20021 -20022 20031 -20032 imp:n,p 1
300032 400032 -2.156 20011 -20012 20021 -20022 20032 -20033 imp:n,p 1
300033 400033 -2.156 20011 -20012 20021 -20022 20033 -20034 imp:n,p 1
300034 400034 -2.156 20011 -20012 20021 -20022 20034 -20035 imp:n,p 1
300035 400035 -2.156 20012 -20013 20021 -20022 20030 -20031 imp:n,p 1
300036 400036 -2.156 20012 -20013 20021 -20022 20031 -20032 imp:n,p 1
300037 400037 -2.156 20012 -20013 20021 -20022 20032 -20033 imp:n,p 1
300038 400038 -2.156 20012 -20013 20021 -20022 20033 -20034 imp:n,p 1
300039 400039 -2.156 20012 -20013 20021 -20022 20034 -20035 imp:n,p 1
300040 400040 -2.156 20013 -20014 20021 -20022 20030 -20031 imp:n,p 1
300041 400041 -2.156 20013 -20014 20021 -20022 20031 -20032 imp:n,p 1
300042 400042 -2.156 20013 -20014 20021 -20022 20032 -20033 imp:n,p 1
300043 400043 -2.156 20013 -20014 20021 -20022 20033 -20034 imp:n,p 1
300044 400044 -2.156 20013 -20014 20021 -20022 20034 -20035 imp:n,p 1
300045 400045 -2.156 20014 -20015 20021 -20022 20030 -20031 imp:n,p 1
300046 400046 -2.156 20014 -20015 20021 -20022 20031 -20032 imp:n,p 1
300047 400047 -2.156 20014 -20015 20021 -20022 20032 -20033 imp:n,p 1
300048 400048 -2.156 20014 -20015 20021 -20022 20033 -20034 imp:n,p 1
300049 400049 -2.156 20014 -20015 20021 -20022 20034 -20035 imp:n,p 1
300050 400050 -2.156 20010 -20011 20022 -20023 20030 -20031 imp:n,p 1
300051 400051 -2.156 20010 -20011 20022 -20023 20031 -20032 imp:n,p 1
300052 400052 -2.156 20010 -20011 20022 -20023 20032 -20033 imp:n,p 1
300053 400053 -2.156 20010 -20011 20022 -20023 20033 -20034 imp:n,p 1
300054 400054 -2.156 20010 -20011 20022 -20023 20034 -20035 imp:n,p 1
300055 400055 -2.156 20011 -20012 20022 -20023 20030 -20031 imp:n,p 1
300056 400056 -2.156 20011 -20012 20022 -20023 20031 -20032 imp:n,p 1
300057 400057 -2.156 20011 -20012 20022 -20023 20032 -20033 imp:n,p 1
300058 400058 -2.156 20011 -20012 20022 -20023 20033 -20034 imp:n,p 1
300059 400059 -2.156 20011 -20012 20022 -20023 20034 -20035 imp:n,p 1
300060 400060 -2.156 20012 -20013 20022 -20023 20030 -20031 imp:n,p 1
300061 400061 -2.156 20012 -20013 20022 -20023 20031 -20032 imp:n,p 1
300062 400062 -2.156 20012 -20013 20022 -20023 20032 -20033 imp:n,p 1
300063 400063 -2.156 20012 -20013 20022 -20023 20033 -20034 imp:n,p 1
300064 400064 -2.156 20012 -20013 20022 -20023 20034 -20035 imp:n,p 1
300065 400065 -2.156 20013 -20014 20022 -20023 20030 -20031 imp:n,p 1
300066 400066 -2.156 20013 -20014 20022 -20023 20031 -20032 imp:n,p 1
300067 400067 -2.156 20013 -20014 20022 -20023 20032 -20033 imp:n,p 1
300068 400068 -2.156 20013 -20014 20022 -20023 20033 -20034 imp:n,p 1
300069 400069 -2.156 20013 -20014 20022 -20023 20034 -20035 imp:n,p 1
300070 400070 -2.156 20014 -20015 20022 -20023 20030 -20031 imp:n,p 1
300071 400071 -2.156 20014 -20015 20022 -20023 20031 -20032 imp:n,p 1
300072 400072 -2.156 20014 -20015 20022 -20023 20032 -20033 imp:n,p 1
300073 400073 -2.156 20014 -20015 20022 -20023 20033 -20034 imp:n,p 1
300074 400074 -2.156 20014 -20015 20022 -20023 20034 -20035 imp:n,p 1
300075 400075 -2.156 20010 -20011 20023 -20024 20030 -20031 imp:n,p 1
300076 400076 -2.156 20010 -20011 20023 -20024 20031 -20032 imp:n,p 1
300077 400077 -2.156 20010 -20011 20023 -20024 20032 -20033 imp:n,p 1
300078 400078 -2.156 20010 -20011 20023 -20024 20033 -20034 imp:n,p 1
300079 400079 -2.156 20010 -20011 20023 -20024 20034 -20035 imp:n,p 1
300080 400080 -2.156 20011 -20012 20023 -20024 20030 -20031 imp:n,p 1
300081 400081 -2.156 20011 -20012 20023 -20024 20031 -20032 imp:n,p 1
300082 400082 -2.156 20011 -20012 20023 -20024 20032 -20033 imp:n,p 1
300083 400083 -2.156 20011 -20012 20023 -20024 20033 -20034 imp:n,p 1
300084 400084 -2.156 20011 -20012 20023 -20024 20034 -20035 imp:n,p 1
300085 400085 -2.156 20012 -20013 20023 -20024 20030 -20031 imp:n,p 1
300086 400086 -2.156 20012 -20013 20023 -20024 20031 -20032 imp:n,p 1
300087 400087 -2.156 20012 -20013 20023 -20024 20032 -20033 imp:n,p 1
300088 400088 -2.156 20012 -20013 20023 -20024 20033 -20034 imp:n,p 1
300089 400089 -2.156 20012 -20013 20023 -20024 20034 -20035 imp:n,p 1
300090 400090 -2.156 20013 -20014 20023 -20024 20030 -20031 imp:n,p 1
300091 400091 -2.156 20013 -20014 20023 -20024 20031 -20032 imp:n,p 1
300092 400092 -2.156 20013 -20014 20023 -20024 20032 -20033 imp:n,p 1
300093 400093 -2.156 20013 -20014 20023 -20024 20033 -20034 imp:n,p 1
300094 400094 -2.156 20013 -20014 20023 -20024 20034 -20035 imp:n,p 1
300095 400095 -2.156 20014 -20015 20023 -20024 20030 -20031 imp:n,p 1
300096 400096 -2.156 20014 -20015 20023 -20024 20031 -20032 imp:n,p 1
300097 400097 -2.156 20014 -20015 20023 -20024 20032 -20033 imp:n,p 1
300098 400098 -2.156 20014 -20015 20023 -20024 20033 -20034 imp:n,p 1
300099 400099 -2.156 20014 -20015 20023 -20024 20034 -20035 imp:n,p 1
300100 400100 -2.156 20010 -20011 20024 -20025 20030 -20031 imp:n,p 1
300101 400101 -2.156 20010 -20011 20024 -20025 20031 -20032 imp:n,p 1
300102 400102 -2.156 20010 -20011 20024 -20025 20032 -20033 imp:n,p 1
300103 400103 -2.156 20010 -20011 20024 -20025 20033 -20034 imp:n,p 1
300104 400104 -2.156 20010 -20011 20024 -20025 20034 -20035 imp:n,p 1
300105 400105 -2.156 20011 -20012 20024 -20025 20030 -20031 imp:n,p 1
300106 400106 -2.156 20011 -20012 20024 -20025 20031 -20032 imp:n,p 1
300107 400107 -2.156 20011 -20012 20024 -20025 20032 -20033 imp:n,p 1
300108 400108 -2.156 20011 -20012 20024 -20025 20033 -20034 imp:n,p 1
300109 400109 -2.156 20011 -20012 20024 -20025 20034 -20035 imp:n,p 1
300110 400110 -2.156 20012 -20013 20024 -20025 20030 -20031 imp:n,p 1
300111 400111 -2.156 20012 -20013 20024 -20025 20031 -20032 imp:n,p 1
300112 400112 -2.156 20012 -20013 20024 -20025 20032 -20033 imp:n,p 1
300113 400113 -2.156 20012 -20013 20024 -20025 20033 -20034 imp:n,p 1
300114 400114 -2.156 20012 -20013 20024 -20025 20034 -20035 imp:n,p 1
300115 400115 -2.156 20013 -20014 20024 -20025 20030 -20031 imp:n,p 1
300116 400116 -2.156 20013 -20014 20024 -20025 20031 -20032 imp:n,p 1
300117 400117 -2.156 20013 -20014 20024 -20025 20032 -20033 imp:n,p 1
300118 400118 -2.156 20013 -20014 20024 -20025 20033 -20034 imp:n,p 1
300119 400119 -2.156 20013 -20014 20024 -20025 20034 -20035 imp:n,p 1
300120 400120 -2.156 20014 -20015 20024 -20025 20030 -20031 imp:n,p 1
300121 400121 -2.156 20014 -20015 20024 -20025 20031 -20032 imp:n,p 1
300122 400122 -2.156 20014 -20015 20024 -20025 20032 -20033 imp:n,p 1
300123 400123 -2.156 20014 -20015 20024 -20025 20033 -20034 imp:n,p 1
300124 400124 -2.156 20014 -20015 20024 -20025 20034 -20035 imp:n,p 1
c
30 12 -0.00129 -200 #101 #121 #122 #123 #124 #125 #126 #127 #128 #129 #130 #131 #132 #133
        #21 #211 #212 #22 #221 #222 #23 #231 #232 #24 #241 #242 #20 imp:n,p 1 $Rest of the World
31 0 200 imp:n,p 0 $Outside world

c SURFACE CARDS
c
c Sample Volume
20010 px -56.0
20011 px -33.6
20012 px -11.200000000000003
20013 px 11.199999999999989
20014 px 33.599999999999994
20015 px 56.0
20020 py -45.0
20021 py -27.0
20022 py -9.0
20023 py 9.0
20024 py 27.0
20025 py 45.0
20030 pz 92.0
20031 pz 82.0
20032 pz 72.0
20033 pz 62.0
20034 pz 52.0
20035 pz 42.0
c Active Detector Region
21 rcc 56  -5.0 -1.0   0.0 20.3 0.0   4.5 $Detector 1 Base center, Hx,Hy,Hz, radius
c Shielding Surfaces
c Shielding Pb
31 rpp 19 29 -7.5 7.5 -11 9 $PbPE xmin xmax ymin ymax zmin zmax
32 rpp 9 19 4 9 -11 9 $Pb xmin xmax ymin ymax zmin zmax
33 rpp 9 19 -9 -4 -11 9 $Pb xmin xmax ymin ymax zmin zmax
34 rpp 19 29 7.5 12.5 -11 9 $Pb xmin xmax ymin ymax zmin zmax
35 rpp 19 29 -12.5 -7.5 -11 9 $Pb xmin xmax ymin ymax zmin zmax
36 rpp 29 34 -15 15 -11 9 $Pb xmin xmax ymin ymax zmin zmax
37 rpp 9 19 -4 4 4 9 $Pb xmin xmax ymin ymax zmin zmax
38 rpp -26 26 18 28 -11 9 $BA1 xmin xmax ymin ymax zmin zmax
39 rpp -26 26 -28 -18 -11 9 $BA2 xmin xmax ymin ymax zmin zmax
40 rpp -65 65 -28 28 10 10.5 $Al xmin xmax ymin ymax zmin zmax
401 rpp -27 27 29 34 -11 9 $Fe xmin xmax ymin ymax zmin zmax
402 rpp -27 27 -34 -29 -11 9 $Fe xmin xmax ymin ymax zmin zmax
301 px -20
302 px 18
303 cx 3.71
304 cx 3.81
c Wheels Surfaces
c 23/10.5-12 turf tires, 22.6 lb rubber
c diameter 29cm, tread width 25cm, and sidewall height 13.76 cm
c set thickness of all sides 1.3 cm (s.t. weight is 22.6 lb)
41 rcc -2 77 8   0.0 25 0.0 29 $wheel 1 outer tread surface
42 rcc -2 77 8   0.0 25 0.0 27.7 $wheel 1 inner tread surface
421 rcc -2 75.7 8   0.0 1.3 0.0 29 $wheel 1 outside sidewall exterior
422 rcc -2 75.7 8   0.0 1.3 0.0 15.24 $wheel 1 outside sidewall interior
423 rcc -2 102 8   0.0 1.3 0.0 29 $wheel 1 inside sidewall exterior
424 rcc -2 102 8   0.0 1.3 0.0 15.24 $wheel 1 inside sidewall interior
43 rcc 68 77 8   0.0 25 0.0 29 $wheel 2
44 rcc 68 77 8   0.0 25 0.0 27.7
441 rcc 68 75.7 8   0.0 1.3 0.0 29
442 rcc 68 75.7 8   0.0 1.3 0.0 15.24
443 rcc 68 102 8   0.0 1.3 0.0 29
444 rcc 68 102 8   0.0 1.3 0.0 15.24
45 rcc -2 -77 8   0.0 -25 0.0 29 $wheel 3
46 rcc -2 -77 8   0.0 -25 0.0 27.7
461 rcc -2 -75.7 8   0.0 -1.3 0.0 29
462 rcc -2 -75.7 8   0.0 -1.3 0.0 15.24
463 rcc -2 -102 8   0.0 -1.3 0.0 29
464 rcc -2 -102 8   0.0 -1.3 0.0 15.24
47 rcc 68 -77 8   0.0 -25 0.0 29 $wheel 4
48 rcc 68 -77 8   0.0 -25 0.0 27.7
481 rcc 68 -75.7 8   0.0 -1.3 0.0 29
482 rcc 68 -75.7 8   0.0 -1.3 0.0 15.24
483 rcc 68 -102 8   0.0 -1.3 0.0 29
484 rcc 68 -102 8   0.0 -1.3 0.0 15.24
200 so 800    $sphere of 800cm centered at origin
c

c DATA CARDS
mode n p
c dump every hr
prdmp -60 -60 -1
c 100 keV Neutron Energy Cutoff
Cut:n 1j 0.1
c analog neutron transport
phys:n 1j 14
phys:p
sdef pos=0 0 0 erg=14.0 vec= 0 0 1 dir=d1
si1  -1 .93 1
sp1   0  0.0  1.0
c ********************
c begin material cards
c ********************
c Pure Carbon
c ****************************************
m400000 6000 -0.0038311633524200877 7000 -0.0038311633524200877 14000 -0.9923376732951595 
m400001 6000 -0.0032494877060437522 7000 -0.0032494877060437522 14000 -0.9935010245879122 
m400002 6000 -0.0037104373325756003 7000 -0.0037104373325756003 14000 -0.9925791253348488 
m400003 6000 -0.005823426112826163 7000 -0.005823426112826163 14000 -0.988353147774348 
m400004 6000 -0.008729328720761839 7000 -0.008729328720761839 14000 -0.9825413425584765 
m400005 6000 -0.004234453095431069 7000 -0.004234453095431069 14000 -0.991531093809138 
m400006 6000 -0.0032403678167595056 7000 -0.0032403678167595056 14000 -0.9935192643664813 
m400007 6000 -0.0037951271226103938 7000 -0.0037951271226103938 14000 -0.9924097457547794 
m400008 6000 -0.00595025655796796 7000 -0.00595025655796796 14000 -0.9880994868840642 
m400009 6000 -0.008965483136583338 7000 -0.008965483136583338 14000 -0.9820690337268333 
m400010 6000 -0.003936993937950539 7000 -0.003936993937950539 14000 -0.9921260121240991 
m400011 6000 -0.0032583878730626553 7000 -0.0032583878730626553 14000 -0.9934832242538747 
m400012 6000 -0.0038057266482956274 7000 -0.0038057266482956274 14000 -0.9923885467034084 
m400013 6000 -0.005334056784504538 7000 -0.005334056784504538 14000 -0.9893318864309915 
m400014 6000 -0.009650172196030897 7000 -0.009650172196030897 14000 -0.9806996556079381 
m400015 6000 -0.003881258082486243 7000 -0.003881258082486243 14000 -0.9922374838350279 
m400016 6000 -0.0032851671151889507 7000 -0.0032851671151889507 14000 -0.9934296657696219 
m400017 6000 -0.0037517695793487984 7000 -0.0037517695793487984 14000 -0.9924964608413022 
m400018 6000 -0.005808828223134253 7000 -0.005808828223134253 14000 -0.9883823435537316 
m400019 6000 -0.008717791023160927 7000 -0.008717791023160927 14000 -0.9825644179536778 
m400020 6000 -0.004168660274268278 7000 -0.004168660274268278 14000 -0.9916626794514636 
m400021 6000 -0.0032594651044827038 7000 -0.0032594651044827038 14000 -0.9934810697910348 
m400022 6000 -0.004020125953078525 7000 -0.004020125953078525 14000 -0.9919597480938427 
m400023 6000 -0.005682931466833319 7000 -0.005682931466833319 14000 -0.9886341370663334 
m400024 6000 -0.008834646758317138 7000 -0.008834646758317138 14000 -0.9823307064833657 
m400025 6000 -0.004143295087703638 7000 -0.004143295087703638 14000 -0.9917134098245929 
m400026 6000 -0.0032386943292092418 7000 -0.0032386943292092418 14000 -0.9935226113415818 
m400027 6000 -0.003741812701333254 7000 -0.003741812701333254 14000 -0.9925163745973333 
m400028 6000 -0.00587295133631959 7000 -0.00587295133631959 14000 -0.9882540973273609 
m400029 6000 -0.008860143763879337 7000 -0.008860143763879337 14000 -0.9822797124722417 
m400030 6000 -0.004265881914404437 7000 -0.004265881914404437 14000 -0.9914682361711913 
m400031 6000 -0.0032842443484539558 7000 -0.0032842443484539558 14000 -0.993431511303092 
m400032 6000 -0.0037981247895436327 7000 -0.0037981247895436327 14000 -0.9924037504209129 
m400033 6000 -0.005493331128089308 7000 -0.005493331128089308 14000 -0.9890133377438215 
m400034 6000 -0.009042976151370969 7000 -0.009042976151370969 14000 -0.9819140476972579 
m400035 6000 -0.0040888037161571945 7000 -0.0040888037161571945 14000 -0.9918223925676851 
m400036 6000 -0.0031646477838818054 7000 -0.0031646477838818054 14000 -0.9936707044322363 
m400037 6000 -0.003671760611272872 7000 -0.003671760611272872 14000 -0.9926564787774542 
m400038 6000 -0.0057395009491989415 7000 -0.0057395009491989415 14000 -0.9885209981016021 
m400039 6000 -0.009394025168170282 7000 -0.009394025168170282 14000 -0.9812119496636593 
m400040 6000 -0.004117496232068916 7000 -0.004117496232068916 14000 -0.9917650075358622 
m400041 6000 -0.003247648657412811 7000 -0.003247648657412811 14000 -0.9935047026851745 
m400042 6000 -0.0038696234793834283 7000 -0.0038696234793834283 14000 -0.9922607530412332 
m400043 6000 -0.006135200647539469 7000 -0.006135200647539469 14000 -0.987729598704921 
m400044 6000 -0.009076349948720516 7000 -0.009076349948720516 14000 -0.9818473001025592 
m400045 6000 -0.00413424135741994 7000 -0.00413424135741994 14000 -0.9917315172851598 
m400046 6000 -0.003221020281609541 7000 -0.003221020281609541 14000 -0.993557959436781 
m400047 6000 -0.0036716198893661555 7000 -0.0036716198893661555 14000 -0.9926567602212681 
m400048 6000 -0.0054110850469217455 7000 -0.0054110850469217455 14000 -0.9891778299061563 
m400049 6000 -0.008979999349909394 7000 -0.008979999349909394 14000 -0.9820400013001812 
m400050 6000 -0.0042081035436759 7000 -0.0042081035436759 14000 -0.991583792912648 
m400051 6000 -0.0032810828412898458 7000 -0.0032810828412898458 14000 -0.9934378343174203 
m400052 6000 -0.0038554846818417226 7000 -0.0038554846818417226 14000 -0.9922890306363169 
m400053 6000 -0.005580467549930231 7000 -0.005580467549930231 14000 -0.9888390649001394 
m400054 6000 -0.009015228981439374 7000 -0.009015228981439374 14000 -0.9819695420371215 
m400055 6000 -0.004201392614137171 7000 -0.004201392614137171 14000 -0.9915972147717258 
m400056 6000 -0.00321314885356767 7000 -0.00321314885356767 14000 -0.9935737022928649 
m400057 6000 -0.0037460337605406324 7000 -0.0037460337605406324 14000 -0.9925079324789188 
m400058 6000 -0.005659535197529085 7000 -0.005659535197529085 14000 -0.9886809296049421 
m400059 6000 -0.009342943008353472 7000 -0.009342943008353472 14000 -0.9813141139832929 
m400060 6000 -0.004074739280134546 7000 -0.004074739280134546 14000 -0.9918505214397306 
m400061 6000 -0.0032593828736000073 7000 -0.0032593828736000073 14000 -0.9934812342527999 
m400062 6000 -0.0040388026301822364 7000 -0.0040388026301822364 14000 -0.9919223947396357 
m400063 6000 -0.005937391075044897 7000 -0.005937391075044897 14000 -0.9881252178499104 
m400064 6000 -0.009301286363969073 7000 -0.009301286363969073 14000 -0.9813974272720617 
m400065 6000 -0.004087905853379933 7000 -0.004087905853379933 14000 -0.9918241882932404 
m400066 6000 -0.0031966841078640645 7000 -0.0031966841078640645 14000 -0.9936066317842718 
m400067 6000 -0.003614767681699471 7000 -0.003614767681699471 14000 -0.9927704646366012 
m400068 6000 -0.0058096351459069485 7000 -0.0058096351459069485 14000 -0.9883807297081861 
m400069 6000 -0.009559141130095908 7000 -0.009559141130095908 14000 -0.980881717739808 
m400070 6000 -0.004319210925459703 7000 -0.004319210925459703 14000 -0.9913615781490804 
m400071 6000 -0.0031972457052783635 7000 -0.0031972457052783635 14000 -0.993605508589443 
m400072 6000 -0.003831595440674323 7000 -0.003831595440674323 14000 -0.9923368091186512 
m400073 6000 -0.0056617693132670465 7000 -0.0056617693132670465 14000 -0.988676461373466 
m400074 6000 -0.009555961876559277 7000 -0.009555961876559277 14000 -0.9808880762468811 
m400075 6000 -0.00404306283532997 7000 -0.00404306283532997 14000 -0.99191387432934 
m400076 6000 -0.003247609795012672 7000 -0.003247609795012672 14000 -0.9935047804099743 
m400077 6000 -0.0038560865912925894 7000 -0.0038560865912925894 14000 -0.9922878268174149 
m400078 6000 -0.0057140139649992806 7000 -0.0057140139649992806 14000 -0.9885719720700016 
m400079 6000 -0.00891747159594808 7000 -0.00891747159594808 14000 -0.9821650568081038 
m400080 6000 -0.004012279324231101 7000 -0.004012279324231101 14000 -0.9919754413515374 
m400081 6000 -0.003231011533242107 7000 -0.003231011533242107 14000 -0.9935379769335155 
m400082 6000 -0.0037497604037421634 7000 -0.0037497604037421634 14000 -0.9925004791925157 
m400083 6000 -0.0059107288047417095 7000 -0.0059107288047417095 14000 -0.9881785423905164 
m400084 6000 -0.009044519728794173 7000 -0.009044519728794173 14000 -0.9819109605424117 
m400085 6000 -0.003981154478458605 7000 -0.003981154478458605 14000 -0.9920376910430828 
m400086 6000 -0.0032030456585141827 7000 -0.0032030456585141827 14000 -0.9935939086829714 
m400087 6000 -0.004005150073456831 7000 -0.004005150073456831 14000 -0.9919896998530864 
m400088 6000 -0.005864937117491554 7000 -0.005864937117491554 14000 -0.9882701257650167 
m400089 6000 -0.009571689147460814 7000 -0.009571689147460814 14000 -0.9808566217050787 
m400090 6000 -0.004275401023981174 7000 -0.004275401023981174 14000 -0.9914491979520377 
m400091 6000 -0.0032707002430696574 7000 -0.0032707002430696574 14000 -0.9934585995138607 
m400092 6000 -0.0038852084328091343 7000 -0.0038852084328091343 14000 -0.9922295831343816 
m400093 6000 -0.005754451613731327 7000 -0.005754451613731327 14000 -0.9884910967725373 
m400094 6000 -0.008503911268436812 7000 -0.008503911268436812 14000 -0.9829921774631264 
m400095 6000 -0.003964148846016496 7000 -0.003964148846016496 14000 -0.9920717023079668 
m400096 6000 -0.0032236809426041497 7000 -0.0032236809426041497 14000 -0.9935526381147914 
m400097 6000 -0.0039997468631842595 7000 -0.0039997468631842595 14000 -0.9920005062736315 
m400098 6000 -0.005892945951293586 7000 -0.005892945951293586 14000 -0.9882141080974134 
m400099 6000 -0.009381304902031989 7000 -0.009381304902031989 14000 -0.9812373901959358 
m400100 6000 -0.004080190412741418 7000 -0.004080190412741418 14000 -0.9918396191745172 
m400101 6000 -0.003276536583385178 7000 -0.003276536583385178 14000 -0.9934469268332297 
m400102 6000 -0.0037232033293482024 7000 -0.0037232033293482024 14000 -0.9925535933413038 
m400103 6000 -0.005728072363426848 7000 -0.005728072363426848 14000 -0.9885438552731461 
m400104 6000 -0.009346863752048963 7000 -0.009346863752048963 14000 -0.9813062724959017 
m400105 6000 -0.004141285522528221 7000 -0.004141285522528221 14000 -0.9917174289549435 
m400106 6000 -0.00322629256613412 7000 -0.00322629256613412 14000 -0.9935474148677319 
m400107 6000 -0.0037520045201160884 7000 -0.0037520045201160884 14000 -0.9924959909597678 
m400108 6000 -0.006277921953512185 7000 -0.006277921953512185 14000 -0.9874441560929756 
m400109 6000 -0.00901167134024367 7000 -0.00901167134024367 14000 -0.9819766573195126 
m400110 6000 -0.0040787680364659795 7000 -0.0040787680364659795 14000 -0.9918424639270682 
m400111 6000 -0.0032107799730647347 7000 -0.0032107799730647347 14000 -0.9935784400538704 
m400112 6000 -0.0037571743641386696 7000 -0.0037571743641386696 14000 -0.9924856512717224 
m400113 6000 -0.005766153540386132 7000 -0.005766153540386132 14000 -0.988467692919228 
m400114 6000 -0.008667955953952021 7000 -0.008667955953952021 14000 -0.9826640880920959 
m400115 6000 -0.004114344850811748 7000 -0.004114344850811748 14000 -0.9917713102983767 
m400116 6000 -0.00328898878626819 7000 -0.00328898878626819 14000 -0.9934220224274637 
m400117 6000 -0.0037216564753311115 7000 -0.0037216564753311115 14000 -0.9925566870493376 
m400118 6000 -0.0054216772498585876 7000 -0.0054216772498585876 14000 -0.9891566455002831 
m400119 6000 -0.009029592696381277 7000 -0.009029592696381277 14000 -0.9819408146072375 
m400120 6000 -0.004249396270211389 7000 -0.004249396270211389 14000 -0.9915012074595768 
m400121 6000 -0.0032558921270107797 7000 -0.0032558921270107797 14000 -0.9934882157459787 
m400122 6000 -0.004013094450628142 7000 -0.004013094450628142 14000 -0.9919738110987437 
m400123 6000 -0.005892211857115306 7000 -0.005892211857115306 14000 -0.9882155762857695 
m400124 6000 -0.008666649603353171 7000 -0.008666649603353171 14000 -0.9826667007932934 
c **********************************
c PE+Pb, dens=4.78 g/cm3
m2      6000    -0.04286 $Carbon
        1001    -0.00714 $Hydrogen
        82000   -0.95000 $Lead
c **********************************
m3    1001 -0.048535 $Boric acid
      5010 -0.034981
      5011 -0.139923
      8016 -0.776561
c **********************************
m4    82000 1 $Lead
c **********************************
m5 26000 1 $Iron
c **********************************
m6     13027   -1.000 $ Aluminum
c **********************************
c  SS-304 (8.00 g/cm3), #298 in PNNL Compendium
m7   006000.50c -0.0004000
     014000.60c -0.0050000
     015031.50c -0.0002300
     016000.60c -0.0001500
     024000.50c -0.1899981
     025055.60c -0.0099999
     026000.50c -0.7017229
     028000.50c -0.0924991
c ****************************************
c       LaBr detector
c ****************************************
m8       35079    -0.2946       $ Br79
         35081    -0.3069       $ Br81
         57139    -0.3485       $ La139
         58140    -0.0500       $ Ce140
c ************ air den=1.15e-3g/cc
m12     8016 -0.23
        7014 -0.77
c ************ Rubber Natural den=0.92 g/cc
m13     1001 -0.118371  $weight fraction
        6000 -0.881629
c
c end material cards
c
rand seed=8674536546524321 $different initial random #; seed# - any less 18 digits
c
c ********** begin tallies *********************
fc78 *********Broadened Pulse Height Tally Sum of Detectors 1,2 & 3 ***********
e78 0 1e-5 932i 8.4295
F78:p (101)
FT78 GEB -0.026198 0.059551 -0.037176
fc18 *********Unbroadened Pulse Height Tally Sum of Detectors 1,2 & 3 ***********
e18 0 1e-5 932i 8.4295
F18:p (101)
c ***********************************
c mplot tal 78 freq 10000
nps 1e9
