c CAS DETECTOR
c w/ Shielding in Place and Wheels
c
c CELL CARDS
c
c @@@@@@@@@@ Detectors @@@@@@@@@@@@@@@@@
c
101 8 -5.08 -21 imp:n,p 1 $LaBr Detector #1 Active Region
c
c @@@@@@@@@ Shielding @@@@@@@@@@@@@@@@@
c
121 2 -4.78 -31 imp:n,p 1 $PE_Pb
122 4 -11.29 -32 imp:n,p 1 $Pb1
123 4 -11.29 -33 imp:n,p 1 $Pb2
124 4 -11.29 -34 imp:n,p 1 $Pb3
125 4 -11.29 -35 imp:n,p 1 $Pb4
126 4 -11.29 -36 imp:n,p 1 $Pb5
127 4 -11.29 -37 imp:n,p 1 $Pb6
128 3 -1.5 -38 imp:n,p 1 $BA1
129 3 -1.5 -39 imp:n,p 1 $BA2
130 6 -2.7 -40 imp:n,p 1 $Al
131 7 -7.92 301 -302 303 -304 imp:n,p 1 $Fe-tube
132 5 -7.8 -401 imp:n,p 1 $Fe
133 5 -7.8 -402 imp:n,p 1 $Fe
c @@@@@@@@@@ Wheels @@@@@@@@@@@@@@@@@
c
21 13 -0.92 -41 42 imp:n,p 1 $Wheel 1
211 13 -0.92 -421 422 imp:n,p 1 $Wheel 1
212 13 -0.92 -423 424 imp:n,p 1 $Wheel 1
22 13 -0.92 -43 44 imp:n,p 1 $Wheel 2
221 13 -0.92 -441 442 imp:n,p 1 $Wheel 2
222 13 -0.92 -443 444 imp:n,p 1 $Wheel 2
23 13 -0.92 -45 46 imp:n,p 1 $Wheel 3
231 13 -0.92 -461 462 imp:n,p 1 $Wheel 3
232 13 -0.92 -463 464 imp:n,p 1 $Wheel 3
24 13 -0.92 -47 48 imp:n,p 1 $Wheel 4
241 13 -0.92 -481 482 imp:n,p 1 $Wheel 4
242 13 -0.92 -483 484 imp:n,p 1 $Wheel 4
c
c @@@@@@@@@@ SOIL VOLUME @@@@@@@@@@@
c
300000 400000 -2.156 20010 -20011 20020 -20021 20030 -20031 imp:n,p 1
300001 400001 -2.156 20010 -20011 20020 -20021 20031 -20032 imp:n,p 1
300002 400002 -2.156 20010 -20011 20020 -20021 20032 -20033 imp:n,p 1
300003 400003 -2.156 20010 -20011 20020 -20021 20033 -20034 imp:n,p 1
300004 400004 -2.156 20010 -20011 20020 -20021 20034 -20035 imp:n,p 1
300005 400005 -2.156 20011 -20012 20020 -20021 20030 -20031 imp:n,p 1
300006 400006 -2.156 20011 -20012 20020 -20021 20031 -20032 imp:n,p 1
300007 400007 -2.156 20011 -20012 20020 -20021 20032 -20033 imp:n,p 1
300008 400008 -2.156 20011 -20012 20020 -20021 20033 -20034 imp:n,p 1
300009 400009 -2.156 20011 -20012 20020 -20021 20034 -20035 imp:n,p 1
300010 400010 -2.156 20012 -20013 20020 -20021 20030 -20031 imp:n,p 1
300011 400011 -2.156 20012 -20013 20020 -20021 20031 -20032 imp:n,p 1
300012 400012 -2.156 20012 -20013 20020 -20021 20032 -20033 imp:n,p 1
300013 400013 -2.156 20012 -20013 20020 -20021 20033 -20034 imp:n,p 1
300014 400014 -2.156 20012 -20013 20020 -20021 20034 -20035 imp:n,p 1
300015 400015 -2.156 20013 -20014 20020 -20021 20030 -20031 imp:n,p 1
300016 400016 -2.156 20013 -20014 20020 -20021 20031 -20032 imp:n,p 1
300017 400017 -2.156 20013 -20014 20020 -20021 20032 -20033 imp:n,p 1
300018 400018 -2.156 20013 -20014 20020 -20021 20033 -20034 imp:n,p 1
300019 400019 -2.156 20013 -20014 20020 -20021 20034 -20035 imp:n,p 1
300020 400020 -2.156 20014 -20015 20020 -20021 20030 -20031 imp:n,p 1
300021 400021 -2.156 20014 -20015 20020 -20021 20031 -20032 imp:n,p 1
300022 400022 -2.156 20014 -20015 20020 -20021 20032 -20033 imp:n,p 1
300023 400023 -2.156 20014 -20015 20020 -20021 20033 -20034 imp:n,p 1
300024 400024 -2.156 20014 -20015 20020 -20021 20034 -20035 imp:n,p 1
300025 400025 -2.156 20010 -20011 20021 -20022 20030 -20031 imp:n,p 1
300026 400026 -2.156 20010 -20011 20021 -20022 20031 -20032 imp:n,p 1
300027 400027 -2.156 20010 -20011 20021 -20022 20032 -20033 imp:n,p 1
300028 400028 -2.156 20010 -20011 20021 -20022 20033 -20034 imp:n,p 1
300029 400029 -2.156 20010 -20011 20021 -20022 20034 -20035 imp:n,p 1
300030 400030 -2.156 20011 -20012 20021 -20022 20030 -20031 imp:n,p 1
300031 400031 -2.156 20011 -20012 20021 -20022 20031 -20032 imp:n,p 1
300032 400032 -2.156 20011 -20012 20021 -20022 20032 -20033 imp:n,p 1
300033 400033 -2.156 20011 -20012 20021 -20022 20033 -20034 imp:n,p 1
300034 400034 -2.156 20011 -20012 20021 -20022 20034 -20035 imp:n,p 1
300035 400035 -2.156 20012 -20013 20021 -20022 20030 -20031 imp:n,p 1
300036 400036 -2.156 20012 -20013 20021 -20022 20031 -20032 imp:n,p 1
300037 400037 -2.156 20012 -20013 20021 -20022 20032 -20033 imp:n,p 1
300038 400038 -2.156 20012 -20013 20021 -20022 20033 -20034 imp:n,p 1
300039 400039 -2.156 20012 -20013 20021 -20022 20034 -20035 imp:n,p 1
300040 400040 -2.156 20013 -20014 20021 -20022 20030 -20031 imp:n,p 1
300041 400041 -2.156 20013 -20014 20021 -20022 20031 -20032 imp:n,p 1
300042 400042 -2.156 20013 -20014 20021 -20022 20032 -20033 imp:n,p 1
300043 400043 -2.156 20013 -20014 20021 -20022 20033 -20034 imp:n,p 1
300044 400044 -2.156 20013 -20014 20021 -20022 20034 -20035 imp:n,p 1
300045 400045 -2.156 20014 -20015 20021 -20022 20030 -20031 imp:n,p 1
300046 400046 -2.156 20014 -20015 20021 -20022 20031 -20032 imp:n,p 1
300047 400047 -2.156 20014 -20015 20021 -20022 20032 -20033 imp:n,p 1
300048 400048 -2.156 20014 -20015 20021 -20022 20033 -20034 imp:n,p 1
300049 400049 -2.156 20014 -20015 20021 -20022 20034 -20035 imp:n,p 1
300050 400050 -2.156 20010 -20011 20022 -20023 20030 -20031 imp:n,p 1
300051 400051 -2.156 20010 -20011 20022 -20023 20031 -20032 imp:n,p 1
300052 400052 -2.156 20010 -20011 20022 -20023 20032 -20033 imp:n,p 1
300053 400053 -2.156 20010 -20011 20022 -20023 20033 -20034 imp:n,p 1
300054 400054 -2.156 20010 -20011 20022 -20023 20034 -20035 imp:n,p 1
300055 400055 -2.156 20011 -20012 20022 -20023 20030 -20031 imp:n,p 1
300056 400056 -2.156 20011 -20012 20022 -20023 20031 -20032 imp:n,p 1
300057 400057 -2.156 20011 -20012 20022 -20023 20032 -20033 imp:n,p 1
300058 400058 -2.156 20011 -20012 20022 -20023 20033 -20034 imp:n,p 1
300059 400059 -2.156 20011 -20012 20022 -20023 20034 -20035 imp:n,p 1
300060 400060 -2.156 20012 -20013 20022 -20023 20030 -20031 imp:n,p 1
300061 400061 -2.156 20012 -20013 20022 -20023 20031 -20032 imp:n,p 1
300062 400062 -2.156 20012 -20013 20022 -20023 20032 -20033 imp:n,p 1
300063 400063 -2.156 20012 -20013 20022 -20023 20033 -20034 imp:n,p 1
300064 400064 -2.156 20012 -20013 20022 -20023 20034 -20035 imp:n,p 1
300065 400065 -2.156 20013 -20014 20022 -20023 20030 -20031 imp:n,p 1
300066 400066 -2.156 20013 -20014 20022 -20023 20031 -20032 imp:n,p 1
300067 400067 -2.156 20013 -20014 20022 -20023 20032 -20033 imp:n,p 1
300068 400068 -2.156 20013 -20014 20022 -20023 20033 -20034 imp:n,p 1
300069 400069 -2.156 20013 -20014 20022 -20023 20034 -20035 imp:n,p 1
300070 400070 -2.156 20014 -20015 20022 -20023 20030 -20031 imp:n,p 1
300071 400071 -2.156 20014 -20015 20022 -20023 20031 -20032 imp:n,p 1
300072 400072 -2.156 20014 -20015 20022 -20023 20032 -20033 imp:n,p 1
300073 400073 -2.156 20014 -20015 20022 -20023 20033 -20034 imp:n,p 1
300074 400074 -2.156 20014 -20015 20022 -20023 20034 -20035 imp:n,p 1
300075 400075 -2.156 20010 -20011 20023 -20024 20030 -20031 imp:n,p 1
300076 400076 -2.156 20010 -20011 20023 -20024 20031 -20032 imp:n,p 1
300077 400077 -2.156 20010 -20011 20023 -20024 20032 -20033 imp:n,p 1
300078 400078 -2.156 20010 -20011 20023 -20024 20033 -20034 imp:n,p 1
300079 400079 -2.156 20010 -20011 20023 -20024 20034 -20035 imp:n,p 1
300080 400080 -2.156 20011 -20012 20023 -20024 20030 -20031 imp:n,p 1
300081 400081 -2.156 20011 -20012 20023 -20024 20031 -20032 imp:n,p 1
300082 400082 -2.156 20011 -20012 20023 -20024 20032 -20033 imp:n,p 1
300083 400083 -2.156 20011 -20012 20023 -20024 20033 -20034 imp:n,p 1
300084 400084 -2.156 20011 -20012 20023 -20024 20034 -20035 imp:n,p 1
300085 400085 -2.156 20012 -20013 20023 -20024 20030 -20031 imp:n,p 1
300086 400086 -2.156 20012 -20013 20023 -20024 20031 -20032 imp:n,p 1
300087 400087 -2.156 20012 -20013 20023 -20024 20032 -20033 imp:n,p 1
300088 400088 -2.156 20012 -20013 20023 -20024 20033 -20034 imp:n,p 1
300089 400089 -2.156 20012 -20013 20023 -20024 20034 -20035 imp:n,p 1
300090 400090 -2.156 20013 -20014 20023 -20024 20030 -20031 imp:n,p 1
300091 400091 -2.156 20013 -20014 20023 -20024 20031 -20032 imp:n,p 1
300092 400092 -2.156 20013 -20014 20023 -20024 20032 -20033 imp:n,p 1
300093 400093 -2.156 20013 -20014 20023 -20024 20033 -20034 imp:n,p 1
300094 400094 -2.156 20013 -20014 20023 -20024 20034 -20035 imp:n,p 1
300095 400095 -2.156 20014 -20015 20023 -20024 20030 -20031 imp:n,p 1
300096 400096 -2.156 20014 -20015 20023 -20024 20031 -20032 imp:n,p 1
300097 400097 -2.156 20014 -20015 20023 -20024 20032 -20033 imp:n,p 1
300098 400098 -2.156 20014 -20015 20023 -20024 20033 -20034 imp:n,p 1
300099 400099 -2.156 20014 -20015 20023 -20024 20034 -20035 imp:n,p 1
300100 400100 -2.156 20010 -20011 20024 -20025 20030 -20031 imp:n,p 1
300101 400101 -2.156 20010 -20011 20024 -20025 20031 -20032 imp:n,p 1
300102 400102 -2.156 20010 -20011 20024 -20025 20032 -20033 imp:n,p 1
300103 400103 -2.156 20010 -20011 20024 -20025 20033 -20034 imp:n,p 1
300104 400104 -2.156 20010 -20011 20024 -20025 20034 -20035 imp:n,p 1
300105 400105 -2.156 20011 -20012 20024 -20025 20030 -20031 imp:n,p 1
300106 400106 -2.156 20011 -20012 20024 -20025 20031 -20032 imp:n,p 1
300107 400107 -2.156 20011 -20012 20024 -20025 20032 -20033 imp:n,p 1
300108 400108 -2.156 20011 -20012 20024 -20025 20033 -20034 imp:n,p 1
300109 400109 -2.156 20011 -20012 20024 -20025 20034 -20035 imp:n,p 1
300110 400110 -2.156 20012 -20013 20024 -20025 20030 -20031 imp:n,p 1
300111 400111 -2.156 20012 -20013 20024 -20025 20031 -20032 imp:n,p 1
300112 400112 -2.156 20012 -20013 20024 -20025 20032 -20033 imp:n,p 1
300113 400113 -2.156 20012 -20013 20024 -20025 20033 -20034 imp:n,p 1
300114 400114 -2.156 20012 -20013 20024 -20025 20034 -20035 imp:n,p 1
300115 400115 -2.156 20013 -20014 20024 -20025 20030 -20031 imp:n,p 1
300116 400116 -2.156 20013 -20014 20024 -20025 20031 -20032 imp:n,p 1
300117 400117 -2.156 20013 -20014 20024 -20025 20032 -20033 imp:n,p 1
300118 400118 -2.156 20013 -20014 20024 -20025 20033 -20034 imp:n,p 1
300119 400119 -2.156 20013 -20014 20024 -20025 20034 -20035 imp:n,p 1
300120 400120 -2.156 20014 -20015 20024 -20025 20030 -20031 imp:n,p 1
300121 400121 -2.156 20014 -20015 20024 -20025 20031 -20032 imp:n,p 1
300122 400122 -2.156 20014 -20015 20024 -20025 20032 -20033 imp:n,p 1
300123 400123 -2.156 20014 -20015 20024 -20025 20033 -20034 imp:n,p 1
300124 400124 -2.156 20014 -20015 20024 -20025 20034 -20035 imp:n,p 1
c
30 12 -0.00129 -200 #101 #121 #122 #123 #124 #125 #126 #127 #128 #129 #130 #131 #132 #133
        #21 #211 #212 #22 #221 #222 #23 #231 #232 #24 #241 #242 #20 imp:n,p 1 $Rest of the World
31 0 200 imp:n,p 0 $Outside world

c SURFACE CARDS
c
c Sample Volume
20010 px -56.0
20011 px -33.59999999999991
20012 px -11.199999999999818
20013 px 11.199999999999818
20014 px 33.59999999999991
20015 px 56.0
20020 py -45.0
20021 py -27.0
20022 py -9.0
20023 py 9.0
20024 py 27.0
20025 py 45.0
20030 pz 92.0
20031 pz 82.0
20032 pz 72.0
20033 pz 62.0
20034 pz 52.0
20035 pz 42.0
c Active Detector Region
21 rcc 56  -5.0 -1.0   0.0 20.3 0.0   4.5 $Detector 1 Base center, Hx,Hy,Hz, radius
c Shielding Surfaces
c Shielding Pb
31 rpp 19 29 -7.5 7.5 -11 9 $PbPE xmin xmax ymin ymax zmin zmax
32 rpp 9 19 4 9 -11 9 $Pb xmin xmax ymin ymax zmin zmax
33 rpp 9 19 -9 -4 -11 9 $Pb xmin xmax ymin ymax zmin zmax
34 rpp 19 29 7.5 12.5 -11 9 $Pb xmin xmax ymin ymax zmin zmax
35 rpp 19 29 -12.5 -7.5 -11 9 $Pb xmin xmax ymin ymax zmin zmax
36 rpp 29 34 -15 15 -11 9 $Pb xmin xmax ymin ymax zmin zmax
37 rpp 9 19 -4 4 4 9 $Pb xmin xmax ymin ymax zmin zmax
38 rpp -26 26 18 28 -11 9 $BA1 xmin xmax ymin ymax zmin zmax
39 rpp -26 26 -28 -18 -11 9 $BA2 xmin xmax ymin ymax zmin zmax
40 rpp -65 65 -28 28 10 10.5 $Al xmin xmax ymin ymax zmin zmax
401 rpp -27 27 29 34 -11 9 $Fe xmin xmax ymin ymax zmin zmax
402 rpp -27 27 -34 -29 -11 9 $Fe xmin xmax ymin ymax zmin zmax
301 px -20
302 px 18
303 cx 3.71
304 cx 3.81
c Wheels Surfaces
c 23/10.5-12 turf tires, 22.6 lb rubber
c diameter 29cm, tread width 25cm, and sidewall height 13.76 cm
c set thickness of all sides 1.3 cm (s.t. weight is 22.6 lb)
41 rcc -2 77 8   0.0 25 0.0 29 $wheel 1 outer tread surface
42 rcc -2 77 8   0.0 25 0.0 27.7 $wheel 1 inner tread surface
421 rcc -2 75.7 8   0.0 1.3 0.0 29 $wheel 1 outside sidewall exterior
422 rcc -2 75.7 8   0.0 1.3 0.0 15.24 $wheel 1 outside sidewall interior
423 rcc -2 102 8   0.0 1.3 0.0 29 $wheel 1 inside sidewall exterior
424 rcc -2 102 8   0.0 1.3 0.0 15.24 $wheel 1 inside sidewall interior
43 rcc 68 77 8   0.0 25 0.0 29 $wheel 2
44 rcc 68 77 8   0.0 25 0.0 27.7
441 rcc 68 75.7 8   0.0 1.3 0.0 29
442 rcc 68 75.7 8   0.0 1.3 0.0 15.24
443 rcc 68 102 8   0.0 1.3 0.0 29
444 rcc 68 102 8   0.0 1.3 0.0 15.24
45 rcc -2 -77 8   0.0 -25 0.0 29 $wheel 3
46 rcc -2 -77 8   0.0 -25 0.0 27.7
461 rcc -2 -75.7 8   0.0 -1.3 0.0 29
462 rcc -2 -75.7 8   0.0 -1.3 0.0 15.24
463 rcc -2 -102 8   0.0 -1.3 0.0 29
464 rcc -2 -102 8   0.0 -1.3 0.0 15.24
47 rcc 68 -77 8   0.0 -25 0.0 29 $wheel 4
48 rcc 68 -77 8   0.0 -25 0.0 27.7
481 rcc 68 -75.7 8   0.0 -1.3 0.0 29
482 rcc 68 -75.7 8   0.0 -1.3 0.0 15.24
483 rcc 68 -102 8   0.0 -1.3 0.0 29
484 rcc 68 -102 8   0.0 -1.3 0.0 15.24
200 so 800    $sphere of 800cm centered at origin
c

c DATA CARDS
mode n p
c dump every hr
prdmp -60 -60 -1
c 100 keV Neutron Energy Cutoff
Cut:n 1j 0.1
c analog neutron transport
phys:n 1j 14
phys:p
sdef pos=0 0 0 erg=14.0 vec= 0 0 1 dir=d1
si1  -1 .93 1
sp1   0  0.0  1.0
c ********************
c begin material cards
c ********************
c Pure Carbon
c ****************************************
m400000 6000 -0.0040879421094104475 7000 -0.0040879421094104475 14000 -0.9918241157811793 
m400001 6000 -0.003206339869020301 7000 -0.003206339869020301 14000 -0.9935873202619594 
m400002 6000 -0.003898072186759668 7000 -0.003898072186759668 14000 -0.9922038556264807 
m400003 6000 -0.005904004757543706 7000 -0.005904004757543706 14000 -0.9881919904849126 
m400004 6000 -0.009338484308265437 7000 -0.009338484308265437 14000 -0.9813230313834694 
m400005 6000 -0.003858473391880124 7000 -0.003858473391880124 14000 -0.9922830532162399 
m400006 6000 -0.003265520839170864 7000 -0.003265520839170864 14000 -0.9934689583216583 
m400007 6000 -0.0035137791565565783 7000 -0.0035137791565565783 14000 -0.9929724416868865 
m400008 6000 -0.005818411687709021 7000 -0.005818411687709021 14000 -0.988363176624582 
m400009 6000 -0.009389396402325665 7000 -0.009389396402325665 14000 -0.9812212071953487 
m400010 6000 -0.0039026968989595567 7000 -0.0039026968989595567 14000 -0.9921946062020808 
m400011 6000 -0.003236608092509787 7000 -0.003236608092509787 14000 -0.99352678381498 
m400012 6000 -0.0037942179046349294 7000 -0.0037942179046349294 14000 -0.99241156419073 
m400013 6000 -0.005394477832495125 7000 -0.005394477832495125 14000 -0.9892110443350096 
m400014 6000 -0.009129056051816875 7000 -0.009129056051816875 14000 -0.9817418878963661 
m400015 6000 -0.003912652728466673 7000 -0.003912652728466673 14000 -0.9921746945430668 
m400016 6000 -0.0032199276306239992 7000 -0.0032199276306239992 14000 -0.9935601447387522 
m400017 6000 -0.004011137754407155 7000 -0.004011137754407155 14000 -0.9919777244911859 
m400018 6000 -0.005803367980280742 7000 -0.005803367980280742 14000 -0.9883932640394387 
m400019 6000 -0.00928087972771483 7000 -0.00928087972771483 14000 -0.9814382405445704 
m400020 6000 -0.0038991206861353767 7000 -0.0038991206861353767 14000 -0.9922017586277292 
m400021 6000 -0.0032244065207379506 7000 -0.0032244065207379506 14000 -0.9935511869585238 
m400022 6000 -0.0036928373946798466 7000 -0.0036928373946798466 14000 -0.9926143252106399 
m400023 6000 -0.005628716968255517 7000 -0.005628716968255517 14000 -0.9887425660634892 
m400024 6000 -0.009123120335162589 7000 -0.009123120335162589 14000 -0.9817537593296748 
m400025 6000 -0.004086548244841606 7000 -0.004086548244841606 14000 -0.9918269035103165 
m400026 6000 -0.0032320336963983284 7000 -0.0032320336963983284 14000 -0.9935359326072034 
m400027 6000 -0.003907984029324018 7000 -0.003907984029324018 14000 -0.9921840319413521 
m400028 6000 -0.005874041971359931 7000 -0.005874041971359931 14000 -0.9882519160572801 
m400029 6000 -0.00919263504601442 7000 -0.00919263504601442 14000 -0.9816147299079713 
m400030 6000 -0.004191723171185634 7000 -0.004191723171185634 14000 -0.9916165536576287 
m400031 6000 -0.0032113343149683757 7000 -0.0032113343149683757 14000 -0.9935773313700632 
m400032 6000 -0.003815544182532155 7000 -0.003815544182532155 14000 -0.9923689116349357 
m400033 6000 -0.006249624964620669 7000 -0.006249624964620669 14000 -0.9875007500707583 
m400034 6000 -0.009263900552153263 7000 -0.009263900552153263 14000 -0.9814721988956937 
m400035 6000 -0.004194026290741093 7000 -0.004194026290741093 14000 -0.991611947418518 
m400036 6000 -0.0031704168517052637 7000 -0.0031704168517052637 14000 -0.9936591662965892 
m400037 6000 -0.003646799876623119 7000 -0.003646799876623119 14000 -0.9927064002467538 
m400038 6000 -0.0059973535288155135 7000 -0.0059973535288155135 14000 -0.9880052929423688 
m400039 6000 -0.009585845542179951 7000 -0.009585845542179951 14000 -0.9808283089156398 
m400040 6000 -0.004089468265894548 7000 -0.004089468265894548 14000 -0.9918210634682108 
m400041 6000 -0.0032084947951170977 7000 -0.0032084947951170977 14000 -0.9935830104097658 
m400042 6000 -0.0037364838561239812 7000 -0.0037364838561239812 14000 -0.9925270322877523 
m400043 6000 -0.005926687661575987 7000 -0.005926687661575987 14000 -0.9881466246768484 
m400044 6000 -0.00909843314879077 7000 -0.00909843314879077 14000 -0.9818031337024183 
m400045 6000 -0.0038586198181808622 7000 -0.0038586198181808622 14000 -0.9922827603636383 
m400046 6000 -0.0031987677689477344 7000 -0.0031987677689477344 14000 -0.9936024644621045 
m400047 6000 -0.004067922473629685 7000 -0.004067922473629685 14000 -0.9918641550527403 
m400048 6000 -0.005446228961327563 7000 -0.005446228961327563 14000 -0.9891075420773453 
m400049 6000 -0.009097468123895013 7000 -0.009097468123895013 14000 -0.9818050637522099 
m400050 6000 -0.0039259795264654715 7000 -0.0039259795264654715 14000 -0.9921480409470692 
m400051 6000 -0.0031662255821413615 7000 -0.0031662255821413615 14000 -0.9936675488357171 
m400052 6000 -0.003958008613520071 7000 -0.003958008613520071 14000 -0.9920839827729595 
m400053 6000 -0.005527832639232265 7000 -0.005527832639232265 14000 -0.9889443347215351 
m400054 6000 -0.009002164493661757 7000 -0.009002164493661757 14000 -0.9819956710126759 
m400055 6000 -0.004051492688041548 7000 -0.004051492688041548 14000 -0.9918970146239167 
m400056 6000 -0.0032084191177696258 7000 -0.0032084191177696258 14000 -0.9935831617644608 
m400057 6000 -0.0038515909006105343 7000 -0.0038515909006105343 14000 -0.9922968181987787 
m400058 6000 -0.005906925675569057 7000 -0.005906925675569057 14000 -0.988186148648862 
m400059 6000 -0.009466817249046881 7000 -0.009466817249046881 14000 -0.9810663655019063 
m400060 6000 -0.004076359252490824 7000 -0.004076359252490824 14000 -0.9918472814950183 
m400061 6000 -0.003206573399054463 7000 -0.003206573399054463 14000 -0.9935868532018911 
m400062 6000 -0.003795226030753052 7000 -0.003795226030753052 14000 -0.9924095479384941 
m400063 6000 -0.005747028967480517 7000 -0.005747028967480517 14000 -0.988505942065039 
m400064 6000 -0.009670087164349701 7000 -0.009670087164349701 14000 -0.9806598256713009 
m400065 6000 -0.0039837154542579495 7000 -0.0039837154542579495 14000 -0.992032569091484 
m400066 6000 -0.003254931446100906 7000 -0.003254931446100906 14000 -0.9934901371077983 
m400067 6000 -0.003964599928346319 7000 -0.003964599928346319 14000 -0.9920708001433078 
m400068 6000 -0.005523974752008638 7000 -0.005523974752008638 14000 -0.9889520504959829 
m400069 6000 -0.009114761473811059 7000 -0.009114761473811059 14000 -0.9817704770523779 
m400070 6000 -0.0043982832334595766 7000 -0.0043982832334595766 14000 -0.9912034335330808 
m400071 6000 -0.0032394863664657837 7000 -0.0032394863664657837 14000 -0.9935210272670681 
m400072 6000 -0.003844434059883231 7000 -0.003844434059883231 14000 -0.9923111318802336 
m400073 6000 -0.005967133826985235 7000 -0.005967133826985235 14000 -0.9880657323460297 
m400074 6000 -0.00948414103818088 7000 -0.00948414103818088 14000 -0.9810317179236384 
m400075 6000 -0.003864833689008466 7000 -0.003864833689008466 14000 -0.9922703326219832 
m400076 6000 -0.003256604650078463 7000 -0.003256604650078463 14000 -0.993486790699843 
m400077 6000 -0.0037391236450114557 7000 -0.0037391236450114557 14000 -0.9925217527099771 
m400078 6000 -0.005605700493688198 7000 -0.005605700493688198 14000 -0.9887885990126236 
m400079 6000 -0.008520415762418384 7000 -0.008520415762418384 14000 -0.9829591684751634 
m400080 6000 -0.004214025267031428 7000 -0.004214025267031428 14000 -0.9915719494659371 
m400081 6000 -0.0032363816894052048 7000 -0.0032363816894052048 14000 -0.9935272366211895 
m400082 6000 -0.0037230114298224476 7000 -0.0037230114298224476 14000 -0.9925539771403552 
m400083 6000 -0.005585274276834365 7000 -0.005585274276834365 14000 -0.9888294514463318 
m400084 6000 -0.0098468082701552 7000 -0.0098468082701552 14000 -0.9803063834596896 
m400085 6000 -0.004189550545034468 7000 -0.004189550545034468 14000 -0.991620898909931 
m400086 6000 -0.00321259574711474 7000 -0.00321259574711474 14000 -0.9935748085057706 
m400087 6000 -0.003932053015433864 7000 -0.003932053015433864 14000 -0.9921358939691323 
m400088 6000 -0.005731623704534565 7000 -0.005731623704534565 14000 -0.9885367525909311 
m400089 6000 -0.009133743165708584 7000 -0.009133743165708584 14000 -0.9817325136685829 
m400090 6000 -0.004290186113451534 7000 -0.004290186113451534 14000 -0.9914196277730971 
m400091 6000 -0.0032078681189623925 7000 -0.0032078681189623925 14000 -0.9935842637620754 
m400092 6000 -0.0035970375241072385 7000 -0.0035970375241072385 14000 -0.9928059249517852 
m400093 6000 -0.005717964769854263 7000 -0.005717964769854263 14000 -0.9885640704602914 
m400094 6000 -0.00885174116932276 7000 -0.00885174116932276 14000 -0.9822965176613543 
m400095 6000 -0.004155873379053923 7000 -0.004155873379053923 14000 -0.9916882532418921 
m400096 6000 -0.0032405307308746123 7000 -0.0032405307308746123 14000 -0.9935189385382506 
m400097 6000 -0.003652285524966694 7000 -0.003652285524966694 14000 -0.9926954289500663 
m400098 6000 -0.005952171753725877 7000 -0.005952171753725877 14000 -0.9880956564925484 
m400099 6000 -0.009344462773453497 7000 -0.009344462773453497 14000 -0.981311074453093 
m400100 6000 -0.004138659036343346 7000 -0.004138659036343346 14000 -0.9917226819273136 
m400101 6000 -0.003271037769243396 7000 -0.003271037769243396 14000 -0.993457924461513 
m400102 6000 -0.0039574782635136444 7000 -0.0039574782635136444 14000 -0.9920850434729729 
m400103 6000 -0.00540213215617614 7000 -0.00540213215617614 14000 -0.9891957356876476 
m400104 6000 -0.009603154704915481 7000 -0.009603154704915481 14000 -0.9807936905901689 
m400105 6000 -0.003909616071940219 7000 -0.003909616071940219 14000 -0.9921807678561194 
m400106 6000 -0.0032033122148364206 7000 -0.0032033122148364206 14000 -0.9935933755703273 
m400107 6000 -0.0038177541601226144 7000 -0.0038177541601226144 14000 -0.9923644916797544 
m400108 6000 -0.005828230723425471 7000 -0.005828230723425471 14000 -0.9883435385531488 
m400109 6000 -0.008552789926250397 7000 -0.008552789926250397 14000 -0.9828944201474991 
m400110 6000 -0.004029451020080977 7000 -0.004029451020080977 14000 -0.9919410979598381 
m400111 6000 -0.003215271022097169 7000 -0.003215271022097169 14000 -0.9935694579558058 
m400112 6000 -0.0037776231692087108 7000 -0.0037776231692087108 14000 -0.9924447536615827 
m400113 6000 -0.005642551123282819 7000 -0.005642551123282819 14000 -0.9887148977534345 
m400114 6000 -0.008965908864321416 7000 -0.008965908864321416 14000 -0.982068182271357 
m400115 6000 -0.0039429758689919926 7000 -0.0039429758689919926 14000 -0.9921140482620161 
m400116 6000 -0.003236933614061635 7000 -0.003236933614061635 14000 -0.9935261327718767 
m400117 6000 -0.003952372322270156 7000 -0.003952372322270156 14000 -0.99209525535546 
m400118 6000 -0.006129220211241934 7000 -0.006129220211241934 14000 -0.9877415595775163 
m400119 6000 -0.009249618873204149 7000 -0.009249618873204149 14000 -0.9815007622535917 
m400120 6000 -0.00391821066236029 7000 -0.00391821066236029 14000 -0.9921635786752795 
m400121 6000 -0.003218963177363358 7000 -0.003218963177363358 14000 -0.9935620736452733 
m400122 6000 -0.0037143799098889336 7000 -0.0037143799098889336 14000 -0.9925712401802224 
m400123 6000 -0.00558620711734684 7000 -0.00558620711734684 14000 -0.9888275857653064 
m400124 6000 -0.00866240663133816 7000 -0.00866240663133816 14000 -0.9826751867373236 
c **********************************
c PE+Pb, dens=4.78 g/cm3
m2      6000    -0.04286 $Carbon
        1001    -0.00714 $Hydrogen
        82000   -0.95000 $Lead
c **********************************
m3    1001 -0.048535 $Boric acid
      5010 -0.034981
      5011 -0.139923
      8016 -0.776561
c **********************************
m4    82000 1 $Lead
c **********************************
m5 26000 1 $Iron
c **********************************
m6     13027   -1.000 $ Aluminum
c **********************************
c  SS-304 (8.00 g/cm3), #298 in PNNL Compendium
m7   006000.50c -0.0004000
     014000.60c -0.0050000
     015031.50c -0.0002300
     016000.60c -0.0001500
     024000.50c -0.1899981
     025055.60c -0.0099999
     026000.50c -0.7017229
     028000.50c -0.0924991
c ****************************************
c       LaBr detector
c ****************************************
m8       35079    -0.2946       $ Br79
         35081    -0.3069       $ Br81
         57139    -0.3485       $ La139
         58140    -0.0500       $ Ce140
c ************ air den=1.15e-3g/cc
m12     8016 -0.23
        7014 -0.77
c ************ Rubber Natural den=0.92 g/cc
m13     1001 -0.118371  $weight fraction
        6000 -0.881629
c
c end material cards
c
rand seed=8674536546524321 $different initial random #; seed# - any less 18 digits
c
c ********** begin tallies *********************
fc78 *********Broadened Pulse Height Tally Sum of Detectors 1,2 & 3 ***********
e78 0 1e-5 932i 8.4295
F78:p (101)
FT78 GEB -0.026198 0.059551 -0.037176
fc18 *********Unbroadened Pulse Height Tally Sum of Detectors 1,2 & 3 ***********
e18 0 1e-5 932i 8.4295
F18:p (101)
c ***********************************
c mplot tal 78 freq 10000
nps 1e9
