c CAS DETECTOR
c w/ Shielding in Place and Wheels
c
c CELL CARDS
c
c @@@@@@@@@@ Detectors @@@@@@@@@@@@@@@@@
c
101 8 -5.08 -21 imp:n,p 1 $LaBr Detector #1 Active Region
c
c @@@@@@@@@ Shielding @@@@@@@@@@@@@@@@@
c
121 2 -4.78 -31 imp:n,p 1 $PE_Pb
122 4 -11.29 -32 imp:n,p 1 $Pb1
123 4 -11.29 -33 imp:n,p 1 $Pb2
124 4 -11.29 -34 imp:n,p 1 $Pb3
125 4 -11.29 -35 imp:n,p 1 $Pb4
126 4 -11.29 -36 imp:n,p 1 $Pb5
127 4 -11.29 -37 imp:n,p 1 $Pb6
128 3 -1.5 -38 imp:n,p 1 $BA1
129 3 -1.5 -39 imp:n,p 1 $BA2
130 6 -2.7 -40 imp:n,p 1 $Al
131 7 -7.92 301 -302 303 -304 imp:n,p 1 $Fe-tube
132 5 -7.8 -401 imp:n,p 1 $Fe
133 5 -7.8 -402 imp:n,p 1 $Fe
c @@@@@@@@@@ Wheels @@@@@@@@@@@@@@@@@
c
21 13 -0.92 -41 42 imp:n,p 1 $Wheel 1
211 13 -0.92 -421 422 imp:n,p 1 $Wheel 1
212 13 -0.92 -423 424 imp:n,p 1 $Wheel 1
22 13 -0.92 -43 44 imp:n,p 1 $Wheel 2
221 13 -0.92 -441 442 imp:n,p 1 $Wheel 2
222 13 -0.92 -443 444 imp:n,p 1 $Wheel 2
23 13 -0.92 -45 46 imp:n,p 1 $Wheel 3
231 13 -0.92 -461 462 imp:n,p 1 $Wheel 3
232 13 -0.92 -463 464 imp:n,p 1 $Wheel 3
24 13 -0.92 -47 48 imp:n,p 1 $Wheel 4
241 13 -0.92 -481 482 imp:n,p 1 $Wheel 4
242 13 -0.92 -483 484 imp:n,p 1 $Wheel 4
c
c @@@@@@@@@@ SOIL VOLUME @@@@@@@@@@@
c
300000 400000 -2.156 20010 -20011 20020 -20021 20030 -20031 imp:n,p 1
300001 400001 -2.156 20010 -20011 20020 -20021 20031 -20032 imp:n,p 1
300002 400002 -2.156 20010 -20011 20020 -20021 20032 -20033 imp:n,p 1
300003 400003 -2.156 20010 -20011 20020 -20021 20033 -20034 imp:n,p 1
300004 400004 -2.156 20010 -20011 20020 -20021 20034 -20035 imp:n,p 1
300005 400005 -2.156 20011 -20012 20020 -20021 20030 -20031 imp:n,p 1
300006 400006 -2.156 20011 -20012 20020 -20021 20031 -20032 imp:n,p 1
300007 400007 -2.156 20011 -20012 20020 -20021 20032 -20033 imp:n,p 1
300008 400008 -2.156 20011 -20012 20020 -20021 20033 -20034 imp:n,p 1
300009 400009 -2.156 20011 -20012 20020 -20021 20034 -20035 imp:n,p 1
300010 400010 -2.156 20012 -20013 20020 -20021 20030 -20031 imp:n,p 1
300011 400011 -2.156 20012 -20013 20020 -20021 20031 -20032 imp:n,p 1
300012 400012 -2.156 20012 -20013 20020 -20021 20032 -20033 imp:n,p 1
300013 400013 -2.156 20012 -20013 20020 -20021 20033 -20034 imp:n,p 1
300014 400014 -2.156 20012 -20013 20020 -20021 20034 -20035 imp:n,p 1
300015 400015 -2.156 20013 -20014 20020 -20021 20030 -20031 imp:n,p 1
300016 400016 -2.156 20013 -20014 20020 -20021 20031 -20032 imp:n,p 1
300017 400017 -2.156 20013 -20014 20020 -20021 20032 -20033 imp:n,p 1
300018 400018 -2.156 20013 -20014 20020 -20021 20033 -20034 imp:n,p 1
300019 400019 -2.156 20013 -20014 20020 -20021 20034 -20035 imp:n,p 1
300020 400020 -2.156 20014 -20015 20020 -20021 20030 -20031 imp:n,p 1
300021 400021 -2.156 20014 -20015 20020 -20021 20031 -20032 imp:n,p 1
300022 400022 -2.156 20014 -20015 20020 -20021 20032 -20033 imp:n,p 1
300023 400023 -2.156 20014 -20015 20020 -20021 20033 -20034 imp:n,p 1
300024 400024 -2.156 20014 -20015 20020 -20021 20034 -20035 imp:n,p 1
300025 400025 -2.156 20010 -20011 20021 -20022 20030 -20031 imp:n,p 1
300026 400026 -2.156 20010 -20011 20021 -20022 20031 -20032 imp:n,p 1
300027 400027 -2.156 20010 -20011 20021 -20022 20032 -20033 imp:n,p 1
300028 400028 -2.156 20010 -20011 20021 -20022 20033 -20034 imp:n,p 1
300029 400029 -2.156 20010 -20011 20021 -20022 20034 -20035 imp:n,p 1
300030 400030 -2.156 20011 -20012 20021 -20022 20030 -20031 imp:n,p 1
300031 400031 -2.156 20011 -20012 20021 -20022 20031 -20032 imp:n,p 1
300032 400032 -2.156 20011 -20012 20021 -20022 20032 -20033 imp:n,p 1
300033 400033 -2.156 20011 -20012 20021 -20022 20033 -20034 imp:n,p 1
300034 400034 -2.156 20011 -20012 20021 -20022 20034 -20035 imp:n,p 1
300035 400035 -2.156 20012 -20013 20021 -20022 20030 -20031 imp:n,p 1
300036 400036 -2.156 20012 -20013 20021 -20022 20031 -20032 imp:n,p 1
300037 400037 -2.156 20012 -20013 20021 -20022 20032 -20033 imp:n,p 1
300038 400038 -2.156 20012 -20013 20021 -20022 20033 -20034 imp:n,p 1
300039 400039 -2.156 20012 -20013 20021 -20022 20034 -20035 imp:n,p 1
300040 400040 -2.156 20013 -20014 20021 -20022 20030 -20031 imp:n,p 1
300041 400041 -2.156 20013 -20014 20021 -20022 20031 -20032 imp:n,p 1
300042 400042 -2.156 20013 -20014 20021 -20022 20032 -20033 imp:n,p 1
300043 400043 -2.156 20013 -20014 20021 -20022 20033 -20034 imp:n,p 1
300044 400044 -2.156 20013 -20014 20021 -20022 20034 -20035 imp:n,p 1
300045 400045 -2.156 20014 -20015 20021 -20022 20030 -20031 imp:n,p 1
300046 400046 -2.156 20014 -20015 20021 -20022 20031 -20032 imp:n,p 1
300047 400047 -2.156 20014 -20015 20021 -20022 20032 -20033 imp:n,p 1
300048 400048 -2.156 20014 -20015 20021 -20022 20033 -20034 imp:n,p 1
300049 400049 -2.156 20014 -20015 20021 -20022 20034 -20035 imp:n,p 1
300050 400050 -2.156 20010 -20011 20022 -20023 20030 -20031 imp:n,p 1
300051 400051 -2.156 20010 -20011 20022 -20023 20031 -20032 imp:n,p 1
300052 400052 -2.156 20010 -20011 20022 -20023 20032 -20033 imp:n,p 1
300053 400053 -2.156 20010 -20011 20022 -20023 20033 -20034 imp:n,p 1
300054 400054 -2.156 20010 -20011 20022 -20023 20034 -20035 imp:n,p 1
300055 400055 -2.156 20011 -20012 20022 -20023 20030 -20031 imp:n,p 1
300056 400056 -2.156 20011 -20012 20022 -20023 20031 -20032 imp:n,p 1
300057 400057 -2.156 20011 -20012 20022 -20023 20032 -20033 imp:n,p 1
300058 400058 -2.156 20011 -20012 20022 -20023 20033 -20034 imp:n,p 1
300059 400059 -2.156 20011 -20012 20022 -20023 20034 -20035 imp:n,p 1
300060 400060 -2.156 20012 -20013 20022 -20023 20030 -20031 imp:n,p 1
300061 400061 -2.156 20012 -20013 20022 -20023 20031 -20032 imp:n,p 1
300062 400062 -2.156 20012 -20013 20022 -20023 20032 -20033 imp:n,p 1
300063 400063 -2.156 20012 -20013 20022 -20023 20033 -20034 imp:n,p 1
300064 400064 -2.156 20012 -20013 20022 -20023 20034 -20035 imp:n,p 1
300065 400065 -2.156 20013 -20014 20022 -20023 20030 -20031 imp:n,p 1
300066 400066 -2.156 20013 -20014 20022 -20023 20031 -20032 imp:n,p 1
300067 400067 -2.156 20013 -20014 20022 -20023 20032 -20033 imp:n,p 1
300068 400068 -2.156 20013 -20014 20022 -20023 20033 -20034 imp:n,p 1
300069 400069 -2.156 20013 -20014 20022 -20023 20034 -20035 imp:n,p 1
300070 400070 -2.156 20014 -20015 20022 -20023 20030 -20031 imp:n,p 1
300071 400071 -2.156 20014 -20015 20022 -20023 20031 -20032 imp:n,p 1
300072 400072 -2.156 20014 -20015 20022 -20023 20032 -20033 imp:n,p 1
300073 400073 -2.156 20014 -20015 20022 -20023 20033 -20034 imp:n,p 1
300074 400074 -2.156 20014 -20015 20022 -20023 20034 -20035 imp:n,p 1
300075 400075 -2.156 20010 -20011 20023 -20024 20030 -20031 imp:n,p 1
300076 400076 -2.156 20010 -20011 20023 -20024 20031 -20032 imp:n,p 1
300077 400077 -2.156 20010 -20011 20023 -20024 20032 -20033 imp:n,p 1
300078 400078 -2.156 20010 -20011 20023 -20024 20033 -20034 imp:n,p 1
300079 400079 -2.156 20010 -20011 20023 -20024 20034 -20035 imp:n,p 1
300080 400080 -2.156 20011 -20012 20023 -20024 20030 -20031 imp:n,p 1
300081 400081 -2.156 20011 -20012 20023 -20024 20031 -20032 imp:n,p 1
300082 400082 -2.156 20011 -20012 20023 -20024 20032 -20033 imp:n,p 1
300083 400083 -2.156 20011 -20012 20023 -20024 20033 -20034 imp:n,p 1
300084 400084 -2.156 20011 -20012 20023 -20024 20034 -20035 imp:n,p 1
300085 400085 -2.156 20012 -20013 20023 -20024 20030 -20031 imp:n,p 1
300086 400086 -2.156 20012 -20013 20023 -20024 20031 -20032 imp:n,p 1
300087 400087 -2.156 20012 -20013 20023 -20024 20032 -20033 imp:n,p 1
300088 400088 -2.156 20012 -20013 20023 -20024 20033 -20034 imp:n,p 1
300089 400089 -2.156 20012 -20013 20023 -20024 20034 -20035 imp:n,p 1
300090 400090 -2.156 20013 -20014 20023 -20024 20030 -20031 imp:n,p 1
300091 400091 -2.156 20013 -20014 20023 -20024 20031 -20032 imp:n,p 1
300092 400092 -2.156 20013 -20014 20023 -20024 20032 -20033 imp:n,p 1
300093 400093 -2.156 20013 -20014 20023 -20024 20033 -20034 imp:n,p 1
300094 400094 -2.156 20013 -20014 20023 -20024 20034 -20035 imp:n,p 1
300095 400095 -2.156 20014 -20015 20023 -20024 20030 -20031 imp:n,p 1
300096 400096 -2.156 20014 -20015 20023 -20024 20031 -20032 imp:n,p 1
300097 400097 -2.156 20014 -20015 20023 -20024 20032 -20033 imp:n,p 1
300098 400098 -2.156 20014 -20015 20023 -20024 20033 -20034 imp:n,p 1
300099 400099 -2.156 20014 -20015 20023 -20024 20034 -20035 imp:n,p 1
300100 400100 -2.156 20010 -20011 20024 -20025 20030 -20031 imp:n,p 1
300101 400101 -2.156 20010 -20011 20024 -20025 20031 -20032 imp:n,p 1
300102 400102 -2.156 20010 -20011 20024 -20025 20032 -20033 imp:n,p 1
300103 400103 -2.156 20010 -20011 20024 -20025 20033 -20034 imp:n,p 1
300104 400104 -2.156 20010 -20011 20024 -20025 20034 -20035 imp:n,p 1
300105 400105 -2.156 20011 -20012 20024 -20025 20030 -20031 imp:n,p 1
300106 400106 -2.156 20011 -20012 20024 -20025 20031 -20032 imp:n,p 1
300107 400107 -2.156 20011 -20012 20024 -20025 20032 -20033 imp:n,p 1
300108 400108 -2.156 20011 -20012 20024 -20025 20033 -20034 imp:n,p 1
300109 400109 -2.156 20011 -20012 20024 -20025 20034 -20035 imp:n,p 1
300110 400110 -2.156 20012 -20013 20024 -20025 20030 -20031 imp:n,p 1
300111 400111 -2.156 20012 -20013 20024 -20025 20031 -20032 imp:n,p 1
300112 400112 -2.156 20012 -20013 20024 -20025 20032 -20033 imp:n,p 1
300113 400113 -2.156 20012 -20013 20024 -20025 20033 -20034 imp:n,p 1
300114 400114 -2.156 20012 -20013 20024 -20025 20034 -20035 imp:n,p 1
300115 400115 -2.156 20013 -20014 20024 -20025 20030 -20031 imp:n,p 1
300116 400116 -2.156 20013 -20014 20024 -20025 20031 -20032 imp:n,p 1
300117 400117 -2.156 20013 -20014 20024 -20025 20032 -20033 imp:n,p 1
300118 400118 -2.156 20013 -20014 20024 -20025 20033 -20034 imp:n,p 1
300119 400119 -2.156 20013 -20014 20024 -20025 20034 -20035 imp:n,p 1
300120 400120 -2.156 20014 -20015 20024 -20025 20030 -20031 imp:n,p 1
300121 400121 -2.156 20014 -20015 20024 -20025 20031 -20032 imp:n,p 1
300122 400122 -2.156 20014 -20015 20024 -20025 20032 -20033 imp:n,p 1
300123 400123 -2.156 20014 -20015 20024 -20025 20033 -20034 imp:n,p 1
300124 400124 -2.156 20014 -20015 20024 -20025 20034 -20035 imp:n,p 1
c
30 12 -0.00129 -200 #101 #121 #122 #123 #124 #125 #126 #127 #128 #129 #130 #131 #132 #133
        #21 #211 #212 #22 #221 #222 #23 #231 #232 #24 #241 #242 #20 imp:n,p 1 $Rest of the World
31 0 200 imp:n,p 0 $Outside world

c SURFACE CARDS
c
c Sample Volume
20010 px -56.0
20011 px -33.600000000000364
20012 px -11.200000000000728
20013 px 11.200000000000728
20014 px 33.600000000000364
20015 px 56.0
20020 py -45.0
20021 py -27.0
20022 py -9.0
20023 py 9.0
20024 py 27.0
20025 py 45.0
20030 pz 92.0
20031 pz 82.0
20032 pz 72.0
20033 pz 62.0
20034 pz 52.0
20035 pz 42.0
c Active Detector Region
21 rcc 56  -5.0 -1.0   0.0 20.3 0.0   4.5 $Detector 1 Base center, Hx,Hy,Hz, radius
c Shielding Surfaces
c Shielding Pb
31 rpp 19 29 -7.5 7.5 -11 9 $PbPE xmin xmax ymin ymax zmin zmax
32 rpp 9 19 4 9 -11 9 $Pb xmin xmax ymin ymax zmin zmax
33 rpp 9 19 -9 -4 -11 9 $Pb xmin xmax ymin ymax zmin zmax
34 rpp 19 29 7.5 12.5 -11 9 $Pb xmin xmax ymin ymax zmin zmax
35 rpp 19 29 -12.5 -7.5 -11 9 $Pb xmin xmax ymin ymax zmin zmax
36 rpp 29 34 -15 15 -11 9 $Pb xmin xmax ymin ymax zmin zmax
37 rpp 9 19 -4 4 4 9 $Pb xmin xmax ymin ymax zmin zmax
38 rpp -26 26 18 28 -11 9 $BA1 xmin xmax ymin ymax zmin zmax
39 rpp -26 26 -28 -18 -11 9 $BA2 xmin xmax ymin ymax zmin zmax
40 rpp -65 65 -28 28 10 10.5 $Al xmin xmax ymin ymax zmin zmax
401 rpp -27 27 29 34 -11 9 $Fe xmin xmax ymin ymax zmin zmax
402 rpp -27 27 -34 -29 -11 9 $Fe xmin xmax ymin ymax zmin zmax
301 px -20
302 px 18
303 cx 3.71
304 cx 3.81
c Wheels Surfaces
c 23/10.5-12 turf tires, 22.6 lb rubber
c diameter 29cm, tread width 25cm, and sidewall height 13.76 cm
c set thickness of all sides 1.3 cm (s.t. weight is 22.6 lb)
41 rcc -2 77 8   0.0 25 0.0 29 $wheel 1 outer tread surface
42 rcc -2 77 8   0.0 25 0.0 27.7 $wheel 1 inner tread surface
421 rcc -2 75.7 8   0.0 1.3 0.0 29 $wheel 1 outside sidewall exterior
422 rcc -2 75.7 8   0.0 1.3 0.0 15.24 $wheel 1 outside sidewall interior
423 rcc -2 102 8   0.0 1.3 0.0 29 $wheel 1 inside sidewall exterior
424 rcc -2 102 8   0.0 1.3 0.0 15.24 $wheel 1 inside sidewall interior
43 rcc 68 77 8   0.0 25 0.0 29 $wheel 2
44 rcc 68 77 8   0.0 25 0.0 27.7
441 rcc 68 75.7 8   0.0 1.3 0.0 29
442 rcc 68 75.7 8   0.0 1.3 0.0 15.24
443 rcc 68 102 8   0.0 1.3 0.0 29
444 rcc 68 102 8   0.0 1.3 0.0 15.24
45 rcc -2 -77 8   0.0 -25 0.0 29 $wheel 3
46 rcc -2 -77 8   0.0 -25 0.0 27.7
461 rcc -2 -75.7 8   0.0 -1.3 0.0 29
462 rcc -2 -75.7 8   0.0 -1.3 0.0 15.24
463 rcc -2 -102 8   0.0 -1.3 0.0 29
464 rcc -2 -102 8   0.0 -1.3 0.0 15.24
47 rcc 68 -77 8   0.0 -25 0.0 29 $wheel 4
48 rcc 68 -77 8   0.0 -25 0.0 27.7
481 rcc 68 -75.7 8   0.0 -1.3 0.0 29
482 rcc 68 -75.7 8   0.0 -1.3 0.0 15.24
483 rcc 68 -102 8   0.0 -1.3 0.0 29
484 rcc 68 -102 8   0.0 -1.3 0.0 15.24
200 so 800    $sphere of 800cm centered at origin
c

c DATA CARDS
mode n p
c dump every hr
prdmp -60 -60 -1
c 100 keV Neutron Energy Cutoff
Cut:n 1j 0.1
c analog neutron transport
phys:n 1j 14
phys:p
sdef pos=0 0 0 erg=14.0 vec= 0 0 1 dir=d1
si1  -1 .93 1
sp1   0  0.0  1.0
c ********************
c begin material cards
c ********************
c Pure Carbon
c ****************************************
m400000 6000 -0.004091795688259084 7000 -0.004091795688259084 14000 -0.9918164086234821 
m400001 6000 -0.0032869509819649957 7000 -0.0032869509819649957 14000 -0.9934260980360701 
m400002 6000 -0.004051565794860447 7000 -0.004051565794860447 14000 -0.9918968684102789 
m400003 6000 -0.005624190055509367 7000 -0.005624190055509367 14000 -0.9887516198889812 
m400004 6000 -0.009004070324549052 7000 -0.009004070324549052 14000 -0.9819918593509023 
m400005 6000 -0.004232655323942719 7000 -0.004232655323942719 14000 -0.9915346893521145 
m400006 6000 -0.003365804390346878 7000 -0.003365804390346878 14000 -0.9932683912193063 
m400007 6000 -0.003926995402989522 7000 -0.003926995402989522 14000 -0.9921460091940211 
m400008 6000 -0.005733084959679487 7000 -0.005733084959679487 14000 -0.988533830080641 
m400009 6000 -0.009593468142418548 7000 -0.009593468142418548 14000 -0.9808130637151629 
m400010 6000 -0.004373180132880245 7000 -0.004373180132880245 14000 -0.9912536397342396 
m400011 6000 -0.0032896104879965283 7000 -0.0032896104879965283 14000 -0.993420779024007 
m400012 6000 -0.003946686983536913 7000 -0.003946686983536913 14000 -0.9921066260329263 
m400013 6000 -0.006023881123109907 7000 -0.006023881123109907 14000 -0.9879522377537802 
m400014 6000 -0.008787138562734177 7000 -0.008787138562734177 14000 -0.9824257228745319 
m400015 6000 -0.003982320812065036 7000 -0.003982320812065036 14000 -0.9920353583758695 
m400016 6000 -0.003318568818744747 7000 -0.003318568818744747 14000 -0.9933628623625104 
m400017 6000 -0.003963649425571959 7000 -0.003963649425571959 14000 -0.992072701148856 
m400018 6000 -0.005698764676263105 7000 -0.005698764676263105 14000 -0.988602470647474 
m400019 6000 -0.009027324334795637 7000 -0.009027324334795637 14000 -0.9819453513304087 
m400020 6000 -0.004236225773570013 7000 -0.004236225773570013 14000 -0.9915275484528603 
m400021 6000 -0.003366689880996892 7000 -0.003366689880996892 14000 -0.993266620238006 
m400022 6000 -0.003833115497703478 7000 -0.003833115497703478 14000 -0.9923337690045928 
m400023 6000 -0.00562959026928514 7000 -0.00562959026928514 14000 -0.9887408194614301 
m400024 6000 -0.008969534427256811 7000 -0.008969534427256811 14000 -0.9820609311454862 
m400025 6000 -0.004422347377023701 7000 -0.004422347377023701 14000 -0.9911553052459524 
m400026 6000 -0.003349126954387847 7000 -0.003349126954387847 14000 -0.9933017460912242 
m400027 6000 -0.003884282278810591 7000 -0.003884282278810591 14000 -0.9922314354423787 
m400028 6000 -0.005600703779279567 7000 -0.005600703779279567 14000 -0.988798592441441 
m400029 6000 -0.009253095200104032 7000 -0.009253095200104032 14000 -0.9814938095997923 
m400030 6000 -0.003962489033532975 7000 -0.003962489033532975 14000 -0.9920750219329341 
m400031 6000 -0.0033228042358117694 7000 -0.0033228042358117694 14000 -0.9933543915283767 
m400032 6000 -0.004004735822621847 7000 -0.004004735822621847 14000 -0.9919905283547567 
m400033 6000 -0.005955469590739862 7000 -0.005955469590739862 14000 -0.9880890608185203 
m400034 6000 -0.009118741618926287 7000 -0.009118741618926287 14000 -0.9817625167621473 
m400035 6000 -0.004365393502970954 7000 -0.004365393502970954 14000 -0.9912692129940585 
m400036 6000 -0.0032884610988661634 7000 -0.0032884610988661634 14000 -0.9934230778022678 
m400037 6000 -0.0038350325265546627 7000 -0.0038350325265546627 14000 -0.9923299349468908 
m400038 6000 -0.005744441927099419 7000 -0.005744441927099419 14000 -0.9885111161458012 
m400039 6000 -0.00945378924050043 7000 -0.00945378924050043 14000 -0.9810924215189991 
m400040 6000 -0.004256705820648976 7000 -0.004256705820648976 14000 -0.9914865883587022 
m400041 6000 -0.0033320625582341917 7000 -0.0033320625582341917 14000 -0.9933358748835316 
m400042 6000 -0.0038883171154281792 7000 -0.0038883171154281792 14000 -0.9922233657691435 
m400043 6000 -0.005956114971243982 7000 -0.005956114971243982 14000 -0.9880877700575118 
m400044 6000 -0.009405601909013073 7000 -0.009405601909013073 14000 -0.9811887961819744 
m400045 6000 -0.004348762612197656 7000 -0.004348762612197656 14000 -0.9913024747756046 
m400046 6000 -0.003304363301330498 7000 -0.003304363301330498 14000 -0.9933912733973392 
m400047 6000 -0.0039179348031556545 7000 -0.0039179348031556545 14000 -0.9921641303936889 
m400048 6000 -0.006294188045038807 7000 -0.006294188045038807 14000 -0.9874116239099223 
m400049 6000 -0.0093562799765089 7000 -0.0093562799765089 14000 -0.9812874400469822 
m400050 6000 -0.004163911374924606 7000 -0.004163911374924606 14000 -0.9916721772501508 
m400051 6000 -0.0033870720931748217 7000 -0.0033870720931748217 14000 -0.9932258558136502 
m400052 6000 -0.003890590471875855 7000 -0.003890590471875855 14000 -0.9922188190562484 
m400053 6000 -0.005976664129415661 7000 -0.005976664129415661 14000 -0.9880466717411687 
m400054 6000 -0.009492353040896365 7000 -0.009492353040896365 14000 -0.9810152939182072 
m400055 6000 -0.004275651314880273 7000 -0.004275651314880273 14000 -0.9914486973702396 
m400056 6000 -0.0033217306053350444 7000 -0.0033217306053350444 14000 -0.9933565387893297 
m400057 6000 -0.0037984466336513406 7000 -0.0037984466336513406 14000 -0.9924031067326975 
m400058 6000 -0.00618483006883517 7000 -0.00618483006883517 14000 -0.9876303398623298 
m400059 6000 -0.009546179548500728 7000 -0.009546179548500728 14000 -0.9809076409029983 
m400060 6000 -0.004067687295492414 7000 -0.004067687295492414 14000 -0.991864625409015 
m400061 6000 -0.0033837735796483255 7000 -0.0033837735796483255 14000 -0.9932324528407034 
m400062 6000 -0.0039146708029306684 7000 -0.0039146708029306684 14000 -0.9921706583941386 
m400063 6000 -0.005786915639925236 7000 -0.005786915639925236 14000 -0.9884261687201495 
m400064 6000 -0.008894520243747829 7000 -0.008894520243747829 14000 -0.9822109595125045 
m400065 6000 -0.003996214676900023 7000 -0.003996214676900023 14000 -0.9920075706462 
m400066 6000 -0.003330111443694645 7000 -0.003330111443694645 14000 -0.9933397771126106 
m400067 6000 -0.003992598799073456 7000 -0.003992598799073456 14000 -0.9920148024018534 
m400068 6000 -0.006545114055733952 7000 -0.006545114055733952 14000 -0.9869097718885322 
m400069 6000 -0.009439200877769722 7000 -0.009439200877769722 14000 -0.9811215982444605 
m400070 6000 -0.004132917987276128 7000 -0.004132917987276128 14000 -0.991734164025448 
m400071 6000 -0.0033477232301883965 7000 -0.0033477232301883965 14000 -0.9933045535396231 
m400072 6000 -0.003781834853888331 7000 -0.003781834853888331 14000 -0.9924363302922231 
m400073 6000 -0.005912826196436832 7000 -0.005912826196436832 14000 -0.9881743476071267 
m400074 6000 -0.00937984150124876 7000 -0.00937984150124876 14000 -0.9812403169975025 
m400075 6000 -0.003966126839265892 7000 -0.003966126839265892 14000 -0.9920677463214683 
m400076 6000 -0.0033463902011467805 7000 -0.0033463902011467805 14000 -0.9933072195977064 
m400077 6000 -0.0038226598928805438 7000 -0.0038226598928805438 14000 -0.9923546802142389 
m400078 6000 -0.0058656694298767 7000 -0.0058656694298767 14000 -0.9882686611402468 
m400079 6000 -0.009873556074681959 7000 -0.009873556074681959 14000 -0.9802528878506359 
m400080 6000 -0.003992568180181592 7000 -0.003992568180181592 14000 -0.9920148636396371 
m400081 6000 -0.003283972424708412 7000 -0.003283972424708412 14000 -0.9934320551505833 
m400082 6000 -0.003702728400361922 7000 -0.003702728400361922 14000 -0.992594543199276 
m400083 6000 -0.006120677364027692 7000 -0.006120677364027692 14000 -0.9877586452719447 
m400084 6000 -0.009214949618681549 7000 -0.009214949618681549 14000 -0.9815701007626368 
m400085 6000 -0.004107152162447726 7000 -0.004107152162447726 14000 -0.9917856956751046 
m400086 6000 -0.003375969548896183 7000 -0.003375969548896183 14000 -0.9932480609022079 
m400087 6000 -0.0040985119283652996 7000 -0.0040985119283652996 14000 -0.9918029761432693 
m400088 6000 -0.005829934752270251 7000 -0.005829934752270251 14000 -0.9883401304954598 
m400089 6000 -0.00918976217803135 7000 -0.00918976217803135 14000 -0.9816204756439372 
m400090 6000 -0.0041980740766578 7000 -0.0041980740766578 14000 -0.9916038518466843 
m400091 6000 -0.0033284575685413403 7000 -0.0033284575685413403 14000 -0.9933430848629173 
m400092 6000 -0.0038506208218848253 7000 -0.0038506208218848253 14000 -0.9922987583562305 
m400093 6000 -0.0057990602366270174 7000 -0.0057990602366270174 14000 -0.9884018795267463 
m400094 6000 -0.009345699765149046 7000 -0.009345699765149046 14000 -0.9813086004697016 
m400095 6000 -0.004312181712362199 7000 -0.004312181712362199 14000 -0.9913756365752758 
m400096 6000 -0.0033123239454946113 7000 -0.0033123239454946113 14000 -0.9933753521090105 
m400097 6000 -0.0037369294100331376 7000 -0.0037369294100331376 14000 -0.9925261411799338 
m400098 6000 -0.005804728185172502 7000 -0.005804728185172502 14000 -0.9883905436296552 
m400099 6000 -0.00885754535342214 7000 -0.00885754535342214 14000 -0.9822849092931556 
m400100 6000 -0.0042515903264962 7000 -0.0042515903264962 14000 -0.9914968193470075 
m400101 6000 -0.0034262808802602014 7000 -0.0034262808802602014 14000 -0.9931474382394794 
m400102 6000 -0.004035456048862873 7000 -0.004035456048862873 14000 -0.991929087902274 
m400103 6000 -0.006166455725505683 7000 -0.006166455725505683 14000 -0.9876670885489888 
m400104 6000 -0.008781502957933202 7000 -0.008781502957933202 14000 -0.9824369940841335 
m400105 6000 -0.004409965783712191 7000 -0.004409965783712191 14000 -0.9911800684325758 
m400106 6000 -0.003309346011470424 7000 -0.003309346011470424 14000 -0.9933813079770593 
m400107 6000 -0.003966596948463313 7000 -0.003966596948463313 14000 -0.9920668061030734 
m400108 6000 -0.006042830300861324 7000 -0.006042830300861324 14000 -0.9879143393982776 
m400109 6000 -0.009117836814470351 7000 -0.009117836814470351 14000 -0.9817643263710595 
m400110 6000 -0.004108652755743666 7000 -0.004108652755743666 14000 -0.9917826944885129 
m400111 6000 -0.003389302382849571 7000 -0.003389302382849571 14000 -0.9932213952343011 
m400112 6000 -0.003793321820667548 7000 -0.003793321820667548 14000 -0.992413356358665 
m400113 6000 -0.005759560307122226 7000 -0.005759560307122226 14000 -0.9884808793857556 
m400114 6000 -0.009837773631621426 7000 -0.009837773631621426 14000 -0.9803244527367571 
m400115 6000 -0.00429320006303154 7000 -0.00429320006303154 14000 -0.9914135998739364 
m400116 6000 -0.0032823497287216567 7000 -0.0032823497287216567 14000 -0.9934353005425568 
m400117 6000 -0.0037590897128221066 7000 -0.0037590897128221066 14000 -0.9924818205743557 
m400118 6000 -0.006430140485184811 7000 -0.006430140485184811 14000 -0.9871397190296303 
m400119 6000 -0.008696491597070454 7000 -0.008696491597070454 14000 -0.9826070168058594 
m400120 6000 -0.00423622588239567 7000 -0.00423622588239567 14000 -0.9915275482352084 
m400121 6000 -0.003351377631935841 7000 -0.003351377631935841 14000 -0.9932972447361281 
m400122 6000 -0.004020913738262293 7000 -0.004020913738262293 14000 -0.9919581725234751 
m400123 6000 -0.00542452824291867 7000 -0.00542452824291867 14000 -0.9891509435141628 
m400124 6000 -0.009303030151268082 7000 -0.009303030151268082 14000 -0.9813939396974639 
c **********************************
c PE+Pb, dens=4.78 g/cm3
m2      6000    -0.04286 $Carbon
        1001    -0.00714 $Hydrogen
        82000   -0.95000 $Lead
c **********************************
m3    1001 -0.048535 $Boric acid
      5010 -0.034981
      5011 -0.139923
      8016 -0.776561
c **********************************
m4    82000 1 $Lead
c **********************************
m5 26000 1 $Iron
c **********************************
m6     13027   -1.000 $ Aluminum
c **********************************
c  SS-304 (8.00 g/cm3), #298 in PNNL Compendium
m7   006000.50c -0.0004000
     014000.60c -0.0050000
     015031.50c -0.0002300
     016000.60c -0.0001500
     024000.50c -0.1899981
     025055.60c -0.0099999
     026000.50c -0.7017229
     028000.50c -0.0924991
c ****************************************
c       LaBr detector
c ****************************************
m8       35079    -0.2946       $ Br79
         35081    -0.3069       $ Br81
         57139    -0.3485       $ La139
         58140    -0.0500       $ Ce140
c ************ air den=1.15e-3g/cc
m12     8016 -0.23
        7014 -0.77
c ************ Rubber Natural den=0.92 g/cc
m13     1001 -0.118371  $weight fraction
        6000 -0.881629
c
c end material cards
c
rand seed=8674536546524321 $different initial random #; seed# - any less 18 digits
c
c ********** begin tallies *********************
fc78 *********Broadened Pulse Height Tally Sum of Detectors 1,2 & 3 ***********
e78 0 1e-5 932i 8.4295
F78:p (101)
FT78 GEB -0.026198 0.059551 -0.037176
fc18 *********Unbroadened Pulse Height Tally Sum of Detectors 1,2 & 3 ***********
e18 0 1e-5 932i 8.4295
F18:p (101)
c ***********************************
c mplot tal 78 freq 10000
nps 1e9
