c CAS DETECTOR
c w/ Shielding in Place and Wheels
c
c CELL CARDS
c
c @@@@@@@@@@ Detectors @@@@@@@@@@@@@@@@@
c
101 8 -5.08 -21 imp:n,p 1 $LaBr Detector #1 Active Region
c
c @@@@@@@@@ Shielding @@@@@@@@@@@@@@@@@
c
121 2 -4.78 -31 imp:n,p 1 $PE_Pb
122 4 -11.29 -32 imp:n,p 1 $Pb1
123 4 -11.29 -33 imp:n,p 1 $Pb2
124 4 -11.29 -34 imp:n,p 1 $Pb3
125 4 -11.29 -35 imp:n,p 1 $Pb4
126 4 -11.29 -36 imp:n,p 1 $Pb5
127 4 -11.29 -37 imp:n,p 1 $Pb6
128 3 -1.5 -38 imp:n,p 1 $BA1
129 3 -1.5 -39 imp:n,p 1 $BA2
130 6 -2.7 -40 imp:n,p 1 $Al
131 7 -7.92 301 -302 303 -304 imp:n,p 1 $Fe-tube
132 5 -7.8 -401 imp:n,p 1 $Fe
133 5 -7.8 -402 imp:n,p 1 $Fe
c @@@@@@@@@@ Wheels @@@@@@@@@@@@@@@@@
c
21 13 -0.92 -41 42 imp:n,p 1 $Wheel 1
211 13 -0.92 -421 422 imp:n,p 1 $Wheel 1
212 13 -0.92 -423 424 imp:n,p 1 $Wheel 1
22 13 -0.92 -43 44 imp:n,p 1 $Wheel 2
221 13 -0.92 -441 442 imp:n,p 1 $Wheel 2
222 13 -0.92 -443 444 imp:n,p 1 $Wheel 2
23 13 -0.92 -45 46 imp:n,p 1 $Wheel 3
231 13 -0.92 -461 462 imp:n,p 1 $Wheel 3
232 13 -0.92 -463 464 imp:n,p 1 $Wheel 3
24 13 -0.92 -47 48 imp:n,p 1 $Wheel 4
241 13 -0.92 -481 482 imp:n,p 1 $Wheel 4
242 13 -0.92 -483 484 imp:n,p 1 $Wheel 4
c
c @@@@@@@@@@ SOIL VOLUME @@@@@@@@@@@
c
300000 400000 -2.156 20010 -20011 20020 -20021 20030 -20031 imp:n,p 1
300001 400001 -2.156 20010 -20011 20020 -20021 20031 -20032 imp:n,p 1
300002 400002 -2.156 20010 -20011 20020 -20021 20032 -20033 imp:n,p 1
300003 400003 -2.156 20010 -20011 20020 -20021 20033 -20034 imp:n,p 1
300004 400004 -2.156 20010 -20011 20020 -20021 20034 -20035 imp:n,p 1
300005 400005 -2.156 20011 -20012 20020 -20021 20030 -20031 imp:n,p 1
300006 400006 -2.156 20011 -20012 20020 -20021 20031 -20032 imp:n,p 1
300007 400007 -2.156 20011 -20012 20020 -20021 20032 -20033 imp:n,p 1
300008 400008 -2.156 20011 -20012 20020 -20021 20033 -20034 imp:n,p 1
300009 400009 -2.156 20011 -20012 20020 -20021 20034 -20035 imp:n,p 1
300010 400010 -2.156 20012 -20013 20020 -20021 20030 -20031 imp:n,p 1
300011 400011 -2.156 20012 -20013 20020 -20021 20031 -20032 imp:n,p 1
300012 400012 -2.156 20012 -20013 20020 -20021 20032 -20033 imp:n,p 1
300013 400013 -2.156 20012 -20013 20020 -20021 20033 -20034 imp:n,p 1
300014 400014 -2.156 20012 -20013 20020 -20021 20034 -20035 imp:n,p 1
300015 400015 -2.156 20013 -20014 20020 -20021 20030 -20031 imp:n,p 1
300016 400016 -2.156 20013 -20014 20020 -20021 20031 -20032 imp:n,p 1
300017 400017 -2.156 20013 -20014 20020 -20021 20032 -20033 imp:n,p 1
300018 400018 -2.156 20013 -20014 20020 -20021 20033 -20034 imp:n,p 1
300019 400019 -2.156 20013 -20014 20020 -20021 20034 -20035 imp:n,p 1
300020 400020 -2.156 20014 -20015 20020 -20021 20030 -20031 imp:n,p 1
300021 400021 -2.156 20014 -20015 20020 -20021 20031 -20032 imp:n,p 1
300022 400022 -2.156 20014 -20015 20020 -20021 20032 -20033 imp:n,p 1
300023 400023 -2.156 20014 -20015 20020 -20021 20033 -20034 imp:n,p 1
300024 400024 -2.156 20014 -20015 20020 -20021 20034 -20035 imp:n,p 1
300025 400025 -2.156 20010 -20011 20021 -20022 20030 -20031 imp:n,p 1
300026 400026 -2.156 20010 -20011 20021 -20022 20031 -20032 imp:n,p 1
300027 400027 -2.156 20010 -20011 20021 -20022 20032 -20033 imp:n,p 1
300028 400028 -2.156 20010 -20011 20021 -20022 20033 -20034 imp:n,p 1
300029 400029 -2.156 20010 -20011 20021 -20022 20034 -20035 imp:n,p 1
300030 400030 -2.156 20011 -20012 20021 -20022 20030 -20031 imp:n,p 1
300031 400031 -2.156 20011 -20012 20021 -20022 20031 -20032 imp:n,p 1
300032 400032 -2.156 20011 -20012 20021 -20022 20032 -20033 imp:n,p 1
300033 400033 -2.156 20011 -20012 20021 -20022 20033 -20034 imp:n,p 1
300034 400034 -2.156 20011 -20012 20021 -20022 20034 -20035 imp:n,p 1
300035 400035 -2.156 20012 -20013 20021 -20022 20030 -20031 imp:n,p 1
300036 400036 -2.156 20012 -20013 20021 -20022 20031 -20032 imp:n,p 1
300037 400037 -2.156 20012 -20013 20021 -20022 20032 -20033 imp:n,p 1
300038 400038 -2.156 20012 -20013 20021 -20022 20033 -20034 imp:n,p 1
300039 400039 -2.156 20012 -20013 20021 -20022 20034 -20035 imp:n,p 1
300040 400040 -2.156 20013 -20014 20021 -20022 20030 -20031 imp:n,p 1
300041 400041 -2.156 20013 -20014 20021 -20022 20031 -20032 imp:n,p 1
300042 400042 -2.156 20013 -20014 20021 -20022 20032 -20033 imp:n,p 1
300043 400043 -2.156 20013 -20014 20021 -20022 20033 -20034 imp:n,p 1
300044 400044 -2.156 20013 -20014 20021 -20022 20034 -20035 imp:n,p 1
300045 400045 -2.156 20014 -20015 20021 -20022 20030 -20031 imp:n,p 1
300046 400046 -2.156 20014 -20015 20021 -20022 20031 -20032 imp:n,p 1
300047 400047 -2.156 20014 -20015 20021 -20022 20032 -20033 imp:n,p 1
300048 400048 -2.156 20014 -20015 20021 -20022 20033 -20034 imp:n,p 1
300049 400049 -2.156 20014 -20015 20021 -20022 20034 -20035 imp:n,p 1
300050 400050 -2.156 20010 -20011 20022 -20023 20030 -20031 imp:n,p 1
300051 400051 -2.156 20010 -20011 20022 -20023 20031 -20032 imp:n,p 1
300052 400052 -2.156 20010 -20011 20022 -20023 20032 -20033 imp:n,p 1
300053 400053 -2.156 20010 -20011 20022 -20023 20033 -20034 imp:n,p 1
300054 400054 -2.156 20010 -20011 20022 -20023 20034 -20035 imp:n,p 1
300055 400055 -2.156 20011 -20012 20022 -20023 20030 -20031 imp:n,p 1
300056 400056 -2.156 20011 -20012 20022 -20023 20031 -20032 imp:n,p 1
300057 400057 -2.156 20011 -20012 20022 -20023 20032 -20033 imp:n,p 1
300058 400058 -2.156 20011 -20012 20022 -20023 20033 -20034 imp:n,p 1
300059 400059 -2.156 20011 -20012 20022 -20023 20034 -20035 imp:n,p 1
300060 400060 -2.156 20012 -20013 20022 -20023 20030 -20031 imp:n,p 1
300061 400061 -2.156 20012 -20013 20022 -20023 20031 -20032 imp:n,p 1
300062 400062 -2.156 20012 -20013 20022 -20023 20032 -20033 imp:n,p 1
300063 400063 -2.156 20012 -20013 20022 -20023 20033 -20034 imp:n,p 1
300064 400064 -2.156 20012 -20013 20022 -20023 20034 -20035 imp:n,p 1
300065 400065 -2.156 20013 -20014 20022 -20023 20030 -20031 imp:n,p 1
300066 400066 -2.156 20013 -20014 20022 -20023 20031 -20032 imp:n,p 1
300067 400067 -2.156 20013 -20014 20022 -20023 20032 -20033 imp:n,p 1
300068 400068 -2.156 20013 -20014 20022 -20023 20033 -20034 imp:n,p 1
300069 400069 -2.156 20013 -20014 20022 -20023 20034 -20035 imp:n,p 1
300070 400070 -2.156 20014 -20015 20022 -20023 20030 -20031 imp:n,p 1
300071 400071 -2.156 20014 -20015 20022 -20023 20031 -20032 imp:n,p 1
300072 400072 -2.156 20014 -20015 20022 -20023 20032 -20033 imp:n,p 1
300073 400073 -2.156 20014 -20015 20022 -20023 20033 -20034 imp:n,p 1
300074 400074 -2.156 20014 -20015 20022 -20023 20034 -20035 imp:n,p 1
300075 400075 -2.156 20010 -20011 20023 -20024 20030 -20031 imp:n,p 1
300076 400076 -2.156 20010 -20011 20023 -20024 20031 -20032 imp:n,p 1
300077 400077 -2.156 20010 -20011 20023 -20024 20032 -20033 imp:n,p 1
300078 400078 -2.156 20010 -20011 20023 -20024 20033 -20034 imp:n,p 1
300079 400079 -2.156 20010 -20011 20023 -20024 20034 -20035 imp:n,p 1
300080 400080 -2.156 20011 -20012 20023 -20024 20030 -20031 imp:n,p 1
300081 400081 -2.156 20011 -20012 20023 -20024 20031 -20032 imp:n,p 1
300082 400082 -2.156 20011 -20012 20023 -20024 20032 -20033 imp:n,p 1
300083 400083 -2.156 20011 -20012 20023 -20024 20033 -20034 imp:n,p 1
300084 400084 -2.156 20011 -20012 20023 -20024 20034 -20035 imp:n,p 1
300085 400085 -2.156 20012 -20013 20023 -20024 20030 -20031 imp:n,p 1
300086 400086 -2.156 20012 -20013 20023 -20024 20031 -20032 imp:n,p 1
300087 400087 -2.156 20012 -20013 20023 -20024 20032 -20033 imp:n,p 1
300088 400088 -2.156 20012 -20013 20023 -20024 20033 -20034 imp:n,p 1
300089 400089 -2.156 20012 -20013 20023 -20024 20034 -20035 imp:n,p 1
300090 400090 -2.156 20013 -20014 20023 -20024 20030 -20031 imp:n,p 1
300091 400091 -2.156 20013 -20014 20023 -20024 20031 -20032 imp:n,p 1
300092 400092 -2.156 20013 -20014 20023 -20024 20032 -20033 imp:n,p 1
300093 400093 -2.156 20013 -20014 20023 -20024 20033 -20034 imp:n,p 1
300094 400094 -2.156 20013 -20014 20023 -20024 20034 -20035 imp:n,p 1
300095 400095 -2.156 20014 -20015 20023 -20024 20030 -20031 imp:n,p 1
300096 400096 -2.156 20014 -20015 20023 -20024 20031 -20032 imp:n,p 1
300097 400097 -2.156 20014 -20015 20023 -20024 20032 -20033 imp:n,p 1
300098 400098 -2.156 20014 -20015 20023 -20024 20033 -20034 imp:n,p 1
300099 400099 -2.156 20014 -20015 20023 -20024 20034 -20035 imp:n,p 1
300100 400100 -2.156 20010 -20011 20024 -20025 20030 -20031 imp:n,p 1
300101 400101 -2.156 20010 -20011 20024 -20025 20031 -20032 imp:n,p 1
300102 400102 -2.156 20010 -20011 20024 -20025 20032 -20033 imp:n,p 1
300103 400103 -2.156 20010 -20011 20024 -20025 20033 -20034 imp:n,p 1
300104 400104 -2.156 20010 -20011 20024 -20025 20034 -20035 imp:n,p 1
300105 400105 -2.156 20011 -20012 20024 -20025 20030 -20031 imp:n,p 1
300106 400106 -2.156 20011 -20012 20024 -20025 20031 -20032 imp:n,p 1
300107 400107 -2.156 20011 -20012 20024 -20025 20032 -20033 imp:n,p 1
300108 400108 -2.156 20011 -20012 20024 -20025 20033 -20034 imp:n,p 1
300109 400109 -2.156 20011 -20012 20024 -20025 20034 -20035 imp:n,p 1
300110 400110 -2.156 20012 -20013 20024 -20025 20030 -20031 imp:n,p 1
300111 400111 -2.156 20012 -20013 20024 -20025 20031 -20032 imp:n,p 1
300112 400112 -2.156 20012 -20013 20024 -20025 20032 -20033 imp:n,p 1
300113 400113 -2.156 20012 -20013 20024 -20025 20033 -20034 imp:n,p 1
300114 400114 -2.156 20012 -20013 20024 -20025 20034 -20035 imp:n,p 1
300115 400115 -2.156 20013 -20014 20024 -20025 20030 -20031 imp:n,p 1
300116 400116 -2.156 20013 -20014 20024 -20025 20031 -20032 imp:n,p 1
300117 400117 -2.156 20013 -20014 20024 -20025 20032 -20033 imp:n,p 1
300118 400118 -2.156 20013 -20014 20024 -20025 20033 -20034 imp:n,p 1
300119 400119 -2.156 20013 -20014 20024 -20025 20034 -20035 imp:n,p 1
300120 400120 -2.156 20014 -20015 20024 -20025 20030 -20031 imp:n,p 1
300121 400121 -2.156 20014 -20015 20024 -20025 20031 -20032 imp:n,p 1
300122 400122 -2.156 20014 -20015 20024 -20025 20032 -20033 imp:n,p 1
300123 400123 -2.156 20014 -20015 20024 -20025 20033 -20034 imp:n,p 1
300124 400124 -2.156 20014 -20015 20024 -20025 20034 -20035 imp:n,p 1
c
30 12 -0.00129 -200 #101 #121 #122 #123 #124 #125 #126 #127 #128 #129 #130 #131 #132 #133
        #21 #211 #212 #22 #221 #222 #23 #231 #232 #24 #241 #242 #20 imp:n,p 1 $Rest of the World
31 0 200 imp:n,p 0 $Outside world

c SURFACE CARDS
c
c Sample Volume
20010 px -56.0
20011 px -33.600000000000364
20012 px -11.200000000000728
20013 px 11.200000000000728
20014 px 33.600000000000364
20015 px 56.0
20020 py -45.0
20021 py -27.0
20022 py -9.0
20023 py 9.0
20024 py 27.0
20025 py 45.0
20030 pz 92.0
20031 pz 82.0
20032 pz 72.0
20033 pz 62.0
20034 pz 52.0
20035 pz 42.0
c Active Detector Region
21 rcc 56  -5.0 -1.0   0.0 20.3 0.0   4.5 $Detector 1 Base center, Hx,Hy,Hz, radius
c Shielding Surfaces
c Shielding Pb
31 rpp 19 29 -7.5 7.5 -11 9 $PbPE xmin xmax ymin ymax zmin zmax
32 rpp 9 19 4 9 -11 9 $Pb xmin xmax ymin ymax zmin zmax
33 rpp 9 19 -9 -4 -11 9 $Pb xmin xmax ymin ymax zmin zmax
34 rpp 19 29 7.5 12.5 -11 9 $Pb xmin xmax ymin ymax zmin zmax
35 rpp 19 29 -12.5 -7.5 -11 9 $Pb xmin xmax ymin ymax zmin zmax
36 rpp 29 34 -15 15 -11 9 $Pb xmin xmax ymin ymax zmin zmax
37 rpp 9 19 -4 4 4 9 $Pb xmin xmax ymin ymax zmin zmax
38 rpp -26 26 18 28 -11 9 $BA1 xmin xmax ymin ymax zmin zmax
39 rpp -26 26 -28 -18 -11 9 $BA2 xmin xmax ymin ymax zmin zmax
40 rpp -65 65 -28 28 10 10.5 $Al xmin xmax ymin ymax zmin zmax
401 rpp -27 27 29 34 -11 9 $Fe xmin xmax ymin ymax zmin zmax
402 rpp -27 27 -34 -29 -11 9 $Fe xmin xmax ymin ymax zmin zmax
301 px -20
302 px 18
303 cx 3.71
304 cx 3.81
c Wheels Surfaces
c 23/10.5-12 turf tires, 22.6 lb rubber
c diameter 29cm, tread width 25cm, and sidewall height 13.76 cm
c set thickness of all sides 1.3 cm (s.t. weight is 22.6 lb)
41 rcc -2 77 8   0.0 25 0.0 29 $wheel 1 outer tread surface
42 rcc -2 77 8   0.0 25 0.0 27.7 $wheel 1 inner tread surface
421 rcc -2 75.7 8   0.0 1.3 0.0 29 $wheel 1 outside sidewall exterior
422 rcc -2 75.7 8   0.0 1.3 0.0 15.24 $wheel 1 outside sidewall interior
423 rcc -2 102 8   0.0 1.3 0.0 29 $wheel 1 inside sidewall exterior
424 rcc -2 102 8   0.0 1.3 0.0 15.24 $wheel 1 inside sidewall interior
43 rcc 68 77 8   0.0 25 0.0 29 $wheel 2
44 rcc 68 77 8   0.0 25 0.0 27.7
441 rcc 68 75.7 8   0.0 1.3 0.0 29
442 rcc 68 75.7 8   0.0 1.3 0.0 15.24
443 rcc 68 102 8   0.0 1.3 0.0 29
444 rcc 68 102 8   0.0 1.3 0.0 15.24
45 rcc -2 -77 8   0.0 -25 0.0 29 $wheel 3
46 rcc -2 -77 8   0.0 -25 0.0 27.7
461 rcc -2 -75.7 8   0.0 -1.3 0.0 29
462 rcc -2 -75.7 8   0.0 -1.3 0.0 15.24
463 rcc -2 -102 8   0.0 -1.3 0.0 29
464 rcc -2 -102 8   0.0 -1.3 0.0 15.24
47 rcc 68 -77 8   0.0 -25 0.0 29 $wheel 4
48 rcc 68 -77 8   0.0 -25 0.0 27.7
481 rcc 68 -75.7 8   0.0 -1.3 0.0 29
482 rcc 68 -75.7 8   0.0 -1.3 0.0 15.24
483 rcc 68 -102 8   0.0 -1.3 0.0 29
484 rcc 68 -102 8   0.0 -1.3 0.0 15.24
200 so 800    $sphere of 800cm centered at origin
c

c DATA CARDS
mode n p
c dump every hr
prdmp -60 -60 -1
c 100 keV Neutron Energy Cutoff
Cut:n 1j 0.1
c analog neutron transport
phys:n 1j 14
phys:p
sdef pos=0 0 0 erg=14.0 vec= 0 0 1 dir=d1
si1  -1 .93 1
sp1   0  0.0  1.0
c ********************
c begin material cards
c ********************
c Pure Carbon
c ****************************************
m400000 6000 -0.004402339525460869 7000 -0.004402339525460869 14000 -0.9911953209490784 
m400001 6000 -0.0034145012848089905 7000 -0.0034145012848089905 14000 -0.9931709974303822 
m400002 6000 -0.003789144641227098 7000 -0.003789144641227098 14000 -0.9924217107175457 
m400003 6000 -0.006101285662072101 7000 -0.006101285662072101 14000 -0.987797428675856 
m400004 6000 -0.00931314400537474 7000 -0.00931314400537474 14000 -0.9813737119892505 
m400005 6000 -0.004424239871911665 7000 -0.004424239871911665 14000 -0.9911515202561764 
m400006 6000 -0.003409231418413573 7000 -0.003409231418413573 14000 -0.9931815371631726 
m400007 6000 -0.003942369207261109 7000 -0.003942369207261109 14000 -0.992115261585478 
m400008 6000 -0.006073453410306384 7000 -0.006073453410306384 14000 -0.987853093179387 
m400009 6000 -0.009358097990430334 7000 -0.009358097990430334 14000 -0.9812838040191392 
m400010 6000 -0.004105591295042478 7000 -0.004105591295042478 14000 -0.9917888174099153 
m400011 6000 -0.0033850163408168294 7000 -0.0033850163408168294 14000 -0.9932299673183662 
m400012 6000 -0.0040007082907020305 7000 -0.0040007082907020305 14000 -0.9919985834185954 
m400013 6000 -0.006070929857321475 7000 -0.006070929857321475 14000 -0.9878581402853572 
m400014 6000 -0.00980322382597491 7000 -0.00980322382597491 14000 -0.9803935523480503 
m400015 6000 -0.004289142270717207 7000 -0.004289142270717207 14000 -0.9914217154585656 
m400016 6000 -0.0033659178866205087 7000 -0.0033659178866205087 14000 -0.9932681642267588 
m400017 6000 -0.00396761097643418 7000 -0.00396761097643418 14000 -0.9920647780471314 
m400018 6000 -0.00592564428507867 7000 -0.00592564428507867 14000 -0.9881487114298427 
m400019 6000 -0.00956926456556844 7000 -0.00956926456556844 14000 -0.9808614708688631 
m400020 6000 -0.004104769168348606 7000 -0.004104769168348606 14000 -0.9917904616633026 
m400021 6000 -0.0034439237328198506 7000 -0.0034439237328198506 14000 -0.99311215253436 
m400022 6000 -0.003863978189892903 7000 -0.003863978189892903 14000 -0.9922720436202138 
m400023 6000 -0.006190109180763246 7000 -0.006190109180763246 14000 -0.9876197816384734 
m400024 6000 -0.009288845930365944 7000 -0.009288845930365944 14000 -0.9814223081392685 
m400025 6000 -0.004494143329802068 7000 -0.004494143329802068 14000 -0.991011713340396 
m400026 6000 -0.003417807348379838 7000 -0.003417807348379838 14000 -0.9931643853032405 
m400027 6000 -0.0040015773663388465 7000 -0.0040015773663388465 14000 -0.991996845267322 
m400028 6000 -0.0059780260996840405 7000 -0.0059780260996840405 14000 -0.9880439478006319 
m400029 6000 -0.008974622532544257 7000 -0.008974622532544257 14000 -0.9820507549349113 
m400030 6000 -0.00415864894227751 7000 -0.00415864894227751 14000 -0.9916827021154451 
m400031 6000 -0.0034270113752978702 7000 -0.0034270113752978702 14000 -0.9931459772494042 
m400032 6000 -0.003900354251263526 7000 -0.003900354251263526 14000 -0.9921992914974733 
m400033 6000 -0.006063181354809243 7000 -0.006063181354809243 14000 -0.9878736372903815 
m400034 6000 -0.01000151857324006 7000 -0.01000151857324006 14000 -0.9799969628535198 
m400035 6000 -0.004324074877243774 7000 -0.004324074877243774 14000 -0.9913518502455123 
m400036 6000 -0.003404076548400407 7000 -0.003404076548400407 14000 -0.9931918469031994 
m400037 6000 -0.004002542491526605 7000 -0.004002542491526605 14000 -0.9919949150169469 
m400038 6000 -0.00612497727632844 7000 -0.00612497727632844 14000 -0.9877500454473435 
m400039 6000 -0.009482276619816578 7000 -0.009482276619816578 14000 -0.9810354467603666 
m400040 6000 -0.004325845748364216 7000 -0.004325845748364216 14000 -0.9913483085032716 
m400041 6000 -0.003448450038539402 7000 -0.003448450038539402 14000 -0.9931030999229213 
m400042 6000 -0.003988739885999305 7000 -0.003988739885999305 14000 -0.9920225202280011 
m400043 6000 -0.006052259932982937 7000 -0.006052259932982937 14000 -0.9878954801340342 
m400044 6000 -0.009415435096522125 7000 -0.009415435096522125 14000 -0.9811691298069557 
m400045 6000 -0.004219562745281621 7000 -0.004219562745281621 14000 -0.9915608745094368 
m400046 6000 -0.0033868286900459598 7000 -0.0033868286900459598 14000 -0.9932263426199078 
m400047 6000 -0.004039662570430699 7000 -0.004039662570430699 14000 -0.9919206748591385 
m400048 6000 -0.006552250930583615 7000 -0.006552250930583615 14000 -0.9868954981388327 
m400049 6000 -0.009514615398212271 7000 -0.009514615398212271 14000 -0.9809707692035751 
m400050 6000 -0.004271626593114964 7000 -0.004271626593114964 14000 -0.9914567468137702 
m400051 6000 -0.0033750759534842186 7000 -0.0033750759534842186 14000 -0.9932498480930316 
m400052 6000 -0.004055613098875399 7000 -0.004055613098875399 14000 -0.9918887738022494 
m400053 6000 -0.006086296494399432 7000 -0.006086296494399432 14000 -0.9878274070112014 
m400054 6000 -0.009063785537591532 7000 -0.009063785537591532 14000 -0.981872428924817 
m400055 6000 -0.004196547554986355 7000 -0.004196547554986355 14000 -0.9916069048900273 
m400056 6000 -0.003337887525311503 7000 -0.003337887525311503 14000 -0.993324224949377 
m400057 6000 -0.0040939323748661275 7000 -0.0040939323748661275 14000 -0.9918121352502677 
m400058 6000 -0.006524464326854531 7000 -0.006524464326854531 14000 -0.9869510713462911 
m400059 6000 -0.009351188470606826 7000 -0.009351188470606826 14000 -0.9812976230587864 
m400060 6000 -0.0043637133614247954 7000 -0.0043637133614247954 14000 -0.9912725732771502 
m400061 6000 -0.0034425950234434483 7000 -0.0034425950234434483 14000 -0.993114809953113 
m400062 6000 -0.004067924187295565 7000 -0.004067924187295565 14000 -0.9918641516254092 
m400063 6000 -0.005948014293892313 7000 -0.005948014293892313 14000 -0.9881039714122153 
m400064 6000 -0.009107021012282076 7000 -0.009107021012282076 14000 -0.9817859579754362 
m400065 6000 -0.0042974398549571755 7000 -0.0042974398549571755 14000 -0.9914051202900857 
m400066 6000 -0.0034373532519744103 7000 -0.0034373532519744103 14000 -0.993125293496051 
m400067 6000 -0.004096273477320759 7000 -0.004096273477320759 14000 -0.9918074530453589 
m400068 6000 -0.006262125479360894 7000 -0.006262125479360894 14000 -0.9874757490412782 
m400069 6000 -0.009426789499133337 7000 -0.009426789499133337 14000 -0.9811464210017331 
m400070 6000 -0.00436469634556535 7000 -0.00436469634556535 14000 -0.9912706073088694 
m400071 6000 -0.003461914265196673 7000 -0.003461914265196673 14000 -0.9930761714696067 
m400072 6000 -0.004065884618660256 7000 -0.004065884618660256 14000 -0.9918682307626793 
m400073 6000 -0.005377889567519446 7000 -0.005377889567519446 14000 -0.9892442208649611 
m400074 6000 -0.009644803323544301 7000 -0.009644803323544301 14000 -0.9807103933529114 
m400075 6000 -0.004452658784381714 7000 -0.004452658784381714 14000 -0.9910946824312368 
m400076 6000 -0.0033810170615916585 7000 -0.0033810170615916585 14000 -0.9932379658768167 
m400077 6000 -0.00393615191431909 7000 -0.00393615191431909 14000 -0.9921276961713618 
m400078 6000 -0.005828757033485198 7000 -0.005828757033485198 14000 -0.9883424859330296 
m400079 6000 -0.008561944216391617 7000 -0.008561944216391617 14000 -0.9828761115672167 
m400080 6000 -0.004268959467191269 7000 -0.004268959467191269 14000 -0.9914620810656176 
m400081 6000 -0.0034106919489156956 7000 -0.0034106919489156956 14000 -0.9931786161021684 
m400082 6000 -0.004145137393208398 7000 -0.004145137393208398 14000 -0.9917097252135831 
m400083 6000 -0.0061060358063909324 7000 -0.0061060358063909324 14000 -0.9877879283872183 
m400084 6000 -0.009359155873123531 7000 -0.009359155873123531 14000 -0.9812816882537528 
m400085 6000 -0.004245812757245089 7000 -0.004245812757245089 14000 -0.9915083744855095 
m400086 6000 -0.003412304600194455 7000 -0.003412304600194455 14000 -0.993175390799611 
m400087 6000 -0.003947031264077309 7000 -0.003947031264077309 14000 -0.9921059374718453 
m400088 6000 -0.006038838872303789 7000 -0.006038838872303789 14000 -0.9879223222553923 
m400089 6000 -0.00910233388979838 7000 -0.00910233388979838 14000 -0.981795332220403 
m400090 6000 -0.004234398706074836 7000 -0.004234398706074836 14000 -0.9915312025878503 
m400091 6000 -0.0033632578981753814 7000 -0.0033632578981753814 14000 -0.9932734842036492 
m400092 6000 -0.004096063590244048 7000 -0.004096063590244048 14000 -0.9918078728195121 
m400093 6000 -0.006118483251289899 7000 -0.006118483251289899 14000 -0.9877630334974201 
m400094 6000 -0.009316435970325682 7000 -0.009316435970325682 14000 -0.9813671280593489 
m400095 6000 -0.004124856225685562 7000 -0.004124856225685562 14000 -0.9917502875486284 
m400096 6000 -0.0034172181780309234 7000 -0.0034172181780309234 14000 -0.993165563643938 
m400097 6000 -0.003895626333863196 7000 -0.003895626333863196 14000 -0.9922087473322737 
m400098 6000 -0.005612217134473044 7000 -0.005612217134473044 14000 -0.988775565731054 
m400099 6000 -0.009220566314754841 7000 -0.009220566314754841 14000 -0.9815588673704903 
m400100 6000 -0.004241994886648981 7000 -0.004241994886648981 14000 -0.9915160102267015 
m400101 6000 -0.0033899898318281605 7000 -0.0033899898318281605 14000 -0.9932200203363437 
m400102 6000 -0.003808621692203501 7000 -0.003808621692203501 14000 -0.9923827566155933 
m400103 6000 -0.005720812474313559 7000 -0.005720812474313559 14000 -0.988558375051373 
m400104 6000 -0.009061069735961604 7000 -0.009061069735961604 14000 -0.9818778605280768 
m400105 6000 -0.0043882615510138865 7000 -0.0043882615510138865 14000 -0.9912234768979721 
m400106 6000 -0.003392407699643602 7000 -0.003392407699643602 14000 -0.9932151846007128 
m400107 6000 -0.00410036969859781 7000 -0.00410036969859781 14000 -0.9917992606028043 
m400108 6000 -0.00626984974320298 7000 -0.00626984974320298 14000 -0.9874603005135941 
m400109 6000 -0.00989010273987113 7000 -0.00989010273987113 14000 -0.9802197945202578 
m400110 6000 -0.0042696142032428806 7000 -0.0042696142032428806 14000 -0.9914607715935143 
m400111 6000 -0.0033967164594321986 7000 -0.0033967164594321986 14000 -0.9932065670811357 
m400112 6000 -0.003890823883626136 7000 -0.003890823883626136 14000 -0.9922183522327476 
m400113 6000 -0.005813916958647295 7000 -0.005813916958647295 14000 -0.9883721660827054 
m400114 6000 -0.008681173347854163 7000 -0.008681173347854163 14000 -0.9826376533042916 
m400115 6000 -0.004288889866853098 7000 -0.004288889866853098 14000 -0.9914222202662942 
m400116 6000 -0.0033723991780518574 7000 -0.0033723991780518574 14000 -0.9932552016438961 
m400117 6000 -0.0040201402922953 7000 -0.0040201402922953 14000 -0.9919597194154093 
m400118 6000 -0.005832262428767745 7000 -0.005832262428767745 14000 -0.9883354751424647 
m400119 6000 -0.010331056056046927 7000 -0.010331056056046927 14000 -0.9793378878879058 
m400120 6000 -0.004276822354147965 7000 -0.004276822354147965 14000 -0.991446355291704 
m400121 6000 -0.0034100635080042967 7000 -0.0034100635080042967 14000 -0.9931798729839916 
m400122 6000 -0.004171475613859412 7000 -0.004171475613859412 14000 -0.9916570487722813 
m400123 6000 -0.005906949837648136 7000 -0.005906949837648136 14000 -0.9881861003247039 
m400124 6000 -0.009489818029731456 7000 -0.009489818029731456 14000 -0.9810203639405374 
c **********************************
c PE+Pb, dens=4.78 g/cm3
m2      6000    -0.04286 $Carbon
        1001    -0.00714 $Hydrogen
        82000   -0.95000 $Lead
c **********************************
m3    1001 -0.048535 $Boric acid
      5010 -0.034981
      5011 -0.139923
      8016 -0.776561
c **********************************
m4    82000 1 $Lead
c **********************************
m5 26000 1 $Iron
c **********************************
m6     13027   -1.000 $ Aluminum
c **********************************
c  SS-304 (8.00 g/cm3), #298 in PNNL Compendium
m7   006000.50c -0.0004000
     014000.60c -0.0050000
     015031.50c -0.0002300
     016000.60c -0.0001500
     024000.50c -0.1899981
     025055.60c -0.0099999
     026000.50c -0.7017229
     028000.50c -0.0924991
c ****************************************
c       LaBr detector
c ****************************************
m8       35079    -0.2946       $ Br79
         35081    -0.3069       $ Br81
         57139    -0.3485       $ La139
         58140    -0.0500       $ Ce140
c ************ air den=1.15e-3g/cc
m12     8016 -0.23
        7014 -0.77
c ************ Rubber Natural den=0.92 g/cc
m13     1001 -0.118371  $weight fraction
        6000 -0.881629
c
c end material cards
c
rand seed=8674536546524321 $different initial random #; seed# - any less 18 digits
c
c ********** begin tallies *********************
fc78 *********Broadened Pulse Height Tally Sum of Detectors 1,2 & 3 ***********
e78 0 1e-5 932i 8.4295
F78:p (101)
FT78 GEB -0.026198 0.059551 -0.037176
fc18 *********Unbroadened Pulse Height Tally Sum of Detectors 1,2 & 3 ***********
e18 0 1e-5 932i 8.4295
F18:p (101)
c ***********************************
c mplot tal 78 freq 10000
nps 1e9
