c CAS DETECTOR
c w/ Shielding in Place and Wheels
c
c CELL CARDS
c
c @@@@@@@@@@ Detectors @@@@@@@@@@@@@@@@@
c
101 8 -5.08 -21 imp:n,p 1 $LaBr Detector #1 Active Region
c
c @@@@@@@@@ Shielding @@@@@@@@@@@@@@@@@
c
121 2 -4.78 -31 imp:n,p 1 $PE_Pb
122 4 -11.29 -32 imp:n,p 1 $Pb1
123 4 -11.29 -33 imp:n,p 1 $Pb2
124 4 -11.29 -34 imp:n,p 1 $Pb3
125 4 -11.29 -35 imp:n,p 1 $Pb4
126 4 -11.29 -36 imp:n,p 1 $Pb5
127 4 -11.29 -37 imp:n,p 1 $Pb6
128 3 -1.5 -38 imp:n,p 1 $BA1
129 3 -1.5 -39 imp:n,p 1 $BA2
130 6 -2.7 -40 imp:n,p 1 $Al
131 7 -7.92 301 -302 303 -304 imp:n,p 1 $Fe-tube
132 5 -7.8 -401 imp:n,p 1 $Fe
133 5 -7.8 -402 imp:n,p 1 $Fe
c @@@@@@@@@@ Wheels @@@@@@@@@@@@@@@@@
c
21 13 -0.92 -41 42 imp:n,p 1 $Wheel 1
211 13 -0.92 -421 422 imp:n,p 1 $Wheel 1
212 13 -0.92 -423 424 imp:n,p 1 $Wheel 1
22 13 -0.92 -43 44 imp:n,p 1 $Wheel 2
221 13 -0.92 -441 442 imp:n,p 1 $Wheel 2
222 13 -0.92 -443 444 imp:n,p 1 $Wheel 2
23 13 -0.92 -45 46 imp:n,p 1 $Wheel 3
231 13 -0.92 -461 462 imp:n,p 1 $Wheel 3
232 13 -0.92 -463 464 imp:n,p 1 $Wheel 3
24 13 -0.92 -47 48 imp:n,p 1 $Wheel 4
241 13 -0.92 -481 482 imp:n,p 1 $Wheel 4
242 13 -0.92 -483 484 imp:n,p 1 $Wheel 4
c
c @@@@@@@@@@ SOIL VOLUME @@@@@@@@@@@
c
300000 400000 -2.156 20010 -20011 20020 -20021 20030 -20031 imp:n,p 1
300001 400001 -2.156 20010 -20011 20020 -20021 20031 -20032 imp:n,p 1
300002 400002 -2.156 20010 -20011 20020 -20021 20032 -20033 imp:n,p 1
300003 400003 -2.156 20010 -20011 20020 -20021 20033 -20034 imp:n,p 1
300004 400004 -2.156 20010 -20011 20020 -20021 20034 -20035 imp:n,p 1
300005 400005 -2.156 20011 -20012 20020 -20021 20030 -20031 imp:n,p 1
300006 400006 -2.156 20011 -20012 20020 -20021 20031 -20032 imp:n,p 1
300007 400007 -2.156 20011 -20012 20020 -20021 20032 -20033 imp:n,p 1
300008 400008 -2.156 20011 -20012 20020 -20021 20033 -20034 imp:n,p 1
300009 400009 -2.156 20011 -20012 20020 -20021 20034 -20035 imp:n,p 1
300010 400010 -2.156 20012 -20013 20020 -20021 20030 -20031 imp:n,p 1
300011 400011 -2.156 20012 -20013 20020 -20021 20031 -20032 imp:n,p 1
300012 400012 -2.156 20012 -20013 20020 -20021 20032 -20033 imp:n,p 1
300013 400013 -2.156 20012 -20013 20020 -20021 20033 -20034 imp:n,p 1
300014 400014 -2.156 20012 -20013 20020 -20021 20034 -20035 imp:n,p 1
300015 400015 -2.156 20013 -20014 20020 -20021 20030 -20031 imp:n,p 1
300016 400016 -2.156 20013 -20014 20020 -20021 20031 -20032 imp:n,p 1
300017 400017 -2.156 20013 -20014 20020 -20021 20032 -20033 imp:n,p 1
300018 400018 -2.156 20013 -20014 20020 -20021 20033 -20034 imp:n,p 1
300019 400019 -2.156 20013 -20014 20020 -20021 20034 -20035 imp:n,p 1
300020 400020 -2.156 20014 -20015 20020 -20021 20030 -20031 imp:n,p 1
300021 400021 -2.156 20014 -20015 20020 -20021 20031 -20032 imp:n,p 1
300022 400022 -2.156 20014 -20015 20020 -20021 20032 -20033 imp:n,p 1
300023 400023 -2.156 20014 -20015 20020 -20021 20033 -20034 imp:n,p 1
300024 400024 -2.156 20014 -20015 20020 -20021 20034 -20035 imp:n,p 1
300025 400025 -2.156 20010 -20011 20021 -20022 20030 -20031 imp:n,p 1
300026 400026 -2.156 20010 -20011 20021 -20022 20031 -20032 imp:n,p 1
300027 400027 -2.156 20010 -20011 20021 -20022 20032 -20033 imp:n,p 1
300028 400028 -2.156 20010 -20011 20021 -20022 20033 -20034 imp:n,p 1
300029 400029 -2.156 20010 -20011 20021 -20022 20034 -20035 imp:n,p 1
300030 400030 -2.156 20011 -20012 20021 -20022 20030 -20031 imp:n,p 1
300031 400031 -2.156 20011 -20012 20021 -20022 20031 -20032 imp:n,p 1
300032 400032 -2.156 20011 -20012 20021 -20022 20032 -20033 imp:n,p 1
300033 400033 -2.156 20011 -20012 20021 -20022 20033 -20034 imp:n,p 1
300034 400034 -2.156 20011 -20012 20021 -20022 20034 -20035 imp:n,p 1
300035 400035 -2.156 20012 -20013 20021 -20022 20030 -20031 imp:n,p 1
300036 400036 -2.156 20012 -20013 20021 -20022 20031 -20032 imp:n,p 1
300037 400037 -2.156 20012 -20013 20021 -20022 20032 -20033 imp:n,p 1
300038 400038 -2.156 20012 -20013 20021 -20022 20033 -20034 imp:n,p 1
300039 400039 -2.156 20012 -20013 20021 -20022 20034 -20035 imp:n,p 1
300040 400040 -2.156 20013 -20014 20021 -20022 20030 -20031 imp:n,p 1
300041 400041 -2.156 20013 -20014 20021 -20022 20031 -20032 imp:n,p 1
300042 400042 -2.156 20013 -20014 20021 -20022 20032 -20033 imp:n,p 1
300043 400043 -2.156 20013 -20014 20021 -20022 20033 -20034 imp:n,p 1
300044 400044 -2.156 20013 -20014 20021 -20022 20034 -20035 imp:n,p 1
300045 400045 -2.156 20014 -20015 20021 -20022 20030 -20031 imp:n,p 1
300046 400046 -2.156 20014 -20015 20021 -20022 20031 -20032 imp:n,p 1
300047 400047 -2.156 20014 -20015 20021 -20022 20032 -20033 imp:n,p 1
300048 400048 -2.156 20014 -20015 20021 -20022 20033 -20034 imp:n,p 1
300049 400049 -2.156 20014 -20015 20021 -20022 20034 -20035 imp:n,p 1
300050 400050 -2.156 20010 -20011 20022 -20023 20030 -20031 imp:n,p 1
300051 400051 -2.156 20010 -20011 20022 -20023 20031 -20032 imp:n,p 1
300052 400052 -2.156 20010 -20011 20022 -20023 20032 -20033 imp:n,p 1
300053 400053 -2.156 20010 -20011 20022 -20023 20033 -20034 imp:n,p 1
300054 400054 -2.156 20010 -20011 20022 -20023 20034 -20035 imp:n,p 1
300055 400055 -2.156 20011 -20012 20022 -20023 20030 -20031 imp:n,p 1
300056 400056 -2.156 20011 -20012 20022 -20023 20031 -20032 imp:n,p 1
300057 400057 -2.156 20011 -20012 20022 -20023 20032 -20033 imp:n,p 1
300058 400058 -2.156 20011 -20012 20022 -20023 20033 -20034 imp:n,p 1
300059 400059 -2.156 20011 -20012 20022 -20023 20034 -20035 imp:n,p 1
300060 400060 -2.156 20012 -20013 20022 -20023 20030 -20031 imp:n,p 1
300061 400061 -2.156 20012 -20013 20022 -20023 20031 -20032 imp:n,p 1
300062 400062 -2.156 20012 -20013 20022 -20023 20032 -20033 imp:n,p 1
300063 400063 -2.156 20012 -20013 20022 -20023 20033 -20034 imp:n,p 1
300064 400064 -2.156 20012 -20013 20022 -20023 20034 -20035 imp:n,p 1
300065 400065 -2.156 20013 -20014 20022 -20023 20030 -20031 imp:n,p 1
300066 400066 -2.156 20013 -20014 20022 -20023 20031 -20032 imp:n,p 1
300067 400067 -2.156 20013 -20014 20022 -20023 20032 -20033 imp:n,p 1
300068 400068 -2.156 20013 -20014 20022 -20023 20033 -20034 imp:n,p 1
300069 400069 -2.156 20013 -20014 20022 -20023 20034 -20035 imp:n,p 1
300070 400070 -2.156 20014 -20015 20022 -20023 20030 -20031 imp:n,p 1
300071 400071 -2.156 20014 -20015 20022 -20023 20031 -20032 imp:n,p 1
300072 400072 -2.156 20014 -20015 20022 -20023 20032 -20033 imp:n,p 1
300073 400073 -2.156 20014 -20015 20022 -20023 20033 -20034 imp:n,p 1
300074 400074 -2.156 20014 -20015 20022 -20023 20034 -20035 imp:n,p 1
300075 400075 -2.156 20010 -20011 20023 -20024 20030 -20031 imp:n,p 1
300076 400076 -2.156 20010 -20011 20023 -20024 20031 -20032 imp:n,p 1
300077 400077 -2.156 20010 -20011 20023 -20024 20032 -20033 imp:n,p 1
300078 400078 -2.156 20010 -20011 20023 -20024 20033 -20034 imp:n,p 1
300079 400079 -2.156 20010 -20011 20023 -20024 20034 -20035 imp:n,p 1
300080 400080 -2.156 20011 -20012 20023 -20024 20030 -20031 imp:n,p 1
300081 400081 -2.156 20011 -20012 20023 -20024 20031 -20032 imp:n,p 1
300082 400082 -2.156 20011 -20012 20023 -20024 20032 -20033 imp:n,p 1
300083 400083 -2.156 20011 -20012 20023 -20024 20033 -20034 imp:n,p 1
300084 400084 -2.156 20011 -20012 20023 -20024 20034 -20035 imp:n,p 1
300085 400085 -2.156 20012 -20013 20023 -20024 20030 -20031 imp:n,p 1
300086 400086 -2.156 20012 -20013 20023 -20024 20031 -20032 imp:n,p 1
300087 400087 -2.156 20012 -20013 20023 -20024 20032 -20033 imp:n,p 1
300088 400088 -2.156 20012 -20013 20023 -20024 20033 -20034 imp:n,p 1
300089 400089 -2.156 20012 -20013 20023 -20024 20034 -20035 imp:n,p 1
300090 400090 -2.156 20013 -20014 20023 -20024 20030 -20031 imp:n,p 1
300091 400091 -2.156 20013 -20014 20023 -20024 20031 -20032 imp:n,p 1
300092 400092 -2.156 20013 -20014 20023 -20024 20032 -20033 imp:n,p 1
300093 400093 -2.156 20013 -20014 20023 -20024 20033 -20034 imp:n,p 1
300094 400094 -2.156 20013 -20014 20023 -20024 20034 -20035 imp:n,p 1
300095 400095 -2.156 20014 -20015 20023 -20024 20030 -20031 imp:n,p 1
300096 400096 -2.156 20014 -20015 20023 -20024 20031 -20032 imp:n,p 1
300097 400097 -2.156 20014 -20015 20023 -20024 20032 -20033 imp:n,p 1
300098 400098 -2.156 20014 -20015 20023 -20024 20033 -20034 imp:n,p 1
300099 400099 -2.156 20014 -20015 20023 -20024 20034 -20035 imp:n,p 1
300100 400100 -2.156 20010 -20011 20024 -20025 20030 -20031 imp:n,p 1
300101 400101 -2.156 20010 -20011 20024 -20025 20031 -20032 imp:n,p 1
300102 400102 -2.156 20010 -20011 20024 -20025 20032 -20033 imp:n,p 1
300103 400103 -2.156 20010 -20011 20024 -20025 20033 -20034 imp:n,p 1
300104 400104 -2.156 20010 -20011 20024 -20025 20034 -20035 imp:n,p 1
300105 400105 -2.156 20011 -20012 20024 -20025 20030 -20031 imp:n,p 1
300106 400106 -2.156 20011 -20012 20024 -20025 20031 -20032 imp:n,p 1
300107 400107 -2.156 20011 -20012 20024 -20025 20032 -20033 imp:n,p 1
300108 400108 -2.156 20011 -20012 20024 -20025 20033 -20034 imp:n,p 1
300109 400109 -2.156 20011 -20012 20024 -20025 20034 -20035 imp:n,p 1
300110 400110 -2.156 20012 -20013 20024 -20025 20030 -20031 imp:n,p 1
300111 400111 -2.156 20012 -20013 20024 -20025 20031 -20032 imp:n,p 1
300112 400112 -2.156 20012 -20013 20024 -20025 20032 -20033 imp:n,p 1
300113 400113 -2.156 20012 -20013 20024 -20025 20033 -20034 imp:n,p 1
300114 400114 -2.156 20012 -20013 20024 -20025 20034 -20035 imp:n,p 1
300115 400115 -2.156 20013 -20014 20024 -20025 20030 -20031 imp:n,p 1
300116 400116 -2.156 20013 -20014 20024 -20025 20031 -20032 imp:n,p 1
300117 400117 -2.156 20013 -20014 20024 -20025 20032 -20033 imp:n,p 1
300118 400118 -2.156 20013 -20014 20024 -20025 20033 -20034 imp:n,p 1
300119 400119 -2.156 20013 -20014 20024 -20025 20034 -20035 imp:n,p 1
300120 400120 -2.156 20014 -20015 20024 -20025 20030 -20031 imp:n,p 1
300121 400121 -2.156 20014 -20015 20024 -20025 20031 -20032 imp:n,p 1
300122 400122 -2.156 20014 -20015 20024 -20025 20032 -20033 imp:n,p 1
300123 400123 -2.156 20014 -20015 20024 -20025 20033 -20034 imp:n,p 1
300124 400124 -2.156 20014 -20015 20024 -20025 20034 -20035 imp:n,p 1
c
30 12 -0.00129 -200 #101 #121 #122 #123 #124 #125 #126 #127 #128 #129 #130 #131 #132 #133
        #21 #211 #212 #22 #221 #222 #23 #231 #232 #24 #241 #242 #20 imp:n,p 1 $Rest of the World
31 0 200 imp:n,p 0 $Outside world

c SURFACE CARDS
c
c Sample Volume
20010 px -56.0
20011 px -33.600000000000364
20012 px -11.200000000000728
20013 px 11.200000000000728
20014 px 33.600000000000364
20015 px 56.0
20020 py -45.0
20021 py -27.0
20022 py -9.0
20023 py 9.0
20024 py 27.0
20025 py 45.0
20030 pz 92.0
20031 pz 82.0
20032 pz 72.0
20033 pz 62.0
20034 pz 52.0
20035 pz 42.0
c Active Detector Region
21 rcc 56  -5.0 -1.0   0.0 20.3 0.0   4.5 $Detector 1 Base center, Hx,Hy,Hz, radius
c Shielding Surfaces
c Shielding Pb
31 rpp 19 29 -7.5 7.5 -11 9 $PbPE xmin xmax ymin ymax zmin zmax
32 rpp 9 19 4 9 -11 9 $Pb xmin xmax ymin ymax zmin zmax
33 rpp 9 19 -9 -4 -11 9 $Pb xmin xmax ymin ymax zmin zmax
34 rpp 19 29 7.5 12.5 -11 9 $Pb xmin xmax ymin ymax zmin zmax
35 rpp 19 29 -12.5 -7.5 -11 9 $Pb xmin xmax ymin ymax zmin zmax
36 rpp 29 34 -15 15 -11 9 $Pb xmin xmax ymin ymax zmin zmax
37 rpp 9 19 -4 4 4 9 $Pb xmin xmax ymin ymax zmin zmax
38 rpp -26 26 18 28 -11 9 $BA1 xmin xmax ymin ymax zmin zmax
39 rpp -26 26 -28 -18 -11 9 $BA2 xmin xmax ymin ymax zmin zmax
40 rpp -65 65 -28 28 10 10.5 $Al xmin xmax ymin ymax zmin zmax
401 rpp -27 27 29 34 -11 9 $Fe xmin xmax ymin ymax zmin zmax
402 rpp -27 27 -34 -29 -11 9 $Fe xmin xmax ymin ymax zmin zmax
301 px -20
302 px 18
303 cx 3.71
304 cx 3.81
c Wheels Surfaces
c 23/10.5-12 turf tires, 22.6 lb rubber
c diameter 29cm, tread width 25cm, and sidewall height 13.76 cm
c set thickness of all sides 1.3 cm (s.t. weight is 22.6 lb)
41 rcc -2 77 8   0.0 25 0.0 29 $wheel 1 outer tread surface
42 rcc -2 77 8   0.0 25 0.0 27.7 $wheel 1 inner tread surface
421 rcc -2 75.7 8   0.0 1.3 0.0 29 $wheel 1 outside sidewall exterior
422 rcc -2 75.7 8   0.0 1.3 0.0 15.24 $wheel 1 outside sidewall interior
423 rcc -2 102 8   0.0 1.3 0.0 29 $wheel 1 inside sidewall exterior
424 rcc -2 102 8   0.0 1.3 0.0 15.24 $wheel 1 inside sidewall interior
43 rcc 68 77 8   0.0 25 0.0 29 $wheel 2
44 rcc 68 77 8   0.0 25 0.0 27.7
441 rcc 68 75.7 8   0.0 1.3 0.0 29
442 rcc 68 75.7 8   0.0 1.3 0.0 15.24
443 rcc 68 102 8   0.0 1.3 0.0 29
444 rcc 68 102 8   0.0 1.3 0.0 15.24
45 rcc -2 -77 8   0.0 -25 0.0 29 $wheel 3
46 rcc -2 -77 8   0.0 -25 0.0 27.7
461 rcc -2 -75.7 8   0.0 -1.3 0.0 29
462 rcc -2 -75.7 8   0.0 -1.3 0.0 15.24
463 rcc -2 -102 8   0.0 -1.3 0.0 29
464 rcc -2 -102 8   0.0 -1.3 0.0 15.24
47 rcc 68 -77 8   0.0 -25 0.0 29 $wheel 4
48 rcc 68 -77 8   0.0 -25 0.0 27.7
481 rcc 68 -75.7 8   0.0 -1.3 0.0 29
482 rcc 68 -75.7 8   0.0 -1.3 0.0 15.24
483 rcc 68 -102 8   0.0 -1.3 0.0 29
484 rcc 68 -102 8   0.0 -1.3 0.0 15.24
200 so 800    $sphere of 800cm centered at origin
c

c DATA CARDS
mode n p
c dump every hr
prdmp -60 -60 -1
c 100 keV Neutron Energy Cutoff
Cut:n 1j 0.1
c analog neutron transport
phys:n 1j 14
phys:p
sdef pos=0 0 0 erg=14.0 vec= 0 0 1 dir=d1
si1  -1 .93 1
sp1   0  0.0  1.0
c ********************
c begin material cards
c ********************
c Pure Carbon
c ****************************************
m400000 6000 -0.00461923561197173 7000 -0.00461923561197173 14000 -0.9907615287760564 
m400001 6000 -0.003651975813935663 7000 -0.003651975813935663 14000 -0.9926960483721287 
m400002 6000 -0.004235861627841523 7000 -0.004235861627841523 14000 -0.9915282767443171 
m400003 6000 -0.006330297243472708 7000 -0.006330297243472708 14000 -0.9873394055130543 
m400004 6000 -0.009350297555690962 7000 -0.009350297555690962 14000 -0.9812994048886182 
m400005 6000 -0.004447394546432974 7000 -0.004447394546432974 14000 -0.9911052109071341 
m400006 6000 -0.0035713835157996695 7000 -0.0035713835157996695 14000 -0.9928572329684008 
m400007 6000 -0.004152322171856256 7000 -0.004152322171856256 14000 -0.991695355656288 
m400008 6000 -0.005898701805758277 7000 -0.005898701805758277 14000 -0.9882025963884833 
m400009 6000 -0.009760134613568394 7000 -0.009760134613568394 14000 -0.9804797307728631 
m400010 6000 -0.004356514876012448 7000 -0.004356514876012448 14000 -0.9912869702479751 
m400011 6000 -0.003578909851679699 7000 -0.003578909851679699 14000 -0.9928421802966406 
m400012 6000 -0.004263333876362868 7000 -0.004263333876362868 14000 -0.9914733322472742 
m400013 6000 -0.006396563492397299 7000 -0.006396563492397299 14000 -0.9872068730152056 
m400014 6000 -0.008875798573233935 7000 -0.008875798573233935 14000 -0.9822484028535322 
m400015 6000 -0.004565481783757939 7000 -0.004565481783757939 14000 -0.990869036432484 
m400016 6000 -0.003531340512416572 7000 -0.003531340512416572 14000 -0.9929373189751665 
m400017 6000 -0.004146767617391234 7000 -0.004146767617391234 14000 -0.9917064647652173 
m400018 6000 -0.0059158606960944705 7000 -0.0059158606960944705 14000 -0.9881682786078113 
m400019 6000 -0.008806854107259095 7000 -0.008806854107259095 14000 -0.9823862917854818 
m400020 6000 -0.00448400475906986 7000 -0.00448400475906986 14000 -0.9910319904818604 
m400021 6000 -0.003543652878443198 7000 -0.003543652878443198 14000 -0.9929126942431138 
m400022 6000 -0.004315124449154117 7000 -0.004315124449154117 14000 -0.9913697511016918 
m400023 6000 -0.005921025529375675 7000 -0.005921025529375675 14000 -0.9881579489412488 
m400024 6000 -0.009278794286046837 7000 -0.009278794286046837 14000 -0.9814424114279064 
m400025 6000 -0.004498388174969725 7000 -0.004498388174969725 14000 -0.9910032236500605 
m400026 6000 -0.0036233309339170176 7000 -0.0036233309339170176 14000 -0.9927533381321662 
m400027 6000 -0.0040828662779265855 7000 -0.0040828662779265855 14000 -0.9918342674441467 
m400028 6000 -0.005755331276312074 7000 -0.005755331276312074 14000 -0.9884893374473753 
m400029 6000 -0.009952052483266303 7000 -0.009952052483266303 14000 -0.9800958950334676 
m400030 6000 -0.004505123449125944 7000 -0.004505123449125944 14000 -0.9909897531017484 
m400031 6000 -0.0035744537709573284 7000 -0.0035744537709573284 14000 -0.9928510924580852 
m400032 6000 -0.003927233990848813 7000 -0.003927233990848813 14000 -0.9921455320183018 
m400033 6000 -0.0059264787510052205 7000 -0.0059264787510052205 14000 -0.9881470424979899 
m400034 6000 -0.009686027924124528 7000 -0.009686027924124528 14000 -0.9806279441517511 
m400035 6000 -0.004414316335521601 7000 -0.004414316335521601 14000 -0.9911713673289568 
m400036 6000 -0.0036292863301115035 7000 -0.0036292863301115035 14000 -0.992741427339777 
m400037 6000 -0.004171843636484357 7000 -0.004171843636484357 14000 -0.9916563127270314 
m400038 6000 -0.006455181258195789 7000 -0.006455181258195789 14000 -0.9870896374836086 
m400039 6000 -0.009537305502726698 7000 -0.009537305502726698 14000 -0.9809253889945466 
m400040 6000 -0.00460479230159678 7000 -0.00460479230159678 14000 -0.9907904153968068 
m400041 6000 -0.0036056724864200647 7000 -0.0036056724864200647 14000 -0.9927886550271598 
m400042 6000 -0.004195011685072981 7000 -0.004195011685072981 14000 -0.9916099766298536 
m400043 6000 -0.00613894131254949 7000 -0.00613894131254949 14000 -0.9877221173749012 
m400044 6000 -0.009549395619258333 7000 -0.009549395619258333 14000 -0.980901208761483 
m400045 6000 -0.004424808029068104 7000 -0.004424808029068104 14000 -0.9911503839418638 
m400046 6000 -0.003599480076546731 7000 -0.003599480076546731 14000 -0.9928010398469064 
m400047 6000 -0.00433017745679572 7000 -0.00433017745679572 14000 -0.9913396450864081 
m400048 6000 -0.005679613636678026 7000 -0.005679613636678026 14000 -0.9886407727266437 
m400049 6000 -0.009199250960044768 7000 -0.009199250960044768 14000 -0.9816014980799105 
m400050 6000 -0.004423888526246283 7000 -0.004423888526246283 14000 -0.991152222947507 
m400051 6000 -0.003609074879373546 7000 -0.003609074879373546 14000 -0.9927818502412527 
m400052 6000 -0.004329161681007746 7000 -0.004329161681007746 14000 -0.9913416766379846 
m400053 6000 -0.006161783820401135 7000 -0.006161783820401135 14000 -0.9876764323591982 
m400054 6000 -0.009434393243206891 7000 -0.009434393243206891 14000 -0.9811312135135863 
m400055 6000 -0.0044807115905259685 7000 -0.0044807115905259685 14000 -0.9910385768189479 
m400056 6000 -0.0036559118808017115 7000 -0.0036559118808017115 14000 -0.9926881762383966 
m400057 6000 -0.004341684086978806 7000 -0.004341684086978806 14000 -0.9913166318260427 
m400058 6000 -0.005831261573839234 7000 -0.005831261573839234 14000 -0.9883374768523215 
m400059 6000 -0.009493532760130794 7000 -0.009493532760130794 14000 -0.9810129344797381 
m400060 6000 -0.004667030757403229 7000 -0.004667030757403229 14000 -0.9906659384851936 
m400061 6000 -0.0036335271347048914 7000 -0.0036335271347048914 14000 -0.9927329457305902 
m400062 6000 -0.0041715751921836755 7000 -0.0041715751921836755 14000 -0.9916568496156328 
m400063 6000 -0.006258110787867874 7000 -0.006258110787867874 14000 -0.987483778424264 
m400064 6000 -0.009368080648220619 7000 -0.009368080648220619 14000 -0.9812638387035588 
m400065 6000 -0.004433580122022521 7000 -0.004433580122022521 14000 -0.9911328397559547 
m400066 6000 -0.00361092402140734 7000 -0.00361092402140734 14000 -0.9927781519571854 
m400067 6000 -0.004400063050850795 7000 -0.004400063050850795 14000 -0.9911998738982983 
m400068 6000 -0.005994171398234906 7000 -0.005994171398234906 14000 -0.9880116572035298 
m400069 6000 -0.010039135992830031 7000 -0.010039135992830031 14000 -0.97992172801434 
m400070 6000 -0.004348854099201618 7000 -0.004348854099201618 14000 -0.9913022918015968 
m400071 6000 -0.0035990896792059946 7000 -0.0035990896792059946 14000 -0.9928018206415881 
m400072 6000 -0.004087338470023984 7000 -0.004087338470023984 14000 -0.9918253230599522 
m400073 6000 -0.006277668337364439 7000 -0.006277668337364439 14000 -0.9874446633252713 
m400074 6000 -0.009623047287013084 7000 -0.009623047287013084 14000 -0.9807539054259741 
m400075 6000 -0.004436415587500632 7000 -0.004436415587500632 14000 -0.9911271688249986 
m400076 6000 -0.0035995133304242617 7000 -0.0035995133304242617 14000 -0.9928009733391515 
m400077 6000 -0.004040660640307311 7000 -0.004040660640307311 14000 -0.9919186787193855 
m400078 6000 -0.006153359377716613 7000 -0.006153359377716613 14000 -0.9876932812445668 
m400079 6000 -0.010229052455011151 7000 -0.010229052455011151 14000 -0.9795418950899779 
m400080 6000 -0.004807855906457529 7000 -0.004807855906457529 14000 -0.990384288187085 
m400081 6000 -0.003561486571838891 7000 -0.003561486571838891 14000 -0.9928770268563225 
m400082 6000 -0.004395203275279359 7000 -0.004395203275279359 14000 -0.9912095934494417 
m400083 6000 -0.00630659356870251 7000 -0.00630659356870251 14000 -0.9873868128625948 
m400084 6000 -0.009628647704781404 7000 -0.009628647704781404 14000 -0.9807427045904374 
m400085 6000 -0.004415711510405591 7000 -0.004415711510405591 14000 -0.9911685769791886 
m400086 6000 -0.003614380186267971 7000 -0.003614380186267971 14000 -0.9927712396274637 
m400087 6000 -0.0040785095346502894 7000 -0.0040785095346502894 14000 -0.9918429809306996 
m400088 6000 -0.006599528296426045 7000 -0.006599528296426045 14000 -0.9868009434071481 
m400089 6000 -0.009524336658553036 7000 -0.009524336658553036 14000 -0.9809513266828938 
m400090 6000 -0.004430426014519136 7000 -0.004430426014519136 14000 -0.9911391479709618 
m400091 6000 -0.0036604469548112153 7000 -0.0036604469548112153 14000 -0.992679106090378 
m400092 6000 -0.004080572694512795 7000 -0.004080572694512795 14000 -0.9918388546109742 
m400093 6000 -0.00646235337295495 7000 -0.00646235337295495 14000 -0.9870752932540904 
m400094 6000 -0.008986410159012755 7000 -0.008986410159012755 14000 -0.982027179681975 
m400095 6000 -0.004362410039095188 7000 -0.004362410039095188 14000 -0.9912751799218098 
m400096 6000 -0.003633753685925459 7000 -0.003633753685925459 14000 -0.9927324926281491 
m400097 6000 -0.004183675004473982 7000 -0.004183675004473982 14000 -0.9916326499910519 
m400098 6000 -0.006196140956206464 7000 -0.006196140956206464 14000 -0.9876077180875872 
m400099 6000 -0.009064704086594131 7000 -0.009064704086594131 14000 -0.9818705918268117 
m400100 6000 -0.004288775271088308 7000 -0.004288775271088308 14000 -0.9914224494578234 
m400101 6000 -0.0036164972945128488 7000 -0.0036164972945128488 14000 -0.9927670054109744 
m400102 6000 -0.004303945236025613 7000 -0.004303945236025613 14000 -0.9913921095279487 
m400103 6000 -0.006191835513449834 7000 -0.006191835513449834 14000 -0.9876163289731004 
m400104 6000 -0.009708330808585283 7000 -0.009708330808585283 14000 -0.9805833383828296 
m400105 6000 -0.004298716458285547 7000 -0.004298716458285547 14000 -0.991402567083429 
m400106 6000 -0.00361947341549133 7000 -0.00361947341549133 14000 -0.9927610531690175 
m400107 6000 -0.004365014346392431 7000 -0.004365014346392431 14000 -0.9912699713072151 
m400108 6000 -0.0060533482664231406 7000 -0.0060533482664231406 14000 -0.9878933034671538 
m400109 6000 -0.009244749659333683 7000 -0.009244749659333683 14000 -0.9815105006813323 
m400110 6000 -0.004384862321351329 7000 -0.004384862321351329 14000 -0.9912302753572972 
m400111 6000 -0.0036406984770325566 7000 -0.0036406984770325566 14000 -0.9927186030459347 
m400112 6000 -0.004359834785798175 7000 -0.004359834785798175 14000 -0.9912803304284039 
m400113 6000 -0.005899486246675684 7000 -0.005899486246675684 14000 -0.9882010275066484 
m400114 6000 -0.01008640655902431 7000 -0.01008640655902431 14000 -0.9798271868819518 
m400115 6000 -0.004395932104068032 7000 -0.004395932104068032 14000 -0.9912081357918638 
m400116 6000 -0.0035597207077164533 7000 -0.0035597207077164533 14000 -0.992880558584567 
m400117 6000 -0.004087039918962235 7000 -0.004087039918962235 14000 -0.9918259201620755 
m400118 6000 -0.006247126900020101 7000 -0.006247126900020101 14000 -0.9875057461999599 
m400119 6000 -0.009620052249966789 7000 -0.009620052249966789 14000 -0.9807598955000665 
m400120 6000 -0.004568649140926082 7000 -0.004568649140926082 14000 -0.9908627017181482 
m400121 6000 -0.003617326681389152 7000 -0.003617326681389152 14000 -0.992765346637222 
m400122 6000 -0.004213432513894725 7000 -0.004213432513894725 14000 -0.9915731349722106 
m400123 6000 -0.0066631083829215235 7000 -0.0066631083829215235 14000 -0.986673783234157 
m400124 6000 -0.009851141785049896 7000 -0.009851141785049896 14000 -0.9802977164299003 
c **********************************
c PE+Pb, dens=4.78 g/cm3
m2      6000    -0.04286 $Carbon
        1001    -0.00714 $Hydrogen
        82000   -0.95000 $Lead
c **********************************
m3    1001 -0.048535 $Boric acid
      5010 -0.034981
      5011 -0.139923
      8016 -0.776561
c **********************************
m4    82000 1 $Lead
c **********************************
m5 26000 1 $Iron
c **********************************
m6     13027   -1.000 $ Aluminum
c **********************************
c  SS-304 (8.00 g/cm3), #298 in PNNL Compendium
m7   006000.50c -0.0004000
     014000.60c -0.0050000
     015031.50c -0.0002300
     016000.60c -0.0001500
     024000.50c -0.1899981
     025055.60c -0.0099999
     026000.50c -0.7017229
     028000.50c -0.0924991
c ****************************************
c       LaBr detector
c ****************************************
m8       35079    -0.2946       $ Br79
         35081    -0.3069       $ Br81
         57139    -0.3485       $ La139
         58140    -0.0500       $ Ce140
c ************ air den=1.15e-3g/cc
m12     8016 -0.23
        7014 -0.77
c ************ Rubber Natural den=0.92 g/cc
m13     1001 -0.118371  $weight fraction
        6000 -0.881629
c
c end material cards
c
rand seed=8674536546524321 $different initial random #; seed# - any less 18 digits
c
c ********** begin tallies *********************
fc78 *********Broadened Pulse Height Tally Sum of Detectors 1,2 & 3 ***********
e78 0 1e-5 932i 8.4295
F78:p (101)
FT78 GEB -0.026198 0.059551 -0.037176
fc18 *********Unbroadened Pulse Height Tally Sum of Detectors 1,2 & 3 ***********
e18 0 1e-5 932i 8.4295
F18:p (101)
c ***********************************
c mplot tal 78 freq 10000
nps 1e9
