c CAS DETECTOR
c w/ Shielding in Place and Wheels
c
c CELL CARDS
c
c @@@@@@@@@@ Detectors @@@@@@@@@@@@@@@@@
c
101 8 -5.08 -21 imp:n,p 1 $LaBr Detector #1 Active Region
c
c @@@@@@@@@ Shielding @@@@@@@@@@@@@@@@@
c
121 2 -4.78 -31 imp:n,p 1 $PE_Pb
122 4 -11.29 -32 imp:n,p 1 $Pb1
123 4 -11.29 -33 imp:n,p 1 $Pb2
124 4 -11.29 -34 imp:n,p 1 $Pb3
125 4 -11.29 -35 imp:n,p 1 $Pb4
126 4 -11.29 -36 imp:n,p 1 $Pb5
127 4 -11.29 -37 imp:n,p 1 $Pb6
128 3 -1.5 -38 imp:n,p 1 $BA1
129 3 -1.5 -39 imp:n,p 1 $BA2
130 6 -2.7 -40 imp:n,p 1 $Al
131 7 -7.92 301 -302 303 -304 imp:n,p 1 $Fe-tube
132 5 -7.8 -401 imp:n,p 1 $Fe
133 5 -7.8 -402 imp:n,p 1 $Fe
c @@@@@@@@@@ Wheels @@@@@@@@@@@@@@@@@
c
21 13 -0.92 -41 42 imp:n,p 1 $Wheel 1
211 13 -0.92 -421 422 imp:n,p 1 $Wheel 1
212 13 -0.92 -423 424 imp:n,p 1 $Wheel 1
22 13 -0.92 -43 44 imp:n,p 1 $Wheel 2
221 13 -0.92 -441 442 imp:n,p 1 $Wheel 2
222 13 -0.92 -443 444 imp:n,p 1 $Wheel 2
23 13 -0.92 -45 46 imp:n,p 1 $Wheel 3
231 13 -0.92 -461 462 imp:n,p 1 $Wheel 3
232 13 -0.92 -463 464 imp:n,p 1 $Wheel 3
24 13 -0.92 -47 48 imp:n,p 1 $Wheel 4
241 13 -0.92 -481 482 imp:n,p 1 $Wheel 4
242 13 -0.92 -483 484 imp:n,p 1 $Wheel 4
c
c @@@@@@@@@@ SOIL VOLUME @@@@@@@@@@@
c
300000 400000 -2.156 20010 -20011 20020 -20021 20030 -20031 imp:n,p 1
300001 400001 -2.156 20010 -20011 20020 -20021 20031 -20032 imp:n,p 1
300002 400002 -2.156 20010 -20011 20020 -20021 20032 -20033 imp:n,p 1
300003 400003 -2.156 20010 -20011 20020 -20021 20033 -20034 imp:n,p 1
300004 400004 -2.156 20010 -20011 20020 -20021 20034 -20035 imp:n,p 1
300005 400005 -2.156 20011 -20012 20020 -20021 20030 -20031 imp:n,p 1
300006 400006 -2.156 20011 -20012 20020 -20021 20031 -20032 imp:n,p 1
300007 400007 -2.156 20011 -20012 20020 -20021 20032 -20033 imp:n,p 1
300008 400008 -2.156 20011 -20012 20020 -20021 20033 -20034 imp:n,p 1
300009 400009 -2.156 20011 -20012 20020 -20021 20034 -20035 imp:n,p 1
300010 400010 -2.156 20012 -20013 20020 -20021 20030 -20031 imp:n,p 1
300011 400011 -2.156 20012 -20013 20020 -20021 20031 -20032 imp:n,p 1
300012 400012 -2.156 20012 -20013 20020 -20021 20032 -20033 imp:n,p 1
300013 400013 -2.156 20012 -20013 20020 -20021 20033 -20034 imp:n,p 1
300014 400014 -2.156 20012 -20013 20020 -20021 20034 -20035 imp:n,p 1
300015 400015 -2.156 20013 -20014 20020 -20021 20030 -20031 imp:n,p 1
300016 400016 -2.156 20013 -20014 20020 -20021 20031 -20032 imp:n,p 1
300017 400017 -2.156 20013 -20014 20020 -20021 20032 -20033 imp:n,p 1
300018 400018 -2.156 20013 -20014 20020 -20021 20033 -20034 imp:n,p 1
300019 400019 -2.156 20013 -20014 20020 -20021 20034 -20035 imp:n,p 1
300020 400020 -2.156 20014 -20015 20020 -20021 20030 -20031 imp:n,p 1
300021 400021 -2.156 20014 -20015 20020 -20021 20031 -20032 imp:n,p 1
300022 400022 -2.156 20014 -20015 20020 -20021 20032 -20033 imp:n,p 1
300023 400023 -2.156 20014 -20015 20020 -20021 20033 -20034 imp:n,p 1
300024 400024 -2.156 20014 -20015 20020 -20021 20034 -20035 imp:n,p 1
300025 400025 -2.156 20010 -20011 20021 -20022 20030 -20031 imp:n,p 1
300026 400026 -2.156 20010 -20011 20021 -20022 20031 -20032 imp:n,p 1
300027 400027 -2.156 20010 -20011 20021 -20022 20032 -20033 imp:n,p 1
300028 400028 -2.156 20010 -20011 20021 -20022 20033 -20034 imp:n,p 1
300029 400029 -2.156 20010 -20011 20021 -20022 20034 -20035 imp:n,p 1
300030 400030 -2.156 20011 -20012 20021 -20022 20030 -20031 imp:n,p 1
300031 400031 -2.156 20011 -20012 20021 -20022 20031 -20032 imp:n,p 1
300032 400032 -2.156 20011 -20012 20021 -20022 20032 -20033 imp:n,p 1
300033 400033 -2.156 20011 -20012 20021 -20022 20033 -20034 imp:n,p 1
300034 400034 -2.156 20011 -20012 20021 -20022 20034 -20035 imp:n,p 1
300035 400035 -2.156 20012 -20013 20021 -20022 20030 -20031 imp:n,p 1
300036 400036 -2.156 20012 -20013 20021 -20022 20031 -20032 imp:n,p 1
300037 400037 -2.156 20012 -20013 20021 -20022 20032 -20033 imp:n,p 1
300038 400038 -2.156 20012 -20013 20021 -20022 20033 -20034 imp:n,p 1
300039 400039 -2.156 20012 -20013 20021 -20022 20034 -20035 imp:n,p 1
300040 400040 -2.156 20013 -20014 20021 -20022 20030 -20031 imp:n,p 1
300041 400041 -2.156 20013 -20014 20021 -20022 20031 -20032 imp:n,p 1
300042 400042 -2.156 20013 -20014 20021 -20022 20032 -20033 imp:n,p 1
300043 400043 -2.156 20013 -20014 20021 -20022 20033 -20034 imp:n,p 1
300044 400044 -2.156 20013 -20014 20021 -20022 20034 -20035 imp:n,p 1
300045 400045 -2.156 20014 -20015 20021 -20022 20030 -20031 imp:n,p 1
300046 400046 -2.156 20014 -20015 20021 -20022 20031 -20032 imp:n,p 1
300047 400047 -2.156 20014 -20015 20021 -20022 20032 -20033 imp:n,p 1
300048 400048 -2.156 20014 -20015 20021 -20022 20033 -20034 imp:n,p 1
300049 400049 -2.156 20014 -20015 20021 -20022 20034 -20035 imp:n,p 1
300050 400050 -2.156 20010 -20011 20022 -20023 20030 -20031 imp:n,p 1
300051 400051 -2.156 20010 -20011 20022 -20023 20031 -20032 imp:n,p 1
300052 400052 -2.156 20010 -20011 20022 -20023 20032 -20033 imp:n,p 1
300053 400053 -2.156 20010 -20011 20022 -20023 20033 -20034 imp:n,p 1
300054 400054 -2.156 20010 -20011 20022 -20023 20034 -20035 imp:n,p 1
300055 400055 -2.156 20011 -20012 20022 -20023 20030 -20031 imp:n,p 1
300056 400056 -2.156 20011 -20012 20022 -20023 20031 -20032 imp:n,p 1
300057 400057 -2.156 20011 -20012 20022 -20023 20032 -20033 imp:n,p 1
300058 400058 -2.156 20011 -20012 20022 -20023 20033 -20034 imp:n,p 1
300059 400059 -2.156 20011 -20012 20022 -20023 20034 -20035 imp:n,p 1
300060 400060 -2.156 20012 -20013 20022 -20023 20030 -20031 imp:n,p 1
300061 400061 -2.156 20012 -20013 20022 -20023 20031 -20032 imp:n,p 1
300062 400062 -2.156 20012 -20013 20022 -20023 20032 -20033 imp:n,p 1
300063 400063 -2.156 20012 -20013 20022 -20023 20033 -20034 imp:n,p 1
300064 400064 -2.156 20012 -20013 20022 -20023 20034 -20035 imp:n,p 1
300065 400065 -2.156 20013 -20014 20022 -20023 20030 -20031 imp:n,p 1
300066 400066 -2.156 20013 -20014 20022 -20023 20031 -20032 imp:n,p 1
300067 400067 -2.156 20013 -20014 20022 -20023 20032 -20033 imp:n,p 1
300068 400068 -2.156 20013 -20014 20022 -20023 20033 -20034 imp:n,p 1
300069 400069 -2.156 20013 -20014 20022 -20023 20034 -20035 imp:n,p 1
300070 400070 -2.156 20014 -20015 20022 -20023 20030 -20031 imp:n,p 1
300071 400071 -2.156 20014 -20015 20022 -20023 20031 -20032 imp:n,p 1
300072 400072 -2.156 20014 -20015 20022 -20023 20032 -20033 imp:n,p 1
300073 400073 -2.156 20014 -20015 20022 -20023 20033 -20034 imp:n,p 1
300074 400074 -2.156 20014 -20015 20022 -20023 20034 -20035 imp:n,p 1
300075 400075 -2.156 20010 -20011 20023 -20024 20030 -20031 imp:n,p 1
300076 400076 -2.156 20010 -20011 20023 -20024 20031 -20032 imp:n,p 1
300077 400077 -2.156 20010 -20011 20023 -20024 20032 -20033 imp:n,p 1
300078 400078 -2.156 20010 -20011 20023 -20024 20033 -20034 imp:n,p 1
300079 400079 -2.156 20010 -20011 20023 -20024 20034 -20035 imp:n,p 1
300080 400080 -2.156 20011 -20012 20023 -20024 20030 -20031 imp:n,p 1
300081 400081 -2.156 20011 -20012 20023 -20024 20031 -20032 imp:n,p 1
300082 400082 -2.156 20011 -20012 20023 -20024 20032 -20033 imp:n,p 1
300083 400083 -2.156 20011 -20012 20023 -20024 20033 -20034 imp:n,p 1
300084 400084 -2.156 20011 -20012 20023 -20024 20034 -20035 imp:n,p 1
300085 400085 -2.156 20012 -20013 20023 -20024 20030 -20031 imp:n,p 1
300086 400086 -2.156 20012 -20013 20023 -20024 20031 -20032 imp:n,p 1
300087 400087 -2.156 20012 -20013 20023 -20024 20032 -20033 imp:n,p 1
300088 400088 -2.156 20012 -20013 20023 -20024 20033 -20034 imp:n,p 1
300089 400089 -2.156 20012 -20013 20023 -20024 20034 -20035 imp:n,p 1
300090 400090 -2.156 20013 -20014 20023 -20024 20030 -20031 imp:n,p 1
300091 400091 -2.156 20013 -20014 20023 -20024 20031 -20032 imp:n,p 1
300092 400092 -2.156 20013 -20014 20023 -20024 20032 -20033 imp:n,p 1
300093 400093 -2.156 20013 -20014 20023 -20024 20033 -20034 imp:n,p 1
300094 400094 -2.156 20013 -20014 20023 -20024 20034 -20035 imp:n,p 1
300095 400095 -2.156 20014 -20015 20023 -20024 20030 -20031 imp:n,p 1
300096 400096 -2.156 20014 -20015 20023 -20024 20031 -20032 imp:n,p 1
300097 400097 -2.156 20014 -20015 20023 -20024 20032 -20033 imp:n,p 1
300098 400098 -2.156 20014 -20015 20023 -20024 20033 -20034 imp:n,p 1
300099 400099 -2.156 20014 -20015 20023 -20024 20034 -20035 imp:n,p 1
300100 400100 -2.156 20010 -20011 20024 -20025 20030 -20031 imp:n,p 1
300101 400101 -2.156 20010 -20011 20024 -20025 20031 -20032 imp:n,p 1
300102 400102 -2.156 20010 -20011 20024 -20025 20032 -20033 imp:n,p 1
300103 400103 -2.156 20010 -20011 20024 -20025 20033 -20034 imp:n,p 1
300104 400104 -2.156 20010 -20011 20024 -20025 20034 -20035 imp:n,p 1
300105 400105 -2.156 20011 -20012 20024 -20025 20030 -20031 imp:n,p 1
300106 400106 -2.156 20011 -20012 20024 -20025 20031 -20032 imp:n,p 1
300107 400107 -2.156 20011 -20012 20024 -20025 20032 -20033 imp:n,p 1
300108 400108 -2.156 20011 -20012 20024 -20025 20033 -20034 imp:n,p 1
300109 400109 -2.156 20011 -20012 20024 -20025 20034 -20035 imp:n,p 1
300110 400110 -2.156 20012 -20013 20024 -20025 20030 -20031 imp:n,p 1
300111 400111 -2.156 20012 -20013 20024 -20025 20031 -20032 imp:n,p 1
300112 400112 -2.156 20012 -20013 20024 -20025 20032 -20033 imp:n,p 1
300113 400113 -2.156 20012 -20013 20024 -20025 20033 -20034 imp:n,p 1
300114 400114 -2.156 20012 -20013 20024 -20025 20034 -20035 imp:n,p 1
300115 400115 -2.156 20013 -20014 20024 -20025 20030 -20031 imp:n,p 1
300116 400116 -2.156 20013 -20014 20024 -20025 20031 -20032 imp:n,p 1
300117 400117 -2.156 20013 -20014 20024 -20025 20032 -20033 imp:n,p 1
300118 400118 -2.156 20013 -20014 20024 -20025 20033 -20034 imp:n,p 1
300119 400119 -2.156 20013 -20014 20024 -20025 20034 -20035 imp:n,p 1
300120 400120 -2.156 20014 -20015 20024 -20025 20030 -20031 imp:n,p 1
300121 400121 -2.156 20014 -20015 20024 -20025 20031 -20032 imp:n,p 1
300122 400122 -2.156 20014 -20015 20024 -20025 20032 -20033 imp:n,p 1
300123 400123 -2.156 20014 -20015 20024 -20025 20033 -20034 imp:n,p 1
300124 400124 -2.156 20014 -20015 20024 -20025 20034 -20035 imp:n,p 1
c
30 12 -0.00129 -200 #101 #121 #122 #123 #124 #125 #126 #127 #128 #129 #130 #131 #132 #133
        #21 #211 #212 #22 #221 #222 #23 #231 #232 #24 #241 #242 #20 imp:n,p 1 $Rest of the World
31 0 200 imp:n,p 0 $Outside world

c SURFACE CARDS
c
c Sample Volume
20010 px -56.0
20011 px -33.600000000000364
20012 px -11.200000000000728
20013 px 11.200000000000728
20014 px 33.600000000000364
20015 px 56.0
20020 py -45.0
20021 py -27.0
20022 py -9.0
20023 py 9.0
20024 py 27.0
20025 py 45.0
20030 pz 92.0
20031 pz 82.0
20032 pz 72.0
20033 pz 62.0
20034 pz 52.0
20035 pz 42.0
c Active Detector Region
21 rcc 56  -5.0 -1.0   0.0 20.3 0.0   4.5 $Detector 1 Base center, Hx,Hy,Hz, radius
c Shielding Surfaces
c Shielding Pb
31 rpp 19 29 -7.5 7.5 -11 9 $PbPE xmin xmax ymin ymax zmin zmax
32 rpp 9 19 4 9 -11 9 $Pb xmin xmax ymin ymax zmin zmax
33 rpp 9 19 -9 -4 -11 9 $Pb xmin xmax ymin ymax zmin zmax
34 rpp 19 29 7.5 12.5 -11 9 $Pb xmin xmax ymin ymax zmin zmax
35 rpp 19 29 -12.5 -7.5 -11 9 $Pb xmin xmax ymin ymax zmin zmax
36 rpp 29 34 -15 15 -11 9 $Pb xmin xmax ymin ymax zmin zmax
37 rpp 9 19 -4 4 4 9 $Pb xmin xmax ymin ymax zmin zmax
38 rpp -26 26 18 28 -11 9 $BA1 xmin xmax ymin ymax zmin zmax
39 rpp -26 26 -28 -18 -11 9 $BA2 xmin xmax ymin ymax zmin zmax
40 rpp -65 65 -28 28 10 10.5 $Al xmin xmax ymin ymax zmin zmax
401 rpp -27 27 29 34 -11 9 $Fe xmin xmax ymin ymax zmin zmax
402 rpp -27 27 -34 -29 -11 9 $Fe xmin xmax ymin ymax zmin zmax
301 px -20
302 px 18
303 cx 3.71
304 cx 3.81
c Wheels Surfaces
c 23/10.5-12 turf tires, 22.6 lb rubber
c diameter 29cm, tread width 25cm, and sidewall height 13.76 cm
c set thickness of all sides 1.3 cm (s.t. weight is 22.6 lb)
41 rcc -2 77 8   0.0 25 0.0 29 $wheel 1 outer tread surface
42 rcc -2 77 8   0.0 25 0.0 27.7 $wheel 1 inner tread surface
421 rcc -2 75.7 8   0.0 1.3 0.0 29 $wheel 1 outside sidewall exterior
422 rcc -2 75.7 8   0.0 1.3 0.0 15.24 $wheel 1 outside sidewall interior
423 rcc -2 102 8   0.0 1.3 0.0 29 $wheel 1 inside sidewall exterior
424 rcc -2 102 8   0.0 1.3 0.0 15.24 $wheel 1 inside sidewall interior
43 rcc 68 77 8   0.0 25 0.0 29 $wheel 2
44 rcc 68 77 8   0.0 25 0.0 27.7
441 rcc 68 75.7 8   0.0 1.3 0.0 29
442 rcc 68 75.7 8   0.0 1.3 0.0 15.24
443 rcc 68 102 8   0.0 1.3 0.0 29
444 rcc 68 102 8   0.0 1.3 0.0 15.24
45 rcc -2 -77 8   0.0 -25 0.0 29 $wheel 3
46 rcc -2 -77 8   0.0 -25 0.0 27.7
461 rcc -2 -75.7 8   0.0 -1.3 0.0 29
462 rcc -2 -75.7 8   0.0 -1.3 0.0 15.24
463 rcc -2 -102 8   0.0 -1.3 0.0 29
464 rcc -2 -102 8   0.0 -1.3 0.0 15.24
47 rcc 68 -77 8   0.0 -25 0.0 29 $wheel 4
48 rcc 68 -77 8   0.0 -25 0.0 27.7
481 rcc 68 -75.7 8   0.0 -1.3 0.0 29
482 rcc 68 -75.7 8   0.0 -1.3 0.0 15.24
483 rcc 68 -102 8   0.0 -1.3 0.0 29
484 rcc 68 -102 8   0.0 -1.3 0.0 15.24
200 so 800    $sphere of 800cm centered at origin
c

c DATA CARDS
mode n p
c dump every hr
prdmp -60 -60 -1
c 100 keV Neutron Energy Cutoff
Cut:n 1j 0.1
c analog neutron transport
phys:n 1j 14
phys:p
sdef pos=0 0 0 erg=14.0 vec= 0 0 1 dir=d1
si1  -1 .93 1
sp1   0  0.0  1.0
c ********************
c begin material cards
c ********************
c Pure Carbon
c ****************************************
m400000 6000 -0.004646906494837422 7000 -0.004646906494837422 14000 -0.990706187010325 
m400001 6000 -0.003933437306171607 7000 -0.003933437306171607 14000 -0.9921331253876571 
m400002 6000 -0.004496432535198995 7000 -0.004496432535198995 14000 -0.9910071349296019 
m400003 6000 -0.0065214635811864305 7000 -0.0065214635811864305 14000 -0.9869570728376273 
m400004 6000 -0.009519772769676442 7000 -0.009519772769676442 14000 -0.980960454460647 
m400005 6000 -0.004612318498729732 7000 -0.004612318498729732 14000 -0.9907753630025405 
m400006 6000 -0.003975348458256508 7000 -0.003975348458256508 14000 -0.9920493030834868 
m400007 6000 -0.004551602308832475 7000 -0.004551602308832475 14000 -0.9908967953823347 
m400008 6000 -0.00664293494359627 7000 -0.00664293494359627 14000 -0.9867141301128077 
m400009 6000 -0.009613420537335418 7000 -0.009613420537335418 14000 -0.9807731589253293 
m400010 6000 -0.004902088031384227 7000 -0.004902088031384227 14000 -0.9901958239372313 
m400011 6000 -0.003936737550581319 7000 -0.003936737550581319 14000 -0.9921265248988371 
m400012 6000 -0.0045046554434190955 7000 -0.0045046554434190955 14000 -0.9909906891131618 
m400013 6000 -0.006693502804617413 7000 -0.006693502804617413 14000 -0.9866129943907653 
m400014 6000 -0.009716406002381064 7000 -0.009716406002381064 14000 -0.9805671879952378 
m400015 6000 -0.004786068727725641 7000 -0.004786068727725641 14000 -0.9904278625445483 
m400016 6000 -0.003936228146826231 7000 -0.003936228146826231 14000 -0.9921275437063473 
m400017 6000 -0.004358668347483388 7000 -0.004358668347483388 14000 -0.9912826633050332 
m400018 6000 -0.006616522231809711 7000 -0.006616522231809711 14000 -0.9867669555363803 
m400019 6000 -0.009798947918077158 7000 -0.009798947918077158 14000 -0.9804021041638458 
m400020 6000 -0.004727189155422981 7000 -0.004727189155422981 14000 -0.9905456216891539 
m400021 6000 -0.003915798853916147 7000 -0.003915798853916147 14000 -0.9921684022921677 
m400022 6000 -0.0045946958612948065 7000 -0.0045946958612948065 14000 -0.9908106082774105 
m400023 6000 -0.0060356603127365675 7000 -0.0060356603127365675 14000 -0.987928679374527 
m400024 6000 -0.009740001235234753 7000 -0.009740001235234753 14000 -0.9805199975295306 
m400025 6000 -0.004667556226940889 7000 -0.004667556226940889 14000 -0.9906648875461187 
m400026 6000 -0.003925354134052318 7000 -0.003925354134052318 14000 -0.9921492917318954 
m400027 6000 -0.004746673868738788 7000 -0.004746673868738788 14000 -0.9905066522625222 
m400028 6000 -0.006387911703412059 7000 -0.006387911703412059 14000 -0.9872241765931757 
m400029 6000 -0.009388015576733473 7000 -0.009388015576733473 14000 -0.981223968846533 
m400030 6000 -0.004690255533106346 7000 -0.004690255533106346 14000 -0.9906194889337868 
m400031 6000 -0.003938324766120696 7000 -0.003938324766120696 14000 -0.9921233504677587 
m400032 6000 -0.004329284415913625 7000 -0.004329284415913625 14000 -0.9913414311681729 
m400033 6000 -0.006603677992495654 7000 -0.006603677992495654 14000 -0.986792644015009 
m400034 6000 -0.00939599359201601 7000 -0.00939599359201601 14000 -0.9812080128159678 
m400035 6000 -0.004636345787923659 7000 -0.004636345787923659 14000 -0.9907273084241526 
m400036 6000 -0.003887454186927472 7000 -0.003887454186927472 14000 -0.9922250916261451 
m400037 6000 -0.004431580304888896 7000 -0.004431580304888896 14000 -0.9911368393902223 
m400038 6000 -0.006723520793770928 7000 -0.006723520793770928 14000 -0.986552958412458 
m400039 6000 -0.010339753228738082 7000 -0.010339753228738082 14000 -0.9793204935425236 
m400040 6000 -0.004933445073208 7000 -0.004933445073208 14000 -0.9901331098535843 
m400041 6000 -0.003905736617744481 7000 -0.003905736617744481 14000 -0.9921885267645113 
m400042 6000 -0.004540885270956719 7000 -0.004540885270956719 14000 -0.9909182294580868 
m400043 6000 -0.006870794076120742 7000 -0.006870794076120742 14000 -0.9862584118477591 
m400044 6000 -0.010305367574966204 7000 -0.010305367574966204 14000 -0.9793892648500679 
m400045 6000 -0.004884922073109394 7000 -0.004884922073109394 14000 -0.9902301558537812 
m400046 6000 -0.003909214256586696 7000 -0.003909214256586696 14000 -0.9921815714868265 
m400047 6000 -0.0044145760071404435 7000 -0.0044145760071404435 14000 -0.9911708479857191 
m400048 6000 -0.00654512917403116 7000 -0.00654512917403116 14000 -0.9869097416519377 
m400049 6000 -0.010189022936195113 7000 -0.010189022936195113 14000 -0.9796219541276098 
m400050 6000 -0.004694445978704956 7000 -0.004694445978704956 14000 -0.99061110804259 
m400051 6000 -0.003937244783380574 7000 -0.003937244783380574 14000 -0.9921255104332392 
m400052 6000 -0.004595467229585834 7000 -0.004595467229585834 14000 -0.9908090655408283 
m400053 6000 -0.006717550387410962 7000 -0.006717550387410962 14000 -0.9865648992251781 
m400054 6000 -0.009651700150212633 7000 -0.009651700150212633 14000 -0.9806965996995746 
m400055 6000 -0.004655161045238979 7000 -0.004655161045238979 14000 -0.9906896779095221 
m400056 6000 -0.003961871915816455 7000 -0.003961871915816455 14000 -0.9920762561683674 
m400057 6000 -0.0046471730571086825 7000 -0.0046471730571086825 14000 -0.990705653885783 
m400058 6000 -0.006926879299830874 7000 -0.006926879299830874 14000 -0.9861462414003381 
m400059 6000 -0.009446437662014983 7000 -0.009446437662014983 14000 -0.9811071246759704 
m400060 6000 -0.0045967868947708514 7000 -0.0045967868947708514 14000 -0.9908064262104581 
m400061 6000 -0.003910707864101306 7000 -0.003910707864101306 14000 -0.9921785842717971 
m400062 6000 -0.004510481164845013 7000 -0.004510481164845013 14000 -0.9909790376703098 
m400063 6000 -0.006585146827126472 7000 -0.006585146827126472 14000 -0.9868297063457472 
m400064 6000 -0.010412094912451087 7000 -0.010412094912451087 14000 -0.9791758101750979 
m400065 6000 -0.00477953114478164 7000 -0.00477953114478164 14000 -0.9904409377104367 
m400066 6000 -0.003932405498963554 7000 -0.003932405498963554 14000 -0.9921351890020731 
m400067 6000 -0.004580103839431989 7000 -0.004580103839431989 14000 -0.9908397923211361 
m400068 6000 -0.006761848642047053 7000 -0.006761848642047053 14000 -0.9864763027159057 
m400069 6000 -0.009842376350494932 7000 -0.009842376350494932 14000 -0.9803152472990102 
m400070 6000 -0.004678066345624275 7000 -0.004678066345624275 14000 -0.9906438673087515 
m400071 6000 -0.0039149480219805265 7000 -0.0039149480219805265 14000 -0.9921701039560391 
m400072 6000 -0.004412961995798621 7000 -0.004412961995798621 14000 -0.9911740760084026 
m400073 6000 -0.0065125825019050725 7000 -0.0065125825019050725 14000 -0.98697483499619 
m400074 6000 -0.00975861423227557 7000 -0.00975861423227557 14000 -0.9804827715354492 
m400075 6000 -0.004711207396944929 7000 -0.004711207396944929 14000 -0.9905775852061102 
m400076 6000 -0.003953987251175032 7000 -0.003953987251175032 14000 -0.9920920254976496 
m400077 6000 -0.00465240897156462 7000 -0.00465240897156462 14000 -0.9906951820568706 
m400078 6000 -0.006849951934732563 7000 -0.006849951934732563 14000 -0.9863000961305345 
m400079 6000 -0.010374662675865167 7000 -0.010374662675865167 14000 -0.9792506746482696 
m400080 6000 -0.004896564323965436 7000 -0.004896564323965436 14000 -0.9902068713520693 
m400081 6000 -0.003942280848437222 7000 -0.003942280848437222 14000 -0.9921154383031257 
m400082 6000 -0.004556164162966302 7000 -0.004556164162966302 14000 -0.9908876716740675 
m400083 6000 -0.006761040072323572 7000 -0.006761040072323572 14000 -0.9864779198553529 
m400084 6000 -0.009897890872579853 7000 -0.009897890872579853 14000 -0.9802042182548396 
m400085 6000 -0.0048047081544569424 7000 -0.0048047081544569424 14000 -0.9903905836910861 
m400086 6000 -0.003902906743188247 7000 -0.003902906743188247 14000 -0.9921941865136233 
m400087 6000 -0.004468221481119127 7000 -0.004468221481119127 14000 -0.9910635570377616 
m400088 6000 -0.00627356371283257 7000 -0.00627356371283257 14000 -0.9874528725743352 
m400089 6000 -0.010143186556564723 7000 -0.010143186556564723 14000 -0.9797136268868708 
m400090 6000 -0.004648573628219791 7000 -0.004648573628219791 14000 -0.99070285274356 
m400091 6000 -0.003989339283936352 7000 -0.003989339283936352 14000 -0.9920213214321275 
m400092 6000 -0.004692430718304928 7000 -0.004692430718304928 14000 -0.99061513856339 
m400093 6000 -0.0065616600306958916 7000 -0.0065616600306958916 14000 -0.9868766799386084 
m400094 6000 -0.009262701039630708 7000 -0.009262701039630708 14000 -0.9814745979207387 
m400095 6000 -0.004840582855686709 7000 -0.004840582855686709 14000 -0.9903188342886269 
m400096 6000 -0.003933405251763488 7000 -0.003933405251763488 14000 -0.9921331894964729 
m400097 6000 -0.004358184647644471 7000 -0.004358184647644471 14000 -0.9912836307047107 
m400098 6000 -0.006417971642180086 7000 -0.006417971642180086 14000 -0.98716405671564 
m400099 6000 -0.01009609426347696 7000 -0.01009609426347696 14000 -0.979807811473046 
m400100 6000 -0.004850352782657577 7000 -0.004850352782657577 14000 -0.9902992944346849 
m400101 6000 -0.0039480981634319985 7000 -0.0039480981634319985 14000 -0.992103803673136 
m400102 6000 -0.004586589252571408 7000 -0.004586589252571408 14000 -0.9908268214948573 
m400103 6000 -0.00671082954666308 7000 -0.00671082954666308 14000 -0.9865783409066741 
m400104 6000 -0.009814785554786187 7000 -0.009814785554786187 14000 -0.9803704288904278 
m400105 6000 -0.004711826596172922 7000 -0.004711826596172922 14000 -0.9905763468076542 
m400106 6000 -0.003965624558620465 7000 -0.003965624558620465 14000 -0.9920687508827589 
m400107 6000 -0.004415698137053209 7000 -0.004415698137053209 14000 -0.9911686037258935 
m400108 6000 -0.006595836337288977 7000 -0.006595836337288977 14000 -0.9868083273254219 
m400109 6000 -0.009252736927860862 7000 -0.009252736927860862 14000 -0.9814945261442781 
m400110 6000 -0.004781850888711629 7000 -0.004781850888711629 14000 -0.990436298222577 
m400111 6000 -0.0038951082223130248 7000 -0.0038951082223130248 14000 -0.9922097835553737 
m400112 6000 -0.0045594955909593095 7000 -0.0045594955909593095 14000 -0.9908810088180812 
m400113 6000 -0.006523341663734929 7000 -0.006523341663734929 14000 -0.9869533166725302 
m400114 6000 -0.009813999102412761 7000 -0.009813999102412761 14000 -0.9803720017951746 
m400115 6000 -0.004598334487993194 7000 -0.004598334487993194 14000 -0.9908033310240134 
m400116 6000 -0.00392076649529861 7000 -0.00392076649529861 14000 -0.9921584670094025 
m400117 6000 -0.004462849224118717 7000 -0.004462849224118717 14000 -0.9910743015517625 
m400118 6000 -0.006667481897249203 7000 -0.006667481897249203 14000 -0.9866650362055015 
m400119 6000 -0.009897158465639053 7000 -0.009897158465639053 14000 -0.980205683068722 
m400120 6000 -0.0049777203014276725 7000 -0.0049777203014276725 14000 -0.9900445593971444 
m400121 6000 -0.003914916750482413 7000 -0.003914916750482413 14000 -0.992170166499035 
m400122 6000 -0.004529449592981824 7000 -0.004529449592981824 14000 -0.9909411008140364 
m400123 6000 -0.006893593406566271 7000 -0.006893593406566271 14000 -0.9862128131868676 
m400124 6000 -0.01028034456295928 7000 -0.01028034456295928 14000 -0.9794393108740813 
c **********************************
c PE+Pb, dens=4.78 g/cm3
m2      6000    -0.04286 $Carbon
        1001    -0.00714 $Hydrogen
        82000   -0.95000 $Lead
c **********************************
m3    1001 -0.048535 $Boric acid
      5010 -0.034981
      5011 -0.139923
      8016 -0.776561
c **********************************
m4    82000 1 $Lead
c **********************************
m5 26000 1 $Iron
c **********************************
m6     13027   -1.000 $ Aluminum
c **********************************
c  SS-304 (8.00 g/cm3), #298 in PNNL Compendium
m7   006000.50c -0.0004000
     014000.60c -0.0050000
     015031.50c -0.0002300
     016000.60c -0.0001500
     024000.50c -0.1899981
     025055.60c -0.0099999
     026000.50c -0.7017229
     028000.50c -0.0924991
c ****************************************
c       LaBr detector
c ****************************************
m8       35079    -0.2946       $ Br79
         35081    -0.3069       $ Br81
         57139    -0.3485       $ La139
         58140    -0.0500       $ Ce140
c ************ air den=1.15e-3g/cc
m12     8016 -0.23
        7014 -0.77
c ************ Rubber Natural den=0.92 g/cc
m13     1001 -0.118371  $weight fraction
        6000 -0.881629
c
c end material cards
c
rand seed=8674536546524321 $different initial random #; seed# - any less 18 digits
c
c ********** begin tallies *********************
fc78 *********Broadened Pulse Height Tally Sum of Detectors 1,2 & 3 ***********
e78 0 1e-5 932i 8.4295
F78:p (101)
FT78 GEB -0.026198 0.059551 -0.037176
fc18 *********Unbroadened Pulse Height Tally Sum of Detectors 1,2 & 3 ***********
e18 0 1e-5 932i 8.4295
F18:p (101)
c ***********************************
c mplot tal 78 freq 10000
nps 1e9
