c CAS DETECTOR
c w/ Shielding in Place and Wheels
c
c CELL CARDS
c
c @@@@@@@@@@ Detectors @@@@@@@@@@@@@@@@@
c
101 8 -5.08 -21 imp:n,p 1 $LaBr Detector #1 Active Region
c
c @@@@@@@@@ Shielding @@@@@@@@@@@@@@@@@
c
121 2 -4.78 -31 imp:n,p 1 $PE_Pb
122 4 -11.29 -32 imp:n,p 1 $Pb1
123 4 -11.29 -33 imp:n,p 1 $Pb2
124 4 -11.29 -34 imp:n,p 1 $Pb3
125 4 -11.29 -35 imp:n,p 1 $Pb4
126 4 -11.29 -36 imp:n,p 1 $Pb5
127 4 -11.29 -37 imp:n,p 1 $Pb6
128 3 -1.5 -38 imp:n,p 1 $BA1
129 3 -1.5 -39 imp:n,p 1 $BA2
130 6 -2.7 -40 imp:n,p 1 $Al
131 7 -7.92 301 -302 303 -304 imp:n,p 1 $Fe-tube
132 5 -7.8 -401 imp:n,p 1 $Fe
133 5 -7.8 -402 imp:n,p 1 $Fe
c @@@@@@@@@@ Wheels @@@@@@@@@@@@@@@@@
c
21 13 -0.92 -41 42 imp:n,p 1 $Wheel 1
211 13 -0.92 -421 422 imp:n,p 1 $Wheel 1
212 13 -0.92 -423 424 imp:n,p 1 $Wheel 1
22 13 -0.92 -43 44 imp:n,p 1 $Wheel 2
221 13 -0.92 -441 442 imp:n,p 1 $Wheel 2
222 13 -0.92 -443 444 imp:n,p 1 $Wheel 2
23 13 -0.92 -45 46 imp:n,p 1 $Wheel 3
231 13 -0.92 -461 462 imp:n,p 1 $Wheel 3
232 13 -0.92 -463 464 imp:n,p 1 $Wheel 3
24 13 -0.92 -47 48 imp:n,p 1 $Wheel 4
241 13 -0.92 -481 482 imp:n,p 1 $Wheel 4
242 13 -0.92 -483 484 imp:n,p 1 $Wheel 4
c
c @@@@@@@@@@ SOIL VOLUME @@@@@@@@@@@
c
300000 400000 -2.156 20010 -20011 20020 -20021 20030 -20031 imp:n,p 1
300001 400001 -2.156 20010 -20011 20020 -20021 20031 -20032 imp:n,p 1
300002 400002 -2.156 20010 -20011 20020 -20021 20032 -20033 imp:n,p 1
300003 400003 -2.156 20010 -20011 20020 -20021 20033 -20034 imp:n,p 1
300004 400004 -2.156 20010 -20011 20020 -20021 20034 -20035 imp:n,p 1
300005 400005 -2.156 20011 -20012 20020 -20021 20030 -20031 imp:n,p 1
300006 400006 -2.156 20011 -20012 20020 -20021 20031 -20032 imp:n,p 1
300007 400007 -2.156 20011 -20012 20020 -20021 20032 -20033 imp:n,p 1
300008 400008 -2.156 20011 -20012 20020 -20021 20033 -20034 imp:n,p 1
300009 400009 -2.156 20011 -20012 20020 -20021 20034 -20035 imp:n,p 1
300010 400010 -2.156 20012 -20013 20020 -20021 20030 -20031 imp:n,p 1
300011 400011 -2.156 20012 -20013 20020 -20021 20031 -20032 imp:n,p 1
300012 400012 -2.156 20012 -20013 20020 -20021 20032 -20033 imp:n,p 1
300013 400013 -2.156 20012 -20013 20020 -20021 20033 -20034 imp:n,p 1
300014 400014 -2.156 20012 -20013 20020 -20021 20034 -20035 imp:n,p 1
300015 400015 -2.156 20013 -20014 20020 -20021 20030 -20031 imp:n,p 1
300016 400016 -2.156 20013 -20014 20020 -20021 20031 -20032 imp:n,p 1
300017 400017 -2.156 20013 -20014 20020 -20021 20032 -20033 imp:n,p 1
300018 400018 -2.156 20013 -20014 20020 -20021 20033 -20034 imp:n,p 1
300019 400019 -2.156 20013 -20014 20020 -20021 20034 -20035 imp:n,p 1
300020 400020 -2.156 20014 -20015 20020 -20021 20030 -20031 imp:n,p 1
300021 400021 -2.156 20014 -20015 20020 -20021 20031 -20032 imp:n,p 1
300022 400022 -2.156 20014 -20015 20020 -20021 20032 -20033 imp:n,p 1
300023 400023 -2.156 20014 -20015 20020 -20021 20033 -20034 imp:n,p 1
300024 400024 -2.156 20014 -20015 20020 -20021 20034 -20035 imp:n,p 1
300025 400025 -2.156 20010 -20011 20021 -20022 20030 -20031 imp:n,p 1
300026 400026 -2.156 20010 -20011 20021 -20022 20031 -20032 imp:n,p 1
300027 400027 -2.156 20010 -20011 20021 -20022 20032 -20033 imp:n,p 1
300028 400028 -2.156 20010 -20011 20021 -20022 20033 -20034 imp:n,p 1
300029 400029 -2.156 20010 -20011 20021 -20022 20034 -20035 imp:n,p 1
300030 400030 -2.156 20011 -20012 20021 -20022 20030 -20031 imp:n,p 1
300031 400031 -2.156 20011 -20012 20021 -20022 20031 -20032 imp:n,p 1
300032 400032 -2.156 20011 -20012 20021 -20022 20032 -20033 imp:n,p 1
300033 400033 -2.156 20011 -20012 20021 -20022 20033 -20034 imp:n,p 1
300034 400034 -2.156 20011 -20012 20021 -20022 20034 -20035 imp:n,p 1
300035 400035 -2.156 20012 -20013 20021 -20022 20030 -20031 imp:n,p 1
300036 400036 -2.156 20012 -20013 20021 -20022 20031 -20032 imp:n,p 1
300037 400037 -2.156 20012 -20013 20021 -20022 20032 -20033 imp:n,p 1
300038 400038 -2.156 20012 -20013 20021 -20022 20033 -20034 imp:n,p 1
300039 400039 -2.156 20012 -20013 20021 -20022 20034 -20035 imp:n,p 1
300040 400040 -2.156 20013 -20014 20021 -20022 20030 -20031 imp:n,p 1
300041 400041 -2.156 20013 -20014 20021 -20022 20031 -20032 imp:n,p 1
300042 400042 -2.156 20013 -20014 20021 -20022 20032 -20033 imp:n,p 1
300043 400043 -2.156 20013 -20014 20021 -20022 20033 -20034 imp:n,p 1
300044 400044 -2.156 20013 -20014 20021 -20022 20034 -20035 imp:n,p 1
300045 400045 -2.156 20014 -20015 20021 -20022 20030 -20031 imp:n,p 1
300046 400046 -2.156 20014 -20015 20021 -20022 20031 -20032 imp:n,p 1
300047 400047 -2.156 20014 -20015 20021 -20022 20032 -20033 imp:n,p 1
300048 400048 -2.156 20014 -20015 20021 -20022 20033 -20034 imp:n,p 1
300049 400049 -2.156 20014 -20015 20021 -20022 20034 -20035 imp:n,p 1
300050 400050 -2.156 20010 -20011 20022 -20023 20030 -20031 imp:n,p 1
300051 400051 -2.156 20010 -20011 20022 -20023 20031 -20032 imp:n,p 1
300052 400052 -2.156 20010 -20011 20022 -20023 20032 -20033 imp:n,p 1
300053 400053 -2.156 20010 -20011 20022 -20023 20033 -20034 imp:n,p 1
300054 400054 -2.156 20010 -20011 20022 -20023 20034 -20035 imp:n,p 1
300055 400055 -2.156 20011 -20012 20022 -20023 20030 -20031 imp:n,p 1
300056 400056 -2.156 20011 -20012 20022 -20023 20031 -20032 imp:n,p 1
300057 400057 -2.156 20011 -20012 20022 -20023 20032 -20033 imp:n,p 1
300058 400058 -2.156 20011 -20012 20022 -20023 20033 -20034 imp:n,p 1
300059 400059 -2.156 20011 -20012 20022 -20023 20034 -20035 imp:n,p 1
300060 400060 -2.156 20012 -20013 20022 -20023 20030 -20031 imp:n,p 1
300061 400061 -2.156 20012 -20013 20022 -20023 20031 -20032 imp:n,p 1
300062 400062 -2.156 20012 -20013 20022 -20023 20032 -20033 imp:n,p 1
300063 400063 -2.156 20012 -20013 20022 -20023 20033 -20034 imp:n,p 1
300064 400064 -2.156 20012 -20013 20022 -20023 20034 -20035 imp:n,p 1
300065 400065 -2.156 20013 -20014 20022 -20023 20030 -20031 imp:n,p 1
300066 400066 -2.156 20013 -20014 20022 -20023 20031 -20032 imp:n,p 1
300067 400067 -2.156 20013 -20014 20022 -20023 20032 -20033 imp:n,p 1
300068 400068 -2.156 20013 -20014 20022 -20023 20033 -20034 imp:n,p 1
300069 400069 -2.156 20013 -20014 20022 -20023 20034 -20035 imp:n,p 1
300070 400070 -2.156 20014 -20015 20022 -20023 20030 -20031 imp:n,p 1
300071 400071 -2.156 20014 -20015 20022 -20023 20031 -20032 imp:n,p 1
300072 400072 -2.156 20014 -20015 20022 -20023 20032 -20033 imp:n,p 1
300073 400073 -2.156 20014 -20015 20022 -20023 20033 -20034 imp:n,p 1
300074 400074 -2.156 20014 -20015 20022 -20023 20034 -20035 imp:n,p 1
300075 400075 -2.156 20010 -20011 20023 -20024 20030 -20031 imp:n,p 1
300076 400076 -2.156 20010 -20011 20023 -20024 20031 -20032 imp:n,p 1
300077 400077 -2.156 20010 -20011 20023 -20024 20032 -20033 imp:n,p 1
300078 400078 -2.156 20010 -20011 20023 -20024 20033 -20034 imp:n,p 1
300079 400079 -2.156 20010 -20011 20023 -20024 20034 -20035 imp:n,p 1
300080 400080 -2.156 20011 -20012 20023 -20024 20030 -20031 imp:n,p 1
300081 400081 -2.156 20011 -20012 20023 -20024 20031 -20032 imp:n,p 1
300082 400082 -2.156 20011 -20012 20023 -20024 20032 -20033 imp:n,p 1
300083 400083 -2.156 20011 -20012 20023 -20024 20033 -20034 imp:n,p 1
300084 400084 -2.156 20011 -20012 20023 -20024 20034 -20035 imp:n,p 1
300085 400085 -2.156 20012 -20013 20023 -20024 20030 -20031 imp:n,p 1
300086 400086 -2.156 20012 -20013 20023 -20024 20031 -20032 imp:n,p 1
300087 400087 -2.156 20012 -20013 20023 -20024 20032 -20033 imp:n,p 1
300088 400088 -2.156 20012 -20013 20023 -20024 20033 -20034 imp:n,p 1
300089 400089 -2.156 20012 -20013 20023 -20024 20034 -20035 imp:n,p 1
300090 400090 -2.156 20013 -20014 20023 -20024 20030 -20031 imp:n,p 1
300091 400091 -2.156 20013 -20014 20023 -20024 20031 -20032 imp:n,p 1
300092 400092 -2.156 20013 -20014 20023 -20024 20032 -20033 imp:n,p 1
300093 400093 -2.156 20013 -20014 20023 -20024 20033 -20034 imp:n,p 1
300094 400094 -2.156 20013 -20014 20023 -20024 20034 -20035 imp:n,p 1
300095 400095 -2.156 20014 -20015 20023 -20024 20030 -20031 imp:n,p 1
300096 400096 -2.156 20014 -20015 20023 -20024 20031 -20032 imp:n,p 1
300097 400097 -2.156 20014 -20015 20023 -20024 20032 -20033 imp:n,p 1
300098 400098 -2.156 20014 -20015 20023 -20024 20033 -20034 imp:n,p 1
300099 400099 -2.156 20014 -20015 20023 -20024 20034 -20035 imp:n,p 1
300100 400100 -2.156 20010 -20011 20024 -20025 20030 -20031 imp:n,p 1
300101 400101 -2.156 20010 -20011 20024 -20025 20031 -20032 imp:n,p 1
300102 400102 -2.156 20010 -20011 20024 -20025 20032 -20033 imp:n,p 1
300103 400103 -2.156 20010 -20011 20024 -20025 20033 -20034 imp:n,p 1
300104 400104 -2.156 20010 -20011 20024 -20025 20034 -20035 imp:n,p 1
300105 400105 -2.156 20011 -20012 20024 -20025 20030 -20031 imp:n,p 1
300106 400106 -2.156 20011 -20012 20024 -20025 20031 -20032 imp:n,p 1
300107 400107 -2.156 20011 -20012 20024 -20025 20032 -20033 imp:n,p 1
300108 400108 -2.156 20011 -20012 20024 -20025 20033 -20034 imp:n,p 1
300109 400109 -2.156 20011 -20012 20024 -20025 20034 -20035 imp:n,p 1
300110 400110 -2.156 20012 -20013 20024 -20025 20030 -20031 imp:n,p 1
300111 400111 -2.156 20012 -20013 20024 -20025 20031 -20032 imp:n,p 1
300112 400112 -2.156 20012 -20013 20024 -20025 20032 -20033 imp:n,p 1
300113 400113 -2.156 20012 -20013 20024 -20025 20033 -20034 imp:n,p 1
300114 400114 -2.156 20012 -20013 20024 -20025 20034 -20035 imp:n,p 1
300115 400115 -2.156 20013 -20014 20024 -20025 20030 -20031 imp:n,p 1
300116 400116 -2.156 20013 -20014 20024 -20025 20031 -20032 imp:n,p 1
300117 400117 -2.156 20013 -20014 20024 -20025 20032 -20033 imp:n,p 1
300118 400118 -2.156 20013 -20014 20024 -20025 20033 -20034 imp:n,p 1
300119 400119 -2.156 20013 -20014 20024 -20025 20034 -20035 imp:n,p 1
300120 400120 -2.156 20014 -20015 20024 -20025 20030 -20031 imp:n,p 1
300121 400121 -2.156 20014 -20015 20024 -20025 20031 -20032 imp:n,p 1
300122 400122 -2.156 20014 -20015 20024 -20025 20032 -20033 imp:n,p 1
300123 400123 -2.156 20014 -20015 20024 -20025 20033 -20034 imp:n,p 1
300124 400124 -2.156 20014 -20015 20024 -20025 20034 -20035 imp:n,p 1
c
30 12 -0.00129 -200 #101 #121 #122 #123 #124 #125 #126 #127 #128 #129 #130 #131 #132 #133
        #21 #211 #212 #22 #221 #222 #23 #231 #232 #24 #241 #242 #20 imp:n,p 1 $Rest of the World
31 0 200 imp:n,p 0 $Outside world

c SURFACE CARDS
c
c Sample Volume
20010 px -56.0
20011 px -33.600000000000364
20012 px -11.200000000000728
20013 px 11.200000000000728
20014 px 33.600000000000364
20015 px 56.0
20020 py -45.0
20021 py -27.0
20022 py -9.0
20023 py 9.0
20024 py 27.0
20025 py 45.0
20030 pz 92.0
20031 pz 82.0
20032 pz 72.0
20033 pz 62.0
20034 pz 52.0
20035 pz 42.0
c Active Detector Region
21 rcc 56  -5.0 -1.0   0.0 20.3 0.0   4.5 $Detector 1 Base center, Hx,Hy,Hz, radius
c Shielding Surfaces
c Shielding Pb
31 rpp 19 29 -7.5 7.5 -11 9 $PbPE xmin xmax ymin ymax zmin zmax
32 rpp 9 19 4 9 -11 9 $Pb xmin xmax ymin ymax zmin zmax
33 rpp 9 19 -9 -4 -11 9 $Pb xmin xmax ymin ymax zmin zmax
34 rpp 19 29 7.5 12.5 -11 9 $Pb xmin xmax ymin ymax zmin zmax
35 rpp 19 29 -12.5 -7.5 -11 9 $Pb xmin xmax ymin ymax zmin zmax
36 rpp 29 34 -15 15 -11 9 $Pb xmin xmax ymin ymax zmin zmax
37 rpp 9 19 -4 4 4 9 $Pb xmin xmax ymin ymax zmin zmax
38 rpp -26 26 18 28 -11 9 $BA1 xmin xmax ymin ymax zmin zmax
39 rpp -26 26 -28 -18 -11 9 $BA2 xmin xmax ymin ymax zmin zmax
40 rpp -65 65 -28 28 10 10.5 $Al xmin xmax ymin ymax zmin zmax
401 rpp -27 27 29 34 -11 9 $Fe xmin xmax ymin ymax zmin zmax
402 rpp -27 27 -34 -29 -11 9 $Fe xmin xmax ymin ymax zmin zmax
301 px -20
302 px 18
303 cx 3.71
304 cx 3.81
c Wheels Surfaces
c 23/10.5-12 turf tires, 22.6 lb rubber
c diameter 29cm, tread width 25cm, and sidewall height 13.76 cm
c set thickness of all sides 1.3 cm (s.t. weight is 22.6 lb)
41 rcc -2 77 8   0.0 25 0.0 29 $wheel 1 outer tread surface
42 rcc -2 77 8   0.0 25 0.0 27.7 $wheel 1 inner tread surface
421 rcc -2 75.7 8   0.0 1.3 0.0 29 $wheel 1 outside sidewall exterior
422 rcc -2 75.7 8   0.0 1.3 0.0 15.24 $wheel 1 outside sidewall interior
423 rcc -2 102 8   0.0 1.3 0.0 29 $wheel 1 inside sidewall exterior
424 rcc -2 102 8   0.0 1.3 0.0 15.24 $wheel 1 inside sidewall interior
43 rcc 68 77 8   0.0 25 0.0 29 $wheel 2
44 rcc 68 77 8   0.0 25 0.0 27.7
441 rcc 68 75.7 8   0.0 1.3 0.0 29
442 rcc 68 75.7 8   0.0 1.3 0.0 15.24
443 rcc 68 102 8   0.0 1.3 0.0 29
444 rcc 68 102 8   0.0 1.3 0.0 15.24
45 rcc -2 -77 8   0.0 -25 0.0 29 $wheel 3
46 rcc -2 -77 8   0.0 -25 0.0 27.7
461 rcc -2 -75.7 8   0.0 -1.3 0.0 29
462 rcc -2 -75.7 8   0.0 -1.3 0.0 15.24
463 rcc -2 -102 8   0.0 -1.3 0.0 29
464 rcc -2 -102 8   0.0 -1.3 0.0 15.24
47 rcc 68 -77 8   0.0 -25 0.0 29 $wheel 4
48 rcc 68 -77 8   0.0 -25 0.0 27.7
481 rcc 68 -75.7 8   0.0 -1.3 0.0 29
482 rcc 68 -75.7 8   0.0 -1.3 0.0 15.24
483 rcc 68 -102 8   0.0 -1.3 0.0 29
484 rcc 68 -102 8   0.0 -1.3 0.0 15.24
200 so 800    $sphere of 800cm centered at origin
c

c DATA CARDS
mode n p
c dump every hr
prdmp -60 -60 -1
c 100 keV Neutron Energy Cutoff
Cut:n 1j 0.1
c analog neutron transport
phys:n 1j 14
phys:p
sdef pos=0 0 0 erg=14.0 vec= 0 0 1 dir=d1
si1  -1 .93 1
sp1   0  0.0  1.0
c ********************
c begin material cards
c ********************
c Pure Carbon
c ****************************************
m400000 6000 -0.0004423971539081928 7000 -0.0004423971539081928 14000 -0.9991152056921838 
m400001 6000 -0.002029437809381709 7000 -0.002029437809381709 14000 -0.9959411243812367 
m400002 6000 -0.003995094270654932 7000 -0.003995094270654932 14000 -0.99200981145869 
m400003 6000 -0.006066392525232886 7000 -0.006066392525232886 14000 -0.987867214949534 
m400004 6000 -0.007839447241227013 7000 -0.007839447241227013 14000 -0.9843211055175458 
m400005 6000 -0.0005292167305792758 7000 -0.0005292167305792758 14000 -0.9989415665388415 
m400006 6000 -0.0019875912829865425 7000 -0.0019875912829865425 14000 -0.9960248174340269 
m400007 6000 -0.003940906902646287 7000 -0.003940906902646287 14000 -0.9921181861947074 
m400008 6000 -0.006011146527917031 7000 -0.006011146527917031 14000 -0.987977706944166 
m400009 6000 -0.008158755898251654 7000 -0.008158755898251654 14000 -0.9836824882034968 
m400010 6000 -0.0003875241438457688 7000 -0.0003875241438457688 14000 -0.9992249517123087 
m400011 6000 -0.001752583978295982 7000 -0.001752583978295982 14000 -0.9964948320434075 
m400012 6000 -0.003738706434916436 7000 -0.003738706434916436 14000 -0.9925225871301672 
m400013 6000 -0.005787117107841544 7000 -0.005787117107841544 14000 -0.9884257657843167 
m400014 6000 -0.008008154445635525 7000 -0.008008154445635525 14000 -0.9839836911087291 
m400015 6000 -0.0005388188952184212 7000 -0.0005388188952184212 14000 -0.9989223622095633 
m400016 6000 -0.002035845480928737 7000 -0.002035845480928737 14000 -0.9959283090381428 
m400017 6000 -0.004086021956857936 7000 -0.004086021956857936 14000 -0.9918279560862843 
m400018 6000 -0.005843589632564189 7000 -0.005843589632564189 14000 -0.9883128207348717 
m400019 6000 -0.007937165384439353 7000 -0.007937165384439353 14000 -0.9841256692311211 
m400020 6000 -0.0004266605208126667 7000 -0.0004266605208126667 14000 -0.999146678958375 
m400021 6000 -0.0020289790774123194 7000 -0.0020289790774123194 14000 -0.9959420418451755 
m400022 6000 -0.004203268104939196 7000 -0.004203268104939196 14000 -0.9915934637901218 
m400023 6000 -0.005788590908707811 7000 -0.005788590908707811 14000 -0.9884228181825847 
m400024 6000 -0.008116961332528164 7000 -0.008116961332528164 14000 -0.9837660773349437 
m400025 6000 -0.00046778015079794645 7000 -0.00046778015079794645 14000 -0.9990644396984042 
m400026 6000 -0.0020753469001333915 7000 -0.0020753469001333915 14000 -0.9958493061997331 
m400027 6000 -0.004078868097456947 7000 -0.004078868097456947 14000 -0.991842263805086 
m400028 6000 -0.00601088345974491 7000 -0.00601088345974491 14000 -0.9879782330805098 
m400029 6000 -0.008306904932266124 7000 -0.008306904932266124 14000 -0.9833861901354678 
m400030 6000 -0.0005854235877560149 7000 -0.0005854235877560149 14000 -0.9988291528244878 
m400031 6000 -0.002025925174191106 7000 -0.002025925174191106 14000 -0.9959481496516176 
m400032 6000 -0.004120943344782413 7000 -0.004120943344782413 14000 -0.9917581133104352 
m400033 6000 -0.005863268526345259 7000 -0.005863268526345259 14000 -0.9882734629473094 
m400034 6000 -0.007784704801285858 7000 -0.007784704801285858 14000 -0.9844305903974282 
m400035 6000 -0.0004397995030189746 7000 -0.0004397995030189746 14000 -0.999120400993962 
m400036 6000 -0.0020267422144874103 7000 -0.0020267422144874103 14000 -0.9959465155710251 
m400037 6000 -0.004067609372486167 7000 -0.004067609372486167 14000 -0.9918647812550276 
m400038 6000 -0.005890582962009692 7000 -0.005890582962009692 14000 -0.9882188340759803 
m400039 6000 -0.007882489888804358 7000 -0.007882489888804358 14000 -0.9842350202223915 
m400040 6000 -0.0004927960784328685 7000 -0.0004927960784328685 14000 -0.9990144078431342 
m400041 6000 -0.002126127736984211 7000 -0.002126127736984211 14000 -0.9957477445260313 
m400042 6000 -0.004196336844531237 7000 -0.004196336844531237 14000 -0.9916073263109376 
m400043 6000 -0.005910846285710429 7000 -0.005910846285710429 14000 -0.9881783074285794 
m400044 6000 -0.007912776330972409 7000 -0.007912776330972409 14000 -0.9841744473380548 
m400045 6000 -0.0005075369973344819 7000 -0.0005075369973344819 14000 -0.9989849260053312 
m400046 6000 -0.0018590515337898292 7000 -0.0018590515337898292 14000 -0.9962818969324203 
m400047 6000 -0.004009225728731254 7000 -0.004009225728731254 14000 -0.9919815485425377 
m400048 6000 -0.005756465392605695 7000 -0.005756465392605695 14000 -0.9884870692147889 
m400049 6000 -0.007799656252611642 7000 -0.007799656252611642 14000 -0.984400687494777 
m400050 6000 -0.00039433456347443517 7000 -0.00039433456347443517 14000 -0.9992113308730509 
m400051 6000 -0.00221672759795321 7000 -0.00221672759795321 14000 -0.9955665448040932 
m400052 6000 -0.0035473425785562734 7000 -0.0035473425785562734 14000 -0.9929053148428875 
m400053 6000 -0.0062369261611530825 7000 -0.0062369261611530825 14000 -0.9875261476776943 
m400054 6000 -0.007780761663461754 7000 -0.007780761663461754 14000 -0.9844384766730766 
m400055 6000 -0.0005152654107642391 7000 -0.0005152654107642391 14000 -0.9989694691784716 
m400056 6000 -0.00190256935217508 7000 -0.00190256935217508 14000 -0.9961948612956499 
m400057 6000 -0.004109396005864791 7000 -0.004109396005864791 14000 -0.9917812079882702 
m400058 6000 -0.00627745729771756 7000 -0.00627745729771756 14000 -0.9874450854045652 
m400059 6000 -0.008001374315462823 7000 -0.008001374315462823 14000 -0.9839972513690743 
m400060 6000 -0.0005821810070505656 7000 -0.0005821810070505656 14000 -0.9988356379858989 
m400061 6000 -0.002142732653241475 7000 -0.002142732653241475 14000 -0.9957145346935168 
m400062 6000 -0.00395056396485544 7000 -0.00395056396485544 14000 -0.9920988720702888 
m400063 6000 -0.006000637207867131 7000 -0.006000637207867131 14000 -0.9879987255842656 
m400064 6000 -0.007961320378058877 7000 -0.007961320378058877 14000 -0.9840773592438826 
m400065 6000 -0.0006177851138478434 7000 -0.0006177851138478434 14000 -0.9987644297723043 
m400066 6000 -0.0022414697935466883 7000 -0.0022414697935466883 14000 -0.995517060412907 
m400067 6000 -0.004061509043814987 7000 -0.004061509043814987 14000 -0.9918769819123705 
m400068 6000 -0.005993061258088351 7000 -0.005993061258088351 14000 -0.9880138774838231 
m400069 6000 -0.00791476504370114 7000 -0.00791476504370114 14000 -0.9841704699125977 
m400070 6000 -0.0004174312460811419 7000 -0.0004174312460811419 14000 -0.999165137507838 
m400071 6000 -0.00199158850723087 7000 -0.00199158850723087 14000 -0.9960168229855384 
m400072 6000 -0.004300636767152955 7000 -0.004300636767152955 14000 -0.9913987264656942 
m400073 6000 -0.005907916543367004 7000 -0.005907916543367004 14000 -0.9881841669132662 
m400074 6000 -0.008047291386637312 7000 -0.008047291386637312 14000 -0.9839054172267251 
m400075 6000 -0.0006882732844588432 7000 -0.0006882732844588432 14000 -0.9986234534310823 
m400076 6000 -0.0021219875139124812 7000 -0.0021219875139124812 14000 -0.9957560249721752 
m400077 6000 -0.003885872748556021 7000 -0.003885872748556021 14000 -0.992228254502888 
m400078 6000 -0.00585023342102589 7000 -0.00585023342102589 14000 -0.988299533157948 
m400079 6000 -0.00825624764728152 7000 -0.00825624764728152 14000 -0.9834875047054372 
m400080 6000 -0.0005515964874236011 7000 -0.0005515964874236011 14000 -0.9988968070251529 
m400081 6000 -0.0018788102564913439 7000 -0.0018788102564913439 14000 -0.9962423794870173 
m400082 6000 -0.004121807465901149 7000 -0.004121807465901149 14000 -0.9917563850681972 
m400083 6000 -0.005694778344088119 7000 -0.005694778344088119 14000 -0.9886104433118237 
m400084 6000 -0.00788234805742634 7000 -0.00788234805742634 14000 -0.9842353038851474 
m400085 6000 -0.0005106876410450316 7000 -0.0005106876410450316 14000 -0.99897862471791 
m400086 6000 -0.0017688761795606168 7000 -0.0017688761795606168 14000 -0.9964622476408787 
m400087 6000 -0.003942895757876903 7000 -0.003942895757876903 14000 -0.9921142084842463 
m400088 6000 -0.005971969644299559 7000 -0.005971969644299559 14000 -0.9880560607114007 
m400089 6000 -0.007990167342332767 7000 -0.007990167342332767 14000 -0.9840196653153345 
m400090 6000 -0.0005415120782914475 7000 -0.0005415120782914475 14000 -0.998916975843417 
m400091 6000 -0.001852527509873349 7000 -0.001852527509873349 14000 -0.9962949449802535 
m400092 6000 -0.004143491489026636 7000 -0.004143491489026636 14000 -0.9917130170219468 
m400093 6000 -0.006034526263287658 7000 -0.006034526263287658 14000 -0.9879309474734248 
m400094 6000 -0.007786259188935234 7000 -0.007786259188935234 14000 -0.9844274816221298 
m400095 6000 -0.0005259494565178252 7000 -0.0005259494565178252 14000 -0.9989481010869645 
m400096 6000 -0.001997780660977943 7000 -0.001997780660977943 14000 -0.9960044386780441 
m400097 6000 -0.004062173245759405 7000 -0.004062173245759405 14000 -0.9918756535084812 
m400098 6000 -0.005991514520530908 7000 -0.005991514520530908 14000 -0.9880169709589383 
m400099 6000 -0.00797986836612266 7000 -0.00797986836612266 14000 -0.9840402632677548 
m400100 6000 -0.0005344610872133369 7000 -0.0005344610872133369 14000 -0.9989310778255732 
m400101 6000 -0.002200668291065841 7000 -0.002200668291065841 14000 -0.9955986634178678 
m400102 6000 -0.004272907454050523 7000 -0.004272907454050523 14000 -0.991454185091899 
m400103 6000 -0.006016347868787218 7000 -0.006016347868787218 14000 -0.9879673042624258 
m400104 6000 -0.007970993324523841 7000 -0.007970993324523841 14000 -0.9840580133509524 
m400105 6000 -0.0005980254131965319 7000 -0.0005980254131965319 14000 -0.9988039491736066 
m400106 6000 -0.0019998251076296376 7000 -0.0019998251076296376 14000 -0.9960003497847403 
m400107 6000 -0.003938512202078363 7000 -0.003938512202078363 14000 -0.9921229755958437 
m400108 6000 -0.005739727359039697 7000 -0.005739727359039697 14000 -0.9885205452819205 
m400109 6000 -0.008146470881116951 7000 -0.008146470881116951 14000 -0.9837070582377663 
m400110 6000 -0.0005160806367839245 7000 -0.0005160806367839245 14000 -0.9989678387264321 
m400111 6000 -0.001885828366521394 7000 -0.001885828366521394 14000 -0.9962283432669575 
m400112 6000 -0.003977911124345476 7000 -0.003977911124345476 14000 -0.9920441777513088 
m400113 6000 -0.005921777336550287 7000 -0.005921777336550287 14000 -0.9881564453268993 
m400114 6000 -0.007764018064461135 7000 -0.007764018064461135 14000 -0.9844719638710777 
m400115 6000 -0.0005641901081026312 7000 -0.0005641901081026312 14000 -0.9988716197837949 
m400116 6000 -0.0019213981013479517 7000 -0.0019213981013479517 14000 -0.9961572037973039 
m400117 6000 -0.0040386610436808435 7000 -0.0040386610436808435 14000 -0.9919226779126384 
m400118 6000 -0.005722962474208361 7000 -0.005722962474208361 14000 -0.9885540750515832 
m400119 6000 -0.008110532230646552 7000 -0.008110532230646552 14000 -0.9837789355387069 
m400120 6000 -0.0004745374602193055 7000 -0.0004745374602193055 14000 -0.9990509250795615 
m400121 6000 -0.002095454319346594 7000 -0.002095454319346594 14000 -0.9958090913613067 
m400122 6000 -0.004014146129718261 7000 -0.004014146129718261 14000 -0.991971707740564 
m400123 6000 -0.005946631388267187 7000 -0.005946631388267187 14000 -0.9881067372234658 
m400124 6000 -0.007888514166147479 7000 -0.007888514166147479 14000 -0.9842229716677052 
c **********************************
c PE+Pb, dens=4.78 g/cm3
m2      6000    -0.04286 $Carbon
        1001    -0.00714 $Hydrogen
        82000   -0.95000 $Lead
c **********************************
m3    1001 -0.048535 $Boric acid
      5010 -0.034981
      5011 -0.139923
      8016 -0.776561
c **********************************
m4    82000 1 $Lead
c **********************************
m5 26000 1 $Iron
c **********************************
m6     13027   -1.000 $ Aluminum
c **********************************
c  SS-304 (8.00 g/cm3), #298 in PNNL Compendium
m7   006000.50c -0.0004000
     014000.60c -0.0050000
     015031.50c -0.0002300
     016000.60c -0.0001500
     024000.50c -0.1899981
     025055.60c -0.0099999
     026000.50c -0.7017229
     028000.50c -0.0924991
c ****************************************
c       LaBr detector
c ****************************************
m8       35079    -0.2946       $ Br79
         35081    -0.3069       $ Br81
         57139    -0.3485       $ La139
         58140    -0.0500       $ Ce140
c ************ air den=1.15e-3g/cc
m12     8016 -0.23
        7014 -0.77
c ************ Rubber Natural den=0.92 g/cc
m13     1001 -0.118371  $weight fraction
        6000 -0.881629
c
c end material cards
c
rand seed=8674536546524321 $different initial random #; seed# - any less 18 digits
c
c ********** begin tallies *********************
fc78 *********Broadened Pulse Height Tally Sum of Detectors 1,2 & 3 ***********
e78 0 1e-5 932i 8.4295
F78:p (101)
FT78 GEB -0.026198 0.059551 -0.037176
fc18 *********Unbroadened Pulse Height Tally Sum of Detectors 1,2 & 3 ***********
e18 0 1e-5 932i 8.4295
F18:p (101)
c ***********************************
c mplot tal 78 freq 10000
nps 1e9
