c CAS DETECTOR
c w/ Shielding in Place and Wheels
c
c CELL CARDS
c
c @@@@@@@@@@ Detectors @@@@@@@@@@@@@@@@@
c
101 8 -5.08 -21 imp:n,p 1 $LaBr Detector #1 Active Region
c
c @@@@@@@@@ Shielding @@@@@@@@@@@@@@@@@
c
121 2 -4.78 -31 imp:n,p 1 $PE_Pb
122 4 -11.29 -32 imp:n,p 1 $Pb1
123 4 -11.29 -33 imp:n,p 1 $Pb2
124 4 -11.29 -34 imp:n,p 1 $Pb3
125 4 -11.29 -35 imp:n,p 1 $Pb4
126 4 -11.29 -36 imp:n,p 1 $Pb5
127 4 -11.29 -37 imp:n,p 1 $Pb6
128 3 -1.5 -38 imp:n,p 1 $BA1
129 3 -1.5 -39 imp:n,p 1 $BA2
130 6 -2.7 -40 imp:n,p 1 $Al
131 7 -7.92 301 -302 303 -304 imp:n,p 1 $Fe-tube
132 5 -7.8 -401 imp:n,p 1 $Fe
133 5 -7.8 -402 imp:n,p 1 $Fe
c @@@@@@@@@@ Wheels @@@@@@@@@@@@@@@@@
c
21 13 -0.92 -41 42 imp:n,p 1 $Wheel 1
211 13 -0.92 -421 422 imp:n,p 1 $Wheel 1
212 13 -0.92 -423 424 imp:n,p 1 $Wheel 1
22 13 -0.92 -43 44 imp:n,p 1 $Wheel 2
221 13 -0.92 -441 442 imp:n,p 1 $Wheel 2
222 13 -0.92 -443 444 imp:n,p 1 $Wheel 2
23 13 -0.92 -45 46 imp:n,p 1 $Wheel 3
231 13 -0.92 -461 462 imp:n,p 1 $Wheel 3
232 13 -0.92 -463 464 imp:n,p 1 $Wheel 3
24 13 -0.92 -47 48 imp:n,p 1 $Wheel 4
241 13 -0.92 -481 482 imp:n,p 1 $Wheel 4
242 13 -0.92 -483 484 imp:n,p 1 $Wheel 4
c
c @@@@@@@@@@ SOIL VOLUME @@@@@@@@@@@
c
300000 400000 -2.156 20010 -20011 20020 -20021 20030 -20031 imp:n,p 1
300001 400001 -2.156 20010 -20011 20020 -20021 20031 -20032 imp:n,p 1
300002 400002 -2.156 20010 -20011 20020 -20021 20032 -20033 imp:n,p 1
300003 400003 -2.156 20010 -20011 20020 -20021 20033 -20034 imp:n,p 1
300004 400004 -2.156 20010 -20011 20020 -20021 20034 -20035 imp:n,p 1
300005 400005 -2.156 20011 -20012 20020 -20021 20030 -20031 imp:n,p 1
300006 400006 -2.156 20011 -20012 20020 -20021 20031 -20032 imp:n,p 1
300007 400007 -2.156 20011 -20012 20020 -20021 20032 -20033 imp:n,p 1
300008 400008 -2.156 20011 -20012 20020 -20021 20033 -20034 imp:n,p 1
300009 400009 -2.156 20011 -20012 20020 -20021 20034 -20035 imp:n,p 1
300010 400010 -2.156 20012 -20013 20020 -20021 20030 -20031 imp:n,p 1
300011 400011 -2.156 20012 -20013 20020 -20021 20031 -20032 imp:n,p 1
300012 400012 -2.156 20012 -20013 20020 -20021 20032 -20033 imp:n,p 1
300013 400013 -2.156 20012 -20013 20020 -20021 20033 -20034 imp:n,p 1
300014 400014 -2.156 20012 -20013 20020 -20021 20034 -20035 imp:n,p 1
300015 400015 -2.156 20013 -20014 20020 -20021 20030 -20031 imp:n,p 1
300016 400016 -2.156 20013 -20014 20020 -20021 20031 -20032 imp:n,p 1
300017 400017 -2.156 20013 -20014 20020 -20021 20032 -20033 imp:n,p 1
300018 400018 -2.156 20013 -20014 20020 -20021 20033 -20034 imp:n,p 1
300019 400019 -2.156 20013 -20014 20020 -20021 20034 -20035 imp:n,p 1
300020 400020 -2.156 20014 -20015 20020 -20021 20030 -20031 imp:n,p 1
300021 400021 -2.156 20014 -20015 20020 -20021 20031 -20032 imp:n,p 1
300022 400022 -2.156 20014 -20015 20020 -20021 20032 -20033 imp:n,p 1
300023 400023 -2.156 20014 -20015 20020 -20021 20033 -20034 imp:n,p 1
300024 400024 -2.156 20014 -20015 20020 -20021 20034 -20035 imp:n,p 1
300025 400025 -2.156 20010 -20011 20021 -20022 20030 -20031 imp:n,p 1
300026 400026 -2.156 20010 -20011 20021 -20022 20031 -20032 imp:n,p 1
300027 400027 -2.156 20010 -20011 20021 -20022 20032 -20033 imp:n,p 1
300028 400028 -2.156 20010 -20011 20021 -20022 20033 -20034 imp:n,p 1
300029 400029 -2.156 20010 -20011 20021 -20022 20034 -20035 imp:n,p 1
300030 400030 -2.156 20011 -20012 20021 -20022 20030 -20031 imp:n,p 1
300031 400031 -2.156 20011 -20012 20021 -20022 20031 -20032 imp:n,p 1
300032 400032 -2.156 20011 -20012 20021 -20022 20032 -20033 imp:n,p 1
300033 400033 -2.156 20011 -20012 20021 -20022 20033 -20034 imp:n,p 1
300034 400034 -2.156 20011 -20012 20021 -20022 20034 -20035 imp:n,p 1
300035 400035 -2.156 20012 -20013 20021 -20022 20030 -20031 imp:n,p 1
300036 400036 -2.156 20012 -20013 20021 -20022 20031 -20032 imp:n,p 1
300037 400037 -2.156 20012 -20013 20021 -20022 20032 -20033 imp:n,p 1
300038 400038 -2.156 20012 -20013 20021 -20022 20033 -20034 imp:n,p 1
300039 400039 -2.156 20012 -20013 20021 -20022 20034 -20035 imp:n,p 1
300040 400040 -2.156 20013 -20014 20021 -20022 20030 -20031 imp:n,p 1
300041 400041 -2.156 20013 -20014 20021 -20022 20031 -20032 imp:n,p 1
300042 400042 -2.156 20013 -20014 20021 -20022 20032 -20033 imp:n,p 1
300043 400043 -2.156 20013 -20014 20021 -20022 20033 -20034 imp:n,p 1
300044 400044 -2.156 20013 -20014 20021 -20022 20034 -20035 imp:n,p 1
300045 400045 -2.156 20014 -20015 20021 -20022 20030 -20031 imp:n,p 1
300046 400046 -2.156 20014 -20015 20021 -20022 20031 -20032 imp:n,p 1
300047 400047 -2.156 20014 -20015 20021 -20022 20032 -20033 imp:n,p 1
300048 400048 -2.156 20014 -20015 20021 -20022 20033 -20034 imp:n,p 1
300049 400049 -2.156 20014 -20015 20021 -20022 20034 -20035 imp:n,p 1
300050 400050 -2.156 20010 -20011 20022 -20023 20030 -20031 imp:n,p 1
300051 400051 -2.156 20010 -20011 20022 -20023 20031 -20032 imp:n,p 1
300052 400052 -2.156 20010 -20011 20022 -20023 20032 -20033 imp:n,p 1
300053 400053 -2.156 20010 -20011 20022 -20023 20033 -20034 imp:n,p 1
300054 400054 -2.156 20010 -20011 20022 -20023 20034 -20035 imp:n,p 1
300055 400055 -2.156 20011 -20012 20022 -20023 20030 -20031 imp:n,p 1
300056 400056 -2.156 20011 -20012 20022 -20023 20031 -20032 imp:n,p 1
300057 400057 -2.156 20011 -20012 20022 -20023 20032 -20033 imp:n,p 1
300058 400058 -2.156 20011 -20012 20022 -20023 20033 -20034 imp:n,p 1
300059 400059 -2.156 20011 -20012 20022 -20023 20034 -20035 imp:n,p 1
300060 400060 -2.156 20012 -20013 20022 -20023 20030 -20031 imp:n,p 1
300061 400061 -2.156 20012 -20013 20022 -20023 20031 -20032 imp:n,p 1
300062 400062 -2.156 20012 -20013 20022 -20023 20032 -20033 imp:n,p 1
300063 400063 -2.156 20012 -20013 20022 -20023 20033 -20034 imp:n,p 1
300064 400064 -2.156 20012 -20013 20022 -20023 20034 -20035 imp:n,p 1
300065 400065 -2.156 20013 -20014 20022 -20023 20030 -20031 imp:n,p 1
300066 400066 -2.156 20013 -20014 20022 -20023 20031 -20032 imp:n,p 1
300067 400067 -2.156 20013 -20014 20022 -20023 20032 -20033 imp:n,p 1
300068 400068 -2.156 20013 -20014 20022 -20023 20033 -20034 imp:n,p 1
300069 400069 -2.156 20013 -20014 20022 -20023 20034 -20035 imp:n,p 1
300070 400070 -2.156 20014 -20015 20022 -20023 20030 -20031 imp:n,p 1
300071 400071 -2.156 20014 -20015 20022 -20023 20031 -20032 imp:n,p 1
300072 400072 -2.156 20014 -20015 20022 -20023 20032 -20033 imp:n,p 1
300073 400073 -2.156 20014 -20015 20022 -20023 20033 -20034 imp:n,p 1
300074 400074 -2.156 20014 -20015 20022 -20023 20034 -20035 imp:n,p 1
300075 400075 -2.156 20010 -20011 20023 -20024 20030 -20031 imp:n,p 1
300076 400076 -2.156 20010 -20011 20023 -20024 20031 -20032 imp:n,p 1
300077 400077 -2.156 20010 -20011 20023 -20024 20032 -20033 imp:n,p 1
300078 400078 -2.156 20010 -20011 20023 -20024 20033 -20034 imp:n,p 1
300079 400079 -2.156 20010 -20011 20023 -20024 20034 -20035 imp:n,p 1
300080 400080 -2.156 20011 -20012 20023 -20024 20030 -20031 imp:n,p 1
300081 400081 -2.156 20011 -20012 20023 -20024 20031 -20032 imp:n,p 1
300082 400082 -2.156 20011 -20012 20023 -20024 20032 -20033 imp:n,p 1
300083 400083 -2.156 20011 -20012 20023 -20024 20033 -20034 imp:n,p 1
300084 400084 -2.156 20011 -20012 20023 -20024 20034 -20035 imp:n,p 1
300085 400085 -2.156 20012 -20013 20023 -20024 20030 -20031 imp:n,p 1
300086 400086 -2.156 20012 -20013 20023 -20024 20031 -20032 imp:n,p 1
300087 400087 -2.156 20012 -20013 20023 -20024 20032 -20033 imp:n,p 1
300088 400088 -2.156 20012 -20013 20023 -20024 20033 -20034 imp:n,p 1
300089 400089 -2.156 20012 -20013 20023 -20024 20034 -20035 imp:n,p 1
300090 400090 -2.156 20013 -20014 20023 -20024 20030 -20031 imp:n,p 1
300091 400091 -2.156 20013 -20014 20023 -20024 20031 -20032 imp:n,p 1
300092 400092 -2.156 20013 -20014 20023 -20024 20032 -20033 imp:n,p 1
300093 400093 -2.156 20013 -20014 20023 -20024 20033 -20034 imp:n,p 1
300094 400094 -2.156 20013 -20014 20023 -20024 20034 -20035 imp:n,p 1
300095 400095 -2.156 20014 -20015 20023 -20024 20030 -20031 imp:n,p 1
300096 400096 -2.156 20014 -20015 20023 -20024 20031 -20032 imp:n,p 1
300097 400097 -2.156 20014 -20015 20023 -20024 20032 -20033 imp:n,p 1
300098 400098 -2.156 20014 -20015 20023 -20024 20033 -20034 imp:n,p 1
300099 400099 -2.156 20014 -20015 20023 -20024 20034 -20035 imp:n,p 1
300100 400100 -2.156 20010 -20011 20024 -20025 20030 -20031 imp:n,p 1
300101 400101 -2.156 20010 -20011 20024 -20025 20031 -20032 imp:n,p 1
300102 400102 -2.156 20010 -20011 20024 -20025 20032 -20033 imp:n,p 1
300103 400103 -2.156 20010 -20011 20024 -20025 20033 -20034 imp:n,p 1
300104 400104 -2.156 20010 -20011 20024 -20025 20034 -20035 imp:n,p 1
300105 400105 -2.156 20011 -20012 20024 -20025 20030 -20031 imp:n,p 1
300106 400106 -2.156 20011 -20012 20024 -20025 20031 -20032 imp:n,p 1
300107 400107 -2.156 20011 -20012 20024 -20025 20032 -20033 imp:n,p 1
300108 400108 -2.156 20011 -20012 20024 -20025 20033 -20034 imp:n,p 1
300109 400109 -2.156 20011 -20012 20024 -20025 20034 -20035 imp:n,p 1
300110 400110 -2.156 20012 -20013 20024 -20025 20030 -20031 imp:n,p 1
300111 400111 -2.156 20012 -20013 20024 -20025 20031 -20032 imp:n,p 1
300112 400112 -2.156 20012 -20013 20024 -20025 20032 -20033 imp:n,p 1
300113 400113 -2.156 20012 -20013 20024 -20025 20033 -20034 imp:n,p 1
300114 400114 -2.156 20012 -20013 20024 -20025 20034 -20035 imp:n,p 1
300115 400115 -2.156 20013 -20014 20024 -20025 20030 -20031 imp:n,p 1
300116 400116 -2.156 20013 -20014 20024 -20025 20031 -20032 imp:n,p 1
300117 400117 -2.156 20013 -20014 20024 -20025 20032 -20033 imp:n,p 1
300118 400118 -2.156 20013 -20014 20024 -20025 20033 -20034 imp:n,p 1
300119 400119 -2.156 20013 -20014 20024 -20025 20034 -20035 imp:n,p 1
300120 400120 -2.156 20014 -20015 20024 -20025 20030 -20031 imp:n,p 1
300121 400121 -2.156 20014 -20015 20024 -20025 20031 -20032 imp:n,p 1
300122 400122 -2.156 20014 -20015 20024 -20025 20032 -20033 imp:n,p 1
300123 400123 -2.156 20014 -20015 20024 -20025 20033 -20034 imp:n,p 1
300124 400124 -2.156 20014 -20015 20024 -20025 20034 -20035 imp:n,p 1
c
30 12 -0.00129 -200 #101 #121 #122 #123 #124 #125 #126 #127 #128 #129 #130 #131 #132 #133
        #21 #211 #212 #22 #221 #222 #23 #231 #232 #24 #241 #242 #20 imp:n,p 1 $Rest of the World
31 0 200 imp:n,p 0 $Outside world

c SURFACE CARDS
c
c Sample Volume
20010 px -56.0
20011 px -33.600000000000364
20012 px -11.200000000000728
20013 px 11.200000000000728
20014 px 33.600000000000364
20015 px 56.0
20020 py -45.0
20021 py -27.0
20022 py -9.0
20023 py 9.0
20024 py 27.0
20025 py 45.0
20030 pz 92.0
20031 pz 82.0
20032 pz 72.0
20033 pz 62.0
20034 pz 52.0
20035 pz 42.0
c Active Detector Region
21 rcc 56  -5.0 -1.0   0.0 20.3 0.0   4.5 $Detector 1 Base center, Hx,Hy,Hz, radius
c Shielding Surfaces
c Shielding Pb
31 rpp 19 29 -7.5 7.5 -11 9 $PbPE xmin xmax ymin ymax zmin zmax
32 rpp 9 19 4 9 -11 9 $Pb xmin xmax ymin ymax zmin zmax
33 rpp 9 19 -9 -4 -11 9 $Pb xmin xmax ymin ymax zmin zmax
34 rpp 19 29 7.5 12.5 -11 9 $Pb xmin xmax ymin ymax zmin zmax
35 rpp 19 29 -12.5 -7.5 -11 9 $Pb xmin xmax ymin ymax zmin zmax
36 rpp 29 34 -15 15 -11 9 $Pb xmin xmax ymin ymax zmin zmax
37 rpp 9 19 -4 4 4 9 $Pb xmin xmax ymin ymax zmin zmax
38 rpp -26 26 18 28 -11 9 $BA1 xmin xmax ymin ymax zmin zmax
39 rpp -26 26 -28 -18 -11 9 $BA2 xmin xmax ymin ymax zmin zmax
40 rpp -65 65 -28 28 10 10.5 $Al xmin xmax ymin ymax zmin zmax
401 rpp -27 27 29 34 -11 9 $Fe xmin xmax ymin ymax zmin zmax
402 rpp -27 27 -34 -29 -11 9 $Fe xmin xmax ymin ymax zmin zmax
301 px -20
302 px 18
303 cx 3.71
304 cx 3.81
c Wheels Surfaces
c 23/10.5-12 turf tires, 22.6 lb rubber
c diameter 29cm, tread width 25cm, and sidewall height 13.76 cm
c set thickness of all sides 1.3 cm (s.t. weight is 22.6 lb)
41 rcc -2 77 8   0.0 25 0.0 29 $wheel 1 outer tread surface
42 rcc -2 77 8   0.0 25 0.0 27.7 $wheel 1 inner tread surface
421 rcc -2 75.7 8   0.0 1.3 0.0 29 $wheel 1 outside sidewall exterior
422 rcc -2 75.7 8   0.0 1.3 0.0 15.24 $wheel 1 outside sidewall interior
423 rcc -2 102 8   0.0 1.3 0.0 29 $wheel 1 inside sidewall exterior
424 rcc -2 102 8   0.0 1.3 0.0 15.24 $wheel 1 inside sidewall interior
43 rcc 68 77 8   0.0 25 0.0 29 $wheel 2
44 rcc 68 77 8   0.0 25 0.0 27.7
441 rcc 68 75.7 8   0.0 1.3 0.0 29
442 rcc 68 75.7 8   0.0 1.3 0.0 15.24
443 rcc 68 102 8   0.0 1.3 0.0 29
444 rcc 68 102 8   0.0 1.3 0.0 15.24
45 rcc -2 -77 8   0.0 -25 0.0 29 $wheel 3
46 rcc -2 -77 8   0.0 -25 0.0 27.7
461 rcc -2 -75.7 8   0.0 -1.3 0.0 29
462 rcc -2 -75.7 8   0.0 -1.3 0.0 15.24
463 rcc -2 -102 8   0.0 -1.3 0.0 29
464 rcc -2 -102 8   0.0 -1.3 0.0 15.24
47 rcc 68 -77 8   0.0 -25 0.0 29 $wheel 4
48 rcc 68 -77 8   0.0 -25 0.0 27.7
481 rcc 68 -75.7 8   0.0 -1.3 0.0 29
482 rcc 68 -75.7 8   0.0 -1.3 0.0 15.24
483 rcc 68 -102 8   0.0 -1.3 0.0 29
484 rcc 68 -102 8   0.0 -1.3 0.0 15.24
200 so 800    $sphere of 800cm centered at origin
c

c DATA CARDS
mode n p
c dump every hr
prdmp -60 -60 -1
c 100 keV Neutron Energy Cutoff
Cut:n 1j 0.1
c analog neutron transport
phys:n 1j 14
phys:p
sdef pos=0 0 0 erg=14.0 vec= 0 0 1 dir=d1
si1  -1 .93 1
sp1   0  0.0  1.0
c ********************
c begin material cards
c ********************
c Pure Carbon
c ****************************************
m400000 6000 -0.0005295733534974487 7000 -0.0005295733534974487 14000 -0.9989408532930049 
m400001 6000 -0.0021539533177320526 7000 -0.0021539533177320526 14000 -0.9956920933645358 
m400002 6000 -0.00410592006761893 7000 -0.00410592006761893 14000 -0.9917881598647621 
m400003 6000 -0.006066173873389638 7000 -0.006066173873389638 14000 -0.9878676522532206 
m400004 6000 -0.007906704723105161 7000 -0.007906704723105161 14000 -0.9841865905537898 
m400005 6000 -0.00045885788929479136 7000 -0.00045885788929479136 14000 -0.9990822842214102 
m400006 6000 -0.00204291467812702 7000 -0.00204291467812702 14000 -0.9959141706437462 
m400007 6000 -0.004073203962333754 7000 -0.004073203962333754 14000 -0.9918535920753325 
m400008 6000 -0.005956117959614434 7000 -0.005956117959614434 14000 -0.9880877640807713 
m400009 6000 -0.007904805962943257 7000 -0.007904805962943257 14000 -0.9841903880741135 
m400010 6000 -0.0005194349318510733 7000 -0.0005194349318510733 14000 -0.9989611301362981 
m400011 6000 -0.001938668425870705 7000 -0.001938668425870705 14000 -0.9961226631482585 
m400012 6000 -0.004201356274019629 7000 -0.004201356274019629 14000 -0.9915972874519606 
m400013 6000 -0.006103549580479304 7000 -0.006103549580479304 14000 -0.9877929008390413 
m400014 6000 -0.00791207609760266 7000 -0.00791207609760266 14000 -0.9841758478047946 
m400015 6000 -0.0005629628064988325 7000 -0.0005629628064988325 14000 -0.9988740743870025 
m400016 6000 -0.0019151337056522047 7000 -0.0019151337056522047 14000 -0.9961697325886958 
m400017 6000 -0.004006110396539151 7000 -0.004006110396539151 14000 -0.9919877792069216 
m400018 6000 -0.005841688014972891 7000 -0.005841688014972891 14000 -0.9883166239700542 
m400019 6000 -0.007895081493624365 7000 -0.007895081493624365 14000 -0.9842098370127513 
m400020 6000 -0.0004782214376046779 7000 -0.0004782214376046779 14000 -0.9990435571247909 
m400021 6000 -0.0018065124245066739 7000 -0.0018065124245066739 14000 -0.9963869751509863 
m400022 6000 -0.004306643912493273 7000 -0.004306643912493273 14000 -0.9913867121750133 
m400023 6000 -0.006002742326485867 7000 -0.006002742326485867 14000 -0.987994515347028 
m400024 6000 -0.008021543765657266 7000 -0.008021543765657266 14000 -0.9839569124686857 
m400025 6000 -0.0005002818649158531 7000 -0.0005002818649158531 14000 -0.9989994362701681 
m400026 6000 -0.0018867563092306431 7000 -0.0018867563092306431 14000 -0.9962264873815388 
m400027 6000 -0.003763293309850872 7000 -0.003763293309850872 14000 -0.9924734133802979 
m400028 6000 -0.0062320392189521255 7000 -0.0062320392189521255 14000 -0.9875359215620959 
m400029 6000 -0.008059221012339123 7000 -0.008059221012339123 14000 -0.9838815579753217 
m400030 6000 -0.0006075169727529255 7000 -0.0006075169727529255 14000 -0.9987849660544942 
m400031 6000 -0.002140783989203556 7000 -0.002140783989203556 14000 -0.9957184320215927 
m400032 6000 -0.004024502714640171 7000 -0.004024502714640171 14000 -0.9919509945707199 
m400033 6000 -0.006057054355544444 7000 -0.006057054355544444 14000 -0.987885891288911 
m400034 6000 -0.00833100849493387 7000 -0.00833100849493387 14000 -0.9833379830101321 
m400035 6000 -0.00048358500533735775 7000 -0.00048358500533735775 14000 -0.9990328299893253 
m400036 6000 -0.002246083567172634 7000 -0.002246083567172634 14000 -0.9955078328656546 
m400037 6000 -0.003546905450243101 7000 -0.003546905450243101 14000 -0.9929061890995137 
m400038 6000 -0.005908205106194501 7000 -0.005908205106194501 14000 -0.988183589787611 
m400039 6000 -0.008069752893672615 7000 -0.008069752893672615 14000 -0.983860494212655 
m400040 6000 -0.0005675889430264754 7000 -0.0005675889430264754 14000 -0.9988648221139469 
m400041 6000 -0.0022053357583750473 7000 -0.0022053357583750473 14000 -0.99558932848325 
m400042 6000 -0.00397105476985554 7000 -0.00397105476985554 14000 -0.9920578904602891 
m400043 6000 -0.005769891019076409 7000 -0.005769891019076409 14000 -0.9884602179618471 
m400044 6000 -0.008144256436404573 7000 -0.008144256436404573 14000 -0.9837114871271906 
m400045 6000 -0.000501274400682115 7000 -0.000501274400682115 14000 -0.9989974511986359 
m400046 6000 -0.0019777500138578926 7000 -0.0019777500138578926 14000 -0.9960444999722843 
m400047 6000 -0.004056770121972063 7000 -0.004056770121972063 14000 -0.9918864597560558 
m400048 6000 -0.006012748770604972 7000 -0.006012748770604972 14000 -0.9879745024587904 
m400049 6000 -0.00801593759859127 7000 -0.00801593759859127 14000 -0.9839681248028171 
m400050 6000 -0.0004917320693115658 7000 -0.0004917320693115658 14000 -0.9990165358613768 
m400051 6000 -0.0019278202795021287 7000 -0.0019278202795021287 14000 -0.9961443594409958 
m400052 6000 -0.004078903599205372 7000 -0.004078903599205372 14000 -0.9918421928015891 
m400053 6000 -0.006070909505267588 7000 -0.006070909505267588 14000 -0.9878581809894649 
m400054 6000 -0.008152962810381225 7000 -0.008152962810381225 14000 -0.9836940743792374 
m400055 6000 -0.0005437870381902867 7000 -0.0005437870381902867 14000 -0.9989124259236192 
m400056 6000 -0.002267639547561362 7000 -0.002267639547561362 14000 -0.9954647209048771 
m400057 6000 -0.004140980077696786 7000 -0.004140980077696786 14000 -0.9917180398446068 
m400058 6000 -0.0059268979824484 7000 -0.0059268979824484 14000 -0.988146204035103 
m400059 6000 -0.008230264263593237 7000 -0.008230264263593237 14000 -0.9835394714728133 
m400060 6000 -0.00045248502446102167 7000 -0.00045248502446102167 14000 -0.9990950299510779 
m400061 6000 -0.0019514580160591192 7000 -0.0019514580160591192 14000 -0.9960970839678818 
m400062 6000 -0.003917281950457969 7000 -0.003917281950457969 14000 -0.9921654360990838 
m400063 6000 -0.006077661189330159 7000 -0.006077661189330159 14000 -0.9878446776213395 
m400064 6000 -0.007832987101618278 7000 -0.007832987101618278 14000 -0.9843340257967635 
m400065 6000 -0.00047431560088245615 7000 -0.00047431560088245615 14000 -0.9990513687982352 
m400066 6000 -0.0018752670826081615 7000 -0.0018752670826081615 14000 -0.9962494658347836 
m400067 6000 -0.004091783778551568 7000 -0.004091783778551568 14000 -0.9918164324428966 
m400068 6000 -0.00613105161230496 7000 -0.00613105161230496 14000 -0.9877378967753901 
m400069 6000 -0.007972491376313907 7000 -0.007972491376313907 14000 -0.9840550172473722 
m400070 6000 -0.00042229604905834046 7000 -0.00042229604905834046 14000 -0.9991554079018834 
m400071 6000 -0.00193445556961256 7000 -0.00193445556961256 14000 -0.9961310888607752 
m400072 6000 -0.0041089918743281596 7000 -0.0041089918743281596 14000 -0.9917820162513437 
m400073 6000 -0.005485618505671588 7000 -0.005485618505671588 14000 -0.9890287629886569 
m400074 6000 -0.007987871340682288 7000 -0.007987871340682288 14000 -0.9840242573186353 
m400075 6000 -0.0004191061120914591 7000 -0.0004191061120914591 14000 -0.9991617877758172 
m400076 6000 -0.0020851146102715302 7000 -0.0020851146102715302 14000 -0.9958297707794567 
m400077 6000 -0.0037881309657156787 7000 -0.0037881309657156787 14000 -0.9924237380685684 
m400078 6000 -0.005778880304341508 7000 -0.005778880304341508 14000 -0.9884422393913169 
m400079 6000 -0.0075964115407138825 7000 -0.0075964115407138825 14000 -0.9848071769185723 
m400080 6000 -0.0005730677356002074 7000 -0.0005730677356002074 14000 -0.9988538645287997 
m400081 6000 -0.001963398242967818 7000 -0.001963398242967818 14000 -0.9960732035140643 
m400082 6000 -0.00412851340411847 7000 -0.00412851340411847 14000 -0.9917429731917633 
m400083 6000 -0.006210198402224989 7000 -0.006210198402224989 14000 -0.9875796031955503 
m400084 6000 -0.007941946810046716 7000 -0.007941946810046716 14000 -0.9841161063799063 
m400085 6000 -0.00047562433985489765 7000 -0.00047562433985489765 14000 -0.9990487513202901 
m400086 6000 -0.001876958843191259 7000 -0.001876958843191259 14000 -0.9962460823136178 
m400087 6000 -0.0036851495840040734 7000 -0.0036851495840040734 14000 -0.992629700831992 
m400088 6000 -0.0061151750261543205 7000 -0.0061151750261543205 14000 -0.987769649947691 
m400089 6000 -0.007930655120300674 7000 -0.007930655120300674 14000 -0.9841386897593987 
m400090 6000 -0.0005366451904835385 7000 -0.0005366451904835385 14000 -0.9989267096190331 
m400091 6000 -0.0020665240168484017 7000 -0.0020665240168484017 14000 -0.9958669519663036 
m400092 6000 -0.0038502249007965872 7000 -0.0038502249007965872 14000 -0.9922995501984072 
m400093 6000 -0.006040396103289346 7000 -0.006040396103289346 14000 -0.9879192077934214 
m400094 6000 -0.008057206927419278 7000 -0.008057206927419278 14000 -0.9838855861451614 
m400095 6000 -0.0005445461586905357 7000 -0.0005445461586905357 14000 -0.9989109076826189 
m400096 6000 -0.0021524482408920315 7000 -0.0021524482408920315 14000 -0.9956951035182159 
m400097 6000 -0.004137150695712924 7000 -0.004137150695712924 14000 -0.9917256986085744 
m400098 6000 -0.00608481914212552 7000 -0.00608481914212552 14000 -0.9878303617157493 
m400099 6000 -0.00790059711923684 7000 -0.00790059711923684 14000 -0.9841988057615264 
m400100 6000 -0.00033246351601219095 7000 -0.00033246351601219095 14000 -0.9993350729679755 
m400101 6000 -0.0021611430566045036 7000 -0.0021611430566045036 14000 -0.9956777138867912 
m400102 6000 -0.0038840785262235287 7000 -0.0038840785262235287 14000 -0.9922318429475534 
m400103 6000 -0.006139305661097768 7000 -0.006139305661097768 14000 -0.9877213886778042 
m400104 6000 -0.008137824937463272 7000 -0.008137824937463272 14000 -0.9837243501250734 
m400105 6000 -0.00047936644864031853 7000 -0.00047936644864031853 14000 -0.9990412671027193 
m400106 6000 -0.002119787344771028 7000 -0.002119787344771028 14000 -0.995760425310458 
m400107 6000 -0.004312033087656892 7000 -0.004312033087656892 14000 -0.9913759338246863 
m400108 6000 -0.005968491415764867 7000 -0.005968491415764867 14000 -0.9880630171684703 
m400109 6000 -0.007859820777499565 7000 -0.007859820777499565 14000 -0.9842803584450012 
m400110 6000 -0.0005041470600822017 7000 -0.0005041470600822017 14000 -0.9989917058798357 
m400111 6000 -0.0020671066176774383 7000 -0.0020671066176774383 14000 -0.995865786764645 
m400112 6000 -0.003970673915362593 7000 -0.003970673915362593 14000 -0.9920586521692748 
m400113 6000 -0.005916263727596287 7000 -0.005916263727596287 14000 -0.9881674725448073 
m400114 6000 -0.007898058257508911 7000 -0.007898058257508911 14000 -0.9842038834849823 
m400115 6000 -0.0006025155956174555 7000 -0.0006025155956174555 14000 -0.9987949688087648 
m400116 6000 -0.002003383382388925 7000 -0.002003383382388925 14000 -0.9959932332352226 
m400117 6000 -0.004107010614053862 7000 -0.004107010614053862 14000 -0.9917859787718923 
m400118 6000 -0.0058775395646937815 7000 -0.0058775395646937815 14000 -0.9882449208706128 
m400119 6000 -0.00815613878895158 7000 -0.00815613878895158 14000 -0.983687722422097 
m400120 6000 -0.0003441818607369995 7000 -0.0003441818607369995 14000 -0.9993116362785259 
m400121 6000 -0.0018945594252694515 7000 -0.0018945594252694515 14000 -0.9962108811494608 
m400122 6000 -0.004018135531813138 7000 -0.004018135531813138 14000 -0.9919637289363736 
m400123 6000 -0.006241781124737741 7000 -0.006241781124737741 14000 -0.9875164377505243 
m400124 6000 -0.007926646955900002 7000 -0.007926646955900002 14000 -0.9841467060882004 
c **********************************
c PE+Pb, dens=4.78 g/cm3
m2      6000    -0.04286 $Carbon
        1001    -0.00714 $Hydrogen
        82000   -0.95000 $Lead
c **********************************
m3    1001 -0.048535 $Boric acid
      5010 -0.034981
      5011 -0.139923
      8016 -0.776561
c **********************************
m4    82000 1 $Lead
c **********************************
m5 26000 1 $Iron
c **********************************
m6     13027   -1.000 $ Aluminum
c **********************************
c  SS-304 (8.00 g/cm3), #298 in PNNL Compendium
m7   006000.50c -0.0004000
     014000.60c -0.0050000
     015031.50c -0.0002300
     016000.60c -0.0001500
     024000.50c -0.1899981
     025055.60c -0.0099999
     026000.50c -0.7017229
     028000.50c -0.0924991
c ****************************************
c       LaBr detector
c ****************************************
m8       35079    -0.2946       $ Br79
         35081    -0.3069       $ Br81
         57139    -0.3485       $ La139
         58140    -0.0500       $ Ce140
c ************ air den=1.15e-3g/cc
m12     8016 -0.23
        7014 -0.77
c ************ Rubber Natural den=0.92 g/cc
m13     1001 -0.118371  $weight fraction
        6000 -0.881629
c
c end material cards
c
rand seed=8674536546524321 $different initial random #; seed# - any less 18 digits
c
c ********** begin tallies *********************
fc78 *********Broadened Pulse Height Tally Sum of Detectors 1,2 & 3 ***********
e78 0 1e-5 932i 8.4295
F78:p (101)
FT78 GEB -0.026198 0.059551 -0.037176
fc18 *********Unbroadened Pulse Height Tally Sum of Detectors 1,2 & 3 ***********
e18 0 1e-5 932i 8.4295
F18:p (101)
c ***********************************
c mplot tal 78 freq 10000
nps 1e9
