c CAS DETECTOR
c w/ Shielding in Place and Wheels
c
c CELL CARDS
c
c @@@@@@@@@@ Detectors @@@@@@@@@@@@@@@@@
c
101 8 -5.08 -21 imp:n,p 1 $LaBr Detector #1 Active Region
c
c @@@@@@@@@ Shielding @@@@@@@@@@@@@@@@@
c
121 2 -4.78 -31 imp:n,p 1 $PE_Pb
122 4 -11.29 -32 imp:n,p 1 $Pb1
123 4 -11.29 -33 imp:n,p 1 $Pb2
124 4 -11.29 -34 imp:n,p 1 $Pb3
125 4 -11.29 -35 imp:n,p 1 $Pb4
126 4 -11.29 -36 imp:n,p 1 $Pb5
127 4 -11.29 -37 imp:n,p 1 $Pb6
128 3 -1.5 -38 imp:n,p 1 $BA1
129 3 -1.5 -39 imp:n,p 1 $BA2
130 6 -2.7 -40 imp:n,p 1 $Al
131 7 -7.92 301 -302 303 -304 imp:n,p 1 $Fe-tube
132 5 -7.8 -401 imp:n,p 1 $Fe
133 5 -7.8 -402 imp:n,p 1 $Fe
c @@@@@@@@@@ Wheels @@@@@@@@@@@@@@@@@
c
21 13 -0.92 -41 42 imp:n,p 1 $Wheel 1
211 13 -0.92 -421 422 imp:n,p 1 $Wheel 1
212 13 -0.92 -423 424 imp:n,p 1 $Wheel 1
22 13 -0.92 -43 44 imp:n,p 1 $Wheel 2
221 13 -0.92 -441 442 imp:n,p 1 $Wheel 2
222 13 -0.92 -443 444 imp:n,p 1 $Wheel 2
23 13 -0.92 -45 46 imp:n,p 1 $Wheel 3
231 13 -0.92 -461 462 imp:n,p 1 $Wheel 3
232 13 -0.92 -463 464 imp:n,p 1 $Wheel 3
24 13 -0.92 -47 48 imp:n,p 1 $Wheel 4
241 13 -0.92 -481 482 imp:n,p 1 $Wheel 4
242 13 -0.92 -483 484 imp:n,p 1 $Wheel 4
c
c @@@@@@@@@@ SOIL VOLUME @@@@@@@@@@@
c
300000 400000 -2.156 20010 -20011 20020 -20021 20030 -20031 imp:n,p 1
300001 400001 -2.156 20010 -20011 20020 -20021 20031 -20032 imp:n,p 1
300002 400002 -2.156 20010 -20011 20020 -20021 20032 -20033 imp:n,p 1
300003 400003 -2.156 20010 -20011 20020 -20021 20033 -20034 imp:n,p 1
300004 400004 -2.156 20010 -20011 20020 -20021 20034 -20035 imp:n,p 1
300005 400005 -2.156 20011 -20012 20020 -20021 20030 -20031 imp:n,p 1
300006 400006 -2.156 20011 -20012 20020 -20021 20031 -20032 imp:n,p 1
300007 400007 -2.156 20011 -20012 20020 -20021 20032 -20033 imp:n,p 1
300008 400008 -2.156 20011 -20012 20020 -20021 20033 -20034 imp:n,p 1
300009 400009 -2.156 20011 -20012 20020 -20021 20034 -20035 imp:n,p 1
300010 400010 -2.156 20012 -20013 20020 -20021 20030 -20031 imp:n,p 1
300011 400011 -2.156 20012 -20013 20020 -20021 20031 -20032 imp:n,p 1
300012 400012 -2.156 20012 -20013 20020 -20021 20032 -20033 imp:n,p 1
300013 400013 -2.156 20012 -20013 20020 -20021 20033 -20034 imp:n,p 1
300014 400014 -2.156 20012 -20013 20020 -20021 20034 -20035 imp:n,p 1
300015 400015 -2.156 20013 -20014 20020 -20021 20030 -20031 imp:n,p 1
300016 400016 -2.156 20013 -20014 20020 -20021 20031 -20032 imp:n,p 1
300017 400017 -2.156 20013 -20014 20020 -20021 20032 -20033 imp:n,p 1
300018 400018 -2.156 20013 -20014 20020 -20021 20033 -20034 imp:n,p 1
300019 400019 -2.156 20013 -20014 20020 -20021 20034 -20035 imp:n,p 1
300020 400020 -2.156 20014 -20015 20020 -20021 20030 -20031 imp:n,p 1
300021 400021 -2.156 20014 -20015 20020 -20021 20031 -20032 imp:n,p 1
300022 400022 -2.156 20014 -20015 20020 -20021 20032 -20033 imp:n,p 1
300023 400023 -2.156 20014 -20015 20020 -20021 20033 -20034 imp:n,p 1
300024 400024 -2.156 20014 -20015 20020 -20021 20034 -20035 imp:n,p 1
300025 400025 -2.156 20010 -20011 20021 -20022 20030 -20031 imp:n,p 1
300026 400026 -2.156 20010 -20011 20021 -20022 20031 -20032 imp:n,p 1
300027 400027 -2.156 20010 -20011 20021 -20022 20032 -20033 imp:n,p 1
300028 400028 -2.156 20010 -20011 20021 -20022 20033 -20034 imp:n,p 1
300029 400029 -2.156 20010 -20011 20021 -20022 20034 -20035 imp:n,p 1
300030 400030 -2.156 20011 -20012 20021 -20022 20030 -20031 imp:n,p 1
300031 400031 -2.156 20011 -20012 20021 -20022 20031 -20032 imp:n,p 1
300032 400032 -2.156 20011 -20012 20021 -20022 20032 -20033 imp:n,p 1
300033 400033 -2.156 20011 -20012 20021 -20022 20033 -20034 imp:n,p 1
300034 400034 -2.156 20011 -20012 20021 -20022 20034 -20035 imp:n,p 1
300035 400035 -2.156 20012 -20013 20021 -20022 20030 -20031 imp:n,p 1
300036 400036 -2.156 20012 -20013 20021 -20022 20031 -20032 imp:n,p 1
300037 400037 -2.156 20012 -20013 20021 -20022 20032 -20033 imp:n,p 1
300038 400038 -2.156 20012 -20013 20021 -20022 20033 -20034 imp:n,p 1
300039 400039 -2.156 20012 -20013 20021 -20022 20034 -20035 imp:n,p 1
300040 400040 -2.156 20013 -20014 20021 -20022 20030 -20031 imp:n,p 1
300041 400041 -2.156 20013 -20014 20021 -20022 20031 -20032 imp:n,p 1
300042 400042 -2.156 20013 -20014 20021 -20022 20032 -20033 imp:n,p 1
300043 400043 -2.156 20013 -20014 20021 -20022 20033 -20034 imp:n,p 1
300044 400044 -2.156 20013 -20014 20021 -20022 20034 -20035 imp:n,p 1
300045 400045 -2.156 20014 -20015 20021 -20022 20030 -20031 imp:n,p 1
300046 400046 -2.156 20014 -20015 20021 -20022 20031 -20032 imp:n,p 1
300047 400047 -2.156 20014 -20015 20021 -20022 20032 -20033 imp:n,p 1
300048 400048 -2.156 20014 -20015 20021 -20022 20033 -20034 imp:n,p 1
300049 400049 -2.156 20014 -20015 20021 -20022 20034 -20035 imp:n,p 1
300050 400050 -2.156 20010 -20011 20022 -20023 20030 -20031 imp:n,p 1
300051 400051 -2.156 20010 -20011 20022 -20023 20031 -20032 imp:n,p 1
300052 400052 -2.156 20010 -20011 20022 -20023 20032 -20033 imp:n,p 1
300053 400053 -2.156 20010 -20011 20022 -20023 20033 -20034 imp:n,p 1
300054 400054 -2.156 20010 -20011 20022 -20023 20034 -20035 imp:n,p 1
300055 400055 -2.156 20011 -20012 20022 -20023 20030 -20031 imp:n,p 1
300056 400056 -2.156 20011 -20012 20022 -20023 20031 -20032 imp:n,p 1
300057 400057 -2.156 20011 -20012 20022 -20023 20032 -20033 imp:n,p 1
300058 400058 -2.156 20011 -20012 20022 -20023 20033 -20034 imp:n,p 1
300059 400059 -2.156 20011 -20012 20022 -20023 20034 -20035 imp:n,p 1
300060 400060 -2.156 20012 -20013 20022 -20023 20030 -20031 imp:n,p 1
300061 400061 -2.156 20012 -20013 20022 -20023 20031 -20032 imp:n,p 1
300062 400062 -2.156 20012 -20013 20022 -20023 20032 -20033 imp:n,p 1
300063 400063 -2.156 20012 -20013 20022 -20023 20033 -20034 imp:n,p 1
300064 400064 -2.156 20012 -20013 20022 -20023 20034 -20035 imp:n,p 1
300065 400065 -2.156 20013 -20014 20022 -20023 20030 -20031 imp:n,p 1
300066 400066 -2.156 20013 -20014 20022 -20023 20031 -20032 imp:n,p 1
300067 400067 -2.156 20013 -20014 20022 -20023 20032 -20033 imp:n,p 1
300068 400068 -2.156 20013 -20014 20022 -20023 20033 -20034 imp:n,p 1
300069 400069 -2.156 20013 -20014 20022 -20023 20034 -20035 imp:n,p 1
300070 400070 -2.156 20014 -20015 20022 -20023 20030 -20031 imp:n,p 1
300071 400071 -2.156 20014 -20015 20022 -20023 20031 -20032 imp:n,p 1
300072 400072 -2.156 20014 -20015 20022 -20023 20032 -20033 imp:n,p 1
300073 400073 -2.156 20014 -20015 20022 -20023 20033 -20034 imp:n,p 1
300074 400074 -2.156 20014 -20015 20022 -20023 20034 -20035 imp:n,p 1
300075 400075 -2.156 20010 -20011 20023 -20024 20030 -20031 imp:n,p 1
300076 400076 -2.156 20010 -20011 20023 -20024 20031 -20032 imp:n,p 1
300077 400077 -2.156 20010 -20011 20023 -20024 20032 -20033 imp:n,p 1
300078 400078 -2.156 20010 -20011 20023 -20024 20033 -20034 imp:n,p 1
300079 400079 -2.156 20010 -20011 20023 -20024 20034 -20035 imp:n,p 1
300080 400080 -2.156 20011 -20012 20023 -20024 20030 -20031 imp:n,p 1
300081 400081 -2.156 20011 -20012 20023 -20024 20031 -20032 imp:n,p 1
300082 400082 -2.156 20011 -20012 20023 -20024 20032 -20033 imp:n,p 1
300083 400083 -2.156 20011 -20012 20023 -20024 20033 -20034 imp:n,p 1
300084 400084 -2.156 20011 -20012 20023 -20024 20034 -20035 imp:n,p 1
300085 400085 -2.156 20012 -20013 20023 -20024 20030 -20031 imp:n,p 1
300086 400086 -2.156 20012 -20013 20023 -20024 20031 -20032 imp:n,p 1
300087 400087 -2.156 20012 -20013 20023 -20024 20032 -20033 imp:n,p 1
300088 400088 -2.156 20012 -20013 20023 -20024 20033 -20034 imp:n,p 1
300089 400089 -2.156 20012 -20013 20023 -20024 20034 -20035 imp:n,p 1
300090 400090 -2.156 20013 -20014 20023 -20024 20030 -20031 imp:n,p 1
300091 400091 -2.156 20013 -20014 20023 -20024 20031 -20032 imp:n,p 1
300092 400092 -2.156 20013 -20014 20023 -20024 20032 -20033 imp:n,p 1
300093 400093 -2.156 20013 -20014 20023 -20024 20033 -20034 imp:n,p 1
300094 400094 -2.156 20013 -20014 20023 -20024 20034 -20035 imp:n,p 1
300095 400095 -2.156 20014 -20015 20023 -20024 20030 -20031 imp:n,p 1
300096 400096 -2.156 20014 -20015 20023 -20024 20031 -20032 imp:n,p 1
300097 400097 -2.156 20014 -20015 20023 -20024 20032 -20033 imp:n,p 1
300098 400098 -2.156 20014 -20015 20023 -20024 20033 -20034 imp:n,p 1
300099 400099 -2.156 20014 -20015 20023 -20024 20034 -20035 imp:n,p 1
300100 400100 -2.156 20010 -20011 20024 -20025 20030 -20031 imp:n,p 1
300101 400101 -2.156 20010 -20011 20024 -20025 20031 -20032 imp:n,p 1
300102 400102 -2.156 20010 -20011 20024 -20025 20032 -20033 imp:n,p 1
300103 400103 -2.156 20010 -20011 20024 -20025 20033 -20034 imp:n,p 1
300104 400104 -2.156 20010 -20011 20024 -20025 20034 -20035 imp:n,p 1
300105 400105 -2.156 20011 -20012 20024 -20025 20030 -20031 imp:n,p 1
300106 400106 -2.156 20011 -20012 20024 -20025 20031 -20032 imp:n,p 1
300107 400107 -2.156 20011 -20012 20024 -20025 20032 -20033 imp:n,p 1
300108 400108 -2.156 20011 -20012 20024 -20025 20033 -20034 imp:n,p 1
300109 400109 -2.156 20011 -20012 20024 -20025 20034 -20035 imp:n,p 1
300110 400110 -2.156 20012 -20013 20024 -20025 20030 -20031 imp:n,p 1
300111 400111 -2.156 20012 -20013 20024 -20025 20031 -20032 imp:n,p 1
300112 400112 -2.156 20012 -20013 20024 -20025 20032 -20033 imp:n,p 1
300113 400113 -2.156 20012 -20013 20024 -20025 20033 -20034 imp:n,p 1
300114 400114 -2.156 20012 -20013 20024 -20025 20034 -20035 imp:n,p 1
300115 400115 -2.156 20013 -20014 20024 -20025 20030 -20031 imp:n,p 1
300116 400116 -2.156 20013 -20014 20024 -20025 20031 -20032 imp:n,p 1
300117 400117 -2.156 20013 -20014 20024 -20025 20032 -20033 imp:n,p 1
300118 400118 -2.156 20013 -20014 20024 -20025 20033 -20034 imp:n,p 1
300119 400119 -2.156 20013 -20014 20024 -20025 20034 -20035 imp:n,p 1
300120 400120 -2.156 20014 -20015 20024 -20025 20030 -20031 imp:n,p 1
300121 400121 -2.156 20014 -20015 20024 -20025 20031 -20032 imp:n,p 1
300122 400122 -2.156 20014 -20015 20024 -20025 20032 -20033 imp:n,p 1
300123 400123 -2.156 20014 -20015 20024 -20025 20033 -20034 imp:n,p 1
300124 400124 -2.156 20014 -20015 20024 -20025 20034 -20035 imp:n,p 1
c
30 12 -0.00129 -200 #101 #121 #122 #123 #124 #125 #126 #127 #128 #129 #130 #131 #132 #133
        #21 #211 #212 #22 #221 #222 #23 #231 #232 #24 #241 #242 #20 imp:n,p 1 $Rest of the World
31 0 200 imp:n,p 0 $Outside world

c SURFACE CARDS
c
c Sample Volume
20010 px -56.0
20011 px -33.600000000000364
20012 px -11.200000000000728
20013 px 11.200000000000728
20014 px 33.600000000000364
20015 px 56.0
20020 py -45.0
20021 py -27.0
20022 py -9.0
20023 py 9.0
20024 py 27.0
20025 py 45.0
20030 pz 92.0
20031 pz 82.0
20032 pz 72.0
20033 pz 62.0
20034 pz 52.0
20035 pz 42.0
c Active Detector Region
21 rcc 56  -5.0 -1.0   0.0 20.3 0.0   4.5 $Detector 1 Base center, Hx,Hy,Hz, radius
c Shielding Surfaces
c Shielding Pb
31 rpp 19 29 -7.5 7.5 -11 9 $PbPE xmin xmax ymin ymax zmin zmax
32 rpp 9 19 4 9 -11 9 $Pb xmin xmax ymin ymax zmin zmax
33 rpp 9 19 -9 -4 -11 9 $Pb xmin xmax ymin ymax zmin zmax
34 rpp 19 29 7.5 12.5 -11 9 $Pb xmin xmax ymin ymax zmin zmax
35 rpp 19 29 -12.5 -7.5 -11 9 $Pb xmin xmax ymin ymax zmin zmax
36 rpp 29 34 -15 15 -11 9 $Pb xmin xmax ymin ymax zmin zmax
37 rpp 9 19 -4 4 4 9 $Pb xmin xmax ymin ymax zmin zmax
38 rpp -26 26 18 28 -11 9 $BA1 xmin xmax ymin ymax zmin zmax
39 rpp -26 26 -28 -18 -11 9 $BA2 xmin xmax ymin ymax zmin zmax
40 rpp -65 65 -28 28 10 10.5 $Al xmin xmax ymin ymax zmin zmax
401 rpp -27 27 29 34 -11 9 $Fe xmin xmax ymin ymax zmin zmax
402 rpp -27 27 -34 -29 -11 9 $Fe xmin xmax ymin ymax zmin zmax
301 px -20
302 px 18
303 cx 3.71
304 cx 3.81
c Wheels Surfaces
c 23/10.5-12 turf tires, 22.6 lb rubber
c diameter 29cm, tread width 25cm, and sidewall height 13.76 cm
c set thickness of all sides 1.3 cm (s.t. weight is 22.6 lb)
41 rcc -2 77 8   0.0 25 0.0 29 $wheel 1 outer tread surface
42 rcc -2 77 8   0.0 25 0.0 27.7 $wheel 1 inner tread surface
421 rcc -2 75.7 8   0.0 1.3 0.0 29 $wheel 1 outside sidewall exterior
422 rcc -2 75.7 8   0.0 1.3 0.0 15.24 $wheel 1 outside sidewall interior
423 rcc -2 102 8   0.0 1.3 0.0 29 $wheel 1 inside sidewall exterior
424 rcc -2 102 8   0.0 1.3 0.0 15.24 $wheel 1 inside sidewall interior
43 rcc 68 77 8   0.0 25 0.0 29 $wheel 2
44 rcc 68 77 8   0.0 25 0.0 27.7
441 rcc 68 75.7 8   0.0 1.3 0.0 29
442 rcc 68 75.7 8   0.0 1.3 0.0 15.24
443 rcc 68 102 8   0.0 1.3 0.0 29
444 rcc 68 102 8   0.0 1.3 0.0 15.24
45 rcc -2 -77 8   0.0 -25 0.0 29 $wheel 3
46 rcc -2 -77 8   0.0 -25 0.0 27.7
461 rcc -2 -75.7 8   0.0 -1.3 0.0 29
462 rcc -2 -75.7 8   0.0 -1.3 0.0 15.24
463 rcc -2 -102 8   0.0 -1.3 0.0 29
464 rcc -2 -102 8   0.0 -1.3 0.0 15.24
47 rcc 68 -77 8   0.0 -25 0.0 29 $wheel 4
48 rcc 68 -77 8   0.0 -25 0.0 27.7
481 rcc 68 -75.7 8   0.0 -1.3 0.0 29
482 rcc 68 -75.7 8   0.0 -1.3 0.0 15.24
483 rcc 68 -102 8   0.0 -1.3 0.0 29
484 rcc 68 -102 8   0.0 -1.3 0.0 15.24
200 so 800    $sphere of 800cm centered at origin
c

c DATA CARDS
mode n p
c dump every hr
prdmp -60 -60 -1
c 100 keV Neutron Energy Cutoff
Cut:n 1j 0.1
c analog neutron transport
phys:n 1j 14
phys:p
sdef pos=0 0 0 erg=14.0 vec= 0 0 1 dir=d1
si1  -1 .93 1
sp1   0  0.0  1.0
c ********************
c begin material cards
c ********************
c Pure Carbon
c ****************************************
m400000 6000 -0.00038866402275896495 7000 -0.00038866402275896495 14000 -0.999222671954482 
m400001 6000 -0.0017474194621769424 7000 -0.0017474194621769424 14000 -0.9965051610756458 
m400002 6000 -0.004002435225384346 7000 -0.004002435225384346 14000 -0.9919951295492314 
m400003 6000 -0.005814456264175304 7000 -0.005814456264175304 14000 -0.9883710874716496 
m400004 6000 -0.00779554318429052 7000 -0.00779554318429052 14000 -0.9844089136314191 
m400005 6000 -0.0004762008000843104 7000 -0.0004762008000843104 14000 -0.9990475983998315 
m400006 6000 -0.0021069347012083153 7000 -0.0021069347012083153 14000 -0.9957861305975834 
m400007 6000 -0.003851735126701156 7000 -0.003851735126701156 14000 -0.992296529746598 
m400008 6000 -0.006039134574599214 7000 -0.006039134574599214 14000 -0.9879217308508014 
m400009 6000 -0.0081318979473337 7000 -0.0081318979473337 14000 -0.9837362041053325 
m400010 6000 -0.0006473306234635833 7000 -0.0006473306234635833 14000 -0.9987053387530728 
m400011 6000 -0.0019468877434321106 7000 -0.0019468877434321106 14000 -0.9961062245131356 
m400012 6000 -0.0036839614121137866 7000 -0.0036839614121137866 14000 -0.9926320771757723 
m400013 6000 -0.006064924217836763 7000 -0.006064924217836763 14000 -0.9878701515643263 
m400014 6000 -0.008044668548726853 7000 -0.008044668548726853 14000 -0.9839106629025466 
m400015 6000 -0.0005531075720184912 7000 -0.0005531075720184912 14000 -0.9988937848559634 
m400016 6000 -0.002121280257726759 7000 -0.002121280257726759 14000 -0.9957574394845464 
m400017 6000 -0.004151524239481503 7000 -0.004151524239481503 14000 -0.9916969515210371 
m400018 6000 -0.006017934313670345 7000 -0.006017934313670345 14000 -0.987964131372659 
m400019 6000 -0.007848047178778034 7000 -0.007848047178778034 14000 -0.9843039056424439 
m400020 6000 -0.0005404656396320004 7000 -0.0005404656396320004 14000 -0.9989190687207359 
m400021 6000 -0.0021043101450188137 7000 -0.0021043101450188137 14000 -0.9957913797099625 
m400022 6000 -0.00432346742423265 7000 -0.00432346742423265 14000 -0.9913530651515344 
m400023 6000 -0.005756323755902074 7000 -0.005756323755902074 14000 -0.9884873524881957 
m400024 6000 -0.008141215984306381 7000 -0.008141215984306381 14000 -0.9837175680313867 
m400025 6000 -0.0005614321669139097 7000 -0.0005614321669139097 14000 -0.9988771356661722 
m400026 6000 -0.0022032185229588826 7000 -0.0022032185229588826 14000 -0.9955935629540822 
m400027 6000 -0.004049572628308949 7000 -0.004049572628308949 14000 -0.9919008547433822 
m400028 6000 -0.0060975194101717065 7000 -0.0060975194101717065 14000 -0.987804961179657 
m400029 6000 -0.008067087588073573 7000 -0.008067087588073573 14000 -0.9838658248238528 
m400030 6000 -0.0005033408192190246 7000 -0.0005033408192190246 14000 -0.9989933183615618 
m400031 6000 -0.0017866990014253903 7000 -0.0017866990014253903 14000 -0.9964266019971494 
m400032 6000 -0.00381786802725535 7000 -0.00381786802725535 14000 -0.9923642639454896 
m400033 6000 -0.005842548798940515 7000 -0.005842548798940515 14000 -0.9883149024021194 
m400034 6000 -0.00811455285757897 7000 -0.00811455285757897 14000 -0.9837708942848419 
m400035 6000 -0.0006737873456644208 7000 -0.0006737873456644208 14000 -0.9986524253086713 
m400036 6000 -0.0019490230698553318 7000 -0.0019490230698553318 14000 -0.9961019538602894 
m400037 6000 -0.0038041112188197316 7000 -0.0038041112188197316 14000 -0.9923917775623607 
m400038 6000 -0.006034192070194962 7000 -0.006034192070194962 14000 -0.9879316158596098 
m400039 6000 -0.008131746881400566 7000 -0.008131746881400566 14000 -0.9837365062371992 
m400040 6000 -0.0003970837110184723 7000 -0.0003970837110184723 14000 -0.9992058325779632 
m400041 6000 -0.0022337232983751236 7000 -0.0022337232983751236 14000 -0.9955325534032498 
m400042 6000 -0.003911630416965158 7000 -0.003911630416965158 14000 -0.9921767391660695 
m400043 6000 -0.006191900248286185 7000 -0.006191900248286185 14000 -0.987616199503428 
m400044 6000 -0.0076674243233886595 7000 -0.0076674243233886595 14000 -0.9846651513532229 
m400045 6000 -0.0005618005479803031 7000 -0.0005618005479803031 14000 -0.9988763989040395 
m400046 6000 -0.001951176423481017 7000 -0.001951176423481017 14000 -0.9960976471530378 
m400047 6000 -0.0037522644108215837 7000 -0.0037522644108215837 14000 -0.9924954711783568 
m400048 6000 -0.0059293850196493235 7000 -0.0059293850196493235 14000 -0.9881412299607014 
m400049 6000 -0.007851130212917265 7000 -0.007851130212917265 14000 -0.9842977395741653 
m400050 6000 -0.0005592771132763325 7000 -0.0005592771132763325 14000 -0.9988814457734475 
m400051 6000 -0.0017869640428673076 7000 -0.0017869640428673076 14000 -0.9964260719142655 
m400052 6000 -0.004217539440590754 7000 -0.004217539440590754 14000 -0.9915649211188186 
m400053 6000 -0.005820011736748306 7000 -0.005820011736748306 14000 -0.9883599765265035 
m400054 6000 -0.008060232526506873 7000 -0.008060232526506873 14000 -0.9838795349469863 
m400055 6000 -0.0005279151402428612 7000 -0.0005279151402428612 14000 -0.9989441697195146 
m400056 6000 -0.0021978561993395425 7000 -0.0021978561993395425 14000 -0.9956042876013208 
m400057 6000 -0.004102801744033338 7000 -0.004102801744033338 14000 -0.9917943965119334 
m400058 6000 -0.0059296275781913895 7000 -0.0059296275781913895 14000 -0.9881407448436174 
m400059 6000 -0.007852194259174302 7000 -0.007852194259174302 14000 -0.9842956114816515 
m400060 6000 -0.0005698826940669246 7000 -0.0005698826940669246 14000 -0.9988602346118661 
m400061 6000 -0.0019326414347727186 7000 -0.0019326414347727186 14000 -0.9961347171304544 
m400062 6000 -0.004114279770386817 7000 -0.004114279770386817 14000 -0.9917714404592262 
m400063 6000 -0.00606238273257623 7000 -0.00606238273257623 14000 -0.9878752345348475 
m400064 6000 -0.008188773512406683 7000 -0.008188773512406683 14000 -0.9836224529751866 
m400065 6000 -0.000745904443195933 7000 -0.000745904443195933 14000 -0.9985081911136081 
m400066 6000 -0.0020890100076302186 7000 -0.0020890100076302186 14000 -0.9958219799847393 
m400067 6000 -0.004267861354101449 7000 -0.004267861354101449 14000 -0.9914642772917968 
m400068 6000 -0.0062442465172839225 7000 -0.0062442465172839225 14000 -0.9875115069654323 
m400069 6000 -0.00788090547587653 7000 -0.00788090547587653 14000 -0.9842381890482469 
m400070 6000 -0.00048083808241498606 7000 -0.00048083808241498606 14000 -0.9990383238351699 
m400071 6000 -0.002216194137933742 7000 -0.002216194137933742 14000 -0.9955676117241324 
m400072 6000 -0.0038045009178524158 7000 -0.0038045009178524158 14000 -0.9923909981642955 
m400073 6000 -0.005995736030604232 7000 -0.005995736030604232 14000 -0.9880085279387916 
m400074 6000 -0.008133401310916905 7000 -0.008133401310916905 14000 -0.9837331973781664 
m400075 6000 -0.0005514151420875846 7000 -0.0005514151420875846 14000 -0.9988971697158245 
m400076 6000 -0.0019338713673942268 7000 -0.0019338713673942268 14000 -0.9961322572652115 
m400077 6000 -0.0038928292660005033 7000 -0.0038928292660005033 14000 -0.9922143414679988 
m400078 6000 -0.006241868161757806 7000 -0.006241868161757806 14000 -0.987516263676484 
m400079 6000 -0.008365074513165644 7000 -0.008365074513165644 14000 -0.9832698509736688 
m400080 6000 -0.0004665789632931107 7000 -0.0004665789632931107 14000 -0.9990668420734139 
m400081 6000 -0.00195569919235397 7000 -0.00195569919235397 14000 -0.9960886016152921 
m400082 6000 -0.004100849608876684 7000 -0.004100849608876684 14000 -0.9917983007822465 
m400083 6000 -0.00606148706981421 7000 -0.00606148706981421 14000 -0.9878770258603713 
m400084 6000 -0.008274821715522936 7000 -0.008274821715522936 14000 -0.9834503565689542 
m400085 6000 -0.0006905788696817345 7000 -0.0006905788696817345 14000 -0.9986188422606362 
m400086 6000 -0.0016987156872955227 7000 -0.0016987156872955227 14000 -0.9966025686254086 
m400087 6000 -0.0040081863517562625 7000 -0.0040081863517562625 14000 -0.9919836272964874 
m400088 6000 -0.00607080746716129 7000 -0.00607080746716129 14000 -0.9878583850656776 
m400089 6000 -0.007924476815701657 7000 -0.007924476815701657 14000 -0.9841510463685966 
m400090 6000 -0.00044636424420908415 7000 -0.00044636424420908415 14000 -0.9991072715115821 
m400091 6000 -0.00187934622522632 7000 -0.00187934622522632 14000 -0.9962413075495472 
m400092 6000 -0.0038620810940964666 7000 -0.0038620810940964666 14000 -0.9922758378118077 
m400093 6000 -0.005699699429484864 7000 -0.005699699429484864 14000 -0.9886006011410302 
m400094 6000 -0.008105952286410109 7000 -0.008105952286410109 14000 -0.9837880954271796 
m400095 6000 -0.0005971368258412878 7000 -0.0005971368258412878 14000 -0.9988057263483172 
m400096 6000 -0.0017984571314212073 7000 -0.0017984571314212073 14000 -0.9964030857371579 
m400097 6000 -0.004060051066730552 7000 -0.004060051066730552 14000 -0.9918798978665386 
m400098 6000 -0.006014353011521263 7000 -0.006014353011521263 14000 -0.9879712939769577 
m400099 6000 -0.007993032029210206 7000 -0.007993032029210206 14000 -0.9840139359415795 
m400100 6000 -0.0003922521184411361 7000 -0.0003922521184411361 14000 -0.9992154957631176 
m400101 6000 -0.0021174500523944545 7000 -0.0021174500523944545 14000 -0.9957650998952111 
m400102 6000 -0.004159964214315903 7000 -0.004159964214315903 14000 -0.9916800715713682 
m400103 6000 -0.006284706529250153 7000 -0.006284706529250153 14000 -0.9874305869414995 
m400104 6000 -0.007883554787977842 7000 -0.007883554787977842 14000 -0.9842328904240442 
m400105 6000 -0.0005742655162315139 7000 -0.0005742655162315139 14000 -0.9988514689675366 
m400106 6000 -0.002170327792654003 7000 -0.002170327792654003 14000 -0.995659344414692 
m400107 6000 -0.004017194283968809 7000 -0.004017194283968809 14000 -0.9919656114320625 
m400108 6000 -0.00609211454593021 7000 -0.00609211454593021 14000 -0.98781577090814 
m400109 6000 -0.00766519860431292 7000 -0.00766519860431292 14000 -0.9846696027913739 
m400110 6000 -0.0005418649283281244 7000 -0.0005418649283281244 14000 -0.9989162701433437 
m400111 6000 -0.002109813181012148 7000 -0.002109813181012148 14000 -0.9957803736379757 
m400112 6000 -0.004039896582009905 7000 -0.004039896582009905 14000 -0.9919202068359803 
m400113 6000 -0.006066145392177964 7000 -0.006066145392177964 14000 -0.9878677092156444 
m400114 6000 -0.007839990568973715 7000 -0.007839990568973715 14000 -0.9843200188620524 
m400115 6000 -0.0004759704756263551 7000 -0.0004759704756263551 14000 -0.9990480590487472 
m400116 6000 -0.0020387014387163067 7000 -0.0020387014387163067 14000 -0.995922597122567 
m400117 6000 -0.0037985983797483923 7000 -0.0037985983797483923 14000 -0.9924028032405035 
m400118 6000 -0.0060072239695222115 7000 -0.0060072239695222115 14000 -0.9879855520609553 
m400119 6000 -0.0078026013068053625 7000 -0.0078026013068053625 14000 -0.9843947973863894 
m400120 6000 -0.0005038811859088228 7000 -0.0005038811859088228 14000 -0.9989922376281823 
m400121 6000 -0.0017329232735881109 7000 -0.0017329232735881109 14000 -0.9965341534528238 
m400122 6000 -0.004180826181619814 7000 -0.004180826181619814 14000 -0.9916383476367602 
m400123 6000 -0.0060071116361415456 7000 -0.0060071116361415456 14000 -0.9879857767277167 
m400124 6000 -0.008064953439708025 7000 -0.008064953439708025 14000 -0.9838700931205842 
c **********************************
c PE+Pb, dens=4.78 g/cm3
m2      6000    -0.04286 $Carbon
        1001    -0.00714 $Hydrogen
        82000   -0.95000 $Lead
c **********************************
m3    1001 -0.048535 $Boric acid
      5010 -0.034981
      5011 -0.139923
      8016 -0.776561
c **********************************
m4    82000 1 $Lead
c **********************************
m5 26000 1 $Iron
c **********************************
m6     13027   -1.000 $ Aluminum
c **********************************
c  SS-304 (8.00 g/cm3), #298 in PNNL Compendium
m7   006000.50c -0.0004000
     014000.60c -0.0050000
     015031.50c -0.0002300
     016000.60c -0.0001500
     024000.50c -0.1899981
     025055.60c -0.0099999
     026000.50c -0.7017229
     028000.50c -0.0924991
c ****************************************
c       LaBr detector
c ****************************************
m8       35079    -0.2946       $ Br79
         35081    -0.3069       $ Br81
         57139    -0.3485       $ La139
         58140    -0.0500       $ Ce140
c ************ air den=1.15e-3g/cc
m12     8016 -0.23
        7014 -0.77
c ************ Rubber Natural den=0.92 g/cc
m13     1001 -0.118371  $weight fraction
        6000 -0.881629
c
c end material cards
c
rand seed=8674536546524321 $different initial random #; seed# - any less 18 digits
c
c ********** begin tallies *********************
fc78 *********Broadened Pulse Height Tally Sum of Detectors 1,2 & 3 ***********
e78 0 1e-5 932i 8.4295
F78:p (101)
FT78 GEB -0.026198 0.059551 -0.037176
fc18 *********Unbroadened Pulse Height Tally Sum of Detectors 1,2 & 3 ***********
e18 0 1e-5 932i 8.4295
F18:p (101)
c ***********************************
c mplot tal 78 freq 10000
nps 1e9
