c CAS DETECTOR
c w/ Shielding in Place and Wheels
c
c CELL CARDS
c
c @@@@@@@@@@ Detectors @@@@@@@@@@@@@@@@@
c
101 8 -5.08 -21 imp:n,p 1 $LaBr Detector #1 Active Region
c
c @@@@@@@@@ Shielding @@@@@@@@@@@@@@@@@
c
121 2 -4.78 -31 imp:n,p 1 $PE_Pb
122 4 -11.29 -32 imp:n,p 1 $Pb1
123 4 -11.29 -33 imp:n,p 1 $Pb2
124 4 -11.29 -34 imp:n,p 1 $Pb3
125 4 -11.29 -35 imp:n,p 1 $Pb4
126 4 -11.29 -36 imp:n,p 1 $Pb5
127 4 -11.29 -37 imp:n,p 1 $Pb6
128 3 -1.5 -38 imp:n,p 1 $BA1
129 3 -1.5 -39 imp:n,p 1 $BA2
130 6 -2.7 -40 imp:n,p 1 $Al
131 7 -7.92 301 -302 303 -304 imp:n,p 1 $Fe-tube
132 5 -7.8 -401 imp:n,p 1 $Fe
133 5 -7.8 -402 imp:n,p 1 $Fe
c @@@@@@@@@@ Wheels @@@@@@@@@@@@@@@@@
c
21 13 -0.92 -41 42 imp:n,p 1 $Wheel 1
211 13 -0.92 -421 422 imp:n,p 1 $Wheel 1
212 13 -0.92 -423 424 imp:n,p 1 $Wheel 1
22 13 -0.92 -43 44 imp:n,p 1 $Wheel 2
221 13 -0.92 -441 442 imp:n,p 1 $Wheel 2
222 13 -0.92 -443 444 imp:n,p 1 $Wheel 2
23 13 -0.92 -45 46 imp:n,p 1 $Wheel 3
231 13 -0.92 -461 462 imp:n,p 1 $Wheel 3
232 13 -0.92 -463 464 imp:n,p 1 $Wheel 3
24 13 -0.92 -47 48 imp:n,p 1 $Wheel 4
241 13 -0.92 -481 482 imp:n,p 1 $Wheel 4
242 13 -0.92 -483 484 imp:n,p 1 $Wheel 4
c
c @@@@@@@@@@ SOIL VOLUME @@@@@@@@@@@
c
300000 400000 -2.156 20010 -20011 20020 -20021 20030 -20031 imp:n,p 1
300001 400001 -2.156 20010 -20011 20020 -20021 20031 -20032 imp:n,p 1
300002 400002 -2.156 20010 -20011 20020 -20021 20032 -20033 imp:n,p 1
300003 400003 -2.156 20010 -20011 20020 -20021 20033 -20034 imp:n,p 1
300004 400004 -2.156 20010 -20011 20020 -20021 20034 -20035 imp:n,p 1
300005 400005 -2.156 20011 -20012 20020 -20021 20030 -20031 imp:n,p 1
300006 400006 -2.156 20011 -20012 20020 -20021 20031 -20032 imp:n,p 1
300007 400007 -2.156 20011 -20012 20020 -20021 20032 -20033 imp:n,p 1
300008 400008 -2.156 20011 -20012 20020 -20021 20033 -20034 imp:n,p 1
300009 400009 -2.156 20011 -20012 20020 -20021 20034 -20035 imp:n,p 1
300010 400010 -2.156 20012 -20013 20020 -20021 20030 -20031 imp:n,p 1
300011 400011 -2.156 20012 -20013 20020 -20021 20031 -20032 imp:n,p 1
300012 400012 -2.156 20012 -20013 20020 -20021 20032 -20033 imp:n,p 1
300013 400013 -2.156 20012 -20013 20020 -20021 20033 -20034 imp:n,p 1
300014 400014 -2.156 20012 -20013 20020 -20021 20034 -20035 imp:n,p 1
300015 400015 -2.156 20013 -20014 20020 -20021 20030 -20031 imp:n,p 1
300016 400016 -2.156 20013 -20014 20020 -20021 20031 -20032 imp:n,p 1
300017 400017 -2.156 20013 -20014 20020 -20021 20032 -20033 imp:n,p 1
300018 400018 -2.156 20013 -20014 20020 -20021 20033 -20034 imp:n,p 1
300019 400019 -2.156 20013 -20014 20020 -20021 20034 -20035 imp:n,p 1
300020 400020 -2.156 20014 -20015 20020 -20021 20030 -20031 imp:n,p 1
300021 400021 -2.156 20014 -20015 20020 -20021 20031 -20032 imp:n,p 1
300022 400022 -2.156 20014 -20015 20020 -20021 20032 -20033 imp:n,p 1
300023 400023 -2.156 20014 -20015 20020 -20021 20033 -20034 imp:n,p 1
300024 400024 -2.156 20014 -20015 20020 -20021 20034 -20035 imp:n,p 1
300025 400025 -2.156 20010 -20011 20021 -20022 20030 -20031 imp:n,p 1
300026 400026 -2.156 20010 -20011 20021 -20022 20031 -20032 imp:n,p 1
300027 400027 -2.156 20010 -20011 20021 -20022 20032 -20033 imp:n,p 1
300028 400028 -2.156 20010 -20011 20021 -20022 20033 -20034 imp:n,p 1
300029 400029 -2.156 20010 -20011 20021 -20022 20034 -20035 imp:n,p 1
300030 400030 -2.156 20011 -20012 20021 -20022 20030 -20031 imp:n,p 1
300031 400031 -2.156 20011 -20012 20021 -20022 20031 -20032 imp:n,p 1
300032 400032 -2.156 20011 -20012 20021 -20022 20032 -20033 imp:n,p 1
300033 400033 -2.156 20011 -20012 20021 -20022 20033 -20034 imp:n,p 1
300034 400034 -2.156 20011 -20012 20021 -20022 20034 -20035 imp:n,p 1
300035 400035 -2.156 20012 -20013 20021 -20022 20030 -20031 imp:n,p 1
300036 400036 -2.156 20012 -20013 20021 -20022 20031 -20032 imp:n,p 1
300037 400037 -2.156 20012 -20013 20021 -20022 20032 -20033 imp:n,p 1
300038 400038 -2.156 20012 -20013 20021 -20022 20033 -20034 imp:n,p 1
300039 400039 -2.156 20012 -20013 20021 -20022 20034 -20035 imp:n,p 1
300040 400040 -2.156 20013 -20014 20021 -20022 20030 -20031 imp:n,p 1
300041 400041 -2.156 20013 -20014 20021 -20022 20031 -20032 imp:n,p 1
300042 400042 -2.156 20013 -20014 20021 -20022 20032 -20033 imp:n,p 1
300043 400043 -2.156 20013 -20014 20021 -20022 20033 -20034 imp:n,p 1
300044 400044 -2.156 20013 -20014 20021 -20022 20034 -20035 imp:n,p 1
300045 400045 -2.156 20014 -20015 20021 -20022 20030 -20031 imp:n,p 1
300046 400046 -2.156 20014 -20015 20021 -20022 20031 -20032 imp:n,p 1
300047 400047 -2.156 20014 -20015 20021 -20022 20032 -20033 imp:n,p 1
300048 400048 -2.156 20014 -20015 20021 -20022 20033 -20034 imp:n,p 1
300049 400049 -2.156 20014 -20015 20021 -20022 20034 -20035 imp:n,p 1
300050 400050 -2.156 20010 -20011 20022 -20023 20030 -20031 imp:n,p 1
300051 400051 -2.156 20010 -20011 20022 -20023 20031 -20032 imp:n,p 1
300052 400052 -2.156 20010 -20011 20022 -20023 20032 -20033 imp:n,p 1
300053 400053 -2.156 20010 -20011 20022 -20023 20033 -20034 imp:n,p 1
300054 400054 -2.156 20010 -20011 20022 -20023 20034 -20035 imp:n,p 1
300055 400055 -2.156 20011 -20012 20022 -20023 20030 -20031 imp:n,p 1
300056 400056 -2.156 20011 -20012 20022 -20023 20031 -20032 imp:n,p 1
300057 400057 -2.156 20011 -20012 20022 -20023 20032 -20033 imp:n,p 1
300058 400058 -2.156 20011 -20012 20022 -20023 20033 -20034 imp:n,p 1
300059 400059 -2.156 20011 -20012 20022 -20023 20034 -20035 imp:n,p 1
300060 400060 -2.156 20012 -20013 20022 -20023 20030 -20031 imp:n,p 1
300061 400061 -2.156 20012 -20013 20022 -20023 20031 -20032 imp:n,p 1
300062 400062 -2.156 20012 -20013 20022 -20023 20032 -20033 imp:n,p 1
300063 400063 -2.156 20012 -20013 20022 -20023 20033 -20034 imp:n,p 1
300064 400064 -2.156 20012 -20013 20022 -20023 20034 -20035 imp:n,p 1
300065 400065 -2.156 20013 -20014 20022 -20023 20030 -20031 imp:n,p 1
300066 400066 -2.156 20013 -20014 20022 -20023 20031 -20032 imp:n,p 1
300067 400067 -2.156 20013 -20014 20022 -20023 20032 -20033 imp:n,p 1
300068 400068 -2.156 20013 -20014 20022 -20023 20033 -20034 imp:n,p 1
300069 400069 -2.156 20013 -20014 20022 -20023 20034 -20035 imp:n,p 1
300070 400070 -2.156 20014 -20015 20022 -20023 20030 -20031 imp:n,p 1
300071 400071 -2.156 20014 -20015 20022 -20023 20031 -20032 imp:n,p 1
300072 400072 -2.156 20014 -20015 20022 -20023 20032 -20033 imp:n,p 1
300073 400073 -2.156 20014 -20015 20022 -20023 20033 -20034 imp:n,p 1
300074 400074 -2.156 20014 -20015 20022 -20023 20034 -20035 imp:n,p 1
300075 400075 -2.156 20010 -20011 20023 -20024 20030 -20031 imp:n,p 1
300076 400076 -2.156 20010 -20011 20023 -20024 20031 -20032 imp:n,p 1
300077 400077 -2.156 20010 -20011 20023 -20024 20032 -20033 imp:n,p 1
300078 400078 -2.156 20010 -20011 20023 -20024 20033 -20034 imp:n,p 1
300079 400079 -2.156 20010 -20011 20023 -20024 20034 -20035 imp:n,p 1
300080 400080 -2.156 20011 -20012 20023 -20024 20030 -20031 imp:n,p 1
300081 400081 -2.156 20011 -20012 20023 -20024 20031 -20032 imp:n,p 1
300082 400082 -2.156 20011 -20012 20023 -20024 20032 -20033 imp:n,p 1
300083 400083 -2.156 20011 -20012 20023 -20024 20033 -20034 imp:n,p 1
300084 400084 -2.156 20011 -20012 20023 -20024 20034 -20035 imp:n,p 1
300085 400085 -2.156 20012 -20013 20023 -20024 20030 -20031 imp:n,p 1
300086 400086 -2.156 20012 -20013 20023 -20024 20031 -20032 imp:n,p 1
300087 400087 -2.156 20012 -20013 20023 -20024 20032 -20033 imp:n,p 1
300088 400088 -2.156 20012 -20013 20023 -20024 20033 -20034 imp:n,p 1
300089 400089 -2.156 20012 -20013 20023 -20024 20034 -20035 imp:n,p 1
300090 400090 -2.156 20013 -20014 20023 -20024 20030 -20031 imp:n,p 1
300091 400091 -2.156 20013 -20014 20023 -20024 20031 -20032 imp:n,p 1
300092 400092 -2.156 20013 -20014 20023 -20024 20032 -20033 imp:n,p 1
300093 400093 -2.156 20013 -20014 20023 -20024 20033 -20034 imp:n,p 1
300094 400094 -2.156 20013 -20014 20023 -20024 20034 -20035 imp:n,p 1
300095 400095 -2.156 20014 -20015 20023 -20024 20030 -20031 imp:n,p 1
300096 400096 -2.156 20014 -20015 20023 -20024 20031 -20032 imp:n,p 1
300097 400097 -2.156 20014 -20015 20023 -20024 20032 -20033 imp:n,p 1
300098 400098 -2.156 20014 -20015 20023 -20024 20033 -20034 imp:n,p 1
300099 400099 -2.156 20014 -20015 20023 -20024 20034 -20035 imp:n,p 1
300100 400100 -2.156 20010 -20011 20024 -20025 20030 -20031 imp:n,p 1
300101 400101 -2.156 20010 -20011 20024 -20025 20031 -20032 imp:n,p 1
300102 400102 -2.156 20010 -20011 20024 -20025 20032 -20033 imp:n,p 1
300103 400103 -2.156 20010 -20011 20024 -20025 20033 -20034 imp:n,p 1
300104 400104 -2.156 20010 -20011 20024 -20025 20034 -20035 imp:n,p 1
300105 400105 -2.156 20011 -20012 20024 -20025 20030 -20031 imp:n,p 1
300106 400106 -2.156 20011 -20012 20024 -20025 20031 -20032 imp:n,p 1
300107 400107 -2.156 20011 -20012 20024 -20025 20032 -20033 imp:n,p 1
300108 400108 -2.156 20011 -20012 20024 -20025 20033 -20034 imp:n,p 1
300109 400109 -2.156 20011 -20012 20024 -20025 20034 -20035 imp:n,p 1
300110 400110 -2.156 20012 -20013 20024 -20025 20030 -20031 imp:n,p 1
300111 400111 -2.156 20012 -20013 20024 -20025 20031 -20032 imp:n,p 1
300112 400112 -2.156 20012 -20013 20024 -20025 20032 -20033 imp:n,p 1
300113 400113 -2.156 20012 -20013 20024 -20025 20033 -20034 imp:n,p 1
300114 400114 -2.156 20012 -20013 20024 -20025 20034 -20035 imp:n,p 1
300115 400115 -2.156 20013 -20014 20024 -20025 20030 -20031 imp:n,p 1
300116 400116 -2.156 20013 -20014 20024 -20025 20031 -20032 imp:n,p 1
300117 400117 -2.156 20013 -20014 20024 -20025 20032 -20033 imp:n,p 1
300118 400118 -2.156 20013 -20014 20024 -20025 20033 -20034 imp:n,p 1
300119 400119 -2.156 20013 -20014 20024 -20025 20034 -20035 imp:n,p 1
300120 400120 -2.156 20014 -20015 20024 -20025 20030 -20031 imp:n,p 1
300121 400121 -2.156 20014 -20015 20024 -20025 20031 -20032 imp:n,p 1
300122 400122 -2.156 20014 -20015 20024 -20025 20032 -20033 imp:n,p 1
300123 400123 -2.156 20014 -20015 20024 -20025 20033 -20034 imp:n,p 1
300124 400124 -2.156 20014 -20015 20024 -20025 20034 -20035 imp:n,p 1
c
30 12 -0.00129 -200 #101 #121 #122 #123 #124 #125 #126 #127 #128 #129 #130 #131 #132 #133
        #21 #211 #212 #22 #221 #222 #23 #231 #232 #24 #241 #242 #20 imp:n,p 1 $Rest of the World
31 0 200 imp:n,p 0 $Outside world

c SURFACE CARDS
c
c Sample Volume
20010 px -56.0
20011 px -33.59999999999991
20012 px -11.199999999999818
20013 px 11.199999999999818
20014 px 33.59999999999991
20015 px 56.0
20020 py -45.0
20021 py -27.0
20022 py -9.0
20023 py 9.0
20024 py 27.0
20025 py 45.0
20030 pz 92.0
20031 pz 82.0
20032 pz 72.0
20033 pz 62.0
20034 pz 52.0
20035 pz 42.0
c Active Detector Region
21 rcc 56  -5.0 -1.0   0.0 20.3 0.0   4.5 $Detector 1 Base center, Hx,Hy,Hz, radius
c Shielding Surfaces
c Shielding Pb
31 rpp 19 29 -7.5 7.5 -11 9 $PbPE xmin xmax ymin ymax zmin zmax
32 rpp 9 19 4 9 -11 9 $Pb xmin xmax ymin ymax zmin zmax
33 rpp 9 19 -9 -4 -11 9 $Pb xmin xmax ymin ymax zmin zmax
34 rpp 19 29 7.5 12.5 -11 9 $Pb xmin xmax ymin ymax zmin zmax
35 rpp 19 29 -12.5 -7.5 -11 9 $Pb xmin xmax ymin ymax zmin zmax
36 rpp 29 34 -15 15 -11 9 $Pb xmin xmax ymin ymax zmin zmax
37 rpp 9 19 -4 4 4 9 $Pb xmin xmax ymin ymax zmin zmax
38 rpp -26 26 18 28 -11 9 $BA1 xmin xmax ymin ymax zmin zmax
39 rpp -26 26 -28 -18 -11 9 $BA2 xmin xmax ymin ymax zmin zmax
40 rpp -65 65 -28 28 10 10.5 $Al xmin xmax ymin ymax zmin zmax
401 rpp -27 27 29 34 -11 9 $Fe xmin xmax ymin ymax zmin zmax
402 rpp -27 27 -34 -29 -11 9 $Fe xmin xmax ymin ymax zmin zmax
301 px -20
302 px 18
303 cx 3.71
304 cx 3.81
c Wheels Surfaces
c 23/10.5-12 turf tires, 22.6 lb rubber
c diameter 29cm, tread width 25cm, and sidewall height 13.76 cm
c set thickness of all sides 1.3 cm (s.t. weight is 22.6 lb)
41 rcc -2 77 8   0.0 25 0.0 29 $wheel 1 outer tread surface
42 rcc -2 77 8   0.0 25 0.0 27.7 $wheel 1 inner tread surface
421 rcc -2 75.7 8   0.0 1.3 0.0 29 $wheel 1 outside sidewall exterior
422 rcc -2 75.7 8   0.0 1.3 0.0 15.24 $wheel 1 outside sidewall interior
423 rcc -2 102 8   0.0 1.3 0.0 29 $wheel 1 inside sidewall exterior
424 rcc -2 102 8   0.0 1.3 0.0 15.24 $wheel 1 inside sidewall interior
43 rcc 68 77 8   0.0 25 0.0 29 $wheel 2
44 rcc 68 77 8   0.0 25 0.0 27.7
441 rcc 68 75.7 8   0.0 1.3 0.0 29
442 rcc 68 75.7 8   0.0 1.3 0.0 15.24
443 rcc 68 102 8   0.0 1.3 0.0 29
444 rcc 68 102 8   0.0 1.3 0.0 15.24
45 rcc -2 -77 8   0.0 -25 0.0 29 $wheel 3
46 rcc -2 -77 8   0.0 -25 0.0 27.7
461 rcc -2 -75.7 8   0.0 -1.3 0.0 29
462 rcc -2 -75.7 8   0.0 -1.3 0.0 15.24
463 rcc -2 -102 8   0.0 -1.3 0.0 29
464 rcc -2 -102 8   0.0 -1.3 0.0 15.24
47 rcc 68 -77 8   0.0 -25 0.0 29 $wheel 4
48 rcc 68 -77 8   0.0 -25 0.0 27.7
481 rcc 68 -75.7 8   0.0 -1.3 0.0 29
482 rcc 68 -75.7 8   0.0 -1.3 0.0 15.24
483 rcc 68 -102 8   0.0 -1.3 0.0 29
484 rcc 68 -102 8   0.0 -1.3 0.0 15.24
200 so 800    $sphere of 800cm centered at origin
c

c DATA CARDS
mode n p
c dump every hr
prdmp -60 -60 -1
c 100 keV Neutron Energy Cutoff
Cut:n 1j 0.1
c analog neutron transport
phys:n 1j 14
phys:p
sdef pos=0 0 0 erg=14.0 vec= 0 0 1 dir=d1
si1  -1 .93 1
sp1   0  0.0  1.0
c ********************
c begin material cards
c ********************
c Pure Carbon
c ****************************************
m400000 6000 -0.0005916134547614714 7000 -0.0005916134547614714 14000 -0.9988167730904771 
m400001 6000 -0.0019401051417875426 7000 -0.0019401051417875426 14000 -0.996119789716425 
m400002 6000 -0.0037430009784881198 7000 -0.0037430009784881198 14000 -0.9925139980430236 
m400003 6000 -0.00586218530124154 7000 -0.00586218530124154 14000 -0.9882756293975169 
m400004 6000 -0.008026162019881355 7000 -0.008026162019881355 14000 -0.9839476759602371 
m400005 6000 -0.0005268356435592612 7000 -0.0005268356435592612 14000 -0.9989463287128815 
m400006 6000 -0.0020242163437312636 7000 -0.0020242163437312636 14000 -0.9959515673125375 
m400007 6000 -0.004051691518689583 7000 -0.004051691518689583 14000 -0.9918966169626207 
m400008 6000 -0.005775923165136253 7000 -0.005775923165136253 14000 -0.9884481536697275 
m400009 6000 -0.008101628506657698 7000 -0.008101628506657698 14000 -0.9837967429866847 
m400010 6000 -0.0003832505231591761 7000 -0.0003832505231591761 14000 -0.9992334989536817 
m400011 6000 -0.0022124250995636374 7000 -0.0022124250995636374 14000 -0.9955751498008726 
m400012 6000 -0.003920325731281068 7000 -0.003920325731281068 14000 -0.9921593485374379 
m400013 6000 -0.0059158295081632815 7000 -0.0059158295081632815 14000 -0.9881683409836733 
m400014 6000 -0.008016221039991937 7000 -0.008016221039991937 14000 -0.983967557920016 
m400015 6000 -0.00036301550747711914 7000 -0.00036301550747711914 14000 -0.9992739689850457 
m400016 6000 -0.0019067797881170325 7000 -0.0019067797881170325 14000 -0.9961864404237659 
m400017 6000 -0.004188689409779731 7000 -0.004188689409779731 14000 -0.9916226211804404 
m400018 6000 -0.005895230434108603 7000 -0.005895230434108603 14000 -0.9882095391317831 
m400019 6000 -0.00778242449825373 7000 -0.00778242449825373 14000 -0.9844351510034928 
m400020 6000 -0.0004386685360709956 7000 -0.0004386685360709956 14000 -0.999122662927858 
m400021 6000 -0.0017467980299252415 7000 -0.0017467980299252415 14000 -0.9965064039401496 
m400022 6000 -0.0037048868370396677 7000 -0.0037048868370396677 14000 -0.9925902263259203 
m400023 6000 -0.005666106269390582 7000 -0.005666106269390582 14000 -0.9886677874612191 
m400024 6000 -0.007637934870458878 7000 -0.007637934870458878 14000 -0.9847241302590818 
m400025 6000 -0.000438337351889258 7000 -0.000438337351889258 14000 -0.9991233252962216 
m400026 6000 -0.0019520132085791204 7000 -0.0019520132085791204 14000 -0.9960959735828421 
m400027 6000 -0.0038935273300224533 7000 -0.0038935273300224533 14000 -0.9922129453399552 
m400028 6000 -0.005808634207190431 7000 -0.005808634207190431 14000 -0.9883827315856192 
m400029 6000 -0.007931203669665616 7000 -0.007931203669665616 14000 -0.9841375926606686 
m400030 6000 -0.0004164147560289245 7000 -0.0004164147560289245 14000 -0.9991671704879421 
m400031 6000 -0.0020128627528640257 7000 -0.0020128627528640257 14000 -0.9959742744942719 
m400032 6000 -0.003767563300630506 7000 -0.003767563300630506 14000 -0.9924648733987392 
m400033 6000 -0.005916476286763918 7000 -0.005916476286763918 14000 -0.9881670474264723 
m400034 6000 -0.008147320579010978 7000 -0.008147320579010978 14000 -0.9837053588419777 
m400035 6000 -0.0006064924431018434 7000 -0.0006064924431018434 14000 -0.9987870151137963 
m400036 6000 -0.0021213502745359063 7000 -0.0021213502745359063 14000 -0.9957572994509283 
m400037 6000 -0.0043587791104878655 7000 -0.0043587791104878655 14000 -0.9912824417790244 
m400038 6000 -0.006006644182487514 7000 -0.006006644182487514 14000 -0.987986711635025 
m400039 6000 -0.007693995954535043 7000 -0.007693995954535043 14000 -0.98461200809093 
m400040 6000 -0.00047845751057331914 7000 -0.00047845751057331914 14000 -0.9990430849788534 
m400041 6000 -0.0019291083268323773 7000 -0.0019291083268323773 14000 -0.9961417833463354 
m400042 6000 -0.0038905223966109763 7000 -0.0038905223966109763 14000 -0.9922189552067779 
m400043 6000 -0.005757098720923895 7000 -0.005757098720923895 14000 -0.9884858025581523 
m400044 6000 -0.007973296721865628 7000 -0.007973296721865628 14000 -0.9840534065562688 
m400045 6000 -0.0005880694717217397 7000 -0.0005880694717217397 14000 -0.9988238610565564 
m400046 6000 -0.002197704016172412 7000 -0.002197704016172412 14000 -0.9956045919676554 
m400047 6000 -0.003859011354828135 7000 -0.003859011354828135 14000 -0.992281977290344 
m400048 6000 -0.006027044961921415 7000 -0.006027044961921415 14000 -0.9879459100761574 
m400049 6000 -0.007796224950346054 7000 -0.007796224950346054 14000 -0.9844075500993077 
m400050 6000 -0.00046220472264331305 7000 -0.00046220472264331305 14000 -0.9990755905547136 
m400051 6000 -0.0022244777162011183 7000 -0.0022244777162011183 14000 -0.9955510445675979 
m400052 6000 -0.004004280342148181 7000 -0.004004280342148181 14000 -0.9919914393157032 
m400053 6000 -0.006222524712456435 7000 -0.006222524712456435 14000 -0.9875549505750871 
m400054 6000 -0.007893914004235905 7000 -0.007893914004235905 14000 -0.9842121719915281 
m400055 6000 -0.0004648945165703955 7000 -0.0004648945165703955 14000 -0.9990702109668592 
m400056 6000 -0.0022900831652954714 7000 -0.0022900831652954714 14000 -0.9954198336694091 
m400057 6000 -0.003787339723248592 7000 -0.003787339723248592 14000 -0.9924253205535031 
m400058 6000 -0.006231803470084932 7000 -0.006231803470084932 14000 -0.9875363930598303 
m400059 6000 -0.007568446281055979 7000 -0.007568446281055979 14000 -0.9848631074378876 
m400060 6000 -0.0005371365931981255 7000 -0.0005371365931981255 14000 -0.9989257268136039 
m400061 6000 -0.001803052266994437 7000 -0.001803052266994437 14000 -0.996393895466011 
m400062 6000 -0.0042196549585804466 7000 -0.0042196549585804466 14000 -0.991560690082839 
m400063 6000 -0.005928981123609721 7000 -0.005928981123609721 14000 -0.9881420377527804 
m400064 6000 -0.007837490543018107 7000 -0.007837490543018107 14000 -0.9843250189139635 
m400065 6000 -0.0006025830620846038 7000 -0.0006025830620846038 14000 -0.9987948338758307 
m400066 6000 -0.002020343476226869 7000 -0.002020343476226869 14000 -0.995959313047546 
m400067 6000 -0.003957476482482322 7000 -0.003957476482482322 14000 -0.9920850470350352 
m400068 6000 -0.005721353763482312 7000 -0.005721353763482312 14000 -0.9885572924730351 
m400069 6000 -0.008134188650104792 7000 -0.008134188650104792 14000 -0.9837316226997906 
m400070 6000 -0.0004595876240765133 7000 -0.0004595876240765133 14000 -0.9990808247518469 
m400071 6000 -0.0019188643583280102 7000 -0.0019188643583280102 14000 -0.996162271283344 
m400072 6000 -0.003688930451558073 7000 -0.003688930451558073 14000 -0.9926221390968838 
m400073 6000 -0.0062640297937149245 7000 -0.0062640297937149245 14000 -0.9874719404125704 
m400074 6000 -0.008021198048697631 7000 -0.008021198048697631 14000 -0.9839576039026048 
m400075 6000 -0.0006702714296720057 7000 -0.0006702714296720057 14000 -0.9986594571406558 
m400076 6000 -0.00201223027315334 7000 -0.00201223027315334 14000 -0.9959755394536933 
m400077 6000 -0.004367995385114709 7000 -0.004367995385114709 14000 -0.9912640092297709 
m400078 6000 -0.005767030924171729 7000 -0.005767030924171729 14000 -0.9884659381516567 
m400079 6000 -0.007894373790448252 7000 -0.007894373790448252 14000 -0.984211252419103 
m400080 6000 -0.0004601619051484425 7000 -0.0004601619051484425 14000 -0.9990796761897031 
m400081 6000 -0.0021762860780569666 7000 -0.0021762860780569666 14000 -0.9956474278438857 
m400082 6000 -0.003958260817337412 7000 -0.003958260817337412 14000 -0.9920834783653253 
m400083 6000 -0.0059955749551815415 7000 -0.0059955749551815415 14000 -0.988008850089637 
m400084 6000 -0.007958007054905496 7000 -0.007958007054905496 14000 -0.9840839858901888 
m400085 6000 -0.000570407988022642 7000 -0.000570407988022642 14000 -0.9988591840239546 
m400086 6000 -0.002283664607452609 7000 -0.002283664607452609 14000 -0.9954326707850949 
m400087 6000 -0.0036236992327703726 7000 -0.0036236992327703726 14000 -0.9927526015344594 
m400088 6000 -0.0059207809036577585 7000 -0.0059207809036577585 14000 -0.9881584381926843 
m400089 6000 -0.00791553329580031 7000 -0.00791553329580031 14000 -0.9841689334083995 
m400090 6000 -0.0004837950846871412 7000 -0.0004837950846871412 14000 -0.9990324098306259 
m400091 6000 -0.0019036640493155696 7000 -0.0019036640493155696 14000 -0.9961926719013688 
m400092 6000 -0.0042896849741953895 7000 -0.0042896849741953895 14000 -0.9914206300516092 
m400093 6000 -0.005904349159395814 7000 -0.005904349159395814 14000 -0.9881913016812084 
m400094 6000 -0.008048684477844471 7000 -0.008048684477844471 14000 -0.9839026310443111 
m400095 6000 -0.0004939999827818167 7000 -0.0004939999827818167 14000 -0.9990120000344364 
m400096 6000 -0.0019017812330160613 7000 -0.0019017812330160613 14000 -0.9961964375339677 
m400097 6000 -0.003898820841946322 7000 -0.003898820841946322 14000 -0.9922023583161074 
m400098 6000 -0.0056847902445397005 7000 -0.0056847902445397005 14000 -0.9886304195109207 
m400099 6000 -0.007929621183334738 7000 -0.007929621183334738 14000 -0.9841407576333304 
m400100 6000 -0.0004401453164239527 7000 -0.0004401453164239527 14000 -0.9991197093671519 
m400101 6000 -0.002253153314676654 7000 -0.002253153314676654 14000 -0.9954936933706469 
m400102 6000 -0.004103456848836785 7000 -0.004103456848836785 14000 -0.9917930863023264 
m400103 6000 -0.0060251932995120236 7000 -0.0060251932995120236 14000 -0.9879496134009759 
m400104 6000 -0.007695809220533797 7000 -0.007695809220533797 14000 -0.9846083815589327 
m400105 6000 -0.0004171061385668136 7000 -0.0004171061385668136 14000 -0.9991657877228661 
m400106 6000 -0.002035862362506043 7000 -0.002035862362506043 14000 -0.995928275274988 
m400107 6000 -0.003764463833164301 7000 -0.003764463833164301 14000 -0.9924710723336715 
m400108 6000 -0.005860240855839165 7000 -0.005860240855839165 14000 -0.9882795182883214 
m400109 6000 -0.008047688611250882 7000 -0.008047688611250882 14000 -0.9839046227774983 
m400110 6000 -0.0005826151847995579 7000 -0.0005826151847995579 14000 -0.998834769630401 
m400111 6000 -0.001962599782985453 7000 -0.001962599782985453 14000 -0.9960748004340292 
m400112 6000 -0.003952222119226934 7000 -0.003952222119226934 14000 -0.9920955557615462 
m400113 6000 -0.006299716665817718 7000 -0.006299716665817718 14000 -0.9874005666683648 
m400114 6000 -0.007875308295182747 7000 -0.007875308295182747 14000 -0.9842493834096346 
m400115 6000 -0.0005077292390342518 7000 -0.0005077292390342518 14000 -0.9989845415219317 
m400116 6000 -0.002047861264516851 7000 -0.002047861264516851 14000 -0.9959042774709662 
m400117 6000 -0.004071891059224676 7000 -0.004071891059224676 14000 -0.9918562178815512 
m400118 6000 -0.006196538289696089 7000 -0.006196538289696089 14000 -0.9876069234206081 
m400119 6000 -0.007869943346606784 7000 -0.007869943346606784 14000 -0.9842601133067868 
m400120 6000 -0.00045383953931984534 7000 -0.00045383953931984534 14000 -0.9990923209213605 
m400121 6000 -0.0017256636577492733 7000 -0.0017256636577492733 14000 -0.9965486726845014 
m400122 6000 -0.004290927222231435 7000 -0.004290927222231435 14000 -0.9914181455555371 
m400123 6000 -0.005856172017261382 7000 -0.005856172017261382 14000 -0.9882876559654775 
m400124 6000 -0.007923697625650207 7000 -0.007923697625650207 14000 -0.9841526047486995 
c **********************************
c PE+Pb, dens=4.78 g/cm3
m2      6000    -0.04286 $Carbon
        1001    -0.00714 $Hydrogen
        82000   -0.95000 $Lead
c **********************************
m3    1001 -0.048535 $Boric acid
      5010 -0.034981
      5011 -0.139923
      8016 -0.776561
c **********************************
m4    82000 1 $Lead
c **********************************
m5 26000 1 $Iron
c **********************************
m6     13027   -1.000 $ Aluminum
c **********************************
c  SS-304 (8.00 g/cm3), #298 in PNNL Compendium
m7   006000.50c -0.0004000
     014000.60c -0.0050000
     015031.50c -0.0002300
     016000.60c -0.0001500
     024000.50c -0.1899981
     025055.60c -0.0099999
     026000.50c -0.7017229
     028000.50c -0.0924991
c ****************************************
c       LaBr detector
c ****************************************
m8       35079    -0.2946       $ Br79
         35081    -0.3069       $ Br81
         57139    -0.3485       $ La139
         58140    -0.0500       $ Ce140
c ************ air den=1.15e-3g/cc
m12     8016 -0.23
        7014 -0.77
c ************ Rubber Natural den=0.92 g/cc
m13     1001 -0.118371  $weight fraction
        6000 -0.881629
c
c end material cards
c
rand seed=8674536546524321 $different initial random #; seed# - any less 18 digits
c
c ********** begin tallies *********************
fc78 *********Broadened Pulse Height Tally Sum of Detectors 1,2 & 3 ***********
e78 0 1e-5 932i 8.4295
F78:p (101)
FT78 GEB -0.026198 0.059551 -0.037176
fc18 *********Unbroadened Pulse Height Tally Sum of Detectors 1,2 & 3 ***********
e18 0 1e-5 932i 8.4295
F18:p (101)
c ***********************************
c mplot tal 78 freq 10000
nps 1e9
