c CAS DETECTOR
c w/ Shielding in Place and Wheels
c
c CELL CARDS
c
c @@@@@@@@@@ Detectors @@@@@@@@@@@@@@@@@
c
101 8 -5.08 -21 imp:n,p 1 $LaBr Detector #1 Active Region
c
c @@@@@@@@@ Shielding @@@@@@@@@@@@@@@@@
c
121 2 -4.78 -31 imp:n,p 1 $PE_Pb
122 4 -11.29 -32 imp:n,p 1 $Pb1
123 4 -11.29 -33 imp:n,p 1 $Pb2
124 4 -11.29 -34 imp:n,p 1 $Pb3
125 4 -11.29 -35 imp:n,p 1 $Pb4
126 4 -11.29 -36 imp:n,p 1 $Pb5
127 4 -11.29 -37 imp:n,p 1 $Pb6
128 3 -1.5 -38 imp:n,p 1 $BA1
129 3 -1.5 -39 imp:n,p 1 $BA2
130 6 -2.7 -40 imp:n,p 1 $Al
131 7 -7.92 301 -302 303 -304 imp:n,p 1 $Fe-tube
132 5 -7.8 -401 imp:n,p 1 $Fe
133 5 -7.8 -402 imp:n,p 1 $Fe
c @@@@@@@@@@ Wheels @@@@@@@@@@@@@@@@@
c
21 13 -0.92 -41 42 imp:n,p 1 $Wheel 1
211 13 -0.92 -421 422 imp:n,p 1 $Wheel 1
212 13 -0.92 -423 424 imp:n,p 1 $Wheel 1
22 13 -0.92 -43 44 imp:n,p 1 $Wheel 2
221 13 -0.92 -441 442 imp:n,p 1 $Wheel 2
222 13 -0.92 -443 444 imp:n,p 1 $Wheel 2
23 13 -0.92 -45 46 imp:n,p 1 $Wheel 3
231 13 -0.92 -461 462 imp:n,p 1 $Wheel 3
232 13 -0.92 -463 464 imp:n,p 1 $Wheel 3
24 13 -0.92 -47 48 imp:n,p 1 $Wheel 4
241 13 -0.92 -481 482 imp:n,p 1 $Wheel 4
242 13 -0.92 -483 484 imp:n,p 1 $Wheel 4
c
c @@@@@@@@@@ SOIL VOLUME @@@@@@@@@@@
c
300000 400000 -2.156 20010 -20011 20020 -20021 20030 -20031 imp:n,p 1
300001 400001 -2.156 20010 -20011 20020 -20021 20031 -20032 imp:n,p 1
300002 400002 -2.156 20010 -20011 20020 -20021 20032 -20033 imp:n,p 1
300003 400003 -2.156 20010 -20011 20020 -20021 20033 -20034 imp:n,p 1
300004 400004 -2.156 20010 -20011 20020 -20021 20034 -20035 imp:n,p 1
300005 400005 -2.156 20011 -20012 20020 -20021 20030 -20031 imp:n,p 1
300006 400006 -2.156 20011 -20012 20020 -20021 20031 -20032 imp:n,p 1
300007 400007 -2.156 20011 -20012 20020 -20021 20032 -20033 imp:n,p 1
300008 400008 -2.156 20011 -20012 20020 -20021 20033 -20034 imp:n,p 1
300009 400009 -2.156 20011 -20012 20020 -20021 20034 -20035 imp:n,p 1
300010 400010 -2.156 20012 -20013 20020 -20021 20030 -20031 imp:n,p 1
300011 400011 -2.156 20012 -20013 20020 -20021 20031 -20032 imp:n,p 1
300012 400012 -2.156 20012 -20013 20020 -20021 20032 -20033 imp:n,p 1
300013 400013 -2.156 20012 -20013 20020 -20021 20033 -20034 imp:n,p 1
300014 400014 -2.156 20012 -20013 20020 -20021 20034 -20035 imp:n,p 1
300015 400015 -2.156 20013 -20014 20020 -20021 20030 -20031 imp:n,p 1
300016 400016 -2.156 20013 -20014 20020 -20021 20031 -20032 imp:n,p 1
300017 400017 -2.156 20013 -20014 20020 -20021 20032 -20033 imp:n,p 1
300018 400018 -2.156 20013 -20014 20020 -20021 20033 -20034 imp:n,p 1
300019 400019 -2.156 20013 -20014 20020 -20021 20034 -20035 imp:n,p 1
300020 400020 -2.156 20014 -20015 20020 -20021 20030 -20031 imp:n,p 1
300021 400021 -2.156 20014 -20015 20020 -20021 20031 -20032 imp:n,p 1
300022 400022 -2.156 20014 -20015 20020 -20021 20032 -20033 imp:n,p 1
300023 400023 -2.156 20014 -20015 20020 -20021 20033 -20034 imp:n,p 1
300024 400024 -2.156 20014 -20015 20020 -20021 20034 -20035 imp:n,p 1
300025 400025 -2.156 20010 -20011 20021 -20022 20030 -20031 imp:n,p 1
300026 400026 -2.156 20010 -20011 20021 -20022 20031 -20032 imp:n,p 1
300027 400027 -2.156 20010 -20011 20021 -20022 20032 -20033 imp:n,p 1
300028 400028 -2.156 20010 -20011 20021 -20022 20033 -20034 imp:n,p 1
300029 400029 -2.156 20010 -20011 20021 -20022 20034 -20035 imp:n,p 1
300030 400030 -2.156 20011 -20012 20021 -20022 20030 -20031 imp:n,p 1
300031 400031 -2.156 20011 -20012 20021 -20022 20031 -20032 imp:n,p 1
300032 400032 -2.156 20011 -20012 20021 -20022 20032 -20033 imp:n,p 1
300033 400033 -2.156 20011 -20012 20021 -20022 20033 -20034 imp:n,p 1
300034 400034 -2.156 20011 -20012 20021 -20022 20034 -20035 imp:n,p 1
300035 400035 -2.156 20012 -20013 20021 -20022 20030 -20031 imp:n,p 1
300036 400036 -2.156 20012 -20013 20021 -20022 20031 -20032 imp:n,p 1
300037 400037 -2.156 20012 -20013 20021 -20022 20032 -20033 imp:n,p 1
300038 400038 -2.156 20012 -20013 20021 -20022 20033 -20034 imp:n,p 1
300039 400039 -2.156 20012 -20013 20021 -20022 20034 -20035 imp:n,p 1
300040 400040 -2.156 20013 -20014 20021 -20022 20030 -20031 imp:n,p 1
300041 400041 -2.156 20013 -20014 20021 -20022 20031 -20032 imp:n,p 1
300042 400042 -2.156 20013 -20014 20021 -20022 20032 -20033 imp:n,p 1
300043 400043 -2.156 20013 -20014 20021 -20022 20033 -20034 imp:n,p 1
300044 400044 -2.156 20013 -20014 20021 -20022 20034 -20035 imp:n,p 1
300045 400045 -2.156 20014 -20015 20021 -20022 20030 -20031 imp:n,p 1
300046 400046 -2.156 20014 -20015 20021 -20022 20031 -20032 imp:n,p 1
300047 400047 -2.156 20014 -20015 20021 -20022 20032 -20033 imp:n,p 1
300048 400048 -2.156 20014 -20015 20021 -20022 20033 -20034 imp:n,p 1
300049 400049 -2.156 20014 -20015 20021 -20022 20034 -20035 imp:n,p 1
300050 400050 -2.156 20010 -20011 20022 -20023 20030 -20031 imp:n,p 1
300051 400051 -2.156 20010 -20011 20022 -20023 20031 -20032 imp:n,p 1
300052 400052 -2.156 20010 -20011 20022 -20023 20032 -20033 imp:n,p 1
300053 400053 -2.156 20010 -20011 20022 -20023 20033 -20034 imp:n,p 1
300054 400054 -2.156 20010 -20011 20022 -20023 20034 -20035 imp:n,p 1
300055 400055 -2.156 20011 -20012 20022 -20023 20030 -20031 imp:n,p 1
300056 400056 -2.156 20011 -20012 20022 -20023 20031 -20032 imp:n,p 1
300057 400057 -2.156 20011 -20012 20022 -20023 20032 -20033 imp:n,p 1
300058 400058 -2.156 20011 -20012 20022 -20023 20033 -20034 imp:n,p 1
300059 400059 -2.156 20011 -20012 20022 -20023 20034 -20035 imp:n,p 1
300060 400060 -2.156 20012 -20013 20022 -20023 20030 -20031 imp:n,p 1
300061 400061 -2.156 20012 -20013 20022 -20023 20031 -20032 imp:n,p 1
300062 400062 -2.156 20012 -20013 20022 -20023 20032 -20033 imp:n,p 1
300063 400063 -2.156 20012 -20013 20022 -20023 20033 -20034 imp:n,p 1
300064 400064 -2.156 20012 -20013 20022 -20023 20034 -20035 imp:n,p 1
300065 400065 -2.156 20013 -20014 20022 -20023 20030 -20031 imp:n,p 1
300066 400066 -2.156 20013 -20014 20022 -20023 20031 -20032 imp:n,p 1
300067 400067 -2.156 20013 -20014 20022 -20023 20032 -20033 imp:n,p 1
300068 400068 -2.156 20013 -20014 20022 -20023 20033 -20034 imp:n,p 1
300069 400069 -2.156 20013 -20014 20022 -20023 20034 -20035 imp:n,p 1
300070 400070 -2.156 20014 -20015 20022 -20023 20030 -20031 imp:n,p 1
300071 400071 -2.156 20014 -20015 20022 -20023 20031 -20032 imp:n,p 1
300072 400072 -2.156 20014 -20015 20022 -20023 20032 -20033 imp:n,p 1
300073 400073 -2.156 20014 -20015 20022 -20023 20033 -20034 imp:n,p 1
300074 400074 -2.156 20014 -20015 20022 -20023 20034 -20035 imp:n,p 1
300075 400075 -2.156 20010 -20011 20023 -20024 20030 -20031 imp:n,p 1
300076 400076 -2.156 20010 -20011 20023 -20024 20031 -20032 imp:n,p 1
300077 400077 -2.156 20010 -20011 20023 -20024 20032 -20033 imp:n,p 1
300078 400078 -2.156 20010 -20011 20023 -20024 20033 -20034 imp:n,p 1
300079 400079 -2.156 20010 -20011 20023 -20024 20034 -20035 imp:n,p 1
300080 400080 -2.156 20011 -20012 20023 -20024 20030 -20031 imp:n,p 1
300081 400081 -2.156 20011 -20012 20023 -20024 20031 -20032 imp:n,p 1
300082 400082 -2.156 20011 -20012 20023 -20024 20032 -20033 imp:n,p 1
300083 400083 -2.156 20011 -20012 20023 -20024 20033 -20034 imp:n,p 1
300084 400084 -2.156 20011 -20012 20023 -20024 20034 -20035 imp:n,p 1
300085 400085 -2.156 20012 -20013 20023 -20024 20030 -20031 imp:n,p 1
300086 400086 -2.156 20012 -20013 20023 -20024 20031 -20032 imp:n,p 1
300087 400087 -2.156 20012 -20013 20023 -20024 20032 -20033 imp:n,p 1
300088 400088 -2.156 20012 -20013 20023 -20024 20033 -20034 imp:n,p 1
300089 400089 -2.156 20012 -20013 20023 -20024 20034 -20035 imp:n,p 1
300090 400090 -2.156 20013 -20014 20023 -20024 20030 -20031 imp:n,p 1
300091 400091 -2.156 20013 -20014 20023 -20024 20031 -20032 imp:n,p 1
300092 400092 -2.156 20013 -20014 20023 -20024 20032 -20033 imp:n,p 1
300093 400093 -2.156 20013 -20014 20023 -20024 20033 -20034 imp:n,p 1
300094 400094 -2.156 20013 -20014 20023 -20024 20034 -20035 imp:n,p 1
300095 400095 -2.156 20014 -20015 20023 -20024 20030 -20031 imp:n,p 1
300096 400096 -2.156 20014 -20015 20023 -20024 20031 -20032 imp:n,p 1
300097 400097 -2.156 20014 -20015 20023 -20024 20032 -20033 imp:n,p 1
300098 400098 -2.156 20014 -20015 20023 -20024 20033 -20034 imp:n,p 1
300099 400099 -2.156 20014 -20015 20023 -20024 20034 -20035 imp:n,p 1
300100 400100 -2.156 20010 -20011 20024 -20025 20030 -20031 imp:n,p 1
300101 400101 -2.156 20010 -20011 20024 -20025 20031 -20032 imp:n,p 1
300102 400102 -2.156 20010 -20011 20024 -20025 20032 -20033 imp:n,p 1
300103 400103 -2.156 20010 -20011 20024 -20025 20033 -20034 imp:n,p 1
300104 400104 -2.156 20010 -20011 20024 -20025 20034 -20035 imp:n,p 1
300105 400105 -2.156 20011 -20012 20024 -20025 20030 -20031 imp:n,p 1
300106 400106 -2.156 20011 -20012 20024 -20025 20031 -20032 imp:n,p 1
300107 400107 -2.156 20011 -20012 20024 -20025 20032 -20033 imp:n,p 1
300108 400108 -2.156 20011 -20012 20024 -20025 20033 -20034 imp:n,p 1
300109 400109 -2.156 20011 -20012 20024 -20025 20034 -20035 imp:n,p 1
300110 400110 -2.156 20012 -20013 20024 -20025 20030 -20031 imp:n,p 1
300111 400111 -2.156 20012 -20013 20024 -20025 20031 -20032 imp:n,p 1
300112 400112 -2.156 20012 -20013 20024 -20025 20032 -20033 imp:n,p 1
300113 400113 -2.156 20012 -20013 20024 -20025 20033 -20034 imp:n,p 1
300114 400114 -2.156 20012 -20013 20024 -20025 20034 -20035 imp:n,p 1
300115 400115 -2.156 20013 -20014 20024 -20025 20030 -20031 imp:n,p 1
300116 400116 -2.156 20013 -20014 20024 -20025 20031 -20032 imp:n,p 1
300117 400117 -2.156 20013 -20014 20024 -20025 20032 -20033 imp:n,p 1
300118 400118 -2.156 20013 -20014 20024 -20025 20033 -20034 imp:n,p 1
300119 400119 -2.156 20013 -20014 20024 -20025 20034 -20035 imp:n,p 1
300120 400120 -2.156 20014 -20015 20024 -20025 20030 -20031 imp:n,p 1
300121 400121 -2.156 20014 -20015 20024 -20025 20031 -20032 imp:n,p 1
300122 400122 -2.156 20014 -20015 20024 -20025 20032 -20033 imp:n,p 1
300123 400123 -2.156 20014 -20015 20024 -20025 20033 -20034 imp:n,p 1
300124 400124 -2.156 20014 -20015 20024 -20025 20034 -20035 imp:n,p 1
c
30 12 -0.00129 -200 #101 #121 #122 #123 #124 #125 #126 #127 #128 #129 #130 #131 #132 #133
        #21 #211 #212 #22 #221 #222 #23 #231 #232 #24 #241 #242 #20 imp:n,p 1 $Rest of the World
31 0 200 imp:n,p 0 $Outside world

c SURFACE CARDS
c
c Sample Volume
20010 px -56.0
20011 px -33.600000000000364
20012 px -11.199999999999818
20013 px 11.199999999999818
20014 px 33.600000000000364
20015 px 56.0
20020 py -45.0
20021 py -27.0
20022 py -9.0
20023 py 9.0
20024 py 27.0
20025 py 45.0
20030 pz 92.0
20031 pz 82.0
20032 pz 72.0
20033 pz 62.0
20034 pz 52.0
20035 pz 42.0
c Active Detector Region
21 rcc 56  -5.0 -1.0   0.0 20.3 0.0   4.5 $Detector 1 Base center, Hx,Hy,Hz, radius
c Shielding Surfaces
c Shielding Pb
31 rpp 19 29 -7.5 7.5 -11 9 $PbPE xmin xmax ymin ymax zmin zmax
32 rpp 9 19 4 9 -11 9 $Pb xmin xmax ymin ymax zmin zmax
33 rpp 9 19 -9 -4 -11 9 $Pb xmin xmax ymin ymax zmin zmax
34 rpp 19 29 7.5 12.5 -11 9 $Pb xmin xmax ymin ymax zmin zmax
35 rpp 19 29 -12.5 -7.5 -11 9 $Pb xmin xmax ymin ymax zmin zmax
36 rpp 29 34 -15 15 -11 9 $Pb xmin xmax ymin ymax zmin zmax
37 rpp 9 19 -4 4 4 9 $Pb xmin xmax ymin ymax zmin zmax
38 rpp -26 26 18 28 -11 9 $BA1 xmin xmax ymin ymax zmin zmax
39 rpp -26 26 -28 -18 -11 9 $BA2 xmin xmax ymin ymax zmin zmax
40 rpp -65 65 -28 28 10 10.5 $Al xmin xmax ymin ymax zmin zmax
401 rpp -27 27 29 34 -11 9 $Fe xmin xmax ymin ymax zmin zmax
402 rpp -27 27 -34 -29 -11 9 $Fe xmin xmax ymin ymax zmin zmax
301 px -20
302 px 18
303 cx 3.71
304 cx 3.81
c Wheels Surfaces
c 23/10.5-12 turf tires, 22.6 lb rubber
c diameter 29cm, tread width 25cm, and sidewall height 13.76 cm
c set thickness of all sides 1.3 cm (s.t. weight is 22.6 lb)
41 rcc -2 77 8   0.0 25 0.0 29 $wheel 1 outer tread surface
42 rcc -2 77 8   0.0 25 0.0 27.7 $wheel 1 inner tread surface
421 rcc -2 75.7 8   0.0 1.3 0.0 29 $wheel 1 outside sidewall exterior
422 rcc -2 75.7 8   0.0 1.3 0.0 15.24 $wheel 1 outside sidewall interior
423 rcc -2 102 8   0.0 1.3 0.0 29 $wheel 1 inside sidewall exterior
424 rcc -2 102 8   0.0 1.3 0.0 15.24 $wheel 1 inside sidewall interior
43 rcc 68 77 8   0.0 25 0.0 29 $wheel 2
44 rcc 68 77 8   0.0 25 0.0 27.7
441 rcc 68 75.7 8   0.0 1.3 0.0 29
442 rcc 68 75.7 8   0.0 1.3 0.0 15.24
443 rcc 68 102 8   0.0 1.3 0.0 29
444 rcc 68 102 8   0.0 1.3 0.0 15.24
45 rcc -2 -77 8   0.0 -25 0.0 29 $wheel 3
46 rcc -2 -77 8   0.0 -25 0.0 27.7
461 rcc -2 -75.7 8   0.0 -1.3 0.0 29
462 rcc -2 -75.7 8   0.0 -1.3 0.0 15.24
463 rcc -2 -102 8   0.0 -1.3 0.0 29
464 rcc -2 -102 8   0.0 -1.3 0.0 15.24
47 rcc 68 -77 8   0.0 -25 0.0 29 $wheel 4
48 rcc 68 -77 8   0.0 -25 0.0 27.7
481 rcc 68 -75.7 8   0.0 -1.3 0.0 29
482 rcc 68 -75.7 8   0.0 -1.3 0.0 15.24
483 rcc 68 -102 8   0.0 -1.3 0.0 29
484 rcc 68 -102 8   0.0 -1.3 0.0 15.24
200 so 800    $sphere of 800cm centered at origin
c

c DATA CARDS
mode n p
c dump every hr
prdmp -60 -60 -1
c 100 keV Neutron Energy Cutoff
Cut:n 1j 0.1
c analog neutron transport
phys:n 1j 14
phys:p
sdef pos=0 0 0 erg=14.0 vec= 0 0 1 dir=d1
si1  -1 .93 1
sp1   0  0.0  1.0
c ********************
c begin material cards
c ********************
c Pure Carbon
c ****************************************
m400000 6000 -0.0005868884206797936 7000 -0.0005868884206797936 14000 -0.9988262231586406 
m400001 6000 -0.0019131455580269619 7000 -0.0019131455580269619 14000 -0.9961737088839462 
m400002 6000 -0.0039196501899877315 7000 -0.0039196501899877315 14000 -0.9921606996200245 
m400003 6000 -0.006026323337926438 7000 -0.006026323337926438 14000 -0.9879473533241471 
m400004 6000 -0.00788797976087315 7000 -0.00788797976087315 14000 -0.9842240404782536 
m400005 6000 -0.0005380880936660174 7000 -0.0005380880936660174 14000 -0.998923823812668 
m400006 6000 -0.0020157058922678508 7000 -0.0020157058922678508 14000 -0.9959685882154645 
m400007 6000 -0.0036167400443183483 7000 -0.0036167400443183483 14000 -0.9927665199113634 
m400008 6000 -0.005906868052733245 7000 -0.005906868052733245 14000 -0.9881862638945332 
m400009 6000 -0.008031240535494158 7000 -0.008031240535494158 14000 -0.9839375189290118 
m400010 6000 -0.00046427771016822715 7000 -0.00046427771016822715 14000 -0.9990714445796638 
m400011 6000 -0.0021206477072456885 7000 -0.0021206477072456885 14000 -0.9957587045855085 
m400012 6000 -0.003957185486688976 7000 -0.003957185486688976 14000 -0.9920856290266221 
m400013 6000 -0.005853519474884603 7000 -0.005853519474884603 14000 -0.9882929610502306 
m400014 6000 -0.007920964266987837 7000 -0.007920964266987837 14000 -0.9841580714660246 
m400015 6000 -0.0005708419775843823 7000 -0.0005708419775843823 14000 -0.9988583160448313 
m400016 6000 -0.0017169999822965979 7000 -0.0017169999822965979 14000 -0.9965660000354071 
m400017 6000 -0.004009469764488065 7000 -0.004009469764488065 14000 -0.9919810604710235 
m400018 6000 -0.005882497982718237 7000 -0.005882497982718237 14000 -0.9882350040345633 
m400019 6000 -0.00791996716471557 7000 -0.00791996716471557 14000 -0.9841600656705688 
m400020 6000 -0.0006041830677822339 7000 -0.0006041830677822339 14000 -0.9987916338644355 
m400021 6000 -0.002233942161245084 7000 -0.002233942161245084 14000 -0.9955321156775097 
m400022 6000 -0.004037799500777043 7000 -0.004037799500777043 14000 -0.9919244009984457 
m400023 6000 -0.005931732814073581 7000 -0.005931732814073581 14000 -0.9881365343718529 
m400024 6000 -0.007901918260313119 7000 -0.007901918260313119 14000 -0.9841961634793737 
m400025 6000 -0.0005095073620941111 7000 -0.0005095073620941111 14000 -0.9989809852758117 
m400026 6000 -0.0020226692709135953 7000 -0.0020226692709135953 14000 -0.9959546614581726 
m400027 6000 -0.004036125396076613 7000 -0.004036125396076613 14000 -0.9919277492078469 
m400028 6000 -0.006139045883333357 7000 -0.006139045883333357 14000 -0.9877219082333332 
m400029 6000 -0.007834976437552347 7000 -0.007834976437552347 14000 -0.9843300471248955 
m400030 6000 -0.0003379216137583013 7000 -0.0003379216137583013 14000 -0.9993241567724833 
m400031 6000 -0.0018649065656856235 7000 -0.0018649065656856235 14000 -0.9962701868686288 
m400032 6000 -0.004157761647820544 7000 -0.004157761647820544 14000 -0.9916844767043588 
m400033 6000 -0.0060367900753710915 7000 -0.0060367900753710915 14000 -0.9879264198492577 
m400034 6000 -0.007721630878412138 7000 -0.007721630878412138 14000 -0.9845567382431755 
m400035 6000 -0.00045961781719775044 7000 -0.00045961781719775044 14000 -0.9990807643656043 
m400036 6000 -0.0016789492298465733 7000 -0.0016789492298465733 14000 -0.9966421015403069 
m400037 6000 -0.00410673881405817 7000 -0.00410673881405817 14000 -0.991786522371884 
m400038 6000 -0.005950418031099144 7000 -0.005950418031099144 14000 -0.9880991639378017 
m400039 6000 -0.008122627147219919 7000 -0.008122627147219919 14000 -0.98375474570556 
m400040 6000 -0.0005374775595446738 7000 -0.0005374775595446738 14000 -0.9989250448809106 
m400041 6000 -0.0020253312064498086 7000 -0.0020253312064498086 14000 -0.9959493375871002 
m400042 6000 -0.004463356556372853 7000 -0.004463356556372853 14000 -0.991073286887254 
m400043 6000 -0.006115271934246776 7000 -0.006115271934246776 14000 -0.9877694561315064 
m400044 6000 -0.007971597124993273 7000 -0.007971597124993273 14000 -0.9840568057500134 
m400045 6000 -0.0005415176735751909 7000 -0.0005415176735751909 14000 -0.9989169646528498 
m400046 6000 -0.002366841322762222 7000 -0.002366841322762222 14000 -0.9952663173544756 
m400047 6000 -0.004264588996317134 7000 -0.004264588996317134 14000 -0.9914708220073659 
m400048 6000 -0.00589811676857777 7000 -0.00589811676857777 14000 -0.9882037664628441 
m400049 6000 -0.008013055308522017 7000 -0.008013055308522017 14000 -0.9839738893829558 
m400050 6000 -0.0004074282930182705 7000 -0.0004074282930182705 14000 -0.9991851434139634 
m400051 6000 -0.002039616816028314 7000 -0.002039616816028314 14000 -0.9959207663679434 
m400052 6000 -0.003996570492976491 7000 -0.003996570492976491 14000 -0.992006859014047 
m400053 6000 -0.0057557107894061 7000 -0.0057557107894061 14000 -0.9884885784211876 
m400054 6000 -0.008051446004646384 7000 -0.008051446004646384 14000 -0.9838971079907073 
m400055 6000 -0.0005451589388895048 7000 -0.0005451589388895048 14000 -0.9989096821222206 
m400056 6000 -0.0019550408298810705 7000 -0.0019550408298810705 14000 -0.9960899183402375 
m400057 6000 -0.0038495085678854485 7000 -0.0038495085678854485 14000 -0.9923009828642292 
m400058 6000 -0.006207730511482121 7000 -0.006207730511482121 14000 -0.9875845389770359 
m400059 6000 -0.007520958852174653 7000 -0.007520958852174653 14000 -0.9849580822956505 
m400060 6000 -0.0006054349089341328 7000 -0.0006054349089341328 14000 -0.9987891301821316 
m400061 6000 -0.0018478135259308436 7000 -0.0018478135259308436 14000 -0.9963043729481383 
m400062 6000 -0.0038435311045096985 7000 -0.0038435311045096985 14000 -0.992312937790981 
m400063 6000 -0.006039597890025798 7000 -0.006039597890025798 14000 -0.9879208042199485 
m400064 6000 -0.008379591030532796 7000 -0.008379591030532796 14000 -0.9832408179389344 
m400065 6000 -0.000286478899419604 7000 -0.000286478899419604 14000 -0.9994270422011607 
m400066 6000 -0.0017757202687061263 7000 -0.0017757202687061263 14000 -0.9964485594625878 
m400067 6000 -0.004037570962590468 7000 -0.004037570962590468 14000 -0.9919248580748191 
m400068 6000 -0.005944057194630045 7000 -0.005944057194630045 14000 -0.9881118856107399 
m400069 6000 -0.007857114929121656 7000 -0.007857114929121656 14000 -0.9842857701417561 
m400070 6000 -0.0004936625550809705 7000 -0.0004936625550809705 14000 -0.999012674889838 
m400071 6000 -0.0021357187676739257 7000 -0.0021357187676739257 14000 -0.9957285624646525 
m400072 6000 -0.003888355672496424 7000 -0.003888355672496424 14000 -0.9922232886550073 
m400073 6000 -0.00602664784935206 7000 -0.00602664784935206 14000 -0.9879467043012957 
m400074 6000 -0.007926650911028642 7000 -0.007926650911028642 14000 -0.9841466981779428 
m400075 6000 -0.0005979574372456181 7000 -0.0005979574372456181 14000 -0.9988040851255089 
m400076 6000 -0.0018013607039615237 7000 -0.0018013607039615237 14000 -0.9963972785920768 
m400077 6000 -0.0038525650134197454 7000 -0.0038525650134197454 14000 -0.9922948699731609 
m400078 6000 -0.005875700521701871 7000 -0.005875700521701871 14000 -0.988248598956596 
m400079 6000 -0.00810447271154003 7000 -0.00810447271154003 14000 -0.98379105457692 
m400080 6000 -0.0005331511375963941 7000 -0.0005331511375963941 14000 -0.9989336977248072 
m400081 6000 -0.0020387036002963706 7000 -0.0020387036002963706 14000 -0.9959225927994068 
m400082 6000 -0.004040772301374686 7000 -0.004040772301374686 14000 -0.9919184553972502 
m400083 6000 -0.005925850106823576 7000 -0.005925850106823576 14000 -0.9881482997863529 
m400084 6000 -0.00792402588002797 7000 -0.00792402588002797 14000 -0.9841519482399438 
m400085 6000 -0.0006572855832204629 7000 -0.0006572855832204629 14000 -0.9986854288335594 
m400086 6000 -0.002005439917761129 7000 -0.002005439917761129 14000 -0.9959891201644779 
m400087 6000 -0.003814243479414002 7000 -0.003814243479414002 14000 -0.9923715130411723 
m400088 6000 -0.00600462643895044 7000 -0.00600462643895044 14000 -0.9879907471220991 
m400089 6000 -0.0082031713972869 7000 -0.0082031713972869 14000 -0.9835936572054261 
m400090 6000 -0.0006697643217058909 7000 -0.0006697643217058909 14000 -0.9986604713565882 
m400091 6000 -0.002267898584686756 7000 -0.002267898584686756 14000 -0.9954642028306263 
m400092 6000 -0.003664162345109553 7000 -0.003664162345109553 14000 -0.992671675309781 
m400093 6000 -0.005959304455079441 7000 -0.005959304455079441 14000 -0.988081391089841 
m400094 6000 -0.008010977332092127 7000 -0.008010977332092127 14000 -0.9839780453358159 
m400095 6000 -0.0007245107079468669 7000 -0.0007245107079468669 14000 -0.9985509785841065 
m400096 6000 -0.0018471677413954477 7000 -0.0018471677413954477 14000 -0.9963056645172094 
m400097 6000 -0.003797525170630564 7000 -0.003797525170630564 14000 -0.9924049496587386 
m400098 6000 -0.005966840538285457 7000 -0.005966840538285457 14000 -0.9880663189234289 
m400099 6000 -0.00803957226031577 7000 -0.00803957226031577 14000 -0.9839208554793683 
m400100 6000 -0.00039601064846410405 7000 -0.00039601064846410405 14000 -0.9992079787030717 
m400101 6000 -0.001788321608725849 7000 -0.001788321608725849 14000 -0.9964233567825481 
m400102 6000 -0.004029294687681002 7000 -0.004029294687681002 14000 -0.9919414106246377 
m400103 6000 -0.006044077381355516 7000 -0.006044077381355516 14000 -0.9879118452372889 
m400104 6000 -0.008103531116641605 7000 -0.008103531116641605 14000 -0.9837929377667168 
m400105 6000 -0.0004821737720771377 7000 -0.0004821737720771377 14000 -0.9990356524558459 
m400106 6000 -0.0020385325293403103 7000 -0.0020385325293403103 14000 -0.9959229349413192 
m400107 6000 -0.004034511303356579 7000 -0.004034511303356579 14000 -0.9919309773932867 
m400108 6000 -0.0056841823730355455 7000 -0.0056841823730355455 14000 -0.9886316352539288 
m400109 6000 -0.0081388403424347 7000 -0.0081388403424347 14000 -0.9837223193151303 
m400110 6000 -0.00047772504607374586 7000 -0.00047772504607374586 14000 -0.9990445499078524 
m400111 6000 -0.0019675341278703063 7000 -0.0019675341278703063 14000 -0.9960649317442593 
m400112 6000 -0.004208164236478809 7000 -0.004208164236478809 14000 -0.9915836715270426 
m400113 6000 -0.005968503352895248 7000 -0.005968503352895248 14000 -0.9880629932942095 
m400114 6000 -0.008094757796642368 7000 -0.008094757796642368 14000 -0.9838104844067153 
m400115 6000 -0.0006664668549504773 7000 -0.0006664668549504773 14000 -0.9986670662900989 
m400116 6000 -0.002002465971155944 7000 -0.002002465971155944 14000 -0.995995068057688 
m400117 6000 -0.004113348605024747 7000 -0.004113348605024747 14000 -0.9917733027899507 
m400118 6000 -0.006093915740294493 7000 -0.006093915740294493 14000 -0.9878121685194108 
m400119 6000 -0.008132721143638116 7000 -0.008132721143638116 14000 -0.9837345577127237 
m400120 6000 -0.0006305046564557428 7000 -0.0006305046564557428 14000 -0.9987389906870885 
m400121 6000 -0.0019872016228942705 7000 -0.0019872016228942705 14000 -0.9960255967542113 
m400122 6000 -0.0036741916930264364 7000 -0.0036741916930264364 14000 -0.9926516166139469 
m400123 6000 -0.006197749921479408 7000 -0.006197749921479408 14000 -0.9876045001570413 
m400124 6000 -0.008084661392012277 7000 -0.008084661392012277 14000 -0.9838306772159753 
c **********************************
c PE+Pb, dens=4.78 g/cm3
m2      6000    -0.04286 $Carbon
        1001    -0.00714 $Hydrogen
        82000   -0.95000 $Lead
c **********************************
m3    1001 -0.048535 $Boric acid
      5010 -0.034981
      5011 -0.139923
      8016 -0.776561
c **********************************
m4    82000 1 $Lead
c **********************************
m5 26000 1 $Iron
c **********************************
m6     13027   -1.000 $ Aluminum
c **********************************
c  SS-304 (8.00 g/cm3), #298 in PNNL Compendium
m7   006000.50c -0.0004000
     014000.60c -0.0050000
     015031.50c -0.0002300
     016000.60c -0.0001500
     024000.50c -0.1899981
     025055.60c -0.0099999
     026000.50c -0.7017229
     028000.50c -0.0924991
c ****************************************
c       LaBr detector
c ****************************************
m8       35079    -0.2946       $ Br79
         35081    -0.3069       $ Br81
         57139    -0.3485       $ La139
         58140    -0.0500       $ Ce140
c ************ air den=1.15e-3g/cc
m12     8016 -0.23
        7014 -0.77
c ************ Rubber Natural den=0.92 g/cc
m13     1001 -0.118371  $weight fraction
        6000 -0.881629
c
c end material cards
c
rand seed=8674536546524321 $different initial random #; seed# - any less 18 digits
c
c ********** begin tallies *********************
fc78 *********Broadened Pulse Height Tally Sum of Detectors 1,2 & 3 ***********
e78 0 1e-5 932i 8.4295
F78:p (101)
FT78 GEB -0.026198 0.059551 -0.037176
fc18 *********Unbroadened Pulse Height Tally Sum of Detectors 1,2 & 3 ***********
e18 0 1e-5 932i 8.4295
F18:p (101)
c ***********************************
c mplot tal 78 freq 10000
nps 1e9
