c CAS DETECTOR
c w/ Shielding in Place and Wheels
c
c CELL CARDS
c
c @@@@@@@@@@ Detectors @@@@@@@@@@@@@@@@@
c
101 8 -5.08 -21 imp:n,p 1 $LaBr Detector #1 Active Region
c
c @@@@@@@@@ Shielding @@@@@@@@@@@@@@@@@
c
121 2 -4.78 -31 imp:n,p 1 $PE_Pb
122 4 -11.29 -32 imp:n,p 1 $Pb1
123 4 -11.29 -33 imp:n,p 1 $Pb2
124 4 -11.29 -34 imp:n,p 1 $Pb3
125 4 -11.29 -35 imp:n,p 1 $Pb4
126 4 -11.29 -36 imp:n,p 1 $Pb5
127 4 -11.29 -37 imp:n,p 1 $Pb6
128 3 -1.5 -38 imp:n,p 1 $BA1
129 3 -1.5 -39 imp:n,p 1 $BA2
130 6 -2.7 -40 imp:n,p 1 $Al
131 7 -7.92 301 -302 303 -304 imp:n,p 1 $Fe-tube
132 5 -7.8 -401 imp:n,p 1 $Fe
133 5 -7.8 -402 imp:n,p 1 $Fe
c @@@@@@@@@@ Wheels @@@@@@@@@@@@@@@@@
c
21 13 -0.92 -41 42 imp:n,p 1 $Wheel 1
211 13 -0.92 -421 422 imp:n,p 1 $Wheel 1
212 13 -0.92 -423 424 imp:n,p 1 $Wheel 1
22 13 -0.92 -43 44 imp:n,p 1 $Wheel 2
221 13 -0.92 -441 442 imp:n,p 1 $Wheel 2
222 13 -0.92 -443 444 imp:n,p 1 $Wheel 2
23 13 -0.92 -45 46 imp:n,p 1 $Wheel 3
231 13 -0.92 -461 462 imp:n,p 1 $Wheel 3
232 13 -0.92 -463 464 imp:n,p 1 $Wheel 3
24 13 -0.92 -47 48 imp:n,p 1 $Wheel 4
241 13 -0.92 -481 482 imp:n,p 1 $Wheel 4
242 13 -0.92 -483 484 imp:n,p 1 $Wheel 4
c
c @@@@@@@@@@ SOIL VOLUME @@@@@@@@@@@
c
300000 400000 -2.156 20010 -20011 20020 -20021 20030 -20031 imp:n,p 1
300001 400001 -2.156 20010 -20011 20020 -20021 20031 -20032 imp:n,p 1
300002 400002 -2.156 20010 -20011 20020 -20021 20032 -20033 imp:n,p 1
300003 400003 -2.156 20010 -20011 20020 -20021 20033 -20034 imp:n,p 1
300004 400004 -2.156 20010 -20011 20020 -20021 20034 -20035 imp:n,p 1
300005 400005 -2.156 20011 -20012 20020 -20021 20030 -20031 imp:n,p 1
300006 400006 -2.156 20011 -20012 20020 -20021 20031 -20032 imp:n,p 1
300007 400007 -2.156 20011 -20012 20020 -20021 20032 -20033 imp:n,p 1
300008 400008 -2.156 20011 -20012 20020 -20021 20033 -20034 imp:n,p 1
300009 400009 -2.156 20011 -20012 20020 -20021 20034 -20035 imp:n,p 1
300010 400010 -2.156 20012 -20013 20020 -20021 20030 -20031 imp:n,p 1
300011 400011 -2.156 20012 -20013 20020 -20021 20031 -20032 imp:n,p 1
300012 400012 -2.156 20012 -20013 20020 -20021 20032 -20033 imp:n,p 1
300013 400013 -2.156 20012 -20013 20020 -20021 20033 -20034 imp:n,p 1
300014 400014 -2.156 20012 -20013 20020 -20021 20034 -20035 imp:n,p 1
300015 400015 -2.156 20013 -20014 20020 -20021 20030 -20031 imp:n,p 1
300016 400016 -2.156 20013 -20014 20020 -20021 20031 -20032 imp:n,p 1
300017 400017 -2.156 20013 -20014 20020 -20021 20032 -20033 imp:n,p 1
300018 400018 -2.156 20013 -20014 20020 -20021 20033 -20034 imp:n,p 1
300019 400019 -2.156 20013 -20014 20020 -20021 20034 -20035 imp:n,p 1
300020 400020 -2.156 20014 -20015 20020 -20021 20030 -20031 imp:n,p 1
300021 400021 -2.156 20014 -20015 20020 -20021 20031 -20032 imp:n,p 1
300022 400022 -2.156 20014 -20015 20020 -20021 20032 -20033 imp:n,p 1
300023 400023 -2.156 20014 -20015 20020 -20021 20033 -20034 imp:n,p 1
300024 400024 -2.156 20014 -20015 20020 -20021 20034 -20035 imp:n,p 1
300025 400025 -2.156 20010 -20011 20021 -20022 20030 -20031 imp:n,p 1
300026 400026 -2.156 20010 -20011 20021 -20022 20031 -20032 imp:n,p 1
300027 400027 -2.156 20010 -20011 20021 -20022 20032 -20033 imp:n,p 1
300028 400028 -2.156 20010 -20011 20021 -20022 20033 -20034 imp:n,p 1
300029 400029 -2.156 20010 -20011 20021 -20022 20034 -20035 imp:n,p 1
300030 400030 -2.156 20011 -20012 20021 -20022 20030 -20031 imp:n,p 1
300031 400031 -2.156 20011 -20012 20021 -20022 20031 -20032 imp:n,p 1
300032 400032 -2.156 20011 -20012 20021 -20022 20032 -20033 imp:n,p 1
300033 400033 -2.156 20011 -20012 20021 -20022 20033 -20034 imp:n,p 1
300034 400034 -2.156 20011 -20012 20021 -20022 20034 -20035 imp:n,p 1
300035 400035 -2.156 20012 -20013 20021 -20022 20030 -20031 imp:n,p 1
300036 400036 -2.156 20012 -20013 20021 -20022 20031 -20032 imp:n,p 1
300037 400037 -2.156 20012 -20013 20021 -20022 20032 -20033 imp:n,p 1
300038 400038 -2.156 20012 -20013 20021 -20022 20033 -20034 imp:n,p 1
300039 400039 -2.156 20012 -20013 20021 -20022 20034 -20035 imp:n,p 1
300040 400040 -2.156 20013 -20014 20021 -20022 20030 -20031 imp:n,p 1
300041 400041 -2.156 20013 -20014 20021 -20022 20031 -20032 imp:n,p 1
300042 400042 -2.156 20013 -20014 20021 -20022 20032 -20033 imp:n,p 1
300043 400043 -2.156 20013 -20014 20021 -20022 20033 -20034 imp:n,p 1
300044 400044 -2.156 20013 -20014 20021 -20022 20034 -20035 imp:n,p 1
300045 400045 -2.156 20014 -20015 20021 -20022 20030 -20031 imp:n,p 1
300046 400046 -2.156 20014 -20015 20021 -20022 20031 -20032 imp:n,p 1
300047 400047 -2.156 20014 -20015 20021 -20022 20032 -20033 imp:n,p 1
300048 400048 -2.156 20014 -20015 20021 -20022 20033 -20034 imp:n,p 1
300049 400049 -2.156 20014 -20015 20021 -20022 20034 -20035 imp:n,p 1
300050 400050 -2.156 20010 -20011 20022 -20023 20030 -20031 imp:n,p 1
300051 400051 -2.156 20010 -20011 20022 -20023 20031 -20032 imp:n,p 1
300052 400052 -2.156 20010 -20011 20022 -20023 20032 -20033 imp:n,p 1
300053 400053 -2.156 20010 -20011 20022 -20023 20033 -20034 imp:n,p 1
300054 400054 -2.156 20010 -20011 20022 -20023 20034 -20035 imp:n,p 1
300055 400055 -2.156 20011 -20012 20022 -20023 20030 -20031 imp:n,p 1
300056 400056 -2.156 20011 -20012 20022 -20023 20031 -20032 imp:n,p 1
300057 400057 -2.156 20011 -20012 20022 -20023 20032 -20033 imp:n,p 1
300058 400058 -2.156 20011 -20012 20022 -20023 20033 -20034 imp:n,p 1
300059 400059 -2.156 20011 -20012 20022 -20023 20034 -20035 imp:n,p 1
300060 400060 -2.156 20012 -20013 20022 -20023 20030 -20031 imp:n,p 1
300061 400061 -2.156 20012 -20013 20022 -20023 20031 -20032 imp:n,p 1
300062 400062 -2.156 20012 -20013 20022 -20023 20032 -20033 imp:n,p 1
300063 400063 -2.156 20012 -20013 20022 -20023 20033 -20034 imp:n,p 1
300064 400064 -2.156 20012 -20013 20022 -20023 20034 -20035 imp:n,p 1
300065 400065 -2.156 20013 -20014 20022 -20023 20030 -20031 imp:n,p 1
300066 400066 -2.156 20013 -20014 20022 -20023 20031 -20032 imp:n,p 1
300067 400067 -2.156 20013 -20014 20022 -20023 20032 -20033 imp:n,p 1
300068 400068 -2.156 20013 -20014 20022 -20023 20033 -20034 imp:n,p 1
300069 400069 -2.156 20013 -20014 20022 -20023 20034 -20035 imp:n,p 1
300070 400070 -2.156 20014 -20015 20022 -20023 20030 -20031 imp:n,p 1
300071 400071 -2.156 20014 -20015 20022 -20023 20031 -20032 imp:n,p 1
300072 400072 -2.156 20014 -20015 20022 -20023 20032 -20033 imp:n,p 1
300073 400073 -2.156 20014 -20015 20022 -20023 20033 -20034 imp:n,p 1
300074 400074 -2.156 20014 -20015 20022 -20023 20034 -20035 imp:n,p 1
300075 400075 -2.156 20010 -20011 20023 -20024 20030 -20031 imp:n,p 1
300076 400076 -2.156 20010 -20011 20023 -20024 20031 -20032 imp:n,p 1
300077 400077 -2.156 20010 -20011 20023 -20024 20032 -20033 imp:n,p 1
300078 400078 -2.156 20010 -20011 20023 -20024 20033 -20034 imp:n,p 1
300079 400079 -2.156 20010 -20011 20023 -20024 20034 -20035 imp:n,p 1
300080 400080 -2.156 20011 -20012 20023 -20024 20030 -20031 imp:n,p 1
300081 400081 -2.156 20011 -20012 20023 -20024 20031 -20032 imp:n,p 1
300082 400082 -2.156 20011 -20012 20023 -20024 20032 -20033 imp:n,p 1
300083 400083 -2.156 20011 -20012 20023 -20024 20033 -20034 imp:n,p 1
300084 400084 -2.156 20011 -20012 20023 -20024 20034 -20035 imp:n,p 1
300085 400085 -2.156 20012 -20013 20023 -20024 20030 -20031 imp:n,p 1
300086 400086 -2.156 20012 -20013 20023 -20024 20031 -20032 imp:n,p 1
300087 400087 -2.156 20012 -20013 20023 -20024 20032 -20033 imp:n,p 1
300088 400088 -2.156 20012 -20013 20023 -20024 20033 -20034 imp:n,p 1
300089 400089 -2.156 20012 -20013 20023 -20024 20034 -20035 imp:n,p 1
300090 400090 -2.156 20013 -20014 20023 -20024 20030 -20031 imp:n,p 1
300091 400091 -2.156 20013 -20014 20023 -20024 20031 -20032 imp:n,p 1
300092 400092 -2.156 20013 -20014 20023 -20024 20032 -20033 imp:n,p 1
300093 400093 -2.156 20013 -20014 20023 -20024 20033 -20034 imp:n,p 1
300094 400094 -2.156 20013 -20014 20023 -20024 20034 -20035 imp:n,p 1
300095 400095 -2.156 20014 -20015 20023 -20024 20030 -20031 imp:n,p 1
300096 400096 -2.156 20014 -20015 20023 -20024 20031 -20032 imp:n,p 1
300097 400097 -2.156 20014 -20015 20023 -20024 20032 -20033 imp:n,p 1
300098 400098 -2.156 20014 -20015 20023 -20024 20033 -20034 imp:n,p 1
300099 400099 -2.156 20014 -20015 20023 -20024 20034 -20035 imp:n,p 1
300100 400100 -2.156 20010 -20011 20024 -20025 20030 -20031 imp:n,p 1
300101 400101 -2.156 20010 -20011 20024 -20025 20031 -20032 imp:n,p 1
300102 400102 -2.156 20010 -20011 20024 -20025 20032 -20033 imp:n,p 1
300103 400103 -2.156 20010 -20011 20024 -20025 20033 -20034 imp:n,p 1
300104 400104 -2.156 20010 -20011 20024 -20025 20034 -20035 imp:n,p 1
300105 400105 -2.156 20011 -20012 20024 -20025 20030 -20031 imp:n,p 1
300106 400106 -2.156 20011 -20012 20024 -20025 20031 -20032 imp:n,p 1
300107 400107 -2.156 20011 -20012 20024 -20025 20032 -20033 imp:n,p 1
300108 400108 -2.156 20011 -20012 20024 -20025 20033 -20034 imp:n,p 1
300109 400109 -2.156 20011 -20012 20024 -20025 20034 -20035 imp:n,p 1
300110 400110 -2.156 20012 -20013 20024 -20025 20030 -20031 imp:n,p 1
300111 400111 -2.156 20012 -20013 20024 -20025 20031 -20032 imp:n,p 1
300112 400112 -2.156 20012 -20013 20024 -20025 20032 -20033 imp:n,p 1
300113 400113 -2.156 20012 -20013 20024 -20025 20033 -20034 imp:n,p 1
300114 400114 -2.156 20012 -20013 20024 -20025 20034 -20035 imp:n,p 1
300115 400115 -2.156 20013 -20014 20024 -20025 20030 -20031 imp:n,p 1
300116 400116 -2.156 20013 -20014 20024 -20025 20031 -20032 imp:n,p 1
300117 400117 -2.156 20013 -20014 20024 -20025 20032 -20033 imp:n,p 1
300118 400118 -2.156 20013 -20014 20024 -20025 20033 -20034 imp:n,p 1
300119 400119 -2.156 20013 -20014 20024 -20025 20034 -20035 imp:n,p 1
300120 400120 -2.156 20014 -20015 20024 -20025 20030 -20031 imp:n,p 1
300121 400121 -2.156 20014 -20015 20024 -20025 20031 -20032 imp:n,p 1
300122 400122 -2.156 20014 -20015 20024 -20025 20032 -20033 imp:n,p 1
300123 400123 -2.156 20014 -20015 20024 -20025 20033 -20034 imp:n,p 1
300124 400124 -2.156 20014 -20015 20024 -20025 20034 -20035 imp:n,p 1
c
30 12 -0.00129 -200 #101 #121 #122 #123 #124 #125 #126 #127 #128 #129 #130 #131 #132 #133
        #21 #211 #212 #22 #221 #222 #23 #231 #232 #24 #241 #242 #20 imp:n,p 1 $Rest of the World
31 0 200 imp:n,p 0 $Outside world

c SURFACE CARDS
c
c Sample Volume
20010 px -56.0
20011 px -33.600000000000364
20012 px -11.200000000000728
20013 px 11.200000000000728
20014 px 33.600000000000364
20015 px 56.0
20020 py -45.0
20021 py -27.0
20022 py -9.0
20023 py 9.0
20024 py 27.0
20025 py 45.0
20030 pz 92.0
20031 pz 82.0
20032 pz 72.0
20033 pz 62.0
20034 pz 52.0
20035 pz 42.0
c Active Detector Region
21 rcc 56  -5.0 -1.0   0.0 20.3 0.0   4.5 $Detector 1 Base center, Hx,Hy,Hz, radius
c Shielding Surfaces
c Shielding Pb
31 rpp 19 29 -7.5 7.5 -11 9 $PbPE xmin xmax ymin ymax zmin zmax
32 rpp 9 19 4 9 -11 9 $Pb xmin xmax ymin ymax zmin zmax
33 rpp 9 19 -9 -4 -11 9 $Pb xmin xmax ymin ymax zmin zmax
34 rpp 19 29 7.5 12.5 -11 9 $Pb xmin xmax ymin ymax zmin zmax
35 rpp 19 29 -12.5 -7.5 -11 9 $Pb xmin xmax ymin ymax zmin zmax
36 rpp 29 34 -15 15 -11 9 $Pb xmin xmax ymin ymax zmin zmax
37 rpp 9 19 -4 4 4 9 $Pb xmin xmax ymin ymax zmin zmax
38 rpp -26 26 18 28 -11 9 $BA1 xmin xmax ymin ymax zmin zmax
39 rpp -26 26 -28 -18 -11 9 $BA2 xmin xmax ymin ymax zmin zmax
40 rpp -65 65 -28 28 10 10.5 $Al xmin xmax ymin ymax zmin zmax
401 rpp -27 27 29 34 -11 9 $Fe xmin xmax ymin ymax zmin zmax
402 rpp -27 27 -34 -29 -11 9 $Fe xmin xmax ymin ymax zmin zmax
301 px -20
302 px 18
303 cx 3.71
304 cx 3.81
c Wheels Surfaces
c 23/10.5-12 turf tires, 22.6 lb rubber
c diameter 29cm, tread width 25cm, and sidewall height 13.76 cm
c set thickness of all sides 1.3 cm (s.t. weight is 22.6 lb)
41 rcc -2 77 8   0.0 25 0.0 29 $wheel 1 outer tread surface
42 rcc -2 77 8   0.0 25 0.0 27.7 $wheel 1 inner tread surface
421 rcc -2 75.7 8   0.0 1.3 0.0 29 $wheel 1 outside sidewall exterior
422 rcc -2 75.7 8   0.0 1.3 0.0 15.24 $wheel 1 outside sidewall interior
423 rcc -2 102 8   0.0 1.3 0.0 29 $wheel 1 inside sidewall exterior
424 rcc -2 102 8   0.0 1.3 0.0 15.24 $wheel 1 inside sidewall interior
43 rcc 68 77 8   0.0 25 0.0 29 $wheel 2
44 rcc 68 77 8   0.0 25 0.0 27.7
441 rcc 68 75.7 8   0.0 1.3 0.0 29
442 rcc 68 75.7 8   0.0 1.3 0.0 15.24
443 rcc 68 102 8   0.0 1.3 0.0 29
444 rcc 68 102 8   0.0 1.3 0.0 15.24
45 rcc -2 -77 8   0.0 -25 0.0 29 $wheel 3
46 rcc -2 -77 8   0.0 -25 0.0 27.7
461 rcc -2 -75.7 8   0.0 -1.3 0.0 29
462 rcc -2 -75.7 8   0.0 -1.3 0.0 15.24
463 rcc -2 -102 8   0.0 -1.3 0.0 29
464 rcc -2 -102 8   0.0 -1.3 0.0 15.24
47 rcc 68 -77 8   0.0 -25 0.0 29 $wheel 4
48 rcc 68 -77 8   0.0 -25 0.0 27.7
481 rcc 68 -75.7 8   0.0 -1.3 0.0 29
482 rcc 68 -75.7 8   0.0 -1.3 0.0 15.24
483 rcc 68 -102 8   0.0 -1.3 0.0 29
484 rcc 68 -102 8   0.0 -1.3 0.0 15.24
200 so 800    $sphere of 800cm centered at origin
c

c DATA CARDS
mode n p
c dump every hr
prdmp -60 -60 -1
c 100 keV Neutron Energy Cutoff
Cut:n 1j 0.1
c analog neutron transport
phys:n 1j 14
phys:p
sdef pos=0 0 0 erg=14.0 vec= 0 0 1 dir=d1
si1  -1 .93 1
sp1   0  0.0  1.0
c ********************
c begin material cards
c ********************
c Pure Carbon
c ****************************************
m400000 6000 -0.0005736867573976805 7000 -0.0005736867573976805 14000 -0.9988526264852047 
m400001 6000 -0.0019209993962403173 7000 -0.0019209993962403173 14000 -0.9961580012075195 
m400002 6000 -0.0037442158058694 7000 -0.0037442158058694 14000 -0.9925115683882614 
m400003 6000 -0.006401437391250442 7000 -0.006401437391250442 14000 -0.9871971252174991 
m400004 6000 -0.008029455393019547 7000 -0.008029455393019547 14000 -0.983941089213961 
m400005 6000 -0.00042465102893125286 7000 -0.00042465102893125286 14000 -0.9991506979421374 
m400006 6000 -0.0019715974755849085 7000 -0.0019715974755849085 14000 -0.9960568050488307 
m400007 6000 -0.004004730466978222 7000 -0.004004730466978222 14000 -0.9919905390660436 
m400008 6000 -0.005824919996048271 7000 -0.005824919996048271 14000 -0.9883501600079034 
m400009 6000 -0.007964200838030119 7000 -0.007964200838030119 14000 -0.9840715983239394 
m400010 6000 -0.0004800845737226874 7000 -0.0004800845737226874 14000 -0.9990398308525547 
m400011 6000 -0.001814125337830515 7000 -0.001814125337830515 14000 -0.9963717493243393 
m400012 6000 -0.003996755742524509 7000 -0.003996755742524509 14000 -0.9920064885149509 
m400013 6000 -0.006180689637213338 7000 -0.006180689637213338 14000 -0.9876386207255737 
m400014 6000 -0.008013798035663513 7000 -0.008013798035663513 14000 -0.983972403928673 
m400015 6000 -0.0006572045211448893 7000 -0.0006572045211448893 14000 -0.9986855909577101 
m400016 6000 -0.0015505476068098396 7000 -0.0015505476068098396 14000 -0.9968989047863804 
m400017 6000 -0.004025776181977249 7000 -0.004025776181977249 14000 -0.9919484476360454 
m400018 6000 -0.006099537662754575 7000 -0.006099537662754575 14000 -0.9878009246744911 
m400019 6000 -0.007934511188253938 7000 -0.007934511188253938 14000 -0.9841309776234922 
m400020 6000 -0.0006720792423783248 7000 -0.0006720792423783248 14000 -0.9986558415152431 
m400021 6000 -0.002071777378377357 7000 -0.002071777378377357 14000 -0.9958564452432452 
m400022 6000 -0.0039612954230434545 7000 -0.0039612954230434545 14000 -0.9920774091539127 
m400023 6000 -0.005969748879493958 7000 -0.005969748879493958 14000 -0.9880605022410122 
m400024 6000 -0.007993413736956846 7000 -0.007993413736956846 14000 -0.9840131725260862 
m400025 6000 -0.00036686232027979755 7000 -0.00036686232027979755 14000 -0.9992662753594403 
m400026 6000 -0.001856393149400045 7000 -0.001856393149400045 14000 -0.9962872137012 
m400027 6000 -0.00400093299522953 7000 -0.00400093299522953 14000 -0.9919981340095412 
m400028 6000 -0.005886717666069647 7000 -0.005886717666069647 14000 -0.9882265646678607 
m400029 6000 -0.007781024622026453 7000 -0.007781024622026453 14000 -0.984437950755947 
m400030 6000 -0.0004338913012975984 7000 -0.0004338913012975984 14000 -0.9991322173974048 
m400031 6000 -0.001997810649196068 7000 -0.001997810649196068 14000 -0.9960043787016077 
m400032 6000 -0.004163987715247523 7000 -0.004163987715247523 14000 -0.9916720245695049 
m400033 6000 -0.005967597333602243 7000 -0.005967597333602243 14000 -0.9880648053327953 
m400034 6000 -0.007956644919230404 7000 -0.007956644919230404 14000 -0.9840867101615391 
m400035 6000 -0.0005007012882396352 7000 -0.0005007012882396352 14000 -0.9989985974235208 
m400036 6000 -0.0019488793784553015 7000 -0.0019488793784553015 14000 -0.996102241243089 
m400037 6000 -0.004036996573202369 7000 -0.004036996573202369 14000 -0.9919260068535949 
m400038 6000 -0.005869348090460757 7000 -0.005869348090460757 14000 -0.9882613038190784 
m400039 6000 -0.00790817220411914 7000 -0.00790817220411914 14000 -0.9841836555917616 
m400040 6000 -0.0005701293166549262 7000 -0.0005701293166549262 14000 -0.9988597413666901 
m400041 6000 -0.0021078339938595545 7000 -0.0021078339938595545 14000 -0.9957843320122809 
m400042 6000 -0.003866257345497595 7000 -0.003866257345497595 14000 -0.992267485309005 
m400043 6000 -0.0060833630319382615 7000 -0.0060833630319382615 14000 -0.9878332739361231 
m400044 6000 -0.007917786048937416 7000 -0.007917786048937416 14000 -0.984164427902125 
m400045 6000 -0.0005796464532847746 7000 -0.0005796464532847746 14000 -0.9988407070934302 
m400046 6000 -0.0020389917243607155 7000 -0.0020389917243607155 14000 -0.9959220165512787 
m400047 6000 -0.0040002348450630994 7000 -0.0040002348450630994 14000 -0.9919995303098738 
m400048 6000 -0.006488704493528762 7000 -0.006488704493528762 14000 -0.9870225910129424 
m400049 6000 -0.008024709821590472 7000 -0.008024709821590472 14000 -0.983950580356819 
m400050 6000 -0.000547855243653502 7000 -0.000547855243653502 14000 -0.9989042895126929 
m400051 6000 -0.001649297389810323 7000 -0.001649297389810323 14000 -0.9967014052203794 
m400052 6000 -0.0037130322066702775 7000 -0.0037130322066702775 14000 -0.9925739355866594 
m400053 6000 -0.00613835757127459 7000 -0.00613835757127459 14000 -0.9877232848574512 
m400054 6000 -0.007740507477969341 7000 -0.007740507477969341 14000 -0.9845189850440614 
m400055 6000 -0.0006939265990668427 7000 -0.0006939265990668427 14000 -0.9986121468018662 
m400056 6000 -0.0019751229314649023 7000 -0.0019751229314649023 14000 -0.9960497541370702 
m400057 6000 -0.004016054578102096 7000 -0.004016054578102096 14000 -0.9919678908437962 
m400058 6000 -0.005720546973673382 7000 -0.005720546973673382 14000 -0.9885589060526534 
m400059 6000 -0.008085859192096728 7000 -0.008085859192096728 14000 -0.9838282816158065 
m400060 6000 -0.0006384122779925259 7000 -0.0006384122779925259 14000 -0.9987231754440148 
m400061 6000 -0.0022193235521544017 7000 -0.0022193235521544017 14000 -0.9955613528956913 
m400062 6000 -0.004085759856265822 7000 -0.004085759856265822 14000 -0.9918284802874681 
m400063 6000 -0.005946517794435299 7000 -0.005946517794435299 14000 -0.9881069644111291 
m400064 6000 -0.007655659905466818 7000 -0.007655659905466818 14000 -0.9846886801890662 
m400065 6000 -0.0005698901083360904 7000 -0.0005698901083360904 14000 -0.9988602197833277 
m400066 6000 -0.0019177163979554985 7000 -0.0019177163979554985 14000 -0.9961645672040892 
m400067 6000 -0.003877888606272487 7000 -0.003877888606272487 14000 -0.992244222787455 
m400068 6000 -0.005894637581784679 7000 -0.005894637581784679 14000 -0.9882107248364307 
m400069 6000 -0.007858889887271526 7000 -0.007858889887271526 14000 -0.9842822202254566 
m400070 6000 -0.0005736760982234626 7000 -0.0005736760982234626 14000 -0.9988526478035533 
m400071 6000 -0.002150680334718715 7000 -0.002150680334718715 14000 -0.9956986393305626 
m400072 6000 -0.0037403960877427055 7000 -0.0037403960877427055 14000 -0.9925192078245147 
m400073 6000 -0.005866609534500531 7000 -0.005866609534500531 14000 -0.9882667809309987 
m400074 6000 -0.007745660960529539 7000 -0.007745660960529539 14000 -0.9845086780789408 
m400075 6000 -0.00047187006878973535 7000 -0.00047187006878973535 14000 -0.9990562598624203 
m400076 6000 -0.002115536779860244 7000 -0.002115536779860244 14000 -0.9957689264402793 
m400077 6000 -0.004049090789614355 7000 -0.004049090789614355 14000 -0.9919018184207715 
m400078 6000 -0.005924195094545183 7000 -0.005924195094545183 14000 -0.9881516098109097 
m400079 6000 -0.007935469703237968 7000 -0.007935469703237968 14000 -0.9841290605935242 
m400080 6000 -0.0005068139623000184 7000 -0.0005068139623000184 14000 -0.9989863720754003 
m400081 6000 -0.001827389603616094 7000 -0.001827389603616094 14000 -0.9963452207927679 
m400082 6000 -0.003751363002926268 7000 -0.003751363002926268 14000 -0.9924972739941472 
m400083 6000 -0.005965745764864294 7000 -0.005965745764864294 14000 -0.9880685084702715 
m400084 6000 -0.00788042228781694 7000 -0.00788042228781694 14000 -0.9842391554243659 
m400085 6000 -0.0005739018381454033 7000 -0.0005739018381454033 14000 -0.9988521963237091 
m400086 6000 -0.002177702016302986 7000 -0.002177702016302986 14000 -0.995644595967394 
m400087 6000 -0.003935733407895401 7000 -0.003935733407895401 14000 -0.9921285331842088 
m400088 6000 -0.005893615278176902 7000 -0.005893615278176902 14000 -0.9882127694436461 
m400089 6000 -0.008186507911023218 7000 -0.008186507911023218 14000 -0.9836269841779535 
m400090 6000 -0.0005519275178338879 7000 -0.0005519275178338879 14000 -0.9988961449643322 
m400091 6000 -0.002195498751619807 7000 -0.002195498751619807 14000 -0.9956090024967602 
m400092 6000 -0.003867315990859455 7000 -0.003867315990859455 14000 -0.9922653680182814 
m400093 6000 -0.006068053774730289 7000 -0.006068053774730289 14000 -0.9878638924505394 
m400094 6000 -0.007719761921432985 7000 -0.007719761921432985 14000 -0.984560476157134 
m400095 6000 -0.0006094893264841815 7000 -0.0006094893264841815 14000 -0.9987810213470314 
m400096 6000 -0.0022067352082596643 7000 -0.0022067352082596643 14000 -0.9955865295834808 
m400097 6000 -0.004233207883234791 7000 -0.004233207883234791 14000 -0.9915335842335306 
m400098 6000 -0.005612931649219938 7000 -0.005612931649219938 14000 -0.98877413670156 
m400099 6000 -0.008052759093381157 7000 -0.008052759093381157 14000 -0.9838944818132377 
m400100 6000 -0.000557548694166368 7000 -0.000557548694166368 14000 -0.9988849026116674 
m400101 6000 -0.0018120249943722633 7000 -0.0018120249943722633 14000 -0.9963759500112553 
m400102 6000 -0.004197164842674294 7000 -0.004197164842674294 14000 -0.9916056703146512 
m400103 6000 -0.005937471704374294 7000 -0.005937471704374294 14000 -0.9881250565912514 
m400104 6000 -0.007656527002310729 7000 -0.007656527002310729 14000 -0.9846869459953786 
m400105 6000 -0.0004645833675215762 7000 -0.0004645833675215762 14000 -0.9990708332649568 
m400106 6000 -0.0018320732067882508 7000 -0.0018320732067882508 14000 -0.9963358535864235 
m400107 6000 -0.003806876520645423 7000 -0.003806876520645423 14000 -0.9923862469587089 
m400108 6000 -0.0058956722979303655 7000 -0.0058956722979303655 14000 -0.9882086554041392 
m400109 6000 -0.007739265538499025 7000 -0.007739265538499025 14000 -0.9845214689230022 
m400110 6000 -0.000441938698847556 7000 -0.000441938698847556 14000 -0.9991161226023049 
m400111 6000 -0.002262975036760325 7000 -0.002262975036760325 14000 -0.9954740499264798 
m400112 6000 -0.0038852505169974464 7000 -0.0038852505169974464 14000 -0.992229498966005 
m400113 6000 -0.0058202818814742175 7000 -0.0058202818814742175 14000 -0.9883594362370518 
m400114 6000 -0.007990429744989652 7000 -0.007990429744989652 14000 -0.9840191405100207 
m400115 6000 -0.00043884466051925466 7000 -0.00043884466051925466 14000 -0.9991223106789614 
m400116 6000 -0.0020097470489257 7000 -0.0020097470489257 14000 -0.9959805059021487 
m400117 6000 -0.003861869312058756 7000 -0.003861869312058756 14000 -0.992276261375882 
m400118 6000 -0.00620895126188451 7000 -0.00620895126188451 14000 -0.9875820974762309 
m400119 6000 -0.007976509838882866 7000 -0.007976509838882866 14000 -0.9840469803222344 
m400120 6000 -0.0005547847587983319 7000 -0.0005547847587983319 14000 -0.9988904304824036 
m400121 6000 -0.002229517132641961 7000 -0.002229517132641961 14000 -0.9955409657347161 
m400122 6000 -0.003909788245686346 7000 -0.003909788245686346 14000 -0.9921804235086271 
m400123 6000 -0.005765010861942189 7000 -0.005765010861942189 14000 -0.9884699782761153 
m400124 6000 -0.007921239945893142 7000 -0.007921239945893142 14000 -0.9841575201082141 
c **********************************
c PE+Pb, dens=4.78 g/cm3
m2      6000    -0.04286 $Carbon
        1001    -0.00714 $Hydrogen
        82000   -0.95000 $Lead
c **********************************
m3    1001 -0.048535 $Boric acid
      5010 -0.034981
      5011 -0.139923
      8016 -0.776561
c **********************************
m4    82000 1 $Lead
c **********************************
m5 26000 1 $Iron
c **********************************
m6     13027   -1.000 $ Aluminum
c **********************************
c  SS-304 (8.00 g/cm3), #298 in PNNL Compendium
m7   006000.50c -0.0004000
     014000.60c -0.0050000
     015031.50c -0.0002300
     016000.60c -0.0001500
     024000.50c -0.1899981
     025055.60c -0.0099999
     026000.50c -0.7017229
     028000.50c -0.0924991
c ****************************************
c       LaBr detector
c ****************************************
m8       35079    -0.2946       $ Br79
         35081    -0.3069       $ Br81
         57139    -0.3485       $ La139
         58140    -0.0500       $ Ce140
c ************ air den=1.15e-3g/cc
m12     8016 -0.23
        7014 -0.77
c ************ Rubber Natural den=0.92 g/cc
m13     1001 -0.118371  $weight fraction
        6000 -0.881629
c
c end material cards
c
rand seed=8674536546524321 $different initial random #; seed# - any less 18 digits
c
c ********** begin tallies *********************
fc78 *********Broadened Pulse Height Tally Sum of Detectors 1,2 & 3 ***********
e78 0 1e-5 932i 8.4295
F78:p (101)
FT78 GEB -0.026198 0.059551 -0.037176
fc18 *********Unbroadened Pulse Height Tally Sum of Detectors 1,2 & 3 ***********
e18 0 1e-5 932i 8.4295
F18:p (101)
c ***********************************
c mplot tal 78 freq 10000
nps 1e9
