c CAS DETECTOR
c w/ Shielding in Place and Wheels
c
c CELL CARDS
c
c @@@@@@@@@@ Detectors @@@@@@@@@@@@@@@@@
c
101 8 -5.08 -21 imp:n,p 1 $LaBr Detector #1 Active Region
c
c @@@@@@@@@ Shielding @@@@@@@@@@@@@@@@@
c
121 2 -4.78 -31 imp:n,p 1 $PE_Pb
122 4 -11.29 -32 imp:n,p 1 $Pb1
123 4 -11.29 -33 imp:n,p 1 $Pb2
124 4 -11.29 -34 imp:n,p 1 $Pb3
125 4 -11.29 -35 imp:n,p 1 $Pb4
126 4 -11.29 -36 imp:n,p 1 $Pb5
127 4 -11.29 -37 imp:n,p 1 $Pb6
128 3 -1.5 -38 imp:n,p 1 $BA1
129 3 -1.5 -39 imp:n,p 1 $BA2
130 6 -2.7 -40 imp:n,p 1 $Al
131 7 -7.92 301 -302 303 -304 imp:n,p 1 $Fe-tube
132 5 -7.8 -401 imp:n,p 1 $Fe
133 5 -7.8 -402 imp:n,p 1 $Fe
c @@@@@@@@@@ Wheels @@@@@@@@@@@@@@@@@
c
21 13 -0.92 -41 42 imp:n,p 1 $Wheel 1
211 13 -0.92 -421 422 imp:n,p 1 $Wheel 1
212 13 -0.92 -423 424 imp:n,p 1 $Wheel 1
22 13 -0.92 -43 44 imp:n,p 1 $Wheel 2
221 13 -0.92 -441 442 imp:n,p 1 $Wheel 2
222 13 -0.92 -443 444 imp:n,p 1 $Wheel 2
23 13 -0.92 -45 46 imp:n,p 1 $Wheel 3
231 13 -0.92 -461 462 imp:n,p 1 $Wheel 3
232 13 -0.92 -463 464 imp:n,p 1 $Wheel 3
24 13 -0.92 -47 48 imp:n,p 1 $Wheel 4
241 13 -0.92 -481 482 imp:n,p 1 $Wheel 4
242 13 -0.92 -483 484 imp:n,p 1 $Wheel 4
c
c @@@@@@@@@@ SOIL VOLUME @@@@@@@@@@@
c
300000 400000 -2.156 20010 -20011 20020 -20021 20030 -20031 imp:n,p 1
300001 400001 -2.156 20010 -20011 20020 -20021 20031 -20032 imp:n,p 1
300002 400002 -2.156 20010 -20011 20020 -20021 20032 -20033 imp:n,p 1
300003 400003 -2.156 20010 -20011 20020 -20021 20033 -20034 imp:n,p 1
300004 400004 -2.156 20010 -20011 20020 -20021 20034 -20035 imp:n,p 1
300005 400005 -2.156 20011 -20012 20020 -20021 20030 -20031 imp:n,p 1
300006 400006 -2.156 20011 -20012 20020 -20021 20031 -20032 imp:n,p 1
300007 400007 -2.156 20011 -20012 20020 -20021 20032 -20033 imp:n,p 1
300008 400008 -2.156 20011 -20012 20020 -20021 20033 -20034 imp:n,p 1
300009 400009 -2.156 20011 -20012 20020 -20021 20034 -20035 imp:n,p 1
300010 400010 -2.156 20012 -20013 20020 -20021 20030 -20031 imp:n,p 1
300011 400011 -2.156 20012 -20013 20020 -20021 20031 -20032 imp:n,p 1
300012 400012 -2.156 20012 -20013 20020 -20021 20032 -20033 imp:n,p 1
300013 400013 -2.156 20012 -20013 20020 -20021 20033 -20034 imp:n,p 1
300014 400014 -2.156 20012 -20013 20020 -20021 20034 -20035 imp:n,p 1
300015 400015 -2.156 20013 -20014 20020 -20021 20030 -20031 imp:n,p 1
300016 400016 -2.156 20013 -20014 20020 -20021 20031 -20032 imp:n,p 1
300017 400017 -2.156 20013 -20014 20020 -20021 20032 -20033 imp:n,p 1
300018 400018 -2.156 20013 -20014 20020 -20021 20033 -20034 imp:n,p 1
300019 400019 -2.156 20013 -20014 20020 -20021 20034 -20035 imp:n,p 1
300020 400020 -2.156 20014 -20015 20020 -20021 20030 -20031 imp:n,p 1
300021 400021 -2.156 20014 -20015 20020 -20021 20031 -20032 imp:n,p 1
300022 400022 -2.156 20014 -20015 20020 -20021 20032 -20033 imp:n,p 1
300023 400023 -2.156 20014 -20015 20020 -20021 20033 -20034 imp:n,p 1
300024 400024 -2.156 20014 -20015 20020 -20021 20034 -20035 imp:n,p 1
300025 400025 -2.156 20010 -20011 20021 -20022 20030 -20031 imp:n,p 1
300026 400026 -2.156 20010 -20011 20021 -20022 20031 -20032 imp:n,p 1
300027 400027 -2.156 20010 -20011 20021 -20022 20032 -20033 imp:n,p 1
300028 400028 -2.156 20010 -20011 20021 -20022 20033 -20034 imp:n,p 1
300029 400029 -2.156 20010 -20011 20021 -20022 20034 -20035 imp:n,p 1
300030 400030 -2.156 20011 -20012 20021 -20022 20030 -20031 imp:n,p 1
300031 400031 -2.156 20011 -20012 20021 -20022 20031 -20032 imp:n,p 1
300032 400032 -2.156 20011 -20012 20021 -20022 20032 -20033 imp:n,p 1
300033 400033 -2.156 20011 -20012 20021 -20022 20033 -20034 imp:n,p 1
300034 400034 -2.156 20011 -20012 20021 -20022 20034 -20035 imp:n,p 1
300035 400035 -2.156 20012 -20013 20021 -20022 20030 -20031 imp:n,p 1
300036 400036 -2.156 20012 -20013 20021 -20022 20031 -20032 imp:n,p 1
300037 400037 -2.156 20012 -20013 20021 -20022 20032 -20033 imp:n,p 1
300038 400038 -2.156 20012 -20013 20021 -20022 20033 -20034 imp:n,p 1
300039 400039 -2.156 20012 -20013 20021 -20022 20034 -20035 imp:n,p 1
300040 400040 -2.156 20013 -20014 20021 -20022 20030 -20031 imp:n,p 1
300041 400041 -2.156 20013 -20014 20021 -20022 20031 -20032 imp:n,p 1
300042 400042 -2.156 20013 -20014 20021 -20022 20032 -20033 imp:n,p 1
300043 400043 -2.156 20013 -20014 20021 -20022 20033 -20034 imp:n,p 1
300044 400044 -2.156 20013 -20014 20021 -20022 20034 -20035 imp:n,p 1
300045 400045 -2.156 20014 -20015 20021 -20022 20030 -20031 imp:n,p 1
300046 400046 -2.156 20014 -20015 20021 -20022 20031 -20032 imp:n,p 1
300047 400047 -2.156 20014 -20015 20021 -20022 20032 -20033 imp:n,p 1
300048 400048 -2.156 20014 -20015 20021 -20022 20033 -20034 imp:n,p 1
300049 400049 -2.156 20014 -20015 20021 -20022 20034 -20035 imp:n,p 1
300050 400050 -2.156 20010 -20011 20022 -20023 20030 -20031 imp:n,p 1
300051 400051 -2.156 20010 -20011 20022 -20023 20031 -20032 imp:n,p 1
300052 400052 -2.156 20010 -20011 20022 -20023 20032 -20033 imp:n,p 1
300053 400053 -2.156 20010 -20011 20022 -20023 20033 -20034 imp:n,p 1
300054 400054 -2.156 20010 -20011 20022 -20023 20034 -20035 imp:n,p 1
300055 400055 -2.156 20011 -20012 20022 -20023 20030 -20031 imp:n,p 1
300056 400056 -2.156 20011 -20012 20022 -20023 20031 -20032 imp:n,p 1
300057 400057 -2.156 20011 -20012 20022 -20023 20032 -20033 imp:n,p 1
300058 400058 -2.156 20011 -20012 20022 -20023 20033 -20034 imp:n,p 1
300059 400059 -2.156 20011 -20012 20022 -20023 20034 -20035 imp:n,p 1
300060 400060 -2.156 20012 -20013 20022 -20023 20030 -20031 imp:n,p 1
300061 400061 -2.156 20012 -20013 20022 -20023 20031 -20032 imp:n,p 1
300062 400062 -2.156 20012 -20013 20022 -20023 20032 -20033 imp:n,p 1
300063 400063 -2.156 20012 -20013 20022 -20023 20033 -20034 imp:n,p 1
300064 400064 -2.156 20012 -20013 20022 -20023 20034 -20035 imp:n,p 1
300065 400065 -2.156 20013 -20014 20022 -20023 20030 -20031 imp:n,p 1
300066 400066 -2.156 20013 -20014 20022 -20023 20031 -20032 imp:n,p 1
300067 400067 -2.156 20013 -20014 20022 -20023 20032 -20033 imp:n,p 1
300068 400068 -2.156 20013 -20014 20022 -20023 20033 -20034 imp:n,p 1
300069 400069 -2.156 20013 -20014 20022 -20023 20034 -20035 imp:n,p 1
300070 400070 -2.156 20014 -20015 20022 -20023 20030 -20031 imp:n,p 1
300071 400071 -2.156 20014 -20015 20022 -20023 20031 -20032 imp:n,p 1
300072 400072 -2.156 20014 -20015 20022 -20023 20032 -20033 imp:n,p 1
300073 400073 -2.156 20014 -20015 20022 -20023 20033 -20034 imp:n,p 1
300074 400074 -2.156 20014 -20015 20022 -20023 20034 -20035 imp:n,p 1
300075 400075 -2.156 20010 -20011 20023 -20024 20030 -20031 imp:n,p 1
300076 400076 -2.156 20010 -20011 20023 -20024 20031 -20032 imp:n,p 1
300077 400077 -2.156 20010 -20011 20023 -20024 20032 -20033 imp:n,p 1
300078 400078 -2.156 20010 -20011 20023 -20024 20033 -20034 imp:n,p 1
300079 400079 -2.156 20010 -20011 20023 -20024 20034 -20035 imp:n,p 1
300080 400080 -2.156 20011 -20012 20023 -20024 20030 -20031 imp:n,p 1
300081 400081 -2.156 20011 -20012 20023 -20024 20031 -20032 imp:n,p 1
300082 400082 -2.156 20011 -20012 20023 -20024 20032 -20033 imp:n,p 1
300083 400083 -2.156 20011 -20012 20023 -20024 20033 -20034 imp:n,p 1
300084 400084 -2.156 20011 -20012 20023 -20024 20034 -20035 imp:n,p 1
300085 400085 -2.156 20012 -20013 20023 -20024 20030 -20031 imp:n,p 1
300086 400086 -2.156 20012 -20013 20023 -20024 20031 -20032 imp:n,p 1
300087 400087 -2.156 20012 -20013 20023 -20024 20032 -20033 imp:n,p 1
300088 400088 -2.156 20012 -20013 20023 -20024 20033 -20034 imp:n,p 1
300089 400089 -2.156 20012 -20013 20023 -20024 20034 -20035 imp:n,p 1
300090 400090 -2.156 20013 -20014 20023 -20024 20030 -20031 imp:n,p 1
300091 400091 -2.156 20013 -20014 20023 -20024 20031 -20032 imp:n,p 1
300092 400092 -2.156 20013 -20014 20023 -20024 20032 -20033 imp:n,p 1
300093 400093 -2.156 20013 -20014 20023 -20024 20033 -20034 imp:n,p 1
300094 400094 -2.156 20013 -20014 20023 -20024 20034 -20035 imp:n,p 1
300095 400095 -2.156 20014 -20015 20023 -20024 20030 -20031 imp:n,p 1
300096 400096 -2.156 20014 -20015 20023 -20024 20031 -20032 imp:n,p 1
300097 400097 -2.156 20014 -20015 20023 -20024 20032 -20033 imp:n,p 1
300098 400098 -2.156 20014 -20015 20023 -20024 20033 -20034 imp:n,p 1
300099 400099 -2.156 20014 -20015 20023 -20024 20034 -20035 imp:n,p 1
300100 400100 -2.156 20010 -20011 20024 -20025 20030 -20031 imp:n,p 1
300101 400101 -2.156 20010 -20011 20024 -20025 20031 -20032 imp:n,p 1
300102 400102 -2.156 20010 -20011 20024 -20025 20032 -20033 imp:n,p 1
300103 400103 -2.156 20010 -20011 20024 -20025 20033 -20034 imp:n,p 1
300104 400104 -2.156 20010 -20011 20024 -20025 20034 -20035 imp:n,p 1
300105 400105 -2.156 20011 -20012 20024 -20025 20030 -20031 imp:n,p 1
300106 400106 -2.156 20011 -20012 20024 -20025 20031 -20032 imp:n,p 1
300107 400107 -2.156 20011 -20012 20024 -20025 20032 -20033 imp:n,p 1
300108 400108 -2.156 20011 -20012 20024 -20025 20033 -20034 imp:n,p 1
300109 400109 -2.156 20011 -20012 20024 -20025 20034 -20035 imp:n,p 1
300110 400110 -2.156 20012 -20013 20024 -20025 20030 -20031 imp:n,p 1
300111 400111 -2.156 20012 -20013 20024 -20025 20031 -20032 imp:n,p 1
300112 400112 -2.156 20012 -20013 20024 -20025 20032 -20033 imp:n,p 1
300113 400113 -2.156 20012 -20013 20024 -20025 20033 -20034 imp:n,p 1
300114 400114 -2.156 20012 -20013 20024 -20025 20034 -20035 imp:n,p 1
300115 400115 -2.156 20013 -20014 20024 -20025 20030 -20031 imp:n,p 1
300116 400116 -2.156 20013 -20014 20024 -20025 20031 -20032 imp:n,p 1
300117 400117 -2.156 20013 -20014 20024 -20025 20032 -20033 imp:n,p 1
300118 400118 -2.156 20013 -20014 20024 -20025 20033 -20034 imp:n,p 1
300119 400119 -2.156 20013 -20014 20024 -20025 20034 -20035 imp:n,p 1
300120 400120 -2.156 20014 -20015 20024 -20025 20030 -20031 imp:n,p 1
300121 400121 -2.156 20014 -20015 20024 -20025 20031 -20032 imp:n,p 1
300122 400122 -2.156 20014 -20015 20024 -20025 20032 -20033 imp:n,p 1
300123 400123 -2.156 20014 -20015 20024 -20025 20033 -20034 imp:n,p 1
300124 400124 -2.156 20014 -20015 20024 -20025 20034 -20035 imp:n,p 1
c
30 12 -0.00129 -200 #101 #121 #122 #123 #124 #125 #126 #127 #128 #129 #130 #131 #132 #133
        #21 #211 #212 #22 #221 #222 #23 #231 #232 #24 #241 #242 #20 imp:n,p 1 $Rest of the World
31 0 200 imp:n,p 0 $Outside world

c SURFACE CARDS
c
c Sample Volume
20010 px -56.0
20011 px -33.600000000000364
20012 px -11.200000000000728
20013 px 11.200000000000728
20014 px 33.600000000000364
20015 px 56.0
20020 py -45.0
20021 py -27.0
20022 py -9.0
20023 py 9.0
20024 py 27.0
20025 py 45.0
20030 pz 92.0
20031 pz 82.0
20032 pz 72.0
20033 pz 62.0
20034 pz 52.0
20035 pz 42.0
c Active Detector Region
21 rcc 56  -5.0 -1.0   0.0 20.3 0.0   4.5 $Detector 1 Base center, Hx,Hy,Hz, radius
c Shielding Surfaces
c Shielding Pb
31 rpp 19 29 -7.5 7.5 -11 9 $PbPE xmin xmax ymin ymax zmin zmax
32 rpp 9 19 4 9 -11 9 $Pb xmin xmax ymin ymax zmin zmax
33 rpp 9 19 -9 -4 -11 9 $Pb xmin xmax ymin ymax zmin zmax
34 rpp 19 29 7.5 12.5 -11 9 $Pb xmin xmax ymin ymax zmin zmax
35 rpp 19 29 -12.5 -7.5 -11 9 $Pb xmin xmax ymin ymax zmin zmax
36 rpp 29 34 -15 15 -11 9 $Pb xmin xmax ymin ymax zmin zmax
37 rpp 9 19 -4 4 4 9 $Pb xmin xmax ymin ymax zmin zmax
38 rpp -26 26 18 28 -11 9 $BA1 xmin xmax ymin ymax zmin zmax
39 rpp -26 26 -28 -18 -11 9 $BA2 xmin xmax ymin ymax zmin zmax
40 rpp -65 65 -28 28 10 10.5 $Al xmin xmax ymin ymax zmin zmax
401 rpp -27 27 29 34 -11 9 $Fe xmin xmax ymin ymax zmin zmax
402 rpp -27 27 -34 -29 -11 9 $Fe xmin xmax ymin ymax zmin zmax
301 px -20
302 px 18
303 cx 3.71
304 cx 3.81
c Wheels Surfaces
c 23/10.5-12 turf tires, 22.6 lb rubber
c diameter 29cm, tread width 25cm, and sidewall height 13.76 cm
c set thickness of all sides 1.3 cm (s.t. weight is 22.6 lb)
41 rcc -2 77 8   0.0 25 0.0 29 $wheel 1 outer tread surface
42 rcc -2 77 8   0.0 25 0.0 27.7 $wheel 1 inner tread surface
421 rcc -2 75.7 8   0.0 1.3 0.0 29 $wheel 1 outside sidewall exterior
422 rcc -2 75.7 8   0.0 1.3 0.0 15.24 $wheel 1 outside sidewall interior
423 rcc -2 102 8   0.0 1.3 0.0 29 $wheel 1 inside sidewall exterior
424 rcc -2 102 8   0.0 1.3 0.0 15.24 $wheel 1 inside sidewall interior
43 rcc 68 77 8   0.0 25 0.0 29 $wheel 2
44 rcc 68 77 8   0.0 25 0.0 27.7
441 rcc 68 75.7 8   0.0 1.3 0.0 29
442 rcc 68 75.7 8   0.0 1.3 0.0 15.24
443 rcc 68 102 8   0.0 1.3 0.0 29
444 rcc 68 102 8   0.0 1.3 0.0 15.24
45 rcc -2 -77 8   0.0 -25 0.0 29 $wheel 3
46 rcc -2 -77 8   0.0 -25 0.0 27.7
461 rcc -2 -75.7 8   0.0 -1.3 0.0 29
462 rcc -2 -75.7 8   0.0 -1.3 0.0 15.24
463 rcc -2 -102 8   0.0 -1.3 0.0 29
464 rcc -2 -102 8   0.0 -1.3 0.0 15.24
47 rcc 68 -77 8   0.0 -25 0.0 29 $wheel 4
48 rcc 68 -77 8   0.0 -25 0.0 27.7
481 rcc 68 -75.7 8   0.0 -1.3 0.0 29
482 rcc 68 -75.7 8   0.0 -1.3 0.0 15.24
483 rcc 68 -102 8   0.0 -1.3 0.0 29
484 rcc 68 -102 8   0.0 -1.3 0.0 15.24
200 so 800    $sphere of 800cm centered at origin
c

c DATA CARDS
mode n p
c dump every hr
prdmp -60 -60 -1
c 100 keV Neutron Energy Cutoff
Cut:n 1j 0.1
c analog neutron transport
phys:n 1j 14
phys:p
sdef pos=0 0 0 erg=14.0 vec= 0 0 1 dir=d1
si1  -1 .93 1
sp1   0  0.0  1.0
c ********************
c begin material cards
c ********************
c Pure Carbon
c ****************************************
m400000 6000 -0.00047536543151832465 7000 -0.00047536543151832465 14000 -0.9990492691369631 
m400001 6000 -0.002176879631653221 7000 -0.002176879631653221 14000 -0.9956462407366936 
m400002 6000 -0.00374743954927026 7000 -0.00374743954927026 14000 -0.9925051209014594 
m400003 6000 -0.005956719943258723 7000 -0.005956719943258723 14000 -0.9880865601134825 
m400004 6000 -0.0076996185172108446 7000 -0.0076996185172108446 14000 -0.9846007629655784 
m400005 6000 -0.00047624974867891404 7000 -0.00047624974867891404 14000 -0.9990475005026425 
m400006 6000 -0.0019400112786245513 7000 -0.0019400112786245513 14000 -0.9961199774427508 
m400007 6000 -0.0039391272005590795 7000 -0.0039391272005590795 14000 -0.9921217455988816 
m400008 6000 -0.005946077240812641 7000 -0.005946077240812641 14000 -0.9881078455183747 
m400009 6000 -0.007947961247891296 7000 -0.007947961247891296 14000 -0.9841040775042176 
m400010 6000 -0.0005797117402183071 7000 -0.0005797117402183071 14000 -0.9988405765195637 
m400011 6000 -0.002140382856593087 7000 -0.002140382856593087 14000 -0.9957192342868134 
m400012 6000 -0.004009296257026975 7000 -0.004009296257026975 14000 -0.991981407485946 
m400013 6000 -0.0059707954246326035 7000 -0.0059707954246326035 14000 -0.9880584091507348 
m400014 6000 -0.007912779576318979 7000 -0.007912779576318979 14000 -0.984174440847362 
m400015 6000 -0.0005033583147514651 7000 -0.0005033583147514651 14000 -0.9989932833704969 
m400016 6000 -0.002049548037208337 7000 -0.002049548037208337 14000 -0.9959009039255834 
m400017 6000 -0.004178447116575611 7000 -0.004178447116575611 14000 -0.9916431057668489 
m400018 6000 -0.006071325739142735 7000 -0.006071325739142735 14000 -0.987857348521715 
m400019 6000 -0.007829534329267912 7000 -0.007829534329267912 14000 -0.9843409313414645 
m400020 6000 -0.0005111896032054745 7000 -0.0005111896032054745 14000 -0.9989776207935891 
m400021 6000 -0.0018382769409287692 7000 -0.0018382769409287692 14000 -0.9963234461181426 
m400022 6000 -0.0037806894761521427 7000 -0.0037806894761521427 14000 -0.9924386210476958 
m400023 6000 -0.005970732380187409 7000 -0.005970732380187409 14000 -0.9880585352396254 
m400024 6000 -0.008329464008323476 7000 -0.008329464008323476 14000 -0.9833410719833532 
m400025 6000 -0.0005247135616505898 7000 -0.0005247135616505898 14000 -0.9989505728766989 
m400026 6000 -0.0019859784588607044 7000 -0.0019859784588607044 14000 -0.9960280430822789 
m400027 6000 -0.00410030235694272 7000 -0.00410030235694272 14000 -0.9917993952861146 
m400028 6000 -0.005813924033384432 7000 -0.005813924033384432 14000 -0.988372151933231 
m400029 6000 -0.007891196704526036 7000 -0.007891196704526036 14000 -0.984217606590948 
m400030 6000 -0.00036268748343879555 7000 -0.00036268748343879555 14000 -0.9992746250331224 
m400031 6000 -0.0020703924224608527 7000 -0.0020703924224608527 14000 -0.9958592151550784 
m400032 6000 -0.00404409514987458 7000 -0.00404409514987458 14000 -0.9919118097002506 
m400033 6000 -0.006059401748315123 7000 -0.006059401748315123 14000 -0.9878811965033699 
m400034 6000 -0.00789436609645576 7000 -0.00789436609645576 14000 -0.9842112678070886 
m400035 6000 -0.00046390869565005646 7000 -0.00046390869565005646 14000 -0.9990721826086998 
m400036 6000 -0.0021838928944135443 7000 -0.0021838928944135443 14000 -0.9956322142111733 
m400037 6000 -0.003942536379323649 7000 -0.003942536379323649 14000 -0.9921149272413525 
m400038 6000 -0.006054452059614942 7000 -0.006054452059614942 14000 -0.9878910958807701 
m400039 6000 -0.007786066299467411 7000 -0.007786066299467411 14000 -0.9844278674010651 
m400040 6000 -0.0004941074473575724 7000 -0.0004941074473575724 14000 -0.9990117851052851 
m400041 6000 -0.0019818711585672267 7000 -0.0019818711585672267 14000 -0.9960362576828655 
m400042 6000 -0.0039385942889304144 7000 -0.0039385942889304144 14000 -0.9921228114221391 
m400043 6000 -0.006237804505979394 7000 -0.006237804505979394 14000 -0.9875243909880413 
m400044 6000 -0.007825756222201568 7000 -0.007825756222201568 14000 -0.9843484875555971 
m400045 6000 -0.0003659576351343685 7000 -0.0003659576351343685 14000 -0.9992680847297314 
m400046 6000 -0.0019873761763167246 7000 -0.0019873761763167246 14000 -0.9960252476473663 
m400047 6000 -0.004170958251080357 7000 -0.004170958251080357 14000 -0.9916580834978391 
m400048 6000 -0.006152133860119072 7000 -0.006152133860119072 14000 -0.9876957322797617 
m400049 6000 -0.007909564537392088 7000 -0.007909564537392088 14000 -0.9841808709252159 
m400050 6000 -0.0004955874999431931 7000 -0.0004955874999431931 14000 -0.9990088250001133 
m400051 6000 -0.002055931699800036 7000 -0.002055931699800036 14000 -0.9958881366004 
m400052 6000 -0.003942931621879646 7000 -0.003942931621879646 14000 -0.992114136756241 
m400053 6000 -0.0060950390734600636 7000 -0.0060950390734600636 14000 -0.9878099218530799 
m400054 6000 -0.00800618111856463 7000 -0.00800618111856463 14000 -0.9839876377628711 
m400055 6000 -0.0005709761715255432 7000 -0.0005709761715255432 14000 -0.998858047656949 
m400056 6000 -0.0020748158614353413 7000 -0.0020748158614353413 14000 -0.9958503682771296 
m400057 6000 -0.003682432149012918 7000 -0.003682432149012918 14000 -0.9926351357019745 
m400058 6000 -0.00588882534082962 7000 -0.00588882534082962 14000 -0.9882223493183407 
m400059 6000 -0.008044682322116782 7000 -0.008044682322116782 14000 -0.9839106353557664 
m400060 6000 -0.0005151366309674134 7000 -0.0005151366309674134 14000 -0.9989697267380653 
m400061 6000 -0.002222349955104852 7000 -0.002222349955104852 14000 -0.9955553000897907 
m400062 6000 -0.0039039097257262665 7000 -0.0039039097257262665 14000 -0.9921921805485472 
m400063 6000 -0.005647166068552436 7000 -0.005647166068552436 14000 -0.9887056678628953 
m400064 6000 -0.007702675284761929 7000 -0.007702675284761929 14000 -0.9845946494304763 
m400065 6000 -0.0006594350301117977 7000 -0.0006594350301117977 14000 -0.9986811299397764 
m400066 6000 -0.0019819012200715715 7000 -0.0019819012200715715 14000 -0.9960361975598571 
m400067 6000 -0.004281653876920881 7000 -0.004281653876920881 14000 -0.9914366922461579 
m400068 6000 -0.0059834961535986065 7000 -0.0059834961535986065 14000 -0.9880330076928027 
m400069 6000 -0.00816615735908196 7000 -0.00816615735908196 14000 -0.9836676852818362 
m400070 6000 -0.0005565176426260271 7000 -0.0005565176426260271 14000 -0.9988869647147481 
m400071 6000 -0.002054057255142027 7000 -0.002054057255142027 14000 -0.9958918854897162 
m400072 6000 -0.004118419588538417 7000 -0.004118419588538417 14000 -0.9917631608229232 
m400073 6000 -0.0060512423801818834 7000 -0.0060512423801818834 14000 -0.9878975152396364 
m400074 6000 -0.007698262672186144 7000 -0.007698262672186144 14000 -0.9846034746556276 
m400075 6000 -0.0006317270323347224 7000 -0.0006317270323347224 14000 -0.9987365459353305 
m400076 6000 -0.0020772388004604053 7000 -0.0020772388004604053 14000 -0.9958455223990793 
m400077 6000 -0.004005079040760161 7000 -0.004005079040760161 14000 -0.9919898419184796 
m400078 6000 -0.006419086070011523 7000 -0.006419086070011523 14000 -0.9871618278599769 
m400079 6000 -0.008189536488182684 7000 -0.008189536488182684 14000 -0.9836209270236342 
m400080 6000 -0.0005914682546101805 7000 -0.0005914682546101805 14000 -0.9988170634907796 
m400081 6000 -0.0018565668503579458 7000 -0.0018565668503579458 14000 -0.9962868662992842 
m400082 6000 -0.003973876154704097 7000 -0.003973876154704097 14000 -0.9920522476905914 
m400083 6000 -0.005959615592976724 7000 -0.005959615592976724 14000 -0.9880807688140467 
m400084 6000 -0.007865512880155037 7000 -0.007865512880155037 14000 -0.98426897423969 
m400085 6000 -0.0005690000395751829 7000 -0.0005690000395751829 14000 -0.99886199992085 
m400086 6000 -0.0019595220657495456 7000 -0.0019595220657495456 14000 -0.9960809558685011 
m400087 6000 -0.004025695514921962 7000 -0.004025695514921962 14000 -0.9919486089701559 
m400088 6000 -0.006294873923442703 7000 -0.006294873923442703 14000 -0.9874102521531146 
m400089 6000 -0.007855641186515393 7000 -0.007855641186515393 14000 -0.9842887176269691 
m400090 6000 -0.0004286857324164742 7000 -0.0004286857324164742 14000 -0.9991426285351672 
m400091 6000 -0.0022461291757116674 7000 -0.0022461291757116674 14000 -0.9955077416485766 
m400092 6000 -0.003951940537899432 7000 -0.003951940537899432 14000 -0.9920961189242012 
m400093 6000 -0.006254722473908229 7000 -0.006254722473908229 14000 -0.9874905550521835 
m400094 6000 -0.008003517463878593 7000 -0.008003517463878593 14000 -0.9839929650722431 
m400095 6000 -0.0003458480819925128 7000 -0.0003458480819925128 14000 -0.9993083038360152 
m400096 6000 -0.0020304234871881747 7000 -0.0020304234871881747 14000 -0.9959391530256236 
m400097 6000 -0.004070485815007538 7000 -0.004070485815007538 14000 -0.9918590283699846 
m400098 6000 -0.006092947263921088 7000 -0.006092947263921088 14000 -0.9878141054721579 
m400099 6000 -0.007699185180869088 7000 -0.007699185180869088 14000 -0.984601629638262 
m400100 6000 -0.000518241451973396 7000 -0.000518241451973396 14000 -0.9989635170960531 
m400101 6000 -0.0021426286654049275 7000 -0.0021426286654049275 14000 -0.99571474266919 
m400102 6000 -0.004075738491965112 7000 -0.004075738491965112 14000 -0.9918485230160696 
m400103 6000 -0.005942675413493744 7000 -0.005942675413493744 14000 -0.9881146491730122 
m400104 6000 -0.007822630097236289 7000 -0.007822630097236289 14000 -0.9843547398055272 
m400105 6000 -0.0004088523171735152 7000 -0.0004088523171735152 14000 -0.999182295365653 
m400106 6000 -0.002010482115708556 7000 -0.002010482115708556 14000 -0.9959790357685832 
m400107 6000 -0.003982124213107347 7000 -0.003982124213107347 14000 -0.9920357515737855 
m400108 6000 -0.006178429648896377 7000 -0.006178429648896377 14000 -0.9876431407022074 
m400109 6000 -0.008043349407652185 7000 -0.008043349407652185 14000 -0.9839133011846958 
m400110 6000 -0.000514147199522351 7000 -0.000514147199522351 14000 -0.9989717056009556 
m400111 6000 -0.0020248345232706903 7000 -0.0020248345232706903 14000 -0.9959503309534584 
m400112 6000 -0.0038789502250042686 7000 -0.0038789502250042686 14000 -0.9922420995499917 
m400113 6000 -0.005816867670992157 7000 -0.005816867670992157 14000 -0.9883662646580157 
m400114 6000 -0.007976263693709991 7000 -0.007976263693709991 14000 -0.9840474726125802 
m400115 6000 -0.00044832949740703003 7000 -0.00044832949740703003 14000 -0.9991033410051862 
m400116 6000 -0.002076845581160844 7000 -0.002076845581160844 14000 -0.9958463088376783 
m400117 6000 -0.004085457925608461 7000 -0.004085457925608461 14000 -0.991829084148783 
m400118 6000 -0.005839125626712909 7000 -0.005839125626712909 14000 -0.9883217487465744 
m400119 6000 -0.007814273326226962 7000 -0.007814273326226962 14000 -0.984371453347546 
m400120 6000 -0.0006489142031801991 7000 -0.0006489142031801991 14000 -0.9987021715936395 
m400121 6000 -0.002018890557617753 7000 -0.002018890557617753 14000 -0.9959622188847647 
m400122 6000 -0.004076313401794442 7000 -0.004076313401794442 14000 -0.991847373196411 
m400123 6000 -0.006199802945406635 7000 -0.006199802945406635 14000 -0.9876003941091867 
m400124 6000 -0.0077881923118957785 7000 -0.0077881923118957785 14000 -0.9844236153762086 
c **********************************
c PE+Pb, dens=4.78 g/cm3
m2      6000    -0.04286 $Carbon
        1001    -0.00714 $Hydrogen
        82000   -0.95000 $Lead
c **********************************
m3    1001 -0.048535 $Boric acid
      5010 -0.034981
      5011 -0.139923
      8016 -0.776561
c **********************************
m4    82000 1 $Lead
c **********************************
m5 26000 1 $Iron
c **********************************
m6     13027   -1.000 $ Aluminum
c **********************************
c  SS-304 (8.00 g/cm3), #298 in PNNL Compendium
m7   006000.50c -0.0004000
     014000.60c -0.0050000
     015031.50c -0.0002300
     016000.60c -0.0001500
     024000.50c -0.1899981
     025055.60c -0.0099999
     026000.50c -0.7017229
     028000.50c -0.0924991
c ****************************************
c       LaBr detector
c ****************************************
m8       35079    -0.2946       $ Br79
         35081    -0.3069       $ Br81
         57139    -0.3485       $ La139
         58140    -0.0500       $ Ce140
c ************ air den=1.15e-3g/cc
m12     8016 -0.23
        7014 -0.77
c ************ Rubber Natural den=0.92 g/cc
m13     1001 -0.118371  $weight fraction
        6000 -0.881629
c
c end material cards
c
rand seed=8674536546524321 $different initial random #; seed# - any less 18 digits
c
c ********** begin tallies *********************
fc78 *********Broadened Pulse Height Tally Sum of Detectors 1,2 & 3 ***********
e78 0 1e-5 932i 8.4295
F78:p (101)
FT78 GEB -0.026198 0.059551 -0.037176
fc18 *********Unbroadened Pulse Height Tally Sum of Detectors 1,2 & 3 ***********
e18 0 1e-5 932i 8.4295
F18:p (101)
c ***********************************
c mplot tal 78 freq 10000
nps 1e9
