c CAS DETECTOR
c w/ Shielding in Place and Wheels
c
c CELL CARDS
c
c @@@@@@@@@@ Detectors @@@@@@@@@@@@@@@@@
c
101 8 -5.08 -21 imp:n,p 1 $LaBr Detector #1 Active Region
c
c @@@@@@@@@ Shielding @@@@@@@@@@@@@@@@@
c
121 2 -4.78 -31 imp:n,p 1 $PE_Pb
122 4 -11.29 -32 imp:n,p 1 $Pb1
123 4 -11.29 -33 imp:n,p 1 $Pb2
124 4 -11.29 -34 imp:n,p 1 $Pb3
125 4 -11.29 -35 imp:n,p 1 $Pb4
126 4 -11.29 -36 imp:n,p 1 $Pb5
127 4 -11.29 -37 imp:n,p 1 $Pb6
128 3 -1.5 -38 imp:n,p 1 $BA1
129 3 -1.5 -39 imp:n,p 1 $BA2
130 6 -2.7 -40 imp:n,p 1 $Al
131 7 -7.92 301 -302 303 -304 imp:n,p 1 $Fe-tube
132 5 -7.8 -401 imp:n,p 1 $Fe
133 5 -7.8 -402 imp:n,p 1 $Fe
c @@@@@@@@@@ Wheels @@@@@@@@@@@@@@@@@
c
21 13 -0.92 -41 42 imp:n,p 1 $Wheel 1
211 13 -0.92 -421 422 imp:n,p 1 $Wheel 1
212 13 -0.92 -423 424 imp:n,p 1 $Wheel 1
22 13 -0.92 -43 44 imp:n,p 1 $Wheel 2
221 13 -0.92 -441 442 imp:n,p 1 $Wheel 2
222 13 -0.92 -443 444 imp:n,p 1 $Wheel 2
23 13 -0.92 -45 46 imp:n,p 1 $Wheel 3
231 13 -0.92 -461 462 imp:n,p 1 $Wheel 3
232 13 -0.92 -463 464 imp:n,p 1 $Wheel 3
24 13 -0.92 -47 48 imp:n,p 1 $Wheel 4
241 13 -0.92 -481 482 imp:n,p 1 $Wheel 4
242 13 -0.92 -483 484 imp:n,p 1 $Wheel 4
c
c @@@@@@@@@@ SOIL VOLUME @@@@@@@@@@@
c
300000 400000 -2.156 20010 -20011 20020 -20021 20030 -20031 imp:n,p 1
300001 400001 -2.156 20010 -20011 20020 -20021 20031 -20032 imp:n,p 1
300002 400002 -2.156 20010 -20011 20020 -20021 20032 -20033 imp:n,p 1
300003 400003 -2.156 20010 -20011 20020 -20021 20033 -20034 imp:n,p 1
300004 400004 -2.156 20010 -20011 20020 -20021 20034 -20035 imp:n,p 1
300005 400005 -2.156 20011 -20012 20020 -20021 20030 -20031 imp:n,p 1
300006 400006 -2.156 20011 -20012 20020 -20021 20031 -20032 imp:n,p 1
300007 400007 -2.156 20011 -20012 20020 -20021 20032 -20033 imp:n,p 1
300008 400008 -2.156 20011 -20012 20020 -20021 20033 -20034 imp:n,p 1
300009 400009 -2.156 20011 -20012 20020 -20021 20034 -20035 imp:n,p 1
300010 400010 -2.156 20012 -20013 20020 -20021 20030 -20031 imp:n,p 1
300011 400011 -2.156 20012 -20013 20020 -20021 20031 -20032 imp:n,p 1
300012 400012 -2.156 20012 -20013 20020 -20021 20032 -20033 imp:n,p 1
300013 400013 -2.156 20012 -20013 20020 -20021 20033 -20034 imp:n,p 1
300014 400014 -2.156 20012 -20013 20020 -20021 20034 -20035 imp:n,p 1
300015 400015 -2.156 20013 -20014 20020 -20021 20030 -20031 imp:n,p 1
300016 400016 -2.156 20013 -20014 20020 -20021 20031 -20032 imp:n,p 1
300017 400017 -2.156 20013 -20014 20020 -20021 20032 -20033 imp:n,p 1
300018 400018 -2.156 20013 -20014 20020 -20021 20033 -20034 imp:n,p 1
300019 400019 -2.156 20013 -20014 20020 -20021 20034 -20035 imp:n,p 1
300020 400020 -2.156 20014 -20015 20020 -20021 20030 -20031 imp:n,p 1
300021 400021 -2.156 20014 -20015 20020 -20021 20031 -20032 imp:n,p 1
300022 400022 -2.156 20014 -20015 20020 -20021 20032 -20033 imp:n,p 1
300023 400023 -2.156 20014 -20015 20020 -20021 20033 -20034 imp:n,p 1
300024 400024 -2.156 20014 -20015 20020 -20021 20034 -20035 imp:n,p 1
300025 400025 -2.156 20010 -20011 20021 -20022 20030 -20031 imp:n,p 1
300026 400026 -2.156 20010 -20011 20021 -20022 20031 -20032 imp:n,p 1
300027 400027 -2.156 20010 -20011 20021 -20022 20032 -20033 imp:n,p 1
300028 400028 -2.156 20010 -20011 20021 -20022 20033 -20034 imp:n,p 1
300029 400029 -2.156 20010 -20011 20021 -20022 20034 -20035 imp:n,p 1
300030 400030 -2.156 20011 -20012 20021 -20022 20030 -20031 imp:n,p 1
300031 400031 -2.156 20011 -20012 20021 -20022 20031 -20032 imp:n,p 1
300032 400032 -2.156 20011 -20012 20021 -20022 20032 -20033 imp:n,p 1
300033 400033 -2.156 20011 -20012 20021 -20022 20033 -20034 imp:n,p 1
300034 400034 -2.156 20011 -20012 20021 -20022 20034 -20035 imp:n,p 1
300035 400035 -2.156 20012 -20013 20021 -20022 20030 -20031 imp:n,p 1
300036 400036 -2.156 20012 -20013 20021 -20022 20031 -20032 imp:n,p 1
300037 400037 -2.156 20012 -20013 20021 -20022 20032 -20033 imp:n,p 1
300038 400038 -2.156 20012 -20013 20021 -20022 20033 -20034 imp:n,p 1
300039 400039 -2.156 20012 -20013 20021 -20022 20034 -20035 imp:n,p 1
300040 400040 -2.156 20013 -20014 20021 -20022 20030 -20031 imp:n,p 1
300041 400041 -2.156 20013 -20014 20021 -20022 20031 -20032 imp:n,p 1
300042 400042 -2.156 20013 -20014 20021 -20022 20032 -20033 imp:n,p 1
300043 400043 -2.156 20013 -20014 20021 -20022 20033 -20034 imp:n,p 1
300044 400044 -2.156 20013 -20014 20021 -20022 20034 -20035 imp:n,p 1
300045 400045 -2.156 20014 -20015 20021 -20022 20030 -20031 imp:n,p 1
300046 400046 -2.156 20014 -20015 20021 -20022 20031 -20032 imp:n,p 1
300047 400047 -2.156 20014 -20015 20021 -20022 20032 -20033 imp:n,p 1
300048 400048 -2.156 20014 -20015 20021 -20022 20033 -20034 imp:n,p 1
300049 400049 -2.156 20014 -20015 20021 -20022 20034 -20035 imp:n,p 1
300050 400050 -2.156 20010 -20011 20022 -20023 20030 -20031 imp:n,p 1
300051 400051 -2.156 20010 -20011 20022 -20023 20031 -20032 imp:n,p 1
300052 400052 -2.156 20010 -20011 20022 -20023 20032 -20033 imp:n,p 1
300053 400053 -2.156 20010 -20011 20022 -20023 20033 -20034 imp:n,p 1
300054 400054 -2.156 20010 -20011 20022 -20023 20034 -20035 imp:n,p 1
300055 400055 -2.156 20011 -20012 20022 -20023 20030 -20031 imp:n,p 1
300056 400056 -2.156 20011 -20012 20022 -20023 20031 -20032 imp:n,p 1
300057 400057 -2.156 20011 -20012 20022 -20023 20032 -20033 imp:n,p 1
300058 400058 -2.156 20011 -20012 20022 -20023 20033 -20034 imp:n,p 1
300059 400059 -2.156 20011 -20012 20022 -20023 20034 -20035 imp:n,p 1
300060 400060 -2.156 20012 -20013 20022 -20023 20030 -20031 imp:n,p 1
300061 400061 -2.156 20012 -20013 20022 -20023 20031 -20032 imp:n,p 1
300062 400062 -2.156 20012 -20013 20022 -20023 20032 -20033 imp:n,p 1
300063 400063 -2.156 20012 -20013 20022 -20023 20033 -20034 imp:n,p 1
300064 400064 -2.156 20012 -20013 20022 -20023 20034 -20035 imp:n,p 1
300065 400065 -2.156 20013 -20014 20022 -20023 20030 -20031 imp:n,p 1
300066 400066 -2.156 20013 -20014 20022 -20023 20031 -20032 imp:n,p 1
300067 400067 -2.156 20013 -20014 20022 -20023 20032 -20033 imp:n,p 1
300068 400068 -2.156 20013 -20014 20022 -20023 20033 -20034 imp:n,p 1
300069 400069 -2.156 20013 -20014 20022 -20023 20034 -20035 imp:n,p 1
300070 400070 -2.156 20014 -20015 20022 -20023 20030 -20031 imp:n,p 1
300071 400071 -2.156 20014 -20015 20022 -20023 20031 -20032 imp:n,p 1
300072 400072 -2.156 20014 -20015 20022 -20023 20032 -20033 imp:n,p 1
300073 400073 -2.156 20014 -20015 20022 -20023 20033 -20034 imp:n,p 1
300074 400074 -2.156 20014 -20015 20022 -20023 20034 -20035 imp:n,p 1
300075 400075 -2.156 20010 -20011 20023 -20024 20030 -20031 imp:n,p 1
300076 400076 -2.156 20010 -20011 20023 -20024 20031 -20032 imp:n,p 1
300077 400077 -2.156 20010 -20011 20023 -20024 20032 -20033 imp:n,p 1
300078 400078 -2.156 20010 -20011 20023 -20024 20033 -20034 imp:n,p 1
300079 400079 -2.156 20010 -20011 20023 -20024 20034 -20035 imp:n,p 1
300080 400080 -2.156 20011 -20012 20023 -20024 20030 -20031 imp:n,p 1
300081 400081 -2.156 20011 -20012 20023 -20024 20031 -20032 imp:n,p 1
300082 400082 -2.156 20011 -20012 20023 -20024 20032 -20033 imp:n,p 1
300083 400083 -2.156 20011 -20012 20023 -20024 20033 -20034 imp:n,p 1
300084 400084 -2.156 20011 -20012 20023 -20024 20034 -20035 imp:n,p 1
300085 400085 -2.156 20012 -20013 20023 -20024 20030 -20031 imp:n,p 1
300086 400086 -2.156 20012 -20013 20023 -20024 20031 -20032 imp:n,p 1
300087 400087 -2.156 20012 -20013 20023 -20024 20032 -20033 imp:n,p 1
300088 400088 -2.156 20012 -20013 20023 -20024 20033 -20034 imp:n,p 1
300089 400089 -2.156 20012 -20013 20023 -20024 20034 -20035 imp:n,p 1
300090 400090 -2.156 20013 -20014 20023 -20024 20030 -20031 imp:n,p 1
300091 400091 -2.156 20013 -20014 20023 -20024 20031 -20032 imp:n,p 1
300092 400092 -2.156 20013 -20014 20023 -20024 20032 -20033 imp:n,p 1
300093 400093 -2.156 20013 -20014 20023 -20024 20033 -20034 imp:n,p 1
300094 400094 -2.156 20013 -20014 20023 -20024 20034 -20035 imp:n,p 1
300095 400095 -2.156 20014 -20015 20023 -20024 20030 -20031 imp:n,p 1
300096 400096 -2.156 20014 -20015 20023 -20024 20031 -20032 imp:n,p 1
300097 400097 -2.156 20014 -20015 20023 -20024 20032 -20033 imp:n,p 1
300098 400098 -2.156 20014 -20015 20023 -20024 20033 -20034 imp:n,p 1
300099 400099 -2.156 20014 -20015 20023 -20024 20034 -20035 imp:n,p 1
300100 400100 -2.156 20010 -20011 20024 -20025 20030 -20031 imp:n,p 1
300101 400101 -2.156 20010 -20011 20024 -20025 20031 -20032 imp:n,p 1
300102 400102 -2.156 20010 -20011 20024 -20025 20032 -20033 imp:n,p 1
300103 400103 -2.156 20010 -20011 20024 -20025 20033 -20034 imp:n,p 1
300104 400104 -2.156 20010 -20011 20024 -20025 20034 -20035 imp:n,p 1
300105 400105 -2.156 20011 -20012 20024 -20025 20030 -20031 imp:n,p 1
300106 400106 -2.156 20011 -20012 20024 -20025 20031 -20032 imp:n,p 1
300107 400107 -2.156 20011 -20012 20024 -20025 20032 -20033 imp:n,p 1
300108 400108 -2.156 20011 -20012 20024 -20025 20033 -20034 imp:n,p 1
300109 400109 -2.156 20011 -20012 20024 -20025 20034 -20035 imp:n,p 1
300110 400110 -2.156 20012 -20013 20024 -20025 20030 -20031 imp:n,p 1
300111 400111 -2.156 20012 -20013 20024 -20025 20031 -20032 imp:n,p 1
300112 400112 -2.156 20012 -20013 20024 -20025 20032 -20033 imp:n,p 1
300113 400113 -2.156 20012 -20013 20024 -20025 20033 -20034 imp:n,p 1
300114 400114 -2.156 20012 -20013 20024 -20025 20034 -20035 imp:n,p 1
300115 400115 -2.156 20013 -20014 20024 -20025 20030 -20031 imp:n,p 1
300116 400116 -2.156 20013 -20014 20024 -20025 20031 -20032 imp:n,p 1
300117 400117 -2.156 20013 -20014 20024 -20025 20032 -20033 imp:n,p 1
300118 400118 -2.156 20013 -20014 20024 -20025 20033 -20034 imp:n,p 1
300119 400119 -2.156 20013 -20014 20024 -20025 20034 -20035 imp:n,p 1
300120 400120 -2.156 20014 -20015 20024 -20025 20030 -20031 imp:n,p 1
300121 400121 -2.156 20014 -20015 20024 -20025 20031 -20032 imp:n,p 1
300122 400122 -2.156 20014 -20015 20024 -20025 20032 -20033 imp:n,p 1
300123 400123 -2.156 20014 -20015 20024 -20025 20033 -20034 imp:n,p 1
300124 400124 -2.156 20014 -20015 20024 -20025 20034 -20035 imp:n,p 1
c
30 12 -0.00129 -200 #101 #121 #122 #123 #124 #125 #126 #127 #128 #129 #130 #131 #132 #133
        #21 #211 #212 #22 #221 #222 #23 #231 #232 #24 #241 #242 #20 imp:n,p 1 $Rest of the World
31 0 200 imp:n,p 0 $Outside world

c SURFACE CARDS
c
c Sample Volume
20010 px -56.0
20011 px -33.59999999999991
20012 px -11.200000000000045
20013 px 11.200000000000045
20014 px 33.59999999999991
20015 px 56.0
20020 py -45.0
20021 py -27.0
20022 py -9.0
20023 py 9.0
20024 py 27.0
20025 py 45.0
20030 pz 92.0
20031 pz 82.0
20032 pz 72.0
20033 pz 62.0
20034 pz 52.0
20035 pz 42.0
c Active Detector Region
21 rcc 56  -5.0 -1.0   0.0 20.3 0.0   4.5 $Detector 1 Base center, Hx,Hy,Hz, radius
c Shielding Surfaces
c Shielding Pb
31 rpp 19 29 -7.5 7.5 -11 9 $PbPE xmin xmax ymin ymax zmin zmax
32 rpp 9 19 4 9 -11 9 $Pb xmin xmax ymin ymax zmin zmax
33 rpp 9 19 -9 -4 -11 9 $Pb xmin xmax ymin ymax zmin zmax
34 rpp 19 29 7.5 12.5 -11 9 $Pb xmin xmax ymin ymax zmin zmax
35 rpp 19 29 -12.5 -7.5 -11 9 $Pb xmin xmax ymin ymax zmin zmax
36 rpp 29 34 -15 15 -11 9 $Pb xmin xmax ymin ymax zmin zmax
37 rpp 9 19 -4 4 4 9 $Pb xmin xmax ymin ymax zmin zmax
38 rpp -26 26 18 28 -11 9 $BA1 xmin xmax ymin ymax zmin zmax
39 rpp -26 26 -28 -18 -11 9 $BA2 xmin xmax ymin ymax zmin zmax
40 rpp -65 65 -28 28 10 10.5 $Al xmin xmax ymin ymax zmin zmax
401 rpp -27 27 29 34 -11 9 $Fe xmin xmax ymin ymax zmin zmax
402 rpp -27 27 -34 -29 -11 9 $Fe xmin xmax ymin ymax zmin zmax
301 px -20
302 px 18
303 cx 3.71
304 cx 3.81
c Wheels Surfaces
c 23/10.5-12 turf tires, 22.6 lb rubber
c diameter 29cm, tread width 25cm, and sidewall height 13.76 cm
c set thickness of all sides 1.3 cm (s.t. weight is 22.6 lb)
41 rcc -2 77 8   0.0 25 0.0 29 $wheel 1 outer tread surface
42 rcc -2 77 8   0.0 25 0.0 27.7 $wheel 1 inner tread surface
421 rcc -2 75.7 8   0.0 1.3 0.0 29 $wheel 1 outside sidewall exterior
422 rcc -2 75.7 8   0.0 1.3 0.0 15.24 $wheel 1 outside sidewall interior
423 rcc -2 102 8   0.0 1.3 0.0 29 $wheel 1 inside sidewall exterior
424 rcc -2 102 8   0.0 1.3 0.0 15.24 $wheel 1 inside sidewall interior
43 rcc 68 77 8   0.0 25 0.0 29 $wheel 2
44 rcc 68 77 8   0.0 25 0.0 27.7
441 rcc 68 75.7 8   0.0 1.3 0.0 29
442 rcc 68 75.7 8   0.0 1.3 0.0 15.24
443 rcc 68 102 8   0.0 1.3 0.0 29
444 rcc 68 102 8   0.0 1.3 0.0 15.24
45 rcc -2 -77 8   0.0 -25 0.0 29 $wheel 3
46 rcc -2 -77 8   0.0 -25 0.0 27.7
461 rcc -2 -75.7 8   0.0 -1.3 0.0 29
462 rcc -2 -75.7 8   0.0 -1.3 0.0 15.24
463 rcc -2 -102 8   0.0 -1.3 0.0 29
464 rcc -2 -102 8   0.0 -1.3 0.0 15.24
47 rcc 68 -77 8   0.0 -25 0.0 29 $wheel 4
48 rcc 68 -77 8   0.0 -25 0.0 27.7
481 rcc 68 -75.7 8   0.0 -1.3 0.0 29
482 rcc 68 -75.7 8   0.0 -1.3 0.0 15.24
483 rcc 68 -102 8   0.0 -1.3 0.0 29
484 rcc 68 -102 8   0.0 -1.3 0.0 15.24
200 so 800    $sphere of 800cm centered at origin
c

c DATA CARDS
mode n p
c dump every hr
prdmp -60 -60 -1
c 100 keV Neutron Energy Cutoff
Cut:n 1j 0.1
c analog neutron transport
phys:n 1j 14
phys:p
sdef pos=0 0 0 erg=14.0 vec= 0 0 1 dir=d1
si1  -1 .93 1
sp1   0  0.0  1.0
c ********************
c begin material cards
c ********************
c Pure Carbon
c ****************************************
m400000 6000 -0.0005711268143851058 7000 -0.0005711268143851058 14000 -0.9988577463712299 
m400001 6000 -0.0018164887148915234 7000 -0.0018164887148915234 14000 -0.9963670225702169 
m400002 6000 -0.004022248506283919 7000 -0.004022248506283919 14000 -0.9919555029874322 
m400003 6000 -0.005792748608038336 7000 -0.005792748608038336 14000 -0.9884145027839232 
m400004 6000 -0.007787326320969271 7000 -0.007787326320969271 14000 -0.9844253473580612 
m400005 6000 -0.00047737459647441665 7000 -0.00047737459647441665 14000 -0.9990452508070511 
m400006 6000 -0.0018886171690397238 7000 -0.0018886171690397238 14000 -0.9962227656619205 
m400007 6000 -0.003995803583313175 7000 -0.003995803583313175 14000 -0.9920083928333732 
m400008 6000 -0.005805458741571428 7000 -0.005805458741571428 14000 -0.9883890825168572 
m400009 6000 -0.007833445155428534 7000 -0.007833445155428534 14000 -0.9843331096891429 
m400010 6000 -0.0004029791686913216 7000 -0.0004029791686913216 14000 -0.9991940416626176 
m400011 6000 -0.0019470467129524183 7000 -0.0019470467129524183 14000 -0.996105906574095 
m400012 6000 -0.003969668110203628 7000 -0.003969668110203628 14000 -0.9920606637795929 
m400013 6000 -0.005985743199207328 7000 -0.005985743199207328 14000 -0.9880285136015856 
m400014 6000 -0.008246517535076277 7000 -0.008246517535076277 14000 -0.9835069649298476 
m400015 6000 -0.0004975716977725166 7000 -0.0004975716977725166 14000 -0.9990048566044549 
m400016 6000 -0.002187403272774352 7000 -0.002187403272774352 14000 -0.9956251934544517 
m400017 6000 -0.003966312401598192 7000 -0.003966312401598192 14000 -0.9920673751968035 
m400018 6000 -0.005830330974982473 7000 -0.005830330974982473 14000 -0.9883393380500347 
m400019 6000 -0.007927462415833104 7000 -0.007927462415833104 14000 -0.984145075168334 
m400020 6000 -0.0005714187052368761 7000 -0.0005714187052368761 14000 -0.9988571625895263 
m400021 6000 -0.0019831421314040836 7000 -0.0019831421314040836 14000 -0.996033715737192 
m400022 6000 -0.0038846051959125103 7000 -0.0038846051959125103 14000 -0.9922307896081746 
m400023 6000 -0.005928159850158263 7000 -0.005928159850158263 14000 -0.9881436802996835 
m400024 6000 -0.007809786833413332 7000 -0.007809786833413332 14000 -0.9843804263331735 
m400025 6000 -0.00041298832371733265 7000 -0.00041298832371733265 14000 -0.9991740233525654 
m400026 6000 -0.0019304283839124531 7000 -0.0019304283839124531 14000 -0.9961391432321753 
m400027 6000 -0.004027701251998801 7000 -0.004027701251998801 14000 -0.9919445974960024 
m400028 6000 -0.006128882991779808 7000 -0.006128882991779808 14000 -0.9877422340164405 
m400029 6000 -0.007689923281474465 7000 -0.007689923281474465 14000 -0.984620153437051 
m400030 6000 -0.0005316326867262082 7000 -0.0005316326867262082 14000 -0.9989367346265478 
m400031 6000 -0.0023094901575859503 7000 -0.0023094901575859503 14000 -0.9953810196848281 
m400032 6000 -0.003996066463657627 7000 -0.003996066463657627 14000 -0.9920078670726846 
m400033 6000 -0.005881550147281136 7000 -0.005881550147281136 14000 -0.9882368997054378 
m400034 6000 -0.00805147236075201 7000 -0.00805147236075201 14000 -0.9838970552784956 
m400035 6000 -0.0005749375796066694 7000 -0.0005749375796066694 14000 -0.9988501248407867 
m400036 6000 -0.002085167068023421 7000 -0.002085167068023421 14000 -0.9958296658639532 
m400037 6000 -0.00372978244493952 7000 -0.00372978244493952 14000 -0.9925404351101208 
m400038 6000 -0.005664978046585714 7000 -0.005664978046585714 14000 -0.9886700439068288 
m400039 6000 -0.00795387678947786 7000 -0.00795387678947786 14000 -0.9840922464210443 
m400040 6000 -0.0005076994003444907 7000 -0.0005076994003444907 14000 -0.9989846011993112 
m400041 6000 -0.0018797954780313828 7000 -0.0018797954780313828 14000 -0.9962404090439368 
m400042 6000 -0.004003351042860045 7000 -0.004003351042860045 14000 -0.9919932979142794 
m400043 6000 -0.00582984173456125 7000 -0.00582984173456125 14000 -0.9883403165308777 
m400044 6000 -0.008226662625973274 7000 -0.008226662625973274 14000 -0.9835466747480532 
m400045 6000 -0.000453507064721909 7000 -0.000453507064721909 14000 -0.9990929858705561 
m400046 6000 -0.0018883699691213595 7000 -0.0018883699691213595 14000 -0.9962232600617571 
m400047 6000 -0.004130846766029322 7000 -0.004130846766029322 14000 -0.9917383064679416 
m400048 6000 -0.005741080535744344 7000 -0.005741080535744344 14000 -0.9885178389285114 
m400049 6000 -0.007948565384050052 7000 -0.007948565384050052 14000 -0.9841028692318994 
m400050 6000 -0.0007231535518687601 7000 -0.0007231535518687601 14000 -0.9985536928962623 
m400051 6000 -0.0021118465880321704 7000 -0.0021118465880321704 14000 -0.9957763068239356 
m400052 6000 -0.004388105534107294 7000 -0.004388105534107294 14000 -0.9912237889317852 
m400053 6000 -0.006071605699321196 7000 -0.006071605699321196 14000 -0.9878567886013575 
m400054 6000 -0.007831508935947447 7000 -0.007831508935947447 14000 -0.9843369821281049 
m400055 6000 -0.0005113825820093728 7000 -0.0005113825820093728 14000 -0.9989772348359811 
m400056 6000 -0.0020612206764215974 7000 -0.0020612206764215974 14000 -0.9958775586471573 
m400057 6000 -0.00396784416916568 7000 -0.00396784416916568 14000 -0.9920643116616686 
m400058 6000 -0.005739423818371918 7000 -0.005739423818371918 14000 -0.988521152363256 
m400059 6000 -0.008001097330088306 7000 -0.008001097330088306 14000 -0.983997805339823 
m400060 6000 -0.0005129413767080836 7000 -0.0005129413767080836 14000 -0.998974117246584 
m400061 6000 -0.0022470394649002647 7000 -0.0022470394649002647 14000 -0.9955059210701994 
m400062 6000 -0.004454368679842826 7000 -0.004454368679842826 14000 -0.9910912626403144 
m400063 6000 -0.005990815767247309 7000 -0.005990815767247309 14000 -0.9880183684655056 
m400064 6000 -0.008092577897104394 7000 -0.008092577897104394 14000 -0.9838148442057911 
m400065 6000 -0.0005713200957057335 7000 -0.0005713200957057335 14000 -0.9988573598085886 
m400066 6000 -0.0018684029534228894 7000 -0.0018684029534228894 14000 -0.9962631940931544 
m400067 6000 -0.0040947709131198915 7000 -0.0040947709131198915 14000 -0.9918104581737605 
m400068 6000 -0.006267872242155742 7000 -0.006267872242155742 14000 -0.9874642555156885 
m400069 6000 -0.007951795682617429 7000 -0.007951795682617429 14000 -0.9840964086347651 
m400070 6000 -0.0004512287567318478 7000 -0.0004512287567318478 14000 -0.9990975424865363 
m400071 6000 -0.002127348173132961 7000 -0.002127348173132961 14000 -0.9957453036537341 
m400072 6000 -0.003834504729785072 7000 -0.003834504729785072 14000 -0.9923309905404301 
m400073 6000 -0.005980206453289858 7000 -0.005980206453289858 14000 -0.9880395870934205 
m400074 6000 -0.007980605053040261 7000 -0.007980605053040261 14000 -0.9840387898939192 
m400075 6000 -0.0006651106830140567 7000 -0.0006651106830140567 14000 -0.9986697786339717 
m400076 6000 -0.0018631987073454823 7000 -0.0018631987073454823 14000 -0.9962736025853093 
m400077 6000 -0.004137030867173346 7000 -0.004137030867173346 14000 -0.9917259382656534 
m400078 6000 -0.005766432611644239 7000 -0.005766432611644239 14000 -0.9884671347767113 
m400079 6000 -0.0080598589795679 7000 -0.0080598589795679 14000 -0.9838802820408645 
m400080 6000 -0.0005370125571313221 7000 -0.0005370125571313221 14000 -0.9989259748857373 
m400081 6000 -0.0021400787563328806 7000 -0.0021400787563328806 14000 -0.995719842487334 
m400082 6000 -0.0039267932151393235 7000 -0.0039267932151393235 14000 -0.9921464135697212 
m400083 6000 -0.005885003457846238 7000 -0.005885003457846238 14000 -0.9882299930843073 
m400084 6000 -0.0078027177394332506 7000 -0.0078027177394332506 14000 -0.9843945645211336 
m400085 6000 -0.0004685360361660173 7000 -0.0004685360361660173 14000 -0.999062927927668 
m400086 6000 -0.002046501368246403 7000 -0.002046501368246403 14000 -0.9959069972635072 
m400087 6000 -0.0040902688442845244 7000 -0.0040902688442845244 14000 -0.9918194623114313 
m400088 6000 -0.006083218572647378 7000 -0.006083218572647378 14000 -0.987833562854705 
m400089 6000 -0.007954724148308442 7000 -0.007954724148308442 14000 -0.9840905517033832 
m400090 6000 -0.0006329690073376324 7000 -0.0006329690073376324 14000 -0.9987340619853247 
m400091 6000 -0.0018455403566994088 7000 -0.0018455403566994088 14000 -0.9963089192866014 
m400092 6000 -0.003962551830774437 7000 -0.003962551830774437 14000 -0.9920748963384511 
m400093 6000 -0.006179142988442395 7000 -0.006179142988442395 14000 -0.9876417140231152 
m400094 6000 -0.007750485076392429 7000 -0.007750485076392429 14000 -0.9844990298472154 
m400095 6000 -0.0003300658474610289 7000 -0.0003300658474610289 14000 -0.9993398683050779 
m400096 6000 -0.002361580213243117 7000 -0.002361580213243117 14000 -0.9952768395735138 
m400097 6000 -0.0037080655506025427 7000 -0.0037080655506025427 14000 -0.992583868898795 
m400098 6000 -0.006079741593094136 7000 -0.006079741593094136 14000 -0.9878405168138117 
m400099 6000 -0.008197648761132277 7000 -0.008197648761132277 14000 -0.9836047024777355 
m400100 6000 -0.00048176430828303764 7000 -0.00048176430828303764 14000 -0.9990364713834339 
m400101 6000 -0.0023353528394967336 7000 -0.0023353528394967336 14000 -0.9953292943210066 
m400102 6000 -0.003994964754208865 7000 -0.003994964754208865 14000 -0.9920100704915824 
m400103 6000 -0.00633124871997709 7000 -0.00633124871997709 14000 -0.9873375025600458 
m400104 6000 -0.008023044360942502 7000 -0.008023044360942502 14000 -0.983953911278115 
m400105 6000 -0.0005906030693299488 7000 -0.0005906030693299488 14000 -0.9988187938613402 
m400106 6000 -0.0021417904228621426 7000 -0.0021417904228621426 14000 -0.995716419154276 
m400107 6000 -0.0038301040126231863 7000 -0.0038301040126231863 14000 -0.9923397919747532 
m400108 6000 -0.00579183594630382 7000 -0.00579183594630382 14000 -0.9884163281073923 
m400109 6000 -0.008078982495177831 7000 -0.008078982495177831 14000 -0.9838420350096446 
m400110 6000 -0.0005806498830280496 7000 -0.0005806498830280496 14000 -0.9988387002339439 
m400111 6000 -0.002321451059468653 7000 -0.002321451059468653 14000 -0.9953570978810627 
m400112 6000 -0.004320545578864565 7000 -0.004320545578864565 14000 -0.9913589088422708 
m400113 6000 -0.005959437154826388 7000 -0.005959437154826388 14000 -0.9880811256903478 
m400114 6000 -0.008271787539157327 7000 -0.008271787539157327 14000 -0.9834564249216853 
m400115 6000 -0.0005766043581404864 7000 -0.0005766043581404864 14000 -0.9988467912837194 
m400116 6000 -0.002028604954671378 7000 -0.002028604954671378 14000 -0.995942790090657 
m400117 6000 -0.003691464789598477 7000 -0.003691464789598477 14000 -0.9926170704208029 
m400118 6000 -0.0059329398423561795 7000 -0.0059329398423561795 14000 -0.9881341203152876 
m400119 6000 -0.007991798516651372 7000 -0.007991798516651372 14000 -0.9840164029666972 
m400120 6000 -0.0006614544249995253 7000 -0.0006614544249995253 14000 -0.9986770911500009 
m400121 6000 -0.001952265528080081 7000 -0.001952265528080081 14000 -0.9960954689438398 
m400122 6000 -0.0039119518631584695 7000 -0.0039119518631584695 14000 -0.9921760962736832 
m400123 6000 -0.0058259851345600164 7000 -0.0058259851345600164 14000 -0.98834802973088 
m400124 6000 -0.008066686338842334 7000 -0.008066686338842334 14000 -0.9838666273223153 
c **********************************
c PE+Pb, dens=4.78 g/cm3
m2      6000    -0.04286 $Carbon
        1001    -0.00714 $Hydrogen
        82000   -0.95000 $Lead
c **********************************
m3    1001 -0.048535 $Boric acid
      5010 -0.034981
      5011 -0.139923
      8016 -0.776561
c **********************************
m4    82000 1 $Lead
c **********************************
m5 26000 1 $Iron
c **********************************
m6     13027   -1.000 $ Aluminum
c **********************************
c  SS-304 (8.00 g/cm3), #298 in PNNL Compendium
m7   006000.50c -0.0004000
     014000.60c -0.0050000
     015031.50c -0.0002300
     016000.60c -0.0001500
     024000.50c -0.1899981
     025055.60c -0.0099999
     026000.50c -0.7017229
     028000.50c -0.0924991
c ****************************************
c       LaBr detector
c ****************************************
m8       35079    -0.2946       $ Br79
         35081    -0.3069       $ Br81
         57139    -0.3485       $ La139
         58140    -0.0500       $ Ce140
c ************ air den=1.15e-3g/cc
m12     8016 -0.23
        7014 -0.77
c ************ Rubber Natural den=0.92 g/cc
m13     1001 -0.118371  $weight fraction
        6000 -0.881629
c
c end material cards
c
rand seed=8674536546524321 $different initial random #; seed# - any less 18 digits
c
c ********** begin tallies *********************
fc78 *********Broadened Pulse Height Tally Sum of Detectors 1,2 & 3 ***********
e78 0 1e-5 932i 8.4295
F78:p (101)
FT78 GEB -0.026198 0.059551 -0.037176
fc18 *********Unbroadened Pulse Height Tally Sum of Detectors 1,2 & 3 ***********
e18 0 1e-5 932i 8.4295
F18:p (101)
c ***********************************
c mplot tal 78 freq 10000
nps 1e9
