c CAS DETECTOR
c w/ Shielding in Place and Wheels
c
c CELL CARDS
c
c @@@@@@@@@@ Detectors @@@@@@@@@@@@@@@@@
c
101 8 -5.08 -21 imp:n,p 1 $LaBr Detector #1 Active Region
c
c @@@@@@@@@ Shielding @@@@@@@@@@@@@@@@@
c
121 2 -4.78 -31 imp:n,p 1 $PE_Pb
122 4 -11.29 -32 imp:n,p 1 $Pb1
123 4 -11.29 -33 imp:n,p 1 $Pb2
124 4 -11.29 -34 imp:n,p 1 $Pb3
125 4 -11.29 -35 imp:n,p 1 $Pb4
126 4 -11.29 -36 imp:n,p 1 $Pb5
127 4 -11.29 -37 imp:n,p 1 $Pb6
128 3 -1.5 -38 imp:n,p 1 $BA1
129 3 -1.5 -39 imp:n,p 1 $BA2
130 6 -2.7 -40 imp:n,p 1 $Al
131 7 -7.92 301 -302 303 -304 imp:n,p 1 $Fe-tube
132 5 -7.8 -401 imp:n,p 1 $Fe
133 5 -7.8 -402 imp:n,p 1 $Fe
c @@@@@@@@@@ Wheels @@@@@@@@@@@@@@@@@
c
21 13 -0.92 -41 42 imp:n,p 1 $Wheel 1
211 13 -0.92 -421 422 imp:n,p 1 $Wheel 1
212 13 -0.92 -423 424 imp:n,p 1 $Wheel 1
22 13 -0.92 -43 44 imp:n,p 1 $Wheel 2
221 13 -0.92 -441 442 imp:n,p 1 $Wheel 2
222 13 -0.92 -443 444 imp:n,p 1 $Wheel 2
23 13 -0.92 -45 46 imp:n,p 1 $Wheel 3
231 13 -0.92 -461 462 imp:n,p 1 $Wheel 3
232 13 -0.92 -463 464 imp:n,p 1 $Wheel 3
24 13 -0.92 -47 48 imp:n,p 1 $Wheel 4
241 13 -0.92 -481 482 imp:n,p 1 $Wheel 4
242 13 -0.92 -483 484 imp:n,p 1 $Wheel 4
c
c @@@@@@@@@@ SOIL VOLUME @@@@@@@@@@@
c
300000 400000 -2.156 20010 -20011 20020 -20021 20030 -20031 imp:n,p 1
300001 400001 -2.156 20010 -20011 20020 -20021 20031 -20032 imp:n,p 1
300002 400002 -2.156 20010 -20011 20020 -20021 20032 -20033 imp:n,p 1
300003 400003 -2.156 20010 -20011 20020 -20021 20033 -20034 imp:n,p 1
300004 400004 -2.156 20010 -20011 20020 -20021 20034 -20035 imp:n,p 1
300005 400005 -2.156 20011 -20012 20020 -20021 20030 -20031 imp:n,p 1
300006 400006 -2.156 20011 -20012 20020 -20021 20031 -20032 imp:n,p 1
300007 400007 -2.156 20011 -20012 20020 -20021 20032 -20033 imp:n,p 1
300008 400008 -2.156 20011 -20012 20020 -20021 20033 -20034 imp:n,p 1
300009 400009 -2.156 20011 -20012 20020 -20021 20034 -20035 imp:n,p 1
300010 400010 -2.156 20012 -20013 20020 -20021 20030 -20031 imp:n,p 1
300011 400011 -2.156 20012 -20013 20020 -20021 20031 -20032 imp:n,p 1
300012 400012 -2.156 20012 -20013 20020 -20021 20032 -20033 imp:n,p 1
300013 400013 -2.156 20012 -20013 20020 -20021 20033 -20034 imp:n,p 1
300014 400014 -2.156 20012 -20013 20020 -20021 20034 -20035 imp:n,p 1
300015 400015 -2.156 20013 -20014 20020 -20021 20030 -20031 imp:n,p 1
300016 400016 -2.156 20013 -20014 20020 -20021 20031 -20032 imp:n,p 1
300017 400017 -2.156 20013 -20014 20020 -20021 20032 -20033 imp:n,p 1
300018 400018 -2.156 20013 -20014 20020 -20021 20033 -20034 imp:n,p 1
300019 400019 -2.156 20013 -20014 20020 -20021 20034 -20035 imp:n,p 1
300020 400020 -2.156 20014 -20015 20020 -20021 20030 -20031 imp:n,p 1
300021 400021 -2.156 20014 -20015 20020 -20021 20031 -20032 imp:n,p 1
300022 400022 -2.156 20014 -20015 20020 -20021 20032 -20033 imp:n,p 1
300023 400023 -2.156 20014 -20015 20020 -20021 20033 -20034 imp:n,p 1
300024 400024 -2.156 20014 -20015 20020 -20021 20034 -20035 imp:n,p 1
300025 400025 -2.156 20010 -20011 20021 -20022 20030 -20031 imp:n,p 1
300026 400026 -2.156 20010 -20011 20021 -20022 20031 -20032 imp:n,p 1
300027 400027 -2.156 20010 -20011 20021 -20022 20032 -20033 imp:n,p 1
300028 400028 -2.156 20010 -20011 20021 -20022 20033 -20034 imp:n,p 1
300029 400029 -2.156 20010 -20011 20021 -20022 20034 -20035 imp:n,p 1
300030 400030 -2.156 20011 -20012 20021 -20022 20030 -20031 imp:n,p 1
300031 400031 -2.156 20011 -20012 20021 -20022 20031 -20032 imp:n,p 1
300032 400032 -2.156 20011 -20012 20021 -20022 20032 -20033 imp:n,p 1
300033 400033 -2.156 20011 -20012 20021 -20022 20033 -20034 imp:n,p 1
300034 400034 -2.156 20011 -20012 20021 -20022 20034 -20035 imp:n,p 1
300035 400035 -2.156 20012 -20013 20021 -20022 20030 -20031 imp:n,p 1
300036 400036 -2.156 20012 -20013 20021 -20022 20031 -20032 imp:n,p 1
300037 400037 -2.156 20012 -20013 20021 -20022 20032 -20033 imp:n,p 1
300038 400038 -2.156 20012 -20013 20021 -20022 20033 -20034 imp:n,p 1
300039 400039 -2.156 20012 -20013 20021 -20022 20034 -20035 imp:n,p 1
300040 400040 -2.156 20013 -20014 20021 -20022 20030 -20031 imp:n,p 1
300041 400041 -2.156 20013 -20014 20021 -20022 20031 -20032 imp:n,p 1
300042 400042 -2.156 20013 -20014 20021 -20022 20032 -20033 imp:n,p 1
300043 400043 -2.156 20013 -20014 20021 -20022 20033 -20034 imp:n,p 1
300044 400044 -2.156 20013 -20014 20021 -20022 20034 -20035 imp:n,p 1
300045 400045 -2.156 20014 -20015 20021 -20022 20030 -20031 imp:n,p 1
300046 400046 -2.156 20014 -20015 20021 -20022 20031 -20032 imp:n,p 1
300047 400047 -2.156 20014 -20015 20021 -20022 20032 -20033 imp:n,p 1
300048 400048 -2.156 20014 -20015 20021 -20022 20033 -20034 imp:n,p 1
300049 400049 -2.156 20014 -20015 20021 -20022 20034 -20035 imp:n,p 1
300050 400050 -2.156 20010 -20011 20022 -20023 20030 -20031 imp:n,p 1
300051 400051 -2.156 20010 -20011 20022 -20023 20031 -20032 imp:n,p 1
300052 400052 -2.156 20010 -20011 20022 -20023 20032 -20033 imp:n,p 1
300053 400053 -2.156 20010 -20011 20022 -20023 20033 -20034 imp:n,p 1
300054 400054 -2.156 20010 -20011 20022 -20023 20034 -20035 imp:n,p 1
300055 400055 -2.156 20011 -20012 20022 -20023 20030 -20031 imp:n,p 1
300056 400056 -2.156 20011 -20012 20022 -20023 20031 -20032 imp:n,p 1
300057 400057 -2.156 20011 -20012 20022 -20023 20032 -20033 imp:n,p 1
300058 400058 -2.156 20011 -20012 20022 -20023 20033 -20034 imp:n,p 1
300059 400059 -2.156 20011 -20012 20022 -20023 20034 -20035 imp:n,p 1
300060 400060 -2.156 20012 -20013 20022 -20023 20030 -20031 imp:n,p 1
300061 400061 -2.156 20012 -20013 20022 -20023 20031 -20032 imp:n,p 1
300062 400062 -2.156 20012 -20013 20022 -20023 20032 -20033 imp:n,p 1
300063 400063 -2.156 20012 -20013 20022 -20023 20033 -20034 imp:n,p 1
300064 400064 -2.156 20012 -20013 20022 -20023 20034 -20035 imp:n,p 1
300065 400065 -2.156 20013 -20014 20022 -20023 20030 -20031 imp:n,p 1
300066 400066 -2.156 20013 -20014 20022 -20023 20031 -20032 imp:n,p 1
300067 400067 -2.156 20013 -20014 20022 -20023 20032 -20033 imp:n,p 1
300068 400068 -2.156 20013 -20014 20022 -20023 20033 -20034 imp:n,p 1
300069 400069 -2.156 20013 -20014 20022 -20023 20034 -20035 imp:n,p 1
300070 400070 -2.156 20014 -20015 20022 -20023 20030 -20031 imp:n,p 1
300071 400071 -2.156 20014 -20015 20022 -20023 20031 -20032 imp:n,p 1
300072 400072 -2.156 20014 -20015 20022 -20023 20032 -20033 imp:n,p 1
300073 400073 -2.156 20014 -20015 20022 -20023 20033 -20034 imp:n,p 1
300074 400074 -2.156 20014 -20015 20022 -20023 20034 -20035 imp:n,p 1
300075 400075 -2.156 20010 -20011 20023 -20024 20030 -20031 imp:n,p 1
300076 400076 -2.156 20010 -20011 20023 -20024 20031 -20032 imp:n,p 1
300077 400077 -2.156 20010 -20011 20023 -20024 20032 -20033 imp:n,p 1
300078 400078 -2.156 20010 -20011 20023 -20024 20033 -20034 imp:n,p 1
300079 400079 -2.156 20010 -20011 20023 -20024 20034 -20035 imp:n,p 1
300080 400080 -2.156 20011 -20012 20023 -20024 20030 -20031 imp:n,p 1
300081 400081 -2.156 20011 -20012 20023 -20024 20031 -20032 imp:n,p 1
300082 400082 -2.156 20011 -20012 20023 -20024 20032 -20033 imp:n,p 1
300083 400083 -2.156 20011 -20012 20023 -20024 20033 -20034 imp:n,p 1
300084 400084 -2.156 20011 -20012 20023 -20024 20034 -20035 imp:n,p 1
300085 400085 -2.156 20012 -20013 20023 -20024 20030 -20031 imp:n,p 1
300086 400086 -2.156 20012 -20013 20023 -20024 20031 -20032 imp:n,p 1
300087 400087 -2.156 20012 -20013 20023 -20024 20032 -20033 imp:n,p 1
300088 400088 -2.156 20012 -20013 20023 -20024 20033 -20034 imp:n,p 1
300089 400089 -2.156 20012 -20013 20023 -20024 20034 -20035 imp:n,p 1
300090 400090 -2.156 20013 -20014 20023 -20024 20030 -20031 imp:n,p 1
300091 400091 -2.156 20013 -20014 20023 -20024 20031 -20032 imp:n,p 1
300092 400092 -2.156 20013 -20014 20023 -20024 20032 -20033 imp:n,p 1
300093 400093 -2.156 20013 -20014 20023 -20024 20033 -20034 imp:n,p 1
300094 400094 -2.156 20013 -20014 20023 -20024 20034 -20035 imp:n,p 1
300095 400095 -2.156 20014 -20015 20023 -20024 20030 -20031 imp:n,p 1
300096 400096 -2.156 20014 -20015 20023 -20024 20031 -20032 imp:n,p 1
300097 400097 -2.156 20014 -20015 20023 -20024 20032 -20033 imp:n,p 1
300098 400098 -2.156 20014 -20015 20023 -20024 20033 -20034 imp:n,p 1
300099 400099 -2.156 20014 -20015 20023 -20024 20034 -20035 imp:n,p 1
300100 400100 -2.156 20010 -20011 20024 -20025 20030 -20031 imp:n,p 1
300101 400101 -2.156 20010 -20011 20024 -20025 20031 -20032 imp:n,p 1
300102 400102 -2.156 20010 -20011 20024 -20025 20032 -20033 imp:n,p 1
300103 400103 -2.156 20010 -20011 20024 -20025 20033 -20034 imp:n,p 1
300104 400104 -2.156 20010 -20011 20024 -20025 20034 -20035 imp:n,p 1
300105 400105 -2.156 20011 -20012 20024 -20025 20030 -20031 imp:n,p 1
300106 400106 -2.156 20011 -20012 20024 -20025 20031 -20032 imp:n,p 1
300107 400107 -2.156 20011 -20012 20024 -20025 20032 -20033 imp:n,p 1
300108 400108 -2.156 20011 -20012 20024 -20025 20033 -20034 imp:n,p 1
300109 400109 -2.156 20011 -20012 20024 -20025 20034 -20035 imp:n,p 1
300110 400110 -2.156 20012 -20013 20024 -20025 20030 -20031 imp:n,p 1
300111 400111 -2.156 20012 -20013 20024 -20025 20031 -20032 imp:n,p 1
300112 400112 -2.156 20012 -20013 20024 -20025 20032 -20033 imp:n,p 1
300113 400113 -2.156 20012 -20013 20024 -20025 20033 -20034 imp:n,p 1
300114 400114 -2.156 20012 -20013 20024 -20025 20034 -20035 imp:n,p 1
300115 400115 -2.156 20013 -20014 20024 -20025 20030 -20031 imp:n,p 1
300116 400116 -2.156 20013 -20014 20024 -20025 20031 -20032 imp:n,p 1
300117 400117 -2.156 20013 -20014 20024 -20025 20032 -20033 imp:n,p 1
300118 400118 -2.156 20013 -20014 20024 -20025 20033 -20034 imp:n,p 1
300119 400119 -2.156 20013 -20014 20024 -20025 20034 -20035 imp:n,p 1
300120 400120 -2.156 20014 -20015 20024 -20025 20030 -20031 imp:n,p 1
300121 400121 -2.156 20014 -20015 20024 -20025 20031 -20032 imp:n,p 1
300122 400122 -2.156 20014 -20015 20024 -20025 20032 -20033 imp:n,p 1
300123 400123 -2.156 20014 -20015 20024 -20025 20033 -20034 imp:n,p 1
300124 400124 -2.156 20014 -20015 20024 -20025 20034 -20035 imp:n,p 1
c
30 12 -0.00129 -200 #101 #121 #122 #123 #124 #125 #126 #127 #128 #129 #130 #131 #132 #133
        #21 #211 #212 #22 #221 #222 #23 #231 #232 #24 #241 #242 #20 imp:n,p 1 $Rest of the World
31 0 200 imp:n,p 0 $Outside world

c SURFACE CARDS
c
c Sample Volume
20010 px -56.0
20011 px -33.600000000000364
20012 px -11.200000000000728
20013 px 11.200000000000728
20014 px 33.600000000000364
20015 px 56.0
20020 py -45.0
20021 py -27.0
20022 py -9.0
20023 py 9.0
20024 py 27.0
20025 py 45.0
20030 pz 92.0
20031 pz 82.0
20032 pz 72.0
20033 pz 62.0
20034 pz 52.0
20035 pz 42.0
c Active Detector Region
21 rcc 56  -5.0 -1.0   0.0 20.3 0.0   4.5 $Detector 1 Base center, Hx,Hy,Hz, radius
c Shielding Surfaces
c Shielding Pb
31 rpp 19 29 -7.5 7.5 -11 9 $PbPE xmin xmax ymin ymax zmin zmax
32 rpp 9 19 4 9 -11 9 $Pb xmin xmax ymin ymax zmin zmax
33 rpp 9 19 -9 -4 -11 9 $Pb xmin xmax ymin ymax zmin zmax
34 rpp 19 29 7.5 12.5 -11 9 $Pb xmin xmax ymin ymax zmin zmax
35 rpp 19 29 -12.5 -7.5 -11 9 $Pb xmin xmax ymin ymax zmin zmax
36 rpp 29 34 -15 15 -11 9 $Pb xmin xmax ymin ymax zmin zmax
37 rpp 9 19 -4 4 4 9 $Pb xmin xmax ymin ymax zmin zmax
38 rpp -26 26 18 28 -11 9 $BA1 xmin xmax ymin ymax zmin zmax
39 rpp -26 26 -28 -18 -11 9 $BA2 xmin xmax ymin ymax zmin zmax
40 rpp -65 65 -28 28 10 10.5 $Al xmin xmax ymin ymax zmin zmax
401 rpp -27 27 29 34 -11 9 $Fe xmin xmax ymin ymax zmin zmax
402 rpp -27 27 -34 -29 -11 9 $Fe xmin xmax ymin ymax zmin zmax
301 px -20
302 px 18
303 cx 3.71
304 cx 3.81
c Wheels Surfaces
c 23/10.5-12 turf tires, 22.6 lb rubber
c diameter 29cm, tread width 25cm, and sidewall height 13.76 cm
c set thickness of all sides 1.3 cm (s.t. weight is 22.6 lb)
41 rcc -2 77 8   0.0 25 0.0 29 $wheel 1 outer tread surface
42 rcc -2 77 8   0.0 25 0.0 27.7 $wheel 1 inner tread surface
421 rcc -2 75.7 8   0.0 1.3 0.0 29 $wheel 1 outside sidewall exterior
422 rcc -2 75.7 8   0.0 1.3 0.0 15.24 $wheel 1 outside sidewall interior
423 rcc -2 102 8   0.0 1.3 0.0 29 $wheel 1 inside sidewall exterior
424 rcc -2 102 8   0.0 1.3 0.0 15.24 $wheel 1 inside sidewall interior
43 rcc 68 77 8   0.0 25 0.0 29 $wheel 2
44 rcc 68 77 8   0.0 25 0.0 27.7
441 rcc 68 75.7 8   0.0 1.3 0.0 29
442 rcc 68 75.7 8   0.0 1.3 0.0 15.24
443 rcc 68 102 8   0.0 1.3 0.0 29
444 rcc 68 102 8   0.0 1.3 0.0 15.24
45 rcc -2 -77 8   0.0 -25 0.0 29 $wheel 3
46 rcc -2 -77 8   0.0 -25 0.0 27.7
461 rcc -2 -75.7 8   0.0 -1.3 0.0 29
462 rcc -2 -75.7 8   0.0 -1.3 0.0 15.24
463 rcc -2 -102 8   0.0 -1.3 0.0 29
464 rcc -2 -102 8   0.0 -1.3 0.0 15.24
47 rcc 68 -77 8   0.0 -25 0.0 29 $wheel 4
48 rcc 68 -77 8   0.0 -25 0.0 27.7
481 rcc 68 -75.7 8   0.0 -1.3 0.0 29
482 rcc 68 -75.7 8   0.0 -1.3 0.0 15.24
483 rcc 68 -102 8   0.0 -1.3 0.0 29
484 rcc 68 -102 8   0.0 -1.3 0.0 15.24
200 so 800    $sphere of 800cm centered at origin
c

c DATA CARDS
mode n p
c dump every hr
prdmp -60 -60 -1
c 100 keV Neutron Energy Cutoff
Cut:n 1j 0.1
c analog neutron transport
phys:n 1j 14
phys:p
sdef pos=0 0 0 erg=14.0 vec= 0 0 1 dir=d1
si1  -1 .93 1
sp1   0  0.0  1.0
c ********************
c begin material cards
c ********************
c Pure Carbon
c ****************************************
m400000 6000 -0.0005525657148441385 7000 -0.0005525657148441385 14000 -0.9988948685703117 
m400001 6000 -0.0021252326120938677 7000 -0.0021252326120938677 14000 -0.9957495347758122 
m400002 6000 -0.004020947615307389 7000 -0.004020947615307389 14000 -0.9919581047693856 
m400003 6000 -0.005935258951565167 7000 -0.005935258951565167 14000 -0.9881294820968697 
m400004 6000 -0.008093425286642659 7000 -0.008093425286642659 14000 -0.9838131494267146 
m400005 6000 -0.0005446038839009977 7000 -0.0005446038839009977 14000 -0.9989107922321978 
m400006 6000 -0.001995537405880306 7000 -0.001995537405880306 14000 -0.9960089251882394 
m400007 6000 -0.004170748765513547 7000 -0.004170748765513547 14000 -0.9916585024689728 
m400008 6000 -0.006044957321668919 7000 -0.006044957321668919 14000 -0.9879100853566622 
m400009 6000 -0.008088965398662018 7000 -0.008088965398662018 14000 -0.9838220692026759 
m400010 6000 -0.0006159305970507588 7000 -0.0006159305970507588 14000 -0.9987681388058987 
m400011 6000 -0.001780468848403981 7000 -0.001780468848403981 14000 -0.996439062303192 
m400012 6000 -0.0038908401043577776 7000 -0.0038908401043577776 14000 -0.9922183197912845 
m400013 6000 -0.00594666776644107 7000 -0.00594666776644107 14000 -0.9881066644671178 
m400014 6000 -0.007990505776316277 7000 -0.007990505776316277 14000 -0.9840189884473675 
m400015 6000 -0.0005603470576682146 7000 -0.0005603470576682146 14000 -0.9988793058846636 
m400016 6000 -0.0020308237869642145 7000 -0.0020308237869642145 14000 -0.9959383524260719 
m400017 6000 -0.0038747765190437493 7000 -0.0038747765190437493 14000 -0.9922504469619124 
m400018 6000 -0.006174746774944296 7000 -0.006174746774944296 14000 -0.9876505064501115 
m400019 6000 -0.007947762669866404 7000 -0.007947762669866404 14000 -0.9841044746602671 
m400020 6000 -0.0004052700527499792 7000 -0.0004052700527499792 14000 -0.9991894598944999 
m400021 6000 -0.0021260081872694794 7000 -0.0021260081872694794 14000 -0.9957479836254614 
m400022 6000 -0.004160785894653924 7000 -0.004160785894653924 14000 -0.9916784282106922 
m400023 6000 -0.006090674371333957 7000 -0.006090674371333957 14000 -0.9878186512573319 
m400024 6000 -0.008085596447417897 7000 -0.008085596447417897 14000 -0.9838288071051642 
m400025 6000 -0.0006338735707008938 7000 -0.0006338735707008938 14000 -0.9987322528585983 
m400026 6000 -0.0019763500539522754 7000 -0.0019763500539522754 14000 -0.9960472998920956 
m400027 6000 -0.004176325795130561 7000 -0.004176325795130561 14000 -0.9916473484097388 
m400028 6000 -0.005744298707029588 7000 -0.005744298707029588 14000 -0.9885114025859408 
m400029 6000 -0.008147281288173045 7000 -0.008147281288173045 14000 -0.9837054374236538 
m400030 6000 -0.0006298825277668055 7000 -0.0006298825277668055 14000 -0.9987402349444662 
m400031 6000 -0.0019211562284396388 7000 -0.0019211562284396388 14000 -0.9961576875431206 
m400032 6000 -0.00402207625634992 7000 -0.00402207625634992 14000 -0.9919558474873 
m400033 6000 -0.00575475337556435 7000 -0.00575475337556435 14000 -0.9884904932488716 
m400034 6000 -0.007812350520173344 7000 -0.007812350520173344 14000 -0.9843752989596533 
m400035 6000 -0.0004682745558722877 7000 -0.0004682745558722877 14000 -0.9990634508882553 
m400036 6000 -0.0019080963891928416 7000 -0.0019080963891928416 14000 -0.9961838072216146 
m400037 6000 -0.003939530677722533 7000 -0.003939530677722533 14000 -0.9921209386445551 
m400038 6000 -0.005949159167623068 7000 -0.005949159167623068 14000 -0.9881016816647537 
m400039 6000 -0.008008664428214123 7000 -0.008008664428214123 14000 -0.983982671143572 
m400040 6000 -0.00045100167972854475 7000 -0.00045100167972854475 14000 -0.9990979966405429 
m400041 6000 -0.0021542024578627256 7000 -0.0021542024578627256 14000 -0.9956915950842748 
m400042 6000 -0.003966127656398157 7000 -0.003966127656398157 14000 -0.9920677446872035 
m400043 6000 -0.005701434399909184 7000 -0.005701434399909184 14000 -0.9885971312001814 
m400044 6000 -0.007984133241181648 7000 -0.007984133241181648 14000 -0.9840317335176365 
m400045 6000 -0.0005553317666480182 7000 -0.0005553317666480182 14000 -0.998889336466704 
m400046 6000 -0.0020372122860995902 7000 -0.0020372122860995902 14000 -0.9959255754278008 
m400047 6000 -0.003929096374250666 7000 -0.003929096374250666 14000 -0.9921418072514987 
m400048 6000 -0.0060981161833516895 7000 -0.0060981161833516895 14000 -0.9878037676332968 
m400049 6000 -0.008141226156714374 7000 -0.008141226156714374 14000 -0.9837175476865716 
m400050 6000 -0.0005463094590605688 7000 -0.0005463094590605688 14000 -0.9989073810818786 
m400051 6000 -0.0017870312793997645 7000 -0.0017870312793997645 14000 -0.9964259374412004 
m400052 6000 -0.004046524249020588 7000 -0.004046524249020588 14000 -0.9919069515019591 
m400053 6000 -0.005880927461610761 7000 -0.005880927461610761 14000 -0.9882381450767787 
m400054 6000 -0.008112602223088333 7000 -0.008112602223088333 14000 -0.9837747955538235 
m400055 6000 -0.000506872419848489 7000 -0.000506872419848489 14000 -0.9989862551603029 
m400056 6000 -0.0019143874604528404 7000 -0.0019143874604528404 14000 -0.9961712250790944 
m400057 6000 -0.003956527674086908 7000 -0.003956527674086908 14000 -0.9920869446518261 
m400058 6000 -0.0057428240147242085 7000 -0.0057428240147242085 14000 -0.9885143519705518 
m400059 6000 -0.008070561168096867 7000 -0.008070561168096867 14000 -0.9838588776638059 
m400060 6000 -0.0005501397706551219 7000 -0.0005501397706551219 14000 -0.9988997204586897 
m400061 6000 -0.0021942673697539425 7000 -0.0021942673697539425 14000 -0.995611465260492 
m400062 6000 -0.003894310144853441 7000 -0.003894310144853441 14000 -0.9922113797102932 
m400063 6000 -0.006088041273067422 7000 -0.006088041273067422 14000 -0.9878239174538649 
m400064 6000 -0.008051229678485875 7000 -0.008051229678485875 14000 -0.9838975406430283 
m400065 6000 -0.0005427142988643081 7000 -0.0005427142988643081 14000 -0.9989145714022718 
m400066 6000 -0.0021000062396317343 7000 -0.0021000062396317343 14000 -0.9957999875207366 
m400067 6000 -0.0042235971572605665 7000 -0.0042235971572605665 14000 -0.9915528056854792 
m400068 6000 -0.006092045701320717 7000 -0.006092045701320717 14000 -0.9878159085973585 
m400069 6000 -0.008193627188267966 7000 -0.008193627188267966 14000 -0.9836127456234641 
m400070 6000 -0.0004982885163410075 7000 -0.0004982885163410075 14000 -0.9990034229673183 
m400071 6000 -0.0019598459574541914 7000 -0.0019598459574541914 14000 -0.9960803080850914 
m400072 6000 -0.004077001424452779 7000 -0.004077001424452779 14000 -0.9918459971510941 
m400073 6000 -0.005856937856494358 7000 -0.005856937856494358 14000 -0.9882861242870109 
m400074 6000 -0.00814791848468675 7000 -0.00814791848468675 14000 -0.9837041630306266 
m400075 6000 -0.00031098915504963645 7000 -0.00031098915504963645 14000 -0.9993780216899008 
m400076 6000 -0.001973528347500681 7000 -0.001973528347500681 14000 -0.9960529433049987 
m400077 6000 -0.004143555090017363 7000 -0.004143555090017363 14000 -0.9917128898199654 
m400078 6000 -0.0059152265566214494 7000 -0.0059152265566214494 14000 -0.9881695468867574 
m400079 6000 -0.008025872318310324 7000 -0.008025872318310324 14000 -0.983948255363379 
m400080 6000 -0.00041564104615508427 7000 -0.00041564104615508427 14000 -0.9991687179076899 
m400081 6000 -0.0018665110684265452 7000 -0.0018665110684265452 14000 -0.9962669778631466 
m400082 6000 -0.0042820510584405825 7000 -0.0042820510584405825 14000 -0.9914358978831187 
m400083 6000 -0.0058323554574824495 7000 -0.0058323554574824495 14000 -0.9883352890850351 
m400084 6000 -0.008142146401491196 7000 -0.008142146401491196 14000 -0.9837157071970175 
m400085 6000 -0.00046818257406278546 7000 -0.00046818257406278546 14000 -0.9990636348518745 
m400086 6000 -0.002024528868335566 7000 -0.002024528868335566 14000 -0.9959509422633288 
m400087 6000 -0.004023550412871773 7000 -0.004023550412871773 14000 -0.9919528991742562 
m400088 6000 -0.006152770535992117 7000 -0.006152770535992117 14000 -0.9876944589280159 
m400089 6000 -0.0076939767734140845 7000 -0.0076939767734140845 14000 -0.9846120464531717 
m400090 6000 -0.0004410465067032344 7000 -0.0004410465067032344 14000 -0.9991179069865939 
m400091 6000 -0.0019708296398453723 7000 -0.0019708296398453723 14000 -0.996058340720309 
m400092 6000 -0.0038357361529368665 7000 -0.0038357361529368665 14000 -0.9923285276941258 
m400093 6000 -0.006072201599436229 7000 -0.006072201599436229 14000 -0.9878555968011276 
m400094 6000 -0.008284691282621414 7000 -0.008284691282621414 14000 -0.9834306174347573 
m400095 6000 -0.000626551711471455 7000 -0.000626551711471455 14000 -0.9987468965770572 
m400096 6000 -0.002077987722161636 7000 -0.002077987722161636 14000 -0.9958440245556767 
m400097 6000 -0.00415925092099992 7000 -0.00415925092099992 14000 -0.9916814981580001 
m400098 6000 -0.006071835176708122 7000 -0.006071835176708122 14000 -0.9878563296465841 
m400099 6000 -0.008248562116071589 7000 -0.008248562116071589 14000 -0.9835028757678568 
m400100 6000 -0.0005089626322968102 7000 -0.0005089626322968102 14000 -0.9989820747354063 
m400101 6000 -0.0021911551764739836 7000 -0.0021911551764739836 14000 -0.995617689647052 
m400102 6000 -0.00408154809437441 7000 -0.00408154809437441 14000 -0.9918369038112512 
m400103 6000 -0.005820087512808134 7000 -0.005820087512808134 14000 -0.9883598249743839 
m400104 6000 -0.007935615637687648 7000 -0.007935615637687648 14000 -0.9841287687246246 
m400105 6000 -0.0004540488992524468 7000 -0.0004540488992524468 14000 -0.9990919022014951 
m400106 6000 -0.001897158278884574 7000 -0.001897158278884574 14000 -0.996205683442231 
m400107 6000 -0.003990880472928567 7000 -0.003990880472928567 14000 -0.9920182390541431 
m400108 6000 -0.0057368463708243654 7000 -0.0057368463708243654 14000 -0.9885263072583512 
m400109 6000 -0.00798006452585713 7000 -0.00798006452585713 14000 -0.9840398709482856 
m400110 6000 -0.0003914985631623922 7000 -0.0003914985631623922 14000 -0.999217002873675 
m400111 6000 -0.0020744832537066384 7000 -0.0020744832537066384 14000 -0.9958510334925869 
m400112 6000 -0.004256885453210713 7000 -0.004256885453210713 14000 -0.9914862290935785 
m400113 6000 -0.005868668114360238 7000 -0.005868668114360238 14000 -0.9882626637712797 
m400114 6000 -0.007771010983110446 7000 -0.007771010983110446 14000 -0.9844579780337793 
m400115 6000 -0.0004428483799466221 7000 -0.0004428483799466221 14000 -0.9991143032401069 
m400116 6000 -0.0023652995747332427 7000 -0.0023652995747332427 14000 -0.9952694008505337 
m400117 6000 -0.004444861015902606 7000 -0.004444861015902606 14000 -0.9911102779681946 
m400118 6000 -0.0061750897137944636 7000 -0.0061750897137944636 14000 -0.9876498205724112 
m400119 6000 -0.007949452509758079 7000 -0.007949452509758079 14000 -0.9841010949804836 
m400120 6000 -0.00036590281082319557 7000 -0.00036590281082319557 14000 -0.9992681943783535 
m400121 6000 -0.0020180523881441477 7000 -0.0020180523881441477 14000 -0.9959638952237116 
m400122 6000 -0.0040773480635901286 7000 -0.0040773480635901286 14000 -0.9918453038728197 
m400123 6000 -0.005871759893793512 7000 -0.005871759893793512 14000 -0.988256480212413 
m400124 6000 -0.00799594037188344 7000 -0.00799594037188344 14000 -0.9840081192562331 
c **********************************
c PE+Pb, dens=4.78 g/cm3
m2      6000    -0.04286 $Carbon
        1001    -0.00714 $Hydrogen
        82000   -0.95000 $Lead
c **********************************
m3    1001 -0.048535 $Boric acid
      5010 -0.034981
      5011 -0.139923
      8016 -0.776561
c **********************************
m4    82000 1 $Lead
c **********************************
m5 26000 1 $Iron
c **********************************
m6     13027   -1.000 $ Aluminum
c **********************************
c  SS-304 (8.00 g/cm3), #298 in PNNL Compendium
m7   006000.50c -0.0004000
     014000.60c -0.0050000
     015031.50c -0.0002300
     016000.60c -0.0001500
     024000.50c -0.1899981
     025055.60c -0.0099999
     026000.50c -0.7017229
     028000.50c -0.0924991
c ****************************************
c       LaBr detector
c ****************************************
m8       35079    -0.2946       $ Br79
         35081    -0.3069       $ Br81
         57139    -0.3485       $ La139
         58140    -0.0500       $ Ce140
c ************ air den=1.15e-3g/cc
m12     8016 -0.23
        7014 -0.77
c ************ Rubber Natural den=0.92 g/cc
m13     1001 -0.118371  $weight fraction
        6000 -0.881629
c
c end material cards
c
rand seed=8674536546524321 $different initial random #; seed# - any less 18 digits
c
c ********** begin tallies *********************
fc78 *********Broadened Pulse Height Tally Sum of Detectors 1,2 & 3 ***********
e78 0 1e-5 932i 8.4295
F78:p (101)
FT78 GEB -0.026198 0.059551 -0.037176
fc18 *********Unbroadened Pulse Height Tally Sum of Detectors 1,2 & 3 ***********
e18 0 1e-5 932i 8.4295
F18:p (101)
c ***********************************
c mplot tal 78 freq 10000
nps 1e9
