c CAS DETECTOR
c w/ Shielding in Place and Wheels
c
c CELL CARDS
c
c @@@@@@@@@@ Detectors @@@@@@@@@@@@@@@@@
c
101 8 -5.08 -21 imp:n,p 1 $LaBr Detector #1 Active Region
c
c @@@@@@@@@ Shielding @@@@@@@@@@@@@@@@@
c
121 2 -4.78 -31 imp:n,p 1 $PE_Pb
122 4 -11.29 -32 imp:n,p 1 $Pb1
123 4 -11.29 -33 imp:n,p 1 $Pb2
124 4 -11.29 -34 imp:n,p 1 $Pb3
125 4 -11.29 -35 imp:n,p 1 $Pb4
126 4 -11.29 -36 imp:n,p 1 $Pb5
127 4 -11.29 -37 imp:n,p 1 $Pb6
128 3 -1.5 -38 imp:n,p 1 $BA1
129 3 -1.5 -39 imp:n,p 1 $BA2
130 6 -2.7 -40 imp:n,p 1 $Al
131 7 -7.92 301 -302 303 -304 imp:n,p 1 $Fe-tube
132 5 -7.8 -401 imp:n,p 1 $Fe
133 5 -7.8 -402 imp:n,p 1 $Fe
c @@@@@@@@@@ Wheels @@@@@@@@@@@@@@@@@
c
21 13 -0.92 -41 42 imp:n,p 1 $Wheel 1
211 13 -0.92 -421 422 imp:n,p 1 $Wheel 1
212 13 -0.92 -423 424 imp:n,p 1 $Wheel 1
22 13 -0.92 -43 44 imp:n,p 1 $Wheel 2
221 13 -0.92 -441 442 imp:n,p 1 $Wheel 2
222 13 -0.92 -443 444 imp:n,p 1 $Wheel 2
23 13 -0.92 -45 46 imp:n,p 1 $Wheel 3
231 13 -0.92 -461 462 imp:n,p 1 $Wheel 3
232 13 -0.92 -463 464 imp:n,p 1 $Wheel 3
24 13 -0.92 -47 48 imp:n,p 1 $Wheel 4
241 13 -0.92 -481 482 imp:n,p 1 $Wheel 4
242 13 -0.92 -483 484 imp:n,p 1 $Wheel 4
c
c @@@@@@@@@@ SOIL VOLUME @@@@@@@@@@@
c
300000 400000 -2.156 20010 -20011 20020 -20021 20030 -20031 imp:n,p 1
300001 400001 -2.156 20010 -20011 20020 -20021 20031 -20032 imp:n,p 1
300002 400002 -2.156 20010 -20011 20020 -20021 20032 -20033 imp:n,p 1
300003 400003 -2.156 20010 -20011 20020 -20021 20033 -20034 imp:n,p 1
300004 400004 -2.156 20010 -20011 20020 -20021 20034 -20035 imp:n,p 1
300005 400005 -2.156 20011 -20012 20020 -20021 20030 -20031 imp:n,p 1
300006 400006 -2.156 20011 -20012 20020 -20021 20031 -20032 imp:n,p 1
300007 400007 -2.156 20011 -20012 20020 -20021 20032 -20033 imp:n,p 1
300008 400008 -2.156 20011 -20012 20020 -20021 20033 -20034 imp:n,p 1
300009 400009 -2.156 20011 -20012 20020 -20021 20034 -20035 imp:n,p 1
300010 400010 -2.156 20012 -20013 20020 -20021 20030 -20031 imp:n,p 1
300011 400011 -2.156 20012 -20013 20020 -20021 20031 -20032 imp:n,p 1
300012 400012 -2.156 20012 -20013 20020 -20021 20032 -20033 imp:n,p 1
300013 400013 -2.156 20012 -20013 20020 -20021 20033 -20034 imp:n,p 1
300014 400014 -2.156 20012 -20013 20020 -20021 20034 -20035 imp:n,p 1
300015 400015 -2.156 20013 -20014 20020 -20021 20030 -20031 imp:n,p 1
300016 400016 -2.156 20013 -20014 20020 -20021 20031 -20032 imp:n,p 1
300017 400017 -2.156 20013 -20014 20020 -20021 20032 -20033 imp:n,p 1
300018 400018 -2.156 20013 -20014 20020 -20021 20033 -20034 imp:n,p 1
300019 400019 -2.156 20013 -20014 20020 -20021 20034 -20035 imp:n,p 1
300020 400020 -2.156 20014 -20015 20020 -20021 20030 -20031 imp:n,p 1
300021 400021 -2.156 20014 -20015 20020 -20021 20031 -20032 imp:n,p 1
300022 400022 -2.156 20014 -20015 20020 -20021 20032 -20033 imp:n,p 1
300023 400023 -2.156 20014 -20015 20020 -20021 20033 -20034 imp:n,p 1
300024 400024 -2.156 20014 -20015 20020 -20021 20034 -20035 imp:n,p 1
300025 400025 -2.156 20010 -20011 20021 -20022 20030 -20031 imp:n,p 1
300026 400026 -2.156 20010 -20011 20021 -20022 20031 -20032 imp:n,p 1
300027 400027 -2.156 20010 -20011 20021 -20022 20032 -20033 imp:n,p 1
300028 400028 -2.156 20010 -20011 20021 -20022 20033 -20034 imp:n,p 1
300029 400029 -2.156 20010 -20011 20021 -20022 20034 -20035 imp:n,p 1
300030 400030 -2.156 20011 -20012 20021 -20022 20030 -20031 imp:n,p 1
300031 400031 -2.156 20011 -20012 20021 -20022 20031 -20032 imp:n,p 1
300032 400032 -2.156 20011 -20012 20021 -20022 20032 -20033 imp:n,p 1
300033 400033 -2.156 20011 -20012 20021 -20022 20033 -20034 imp:n,p 1
300034 400034 -2.156 20011 -20012 20021 -20022 20034 -20035 imp:n,p 1
300035 400035 -2.156 20012 -20013 20021 -20022 20030 -20031 imp:n,p 1
300036 400036 -2.156 20012 -20013 20021 -20022 20031 -20032 imp:n,p 1
300037 400037 -2.156 20012 -20013 20021 -20022 20032 -20033 imp:n,p 1
300038 400038 -2.156 20012 -20013 20021 -20022 20033 -20034 imp:n,p 1
300039 400039 -2.156 20012 -20013 20021 -20022 20034 -20035 imp:n,p 1
300040 400040 -2.156 20013 -20014 20021 -20022 20030 -20031 imp:n,p 1
300041 400041 -2.156 20013 -20014 20021 -20022 20031 -20032 imp:n,p 1
300042 400042 -2.156 20013 -20014 20021 -20022 20032 -20033 imp:n,p 1
300043 400043 -2.156 20013 -20014 20021 -20022 20033 -20034 imp:n,p 1
300044 400044 -2.156 20013 -20014 20021 -20022 20034 -20035 imp:n,p 1
300045 400045 -2.156 20014 -20015 20021 -20022 20030 -20031 imp:n,p 1
300046 400046 -2.156 20014 -20015 20021 -20022 20031 -20032 imp:n,p 1
300047 400047 -2.156 20014 -20015 20021 -20022 20032 -20033 imp:n,p 1
300048 400048 -2.156 20014 -20015 20021 -20022 20033 -20034 imp:n,p 1
300049 400049 -2.156 20014 -20015 20021 -20022 20034 -20035 imp:n,p 1
300050 400050 -2.156 20010 -20011 20022 -20023 20030 -20031 imp:n,p 1
300051 400051 -2.156 20010 -20011 20022 -20023 20031 -20032 imp:n,p 1
300052 400052 -2.156 20010 -20011 20022 -20023 20032 -20033 imp:n,p 1
300053 400053 -2.156 20010 -20011 20022 -20023 20033 -20034 imp:n,p 1
300054 400054 -2.156 20010 -20011 20022 -20023 20034 -20035 imp:n,p 1
300055 400055 -2.156 20011 -20012 20022 -20023 20030 -20031 imp:n,p 1
300056 400056 -2.156 20011 -20012 20022 -20023 20031 -20032 imp:n,p 1
300057 400057 -2.156 20011 -20012 20022 -20023 20032 -20033 imp:n,p 1
300058 400058 -2.156 20011 -20012 20022 -20023 20033 -20034 imp:n,p 1
300059 400059 -2.156 20011 -20012 20022 -20023 20034 -20035 imp:n,p 1
300060 400060 -2.156 20012 -20013 20022 -20023 20030 -20031 imp:n,p 1
300061 400061 -2.156 20012 -20013 20022 -20023 20031 -20032 imp:n,p 1
300062 400062 -2.156 20012 -20013 20022 -20023 20032 -20033 imp:n,p 1
300063 400063 -2.156 20012 -20013 20022 -20023 20033 -20034 imp:n,p 1
300064 400064 -2.156 20012 -20013 20022 -20023 20034 -20035 imp:n,p 1
300065 400065 -2.156 20013 -20014 20022 -20023 20030 -20031 imp:n,p 1
300066 400066 -2.156 20013 -20014 20022 -20023 20031 -20032 imp:n,p 1
300067 400067 -2.156 20013 -20014 20022 -20023 20032 -20033 imp:n,p 1
300068 400068 -2.156 20013 -20014 20022 -20023 20033 -20034 imp:n,p 1
300069 400069 -2.156 20013 -20014 20022 -20023 20034 -20035 imp:n,p 1
300070 400070 -2.156 20014 -20015 20022 -20023 20030 -20031 imp:n,p 1
300071 400071 -2.156 20014 -20015 20022 -20023 20031 -20032 imp:n,p 1
300072 400072 -2.156 20014 -20015 20022 -20023 20032 -20033 imp:n,p 1
300073 400073 -2.156 20014 -20015 20022 -20023 20033 -20034 imp:n,p 1
300074 400074 -2.156 20014 -20015 20022 -20023 20034 -20035 imp:n,p 1
300075 400075 -2.156 20010 -20011 20023 -20024 20030 -20031 imp:n,p 1
300076 400076 -2.156 20010 -20011 20023 -20024 20031 -20032 imp:n,p 1
300077 400077 -2.156 20010 -20011 20023 -20024 20032 -20033 imp:n,p 1
300078 400078 -2.156 20010 -20011 20023 -20024 20033 -20034 imp:n,p 1
300079 400079 -2.156 20010 -20011 20023 -20024 20034 -20035 imp:n,p 1
300080 400080 -2.156 20011 -20012 20023 -20024 20030 -20031 imp:n,p 1
300081 400081 -2.156 20011 -20012 20023 -20024 20031 -20032 imp:n,p 1
300082 400082 -2.156 20011 -20012 20023 -20024 20032 -20033 imp:n,p 1
300083 400083 -2.156 20011 -20012 20023 -20024 20033 -20034 imp:n,p 1
300084 400084 -2.156 20011 -20012 20023 -20024 20034 -20035 imp:n,p 1
300085 400085 -2.156 20012 -20013 20023 -20024 20030 -20031 imp:n,p 1
300086 400086 -2.156 20012 -20013 20023 -20024 20031 -20032 imp:n,p 1
300087 400087 -2.156 20012 -20013 20023 -20024 20032 -20033 imp:n,p 1
300088 400088 -2.156 20012 -20013 20023 -20024 20033 -20034 imp:n,p 1
300089 400089 -2.156 20012 -20013 20023 -20024 20034 -20035 imp:n,p 1
300090 400090 -2.156 20013 -20014 20023 -20024 20030 -20031 imp:n,p 1
300091 400091 -2.156 20013 -20014 20023 -20024 20031 -20032 imp:n,p 1
300092 400092 -2.156 20013 -20014 20023 -20024 20032 -20033 imp:n,p 1
300093 400093 -2.156 20013 -20014 20023 -20024 20033 -20034 imp:n,p 1
300094 400094 -2.156 20013 -20014 20023 -20024 20034 -20035 imp:n,p 1
300095 400095 -2.156 20014 -20015 20023 -20024 20030 -20031 imp:n,p 1
300096 400096 -2.156 20014 -20015 20023 -20024 20031 -20032 imp:n,p 1
300097 400097 -2.156 20014 -20015 20023 -20024 20032 -20033 imp:n,p 1
300098 400098 -2.156 20014 -20015 20023 -20024 20033 -20034 imp:n,p 1
300099 400099 -2.156 20014 -20015 20023 -20024 20034 -20035 imp:n,p 1
300100 400100 -2.156 20010 -20011 20024 -20025 20030 -20031 imp:n,p 1
300101 400101 -2.156 20010 -20011 20024 -20025 20031 -20032 imp:n,p 1
300102 400102 -2.156 20010 -20011 20024 -20025 20032 -20033 imp:n,p 1
300103 400103 -2.156 20010 -20011 20024 -20025 20033 -20034 imp:n,p 1
300104 400104 -2.156 20010 -20011 20024 -20025 20034 -20035 imp:n,p 1
300105 400105 -2.156 20011 -20012 20024 -20025 20030 -20031 imp:n,p 1
300106 400106 -2.156 20011 -20012 20024 -20025 20031 -20032 imp:n,p 1
300107 400107 -2.156 20011 -20012 20024 -20025 20032 -20033 imp:n,p 1
300108 400108 -2.156 20011 -20012 20024 -20025 20033 -20034 imp:n,p 1
300109 400109 -2.156 20011 -20012 20024 -20025 20034 -20035 imp:n,p 1
300110 400110 -2.156 20012 -20013 20024 -20025 20030 -20031 imp:n,p 1
300111 400111 -2.156 20012 -20013 20024 -20025 20031 -20032 imp:n,p 1
300112 400112 -2.156 20012 -20013 20024 -20025 20032 -20033 imp:n,p 1
300113 400113 -2.156 20012 -20013 20024 -20025 20033 -20034 imp:n,p 1
300114 400114 -2.156 20012 -20013 20024 -20025 20034 -20035 imp:n,p 1
300115 400115 -2.156 20013 -20014 20024 -20025 20030 -20031 imp:n,p 1
300116 400116 -2.156 20013 -20014 20024 -20025 20031 -20032 imp:n,p 1
300117 400117 -2.156 20013 -20014 20024 -20025 20032 -20033 imp:n,p 1
300118 400118 -2.156 20013 -20014 20024 -20025 20033 -20034 imp:n,p 1
300119 400119 -2.156 20013 -20014 20024 -20025 20034 -20035 imp:n,p 1
300120 400120 -2.156 20014 -20015 20024 -20025 20030 -20031 imp:n,p 1
300121 400121 -2.156 20014 -20015 20024 -20025 20031 -20032 imp:n,p 1
300122 400122 -2.156 20014 -20015 20024 -20025 20032 -20033 imp:n,p 1
300123 400123 -2.156 20014 -20015 20024 -20025 20033 -20034 imp:n,p 1
300124 400124 -2.156 20014 -20015 20024 -20025 20034 -20035 imp:n,p 1
c
30 12 -0.00129 -200 #101 #121 #122 #123 #124 #125 #126 #127 #128 #129 #130 #131 #132 #133
        #21 #211 #212 #22 #221 #222 #23 #231 #232 #24 #241 #242 #20 imp:n,p 1 $Rest of the World
31 0 200 imp:n,p 0 $Outside world

c SURFACE CARDS
c
c Sample Volume
20010 px -56.0
20011 px -33.600000000000364
20012 px -11.199999999999818
20013 px 11.199999999999818
20014 px 33.600000000000364
20015 px 56.0
20020 py -45.0
20021 py -27.0
20022 py -9.0
20023 py 9.0
20024 py 27.0
20025 py 45.0
20030 pz 92.0
20031 pz 82.0
20032 pz 72.0
20033 pz 62.0
20034 pz 52.0
20035 pz 42.0
c Active Detector Region
21 rcc 56  -5.0 -1.0   0.0 20.3 0.0   4.5 $Detector 1 Base center, Hx,Hy,Hz, radius
c Shielding Surfaces
c Shielding Pb
31 rpp 19 29 -7.5 7.5 -11 9 $PbPE xmin xmax ymin ymax zmin zmax
32 rpp 9 19 4 9 -11 9 $Pb xmin xmax ymin ymax zmin zmax
33 rpp 9 19 -9 -4 -11 9 $Pb xmin xmax ymin ymax zmin zmax
34 rpp 19 29 7.5 12.5 -11 9 $Pb xmin xmax ymin ymax zmin zmax
35 rpp 19 29 -12.5 -7.5 -11 9 $Pb xmin xmax ymin ymax zmin zmax
36 rpp 29 34 -15 15 -11 9 $Pb xmin xmax ymin ymax zmin zmax
37 rpp 9 19 -4 4 4 9 $Pb xmin xmax ymin ymax zmin zmax
38 rpp -26 26 18 28 -11 9 $BA1 xmin xmax ymin ymax zmin zmax
39 rpp -26 26 -28 -18 -11 9 $BA2 xmin xmax ymin ymax zmin zmax
40 rpp -65 65 -28 28 10 10.5 $Al xmin xmax ymin ymax zmin zmax
401 rpp -27 27 29 34 -11 9 $Fe xmin xmax ymin ymax zmin zmax
402 rpp -27 27 -34 -29 -11 9 $Fe xmin xmax ymin ymax zmin zmax
301 px -20
302 px 18
303 cx 3.71
304 cx 3.81
c Wheels Surfaces
c 23/10.5-12 turf tires, 22.6 lb rubber
c diameter 29cm, tread width 25cm, and sidewall height 13.76 cm
c set thickness of all sides 1.3 cm (s.t. weight is 22.6 lb)
41 rcc -2 77 8   0.0 25 0.0 29 $wheel 1 outer tread surface
42 rcc -2 77 8   0.0 25 0.0 27.7 $wheel 1 inner tread surface
421 rcc -2 75.7 8   0.0 1.3 0.0 29 $wheel 1 outside sidewall exterior
422 rcc -2 75.7 8   0.0 1.3 0.0 15.24 $wheel 1 outside sidewall interior
423 rcc -2 102 8   0.0 1.3 0.0 29 $wheel 1 inside sidewall exterior
424 rcc -2 102 8   0.0 1.3 0.0 15.24 $wheel 1 inside sidewall interior
43 rcc 68 77 8   0.0 25 0.0 29 $wheel 2
44 rcc 68 77 8   0.0 25 0.0 27.7
441 rcc 68 75.7 8   0.0 1.3 0.0 29
442 rcc 68 75.7 8   0.0 1.3 0.0 15.24
443 rcc 68 102 8   0.0 1.3 0.0 29
444 rcc 68 102 8   0.0 1.3 0.0 15.24
45 rcc -2 -77 8   0.0 -25 0.0 29 $wheel 3
46 rcc -2 -77 8   0.0 -25 0.0 27.7
461 rcc -2 -75.7 8   0.0 -1.3 0.0 29
462 rcc -2 -75.7 8   0.0 -1.3 0.0 15.24
463 rcc -2 -102 8   0.0 -1.3 0.0 29
464 rcc -2 -102 8   0.0 -1.3 0.0 15.24
47 rcc 68 -77 8   0.0 -25 0.0 29 $wheel 4
48 rcc 68 -77 8   0.0 -25 0.0 27.7
481 rcc 68 -75.7 8   0.0 -1.3 0.0 29
482 rcc 68 -75.7 8   0.0 -1.3 0.0 15.24
483 rcc 68 -102 8   0.0 -1.3 0.0 29
484 rcc 68 -102 8   0.0 -1.3 0.0 15.24
200 so 800    $sphere of 800cm centered at origin
c

c DATA CARDS
mode n p
c dump every hr
prdmp -60 -60 -1
c 100 keV Neutron Energy Cutoff
Cut:n 1j 0.1
c analog neutron transport
phys:n 1j 14
phys:p
sdef pos=0 0 0 erg=14.0 vec= 0 0 1 dir=d1
si1  -1 .93 1
sp1   0  0.0  1.0
c ********************
c begin material cards
c ********************
c Pure Carbon
c ****************************************
m400000 6000 -0.0006280385800143999 7000 -0.0006280385800143999 14000 -0.9987439228399713 
m400001 6000 -0.0021275550253423785 7000 -0.0021275550253423785 14000 -0.9957448899493155 
m400002 6000 -0.004284561940448439 7000 -0.004284561940448439 14000 -0.9914308761191031 
m400003 6000 -0.00606029940529668 7000 -0.00606029940529668 14000 -0.9878794011894066 
m400004 6000 -0.008121471790959867 7000 -0.008121471790959867 14000 -0.9837570564180802 
m400005 6000 -0.00039160923048482156 7000 -0.00039160923048482156 14000 -0.9992167815390302 
m400006 6000 -0.0019705009121026356 7000 -0.0019705009121026356 14000 -0.9960589981757947 
m400007 6000 -0.003940689051296266 7000 -0.003940689051296266 14000 -0.9921186218974073 
m400008 6000 -0.0060106535488457956 7000 -0.0060106535488457956 14000 -0.9879786929023083 
m400009 6000 -0.007865577161329297 7000 -0.007865577161329297 14000 -0.9842688456773412 
m400010 6000 -0.0005306459279760354 7000 -0.0005306459279760354 14000 -0.998938708144048 
m400011 6000 -0.0020393696284199707 7000 -0.0020393696284199707 14000 -0.9959212607431602 
m400012 6000 -0.004167683591579341 7000 -0.004167683591579341 14000 -0.991664632816841 
m400013 6000 -0.006003411490881491 7000 -0.006003411490881491 14000 -0.9879931770182374 
m400014 6000 -0.0080806561280154 7000 -0.0080806561280154 14000 -0.983838687743969 
m400015 6000 -0.0005119505147447767 7000 -0.0005119505147447767 14000 -0.9989760989705103 
m400016 6000 -0.001967242186149149 7000 -0.001967242186149149 14000 -0.996065515627702 
m400017 6000 -0.004089080284966649 7000 -0.004089080284966649 14000 -0.9918218394300667 
m400018 6000 -0.005893854355800499 7000 -0.005893854355800499 14000 -0.988212291288399 
m400019 6000 -0.007833481162165683 7000 -0.007833481162165683 14000 -0.9843330376756688 
m400020 6000 -0.00034396815831257686 7000 -0.00034396815831257686 14000 -0.9993120636833749 
m400021 6000 -0.0019205507064565766 7000 -0.0019205507064565766 14000 -0.9961588985870867 
m400022 6000 -0.0038691942502248593 7000 -0.0038691942502248593 14000 -0.99226161149955 
m400023 6000 -0.005928211655210549 7000 -0.005928211655210549 14000 -0.9881435766895791 
m400024 6000 -0.007673310954134212 7000 -0.007673310954134212 14000 -0.9846533780917316 
m400025 6000 -0.0004177422129483462 7000 -0.0004177422129483462 14000 -0.9991645155741032 
m400026 6000 -0.002037546776657246 7000 -0.002037546776657246 14000 -0.9959249064466853 
m400027 6000 -0.003821262831319434 7000 -0.003821262831319434 14000 -0.9923574743373611 
m400028 6000 -0.005853905515490896 7000 -0.005853905515490896 14000 -0.9882921889690182 
m400029 6000 -0.008065807618331774 7000 -0.008065807618331774 14000 -0.9838683847633364 
m400030 6000 -0.0006060175315494827 7000 -0.0006060175315494827 14000 -0.9987879649369009 
m400031 6000 -0.00205826024754669 7000 -0.00205826024754669 14000 -0.9958834795049063 
m400032 6000 -0.003850736215698094 7000 -0.003850736215698094 14000 -0.9922985275686038 
m400033 6000 -0.00611228647680157 7000 -0.00611228647680157 14000 -0.987775427046397 
m400034 6000 -0.008319462142953538 7000 -0.008319462142953538 14000 -0.983361075714093 
m400035 6000 -0.0006408757377092379 7000 -0.0006408757377092379 14000 -0.9987182485245816 
m400036 6000 -0.0019054883696009248 7000 -0.0019054883696009248 14000 -0.9961890232607982 
m400037 6000 -0.004422825616860738 7000 -0.004422825616860738 14000 -0.9911543487662784 
m400038 6000 -0.006096469238007309 7000 -0.006096469238007309 14000 -0.9878070615239853 
m400039 6000 -0.007724706849504464 7000 -0.007724706849504464 14000 -0.984550586300991 
m400040 6000 -0.0007271775922786585 7000 -0.0007271775922786585 14000 -0.9985456448154428 
m400041 6000 -0.002081052078293078 7000 -0.002081052078293078 14000 -0.9958378958434139 
m400042 6000 -0.003938687737702379 7000 -0.003938687737702379 14000 -0.9921226245245949 
m400043 6000 -0.006301855366129109 7000 -0.006301855366129109 14000 -0.9873962892677419 
m400044 6000 -0.0077296330014934465 7000 -0.0077296330014934465 14000 -0.9845407339970135 
m400045 6000 -0.000608153612677446 7000 -0.000608153612677446 14000 -0.998783692774645 
m400046 6000 -0.0019737797480297347 7000 -0.0019737797480297347 14000 -0.9960524405039406 
m400047 6000 -0.0038627170225679656 7000 -0.0038627170225679656 14000 -0.9922745659548639 
m400048 6000 -0.005756646907086556 7000 -0.005756646907086556 14000 -0.988486706185827 
m400049 6000 -0.007998737284011794 7000 -0.007998737284011794 14000 -0.9840025254319766 
m400050 6000 -0.0004432037330826922 7000 -0.0004432037330826922 14000 -0.9991135925338347 
m400051 6000 -0.001864761982184584 7000 -0.001864761982184584 14000 -0.9962704760356307 
m400052 6000 -0.0040709106395515286 7000 -0.0040709106395515286 14000 -0.9918581787208969 
m400053 6000 -0.0060248497350654925 7000 -0.0060248497350654925 14000 -0.9879503005298692 
m400054 6000 -0.007908436452637111 7000 -0.007908436452637111 14000 -0.9841831270947259 
m400055 6000 -0.000655614621991812 7000 -0.000655614621991812 14000 -0.9986887707560161 
m400056 6000 -0.0022956819645138524 7000 -0.0022956819645138524 14000 -0.9954086360709722 
m400057 6000 -0.004375465152097642 7000 -0.004375465152097642 14000 -0.991249069695805 
m400058 6000 -0.006012489643036249 7000 -0.006012489643036249 14000 -0.9879750207139275 
m400059 6000 -0.007775438966347289 7000 -0.007775438966347289 14000 -0.9844491220673054 
m400060 6000 -0.0005652346054467016 7000 -0.0005652346054467016 14000 -0.9988695307891063 
m400061 6000 -0.0021122584555003567 7000 -0.0021122584555003567 14000 -0.9957754830889995 
m400062 6000 -0.0040099894084968425 7000 -0.0040099894084968425 14000 -0.9919800211830065 
m400063 6000 -0.005985646511809193 7000 -0.005985646511809193 14000 -0.9880287069763818 
m400064 6000 -0.008010981407299715 7000 -0.008010981407299715 14000 -0.9839780371854009 
m400065 6000 -0.0006064789422608439 7000 -0.0006064789422608439 14000 -0.9987870421154785 
m400066 6000 -0.0022618048080641382 7000 -0.0022618048080641382 14000 -0.995476390383872 
m400067 6000 -0.004057261227892373 7000 -0.004057261227892373 14000 -0.9918854775442152 
m400068 6000 -0.005825687223121384 7000 -0.005825687223121384 14000 -0.9883486255537574 
m400069 6000 -0.0077144653223777645 7000 -0.0077144653223777645 14000 -0.9845710693552442 
m400070 6000 -0.000473519361044982 7000 -0.000473519361044982 14000 -0.9990529612779099 
m400071 6000 -0.002130273771095099 7000 -0.002130273771095099 14000 -0.9957394524578098 
m400072 6000 -0.003961708887816722 7000 -0.003961708887816722 14000 -0.9920765822243667 
m400073 6000 -0.0058092796744420114 7000 -0.0058092796744420114 14000 -0.9883814406511161 
m400074 6000 -0.008168062884373705 7000 -0.008168062884373705 14000 -0.9836638742312525 
m400075 6000 -0.0004253935414359259 7000 -0.0004253935414359259 14000 -0.9991492129171283 
m400076 6000 -0.002028654071241259 7000 -0.002028654071241259 14000 -0.9959426918575174 
m400077 6000 -0.0039100161734675586 7000 -0.0039100161734675586 14000 -0.9921799676530648 
m400078 6000 -0.005772910962574487 7000 -0.005772910962574487 14000 -0.988454178074851 
m400079 6000 -0.008052452232234919 7000 -0.008052452232234919 14000 -0.9838950955355296 
m400080 6000 -0.0004848197730485754 7000 -0.0004848197730485754 14000 -0.9990303604539029 
m400081 6000 -0.002431954096687349 7000 -0.002431954096687349 14000 -0.9951360918066251 
m400082 6000 -0.004146896831174153 7000 -0.004146896831174153 14000 -0.9917062063376513 
m400083 6000 -0.005797724763092641 7000 -0.005797724763092641 14000 -0.9884045504738146 
m400084 6000 -0.008065986617221726 7000 -0.008065986617221726 14000 -0.9838680267655566 
m400085 6000 -0.0006094709986515666 7000 -0.0006094709986515666 14000 -0.9987810580026969 
m400086 6000 -0.0019217499858573445 7000 -0.0019217499858573445 14000 -0.9961565000282853 
m400087 6000 -0.004262610613517622 7000 -0.004262610613517622 14000 -0.9914747787729646 
m400088 6000 -0.006080839849931166 7000 -0.006080839849931166 14000 -0.9878383203001379 
m400089 6000 -0.0078120769541980195 7000 -0.0078120769541980195 14000 -0.984375846091604 
m400090 6000 -0.000521940947701256 7000 -0.000521940947701256 14000 -0.9989561181045975 
m400091 6000 -0.002137737312183897 7000 -0.002137737312183897 14000 -0.995724525375632 
m400092 6000 -0.003783608893746423 7000 -0.003783608893746423 14000 -0.9924327822125072 
m400093 6000 -0.006265862446011909 7000 -0.006265862446011909 14000 -0.9874682751079764 
m400094 6000 -0.007977574342176321 7000 -0.007977574342176321 14000 -0.9840448513156471 
m400095 6000 -0.00039298536289346673 7000 -0.00039298536289346673 14000 -0.999214029274213 
m400096 6000 -0.0020359430324765173 7000 -0.0020359430324765173 14000 -0.995928113935047 
m400097 6000 -0.004208896929937375 7000 -0.004208896929937375 14000 -0.9915822061401252 
m400098 6000 -0.006011807371679342 7000 -0.006011807371679342 14000 -0.9879763852566411 
m400099 6000 -0.008051009036330476 7000 -0.008051009036330476 14000 -0.9838979819273387 
m400100 6000 -0.000432734021849604 7000 -0.000432734021849604 14000 -0.9991345319563009 
m400101 6000 -0.0018622815180845318 7000 -0.0018622815180845318 14000 -0.9962754369638308 
m400102 6000 -0.004191518439070497 7000 -0.004191518439070497 14000 -0.9916169631218591 
m400103 6000 -0.0059719553965990055 7000 -0.0059719553965990055 14000 -0.9880560892068021 
m400104 6000 -0.00795778316641472 7000 -0.00795778316641472 14000 -0.9840844336671702 
m400105 6000 -0.0004942324939064592 7000 -0.0004942324939064592 14000 -0.9990115350121873 
m400106 6000 -0.0020114067878747657 7000 -0.0020114067878747657 14000 -0.9959771864242504 
m400107 6000 -0.004080082735095521 7000 -0.004080082735095521 14000 -0.991839834529809 
m400108 6000 -0.005707286834498235 7000 -0.005707286834498235 14000 -0.9885854263310039 
m400109 6000 -0.007915633382554266 7000 -0.007915633382554266 14000 -0.9841687332348917 
m400110 6000 -0.0004379810041047998 7000 -0.0004379810041047998 14000 -0.9991240379917903 
m400111 6000 -0.0019220309556420634 7000 -0.0019220309556420634 14000 -0.9961559380887159 
m400112 6000 -0.004006108932848813 7000 -0.004006108932848813 14000 -0.9919877821343023 
m400113 6000 -0.006054476288170959 7000 -0.006054476288170959 14000 -0.9878910474236581 
m400114 6000 -0.008117671983046379 7000 -0.008117671983046379 14000 -0.9837646560339072 
m400115 6000 -0.00028813812106593393 7000 -0.00028813812106593393 14000 -0.999423723757868 
m400116 6000 -0.001973252010496847 7000 -0.001973252010496847 14000 -0.9960534959790063 
m400117 6000 -0.004211698142062446 7000 -0.004211698142062446 14000 -0.9915766037158753 
m400118 6000 -0.005922625567708141 7000 -0.005922625567708141 14000 -0.9881547488645838 
m400119 6000 -0.00802053357069361 7000 -0.00802053357069361 14000 -0.9839589328586132 
m400120 6000 -0.0004376013853947889 7000 -0.0004376013853947889 14000 -0.9991247972292107 
m400121 6000 -0.0019087997781282737 7000 -0.0019087997781282737 14000 -0.9961824004437432 
m400122 6000 -0.004358693756042266 7000 -0.004358693756042266 14000 -0.9912826124879157 
m400123 6000 -0.0062112654399478105 7000 -0.0062112654399478105 14000 -0.9875774691201041 
m400124 6000 -0.007514402256577097 7000 -0.007514402256577097 14000 -0.984971195486846 
c **********************************
c PE+Pb, dens=4.78 g/cm3
m2      6000    -0.04286 $Carbon
        1001    -0.00714 $Hydrogen
        82000   -0.95000 $Lead
c **********************************
m3    1001 -0.048535 $Boric acid
      5010 -0.034981
      5011 -0.139923
      8016 -0.776561
c **********************************
m4    82000 1 $Lead
c **********************************
m5 26000 1 $Iron
c **********************************
m6     13027   -1.000 $ Aluminum
c **********************************
c  SS-304 (8.00 g/cm3), #298 in PNNL Compendium
m7   006000.50c -0.0004000
     014000.60c -0.0050000
     015031.50c -0.0002300
     016000.60c -0.0001500
     024000.50c -0.1899981
     025055.60c -0.0099999
     026000.50c -0.7017229
     028000.50c -0.0924991
c ****************************************
c       LaBr detector
c ****************************************
m8       35079    -0.2946       $ Br79
         35081    -0.3069       $ Br81
         57139    -0.3485       $ La139
         58140    -0.0500       $ Ce140
c ************ air den=1.15e-3g/cc
m12     8016 -0.23
        7014 -0.77
c ************ Rubber Natural den=0.92 g/cc
m13     1001 -0.118371  $weight fraction
        6000 -0.881629
c
c end material cards
c
rand seed=8674536546524321 $different initial random #; seed# - any less 18 digits
c
c ********** begin tallies *********************
fc78 *********Broadened Pulse Height Tally Sum of Detectors 1,2 & 3 ***********
e78 0 1e-5 932i 8.4295
F78:p (101)
FT78 GEB -0.026198 0.059551 -0.037176
fc18 *********Unbroadened Pulse Height Tally Sum of Detectors 1,2 & 3 ***********
e18 0 1e-5 932i 8.4295
F18:p (101)
c ***********************************
c mplot tal 78 freq 10000
nps 1e9
