c CAS DETECTOR
c w/ Shielding in Place and Wheels
c
c CELL CARDS
c
c @@@@@@@@@@ Detectors @@@@@@@@@@@@@@@@@
c
101 8 -5.08 -21 imp:n,p 1 $LaBr Detector #1 Active Region
c
c @@@@@@@@@ Shielding @@@@@@@@@@@@@@@@@
c
121 2 -4.78 -31 imp:n,p 1 $PE_Pb
122 4 -11.29 -32 imp:n,p 1 $Pb1
123 4 -11.29 -33 imp:n,p 1 $Pb2
124 4 -11.29 -34 imp:n,p 1 $Pb3
125 4 -11.29 -35 imp:n,p 1 $Pb4
126 4 -11.29 -36 imp:n,p 1 $Pb5
127 4 -11.29 -37 imp:n,p 1 $Pb6
128 3 -1.5 -38 imp:n,p 1 $BA1
129 3 -1.5 -39 imp:n,p 1 $BA2
130 6 -2.7 -40 imp:n,p 1 $Al
131 7 -7.92 301 -302 303 -304 imp:n,p 1 $Fe-tube
132 5 -7.8 -401 imp:n,p 1 $Fe
133 5 -7.8 -402 imp:n,p 1 $Fe
c @@@@@@@@@@ Wheels @@@@@@@@@@@@@@@@@
c
21 13 -0.92 -41 42 imp:n,p 1 $Wheel 1
211 13 -0.92 -421 422 imp:n,p 1 $Wheel 1
212 13 -0.92 -423 424 imp:n,p 1 $Wheel 1
22 13 -0.92 -43 44 imp:n,p 1 $Wheel 2
221 13 -0.92 -441 442 imp:n,p 1 $Wheel 2
222 13 -0.92 -443 444 imp:n,p 1 $Wheel 2
23 13 -0.92 -45 46 imp:n,p 1 $Wheel 3
231 13 -0.92 -461 462 imp:n,p 1 $Wheel 3
232 13 -0.92 -463 464 imp:n,p 1 $Wheel 3
24 13 -0.92 -47 48 imp:n,p 1 $Wheel 4
241 13 -0.92 -481 482 imp:n,p 1 $Wheel 4
242 13 -0.92 -483 484 imp:n,p 1 $Wheel 4
c
c @@@@@@@@@@ SOIL VOLUME @@@@@@@@@@@
c
300000 400000 -2.156 20010 -20011 20020 -20021 20030 -20031 imp:n,p 1
300001 400001 -2.156 20010 -20011 20020 -20021 20031 -20032 imp:n,p 1
300002 400002 -2.156 20010 -20011 20020 -20021 20032 -20033 imp:n,p 1
300003 400003 -2.156 20010 -20011 20020 -20021 20033 -20034 imp:n,p 1
300004 400004 -2.156 20010 -20011 20020 -20021 20034 -20035 imp:n,p 1
300005 400005 -2.156 20011 -20012 20020 -20021 20030 -20031 imp:n,p 1
300006 400006 -2.156 20011 -20012 20020 -20021 20031 -20032 imp:n,p 1
300007 400007 -2.156 20011 -20012 20020 -20021 20032 -20033 imp:n,p 1
300008 400008 -2.156 20011 -20012 20020 -20021 20033 -20034 imp:n,p 1
300009 400009 -2.156 20011 -20012 20020 -20021 20034 -20035 imp:n,p 1
300010 400010 -2.156 20012 -20013 20020 -20021 20030 -20031 imp:n,p 1
300011 400011 -2.156 20012 -20013 20020 -20021 20031 -20032 imp:n,p 1
300012 400012 -2.156 20012 -20013 20020 -20021 20032 -20033 imp:n,p 1
300013 400013 -2.156 20012 -20013 20020 -20021 20033 -20034 imp:n,p 1
300014 400014 -2.156 20012 -20013 20020 -20021 20034 -20035 imp:n,p 1
300015 400015 -2.156 20013 -20014 20020 -20021 20030 -20031 imp:n,p 1
300016 400016 -2.156 20013 -20014 20020 -20021 20031 -20032 imp:n,p 1
300017 400017 -2.156 20013 -20014 20020 -20021 20032 -20033 imp:n,p 1
300018 400018 -2.156 20013 -20014 20020 -20021 20033 -20034 imp:n,p 1
300019 400019 -2.156 20013 -20014 20020 -20021 20034 -20035 imp:n,p 1
300020 400020 -2.156 20014 -20015 20020 -20021 20030 -20031 imp:n,p 1
300021 400021 -2.156 20014 -20015 20020 -20021 20031 -20032 imp:n,p 1
300022 400022 -2.156 20014 -20015 20020 -20021 20032 -20033 imp:n,p 1
300023 400023 -2.156 20014 -20015 20020 -20021 20033 -20034 imp:n,p 1
300024 400024 -2.156 20014 -20015 20020 -20021 20034 -20035 imp:n,p 1
300025 400025 -2.156 20010 -20011 20021 -20022 20030 -20031 imp:n,p 1
300026 400026 -2.156 20010 -20011 20021 -20022 20031 -20032 imp:n,p 1
300027 400027 -2.156 20010 -20011 20021 -20022 20032 -20033 imp:n,p 1
300028 400028 -2.156 20010 -20011 20021 -20022 20033 -20034 imp:n,p 1
300029 400029 -2.156 20010 -20011 20021 -20022 20034 -20035 imp:n,p 1
300030 400030 -2.156 20011 -20012 20021 -20022 20030 -20031 imp:n,p 1
300031 400031 -2.156 20011 -20012 20021 -20022 20031 -20032 imp:n,p 1
300032 400032 -2.156 20011 -20012 20021 -20022 20032 -20033 imp:n,p 1
300033 400033 -2.156 20011 -20012 20021 -20022 20033 -20034 imp:n,p 1
300034 400034 -2.156 20011 -20012 20021 -20022 20034 -20035 imp:n,p 1
300035 400035 -2.156 20012 -20013 20021 -20022 20030 -20031 imp:n,p 1
300036 400036 -2.156 20012 -20013 20021 -20022 20031 -20032 imp:n,p 1
300037 400037 -2.156 20012 -20013 20021 -20022 20032 -20033 imp:n,p 1
300038 400038 -2.156 20012 -20013 20021 -20022 20033 -20034 imp:n,p 1
300039 400039 -2.156 20012 -20013 20021 -20022 20034 -20035 imp:n,p 1
300040 400040 -2.156 20013 -20014 20021 -20022 20030 -20031 imp:n,p 1
300041 400041 -2.156 20013 -20014 20021 -20022 20031 -20032 imp:n,p 1
300042 400042 -2.156 20013 -20014 20021 -20022 20032 -20033 imp:n,p 1
300043 400043 -2.156 20013 -20014 20021 -20022 20033 -20034 imp:n,p 1
300044 400044 -2.156 20013 -20014 20021 -20022 20034 -20035 imp:n,p 1
300045 400045 -2.156 20014 -20015 20021 -20022 20030 -20031 imp:n,p 1
300046 400046 -2.156 20014 -20015 20021 -20022 20031 -20032 imp:n,p 1
300047 400047 -2.156 20014 -20015 20021 -20022 20032 -20033 imp:n,p 1
300048 400048 -2.156 20014 -20015 20021 -20022 20033 -20034 imp:n,p 1
300049 400049 -2.156 20014 -20015 20021 -20022 20034 -20035 imp:n,p 1
300050 400050 -2.156 20010 -20011 20022 -20023 20030 -20031 imp:n,p 1
300051 400051 -2.156 20010 -20011 20022 -20023 20031 -20032 imp:n,p 1
300052 400052 -2.156 20010 -20011 20022 -20023 20032 -20033 imp:n,p 1
300053 400053 -2.156 20010 -20011 20022 -20023 20033 -20034 imp:n,p 1
300054 400054 -2.156 20010 -20011 20022 -20023 20034 -20035 imp:n,p 1
300055 400055 -2.156 20011 -20012 20022 -20023 20030 -20031 imp:n,p 1
300056 400056 -2.156 20011 -20012 20022 -20023 20031 -20032 imp:n,p 1
300057 400057 -2.156 20011 -20012 20022 -20023 20032 -20033 imp:n,p 1
300058 400058 -2.156 20011 -20012 20022 -20023 20033 -20034 imp:n,p 1
300059 400059 -2.156 20011 -20012 20022 -20023 20034 -20035 imp:n,p 1
300060 400060 -2.156 20012 -20013 20022 -20023 20030 -20031 imp:n,p 1
300061 400061 -2.156 20012 -20013 20022 -20023 20031 -20032 imp:n,p 1
300062 400062 -2.156 20012 -20013 20022 -20023 20032 -20033 imp:n,p 1
300063 400063 -2.156 20012 -20013 20022 -20023 20033 -20034 imp:n,p 1
300064 400064 -2.156 20012 -20013 20022 -20023 20034 -20035 imp:n,p 1
300065 400065 -2.156 20013 -20014 20022 -20023 20030 -20031 imp:n,p 1
300066 400066 -2.156 20013 -20014 20022 -20023 20031 -20032 imp:n,p 1
300067 400067 -2.156 20013 -20014 20022 -20023 20032 -20033 imp:n,p 1
300068 400068 -2.156 20013 -20014 20022 -20023 20033 -20034 imp:n,p 1
300069 400069 -2.156 20013 -20014 20022 -20023 20034 -20035 imp:n,p 1
300070 400070 -2.156 20014 -20015 20022 -20023 20030 -20031 imp:n,p 1
300071 400071 -2.156 20014 -20015 20022 -20023 20031 -20032 imp:n,p 1
300072 400072 -2.156 20014 -20015 20022 -20023 20032 -20033 imp:n,p 1
300073 400073 -2.156 20014 -20015 20022 -20023 20033 -20034 imp:n,p 1
300074 400074 -2.156 20014 -20015 20022 -20023 20034 -20035 imp:n,p 1
300075 400075 -2.156 20010 -20011 20023 -20024 20030 -20031 imp:n,p 1
300076 400076 -2.156 20010 -20011 20023 -20024 20031 -20032 imp:n,p 1
300077 400077 -2.156 20010 -20011 20023 -20024 20032 -20033 imp:n,p 1
300078 400078 -2.156 20010 -20011 20023 -20024 20033 -20034 imp:n,p 1
300079 400079 -2.156 20010 -20011 20023 -20024 20034 -20035 imp:n,p 1
300080 400080 -2.156 20011 -20012 20023 -20024 20030 -20031 imp:n,p 1
300081 400081 -2.156 20011 -20012 20023 -20024 20031 -20032 imp:n,p 1
300082 400082 -2.156 20011 -20012 20023 -20024 20032 -20033 imp:n,p 1
300083 400083 -2.156 20011 -20012 20023 -20024 20033 -20034 imp:n,p 1
300084 400084 -2.156 20011 -20012 20023 -20024 20034 -20035 imp:n,p 1
300085 400085 -2.156 20012 -20013 20023 -20024 20030 -20031 imp:n,p 1
300086 400086 -2.156 20012 -20013 20023 -20024 20031 -20032 imp:n,p 1
300087 400087 -2.156 20012 -20013 20023 -20024 20032 -20033 imp:n,p 1
300088 400088 -2.156 20012 -20013 20023 -20024 20033 -20034 imp:n,p 1
300089 400089 -2.156 20012 -20013 20023 -20024 20034 -20035 imp:n,p 1
300090 400090 -2.156 20013 -20014 20023 -20024 20030 -20031 imp:n,p 1
300091 400091 -2.156 20013 -20014 20023 -20024 20031 -20032 imp:n,p 1
300092 400092 -2.156 20013 -20014 20023 -20024 20032 -20033 imp:n,p 1
300093 400093 -2.156 20013 -20014 20023 -20024 20033 -20034 imp:n,p 1
300094 400094 -2.156 20013 -20014 20023 -20024 20034 -20035 imp:n,p 1
300095 400095 -2.156 20014 -20015 20023 -20024 20030 -20031 imp:n,p 1
300096 400096 -2.156 20014 -20015 20023 -20024 20031 -20032 imp:n,p 1
300097 400097 -2.156 20014 -20015 20023 -20024 20032 -20033 imp:n,p 1
300098 400098 -2.156 20014 -20015 20023 -20024 20033 -20034 imp:n,p 1
300099 400099 -2.156 20014 -20015 20023 -20024 20034 -20035 imp:n,p 1
300100 400100 -2.156 20010 -20011 20024 -20025 20030 -20031 imp:n,p 1
300101 400101 -2.156 20010 -20011 20024 -20025 20031 -20032 imp:n,p 1
300102 400102 -2.156 20010 -20011 20024 -20025 20032 -20033 imp:n,p 1
300103 400103 -2.156 20010 -20011 20024 -20025 20033 -20034 imp:n,p 1
300104 400104 -2.156 20010 -20011 20024 -20025 20034 -20035 imp:n,p 1
300105 400105 -2.156 20011 -20012 20024 -20025 20030 -20031 imp:n,p 1
300106 400106 -2.156 20011 -20012 20024 -20025 20031 -20032 imp:n,p 1
300107 400107 -2.156 20011 -20012 20024 -20025 20032 -20033 imp:n,p 1
300108 400108 -2.156 20011 -20012 20024 -20025 20033 -20034 imp:n,p 1
300109 400109 -2.156 20011 -20012 20024 -20025 20034 -20035 imp:n,p 1
300110 400110 -2.156 20012 -20013 20024 -20025 20030 -20031 imp:n,p 1
300111 400111 -2.156 20012 -20013 20024 -20025 20031 -20032 imp:n,p 1
300112 400112 -2.156 20012 -20013 20024 -20025 20032 -20033 imp:n,p 1
300113 400113 -2.156 20012 -20013 20024 -20025 20033 -20034 imp:n,p 1
300114 400114 -2.156 20012 -20013 20024 -20025 20034 -20035 imp:n,p 1
300115 400115 -2.156 20013 -20014 20024 -20025 20030 -20031 imp:n,p 1
300116 400116 -2.156 20013 -20014 20024 -20025 20031 -20032 imp:n,p 1
300117 400117 -2.156 20013 -20014 20024 -20025 20032 -20033 imp:n,p 1
300118 400118 -2.156 20013 -20014 20024 -20025 20033 -20034 imp:n,p 1
300119 400119 -2.156 20013 -20014 20024 -20025 20034 -20035 imp:n,p 1
300120 400120 -2.156 20014 -20015 20024 -20025 20030 -20031 imp:n,p 1
300121 400121 -2.156 20014 -20015 20024 -20025 20031 -20032 imp:n,p 1
300122 400122 -2.156 20014 -20015 20024 -20025 20032 -20033 imp:n,p 1
300123 400123 -2.156 20014 -20015 20024 -20025 20033 -20034 imp:n,p 1
300124 400124 -2.156 20014 -20015 20024 -20025 20034 -20035 imp:n,p 1
c
30 12 -0.00129 -200 #101 #121 #122 #123 #124 #125 #126 #127 #128 #129 #130 #131 #132 #133
        #21 #211 #212 #22 #221 #222 #23 #231 #232 #24 #241 #242 #20 imp:n,p 1 $Rest of the World
31 0 200 imp:n,p 0 $Outside world

c SURFACE CARDS
c
c Sample Volume
20010 px -56.0
20011 px -33.600000000000364
20012 px -11.200000000000728
20013 px 11.200000000000728
20014 px 33.600000000000364
20015 px 56.0
20020 py -45.0
20021 py -27.0
20022 py -9.0
20023 py 9.0
20024 py 27.0
20025 py 45.0
20030 pz 92.0
20031 pz 82.0
20032 pz 72.0
20033 pz 62.0
20034 pz 52.0
20035 pz 42.0
c Active Detector Region
21 rcc 56  -5.0 -1.0   0.0 20.3 0.0   4.5 $Detector 1 Base center, Hx,Hy,Hz, radius
c Shielding Surfaces
c Shielding Pb
31 rpp 19 29 -7.5 7.5 -11 9 $PbPE xmin xmax ymin ymax zmin zmax
32 rpp 9 19 4 9 -11 9 $Pb xmin xmax ymin ymax zmin zmax
33 rpp 9 19 -9 -4 -11 9 $Pb xmin xmax ymin ymax zmin zmax
34 rpp 19 29 7.5 12.5 -11 9 $Pb xmin xmax ymin ymax zmin zmax
35 rpp 19 29 -12.5 -7.5 -11 9 $Pb xmin xmax ymin ymax zmin zmax
36 rpp 29 34 -15 15 -11 9 $Pb xmin xmax ymin ymax zmin zmax
37 rpp 9 19 -4 4 4 9 $Pb xmin xmax ymin ymax zmin zmax
38 rpp -26 26 18 28 -11 9 $BA1 xmin xmax ymin ymax zmin zmax
39 rpp -26 26 -28 -18 -11 9 $BA2 xmin xmax ymin ymax zmin zmax
40 rpp -65 65 -28 28 10 10.5 $Al xmin xmax ymin ymax zmin zmax
401 rpp -27 27 29 34 -11 9 $Fe xmin xmax ymin ymax zmin zmax
402 rpp -27 27 -34 -29 -11 9 $Fe xmin xmax ymin ymax zmin zmax
301 px -20
302 px 18
303 cx 3.71
304 cx 3.81
c Wheels Surfaces
c 23/10.5-12 turf tires, 22.6 lb rubber
c diameter 29cm, tread width 25cm, and sidewall height 13.76 cm
c set thickness of all sides 1.3 cm (s.t. weight is 22.6 lb)
41 rcc -2 77 8   0.0 25 0.0 29 $wheel 1 outer tread surface
42 rcc -2 77 8   0.0 25 0.0 27.7 $wheel 1 inner tread surface
421 rcc -2 75.7 8   0.0 1.3 0.0 29 $wheel 1 outside sidewall exterior
422 rcc -2 75.7 8   0.0 1.3 0.0 15.24 $wheel 1 outside sidewall interior
423 rcc -2 102 8   0.0 1.3 0.0 29 $wheel 1 inside sidewall exterior
424 rcc -2 102 8   0.0 1.3 0.0 15.24 $wheel 1 inside sidewall interior
43 rcc 68 77 8   0.0 25 0.0 29 $wheel 2
44 rcc 68 77 8   0.0 25 0.0 27.7
441 rcc 68 75.7 8   0.0 1.3 0.0 29
442 rcc 68 75.7 8   0.0 1.3 0.0 15.24
443 rcc 68 102 8   0.0 1.3 0.0 29
444 rcc 68 102 8   0.0 1.3 0.0 15.24
45 rcc -2 -77 8   0.0 -25 0.0 29 $wheel 3
46 rcc -2 -77 8   0.0 -25 0.0 27.7
461 rcc -2 -75.7 8   0.0 -1.3 0.0 29
462 rcc -2 -75.7 8   0.0 -1.3 0.0 15.24
463 rcc -2 -102 8   0.0 -1.3 0.0 29
464 rcc -2 -102 8   0.0 -1.3 0.0 15.24
47 rcc 68 -77 8   0.0 -25 0.0 29 $wheel 4
48 rcc 68 -77 8   0.0 -25 0.0 27.7
481 rcc 68 -75.7 8   0.0 -1.3 0.0 29
482 rcc 68 -75.7 8   0.0 -1.3 0.0 15.24
483 rcc 68 -102 8   0.0 -1.3 0.0 29
484 rcc 68 -102 8   0.0 -1.3 0.0 15.24
200 so 800    $sphere of 800cm centered at origin
c

c DATA CARDS
mode n p
c dump every hr
prdmp -60 -60 -1
c 100 keV Neutron Energy Cutoff
Cut:n 1j 0.1
c analog neutron transport
phys:n 1j 14
phys:p
sdef pos=0 0 0 erg=14.0 vec= 0 0 1 dir=d1
si1  -1 .93 1
sp1   0  0.0  1.0
c ********************
c begin material cards
c ********************
c Pure Carbon
c ****************************************
m400000 6000 -0.0006014588811756028 7000 -0.0006014588811756028 14000 -0.9987970822376486 
m400001 6000 -0.0016580897044804993 7000 -0.0016580897044804993 14000 -0.9966838205910391 
m400002 6000 -0.003770936206188919 7000 -0.003770936206188919 14000 -0.9924581275876223 
m400003 6000 -0.006042879196222817 7000 -0.006042879196222817 14000 -0.9879142416075543 
m400004 6000 -0.007979894910647935 7000 -0.007979894910647935 14000 -0.984040210178704 
m400005 6000 -0.0005299367691697646 7000 -0.0005299367691697646 14000 -0.9989401264616606 
m400006 6000 -0.0021437662573268227 7000 -0.0021437662573268227 14000 -0.9957124674853464 
m400007 6000 -0.0039794164164314964 7000 -0.0039794164164314964 14000 -0.9920411671671373 
m400008 6000 -0.005855826772596617 7000 -0.005855826772596617 14000 -0.9882883464548067 
m400009 6000 -0.00801235734561968 7000 -0.00801235734561968 14000 -0.9839752853087608 
m400010 6000 -0.0005455551044575936 7000 -0.0005455551044575936 14000 -0.9989088897910848 
m400011 6000 -0.0017434813893838477 7000 -0.0017434813893838477 14000 -0.9965130372212326 
m400012 6000 -0.004185191885347864 7000 -0.004185191885347864 14000 -0.9916296162293041 
m400013 6000 -0.005695086575383713 7000 -0.005695086575383713 14000 -0.9886098268492326 
m400014 6000 -0.007856528292940495 7000 -0.007856528292940495 14000 -0.9842869434141188 
m400015 6000 -0.0005865495475334956 7000 -0.0005865495475334956 14000 -0.998826900904933 
m400016 6000 -0.0017628690904023046 7000 -0.0017628690904023046 14000 -0.9964742618191953 
m400017 6000 -0.003996236836987688 7000 -0.003996236836987688 14000 -0.9920075263260246 
m400018 6000 -0.006038869940591662 7000 -0.006038869940591662 14000 -0.9879222601188169 
m400019 6000 -0.007679664404253338 7000 -0.007679664404253338 14000 -0.9846406711914933 
m400020 6000 -0.0005524391349140774 7000 -0.0005524391349140774 14000 -0.9988951217301719 
m400021 6000 -0.0021296488567606486 7000 -0.0021296488567606486 14000 -0.9957407022864787 
m400022 6000 -0.00396325112582575 7000 -0.00396325112582575 14000 -0.9920734977483481 
m400023 6000 -0.005758586972052139 7000 -0.005758586972052139 14000 -0.9884828260558958 
m400024 6000 -0.007907176798194044 7000 -0.007907176798194044 14000 -0.9841856464036115 
m400025 6000 -0.00046267202402231535 7000 -0.00046267202402231535 14000 -0.9990746559519554 
m400026 6000 -0.001923447972701313 7000 -0.001923447972701313 14000 -0.9961531040545973 
m400027 6000 -0.0038207529862665794 7000 -0.0038207529862665794 14000 -0.9923584940274668 
m400028 6000 -0.005997912403393574 7000 -0.005997912403393574 14000 -0.988004175193213 
m400029 6000 -0.008048606338104856 7000 -0.008048606338104856 14000 -0.9839027873237899 
m400030 6000 -0.00043282428034585504 7000 -0.00043282428034585504 14000 -0.9991343514393084 
m400031 6000 -0.0020599350605265496 7000 -0.0020599350605265496 14000 -0.9958801298789466 
m400032 6000 -0.00406475290412563 7000 -0.00406475290412563 14000 -0.9918704941917489 
m400033 6000 -0.00601209853921327 7000 -0.00601209853921327 14000 -0.9879758029215734 
m400034 6000 -0.00791761603220014 7000 -0.00791761603220014 14000 -0.9841647679355995 
m400035 6000 -0.0005970494521908866 7000 -0.0005970494521908866 14000 -0.9988059010956182 
m400036 6000 -0.0019704748353489084 7000 -0.0019704748353489084 14000 -0.9960590503293022 
m400037 6000 -0.004135530182111702 7000 -0.004135530182111702 14000 -0.9917289396357764 
m400038 6000 -0.005882016989309409 7000 -0.005882016989309409 14000 -0.9882359660213814 
m400039 6000 -0.008351009295480386 7000 -0.008351009295480386 14000 -0.983297981409039 
m400040 6000 -0.0003588805620760381 7000 -0.0003588805620760381 14000 -0.9992822388758481 
m400041 6000 -0.001974843576568797 7000 -0.001974843576568797 14000 -0.9960503128468623 
m400042 6000 -0.003963754394037375 7000 -0.003963754394037375 14000 -0.9920724912119251 
m400043 6000 -0.005892319509552362 7000 -0.005892319509552362 14000 -0.9882153609808956 
m400044 6000 -0.007987346559526345 7000 -0.007987346559526345 14000 -0.9840253068809471 
m400045 6000 -0.0004323974688532517 7000 -0.0004323974688532517 14000 -0.9991352050622934 
m400046 6000 -0.0021167398866804125 7000 -0.0021167398866804125 14000 -0.9957665202266389 
m400047 6000 -0.0038904081869355856 7000 -0.0038904081869355856 14000 -0.9922191836261288 
m400048 6000 -0.006322170219438105 7000 -0.006322170219438105 14000 -0.9873556595611238 
m400049 6000 -0.008077629129805605 7000 -0.008077629129805605 14000 -0.9838447417403883 
m400050 6000 -0.0003433989879216286 7000 -0.0003433989879216286 14000 -0.9993132020241567 
m400051 6000 -0.0022002174383711683 7000 -0.0022002174383711683 14000 -0.9955995651232575 
m400052 6000 -0.00405241814031923 7000 -0.00405241814031923 14000 -0.9918951637193615 
m400053 6000 -0.005877637911950324 7000 -0.005877637911950324 14000 -0.9882447241760992 
m400054 6000 -0.007978622636821963 7000 -0.007978622636821963 14000 -0.9840427547263562 
m400055 6000 -0.0003843810958706396 7000 -0.0003843810958706396 14000 -0.9992312378082591 
m400056 6000 -0.0020278860041827718 7000 -0.0020278860041827718 14000 -0.9959442279916345 
m400057 6000 -0.0036458993248061305 7000 -0.0036458993248061305 14000 -0.9927082013503881 
m400058 6000 -0.006144124813923111 7000 -0.006144124813923111 14000 -0.9877117503721542 
m400059 6000 -0.008057535621923784 7000 -0.008057535621923784 14000 -0.9838849287561525 
m400060 6000 -0.0004892479703866586 7000 -0.0004892479703866586 14000 -0.9990215040592264 
m400061 6000 -0.0021827059253405876 7000 -0.0021827059253405876 14000 -0.9956345881493186 
m400062 6000 -0.004048120653991633 7000 -0.004048120653991633 14000 -0.9919037586920167 
m400063 6000 -0.005583604849997105 7000 -0.005583604849997105 14000 -0.9888327903000059 
m400064 6000 -0.007943641492435444 7000 -0.007943641492435444 14000 -0.984112717015129 
m400065 6000 -0.00040925624454079016 7000 -0.00040925624454079016 14000 -0.9991814875109185 
m400066 6000 -0.0018853102386926527 7000 -0.0018853102386926527 14000 -0.9962293795226147 
m400067 6000 -0.004007877789088903 7000 -0.004007877789088903 14000 -0.991984244421822 
m400068 6000 -0.0060077608397251904 7000 -0.0060077608397251904 14000 -0.9879844783205498 
m400069 6000 -0.00771091450443576 7000 -0.00771091450443576 14000 -0.9845781709911283 
m400070 6000 -0.0003950035866544548 7000 -0.0003950035866544548 14000 -0.999209992826691 
m400071 6000 -0.002266532861933537 7000 -0.002266532861933537 14000 -0.9954669342761329 
m400072 6000 -0.00416975866445882 7000 -0.00416975866445882 14000 -0.9916604826710825 
m400073 6000 -0.00588258859469087 7000 -0.00588258859469087 14000 -0.9882348228106181 
m400074 6000 -0.007934199029019226 7000 -0.007934199029019226 14000 -0.9841316019419615 
m400075 6000 -0.0004940846254682247 7000 -0.0004940846254682247 14000 -0.9990118307490635 
m400076 6000 -0.002021923578246553 7000 -0.002021923578246553 14000 -0.995956152843507 
m400077 6000 -0.00396722179963422 7000 -0.00396722179963422 14000 -0.992065556400731 
m400078 6000 -0.006062046062771906 7000 -0.006062046062771906 14000 -0.9878759078744563 
m400079 6000 -0.007896886865698931 7000 -0.007896886865698931 14000 -0.9842062262686022 
m400080 6000 -0.0003616212276826105 7000 -0.0003616212276826105 14000 -0.999276757544635 
m400081 6000 -0.002163658960818667 7000 -0.002163658960818667 14000 -0.9956726820783627 
m400082 6000 -0.003963326153141275 7000 -0.003963326153141275 14000 -0.9920733476937172 
m400083 6000 -0.0058474273197166495 7000 -0.0058474273197166495 14000 -0.9883051453605664 
m400084 6000 -0.007933951018466147 7000 -0.007933951018466147 14000 -0.9841320979630678 
m400085 6000 -0.0005141019168291295 7000 -0.0005141019168291295 14000 -0.9989717961663415 
m400086 6000 -0.0023851505602492024 7000 -0.0023851505602492024 14000 -0.9952296988795015 
m400087 6000 -0.004055019741727804 7000 -0.004055019741727804 14000 -0.9918899605165444 
m400088 6000 -0.006133397641417514 7000 -0.006133397641417514 14000 -0.9877332047171649 
m400089 6000 -0.00786351959939825 7000 -0.00786351959939825 14000 -0.9842729608012033 
m400090 6000 -0.0005529954245186825 7000 -0.0005529954245186825 14000 -0.9988940091509629 
m400091 6000 -0.002045629867652403 7000 -0.002045629867652403 14000 -0.9959087402646952 
m400092 6000 -0.003866810614235005 7000 -0.003866810614235005 14000 -0.9922663787715301 
m400093 6000 -0.0059114809172020584 7000 -0.0059114809172020584 14000 -0.9881770381655958 
m400094 6000 -0.007746841070566488 7000 -0.007746841070566488 14000 -0.9845063178588673 
m400095 6000 -0.0005972277496777023 7000 -0.0005972277496777023 14000 -0.9988055445006445 
m400096 6000 -0.0020009168812314747 7000 -0.0020009168812314747 14000 -0.995998166237537 
m400097 6000 -0.004227656835452389 7000 -0.004227656835452389 14000 -0.9915446863290954 
m400098 6000 -0.005895177756130354 7000 -0.005895177756130354 14000 -0.9882096444877397 
m400099 6000 -0.007813451163196383 7000 -0.007813451163196383 14000 -0.9843730976736073 
m400100 6000 -0.0003848243036407582 7000 -0.0003848243036407582 14000 -0.9992303513927187 
m400101 6000 -0.0021186614160329446 7000 -0.0021186614160329446 14000 -0.9957626771679344 
m400102 6000 -0.0036461109438383687 7000 -0.0036461109438383687 14000 -0.9927077781123234 
m400103 6000 -0.005897727391795487 7000 -0.005897727391795487 14000 -0.9882045452164089 
m400104 6000 -0.007883352915193353 7000 -0.007883352915193353 14000 -0.9842332941696131 
m400105 6000 -0.0005043849198544554 7000 -0.0005043849198544554 14000 -0.9989912301602912 
m400106 6000 -0.001973252462759785 7000 -0.001973252462759785 14000 -0.9960534950744805 
m400107 6000 -0.0036204945762297884 7000 -0.0036204945762297884 14000 -0.9927590108475406 
m400108 6000 -0.006187344516008287 7000 -0.006187344516008287 14000 -0.9876253109679837 
m400109 6000 -0.00831366819575281 7000 -0.00831366819575281 14000 -0.9833726636084944 
m400110 6000 -0.00050731735268243 7000 -0.00050731735268243 14000 -0.9989853652946351 
m400111 6000 -0.0018022354405823008 7000 -0.0018022354405823008 14000 -0.9963955291188354 
m400112 6000 -0.004066288939181662 7000 -0.004066288939181662 14000 -0.9918674221216367 
m400113 6000 -0.006031248355190088 7000 -0.006031248355190088 14000 -0.9879375032896198 
m400114 6000 -0.008186701265174042 7000 -0.008186701265174042 14000 -0.9836265974696515 
m400115 6000 -0.000581997317298609 7000 -0.000581997317298609 14000 -0.998836005365403 
m400116 6000 -0.0023717318886067105 7000 -0.0023717318886067105 14000 -0.9952565362227869 
m400117 6000 -0.00395496788512568 7000 -0.00395496788512568 14000 -0.9920900642297491 
m400118 6000 -0.005816087656825672 7000 -0.005816087656825672 14000 -0.9883678246863483 
m400119 6000 -0.007834017744778094 7000 -0.007834017744778094 14000 -0.9843319645104436 
m400120 6000 -0.0006241582035123851 7000 -0.0006241582035123851 14000 -0.9987516835929753 
m400121 6000 -0.002081423586003977 7000 -0.002081423586003977 14000 -0.9958371528279919 
m400122 6000 -0.0039012132503582885 7000 -0.0039012132503582885 14000 -0.9921975734992836 
m400123 6000 -0.005978596790752721 7000 -0.005978596790752721 14000 -0.9880428064184944 
m400124 6000 -0.007967425380770263 7000 -0.007967425380770263 14000 -0.9840651492384593 
c **********************************
c PE+Pb, dens=4.78 g/cm3
m2      6000    -0.04286 $Carbon
        1001    -0.00714 $Hydrogen
        82000   -0.95000 $Lead
c **********************************
m3    1001 -0.048535 $Boric acid
      5010 -0.034981
      5011 -0.139923
      8016 -0.776561
c **********************************
m4    82000 1 $Lead
c **********************************
m5 26000 1 $Iron
c **********************************
m6     13027   -1.000 $ Aluminum
c **********************************
c  SS-304 (8.00 g/cm3), #298 in PNNL Compendium
m7   006000.50c -0.0004000
     014000.60c -0.0050000
     015031.50c -0.0002300
     016000.60c -0.0001500
     024000.50c -0.1899981
     025055.60c -0.0099999
     026000.50c -0.7017229
     028000.50c -0.0924991
c ****************************************
c       LaBr detector
c ****************************************
m8       35079    -0.2946       $ Br79
         35081    -0.3069       $ Br81
         57139    -0.3485       $ La139
         58140    -0.0500       $ Ce140
c ************ air den=1.15e-3g/cc
m12     8016 -0.23
        7014 -0.77
c ************ Rubber Natural den=0.92 g/cc
m13     1001 -0.118371  $weight fraction
        6000 -0.881629
c
c end material cards
c
rand seed=8674536546524321 $different initial random #; seed# - any less 18 digits
c
c ********** begin tallies *********************
fc78 *********Broadened Pulse Height Tally Sum of Detectors 1,2 & 3 ***********
e78 0 1e-5 932i 8.4295
F78:p (101)
FT78 GEB -0.026198 0.059551 -0.037176
fc18 *********Unbroadened Pulse Height Tally Sum of Detectors 1,2 & 3 ***********
e18 0 1e-5 932i 8.4295
F18:p (101)
c ***********************************
c mplot tal 78 freq 10000
nps 1e9
