c CAS DETECTOR
c w/ Shielding in Place and Wheels
c
c CELL CARDS
c
c @@@@@@@@@@ Detectors @@@@@@@@@@@@@@@@@
c
101 8 -5.08 -21 imp:n,p 1 $LaBr Detector #1 Active Region
c
c @@@@@@@@@ Shielding @@@@@@@@@@@@@@@@@
c
121 2 -4.78 -31 imp:n,p 1 $PE_Pb
122 4 -11.29 -32 imp:n,p 1 $Pb1
123 4 -11.29 -33 imp:n,p 1 $Pb2
124 4 -11.29 -34 imp:n,p 1 $Pb3
125 4 -11.29 -35 imp:n,p 1 $Pb4
126 4 -11.29 -36 imp:n,p 1 $Pb5
127 4 -11.29 -37 imp:n,p 1 $Pb6
128 3 -1.5 -38 imp:n,p 1 $BA1
129 3 -1.5 -39 imp:n,p 1 $BA2
130 6 -2.7 -40 imp:n,p 1 $Al
131 7 -7.92 301 -302 303 -304 imp:n,p 1 $Fe-tube
132 5 -7.8 -401 imp:n,p 1 $Fe
133 5 -7.8 -402 imp:n,p 1 $Fe
c @@@@@@@@@@ Wheels @@@@@@@@@@@@@@@@@
c
21 13 -0.92 -41 42 imp:n,p 1 $Wheel 1
211 13 -0.92 -421 422 imp:n,p 1 $Wheel 1
212 13 -0.92 -423 424 imp:n,p 1 $Wheel 1
22 13 -0.92 -43 44 imp:n,p 1 $Wheel 2
221 13 -0.92 -441 442 imp:n,p 1 $Wheel 2
222 13 -0.92 -443 444 imp:n,p 1 $Wheel 2
23 13 -0.92 -45 46 imp:n,p 1 $Wheel 3
231 13 -0.92 -461 462 imp:n,p 1 $Wheel 3
232 13 -0.92 -463 464 imp:n,p 1 $Wheel 3
24 13 -0.92 -47 48 imp:n,p 1 $Wheel 4
241 13 -0.92 -481 482 imp:n,p 1 $Wheel 4
242 13 -0.92 -483 484 imp:n,p 1 $Wheel 4
c
c @@@@@@@@@@ SOIL VOLUME @@@@@@@@@@@
c
300000 400000 -2.156 20010 -20011 20020 -20021 20030 -20031 imp:n,p 1
300001 400001 -2.156 20010 -20011 20020 -20021 20031 -20032 imp:n,p 1
300002 400002 -2.156 20010 -20011 20020 -20021 20032 -20033 imp:n,p 1
300003 400003 -2.156 20010 -20011 20020 -20021 20033 -20034 imp:n,p 1
300004 400004 -2.156 20010 -20011 20020 -20021 20034 -20035 imp:n,p 1
300005 400005 -2.156 20011 -20012 20020 -20021 20030 -20031 imp:n,p 1
300006 400006 -2.156 20011 -20012 20020 -20021 20031 -20032 imp:n,p 1
300007 400007 -2.156 20011 -20012 20020 -20021 20032 -20033 imp:n,p 1
300008 400008 -2.156 20011 -20012 20020 -20021 20033 -20034 imp:n,p 1
300009 400009 -2.156 20011 -20012 20020 -20021 20034 -20035 imp:n,p 1
300010 400010 -2.156 20012 -20013 20020 -20021 20030 -20031 imp:n,p 1
300011 400011 -2.156 20012 -20013 20020 -20021 20031 -20032 imp:n,p 1
300012 400012 -2.156 20012 -20013 20020 -20021 20032 -20033 imp:n,p 1
300013 400013 -2.156 20012 -20013 20020 -20021 20033 -20034 imp:n,p 1
300014 400014 -2.156 20012 -20013 20020 -20021 20034 -20035 imp:n,p 1
300015 400015 -2.156 20013 -20014 20020 -20021 20030 -20031 imp:n,p 1
300016 400016 -2.156 20013 -20014 20020 -20021 20031 -20032 imp:n,p 1
300017 400017 -2.156 20013 -20014 20020 -20021 20032 -20033 imp:n,p 1
300018 400018 -2.156 20013 -20014 20020 -20021 20033 -20034 imp:n,p 1
300019 400019 -2.156 20013 -20014 20020 -20021 20034 -20035 imp:n,p 1
300020 400020 -2.156 20014 -20015 20020 -20021 20030 -20031 imp:n,p 1
300021 400021 -2.156 20014 -20015 20020 -20021 20031 -20032 imp:n,p 1
300022 400022 -2.156 20014 -20015 20020 -20021 20032 -20033 imp:n,p 1
300023 400023 -2.156 20014 -20015 20020 -20021 20033 -20034 imp:n,p 1
300024 400024 -2.156 20014 -20015 20020 -20021 20034 -20035 imp:n,p 1
300025 400025 -2.156 20010 -20011 20021 -20022 20030 -20031 imp:n,p 1
300026 400026 -2.156 20010 -20011 20021 -20022 20031 -20032 imp:n,p 1
300027 400027 -2.156 20010 -20011 20021 -20022 20032 -20033 imp:n,p 1
300028 400028 -2.156 20010 -20011 20021 -20022 20033 -20034 imp:n,p 1
300029 400029 -2.156 20010 -20011 20021 -20022 20034 -20035 imp:n,p 1
300030 400030 -2.156 20011 -20012 20021 -20022 20030 -20031 imp:n,p 1
300031 400031 -2.156 20011 -20012 20021 -20022 20031 -20032 imp:n,p 1
300032 400032 -2.156 20011 -20012 20021 -20022 20032 -20033 imp:n,p 1
300033 400033 -2.156 20011 -20012 20021 -20022 20033 -20034 imp:n,p 1
300034 400034 -2.156 20011 -20012 20021 -20022 20034 -20035 imp:n,p 1
300035 400035 -2.156 20012 -20013 20021 -20022 20030 -20031 imp:n,p 1
300036 400036 -2.156 20012 -20013 20021 -20022 20031 -20032 imp:n,p 1
300037 400037 -2.156 20012 -20013 20021 -20022 20032 -20033 imp:n,p 1
300038 400038 -2.156 20012 -20013 20021 -20022 20033 -20034 imp:n,p 1
300039 400039 -2.156 20012 -20013 20021 -20022 20034 -20035 imp:n,p 1
300040 400040 -2.156 20013 -20014 20021 -20022 20030 -20031 imp:n,p 1
300041 400041 -2.156 20013 -20014 20021 -20022 20031 -20032 imp:n,p 1
300042 400042 -2.156 20013 -20014 20021 -20022 20032 -20033 imp:n,p 1
300043 400043 -2.156 20013 -20014 20021 -20022 20033 -20034 imp:n,p 1
300044 400044 -2.156 20013 -20014 20021 -20022 20034 -20035 imp:n,p 1
300045 400045 -2.156 20014 -20015 20021 -20022 20030 -20031 imp:n,p 1
300046 400046 -2.156 20014 -20015 20021 -20022 20031 -20032 imp:n,p 1
300047 400047 -2.156 20014 -20015 20021 -20022 20032 -20033 imp:n,p 1
300048 400048 -2.156 20014 -20015 20021 -20022 20033 -20034 imp:n,p 1
300049 400049 -2.156 20014 -20015 20021 -20022 20034 -20035 imp:n,p 1
300050 400050 -2.156 20010 -20011 20022 -20023 20030 -20031 imp:n,p 1
300051 400051 -2.156 20010 -20011 20022 -20023 20031 -20032 imp:n,p 1
300052 400052 -2.156 20010 -20011 20022 -20023 20032 -20033 imp:n,p 1
300053 400053 -2.156 20010 -20011 20022 -20023 20033 -20034 imp:n,p 1
300054 400054 -2.156 20010 -20011 20022 -20023 20034 -20035 imp:n,p 1
300055 400055 -2.156 20011 -20012 20022 -20023 20030 -20031 imp:n,p 1
300056 400056 -2.156 20011 -20012 20022 -20023 20031 -20032 imp:n,p 1
300057 400057 -2.156 20011 -20012 20022 -20023 20032 -20033 imp:n,p 1
300058 400058 -2.156 20011 -20012 20022 -20023 20033 -20034 imp:n,p 1
300059 400059 -2.156 20011 -20012 20022 -20023 20034 -20035 imp:n,p 1
300060 400060 -2.156 20012 -20013 20022 -20023 20030 -20031 imp:n,p 1
300061 400061 -2.156 20012 -20013 20022 -20023 20031 -20032 imp:n,p 1
300062 400062 -2.156 20012 -20013 20022 -20023 20032 -20033 imp:n,p 1
300063 400063 -2.156 20012 -20013 20022 -20023 20033 -20034 imp:n,p 1
300064 400064 -2.156 20012 -20013 20022 -20023 20034 -20035 imp:n,p 1
300065 400065 -2.156 20013 -20014 20022 -20023 20030 -20031 imp:n,p 1
300066 400066 -2.156 20013 -20014 20022 -20023 20031 -20032 imp:n,p 1
300067 400067 -2.156 20013 -20014 20022 -20023 20032 -20033 imp:n,p 1
300068 400068 -2.156 20013 -20014 20022 -20023 20033 -20034 imp:n,p 1
300069 400069 -2.156 20013 -20014 20022 -20023 20034 -20035 imp:n,p 1
300070 400070 -2.156 20014 -20015 20022 -20023 20030 -20031 imp:n,p 1
300071 400071 -2.156 20014 -20015 20022 -20023 20031 -20032 imp:n,p 1
300072 400072 -2.156 20014 -20015 20022 -20023 20032 -20033 imp:n,p 1
300073 400073 -2.156 20014 -20015 20022 -20023 20033 -20034 imp:n,p 1
300074 400074 -2.156 20014 -20015 20022 -20023 20034 -20035 imp:n,p 1
300075 400075 -2.156 20010 -20011 20023 -20024 20030 -20031 imp:n,p 1
300076 400076 -2.156 20010 -20011 20023 -20024 20031 -20032 imp:n,p 1
300077 400077 -2.156 20010 -20011 20023 -20024 20032 -20033 imp:n,p 1
300078 400078 -2.156 20010 -20011 20023 -20024 20033 -20034 imp:n,p 1
300079 400079 -2.156 20010 -20011 20023 -20024 20034 -20035 imp:n,p 1
300080 400080 -2.156 20011 -20012 20023 -20024 20030 -20031 imp:n,p 1
300081 400081 -2.156 20011 -20012 20023 -20024 20031 -20032 imp:n,p 1
300082 400082 -2.156 20011 -20012 20023 -20024 20032 -20033 imp:n,p 1
300083 400083 -2.156 20011 -20012 20023 -20024 20033 -20034 imp:n,p 1
300084 400084 -2.156 20011 -20012 20023 -20024 20034 -20035 imp:n,p 1
300085 400085 -2.156 20012 -20013 20023 -20024 20030 -20031 imp:n,p 1
300086 400086 -2.156 20012 -20013 20023 -20024 20031 -20032 imp:n,p 1
300087 400087 -2.156 20012 -20013 20023 -20024 20032 -20033 imp:n,p 1
300088 400088 -2.156 20012 -20013 20023 -20024 20033 -20034 imp:n,p 1
300089 400089 -2.156 20012 -20013 20023 -20024 20034 -20035 imp:n,p 1
300090 400090 -2.156 20013 -20014 20023 -20024 20030 -20031 imp:n,p 1
300091 400091 -2.156 20013 -20014 20023 -20024 20031 -20032 imp:n,p 1
300092 400092 -2.156 20013 -20014 20023 -20024 20032 -20033 imp:n,p 1
300093 400093 -2.156 20013 -20014 20023 -20024 20033 -20034 imp:n,p 1
300094 400094 -2.156 20013 -20014 20023 -20024 20034 -20035 imp:n,p 1
300095 400095 -2.156 20014 -20015 20023 -20024 20030 -20031 imp:n,p 1
300096 400096 -2.156 20014 -20015 20023 -20024 20031 -20032 imp:n,p 1
300097 400097 -2.156 20014 -20015 20023 -20024 20032 -20033 imp:n,p 1
300098 400098 -2.156 20014 -20015 20023 -20024 20033 -20034 imp:n,p 1
300099 400099 -2.156 20014 -20015 20023 -20024 20034 -20035 imp:n,p 1
300100 400100 -2.156 20010 -20011 20024 -20025 20030 -20031 imp:n,p 1
300101 400101 -2.156 20010 -20011 20024 -20025 20031 -20032 imp:n,p 1
300102 400102 -2.156 20010 -20011 20024 -20025 20032 -20033 imp:n,p 1
300103 400103 -2.156 20010 -20011 20024 -20025 20033 -20034 imp:n,p 1
300104 400104 -2.156 20010 -20011 20024 -20025 20034 -20035 imp:n,p 1
300105 400105 -2.156 20011 -20012 20024 -20025 20030 -20031 imp:n,p 1
300106 400106 -2.156 20011 -20012 20024 -20025 20031 -20032 imp:n,p 1
300107 400107 -2.156 20011 -20012 20024 -20025 20032 -20033 imp:n,p 1
300108 400108 -2.156 20011 -20012 20024 -20025 20033 -20034 imp:n,p 1
300109 400109 -2.156 20011 -20012 20024 -20025 20034 -20035 imp:n,p 1
300110 400110 -2.156 20012 -20013 20024 -20025 20030 -20031 imp:n,p 1
300111 400111 -2.156 20012 -20013 20024 -20025 20031 -20032 imp:n,p 1
300112 400112 -2.156 20012 -20013 20024 -20025 20032 -20033 imp:n,p 1
300113 400113 -2.156 20012 -20013 20024 -20025 20033 -20034 imp:n,p 1
300114 400114 -2.156 20012 -20013 20024 -20025 20034 -20035 imp:n,p 1
300115 400115 -2.156 20013 -20014 20024 -20025 20030 -20031 imp:n,p 1
300116 400116 -2.156 20013 -20014 20024 -20025 20031 -20032 imp:n,p 1
300117 400117 -2.156 20013 -20014 20024 -20025 20032 -20033 imp:n,p 1
300118 400118 -2.156 20013 -20014 20024 -20025 20033 -20034 imp:n,p 1
300119 400119 -2.156 20013 -20014 20024 -20025 20034 -20035 imp:n,p 1
300120 400120 -2.156 20014 -20015 20024 -20025 20030 -20031 imp:n,p 1
300121 400121 -2.156 20014 -20015 20024 -20025 20031 -20032 imp:n,p 1
300122 400122 -2.156 20014 -20015 20024 -20025 20032 -20033 imp:n,p 1
300123 400123 -2.156 20014 -20015 20024 -20025 20033 -20034 imp:n,p 1
300124 400124 -2.156 20014 -20015 20024 -20025 20034 -20035 imp:n,p 1
c
30 12 -0.00129 -200 #101 #121 #122 #123 #124 #125 #126 #127 #128 #129 #130 #131 #132 #133
        #21 #211 #212 #22 #221 #222 #23 #231 #232 #24 #241 #242 #20 imp:n,p 1 $Rest of the World
31 0 200 imp:n,p 0 $Outside world

c SURFACE CARDS
c
c Sample Volume
20010 px -56.0
20011 px -33.600000000000364
20012 px -11.200000000000728
20013 px 11.200000000000728
20014 px 33.600000000000364
20015 px 56.0
20020 py -45.0
20021 py -27.0
20022 py -9.0
20023 py 9.0
20024 py 27.0
20025 py 45.0
20030 pz 92.0
20031 pz 82.0
20032 pz 72.0
20033 pz 62.0
20034 pz 52.0
20035 pz 42.0
c Active Detector Region
21 rcc 56  -5.0 -1.0   0.0 20.3 0.0   4.5 $Detector 1 Base center, Hx,Hy,Hz, radius
c Shielding Surfaces
c Shielding Pb
31 rpp 19 29 -7.5 7.5 -11 9 $PbPE xmin xmax ymin ymax zmin zmax
32 rpp 9 19 4 9 -11 9 $Pb xmin xmax ymin ymax zmin zmax
33 rpp 9 19 -9 -4 -11 9 $Pb xmin xmax ymin ymax zmin zmax
34 rpp 19 29 7.5 12.5 -11 9 $Pb xmin xmax ymin ymax zmin zmax
35 rpp 19 29 -12.5 -7.5 -11 9 $Pb xmin xmax ymin ymax zmin zmax
36 rpp 29 34 -15 15 -11 9 $Pb xmin xmax ymin ymax zmin zmax
37 rpp 9 19 -4 4 4 9 $Pb xmin xmax ymin ymax zmin zmax
38 rpp -26 26 18 28 -11 9 $BA1 xmin xmax ymin ymax zmin zmax
39 rpp -26 26 -28 -18 -11 9 $BA2 xmin xmax ymin ymax zmin zmax
40 rpp -65 65 -28 28 10 10.5 $Al xmin xmax ymin ymax zmin zmax
401 rpp -27 27 29 34 -11 9 $Fe xmin xmax ymin ymax zmin zmax
402 rpp -27 27 -34 -29 -11 9 $Fe xmin xmax ymin ymax zmin zmax
301 px -20
302 px 18
303 cx 3.71
304 cx 3.81
c Wheels Surfaces
c 23/10.5-12 turf tires, 22.6 lb rubber
c diameter 29cm, tread width 25cm, and sidewall height 13.76 cm
c set thickness of all sides 1.3 cm (s.t. weight is 22.6 lb)
41 rcc -2 77 8   0.0 25 0.0 29 $wheel 1 outer tread surface
42 rcc -2 77 8   0.0 25 0.0 27.7 $wheel 1 inner tread surface
421 rcc -2 75.7 8   0.0 1.3 0.0 29 $wheel 1 outside sidewall exterior
422 rcc -2 75.7 8   0.0 1.3 0.0 15.24 $wheel 1 outside sidewall interior
423 rcc -2 102 8   0.0 1.3 0.0 29 $wheel 1 inside sidewall exterior
424 rcc -2 102 8   0.0 1.3 0.0 15.24 $wheel 1 inside sidewall interior
43 rcc 68 77 8   0.0 25 0.0 29 $wheel 2
44 rcc 68 77 8   0.0 25 0.0 27.7
441 rcc 68 75.7 8   0.0 1.3 0.0 29
442 rcc 68 75.7 8   0.0 1.3 0.0 15.24
443 rcc 68 102 8   0.0 1.3 0.0 29
444 rcc 68 102 8   0.0 1.3 0.0 15.24
45 rcc -2 -77 8   0.0 -25 0.0 29 $wheel 3
46 rcc -2 -77 8   0.0 -25 0.0 27.7
461 rcc -2 -75.7 8   0.0 -1.3 0.0 29
462 rcc -2 -75.7 8   0.0 -1.3 0.0 15.24
463 rcc -2 -102 8   0.0 -1.3 0.0 29
464 rcc -2 -102 8   0.0 -1.3 0.0 15.24
47 rcc 68 -77 8   0.0 -25 0.0 29 $wheel 4
48 rcc 68 -77 8   0.0 -25 0.0 27.7
481 rcc 68 -75.7 8   0.0 -1.3 0.0 29
482 rcc 68 -75.7 8   0.0 -1.3 0.0 15.24
483 rcc 68 -102 8   0.0 -1.3 0.0 29
484 rcc 68 -102 8   0.0 -1.3 0.0 15.24
200 so 800    $sphere of 800cm centered at origin
c

c DATA CARDS
mode n p
c dump every hr
prdmp -60 -60 -1
c 100 keV Neutron Energy Cutoff
Cut:n 1j 0.1
c analog neutron transport
phys:n 1j 14
phys:p
sdef pos=0 0 0 erg=14.0 vec= 0 0 1 dir=d1
si1  -1 .93 1
sp1   0  0.0  1.0
c ********************
c begin material cards
c ********************
c Pure Carbon
c ****************************************
m400000 6000 -0.0005121508176533962 7000 -0.0005121508176533962 14000 -0.9989756983646931 
m400001 6000 -0.0020372089286472507 7000 -0.0020372089286472507 14000 -0.9959255821427054 
m400002 6000 -0.004014740990506791 7000 -0.004014740990506791 14000 -0.9919705180189864 
m400003 6000 -0.006088767282201797 7000 -0.006088767282201797 14000 -0.9878224654355963 
m400004 6000 -0.00835509609223768 7000 -0.00835509609223768 14000 -0.9832898078155244 
m400005 6000 -0.00046991067454662 7000 -0.00046991067454662 14000 -0.9990601786509069 
m400006 6000 -0.002104005447965124 7000 -0.002104005447965124 14000 -0.9957919891040696 
m400007 6000 -0.0037969487213478565 7000 -0.0037969487213478565 14000 -0.9924061025573044 
m400008 6000 -0.005914000639631897 7000 -0.005914000639631897 14000 -0.9881719987207362 
m400009 6000 -0.007807877263934241 7000 -0.007807877263934241 14000 -0.9843842454721318 
m400010 6000 -0.0003822911569062042 7000 -0.0003822911569062042 14000 -0.9992354176861877 
m400011 6000 -0.0019309090692323544 7000 -0.0019309090692323544 14000 -0.9961381818615354 
m400012 6000 -0.004329614106200244 7000 -0.004329614106200244 14000 -0.9913407717875993 
m400013 6000 -0.00599242931941373 7000 -0.00599242931941373 14000 -0.9880151413611723 
m400014 6000 -0.008046206833452502 7000 -0.008046206833452502 14000 -0.9839075863330948 
m400015 6000 -0.0005325831350951426 7000 -0.0005325831350951426 14000 -0.9989348337298095 
m400016 6000 -0.0018030134431450229 7000 -0.0018030134431450229 14000 -0.9963939731137098 
m400017 6000 -0.00407575453123325 7000 -0.00407575453123325 14000 -0.9918484909375336 
m400018 6000 -0.006106794088203487 7000 -0.006106794088203487 14000 -0.9877864118235931 
m400019 6000 -0.008133021854447049 7000 -0.008133021854447049 14000 -0.9837339562911059 
m400020 6000 -0.0004391188956210843 7000 -0.0004391188956210843 14000 -0.9991217622087578 
m400021 6000 -0.0021954920534062016 7000 -0.0021954920534062016 14000 -0.9956090158931876 
m400022 6000 -0.004232217169991096 7000 -0.004232217169991096 14000 -0.9915355656600175 
m400023 6000 -0.006080456406504261 7000 -0.006080456406504261 14000 -0.9878390871869915 
m400024 6000 -0.007873534484859786 7000 -0.007873534484859786 14000 -0.9842529310302801 
m400025 6000 -0.0005891014522226911 7000 -0.0005891014522226911 14000 -0.9988217970955546 
m400026 6000 -0.0021641161945168044 7000 -0.0021641161945168044 14000 -0.9956717676109663 
m400027 6000 -0.0038593274055647186 7000 -0.0038593274055647186 14000 -0.9922813451888706 
m400028 6000 -0.005706571251786713 7000 -0.005706571251786713 14000 -0.9885868574964263 
m400029 6000 -0.007864255631446262 7000 -0.007864255631446262 14000 -0.9842714887371075 
m400030 6000 -0.0005197125948010246 7000 -0.0005197125948010246 14000 -0.9989605748103982 
m400031 6000 -0.0019497405906332786 7000 -0.0019497405906332786 14000 -0.9961005188187335 
m400032 6000 -0.0041016374336714035 7000 -0.0041016374336714035 14000 -0.9917967251326573 
m400033 6000 -0.006193716856983899 7000 -0.006193716856983899 14000 -0.9876125662860321 
m400034 6000 -0.008001832390430041 7000 -0.008001832390430041 14000 -0.98399633521914 
m400035 6000 -0.00057525076134897 7000 -0.00057525076134897 14000 -0.998849498477302 
m400036 6000 -0.002234023779326911 7000 -0.002234023779326911 14000 -0.9955319524413462 
m400037 6000 -0.003903820790227922 7000 -0.003903820790227922 14000 -0.9921923584195441 
m400038 6000 -0.00624845418931185 7000 -0.00624845418931185 14000 -0.9875030916213764 
m400039 6000 -0.007903703951363483 7000 -0.007903703951363483 14000 -0.9841925920972728 
m400040 6000 -0.0005578690340258934 7000 -0.0005578690340258934 14000 -0.9988842619319481 
m400041 6000 -0.0019379901274038205 7000 -0.0019379901274038205 14000 -0.9961240197451922 
m400042 6000 -0.003871724782670319 7000 -0.003871724782670319 14000 -0.9922565504346594 
m400043 6000 -0.0058040431801124346 7000 -0.0058040431801124346 14000 -0.9883919136397751 
m400044 6000 -0.007932816632327058 7000 -0.007932816632327058 14000 -0.9841343667353464 
m400045 6000 -0.0004847892390626411 7000 -0.0004847892390626411 14000 -0.9990304215218747 
m400046 6000 -0.0017907594859611273 7000 -0.0017907594859611273 14000 -0.9964184810280777 
m400047 6000 -0.004113571412222867 7000 -0.004113571412222867 14000 -0.9917728571755545 
m400048 6000 -0.005872349879898756 7000 -0.005872349879898756 14000 -0.9882553002402024 
m400049 6000 -0.008045969218908785 7000 -0.008045969218908785 14000 -0.9839080615621824 
m400050 6000 -0.0006363407449803701 7000 -0.0006363407449803701 14000 -0.9987273185100396 
m400051 6000 -0.001811191078465444 7000 -0.001811191078465444 14000 -0.9963776178430684 
m400052 6000 -0.0040342901753581024 7000 -0.0040342901753581024 14000 -0.9919314196492836 
m400053 6000 -0.006033148284500761 7000 -0.006033148284500761 14000 -0.9879337034309986 
m400054 6000 -0.007964842494295058 7000 -0.007964842494295058 14000 -0.9840703150114096 
m400055 6000 -0.0005060408064979546 7000 -0.0005060408064979546 14000 -0.9989879183870038 
m400056 6000 -0.0018582755495909569 7000 -0.0018582755495909569 14000 -0.9962834489008181 
m400057 6000 -0.0040223883659764054 7000 -0.0040223883659764054 14000 -0.9919552232680476 
m400058 6000 -0.006128816031429209 7000 -0.006128816031429209 14000 -0.9877423679371414 
m400059 6000 -0.007952188154498233 7000 -0.007952188154498233 14000 -0.9840956236910036 
m400060 6000 -0.000690714006832595 7000 -0.000690714006832595 14000 -0.9986185719863349 
m400061 6000 -0.002228817783084916 7000 -0.002228817783084916 14000 -0.99554236443383 
m400062 6000 -0.0040105249326387055 7000 -0.0040105249326387055 14000 -0.9919789501347228 
m400063 6000 -0.006373461069511228 7000 -0.006373461069511228 14000 -0.9872530778609775 
m400064 6000 -0.007877825906212658 7000 -0.007877825906212658 14000 -0.9842443481875747 
m400065 6000 -0.0004837786920092169 7000 -0.0004837786920092169 14000 -0.9990324426159815 
m400066 6000 -0.002010424316188452 7000 -0.002010424316188452 14000 -0.9959791513676233 
m400067 6000 -0.003969811804886782 7000 -0.003969811804886782 14000 -0.9920603763902265 
m400068 6000 -0.00623144675358706 7000 -0.00623144675358706 14000 -0.987537106492826 
m400069 6000 -0.0077414843448914685 7000 -0.0077414843448914685 14000 -0.9845170313102168 
m400070 6000 -0.0006447930747293906 7000 -0.0006447930747293906 14000 -0.9987104138505413 
m400071 6000 -0.002047856453836731 7000 -0.002047856453836731 14000 -0.9959042870923261 
m400072 6000 -0.004234673050205609 7000 -0.004234673050205609 14000 -0.9915306538995884 
m400073 6000 -0.005913904009858864 7000 -0.005913904009858864 14000 -0.9881721919802822 
m400074 6000 -0.007903008659648242 7000 -0.007903008659648242 14000 -0.9841939826807036 
m400075 6000 -0.0005490911529539683 7000 -0.0005490911529539683 14000 -0.9989018176940919 
m400076 6000 -0.0017229372630695686 7000 -0.0017229372630695686 14000 -0.9965541254738608 
m400077 6000 -0.003879133678971358 7000 -0.003879133678971358 14000 -0.9922417326420571 
m400078 6000 -0.006000360987098337 7000 -0.006000360987098337 14000 -0.9879992780258031 
m400079 6000 -0.008088537731120093 7000 -0.008088537731120093 14000 -0.9838229245377599 
m400080 6000 -0.0003989476221993072 7000 -0.0003989476221993072 14000 -0.9992021047556015 
m400081 6000 -0.002219674909393815 7000 -0.002219674909393815 14000 -0.9955606501812126 
m400082 6000 -0.004109175959786076 7000 -0.004109175959786076 14000 -0.9917816480804282 
m400083 6000 -0.006219632807751929 7000 -0.006219632807751929 14000 -0.9875607343844959 
m400084 6000 -0.007941814294269 7000 -0.007941814294269 14000 -0.984116371411462 
m400085 6000 -0.00047775695633923347 7000 -0.00047775695633923347 14000 -0.9990444860873217 
m400086 6000 -0.0020529206615315983 7000 -0.0020529206615315983 14000 -0.995894158676937 
m400087 6000 -0.004288225992146573 7000 -0.004288225992146573 14000 -0.9914235480157068 
m400088 6000 -0.00616464795637812 7000 -0.00616464795637812 14000 -0.9876707040872436 
m400089 6000 -0.008087240302115179 7000 -0.008087240302115179 14000 -0.9838255193957699 
m400090 6000 -0.0005486908130682173 7000 -0.0005486908130682173 14000 -0.9989026183738635 
m400091 6000 -0.002336215816142187 7000 -0.002336215816142187 14000 -0.9953275683677156 
m400092 6000 -0.003973576765331007 7000 -0.003973576765331007 14000 -0.9920528464693377 
m400093 6000 -0.005850212577810701 7000 -0.005850212577810701 14000 -0.9882995748443782 
m400094 6000 -0.008016400040185563 7000 -0.008016400040185563 14000 -0.9839671999196286 
m400095 6000 -0.0005863905513410921 7000 -0.0005863905513410921 14000 -0.9988272188973178 
m400096 6000 -0.002064539171071582 7000 -0.002064539171071582 14000 -0.9958709216578572 
m400097 6000 -0.00398088382476401 7000 -0.00398088382476401 14000 -0.9920382323504723 
m400098 6000 -0.006034261621199919 7000 -0.006034261621199919 14000 -0.9879314767575997 
m400099 6000 -0.007853969191094734 7000 -0.007853969191094734 14000 -0.9842920616178106 
m400100 6000 -0.000511314187569984 7000 -0.000511314187569984 14000 -0.9989773716248601 
m400101 6000 -0.0020476994606230363 7000 -0.0020476994606230363 14000 -0.9959046010787539 
m400102 6000 -0.004174837850112197 7000 -0.004174837850112197 14000 -0.9916503242997757 
m400103 6000 -0.006117395439336584 7000 -0.006117395439336584 14000 -0.9877652091213268 
m400104 6000 -0.007961657530375105 7000 -0.007961657530375105 14000 -0.9840766849392498 
m400105 6000 -0.0006847605228414815 7000 -0.0006847605228414815 14000 -0.9986304789543169 
m400106 6000 -0.0017576620073348934 7000 -0.0017576620073348934 14000 -0.9964846759853302 
m400107 6000 -0.004114189196174756 7000 -0.004114189196174756 14000 -0.9917716216076503 
m400108 6000 -0.006408848314293907 7000 -0.006408848314293907 14000 -0.9871823033714122 
m400109 6000 -0.0079548243475812 7000 -0.0079548243475812 14000 -0.9840903513048376 
m400110 6000 -0.0007156000918551714 7000 -0.0007156000918551714 14000 -0.9985687998162895 
m400111 6000 -0.0018325515128478184 7000 -0.0018325515128478184 14000 -0.9963348969743047 
m400112 6000 -0.004164193725905478 7000 -0.004164193725905478 14000 -0.991671612548189 
m400113 6000 -0.005915874868044456 7000 -0.005915874868044456 14000 -0.9881682502639112 
m400114 6000 -0.007810640280314026 7000 -0.007810640280314026 14000 -0.9843787194393718 
m400115 6000 -0.000612948827760914 7000 -0.000612948827760914 14000 -0.9987741023444783 
m400116 6000 -0.0020347528895750186 7000 -0.0020347528895750186 14000 -0.9959304942208499 
m400117 6000 -0.004119964254650899 7000 -0.004119964254650899 14000 -0.9917600714906979 
m400118 6000 -0.006278699762549358 7000 -0.006278699762549358 14000 -0.9874426004749016 
m400119 6000 -0.008036722593781664 7000 -0.008036722593781664 14000 -0.983926554812437 
m400120 6000 -0.0006602665196703098 7000 -0.0006602665196703098 14000 -0.9986794669606591 
m400121 6000 -0.0022498568156880446 7000 -0.0022498568156880446 14000 -0.9955002863686241 
m400122 6000 -0.004060802881635375 7000 -0.004060802881635375 14000 -0.9918783942367291 
m400123 6000 -0.006136390965214135 7000 -0.006136390965214135 14000 -0.9877272180695715 
m400124 6000 -0.007963561698226767 7000 -0.007963561698226767 14000 -0.9840728766035464 
c **********************************
c PE+Pb, dens=4.78 g/cm3
m2      6000    -0.04286 $Carbon
        1001    -0.00714 $Hydrogen
        82000   -0.95000 $Lead
c **********************************
m3    1001 -0.048535 $Boric acid
      5010 -0.034981
      5011 -0.139923
      8016 -0.776561
c **********************************
m4    82000 1 $Lead
c **********************************
m5 26000 1 $Iron
c **********************************
m6     13027   -1.000 $ Aluminum
c **********************************
c  SS-304 (8.00 g/cm3), #298 in PNNL Compendium
m7   006000.50c -0.0004000
     014000.60c -0.0050000
     015031.50c -0.0002300
     016000.60c -0.0001500
     024000.50c -0.1899981
     025055.60c -0.0099999
     026000.50c -0.7017229
     028000.50c -0.0924991
c ****************************************
c       LaBr detector
c ****************************************
m8       35079    -0.2946       $ Br79
         35081    -0.3069       $ Br81
         57139    -0.3485       $ La139
         58140    -0.0500       $ Ce140
c ************ air den=1.15e-3g/cc
m12     8016 -0.23
        7014 -0.77
c ************ Rubber Natural den=0.92 g/cc
m13     1001 -0.118371  $weight fraction
        6000 -0.881629
c
c end material cards
c
rand seed=8674536546524321 $different initial random #; seed# - any less 18 digits
c
c ********** begin tallies *********************
fc78 *********Broadened Pulse Height Tally Sum of Detectors 1,2 & 3 ***********
e78 0 1e-5 932i 8.4295
F78:p (101)
FT78 GEB -0.026198 0.059551 -0.037176
fc18 *********Unbroadened Pulse Height Tally Sum of Detectors 1,2 & 3 ***********
e18 0 1e-5 932i 8.4295
F18:p (101)
c ***********************************
c mplot tal 78 freq 10000
nps 1e9
