c CAS DETECTOR
c w/ Shielding in Place and Wheels
c
c CELL CARDS
c
c @@@@@@@@@@ Detectors @@@@@@@@@@@@@@@@@
c
101 8 -5.08 -21 imp:n,p 1 $LaBr Detector #1 Active Region
c
c @@@@@@@@@ Shielding @@@@@@@@@@@@@@@@@
c
121 2 -4.78 -31 imp:n,p 1 $PE_Pb
122 4 -11.29 -32 imp:n,p 1 $Pb1
123 4 -11.29 -33 imp:n,p 1 $Pb2
124 4 -11.29 -34 imp:n,p 1 $Pb3
125 4 -11.29 -35 imp:n,p 1 $Pb4
126 4 -11.29 -36 imp:n,p 1 $Pb5
127 4 -11.29 -37 imp:n,p 1 $Pb6
128 3 -1.5 -38 imp:n,p 1 $BA1
129 3 -1.5 -39 imp:n,p 1 $BA2
130 6 -2.7 -40 imp:n,p 1 $Al
131 7 -7.92 301 -302 303 -304 imp:n,p 1 $Fe-tube
132 5 -7.8 -401 imp:n,p 1 $Fe
133 5 -7.8 -402 imp:n,p 1 $Fe
c @@@@@@@@@@ Wheels @@@@@@@@@@@@@@@@@
c
21 13 -0.92 -41 42 imp:n,p 1 $Wheel 1
211 13 -0.92 -421 422 imp:n,p 1 $Wheel 1
212 13 -0.92 -423 424 imp:n,p 1 $Wheel 1
22 13 -0.92 -43 44 imp:n,p 1 $Wheel 2
221 13 -0.92 -441 442 imp:n,p 1 $Wheel 2
222 13 -0.92 -443 444 imp:n,p 1 $Wheel 2
23 13 -0.92 -45 46 imp:n,p 1 $Wheel 3
231 13 -0.92 -461 462 imp:n,p 1 $Wheel 3
232 13 -0.92 -463 464 imp:n,p 1 $Wheel 3
24 13 -0.92 -47 48 imp:n,p 1 $Wheel 4
241 13 -0.92 -481 482 imp:n,p 1 $Wheel 4
242 13 -0.92 -483 484 imp:n,p 1 $Wheel 4
c
c @@@@@@@@@@ SOIL VOLUME @@@@@@@@@@@
c
300000 400000 -2.156 20010 -20011 20020 -20021 20030 -20031 imp:n,p 1
300001 400001 -2.156 20010 -20011 20020 -20021 20031 -20032 imp:n,p 1
300002 400002 -2.156 20010 -20011 20020 -20021 20032 -20033 imp:n,p 1
300003 400003 -2.156 20010 -20011 20020 -20021 20033 -20034 imp:n,p 1
300004 400004 -2.156 20010 -20011 20020 -20021 20034 -20035 imp:n,p 1
300005 400005 -2.156 20011 -20012 20020 -20021 20030 -20031 imp:n,p 1
300006 400006 -2.156 20011 -20012 20020 -20021 20031 -20032 imp:n,p 1
300007 400007 -2.156 20011 -20012 20020 -20021 20032 -20033 imp:n,p 1
300008 400008 -2.156 20011 -20012 20020 -20021 20033 -20034 imp:n,p 1
300009 400009 -2.156 20011 -20012 20020 -20021 20034 -20035 imp:n,p 1
300010 400010 -2.156 20012 -20013 20020 -20021 20030 -20031 imp:n,p 1
300011 400011 -2.156 20012 -20013 20020 -20021 20031 -20032 imp:n,p 1
300012 400012 -2.156 20012 -20013 20020 -20021 20032 -20033 imp:n,p 1
300013 400013 -2.156 20012 -20013 20020 -20021 20033 -20034 imp:n,p 1
300014 400014 -2.156 20012 -20013 20020 -20021 20034 -20035 imp:n,p 1
300015 400015 -2.156 20013 -20014 20020 -20021 20030 -20031 imp:n,p 1
300016 400016 -2.156 20013 -20014 20020 -20021 20031 -20032 imp:n,p 1
300017 400017 -2.156 20013 -20014 20020 -20021 20032 -20033 imp:n,p 1
300018 400018 -2.156 20013 -20014 20020 -20021 20033 -20034 imp:n,p 1
300019 400019 -2.156 20013 -20014 20020 -20021 20034 -20035 imp:n,p 1
300020 400020 -2.156 20014 -20015 20020 -20021 20030 -20031 imp:n,p 1
300021 400021 -2.156 20014 -20015 20020 -20021 20031 -20032 imp:n,p 1
300022 400022 -2.156 20014 -20015 20020 -20021 20032 -20033 imp:n,p 1
300023 400023 -2.156 20014 -20015 20020 -20021 20033 -20034 imp:n,p 1
300024 400024 -2.156 20014 -20015 20020 -20021 20034 -20035 imp:n,p 1
300025 400025 -2.156 20010 -20011 20021 -20022 20030 -20031 imp:n,p 1
300026 400026 -2.156 20010 -20011 20021 -20022 20031 -20032 imp:n,p 1
300027 400027 -2.156 20010 -20011 20021 -20022 20032 -20033 imp:n,p 1
300028 400028 -2.156 20010 -20011 20021 -20022 20033 -20034 imp:n,p 1
300029 400029 -2.156 20010 -20011 20021 -20022 20034 -20035 imp:n,p 1
300030 400030 -2.156 20011 -20012 20021 -20022 20030 -20031 imp:n,p 1
300031 400031 -2.156 20011 -20012 20021 -20022 20031 -20032 imp:n,p 1
300032 400032 -2.156 20011 -20012 20021 -20022 20032 -20033 imp:n,p 1
300033 400033 -2.156 20011 -20012 20021 -20022 20033 -20034 imp:n,p 1
300034 400034 -2.156 20011 -20012 20021 -20022 20034 -20035 imp:n,p 1
300035 400035 -2.156 20012 -20013 20021 -20022 20030 -20031 imp:n,p 1
300036 400036 -2.156 20012 -20013 20021 -20022 20031 -20032 imp:n,p 1
300037 400037 -2.156 20012 -20013 20021 -20022 20032 -20033 imp:n,p 1
300038 400038 -2.156 20012 -20013 20021 -20022 20033 -20034 imp:n,p 1
300039 400039 -2.156 20012 -20013 20021 -20022 20034 -20035 imp:n,p 1
300040 400040 -2.156 20013 -20014 20021 -20022 20030 -20031 imp:n,p 1
300041 400041 -2.156 20013 -20014 20021 -20022 20031 -20032 imp:n,p 1
300042 400042 -2.156 20013 -20014 20021 -20022 20032 -20033 imp:n,p 1
300043 400043 -2.156 20013 -20014 20021 -20022 20033 -20034 imp:n,p 1
300044 400044 -2.156 20013 -20014 20021 -20022 20034 -20035 imp:n,p 1
300045 400045 -2.156 20014 -20015 20021 -20022 20030 -20031 imp:n,p 1
300046 400046 -2.156 20014 -20015 20021 -20022 20031 -20032 imp:n,p 1
300047 400047 -2.156 20014 -20015 20021 -20022 20032 -20033 imp:n,p 1
300048 400048 -2.156 20014 -20015 20021 -20022 20033 -20034 imp:n,p 1
300049 400049 -2.156 20014 -20015 20021 -20022 20034 -20035 imp:n,p 1
300050 400050 -2.156 20010 -20011 20022 -20023 20030 -20031 imp:n,p 1
300051 400051 -2.156 20010 -20011 20022 -20023 20031 -20032 imp:n,p 1
300052 400052 -2.156 20010 -20011 20022 -20023 20032 -20033 imp:n,p 1
300053 400053 -2.156 20010 -20011 20022 -20023 20033 -20034 imp:n,p 1
300054 400054 -2.156 20010 -20011 20022 -20023 20034 -20035 imp:n,p 1
300055 400055 -2.156 20011 -20012 20022 -20023 20030 -20031 imp:n,p 1
300056 400056 -2.156 20011 -20012 20022 -20023 20031 -20032 imp:n,p 1
300057 400057 -2.156 20011 -20012 20022 -20023 20032 -20033 imp:n,p 1
300058 400058 -2.156 20011 -20012 20022 -20023 20033 -20034 imp:n,p 1
300059 400059 -2.156 20011 -20012 20022 -20023 20034 -20035 imp:n,p 1
300060 400060 -2.156 20012 -20013 20022 -20023 20030 -20031 imp:n,p 1
300061 400061 -2.156 20012 -20013 20022 -20023 20031 -20032 imp:n,p 1
300062 400062 -2.156 20012 -20013 20022 -20023 20032 -20033 imp:n,p 1
300063 400063 -2.156 20012 -20013 20022 -20023 20033 -20034 imp:n,p 1
300064 400064 -2.156 20012 -20013 20022 -20023 20034 -20035 imp:n,p 1
300065 400065 -2.156 20013 -20014 20022 -20023 20030 -20031 imp:n,p 1
300066 400066 -2.156 20013 -20014 20022 -20023 20031 -20032 imp:n,p 1
300067 400067 -2.156 20013 -20014 20022 -20023 20032 -20033 imp:n,p 1
300068 400068 -2.156 20013 -20014 20022 -20023 20033 -20034 imp:n,p 1
300069 400069 -2.156 20013 -20014 20022 -20023 20034 -20035 imp:n,p 1
300070 400070 -2.156 20014 -20015 20022 -20023 20030 -20031 imp:n,p 1
300071 400071 -2.156 20014 -20015 20022 -20023 20031 -20032 imp:n,p 1
300072 400072 -2.156 20014 -20015 20022 -20023 20032 -20033 imp:n,p 1
300073 400073 -2.156 20014 -20015 20022 -20023 20033 -20034 imp:n,p 1
300074 400074 -2.156 20014 -20015 20022 -20023 20034 -20035 imp:n,p 1
300075 400075 -2.156 20010 -20011 20023 -20024 20030 -20031 imp:n,p 1
300076 400076 -2.156 20010 -20011 20023 -20024 20031 -20032 imp:n,p 1
300077 400077 -2.156 20010 -20011 20023 -20024 20032 -20033 imp:n,p 1
300078 400078 -2.156 20010 -20011 20023 -20024 20033 -20034 imp:n,p 1
300079 400079 -2.156 20010 -20011 20023 -20024 20034 -20035 imp:n,p 1
300080 400080 -2.156 20011 -20012 20023 -20024 20030 -20031 imp:n,p 1
300081 400081 -2.156 20011 -20012 20023 -20024 20031 -20032 imp:n,p 1
300082 400082 -2.156 20011 -20012 20023 -20024 20032 -20033 imp:n,p 1
300083 400083 -2.156 20011 -20012 20023 -20024 20033 -20034 imp:n,p 1
300084 400084 -2.156 20011 -20012 20023 -20024 20034 -20035 imp:n,p 1
300085 400085 -2.156 20012 -20013 20023 -20024 20030 -20031 imp:n,p 1
300086 400086 -2.156 20012 -20013 20023 -20024 20031 -20032 imp:n,p 1
300087 400087 -2.156 20012 -20013 20023 -20024 20032 -20033 imp:n,p 1
300088 400088 -2.156 20012 -20013 20023 -20024 20033 -20034 imp:n,p 1
300089 400089 -2.156 20012 -20013 20023 -20024 20034 -20035 imp:n,p 1
300090 400090 -2.156 20013 -20014 20023 -20024 20030 -20031 imp:n,p 1
300091 400091 -2.156 20013 -20014 20023 -20024 20031 -20032 imp:n,p 1
300092 400092 -2.156 20013 -20014 20023 -20024 20032 -20033 imp:n,p 1
300093 400093 -2.156 20013 -20014 20023 -20024 20033 -20034 imp:n,p 1
300094 400094 -2.156 20013 -20014 20023 -20024 20034 -20035 imp:n,p 1
300095 400095 -2.156 20014 -20015 20023 -20024 20030 -20031 imp:n,p 1
300096 400096 -2.156 20014 -20015 20023 -20024 20031 -20032 imp:n,p 1
300097 400097 -2.156 20014 -20015 20023 -20024 20032 -20033 imp:n,p 1
300098 400098 -2.156 20014 -20015 20023 -20024 20033 -20034 imp:n,p 1
300099 400099 -2.156 20014 -20015 20023 -20024 20034 -20035 imp:n,p 1
300100 400100 -2.156 20010 -20011 20024 -20025 20030 -20031 imp:n,p 1
300101 400101 -2.156 20010 -20011 20024 -20025 20031 -20032 imp:n,p 1
300102 400102 -2.156 20010 -20011 20024 -20025 20032 -20033 imp:n,p 1
300103 400103 -2.156 20010 -20011 20024 -20025 20033 -20034 imp:n,p 1
300104 400104 -2.156 20010 -20011 20024 -20025 20034 -20035 imp:n,p 1
300105 400105 -2.156 20011 -20012 20024 -20025 20030 -20031 imp:n,p 1
300106 400106 -2.156 20011 -20012 20024 -20025 20031 -20032 imp:n,p 1
300107 400107 -2.156 20011 -20012 20024 -20025 20032 -20033 imp:n,p 1
300108 400108 -2.156 20011 -20012 20024 -20025 20033 -20034 imp:n,p 1
300109 400109 -2.156 20011 -20012 20024 -20025 20034 -20035 imp:n,p 1
300110 400110 -2.156 20012 -20013 20024 -20025 20030 -20031 imp:n,p 1
300111 400111 -2.156 20012 -20013 20024 -20025 20031 -20032 imp:n,p 1
300112 400112 -2.156 20012 -20013 20024 -20025 20032 -20033 imp:n,p 1
300113 400113 -2.156 20012 -20013 20024 -20025 20033 -20034 imp:n,p 1
300114 400114 -2.156 20012 -20013 20024 -20025 20034 -20035 imp:n,p 1
300115 400115 -2.156 20013 -20014 20024 -20025 20030 -20031 imp:n,p 1
300116 400116 -2.156 20013 -20014 20024 -20025 20031 -20032 imp:n,p 1
300117 400117 -2.156 20013 -20014 20024 -20025 20032 -20033 imp:n,p 1
300118 400118 -2.156 20013 -20014 20024 -20025 20033 -20034 imp:n,p 1
300119 400119 -2.156 20013 -20014 20024 -20025 20034 -20035 imp:n,p 1
300120 400120 -2.156 20014 -20015 20024 -20025 20030 -20031 imp:n,p 1
300121 400121 -2.156 20014 -20015 20024 -20025 20031 -20032 imp:n,p 1
300122 400122 -2.156 20014 -20015 20024 -20025 20032 -20033 imp:n,p 1
300123 400123 -2.156 20014 -20015 20024 -20025 20033 -20034 imp:n,p 1
300124 400124 -2.156 20014 -20015 20024 -20025 20034 -20035 imp:n,p 1
c
30 12 -0.00129 -200 #101 #121 #122 #123 #124 #125 #126 #127 #128 #129 #130 #131 #132 #133
        #21 #211 #212 #22 #221 #222 #23 #231 #232 #24 #241 #242 #20 imp:n,p 1 $Rest of the World
31 0 200 imp:n,p 0 $Outside world

c SURFACE CARDS
c
c Sample Volume
20010 px -56.0
20011 px -33.59999999999991
20012 px -11.200000000000045
20013 px 11.200000000000045
20014 px 33.59999999999991
20015 px 56.0
20020 py -45.0
20021 py -27.0
20022 py -9.0
20023 py 9.0
20024 py 27.0
20025 py 45.0
20030 pz 92.0
20031 pz 82.0
20032 pz 72.0
20033 pz 62.0
20034 pz 52.0
20035 pz 42.0
c Active Detector Region
21 rcc 56  -5.0 -1.0   0.0 20.3 0.0   4.5 $Detector 1 Base center, Hx,Hy,Hz, radius
c Shielding Surfaces
c Shielding Pb
31 rpp 19 29 -7.5 7.5 -11 9 $PbPE xmin xmax ymin ymax zmin zmax
32 rpp 9 19 4 9 -11 9 $Pb xmin xmax ymin ymax zmin zmax
33 rpp 9 19 -9 -4 -11 9 $Pb xmin xmax ymin ymax zmin zmax
34 rpp 19 29 7.5 12.5 -11 9 $Pb xmin xmax ymin ymax zmin zmax
35 rpp 19 29 -12.5 -7.5 -11 9 $Pb xmin xmax ymin ymax zmin zmax
36 rpp 29 34 -15 15 -11 9 $Pb xmin xmax ymin ymax zmin zmax
37 rpp 9 19 -4 4 4 9 $Pb xmin xmax ymin ymax zmin zmax
38 rpp -26 26 18 28 -11 9 $BA1 xmin xmax ymin ymax zmin zmax
39 rpp -26 26 -28 -18 -11 9 $BA2 xmin xmax ymin ymax zmin zmax
40 rpp -65 65 -28 28 10 10.5 $Al xmin xmax ymin ymax zmin zmax
401 rpp -27 27 29 34 -11 9 $Fe xmin xmax ymin ymax zmin zmax
402 rpp -27 27 -34 -29 -11 9 $Fe xmin xmax ymin ymax zmin zmax
301 px -20
302 px 18
303 cx 3.71
304 cx 3.81
c Wheels Surfaces
c 23/10.5-12 turf tires, 22.6 lb rubber
c diameter 29cm, tread width 25cm, and sidewall height 13.76 cm
c set thickness of all sides 1.3 cm (s.t. weight is 22.6 lb)
41 rcc -2 77 8   0.0 25 0.0 29 $wheel 1 outer tread surface
42 rcc -2 77 8   0.0 25 0.0 27.7 $wheel 1 inner tread surface
421 rcc -2 75.7 8   0.0 1.3 0.0 29 $wheel 1 outside sidewall exterior
422 rcc -2 75.7 8   0.0 1.3 0.0 15.24 $wheel 1 outside sidewall interior
423 rcc -2 102 8   0.0 1.3 0.0 29 $wheel 1 inside sidewall exterior
424 rcc -2 102 8   0.0 1.3 0.0 15.24 $wheel 1 inside sidewall interior
43 rcc 68 77 8   0.0 25 0.0 29 $wheel 2
44 rcc 68 77 8   0.0 25 0.0 27.7
441 rcc 68 75.7 8   0.0 1.3 0.0 29
442 rcc 68 75.7 8   0.0 1.3 0.0 15.24
443 rcc 68 102 8   0.0 1.3 0.0 29
444 rcc 68 102 8   0.0 1.3 0.0 15.24
45 rcc -2 -77 8   0.0 -25 0.0 29 $wheel 3
46 rcc -2 -77 8   0.0 -25 0.0 27.7
461 rcc -2 -75.7 8   0.0 -1.3 0.0 29
462 rcc -2 -75.7 8   0.0 -1.3 0.0 15.24
463 rcc -2 -102 8   0.0 -1.3 0.0 29
464 rcc -2 -102 8   0.0 -1.3 0.0 15.24
47 rcc 68 -77 8   0.0 -25 0.0 29 $wheel 4
48 rcc 68 -77 8   0.0 -25 0.0 27.7
481 rcc 68 -75.7 8   0.0 -1.3 0.0 29
482 rcc 68 -75.7 8   0.0 -1.3 0.0 15.24
483 rcc 68 -102 8   0.0 -1.3 0.0 29
484 rcc 68 -102 8   0.0 -1.3 0.0 15.24
200 so 800    $sphere of 800cm centered at origin
c

c DATA CARDS
mode n p
c dump every hr
prdmp -60 -60 -1
c 100 keV Neutron Energy Cutoff
Cut:n 1j 0.1
c analog neutron transport
phys:n 1j 14
phys:p
sdef pos=0 0 0 erg=14.0 vec= 0 0 1 dir=d1
si1  -1 .93 1
sp1   0  0.0  1.0
c ********************
c begin material cards
c ********************
c Pure Carbon
c ****************************************
m400000 6000 -0.00046984879868145103 7000 -0.00046984879868145103 14000 -0.9990603024026373 
m400001 6000 -0.0019359622556564787 7000 -0.0019359622556564787 14000 -0.9961280754886869 
m400002 6000 -0.00431949016693031 7000 -0.00431949016693031 14000 -0.9913610196661393 
m400003 6000 -0.0059171406614156085 7000 -0.0059171406614156085 14000 -0.9881657186771686 
m400004 6000 -0.007940065727908395 7000 -0.007940065727908395 14000 -0.9841198685441833 
m400005 6000 -0.0004728874169146254 7000 -0.0004728874169146254 14000 -0.9990542251661707 
m400006 6000 -0.0020285765482681737 7000 -0.0020285765482681737 14000 -0.9959428469034635 
m400007 6000 -0.004277355994929559 7000 -0.004277355994929559 14000 -0.9914452880101409 
m400008 6000 -0.0059718828858116475 7000 -0.0059718828858116475 14000 -0.9880562342283769 
m400009 6000 -0.008077210831321055 7000 -0.008077210831321055 14000 -0.9838455783373581 
m400010 6000 -0.0005644337490555702 7000 -0.0005644337490555702 14000 -0.9988711325018891 
m400011 6000 -0.001770911426027159 7000 -0.001770911426027159 14000 -0.996458177147946 
m400012 6000 -0.004043989258870484 7000 -0.004043989258870484 14000 -0.9919120214822591 
m400013 6000 -0.0058684093929053 7000 -0.0058684093929053 14000 -0.9882631812141893 
m400014 6000 -0.008105935695766363 7000 -0.008105935695766363 14000 -0.9837881286084672 
m400015 6000 -0.0004414433701732351 7000 -0.0004414433701732351 14000 -0.9991171132596537 
m400016 6000 -0.00208478737952135 7000 -0.00208478737952135 14000 -0.9958304252409569 
m400017 6000 -0.003995445940938934 7000 -0.003995445940938934 14000 -0.9920091081181219 
m400018 6000 -0.006253033386472245 7000 -0.006253033386472245 14000 -0.9874939332270555 
m400019 6000 -0.00802528554319819 7000 -0.00802528554319819 14000 -0.9839494289136037 
m400020 6000 -0.0003296690324171335 7000 -0.0003296690324171335 14000 -0.9993406619351659 
m400021 6000 -0.0018360923136838412 7000 -0.0018360923136838412 14000 -0.9963278153726324 
m400022 6000 -0.003724711378565586 7000 -0.003724711378565586 14000 -0.9925505772428691 
m400023 6000 -0.006286302940035149 7000 -0.006286302940035149 14000 -0.9874273941199299 
m400024 6000 -0.008216717285122362 7000 -0.008216717285122362 14000 -0.9835665654297553 
m400025 6000 -0.0005553631868074195 7000 -0.0005553631868074195 14000 -0.9988892736263852 
m400026 6000 -0.001885771923053934 7000 -0.001885771923053934 14000 -0.9962284561538922 
m400027 6000 -0.0037650869147858156 7000 -0.0037650869147858156 14000 -0.9924698261704283 
m400028 6000 -0.005848282586371484 7000 -0.005848282586371484 14000 -0.9883034348272571 
m400029 6000 -0.007813024092759885 7000 -0.007813024092759885 14000 -0.9843739518144804 
m400030 6000 -0.00046747019897400583 7000 -0.00046747019897400583 14000 -0.9990650596020519 
m400031 6000 -0.0019844537682836517 7000 -0.0019844537682836517 14000 -0.9960310924634329 
m400032 6000 -0.004043146711176938 7000 -0.004043146711176938 14000 -0.9919137065776461 
m400033 6000 -0.005941823152166504 7000 -0.005941823152166504 14000 -0.9881163536956669 
m400034 6000 -0.007889705408794198 7000 -0.007889705408794198 14000 -0.9842205891824117 
m400035 6000 -0.0005666842007816001 7000 -0.0005666842007816001 14000 -0.998866631598437 
m400036 6000 -0.0018505881504325523 7000 -0.0018505881504325523 14000 -0.9962988236991349 
m400037 6000 -0.0038560722643549 7000 -0.0038560722643549 14000 -0.9922878554712904 
m400038 6000 -0.005815360726683614 7000 -0.005815360726683614 14000 -0.9883692785466329 
m400039 6000 -0.008075968407982187 7000 -0.008075968407982187 14000 -0.9838480631840356 
m400040 6000 -0.0005165961769005897 7000 -0.0005165961769005897 14000 -0.9989668076461986 
m400041 6000 -0.002160922095715858 7000 -0.002160922095715858 14000 -0.9956781558085683 
m400042 6000 -0.004002700609056317 7000 -0.004002700609056317 14000 -0.9919945987818873 
m400043 6000 -0.0059351340825674025 7000 -0.0059351340825674025 14000 -0.9881297318348651 
m400044 6000 -0.008006613008996535 7000 -0.008006613008996535 14000 -0.9839867739820067 
m400045 6000 -0.0005795639768391501 7000 -0.0005795639768391501 14000 -0.9988408720463217 
m400046 6000 -0.002031881180663787 7000 -0.002031881180663787 14000 -0.9959362376386722 
m400047 6000 -0.004076343297648142 7000 -0.004076343297648142 14000 -0.9918473134047039 
m400048 6000 -0.005972522432014251 7000 -0.005972522432014251 14000 -0.9880549551359715 
m400049 6000 -0.008052842614096896 7000 -0.008052842614096896 14000 -0.9838943147718067 
m400050 6000 -0.0007204682038414785 7000 -0.0007204682038414785 14000 -0.9985590635923168 
m400051 6000 -0.0018134363147289936 7000 -0.0018134363147289936 14000 -0.9963731273705421 
m400052 6000 -0.0039911019365685575 7000 -0.0039911019365685575 14000 -0.9920177961268632 
m400053 6000 -0.006312484185388934 7000 -0.006312484185388934 14000 -0.9873750316292222 
m400054 6000 -0.008218069238237086 7000 -0.008218069238237086 14000 -0.9835638615235257 
m400055 6000 -0.00042234253972091296 7000 -0.00042234253972091296 14000 -0.9991553149205582 
m400056 6000 -0.0023343824313987968 7000 -0.0023343824313987968 14000 -0.9953312351372022 
m400057 6000 -0.004037056752453035 7000 -0.004037056752453035 14000 -0.9919258864950941 
m400058 6000 -0.0058548061765057125 7000 -0.0058548061765057125 14000 -0.9882903876469886 
m400059 6000 -0.008094112578699216 7000 -0.008094112578699216 14000 -0.9838117748426016 
m400060 6000 -0.0005566399811536164 7000 -0.0005566399811536164 14000 -0.9988867200376929 
m400061 6000 -0.002165807188251229 7000 -0.002165807188251229 14000 -0.9956683856234975 
m400062 6000 -0.0038840766826737485 7000 -0.0038840766826737485 14000 -0.9922318466346525 
m400063 6000 -0.006155048701882682 7000 -0.006155048701882682 14000 -0.9876899025962345 
m400064 6000 -0.008021991612735233 7000 -0.008021991612735233 14000 -0.9839560167745297 
m400065 6000 -0.0005160926471727709 7000 -0.0005160926471727709 14000 -0.9989678147056545 
m400066 6000 -0.0016726667454932227 7000 -0.0016726667454932227 14000 -0.9966546665090132 
m400067 6000 -0.003871569535440396 7000 -0.003871569535440396 14000 -0.9922568609291196 
m400068 6000 -0.00579288155502236 7000 -0.00579288155502236 14000 -0.9884142368899553 
m400069 6000 -0.007817050117560877 7000 -0.007817050117560877 14000 -0.9843658997648786 
m400070 6000 -0.000513648871558174 7000 -0.000513648871558174 14000 -0.9989727022568837 
m400071 6000 -0.0022399710963085695 7000 -0.0022399710963085695 14000 -0.9955200578073828 
m400072 6000 -0.00379021999220134 7000 -0.00379021999220134 14000 -0.9924195600155974 
m400073 6000 -0.005977602812446243 7000 -0.005977602812446243 14000 -0.9880447943751078 
m400074 6000 -0.00798282986622102 7000 -0.00798282986622102 14000 -0.9840343402675579 
m400075 6000 -0.00046232439848896824 7000 -0.00046232439848896824 14000 -0.9990753512030218 
m400076 6000 -0.001963994212204165 7000 -0.001963994212204165 14000 -0.9960720115755918 
m400077 6000 -0.0041034925875499135 7000 -0.0041034925875499135 14000 -0.9917930148249002 
m400078 6000 -0.006359404661408527 7000 -0.006359404661408527 14000 -0.9872811906771831 
m400079 6000 -0.008023870244576759 7000 -0.008023870244576759 14000 -0.9839522595108465 
m400080 6000 -0.0005402026887541742 7000 -0.0005402026887541742 14000 -0.9989195946224915 
m400081 6000 -0.002039367744087393 7000 -0.002039367744087393 14000 -0.9959212645118253 
m400082 6000 -0.004059207321761519 7000 -0.004059207321761519 14000 -0.991881585356477 
m400083 6000 -0.005968245387566862 7000 -0.005968245387566862 14000 -0.9880635092248659 
m400084 6000 -0.007949237567283557 7000 -0.007949237567283557 14000 -0.9841015248654328 
m400085 6000 -0.0004933394185526692 7000 -0.0004933394185526692 14000 -0.9990133211628947 
m400086 6000 -0.0018919706509010776 7000 -0.0018919706509010776 14000 -0.9962160586981976 
m400087 6000 -0.004307478454691959 7000 -0.004307478454691959 14000 -0.9913850430906163 
m400088 6000 -0.00608801360011839 7000 -0.00608801360011839 14000 -0.9878239727997635 
m400089 6000 -0.00816484387114142 7000 -0.00816484387114142 14000 -0.9836703122577171 
m400090 6000 -0.00034136119748009455 7000 -0.00034136119748009455 14000 -0.9993172776050397 
m400091 6000 -0.002103033594417506 7000 -0.002103033594417506 14000 -0.9957939328111649 
m400092 6000 -0.003925261828331885 7000 -0.003925261828331885 14000 -0.992149476343336 
m400093 6000 -0.0058729184295007565 7000 -0.0058729184295007565 14000 -0.9882541631409985 
m400094 6000 -0.007788120950195835 7000 -0.007788120950195835 14000 -0.9844237580996084 
m400095 6000 -0.00045422193021410625 7000 -0.00045422193021410625 14000 -0.9990915561395717 
m400096 6000 -0.002186307073977473 7000 -0.002186307073977473 14000 -0.9956273858520448 
m400097 6000 -0.004101377426160886 7000 -0.004101377426160886 14000 -0.9917972451476785 
m400098 6000 -0.005988401881890829 7000 -0.005988401881890829 14000 -0.9880231962362184 
m400099 6000 -0.007889488128785479 7000 -0.007889488128785479 14000 -0.9842210237424291 
m400100 6000 -0.00038540046283754427 7000 -0.00038540046283754427 14000 -0.9992291990743248 
m400101 6000 -0.0023301841185349513 7000 -0.0023301841185349513 14000 -0.9953396317629298 
m400102 6000 -0.004309018911103616 7000 -0.004309018911103616 14000 -0.991381962177793 
m400103 6000 -0.006097440827960346 7000 -0.006097440827960346 14000 -0.9878051183440794 
m400104 6000 -0.008035304530501747 7000 -0.008035304530501747 14000 -0.9839293909389965 
m400105 6000 -0.0005793959599323539 7000 -0.0005793959599323539 14000 -0.9988412080801353 
m400106 6000 -0.0017988310051096136 7000 -0.0017988310051096136 14000 -0.9964023379897807 
m400107 6000 -0.0039609446585097095 7000 -0.0039609446585097095 14000 -0.9920781106829806 
m400108 6000 -0.006089390616476362 7000 -0.006089390616476362 14000 -0.9878212187670472 
m400109 6000 -0.007866477162744035 7000 -0.007866477162744035 14000 -0.984267045674512 
m400110 6000 -0.0003494921688009916 7000 -0.0003494921688009916 14000 -0.9993010156623982 
m400111 6000 -0.00190542615973877 7000 -0.00190542615973877 14000 -0.9961891476805224 
m400112 6000 -0.004335607345142367 7000 -0.004335607345142367 14000 -0.9913287853097149 
m400113 6000 -0.0058302954847188025 7000 -0.0058302954847188025 14000 -0.9883394090305626 
m400114 6000 -0.007899865919006807 7000 -0.007899865919006807 14000 -0.9842002681619861 
m400115 6000 -0.0004161739306888869 7000 -0.0004161739306888869 14000 -0.9991676521386222 
m400116 6000 -0.0021986182300878527 7000 -0.0021986182300878527 14000 -0.9956027635398244 
m400117 6000 -0.00394047109722234 7000 -0.00394047109722234 14000 -0.9921190578055552 
m400118 6000 -0.005862147114041414 7000 -0.005862147114041414 14000 -0.988275705771917 
m400119 6000 -0.0076557483667473 7000 -0.0076557483667473 14000 -0.9846885032665054 
m400120 6000 -0.0004828486874057142 7000 -0.0004828486874057142 14000 -0.9990343026251886 
m400121 6000 -0.0020236035395250927 7000 -0.0020236035395250927 14000 -0.9959527929209498 
m400122 6000 -0.004088242482425668 7000 -0.004088242482425668 14000 -0.9918235150351487 
m400123 6000 -0.006026650082768067 7000 -0.006026650082768067 14000 -0.9879466998344636 
m400124 6000 -0.007716756843841777 7000 -0.007716756843841777 14000 -0.9845664863123162 
c **********************************
c PE+Pb, dens=4.78 g/cm3
m2      6000    -0.04286 $Carbon
        1001    -0.00714 $Hydrogen
        82000   -0.95000 $Lead
c **********************************
m3    1001 -0.048535 $Boric acid
      5010 -0.034981
      5011 -0.139923
      8016 -0.776561
c **********************************
m4    82000 1 $Lead
c **********************************
m5 26000 1 $Iron
c **********************************
m6     13027   -1.000 $ Aluminum
c **********************************
c  SS-304 (8.00 g/cm3), #298 in PNNL Compendium
m7   006000.50c -0.0004000
     014000.60c -0.0050000
     015031.50c -0.0002300
     016000.60c -0.0001500
     024000.50c -0.1899981
     025055.60c -0.0099999
     026000.50c -0.7017229
     028000.50c -0.0924991
c ****************************************
c       LaBr detector
c ****************************************
m8       35079    -0.2946       $ Br79
         35081    -0.3069       $ Br81
         57139    -0.3485       $ La139
         58140    -0.0500       $ Ce140
c ************ air den=1.15e-3g/cc
m12     8016 -0.23
        7014 -0.77
c ************ Rubber Natural den=0.92 g/cc
m13     1001 -0.118371  $weight fraction
        6000 -0.881629
c
c end material cards
c
rand seed=8674536546524321 $different initial random #; seed# - any less 18 digits
c
c ********** begin tallies *********************
fc78 *********Broadened Pulse Height Tally Sum of Detectors 1,2 & 3 ***********
e78 0 1e-5 932i 8.4295
F78:p (101)
FT78 GEB -0.026198 0.059551 -0.037176
fc18 *********Unbroadened Pulse Height Tally Sum of Detectors 1,2 & 3 ***********
e18 0 1e-5 932i 8.4295
F18:p (101)
c ***********************************
c mplot tal 78 freq 10000
nps 1e9
