c CAS DETECTOR
c w/ Shielding in Place and Wheels
c
c CELL CARDS
c
c @@@@@@@@@@ Detectors @@@@@@@@@@@@@@@@@
c
101 8 -5.08 -21 imp:n,p 1 $LaBr Detector #1 Active Region
c
c @@@@@@@@@ Shielding @@@@@@@@@@@@@@@@@
c
121 2 -4.78 -31 imp:n,p 1 $PE_Pb
122 4 -11.29 -32 imp:n,p 1 $Pb1
123 4 -11.29 -33 imp:n,p 1 $Pb2
124 4 -11.29 -34 imp:n,p 1 $Pb3
125 4 -11.29 -35 imp:n,p 1 $Pb4
126 4 -11.29 -36 imp:n,p 1 $Pb5
127 4 -11.29 -37 imp:n,p 1 $Pb6
128 3 -1.5 -38 imp:n,p 1 $BA1
129 3 -1.5 -39 imp:n,p 1 $BA2
130 6 -2.7 -40 imp:n,p 1 $Al
131 7 -7.92 301 -302 303 -304 imp:n,p 1 $Fe-tube
132 5 -7.8 -401 imp:n,p 1 $Fe
133 5 -7.8 -402 imp:n,p 1 $Fe
c @@@@@@@@@@ Wheels @@@@@@@@@@@@@@@@@
c
21 13 -0.92 -41 42 imp:n,p 1 $Wheel 1
211 13 -0.92 -421 422 imp:n,p 1 $Wheel 1
212 13 -0.92 -423 424 imp:n,p 1 $Wheel 1
22 13 -0.92 -43 44 imp:n,p 1 $Wheel 2
221 13 -0.92 -441 442 imp:n,p 1 $Wheel 2
222 13 -0.92 -443 444 imp:n,p 1 $Wheel 2
23 13 -0.92 -45 46 imp:n,p 1 $Wheel 3
231 13 -0.92 -461 462 imp:n,p 1 $Wheel 3
232 13 -0.92 -463 464 imp:n,p 1 $Wheel 3
24 13 -0.92 -47 48 imp:n,p 1 $Wheel 4
241 13 -0.92 -481 482 imp:n,p 1 $Wheel 4
242 13 -0.92 -483 484 imp:n,p 1 $Wheel 4
c
c @@@@@@@@@@ SOIL VOLUME @@@@@@@@@@@
c
300000 400000 -2.156 20010 -20011 20020 -20021 20030 -20031 imp:n,p 1
300001 400001 -2.156 20010 -20011 20020 -20021 20031 -20032 imp:n,p 1
300002 400002 -2.156 20010 -20011 20020 -20021 20032 -20033 imp:n,p 1
300003 400003 -2.156 20010 -20011 20020 -20021 20033 -20034 imp:n,p 1
300004 400004 -2.156 20010 -20011 20020 -20021 20034 -20035 imp:n,p 1
300005 400005 -2.156 20011 -20012 20020 -20021 20030 -20031 imp:n,p 1
300006 400006 -2.156 20011 -20012 20020 -20021 20031 -20032 imp:n,p 1
300007 400007 -2.156 20011 -20012 20020 -20021 20032 -20033 imp:n,p 1
300008 400008 -2.156 20011 -20012 20020 -20021 20033 -20034 imp:n,p 1
300009 400009 -2.156 20011 -20012 20020 -20021 20034 -20035 imp:n,p 1
300010 400010 -2.156 20012 -20013 20020 -20021 20030 -20031 imp:n,p 1
300011 400011 -2.156 20012 -20013 20020 -20021 20031 -20032 imp:n,p 1
300012 400012 -2.156 20012 -20013 20020 -20021 20032 -20033 imp:n,p 1
300013 400013 -2.156 20012 -20013 20020 -20021 20033 -20034 imp:n,p 1
300014 400014 -2.156 20012 -20013 20020 -20021 20034 -20035 imp:n,p 1
300015 400015 -2.156 20013 -20014 20020 -20021 20030 -20031 imp:n,p 1
300016 400016 -2.156 20013 -20014 20020 -20021 20031 -20032 imp:n,p 1
300017 400017 -2.156 20013 -20014 20020 -20021 20032 -20033 imp:n,p 1
300018 400018 -2.156 20013 -20014 20020 -20021 20033 -20034 imp:n,p 1
300019 400019 -2.156 20013 -20014 20020 -20021 20034 -20035 imp:n,p 1
300020 400020 -2.156 20014 -20015 20020 -20021 20030 -20031 imp:n,p 1
300021 400021 -2.156 20014 -20015 20020 -20021 20031 -20032 imp:n,p 1
300022 400022 -2.156 20014 -20015 20020 -20021 20032 -20033 imp:n,p 1
300023 400023 -2.156 20014 -20015 20020 -20021 20033 -20034 imp:n,p 1
300024 400024 -2.156 20014 -20015 20020 -20021 20034 -20035 imp:n,p 1
300025 400025 -2.156 20010 -20011 20021 -20022 20030 -20031 imp:n,p 1
300026 400026 -2.156 20010 -20011 20021 -20022 20031 -20032 imp:n,p 1
300027 400027 -2.156 20010 -20011 20021 -20022 20032 -20033 imp:n,p 1
300028 400028 -2.156 20010 -20011 20021 -20022 20033 -20034 imp:n,p 1
300029 400029 -2.156 20010 -20011 20021 -20022 20034 -20035 imp:n,p 1
300030 400030 -2.156 20011 -20012 20021 -20022 20030 -20031 imp:n,p 1
300031 400031 -2.156 20011 -20012 20021 -20022 20031 -20032 imp:n,p 1
300032 400032 -2.156 20011 -20012 20021 -20022 20032 -20033 imp:n,p 1
300033 400033 -2.156 20011 -20012 20021 -20022 20033 -20034 imp:n,p 1
300034 400034 -2.156 20011 -20012 20021 -20022 20034 -20035 imp:n,p 1
300035 400035 -2.156 20012 -20013 20021 -20022 20030 -20031 imp:n,p 1
300036 400036 -2.156 20012 -20013 20021 -20022 20031 -20032 imp:n,p 1
300037 400037 -2.156 20012 -20013 20021 -20022 20032 -20033 imp:n,p 1
300038 400038 -2.156 20012 -20013 20021 -20022 20033 -20034 imp:n,p 1
300039 400039 -2.156 20012 -20013 20021 -20022 20034 -20035 imp:n,p 1
300040 400040 -2.156 20013 -20014 20021 -20022 20030 -20031 imp:n,p 1
300041 400041 -2.156 20013 -20014 20021 -20022 20031 -20032 imp:n,p 1
300042 400042 -2.156 20013 -20014 20021 -20022 20032 -20033 imp:n,p 1
300043 400043 -2.156 20013 -20014 20021 -20022 20033 -20034 imp:n,p 1
300044 400044 -2.156 20013 -20014 20021 -20022 20034 -20035 imp:n,p 1
300045 400045 -2.156 20014 -20015 20021 -20022 20030 -20031 imp:n,p 1
300046 400046 -2.156 20014 -20015 20021 -20022 20031 -20032 imp:n,p 1
300047 400047 -2.156 20014 -20015 20021 -20022 20032 -20033 imp:n,p 1
300048 400048 -2.156 20014 -20015 20021 -20022 20033 -20034 imp:n,p 1
300049 400049 -2.156 20014 -20015 20021 -20022 20034 -20035 imp:n,p 1
300050 400050 -2.156 20010 -20011 20022 -20023 20030 -20031 imp:n,p 1
300051 400051 -2.156 20010 -20011 20022 -20023 20031 -20032 imp:n,p 1
300052 400052 -2.156 20010 -20011 20022 -20023 20032 -20033 imp:n,p 1
300053 400053 -2.156 20010 -20011 20022 -20023 20033 -20034 imp:n,p 1
300054 400054 -2.156 20010 -20011 20022 -20023 20034 -20035 imp:n,p 1
300055 400055 -2.156 20011 -20012 20022 -20023 20030 -20031 imp:n,p 1
300056 400056 -2.156 20011 -20012 20022 -20023 20031 -20032 imp:n,p 1
300057 400057 -2.156 20011 -20012 20022 -20023 20032 -20033 imp:n,p 1
300058 400058 -2.156 20011 -20012 20022 -20023 20033 -20034 imp:n,p 1
300059 400059 -2.156 20011 -20012 20022 -20023 20034 -20035 imp:n,p 1
300060 400060 -2.156 20012 -20013 20022 -20023 20030 -20031 imp:n,p 1
300061 400061 -2.156 20012 -20013 20022 -20023 20031 -20032 imp:n,p 1
300062 400062 -2.156 20012 -20013 20022 -20023 20032 -20033 imp:n,p 1
300063 400063 -2.156 20012 -20013 20022 -20023 20033 -20034 imp:n,p 1
300064 400064 -2.156 20012 -20013 20022 -20023 20034 -20035 imp:n,p 1
300065 400065 -2.156 20013 -20014 20022 -20023 20030 -20031 imp:n,p 1
300066 400066 -2.156 20013 -20014 20022 -20023 20031 -20032 imp:n,p 1
300067 400067 -2.156 20013 -20014 20022 -20023 20032 -20033 imp:n,p 1
300068 400068 -2.156 20013 -20014 20022 -20023 20033 -20034 imp:n,p 1
300069 400069 -2.156 20013 -20014 20022 -20023 20034 -20035 imp:n,p 1
300070 400070 -2.156 20014 -20015 20022 -20023 20030 -20031 imp:n,p 1
300071 400071 -2.156 20014 -20015 20022 -20023 20031 -20032 imp:n,p 1
300072 400072 -2.156 20014 -20015 20022 -20023 20032 -20033 imp:n,p 1
300073 400073 -2.156 20014 -20015 20022 -20023 20033 -20034 imp:n,p 1
300074 400074 -2.156 20014 -20015 20022 -20023 20034 -20035 imp:n,p 1
300075 400075 -2.156 20010 -20011 20023 -20024 20030 -20031 imp:n,p 1
300076 400076 -2.156 20010 -20011 20023 -20024 20031 -20032 imp:n,p 1
300077 400077 -2.156 20010 -20011 20023 -20024 20032 -20033 imp:n,p 1
300078 400078 -2.156 20010 -20011 20023 -20024 20033 -20034 imp:n,p 1
300079 400079 -2.156 20010 -20011 20023 -20024 20034 -20035 imp:n,p 1
300080 400080 -2.156 20011 -20012 20023 -20024 20030 -20031 imp:n,p 1
300081 400081 -2.156 20011 -20012 20023 -20024 20031 -20032 imp:n,p 1
300082 400082 -2.156 20011 -20012 20023 -20024 20032 -20033 imp:n,p 1
300083 400083 -2.156 20011 -20012 20023 -20024 20033 -20034 imp:n,p 1
300084 400084 -2.156 20011 -20012 20023 -20024 20034 -20035 imp:n,p 1
300085 400085 -2.156 20012 -20013 20023 -20024 20030 -20031 imp:n,p 1
300086 400086 -2.156 20012 -20013 20023 -20024 20031 -20032 imp:n,p 1
300087 400087 -2.156 20012 -20013 20023 -20024 20032 -20033 imp:n,p 1
300088 400088 -2.156 20012 -20013 20023 -20024 20033 -20034 imp:n,p 1
300089 400089 -2.156 20012 -20013 20023 -20024 20034 -20035 imp:n,p 1
300090 400090 -2.156 20013 -20014 20023 -20024 20030 -20031 imp:n,p 1
300091 400091 -2.156 20013 -20014 20023 -20024 20031 -20032 imp:n,p 1
300092 400092 -2.156 20013 -20014 20023 -20024 20032 -20033 imp:n,p 1
300093 400093 -2.156 20013 -20014 20023 -20024 20033 -20034 imp:n,p 1
300094 400094 -2.156 20013 -20014 20023 -20024 20034 -20035 imp:n,p 1
300095 400095 -2.156 20014 -20015 20023 -20024 20030 -20031 imp:n,p 1
300096 400096 -2.156 20014 -20015 20023 -20024 20031 -20032 imp:n,p 1
300097 400097 -2.156 20014 -20015 20023 -20024 20032 -20033 imp:n,p 1
300098 400098 -2.156 20014 -20015 20023 -20024 20033 -20034 imp:n,p 1
300099 400099 -2.156 20014 -20015 20023 -20024 20034 -20035 imp:n,p 1
300100 400100 -2.156 20010 -20011 20024 -20025 20030 -20031 imp:n,p 1
300101 400101 -2.156 20010 -20011 20024 -20025 20031 -20032 imp:n,p 1
300102 400102 -2.156 20010 -20011 20024 -20025 20032 -20033 imp:n,p 1
300103 400103 -2.156 20010 -20011 20024 -20025 20033 -20034 imp:n,p 1
300104 400104 -2.156 20010 -20011 20024 -20025 20034 -20035 imp:n,p 1
300105 400105 -2.156 20011 -20012 20024 -20025 20030 -20031 imp:n,p 1
300106 400106 -2.156 20011 -20012 20024 -20025 20031 -20032 imp:n,p 1
300107 400107 -2.156 20011 -20012 20024 -20025 20032 -20033 imp:n,p 1
300108 400108 -2.156 20011 -20012 20024 -20025 20033 -20034 imp:n,p 1
300109 400109 -2.156 20011 -20012 20024 -20025 20034 -20035 imp:n,p 1
300110 400110 -2.156 20012 -20013 20024 -20025 20030 -20031 imp:n,p 1
300111 400111 -2.156 20012 -20013 20024 -20025 20031 -20032 imp:n,p 1
300112 400112 -2.156 20012 -20013 20024 -20025 20032 -20033 imp:n,p 1
300113 400113 -2.156 20012 -20013 20024 -20025 20033 -20034 imp:n,p 1
300114 400114 -2.156 20012 -20013 20024 -20025 20034 -20035 imp:n,p 1
300115 400115 -2.156 20013 -20014 20024 -20025 20030 -20031 imp:n,p 1
300116 400116 -2.156 20013 -20014 20024 -20025 20031 -20032 imp:n,p 1
300117 400117 -2.156 20013 -20014 20024 -20025 20032 -20033 imp:n,p 1
300118 400118 -2.156 20013 -20014 20024 -20025 20033 -20034 imp:n,p 1
300119 400119 -2.156 20013 -20014 20024 -20025 20034 -20035 imp:n,p 1
300120 400120 -2.156 20014 -20015 20024 -20025 20030 -20031 imp:n,p 1
300121 400121 -2.156 20014 -20015 20024 -20025 20031 -20032 imp:n,p 1
300122 400122 -2.156 20014 -20015 20024 -20025 20032 -20033 imp:n,p 1
300123 400123 -2.156 20014 -20015 20024 -20025 20033 -20034 imp:n,p 1
300124 400124 -2.156 20014 -20015 20024 -20025 20034 -20035 imp:n,p 1
c
30 12 -0.00129 -200 #101 #121 #122 #123 #124 #125 #126 #127 #128 #129 #130 #131 #132 #133
        #21 #211 #212 #22 #221 #222 #23 #231 #232 #24 #241 #242 #20 imp:n,p 1 $Rest of the World
31 0 200 imp:n,p 0 $Outside world

c SURFACE CARDS
c
c Sample Volume
20010 px -56.0
20011 px -33.600000000000364
20012 px -11.199999999999818
20013 px 11.199999999999818
20014 px 33.600000000000364
20015 px 56.0
20020 py -45.0
20021 py -27.0
20022 py -9.0
20023 py 9.0
20024 py 27.0
20025 py 45.0
20030 pz 92.0
20031 pz 82.0
20032 pz 72.0
20033 pz 62.0
20034 pz 52.0
20035 pz 42.0
c Active Detector Region
21 rcc 56  -5.0 -1.0   0.0 20.3 0.0   4.5 $Detector 1 Base center, Hx,Hy,Hz, radius
c Shielding Surfaces
c Shielding Pb
31 rpp 19 29 -7.5 7.5 -11 9 $PbPE xmin xmax ymin ymax zmin zmax
32 rpp 9 19 4 9 -11 9 $Pb xmin xmax ymin ymax zmin zmax
33 rpp 9 19 -9 -4 -11 9 $Pb xmin xmax ymin ymax zmin zmax
34 rpp 19 29 7.5 12.5 -11 9 $Pb xmin xmax ymin ymax zmin zmax
35 rpp 19 29 -12.5 -7.5 -11 9 $Pb xmin xmax ymin ymax zmin zmax
36 rpp 29 34 -15 15 -11 9 $Pb xmin xmax ymin ymax zmin zmax
37 rpp 9 19 -4 4 4 9 $Pb xmin xmax ymin ymax zmin zmax
38 rpp -26 26 18 28 -11 9 $BA1 xmin xmax ymin ymax zmin zmax
39 rpp -26 26 -28 -18 -11 9 $BA2 xmin xmax ymin ymax zmin zmax
40 rpp -65 65 -28 28 10 10.5 $Al xmin xmax ymin ymax zmin zmax
401 rpp -27 27 29 34 -11 9 $Fe xmin xmax ymin ymax zmin zmax
402 rpp -27 27 -34 -29 -11 9 $Fe xmin xmax ymin ymax zmin zmax
301 px -20
302 px 18
303 cx 3.71
304 cx 3.81
c Wheels Surfaces
c 23/10.5-12 turf tires, 22.6 lb rubber
c diameter 29cm, tread width 25cm, and sidewall height 13.76 cm
c set thickness of all sides 1.3 cm (s.t. weight is 22.6 lb)
41 rcc -2 77 8   0.0 25 0.0 29 $wheel 1 outer tread surface
42 rcc -2 77 8   0.0 25 0.0 27.7 $wheel 1 inner tread surface
421 rcc -2 75.7 8   0.0 1.3 0.0 29 $wheel 1 outside sidewall exterior
422 rcc -2 75.7 8   0.0 1.3 0.0 15.24 $wheel 1 outside sidewall interior
423 rcc -2 102 8   0.0 1.3 0.0 29 $wheel 1 inside sidewall exterior
424 rcc -2 102 8   0.0 1.3 0.0 15.24 $wheel 1 inside sidewall interior
43 rcc 68 77 8   0.0 25 0.0 29 $wheel 2
44 rcc 68 77 8   0.0 25 0.0 27.7
441 rcc 68 75.7 8   0.0 1.3 0.0 29
442 rcc 68 75.7 8   0.0 1.3 0.0 15.24
443 rcc 68 102 8   0.0 1.3 0.0 29
444 rcc 68 102 8   0.0 1.3 0.0 15.24
45 rcc -2 -77 8   0.0 -25 0.0 29 $wheel 3
46 rcc -2 -77 8   0.0 -25 0.0 27.7
461 rcc -2 -75.7 8   0.0 -1.3 0.0 29
462 rcc -2 -75.7 8   0.0 -1.3 0.0 15.24
463 rcc -2 -102 8   0.0 -1.3 0.0 29
464 rcc -2 -102 8   0.0 -1.3 0.0 15.24
47 rcc 68 -77 8   0.0 -25 0.0 29 $wheel 4
48 rcc 68 -77 8   0.0 -25 0.0 27.7
481 rcc 68 -75.7 8   0.0 -1.3 0.0 29
482 rcc 68 -75.7 8   0.0 -1.3 0.0 15.24
483 rcc 68 -102 8   0.0 -1.3 0.0 29
484 rcc 68 -102 8   0.0 -1.3 0.0 15.24
200 so 800    $sphere of 800cm centered at origin
c

c DATA CARDS
mode n p
c dump every hr
prdmp -60 -60 -1
c 100 keV Neutron Energy Cutoff
Cut:n 1j 0.1
c analog neutron transport
phys:n 1j 14
phys:p
sdef pos=0 0 0 erg=14.0 vec= 0 0 1 dir=d1
si1  -1 .93 1
sp1   0  0.0  1.0
c ********************
c begin material cards
c ********************
c Pure Carbon
c ****************************************
m400000 6000 -0.00043365965971873936 7000 -0.00043365965971873936 14000 -0.9991326806805627 
m400001 6000 -0.0018184232512330693 7000 -0.0018184232512330693 14000 -0.9963631534975338 
m400002 6000 -0.004086477134772457 7000 -0.004086477134772457 14000 -0.9918270457304551 
m400003 6000 -0.0061328722476332795 7000 -0.0061328722476332795 14000 -0.9877342555047335 
m400004 6000 -0.007958430478928616 7000 -0.007958430478928616 14000 -0.9840831390421425 
m400005 6000 -0.00044976941006643164 7000 -0.00044976941006643164 14000 -0.999100461179867 
m400006 6000 -0.0019625000611626932 7000 -0.0019625000611626932 14000 -0.9960749998776748 
m400007 6000 -0.0038500786907071766 7000 -0.0038500786907071766 14000 -0.992299842618586 
m400008 6000 -0.005858612624102069 7000 -0.005858612624102069 14000 -0.9882827747517957 
m400009 6000 -0.008015330226018977 7000 -0.008015330226018977 14000 -0.9839693395479623 
m400010 6000 -0.0005646852618052469 7000 -0.0005646852618052469 14000 -0.9988706294763895 
m400011 6000 -0.0019164107724006327 7000 -0.0019164107724006327 14000 -0.9961671784551985 
m400012 6000 -0.0040070868116910815 7000 -0.0040070868116910815 14000 -0.9919858263766175 
m400013 6000 -0.006046310675942532 7000 -0.006046310675942532 14000 -0.9879073786481147 
m400014 6000 -0.00804098518302778 7000 -0.00804098518302778 14000 -0.9839180296339443 
m400015 6000 -0.0005469363934238156 7000 -0.0005469363934238156 14000 -0.9989061272131523 
m400016 6000 -0.002206229152620725 7000 -0.002206229152620725 14000 -0.9955875416947587 
m400017 6000 -0.003987226222764959 7000 -0.003987226222764959 14000 -0.9920255475544698 
m400018 6000 -0.005508932639910238 7000 -0.005508932639910238 14000 -0.9889821347201795 
m400019 6000 -0.008118945639426365 7000 -0.008118945639426365 14000 -0.9837621087211474 
m400020 6000 -0.00041615935254588727 7000 -0.00041615935254588727 14000 -0.9991676812949082 
m400021 6000 -0.002257458264426268 7000 -0.002257458264426268 14000 -0.9954850834711475 
m400022 6000 -0.003889774542840502 7000 -0.003889774542840502 14000 -0.992220450914319 
m400023 6000 -0.006078206669047134 7000 -0.006078206669047134 14000 -0.9878435866619057 
m400024 6000 -0.007788281964424964 7000 -0.007788281964424964 14000 -0.98442343607115 
m400025 6000 -0.0006562267118669141 7000 -0.0006562267118669141 14000 -0.9986875465762666 
m400026 6000 -0.0019775307932566257 7000 -0.0019775307932566257 14000 -0.9960449384134868 
m400027 6000 -0.004045697410840266 7000 -0.004045697410840266 14000 -0.9919086051783195 
m400028 6000 -0.006164678209086074 7000 -0.006164678209086074 14000 -0.9876706435818275 
m400029 6000 -0.007977394211453648 7000 -0.007977394211453648 14000 -0.9840452115770928 
m400030 6000 -0.0005861903211046005 7000 -0.0005861903211046005 14000 -0.9988276193577909 
m400031 6000 -0.0020736067504839566 7000 -0.0020736067504839566 14000 -0.9958527864990318 
m400032 6000 -0.004041791683411317 7000 -0.004041791683411317 14000 -0.9919164166331772 
m400033 6000 -0.00591695761154093 7000 -0.00591695761154093 14000 -0.988166084776918 
m400034 6000 -0.007933331388625692 7000 -0.007933331388625692 14000 -0.9841333372227485 
m400035 6000 -0.0005380532171824736 7000 -0.0005380532171824736 14000 -0.9989238935656348 
m400036 6000 -0.0018873242116757205 7000 -0.0018873242116757205 14000 -0.9962253515766484 
m400037 6000 -0.004071191379636124 7000 -0.004071191379636124 14000 -0.9918576172407276 
m400038 6000 -0.0058652341838374015 7000 -0.0058652341838374015 14000 -0.9882695316323254 
m400039 6000 -0.008117557284360467 7000 -0.008117557284360467 14000 -0.9837648854312789 
m400040 6000 -0.0003998971446488291 7000 -0.0003998971446488291 14000 -0.9992002057107026 
m400041 6000 -0.0016678365347065956 7000 -0.0016678365347065956 14000 -0.9966643269305867 
m400042 6000 -0.003816908380956891 7000 -0.003816908380956891 14000 -0.9923661832380861 
m400043 6000 -0.0061118411496027284 7000 -0.0061118411496027284 14000 -0.9877763177007945 
m400044 6000 -0.00780505400816143 7000 -0.00780505400816143 14000 -0.9843898919836771 
m400045 6000 -0.0005537802154345401 7000 -0.0005537802154345401 14000 -0.9988924395691309 
m400046 6000 -0.0019419502874738741 7000 -0.0019419502874738741 14000 -0.9961160994250524 
m400047 6000 -0.00394642071878045 7000 -0.00394642071878045 14000 -0.9921071585624395 
m400048 6000 -0.006150699620389733 7000 -0.006150699620389733 14000 -0.9876986007592207 
m400049 6000 -0.008156938151968735 7000 -0.008156938151968735 14000 -0.9836861236960623 
m400050 6000 -0.0006075586916864856 7000 -0.0006075586916864856 14000 -0.9987848826166268 
m400051 6000 -0.002177739695627281 7000 -0.002177739695627281 14000 -0.995644520608746 
m400052 6000 -0.0037924908162170145 7000 -0.0037924908162170145 14000 -0.9924150183675658 
m400053 6000 -0.006158495079814709 7000 -0.006158495079814709 14000 -0.9876830098403704 
m400054 6000 -0.00804211557073788 7000 -0.00804211557073788 14000 -0.9839157688585245 
m400055 6000 -0.0005390494834498906 7000 -0.0005390494834498906 14000 -0.9989219010331003 
m400056 6000 -0.0022489356826977196 7000 -0.0022489356826977196 14000 -0.9955021286346046 
m400057 6000 -0.004209408440717748 7000 -0.004209408440717748 14000 -0.9915811831185644 
m400058 6000 -0.005851256360750168 7000 -0.005851256360750168 14000 -0.9882974872784998 
m400059 6000 -0.007857427747180767 7000 -0.007857427747180767 14000 -0.9842851445056385 
m400060 6000 -0.0005631975134616456 7000 -0.0005631975134616456 14000 -0.9988736049730766 
m400061 6000 -0.001896532148797371 7000 -0.001896532148797371 14000 -0.9962069357024056 
m400062 6000 -0.003858068825222787 7000 -0.003858068825222787 14000 -0.9922838623495545 
m400063 6000 -0.006050229048840998 7000 -0.006050229048840998 14000 -0.9878995419023182 
m400064 6000 -0.007930108431317851 7000 -0.007930108431317851 14000 -0.9841397831373645 
m400065 6000 -0.0005596236444295581 7000 -0.0005596236444295581 14000 -0.9988807527111409 
m400066 6000 -0.0019273317645455475 7000 -0.0019273317645455475 14000 -0.9961453364709087 
m400067 6000 -0.0038783176966054097 7000 -0.0038783176966054097 14000 -0.9922433646067894 
m400068 6000 -0.006011893443809381 7000 -0.006011893443809381 14000 -0.9879762131123815 
m400069 6000 -0.00800958210238431 7000 -0.00800958210238431 14000 -0.9839808357952314 
m400070 6000 -0.0005701869592030555 7000 -0.0005701869592030555 14000 -0.9988596260815941 
m400071 6000 -0.0018839777348798712 7000 -0.0018839777348798712 14000 -0.9962320445302401 
m400072 6000 -0.004252106395942186 7000 -0.004252106395942186 14000 -0.9914957872081154 
m400073 6000 -0.0058017349177628096 7000 -0.0058017349177628096 14000 -0.9883965301644743 
m400074 6000 -0.0077347158644064185 7000 -0.0077347158644064185 14000 -0.9845305682711871 
m400075 6000 -0.00047686370570553557 7000 -0.00047686370570553557 14000 -0.9990462725885891 
m400076 6000 -0.0021415947489836083 7000 -0.0021415947489836083 14000 -0.9957168105020326 
m400077 6000 -0.004159006742954989 7000 -0.004159006742954989 14000 -0.9916819865140905 
m400078 6000 -0.005774008069283604 7000 -0.005774008069283604 14000 -0.988451983861433 
m400079 6000 -0.008014394381558808 7000 -0.008014394381558808 14000 -0.9839712112368824 
m400080 6000 -0.0004370213403442175 7000 -0.0004370213403442175 14000 -0.9991259573193116 
m400081 6000 -0.0017960235889829092 7000 -0.0017960235889829092 14000 -0.9964079528220344 
m400082 6000 -0.004222096307943044 7000 -0.004222096307943044 14000 -0.991555807384114 
m400083 6000 -0.005778299145693391 7000 -0.005778299145693391 14000 -0.9884434017086133 
m400084 6000 -0.007928585680384731 7000 -0.007928585680384731 14000 -0.9841428286392306 
m400085 6000 -0.0005137408057633494 7000 -0.0005137408057633494 14000 -0.9989725183884733 
m400086 6000 -0.00213477382717682 7000 -0.00213477382717682 14000 -0.9957304523456466 
m400087 6000 -0.003886281255067217 7000 -0.003886281255067217 14000 -0.9922274374898656 
m400088 6000 -0.005829464724974114 7000 -0.005829464724974114 14000 -0.9883410705500515 
m400089 6000 -0.007823978649022754 7000 -0.007823978649022754 14000 -0.9843520427019545 
m400090 6000 -0.00042139729135447863 7000 -0.00042139729135447863 14000 -0.999157205417291 
m400091 6000 -0.002122543274220244 7000 -0.002122543274220244 14000 -0.995754913451559 
m400092 6000 -0.003985047251958303 7000 -0.003985047251958303 14000 -0.9920299054960836 
m400093 6000 -0.005842409692554178 7000 -0.005842409692554178 14000 -0.9883151806148913 
m400094 6000 -0.008044317742100772 7000 -0.008044317742100772 14000 -0.9839113645157984 
m400095 6000 -0.00046513362242126054 7000 -0.00046513362242126054 14000 -0.9990697327551576 
m400096 6000 -0.001680794065692889 7000 -0.001680794065692889 14000 -0.9966384118686145 
m400097 6000 -0.0043660692958406595 7000 -0.0043660692958406595 14000 -0.9912678614083188 
m400098 6000 -0.006129137478913995 7000 -0.006129137478913995 14000 -0.9877417250421721 
m400099 6000 -0.00798909169573313 7000 -0.00798909169573313 14000 -0.9840218166085338 
m400100 6000 -0.0005500423291023488 7000 -0.0005500423291023488 14000 -0.9988999153417953 
m400101 6000 -0.0018852952528770727 7000 -0.0018852952528770727 14000 -0.9962294094942458 
m400102 6000 -0.003818317074913072 7000 -0.003818317074913072 14000 -0.9923633658501739 
m400103 6000 -0.0058542070418858725 7000 -0.0058542070418858725 14000 -0.988291585916228 
m400104 6000 -0.007924278173458397 7000 -0.007924278173458397 14000 -0.9841514436530834 
m400105 6000 -0.0006237708168288908 7000 -0.0006237708168288908 14000 -0.9987524583663423 
m400106 6000 -0.001853824708530995 7000 -0.001853824708530995 14000 -0.996292350582938 
m400107 6000 -0.003784632493196963 7000 -0.003784632493196963 14000 -0.9924307350136062 
m400108 6000 -0.0058620510994539 7000 -0.0058620510994539 14000 -0.9882758978010923 
m400109 6000 -0.008177849749668963 7000 -0.008177849749668963 14000 -0.9836443005006622 
m400110 6000 -0.000493101809749983 7000 -0.000493101809749983 14000 -0.9990137963805 
m400111 6000 -0.0020408830454914416 7000 -0.0020408830454914416 14000 -0.9959182339090169 
m400112 6000 -0.004331477712398837 7000 -0.004331477712398837 14000 -0.9913370445752021 
m400113 6000 -0.006182392434847864 7000 -0.006182392434847864 14000 -0.9876352151303043 
m400114 6000 -0.007857732394385893 7000 -0.007857732394385893 14000 -0.9842845352112285 
m400115 6000 -0.0004270464210860115 7000 -0.0004270464210860115 14000 -0.9991459071578279 
m400116 6000 -0.0022509632950499293 7000 -0.0022509632950499293 14000 -0.9954980734099002 
m400117 6000 -0.00400842195087623 7000 -0.00400842195087623 14000 -0.9919831560982475 
m400118 6000 -0.005964608556854542 7000 -0.005964608556854542 14000 -0.9880707828862905 
m400119 6000 -0.007923222412799823 7000 -0.007923222412799823 14000 -0.9841535551744003 
m400120 6000 -0.00046989913011660973 7000 -0.00046989913011660973 14000 -0.9990602017397668 
m400121 6000 -0.0019833478137759562 7000 -0.0019833478137759562 14000 -0.996033304372448 
m400122 6000 -0.003961290387505614 7000 -0.003961290387505614 14000 -0.9920774192249886 
m400123 6000 -0.006025003374434064 7000 -0.006025003374434064 14000 -0.987949993251132 
m400124 6000 -0.007901639613057697 7000 -0.007901639613057697 14000 -0.9841967207738849 
c **********************************
c PE+Pb, dens=4.78 g/cm3
m2      6000    -0.04286 $Carbon
        1001    -0.00714 $Hydrogen
        82000   -0.95000 $Lead
c **********************************
m3    1001 -0.048535 $Boric acid
      5010 -0.034981
      5011 -0.139923
      8016 -0.776561
c **********************************
m4    82000 1 $Lead
c **********************************
m5 26000 1 $Iron
c **********************************
m6     13027   -1.000 $ Aluminum
c **********************************
c  SS-304 (8.00 g/cm3), #298 in PNNL Compendium
m7   006000.50c -0.0004000
     014000.60c -0.0050000
     015031.50c -0.0002300
     016000.60c -0.0001500
     024000.50c -0.1899981
     025055.60c -0.0099999
     026000.50c -0.7017229
     028000.50c -0.0924991
c ****************************************
c       LaBr detector
c ****************************************
m8       35079    -0.2946       $ Br79
         35081    -0.3069       $ Br81
         57139    -0.3485       $ La139
         58140    -0.0500       $ Ce140
c ************ air den=1.15e-3g/cc
m12     8016 -0.23
        7014 -0.77
c ************ Rubber Natural den=0.92 g/cc
m13     1001 -0.118371  $weight fraction
        6000 -0.881629
c
c end material cards
c
rand seed=8674536546524321 $different initial random #; seed# - any less 18 digits
c
c ********** begin tallies *********************
fc78 *********Broadened Pulse Height Tally Sum of Detectors 1,2 & 3 ***********
e78 0 1e-5 932i 8.4295
F78:p (101)
FT78 GEB -0.026198 0.059551 -0.037176
fc18 *********Unbroadened Pulse Height Tally Sum of Detectors 1,2 & 3 ***********
e18 0 1e-5 932i 8.4295
F18:p (101)
c ***********************************
c mplot tal 78 freq 10000
nps 1e9
