c CAS DETECTOR
c w/ Shielding in Place and Wheels
c
c CELL CARDS
c
c @@@@@@@@@@ Detectors @@@@@@@@@@@@@@@@@
c
101 8 -5.08 -21 imp:n,p 1 $LaBr Detector #1 Active Region
c
c @@@@@@@@@ Shielding @@@@@@@@@@@@@@@@@
c
121 2 -4.78 -31 imp:n,p 1 $PE_Pb
122 4 -11.29 -32 imp:n,p 1 $Pb1
123 4 -11.29 -33 imp:n,p 1 $Pb2
124 4 -11.29 -34 imp:n,p 1 $Pb3
125 4 -11.29 -35 imp:n,p 1 $Pb4
126 4 -11.29 -36 imp:n,p 1 $Pb5
127 4 -11.29 -37 imp:n,p 1 $Pb6
128 3 -1.5 -38 imp:n,p 1 $BA1
129 3 -1.5 -39 imp:n,p 1 $BA2
130 6 -2.7 -40 imp:n,p 1 $Al
131 7 -7.92 301 -302 303 -304 imp:n,p 1 $Fe-tube
132 5 -7.8 -401 imp:n,p 1 $Fe
133 5 -7.8 -402 imp:n,p 1 $Fe
c @@@@@@@@@@ Wheels @@@@@@@@@@@@@@@@@
c
21 13 -0.92 -41 42 imp:n,p 1 $Wheel 1
211 13 -0.92 -421 422 imp:n,p 1 $Wheel 1
212 13 -0.92 -423 424 imp:n,p 1 $Wheel 1
22 13 -0.92 -43 44 imp:n,p 1 $Wheel 2
221 13 -0.92 -441 442 imp:n,p 1 $Wheel 2
222 13 -0.92 -443 444 imp:n,p 1 $Wheel 2
23 13 -0.92 -45 46 imp:n,p 1 $Wheel 3
231 13 -0.92 -461 462 imp:n,p 1 $Wheel 3
232 13 -0.92 -463 464 imp:n,p 1 $Wheel 3
24 13 -0.92 -47 48 imp:n,p 1 $Wheel 4
241 13 -0.92 -481 482 imp:n,p 1 $Wheel 4
242 13 -0.92 -483 484 imp:n,p 1 $Wheel 4
c
c @@@@@@@@@@ SOIL VOLUME @@@@@@@@@@@
c
300000 400000 -2.156 20010 -20011 20020 -20021 20030 -20031 imp:n,p 1
300001 400001 -2.156 20010 -20011 20020 -20021 20031 -20032 imp:n,p 1
300002 400002 -2.156 20010 -20011 20020 -20021 20032 -20033 imp:n,p 1
300003 400003 -2.156 20010 -20011 20020 -20021 20033 -20034 imp:n,p 1
300004 400004 -2.156 20010 -20011 20020 -20021 20034 -20035 imp:n,p 1
300005 400005 -2.156 20011 -20012 20020 -20021 20030 -20031 imp:n,p 1
300006 400006 -2.156 20011 -20012 20020 -20021 20031 -20032 imp:n,p 1
300007 400007 -2.156 20011 -20012 20020 -20021 20032 -20033 imp:n,p 1
300008 400008 -2.156 20011 -20012 20020 -20021 20033 -20034 imp:n,p 1
300009 400009 -2.156 20011 -20012 20020 -20021 20034 -20035 imp:n,p 1
300010 400010 -2.156 20012 -20013 20020 -20021 20030 -20031 imp:n,p 1
300011 400011 -2.156 20012 -20013 20020 -20021 20031 -20032 imp:n,p 1
300012 400012 -2.156 20012 -20013 20020 -20021 20032 -20033 imp:n,p 1
300013 400013 -2.156 20012 -20013 20020 -20021 20033 -20034 imp:n,p 1
300014 400014 -2.156 20012 -20013 20020 -20021 20034 -20035 imp:n,p 1
300015 400015 -2.156 20013 -20014 20020 -20021 20030 -20031 imp:n,p 1
300016 400016 -2.156 20013 -20014 20020 -20021 20031 -20032 imp:n,p 1
300017 400017 -2.156 20013 -20014 20020 -20021 20032 -20033 imp:n,p 1
300018 400018 -2.156 20013 -20014 20020 -20021 20033 -20034 imp:n,p 1
300019 400019 -2.156 20013 -20014 20020 -20021 20034 -20035 imp:n,p 1
300020 400020 -2.156 20014 -20015 20020 -20021 20030 -20031 imp:n,p 1
300021 400021 -2.156 20014 -20015 20020 -20021 20031 -20032 imp:n,p 1
300022 400022 -2.156 20014 -20015 20020 -20021 20032 -20033 imp:n,p 1
300023 400023 -2.156 20014 -20015 20020 -20021 20033 -20034 imp:n,p 1
300024 400024 -2.156 20014 -20015 20020 -20021 20034 -20035 imp:n,p 1
300025 400025 -2.156 20010 -20011 20021 -20022 20030 -20031 imp:n,p 1
300026 400026 -2.156 20010 -20011 20021 -20022 20031 -20032 imp:n,p 1
300027 400027 -2.156 20010 -20011 20021 -20022 20032 -20033 imp:n,p 1
300028 400028 -2.156 20010 -20011 20021 -20022 20033 -20034 imp:n,p 1
300029 400029 -2.156 20010 -20011 20021 -20022 20034 -20035 imp:n,p 1
300030 400030 -2.156 20011 -20012 20021 -20022 20030 -20031 imp:n,p 1
300031 400031 -2.156 20011 -20012 20021 -20022 20031 -20032 imp:n,p 1
300032 400032 -2.156 20011 -20012 20021 -20022 20032 -20033 imp:n,p 1
300033 400033 -2.156 20011 -20012 20021 -20022 20033 -20034 imp:n,p 1
300034 400034 -2.156 20011 -20012 20021 -20022 20034 -20035 imp:n,p 1
300035 400035 -2.156 20012 -20013 20021 -20022 20030 -20031 imp:n,p 1
300036 400036 -2.156 20012 -20013 20021 -20022 20031 -20032 imp:n,p 1
300037 400037 -2.156 20012 -20013 20021 -20022 20032 -20033 imp:n,p 1
300038 400038 -2.156 20012 -20013 20021 -20022 20033 -20034 imp:n,p 1
300039 400039 -2.156 20012 -20013 20021 -20022 20034 -20035 imp:n,p 1
300040 400040 -2.156 20013 -20014 20021 -20022 20030 -20031 imp:n,p 1
300041 400041 -2.156 20013 -20014 20021 -20022 20031 -20032 imp:n,p 1
300042 400042 -2.156 20013 -20014 20021 -20022 20032 -20033 imp:n,p 1
300043 400043 -2.156 20013 -20014 20021 -20022 20033 -20034 imp:n,p 1
300044 400044 -2.156 20013 -20014 20021 -20022 20034 -20035 imp:n,p 1
300045 400045 -2.156 20014 -20015 20021 -20022 20030 -20031 imp:n,p 1
300046 400046 -2.156 20014 -20015 20021 -20022 20031 -20032 imp:n,p 1
300047 400047 -2.156 20014 -20015 20021 -20022 20032 -20033 imp:n,p 1
300048 400048 -2.156 20014 -20015 20021 -20022 20033 -20034 imp:n,p 1
300049 400049 -2.156 20014 -20015 20021 -20022 20034 -20035 imp:n,p 1
300050 400050 -2.156 20010 -20011 20022 -20023 20030 -20031 imp:n,p 1
300051 400051 -2.156 20010 -20011 20022 -20023 20031 -20032 imp:n,p 1
300052 400052 -2.156 20010 -20011 20022 -20023 20032 -20033 imp:n,p 1
300053 400053 -2.156 20010 -20011 20022 -20023 20033 -20034 imp:n,p 1
300054 400054 -2.156 20010 -20011 20022 -20023 20034 -20035 imp:n,p 1
300055 400055 -2.156 20011 -20012 20022 -20023 20030 -20031 imp:n,p 1
300056 400056 -2.156 20011 -20012 20022 -20023 20031 -20032 imp:n,p 1
300057 400057 -2.156 20011 -20012 20022 -20023 20032 -20033 imp:n,p 1
300058 400058 -2.156 20011 -20012 20022 -20023 20033 -20034 imp:n,p 1
300059 400059 -2.156 20011 -20012 20022 -20023 20034 -20035 imp:n,p 1
300060 400060 -2.156 20012 -20013 20022 -20023 20030 -20031 imp:n,p 1
300061 400061 -2.156 20012 -20013 20022 -20023 20031 -20032 imp:n,p 1
300062 400062 -2.156 20012 -20013 20022 -20023 20032 -20033 imp:n,p 1
300063 400063 -2.156 20012 -20013 20022 -20023 20033 -20034 imp:n,p 1
300064 400064 -2.156 20012 -20013 20022 -20023 20034 -20035 imp:n,p 1
300065 400065 -2.156 20013 -20014 20022 -20023 20030 -20031 imp:n,p 1
300066 400066 -2.156 20013 -20014 20022 -20023 20031 -20032 imp:n,p 1
300067 400067 -2.156 20013 -20014 20022 -20023 20032 -20033 imp:n,p 1
300068 400068 -2.156 20013 -20014 20022 -20023 20033 -20034 imp:n,p 1
300069 400069 -2.156 20013 -20014 20022 -20023 20034 -20035 imp:n,p 1
300070 400070 -2.156 20014 -20015 20022 -20023 20030 -20031 imp:n,p 1
300071 400071 -2.156 20014 -20015 20022 -20023 20031 -20032 imp:n,p 1
300072 400072 -2.156 20014 -20015 20022 -20023 20032 -20033 imp:n,p 1
300073 400073 -2.156 20014 -20015 20022 -20023 20033 -20034 imp:n,p 1
300074 400074 -2.156 20014 -20015 20022 -20023 20034 -20035 imp:n,p 1
300075 400075 -2.156 20010 -20011 20023 -20024 20030 -20031 imp:n,p 1
300076 400076 -2.156 20010 -20011 20023 -20024 20031 -20032 imp:n,p 1
300077 400077 -2.156 20010 -20011 20023 -20024 20032 -20033 imp:n,p 1
300078 400078 -2.156 20010 -20011 20023 -20024 20033 -20034 imp:n,p 1
300079 400079 -2.156 20010 -20011 20023 -20024 20034 -20035 imp:n,p 1
300080 400080 -2.156 20011 -20012 20023 -20024 20030 -20031 imp:n,p 1
300081 400081 -2.156 20011 -20012 20023 -20024 20031 -20032 imp:n,p 1
300082 400082 -2.156 20011 -20012 20023 -20024 20032 -20033 imp:n,p 1
300083 400083 -2.156 20011 -20012 20023 -20024 20033 -20034 imp:n,p 1
300084 400084 -2.156 20011 -20012 20023 -20024 20034 -20035 imp:n,p 1
300085 400085 -2.156 20012 -20013 20023 -20024 20030 -20031 imp:n,p 1
300086 400086 -2.156 20012 -20013 20023 -20024 20031 -20032 imp:n,p 1
300087 400087 -2.156 20012 -20013 20023 -20024 20032 -20033 imp:n,p 1
300088 400088 -2.156 20012 -20013 20023 -20024 20033 -20034 imp:n,p 1
300089 400089 -2.156 20012 -20013 20023 -20024 20034 -20035 imp:n,p 1
300090 400090 -2.156 20013 -20014 20023 -20024 20030 -20031 imp:n,p 1
300091 400091 -2.156 20013 -20014 20023 -20024 20031 -20032 imp:n,p 1
300092 400092 -2.156 20013 -20014 20023 -20024 20032 -20033 imp:n,p 1
300093 400093 -2.156 20013 -20014 20023 -20024 20033 -20034 imp:n,p 1
300094 400094 -2.156 20013 -20014 20023 -20024 20034 -20035 imp:n,p 1
300095 400095 -2.156 20014 -20015 20023 -20024 20030 -20031 imp:n,p 1
300096 400096 -2.156 20014 -20015 20023 -20024 20031 -20032 imp:n,p 1
300097 400097 -2.156 20014 -20015 20023 -20024 20032 -20033 imp:n,p 1
300098 400098 -2.156 20014 -20015 20023 -20024 20033 -20034 imp:n,p 1
300099 400099 -2.156 20014 -20015 20023 -20024 20034 -20035 imp:n,p 1
300100 400100 -2.156 20010 -20011 20024 -20025 20030 -20031 imp:n,p 1
300101 400101 -2.156 20010 -20011 20024 -20025 20031 -20032 imp:n,p 1
300102 400102 -2.156 20010 -20011 20024 -20025 20032 -20033 imp:n,p 1
300103 400103 -2.156 20010 -20011 20024 -20025 20033 -20034 imp:n,p 1
300104 400104 -2.156 20010 -20011 20024 -20025 20034 -20035 imp:n,p 1
300105 400105 -2.156 20011 -20012 20024 -20025 20030 -20031 imp:n,p 1
300106 400106 -2.156 20011 -20012 20024 -20025 20031 -20032 imp:n,p 1
300107 400107 -2.156 20011 -20012 20024 -20025 20032 -20033 imp:n,p 1
300108 400108 -2.156 20011 -20012 20024 -20025 20033 -20034 imp:n,p 1
300109 400109 -2.156 20011 -20012 20024 -20025 20034 -20035 imp:n,p 1
300110 400110 -2.156 20012 -20013 20024 -20025 20030 -20031 imp:n,p 1
300111 400111 -2.156 20012 -20013 20024 -20025 20031 -20032 imp:n,p 1
300112 400112 -2.156 20012 -20013 20024 -20025 20032 -20033 imp:n,p 1
300113 400113 -2.156 20012 -20013 20024 -20025 20033 -20034 imp:n,p 1
300114 400114 -2.156 20012 -20013 20024 -20025 20034 -20035 imp:n,p 1
300115 400115 -2.156 20013 -20014 20024 -20025 20030 -20031 imp:n,p 1
300116 400116 -2.156 20013 -20014 20024 -20025 20031 -20032 imp:n,p 1
300117 400117 -2.156 20013 -20014 20024 -20025 20032 -20033 imp:n,p 1
300118 400118 -2.156 20013 -20014 20024 -20025 20033 -20034 imp:n,p 1
300119 400119 -2.156 20013 -20014 20024 -20025 20034 -20035 imp:n,p 1
300120 400120 -2.156 20014 -20015 20024 -20025 20030 -20031 imp:n,p 1
300121 400121 -2.156 20014 -20015 20024 -20025 20031 -20032 imp:n,p 1
300122 400122 -2.156 20014 -20015 20024 -20025 20032 -20033 imp:n,p 1
300123 400123 -2.156 20014 -20015 20024 -20025 20033 -20034 imp:n,p 1
300124 400124 -2.156 20014 -20015 20024 -20025 20034 -20035 imp:n,p 1
c
30 12 -0.00129 -200 #101 #121 #122 #123 #124 #125 #126 #127 #128 #129 #130 #131 #132 #133
        #21 #211 #212 #22 #221 #222 #23 #231 #232 #24 #241 #242 #20 imp:n,p 1 $Rest of the World
31 0 200 imp:n,p 0 $Outside world

c SURFACE CARDS
c
c Sample Volume
20010 px -56.0
20011 px -33.59999999999991
20012 px -11.200000000000045
20013 px 11.200000000000045
20014 px 33.59999999999991
20015 px 56.0
20020 py -45.0
20021 py -27.0
20022 py -9.0
20023 py 9.0
20024 py 27.0
20025 py 45.0
20030 pz 92.0
20031 pz 82.0
20032 pz 72.0
20033 pz 62.0
20034 pz 52.0
20035 pz 42.0
c Active Detector Region
21 rcc 56  -5.0 -1.0   0.0 20.3 0.0   4.5 $Detector 1 Base center, Hx,Hy,Hz, radius
c Shielding Surfaces
c Shielding Pb
31 rpp 19 29 -7.5 7.5 -11 9 $PbPE xmin xmax ymin ymax zmin zmax
32 rpp 9 19 4 9 -11 9 $Pb xmin xmax ymin ymax zmin zmax
33 rpp 9 19 -9 -4 -11 9 $Pb xmin xmax ymin ymax zmin zmax
34 rpp 19 29 7.5 12.5 -11 9 $Pb xmin xmax ymin ymax zmin zmax
35 rpp 19 29 -12.5 -7.5 -11 9 $Pb xmin xmax ymin ymax zmin zmax
36 rpp 29 34 -15 15 -11 9 $Pb xmin xmax ymin ymax zmin zmax
37 rpp 9 19 -4 4 4 9 $Pb xmin xmax ymin ymax zmin zmax
38 rpp -26 26 18 28 -11 9 $BA1 xmin xmax ymin ymax zmin zmax
39 rpp -26 26 -28 -18 -11 9 $BA2 xmin xmax ymin ymax zmin zmax
40 rpp -65 65 -28 28 10 10.5 $Al xmin xmax ymin ymax zmin zmax
401 rpp -27 27 29 34 -11 9 $Fe xmin xmax ymin ymax zmin zmax
402 rpp -27 27 -34 -29 -11 9 $Fe xmin xmax ymin ymax zmin zmax
301 px -20
302 px 18
303 cx 3.71
304 cx 3.81
c Wheels Surfaces
c 23/10.5-12 turf tires, 22.6 lb rubber
c diameter 29cm, tread width 25cm, and sidewall height 13.76 cm
c set thickness of all sides 1.3 cm (s.t. weight is 22.6 lb)
41 rcc -2 77 8   0.0 25 0.0 29 $wheel 1 outer tread surface
42 rcc -2 77 8   0.0 25 0.0 27.7 $wheel 1 inner tread surface
421 rcc -2 75.7 8   0.0 1.3 0.0 29 $wheel 1 outside sidewall exterior
422 rcc -2 75.7 8   0.0 1.3 0.0 15.24 $wheel 1 outside sidewall interior
423 rcc -2 102 8   0.0 1.3 0.0 29 $wheel 1 inside sidewall exterior
424 rcc -2 102 8   0.0 1.3 0.0 15.24 $wheel 1 inside sidewall interior
43 rcc 68 77 8   0.0 25 0.0 29 $wheel 2
44 rcc 68 77 8   0.0 25 0.0 27.7
441 rcc 68 75.7 8   0.0 1.3 0.0 29
442 rcc 68 75.7 8   0.0 1.3 0.0 15.24
443 rcc 68 102 8   0.0 1.3 0.0 29
444 rcc 68 102 8   0.0 1.3 0.0 15.24
45 rcc -2 -77 8   0.0 -25 0.0 29 $wheel 3
46 rcc -2 -77 8   0.0 -25 0.0 27.7
461 rcc -2 -75.7 8   0.0 -1.3 0.0 29
462 rcc -2 -75.7 8   0.0 -1.3 0.0 15.24
463 rcc -2 -102 8   0.0 -1.3 0.0 29
464 rcc -2 -102 8   0.0 -1.3 0.0 15.24
47 rcc 68 -77 8   0.0 -25 0.0 29 $wheel 4
48 rcc 68 -77 8   0.0 -25 0.0 27.7
481 rcc 68 -75.7 8   0.0 -1.3 0.0 29
482 rcc 68 -75.7 8   0.0 -1.3 0.0 15.24
483 rcc 68 -102 8   0.0 -1.3 0.0 29
484 rcc 68 -102 8   0.0 -1.3 0.0 15.24
200 so 800    $sphere of 800cm centered at origin
c

c DATA CARDS
mode n p
c dump every hr
prdmp -60 -60 -1
c 100 keV Neutron Energy Cutoff
Cut:n 1j 0.1
c analog neutron transport
phys:n 1j 14
phys:p
sdef pos=0 0 0 erg=14.0 vec= 0 0 1 dir=d1
si1  -1 .93 1
sp1   0  0.0  1.0
c ********************
c begin material cards
c ********************
c Pure Carbon
c ****************************************
m400000 6000 -0.0005999641083539759 7000 -0.0005999641083539759 14000 -0.9988000717832922 
m400001 6000 -0.002163255177348853 7000 -0.002163255177348853 14000 -0.9956734896453021 
m400002 6000 -0.003917815828945074 7000 -0.003917815828945074 14000 -0.9921643683421095 
m400003 6000 -0.006021919613017726 7000 -0.006021919613017726 14000 -0.9879561607739644 
m400004 6000 -0.007896853893648813 7000 -0.007896853893648813 14000 -0.9842062922127022 
m400005 6000 -0.0005840976054396557 7000 -0.0005840976054396557 14000 -0.9988318047891208 
m400006 6000 -0.002257854642573285 7000 -0.002257854642573285 14000 -0.9954842907148533 
m400007 6000 -0.0039969564113589585 7000 -0.0039969564113589585 14000 -0.9920060871772819 
m400008 6000 -0.006137586657324489 7000 -0.006137586657324489 14000 -0.9877248266853509 
m400009 6000 -0.007999598940810404 7000 -0.007999598940810404 14000 -0.984000802118379 
m400010 6000 -0.0005485353391743908 7000 -0.0005485353391743908 14000 -0.9989029293216509 
m400011 6000 -0.0018668193193873653 7000 -0.0018668193193873653 14000 -0.9962663613612253 
m400012 6000 -0.003958540205834295 7000 -0.003958540205834295 14000 -0.9920829195883316 
m400013 6000 -0.00594639056762888 7000 -0.00594639056762888 14000 -0.9881072188647422 
m400014 6000 -0.008198639778910184 7000 -0.008198639778910184 14000 -0.9836027204421797 
m400015 6000 -0.0007318951681512108 7000 -0.0007318951681512108 14000 -0.9985362096636973 
m400016 6000 -0.001750781052832287 7000 -0.001750781052832287 14000 -0.9964984378943355 
m400017 6000 -0.0042146812802021085 7000 -0.0042146812802021085 14000 -0.9915706374395961 
m400018 6000 -0.0059180173027799255 7000 -0.0059180173027799255 14000 -0.9881639653944404 
m400019 6000 -0.00793497195573762 7000 -0.00793497195573762 14000 -0.9841300560885248 
m400020 6000 -0.0005173403819647672 7000 -0.0005173403819647672 14000 -0.9989653192360706 
m400021 6000 -0.0019782702465891266 7000 -0.0019782702465891266 14000 -0.9960434595068216 
m400022 6000 -0.0039764666818844704 7000 -0.0039764666818844704 14000 -0.9920470666362309 
m400023 6000 -0.006083427984108065 7000 -0.006083427984108065 14000 -0.9878331440317838 
m400024 6000 -0.00817332156921505 7000 -0.00817332156921505 14000 -0.9836533568615695 
m400025 6000 -0.00038718026800464516 7000 -0.00038718026800464516 14000 -0.9992256394639907 
m400026 6000 -0.001771040373197543 7000 -0.001771040373197543 14000 -0.9964579192536049 
m400027 6000 -0.00400660176906899 7000 -0.00400660176906899 14000 -0.991986796461862 
m400028 6000 -0.005706897925522797 7000 -0.005706897925522797 14000 -0.9885862041489542 
m400029 6000 -0.008016968737608137 7000 -0.008016968737608137 14000 -0.9839660625247838 
m400030 6000 -0.000524277726980298 7000 -0.000524277726980298 14000 -0.9989514445460395 
m400031 6000 -0.0023928266239105706 7000 -0.0023928266239105706 14000 -0.9952143467521788 
m400032 6000 -0.00387997297732065 7000 -0.00387997297732065 14000 -0.992240054045359 
m400033 6000 -0.006163916113252517 7000 -0.006163916113252517 14000 -0.9876721677734948 
m400034 6000 -0.008176443778097538 7000 -0.008176443778097538 14000 -0.9836471124438048 
m400035 6000 -0.00043482555428899373 7000 -0.00043482555428899373 14000 -0.9991303488914219 
m400036 6000 -0.0021642594950264564 7000 -0.0021642594950264564 14000 -0.9956714810099472 
m400037 6000 -0.003965498394148153 7000 -0.003965498394148153 14000 -0.9920690032117037 
m400038 6000 -0.006046776682504502 7000 -0.006046776682504502 14000 -0.9879064466349909 
m400039 6000 -0.008103925364570387 7000 -0.008103925364570387 14000 -0.9837921492708596 
m400040 6000 -0.0005247699106776403 7000 -0.0005247699106776403 14000 -0.9989504601786448 
m400041 6000 -0.002081778420456439 7000 -0.002081778420456439 14000 -0.9958364431590871 
m400042 6000 -0.003777278889977043 7000 -0.003777278889977043 14000 -0.9924454422200459 
m400043 6000 -0.00585229802018863 7000 -0.00585229802018863 14000 -0.9882954039596226 
m400044 6000 -0.007830098663481961 7000 -0.007830098663481961 14000 -0.9843398026730362 
m400045 6000 -0.0003606903803771567 7000 -0.0003606903803771567 14000 -0.9992786192392458 
m400046 6000 -0.002005336012459688 7000 -0.002005336012459688 14000 -0.9959893279750807 
m400047 6000 -0.003944053171380615 7000 -0.003944053171380615 14000 -0.992111893657239 
m400048 6000 -0.0059172790216001055 7000 -0.0059172790216001055 14000 -0.9881654419568001 
m400049 6000 -0.008038513020856938 7000 -0.008038513020856938 14000 -0.9839229739582863 
m400050 6000 -0.0006354394974581683 7000 -0.0006354394974581683 14000 -0.9987291210050835 
m400051 6000 -0.002168432055012895 7000 -0.002168432055012895 14000 -0.995663135889974 
m400052 6000 -0.004142267981434405 7000 -0.004142267981434405 14000 -0.9917154640371308 
m400053 6000 -0.00594410549152159 7000 -0.00594410549152159 14000 -0.9881117890169568 
m400054 6000 -0.0077026186228828794 7000 -0.0077026186228828794 14000 -0.9845947627542344 
m400055 6000 -0.0007275466835482123 7000 -0.0007275466835482123 14000 -0.9985449066329036 
m400056 6000 -0.0018549451876116306 7000 -0.0018549451876116306 14000 -0.9962901096247768 
m400057 6000 -0.003987435756718609 7000 -0.003987435756718609 14000 -0.9920251284865622 
m400058 6000 -0.006035240368438639 7000 -0.006035240368438639 14000 -0.9879295192631227 
m400059 6000 -0.008174970206266348 7000 -0.008174970206266348 14000 -0.9836500595874673 
m400060 6000 -0.0005724205331608082 7000 -0.0005724205331608082 14000 -0.998855158933678 
m400061 6000 -0.0019242610073429147 7000 -0.0019242610073429147 14000 -0.996151477985314 
m400062 6000 -0.003957111987058497 7000 -0.003957111987058497 14000 -0.9920857760258833 
m400063 6000 -0.005831448401180416 7000 -0.005831448401180416 14000 -0.9883371031976392 
m400064 6000 -0.008071396654964896 7000 -0.008071396654964896 14000 -0.9838572066900703 
m400065 6000 -0.00045601078466112527 7000 -0.00045601078466112527 14000 -0.9990879784306779 
m400066 6000 -0.002211126235233741 7000 -0.002211126235233741 14000 -0.9955777475295325 
m400067 6000 -0.004096636552296683 7000 -0.004096636552296683 14000 -0.9918067268954064 
m400068 6000 -0.006161699022905376 7000 -0.006161699022905376 14000 -0.9876766019541889 
m400069 6000 -0.007971404307009676 7000 -0.007971404307009676 14000 -0.9840571913859807 
m400070 6000 -0.0005712865350878285 7000 -0.0005712865350878285 14000 -0.9988574269298244 
m400071 6000 -0.0019936906434468104 7000 -0.0019936906434468104 14000 -0.9960126187131065 
m400072 6000 -0.003919019427045073 7000 -0.003919019427045073 14000 -0.9921619611459098 
m400073 6000 -0.006090357281477867 7000 -0.006090357281477867 14000 -0.987819285437044 
m400074 6000 -0.008049998910206253 7000 -0.008049998910206253 14000 -0.9839000021795876 
m400075 6000 -0.0006181376509567891 7000 -0.0006181376509567891 14000 -0.9987637246980864 
m400076 6000 -0.0018788977743459958 7000 -0.0018788977743459958 14000 -0.9962422044513078 
m400077 6000 -0.0040572153123284 7000 -0.0040572153123284 14000 -0.9918855693753434 
m400078 6000 -0.005882442229673731 7000 -0.005882442229673731 14000 -0.9882351155406528 
m400079 6000 -0.008202864382641908 7000 -0.008202864382641908 14000 -0.9835942712347161 
m400080 6000 -0.00058137380172642 7000 -0.00058137380172642 14000 -0.9988372523965471 
m400081 6000 -0.0019059156823851662 7000 -0.0019059156823851662 14000 -0.99618816863523 
m400082 6000 -0.0037818405373552405 7000 -0.0037818405373552405 14000 -0.9924363189252894 
m400083 6000 -0.005669333353305414 7000 -0.005669333353305414 14000 -0.9886613332933891 
m400084 6000 -0.007934740631485063 7000 -0.007934740631485063 14000 -0.9841305187370302 
m400085 6000 -0.000613112659073964 7000 -0.000613112659073964 14000 -0.998773774681852 
m400086 6000 -0.002070080854898651 7000 -0.002070080854898651 14000 -0.9958598382902027 
m400087 6000 -0.004070343110014446 7000 -0.004070343110014446 14000 -0.991859313779971 
m400088 6000 -0.005875333813600717 7000 -0.005875333813600717 14000 -0.9882493323727986 
m400089 6000 -0.00829223502975145 7000 -0.00829223502975145 14000 -0.9834155299404973 
m400090 6000 -0.00032506075919318115 7000 -0.00032506075919318115 14000 -0.9993498784816137 
m400091 6000 -0.002290490225798808 7000 -0.002290490225798808 14000 -0.9954190195484023 
m400092 6000 -0.004137135698002173 7000 -0.004137135698002173 14000 -0.9917257286039957 
m400093 6000 -0.005856368694527443 7000 -0.005856368694527443 14000 -0.9882872626109451 
m400094 6000 -0.008017129510079095 7000 -0.008017129510079095 14000 -0.983965740979842 
m400095 6000 -0.0004367257568901136 7000 -0.0004367257568901136 14000 -0.9991265484862198 
m400096 6000 -0.0022172564892360327 7000 -0.0022172564892360327 14000 -0.9955654870215279 
m400097 6000 -0.0037605446976333606 7000 -0.0037605446976333606 14000 -0.9924789106047333 
m400098 6000 -0.006117264846104412 7000 -0.006117264846104412 14000 -0.9877654703077912 
m400099 6000 -0.007992769170133534 7000 -0.007992769170133534 14000 -0.9840144616597332 
m400100 6000 -0.000541107031121917 7000 -0.000541107031121917 14000 -0.9989177859377562 
m400101 6000 -0.0020703069752645233 7000 -0.0020703069752645233 14000 -0.9958593860494706 
m400102 6000 -0.003985408046956564 7000 -0.003985408046956564 14000 -0.9920291839060869 
m400103 6000 -0.005771582545611133 7000 -0.005771582545611133 14000 -0.9884568349087773 
m400104 6000 -0.00802824174188019 7000 -0.00802824174188019 14000 -0.9839435165162395 
m400105 6000 -0.0003996773620830349 7000 -0.0003996773620830349 14000 -0.999200645275834 
m400106 6000 -0.0017986297584325155 7000 -0.0017986297584325155 14000 -0.9964027404831348 
m400107 6000 -0.004025926377429629 7000 -0.004025926377429629 14000 -0.9919481472451405 
m400108 6000 -0.005896535737953608 7000 -0.005896535737953608 14000 -0.9882069285240925 
m400109 6000 -0.008004938307619908 7000 -0.008004938307619908 14000 -0.98399012338476 
m400110 6000 -0.0006183716718621942 7000 -0.0006183716718621942 14000 -0.9987632566562759 
m400111 6000 -0.00184119596615605 7000 -0.00184119596615605 14000 -0.9963176080676878 
m400112 6000 -0.003910202312152366 7000 -0.003910202312152366 14000 -0.9921795953756954 
m400113 6000 -0.0061948966862227705 7000 -0.0061948966862227705 14000 -0.9876102066275542 
m400114 6000 -0.008005451038172465 7000 -0.008005451038172465 14000 -0.9839890979236549 
m400115 6000 -0.0005199708961582359 7000 -0.0005199708961582359 14000 -0.9989600582076835 
m400116 6000 -0.0018718191841778926 7000 -0.0018718191841778926 14000 -0.9962563616316443 
m400117 6000 -0.003858959527078987 7000 -0.003858959527078987 14000 -0.9922820809458419 
m400118 6000 -0.006009400725034535 7000 -0.006009400725034535 14000 -0.9879811985499309 
m400119 6000 -0.007824359434497177 7000 -0.007824359434497177 14000 -0.9843512811310055 
m400120 6000 -0.0004228356055993993 7000 -0.0004228356055993993 14000 -0.9991543287888013 
m400121 6000 -0.0018697423240269435 7000 -0.0018697423240269435 14000 -0.996260515351946 
m400122 6000 -0.003942287480705935 7000 -0.003942287480705935 14000 -0.9921154250385881 
m400123 6000 -0.0059637956498062175 7000 -0.0059637956498062175 14000 -0.9880724087003876 
m400124 6000 -0.00807910354112646 7000 -0.00807910354112646 14000 -0.983841792917747 
c **********************************
c PE+Pb, dens=4.78 g/cm3
m2      6000    -0.04286 $Carbon
        1001    -0.00714 $Hydrogen
        82000   -0.95000 $Lead
c **********************************
m3    1001 -0.048535 $Boric acid
      5010 -0.034981
      5011 -0.139923
      8016 -0.776561
c **********************************
m4    82000 1 $Lead
c **********************************
m5 26000 1 $Iron
c **********************************
m6     13027   -1.000 $ Aluminum
c **********************************
c  SS-304 (8.00 g/cm3), #298 in PNNL Compendium
m7   006000.50c -0.0004000
     014000.60c -0.0050000
     015031.50c -0.0002300
     016000.60c -0.0001500
     024000.50c -0.1899981
     025055.60c -0.0099999
     026000.50c -0.7017229
     028000.50c -0.0924991
c ****************************************
c       LaBr detector
c ****************************************
m8       35079    -0.2946       $ Br79
         35081    -0.3069       $ Br81
         57139    -0.3485       $ La139
         58140    -0.0500       $ Ce140
c ************ air den=1.15e-3g/cc
m12     8016 -0.23
        7014 -0.77
c ************ Rubber Natural den=0.92 g/cc
m13     1001 -0.118371  $weight fraction
        6000 -0.881629
c
c end material cards
c
rand seed=8674536546524321 $different initial random #; seed# - any less 18 digits
c
c ********** begin tallies *********************
fc78 *********Broadened Pulse Height Tally Sum of Detectors 1,2 & 3 ***********
e78 0 1e-5 932i 8.4295
F78:p (101)
FT78 GEB -0.026198 0.059551 -0.037176
fc18 *********Unbroadened Pulse Height Tally Sum of Detectors 1,2 & 3 ***********
e18 0 1e-5 932i 8.4295
F18:p (101)
c ***********************************
c mplot tal 78 freq 10000
nps 1e9
