c CAS DETECTOR
c w/ Shielding in Place and Wheels
c
c CELL CARDS
c
c @@@@@@@@@@ Detectors @@@@@@@@@@@@@@@@@
c
101 8 -5.08 -21 imp:n,p 1 $LaBr Detector #1 Active Region
c
c @@@@@@@@@ Shielding @@@@@@@@@@@@@@@@@
c
121 2 -4.78 -31 imp:n,p 1 $PE_Pb
122 4 -11.29 -32 imp:n,p 1 $Pb1
123 4 -11.29 -33 imp:n,p 1 $Pb2
124 4 -11.29 -34 imp:n,p 1 $Pb3
125 4 -11.29 -35 imp:n,p 1 $Pb4
126 4 -11.29 -36 imp:n,p 1 $Pb5
127 4 -11.29 -37 imp:n,p 1 $Pb6
128 3 -1.5 -38 imp:n,p 1 $BA1
129 3 -1.5 -39 imp:n,p 1 $BA2
130 6 -2.7 -40 imp:n,p 1 $Al
131 7 -7.92 301 -302 303 -304 imp:n,p 1 $Fe-tube
132 5 -7.8 -401 imp:n,p 1 $Fe
133 5 -7.8 -402 imp:n,p 1 $Fe
c @@@@@@@@@@ Wheels @@@@@@@@@@@@@@@@@
c
21 13 -0.92 -41 42 imp:n,p 1 $Wheel 1
211 13 -0.92 -421 422 imp:n,p 1 $Wheel 1
212 13 -0.92 -423 424 imp:n,p 1 $Wheel 1
22 13 -0.92 -43 44 imp:n,p 1 $Wheel 2
221 13 -0.92 -441 442 imp:n,p 1 $Wheel 2
222 13 -0.92 -443 444 imp:n,p 1 $Wheel 2
23 13 -0.92 -45 46 imp:n,p 1 $Wheel 3
231 13 -0.92 -461 462 imp:n,p 1 $Wheel 3
232 13 -0.92 -463 464 imp:n,p 1 $Wheel 3
24 13 -0.92 -47 48 imp:n,p 1 $Wheel 4
241 13 -0.92 -481 482 imp:n,p 1 $Wheel 4
242 13 -0.92 -483 484 imp:n,p 1 $Wheel 4
c
c @@@@@@@@@@ SOIL VOLUME @@@@@@@@@@@
c
300000 400000 -2.156 20010 -20011 20020 -20021 20030 -20031 imp:n,p 1
300001 400001 -2.156 20010 -20011 20020 -20021 20031 -20032 imp:n,p 1
300002 400002 -2.156 20010 -20011 20020 -20021 20032 -20033 imp:n,p 1
300003 400003 -2.156 20010 -20011 20020 -20021 20033 -20034 imp:n,p 1
300004 400004 -2.156 20010 -20011 20020 -20021 20034 -20035 imp:n,p 1
300005 400005 -2.156 20011 -20012 20020 -20021 20030 -20031 imp:n,p 1
300006 400006 -2.156 20011 -20012 20020 -20021 20031 -20032 imp:n,p 1
300007 400007 -2.156 20011 -20012 20020 -20021 20032 -20033 imp:n,p 1
300008 400008 -2.156 20011 -20012 20020 -20021 20033 -20034 imp:n,p 1
300009 400009 -2.156 20011 -20012 20020 -20021 20034 -20035 imp:n,p 1
300010 400010 -2.156 20012 -20013 20020 -20021 20030 -20031 imp:n,p 1
300011 400011 -2.156 20012 -20013 20020 -20021 20031 -20032 imp:n,p 1
300012 400012 -2.156 20012 -20013 20020 -20021 20032 -20033 imp:n,p 1
300013 400013 -2.156 20012 -20013 20020 -20021 20033 -20034 imp:n,p 1
300014 400014 -2.156 20012 -20013 20020 -20021 20034 -20035 imp:n,p 1
300015 400015 -2.156 20013 -20014 20020 -20021 20030 -20031 imp:n,p 1
300016 400016 -2.156 20013 -20014 20020 -20021 20031 -20032 imp:n,p 1
300017 400017 -2.156 20013 -20014 20020 -20021 20032 -20033 imp:n,p 1
300018 400018 -2.156 20013 -20014 20020 -20021 20033 -20034 imp:n,p 1
300019 400019 -2.156 20013 -20014 20020 -20021 20034 -20035 imp:n,p 1
300020 400020 -2.156 20014 -20015 20020 -20021 20030 -20031 imp:n,p 1
300021 400021 -2.156 20014 -20015 20020 -20021 20031 -20032 imp:n,p 1
300022 400022 -2.156 20014 -20015 20020 -20021 20032 -20033 imp:n,p 1
300023 400023 -2.156 20014 -20015 20020 -20021 20033 -20034 imp:n,p 1
300024 400024 -2.156 20014 -20015 20020 -20021 20034 -20035 imp:n,p 1
300025 400025 -2.156 20010 -20011 20021 -20022 20030 -20031 imp:n,p 1
300026 400026 -2.156 20010 -20011 20021 -20022 20031 -20032 imp:n,p 1
300027 400027 -2.156 20010 -20011 20021 -20022 20032 -20033 imp:n,p 1
300028 400028 -2.156 20010 -20011 20021 -20022 20033 -20034 imp:n,p 1
300029 400029 -2.156 20010 -20011 20021 -20022 20034 -20035 imp:n,p 1
300030 400030 -2.156 20011 -20012 20021 -20022 20030 -20031 imp:n,p 1
300031 400031 -2.156 20011 -20012 20021 -20022 20031 -20032 imp:n,p 1
300032 400032 -2.156 20011 -20012 20021 -20022 20032 -20033 imp:n,p 1
300033 400033 -2.156 20011 -20012 20021 -20022 20033 -20034 imp:n,p 1
300034 400034 -2.156 20011 -20012 20021 -20022 20034 -20035 imp:n,p 1
300035 400035 -2.156 20012 -20013 20021 -20022 20030 -20031 imp:n,p 1
300036 400036 -2.156 20012 -20013 20021 -20022 20031 -20032 imp:n,p 1
300037 400037 -2.156 20012 -20013 20021 -20022 20032 -20033 imp:n,p 1
300038 400038 -2.156 20012 -20013 20021 -20022 20033 -20034 imp:n,p 1
300039 400039 -2.156 20012 -20013 20021 -20022 20034 -20035 imp:n,p 1
300040 400040 -2.156 20013 -20014 20021 -20022 20030 -20031 imp:n,p 1
300041 400041 -2.156 20013 -20014 20021 -20022 20031 -20032 imp:n,p 1
300042 400042 -2.156 20013 -20014 20021 -20022 20032 -20033 imp:n,p 1
300043 400043 -2.156 20013 -20014 20021 -20022 20033 -20034 imp:n,p 1
300044 400044 -2.156 20013 -20014 20021 -20022 20034 -20035 imp:n,p 1
300045 400045 -2.156 20014 -20015 20021 -20022 20030 -20031 imp:n,p 1
300046 400046 -2.156 20014 -20015 20021 -20022 20031 -20032 imp:n,p 1
300047 400047 -2.156 20014 -20015 20021 -20022 20032 -20033 imp:n,p 1
300048 400048 -2.156 20014 -20015 20021 -20022 20033 -20034 imp:n,p 1
300049 400049 -2.156 20014 -20015 20021 -20022 20034 -20035 imp:n,p 1
300050 400050 -2.156 20010 -20011 20022 -20023 20030 -20031 imp:n,p 1
300051 400051 -2.156 20010 -20011 20022 -20023 20031 -20032 imp:n,p 1
300052 400052 -2.156 20010 -20011 20022 -20023 20032 -20033 imp:n,p 1
300053 400053 -2.156 20010 -20011 20022 -20023 20033 -20034 imp:n,p 1
300054 400054 -2.156 20010 -20011 20022 -20023 20034 -20035 imp:n,p 1
300055 400055 -2.156 20011 -20012 20022 -20023 20030 -20031 imp:n,p 1
300056 400056 -2.156 20011 -20012 20022 -20023 20031 -20032 imp:n,p 1
300057 400057 -2.156 20011 -20012 20022 -20023 20032 -20033 imp:n,p 1
300058 400058 -2.156 20011 -20012 20022 -20023 20033 -20034 imp:n,p 1
300059 400059 -2.156 20011 -20012 20022 -20023 20034 -20035 imp:n,p 1
300060 400060 -2.156 20012 -20013 20022 -20023 20030 -20031 imp:n,p 1
300061 400061 -2.156 20012 -20013 20022 -20023 20031 -20032 imp:n,p 1
300062 400062 -2.156 20012 -20013 20022 -20023 20032 -20033 imp:n,p 1
300063 400063 -2.156 20012 -20013 20022 -20023 20033 -20034 imp:n,p 1
300064 400064 -2.156 20012 -20013 20022 -20023 20034 -20035 imp:n,p 1
300065 400065 -2.156 20013 -20014 20022 -20023 20030 -20031 imp:n,p 1
300066 400066 -2.156 20013 -20014 20022 -20023 20031 -20032 imp:n,p 1
300067 400067 -2.156 20013 -20014 20022 -20023 20032 -20033 imp:n,p 1
300068 400068 -2.156 20013 -20014 20022 -20023 20033 -20034 imp:n,p 1
300069 400069 -2.156 20013 -20014 20022 -20023 20034 -20035 imp:n,p 1
300070 400070 -2.156 20014 -20015 20022 -20023 20030 -20031 imp:n,p 1
300071 400071 -2.156 20014 -20015 20022 -20023 20031 -20032 imp:n,p 1
300072 400072 -2.156 20014 -20015 20022 -20023 20032 -20033 imp:n,p 1
300073 400073 -2.156 20014 -20015 20022 -20023 20033 -20034 imp:n,p 1
300074 400074 -2.156 20014 -20015 20022 -20023 20034 -20035 imp:n,p 1
300075 400075 -2.156 20010 -20011 20023 -20024 20030 -20031 imp:n,p 1
300076 400076 -2.156 20010 -20011 20023 -20024 20031 -20032 imp:n,p 1
300077 400077 -2.156 20010 -20011 20023 -20024 20032 -20033 imp:n,p 1
300078 400078 -2.156 20010 -20011 20023 -20024 20033 -20034 imp:n,p 1
300079 400079 -2.156 20010 -20011 20023 -20024 20034 -20035 imp:n,p 1
300080 400080 -2.156 20011 -20012 20023 -20024 20030 -20031 imp:n,p 1
300081 400081 -2.156 20011 -20012 20023 -20024 20031 -20032 imp:n,p 1
300082 400082 -2.156 20011 -20012 20023 -20024 20032 -20033 imp:n,p 1
300083 400083 -2.156 20011 -20012 20023 -20024 20033 -20034 imp:n,p 1
300084 400084 -2.156 20011 -20012 20023 -20024 20034 -20035 imp:n,p 1
300085 400085 -2.156 20012 -20013 20023 -20024 20030 -20031 imp:n,p 1
300086 400086 -2.156 20012 -20013 20023 -20024 20031 -20032 imp:n,p 1
300087 400087 -2.156 20012 -20013 20023 -20024 20032 -20033 imp:n,p 1
300088 400088 -2.156 20012 -20013 20023 -20024 20033 -20034 imp:n,p 1
300089 400089 -2.156 20012 -20013 20023 -20024 20034 -20035 imp:n,p 1
300090 400090 -2.156 20013 -20014 20023 -20024 20030 -20031 imp:n,p 1
300091 400091 -2.156 20013 -20014 20023 -20024 20031 -20032 imp:n,p 1
300092 400092 -2.156 20013 -20014 20023 -20024 20032 -20033 imp:n,p 1
300093 400093 -2.156 20013 -20014 20023 -20024 20033 -20034 imp:n,p 1
300094 400094 -2.156 20013 -20014 20023 -20024 20034 -20035 imp:n,p 1
300095 400095 -2.156 20014 -20015 20023 -20024 20030 -20031 imp:n,p 1
300096 400096 -2.156 20014 -20015 20023 -20024 20031 -20032 imp:n,p 1
300097 400097 -2.156 20014 -20015 20023 -20024 20032 -20033 imp:n,p 1
300098 400098 -2.156 20014 -20015 20023 -20024 20033 -20034 imp:n,p 1
300099 400099 -2.156 20014 -20015 20023 -20024 20034 -20035 imp:n,p 1
300100 400100 -2.156 20010 -20011 20024 -20025 20030 -20031 imp:n,p 1
300101 400101 -2.156 20010 -20011 20024 -20025 20031 -20032 imp:n,p 1
300102 400102 -2.156 20010 -20011 20024 -20025 20032 -20033 imp:n,p 1
300103 400103 -2.156 20010 -20011 20024 -20025 20033 -20034 imp:n,p 1
300104 400104 -2.156 20010 -20011 20024 -20025 20034 -20035 imp:n,p 1
300105 400105 -2.156 20011 -20012 20024 -20025 20030 -20031 imp:n,p 1
300106 400106 -2.156 20011 -20012 20024 -20025 20031 -20032 imp:n,p 1
300107 400107 -2.156 20011 -20012 20024 -20025 20032 -20033 imp:n,p 1
300108 400108 -2.156 20011 -20012 20024 -20025 20033 -20034 imp:n,p 1
300109 400109 -2.156 20011 -20012 20024 -20025 20034 -20035 imp:n,p 1
300110 400110 -2.156 20012 -20013 20024 -20025 20030 -20031 imp:n,p 1
300111 400111 -2.156 20012 -20013 20024 -20025 20031 -20032 imp:n,p 1
300112 400112 -2.156 20012 -20013 20024 -20025 20032 -20033 imp:n,p 1
300113 400113 -2.156 20012 -20013 20024 -20025 20033 -20034 imp:n,p 1
300114 400114 -2.156 20012 -20013 20024 -20025 20034 -20035 imp:n,p 1
300115 400115 -2.156 20013 -20014 20024 -20025 20030 -20031 imp:n,p 1
300116 400116 -2.156 20013 -20014 20024 -20025 20031 -20032 imp:n,p 1
300117 400117 -2.156 20013 -20014 20024 -20025 20032 -20033 imp:n,p 1
300118 400118 -2.156 20013 -20014 20024 -20025 20033 -20034 imp:n,p 1
300119 400119 -2.156 20013 -20014 20024 -20025 20034 -20035 imp:n,p 1
300120 400120 -2.156 20014 -20015 20024 -20025 20030 -20031 imp:n,p 1
300121 400121 -2.156 20014 -20015 20024 -20025 20031 -20032 imp:n,p 1
300122 400122 -2.156 20014 -20015 20024 -20025 20032 -20033 imp:n,p 1
300123 400123 -2.156 20014 -20015 20024 -20025 20033 -20034 imp:n,p 1
300124 400124 -2.156 20014 -20015 20024 -20025 20034 -20035 imp:n,p 1
c
30 12 -0.00129 -200 #101 #121 #122 #123 #124 #125 #126 #127 #128 #129 #130 #131 #132 #133
        #21 #211 #212 #22 #221 #222 #23 #231 #232 #24 #241 #242 #20 imp:n,p 1 $Rest of the World
31 0 200 imp:n,p 0 $Outside world

c SURFACE CARDS
c
c Sample Volume
20010 px -56.0
20011 px -33.600000000000364
20012 px -11.199999999999818
20013 px 11.199999999999818
20014 px 33.600000000000364
20015 px 56.0
20020 py -45.0
20021 py -27.0
20022 py -9.0
20023 py 9.0
20024 py 27.0
20025 py 45.0
20030 pz 92.0
20031 pz 82.0
20032 pz 72.0
20033 pz 62.0
20034 pz 52.0
20035 pz 42.0
c Active Detector Region
21 rcc 56  -5.0 -1.0   0.0 20.3 0.0   4.5 $Detector 1 Base center, Hx,Hy,Hz, radius
c Shielding Surfaces
c Shielding Pb
31 rpp 19 29 -7.5 7.5 -11 9 $PbPE xmin xmax ymin ymax zmin zmax
32 rpp 9 19 4 9 -11 9 $Pb xmin xmax ymin ymax zmin zmax
33 rpp 9 19 -9 -4 -11 9 $Pb xmin xmax ymin ymax zmin zmax
34 rpp 19 29 7.5 12.5 -11 9 $Pb xmin xmax ymin ymax zmin zmax
35 rpp 19 29 -12.5 -7.5 -11 9 $Pb xmin xmax ymin ymax zmin zmax
36 rpp 29 34 -15 15 -11 9 $Pb xmin xmax ymin ymax zmin zmax
37 rpp 9 19 -4 4 4 9 $Pb xmin xmax ymin ymax zmin zmax
38 rpp -26 26 18 28 -11 9 $BA1 xmin xmax ymin ymax zmin zmax
39 rpp -26 26 -28 -18 -11 9 $BA2 xmin xmax ymin ymax zmin zmax
40 rpp -65 65 -28 28 10 10.5 $Al xmin xmax ymin ymax zmin zmax
401 rpp -27 27 29 34 -11 9 $Fe xmin xmax ymin ymax zmin zmax
402 rpp -27 27 -34 -29 -11 9 $Fe xmin xmax ymin ymax zmin zmax
301 px -20
302 px 18
303 cx 3.71
304 cx 3.81
c Wheels Surfaces
c 23/10.5-12 turf tires, 22.6 lb rubber
c diameter 29cm, tread width 25cm, and sidewall height 13.76 cm
c set thickness of all sides 1.3 cm (s.t. weight is 22.6 lb)
41 rcc -2 77 8   0.0 25 0.0 29 $wheel 1 outer tread surface
42 rcc -2 77 8   0.0 25 0.0 27.7 $wheel 1 inner tread surface
421 rcc -2 75.7 8   0.0 1.3 0.0 29 $wheel 1 outside sidewall exterior
422 rcc -2 75.7 8   0.0 1.3 0.0 15.24 $wheel 1 outside sidewall interior
423 rcc -2 102 8   0.0 1.3 0.0 29 $wheel 1 inside sidewall exterior
424 rcc -2 102 8   0.0 1.3 0.0 15.24 $wheel 1 inside sidewall interior
43 rcc 68 77 8   0.0 25 0.0 29 $wheel 2
44 rcc 68 77 8   0.0 25 0.0 27.7
441 rcc 68 75.7 8   0.0 1.3 0.0 29
442 rcc 68 75.7 8   0.0 1.3 0.0 15.24
443 rcc 68 102 8   0.0 1.3 0.0 29
444 rcc 68 102 8   0.0 1.3 0.0 15.24
45 rcc -2 -77 8   0.0 -25 0.0 29 $wheel 3
46 rcc -2 -77 8   0.0 -25 0.0 27.7
461 rcc -2 -75.7 8   0.0 -1.3 0.0 29
462 rcc -2 -75.7 8   0.0 -1.3 0.0 15.24
463 rcc -2 -102 8   0.0 -1.3 0.0 29
464 rcc -2 -102 8   0.0 -1.3 0.0 15.24
47 rcc 68 -77 8   0.0 -25 0.0 29 $wheel 4
48 rcc 68 -77 8   0.0 -25 0.0 27.7
481 rcc 68 -75.7 8   0.0 -1.3 0.0 29
482 rcc 68 -75.7 8   0.0 -1.3 0.0 15.24
483 rcc 68 -102 8   0.0 -1.3 0.0 29
484 rcc 68 -102 8   0.0 -1.3 0.0 15.24
200 so 800    $sphere of 800cm centered at origin
c

c DATA CARDS
mode n p
c dump every hr
prdmp -60 -60 -1
c 100 keV Neutron Energy Cutoff
Cut:n 1j 0.1
c analog neutron transport
phys:n 1j 14
phys:p
sdef pos=0 0 0 erg=14.0 vec= 0 0 1 dir=d1
si1  -1 .93 1
sp1   0  0.0  1.0
c ********************
c begin material cards
c ********************
c Pure Carbon
c ****************************************
m400000 6000 -0.00045406805250774654 7000 -0.00045406805250774654 14000 -0.9990918638949846 
m400001 6000 -0.001967754456650574 7000 -0.001967754456650574 14000 -0.9960644910866986 
m400002 6000 -0.0041572621133932645 7000 -0.0041572621133932645 14000 -0.9916854757732136 
m400003 6000 -0.005821148053777907 7000 -0.005821148053777907 14000 -0.9883577038924442 
m400004 6000 -0.00784565712435371 7000 -0.00784565712435371 14000 -0.9843086857512925 
m400005 6000 -0.0005417575474792869 7000 -0.0005417575474792869 14000 -0.9989164849050413 
m400006 6000 -0.001803917200109577 7000 -0.001803917200109577 14000 -0.996392165599781 
m400007 6000 -0.004344641280387902 7000 -0.004344641280387902 14000 -0.9913107174392242 
m400008 6000 -0.005971624619051442 7000 -0.005971624619051442 14000 -0.9880567507618971 
m400009 6000 -0.00805786573153139 7000 -0.00805786573153139 14000 -0.9838842685369371 
m400010 6000 -0.0005242362341016833 7000 -0.0005242362341016833 14000 -0.9989515275317967 
m400011 6000 -0.0018461343957231246 7000 -0.0018461343957231246 14000 -0.9963077312085535 
m400012 6000 -0.0042266380252159305 7000 -0.0042266380252159305 14000 -0.9915467239495679 
m400013 6000 -0.006135267600861404 7000 -0.006135267600861404 14000 -0.987729464798277 
m400014 6000 -0.007967766131803881 7000 -0.007967766131803881 14000 -0.9840644677363926 
m400015 6000 -0.00043962287502077245 7000 -0.00043962287502077245 14000 -0.9991207542499584 
m400016 6000 -0.0019978294210638236 7000 -0.0019978294210638236 14000 -0.9960043411578725 
m400017 6000 -0.0040140802171422536 7000 -0.0040140802171422536 14000 -0.9919718395657156 
m400018 6000 -0.005956909794879601 7000 -0.005956909794879601 14000 -0.9880861804102409 
m400019 6000 -0.008036506149593054 7000 -0.008036506149593054 14000 -0.9839269877008141 
m400020 6000 -0.0006005335709952558 7000 -0.0006005335709952558 14000 -0.9987989328580098 
m400021 6000 -0.002084976966530646 7000 -0.002084976966530646 14000 -0.9958300460669391 
m400022 6000 -0.003944452397246755 7000 -0.003944452397246755 14000 -0.9921110952055062 
m400023 6000 -0.005656896444398811 7000 -0.005656896444398811 14000 -0.9886862071112023 
m400024 6000 -0.008010838650737446 7000 -0.008010838650737446 14000 -0.9839783226985255 
m400025 6000 -0.0004011949142626237 7000 -0.0004011949142626237 14000 -0.9991976101714749 
m400026 6000 -0.0020648392508787893 7000 -0.0020648392508787893 14000 -0.9958703214982423 
m400027 6000 -0.003981008346526421 7000 -0.003981008346526421 14000 -0.9920379833069473 
m400028 6000 -0.0062312094791631975 7000 -0.0062312094791631975 14000 -0.9875375810416733 
m400029 6000 -0.007829202539029651 7000 -0.007829202539029651 14000 -0.984341594921941 
m400030 6000 -0.00041580635932806807 7000 -0.00041580635932806807 14000 -0.9991683872813438 
m400031 6000 -0.0020675620041868963 7000 -0.0020675620041868963 14000 -0.9958648759916262 
m400032 6000 -0.004039313476241376 7000 -0.004039313476241376 14000 -0.9919213730475177 
m400033 6000 -0.005784244658806266 7000 -0.005784244658806266 14000 -0.9884315106823872 
m400034 6000 -0.008100325776222758 7000 -0.008100325776222758 14000 -0.9837993484475543 
m400035 6000 -0.000609529640782153 7000 -0.000609529640782153 14000 -0.9987809407184359 
m400036 6000 -0.0021097539376600475 7000 -0.0021097539376600475 14000 -0.9957804921246801 
m400037 6000 -0.0037097678726694928 7000 -0.0037097678726694928 14000 -0.9925804642546606 
m400038 6000 -0.0061202880171116495 7000 -0.0061202880171116495 14000 -0.9877594239657764 
m400039 6000 -0.007740571566739368 7000 -0.007740571566739368 14000 -0.9845188568665213 
m400040 6000 -0.00040676224577792657 7000 -0.00040676224577792657 14000 -0.9991864755084441 
m400041 6000 -0.0018709489539224062 7000 -0.0018709489539224062 14000 -0.996258102092155 
m400042 6000 -0.004211930573840172 7000 -0.004211930573840172 14000 -0.9915761388523197 
m400043 6000 -0.005858453284183726 7000 -0.005858453284183726 14000 -0.9882830934316326 
m400044 6000 -0.007762526267816216 7000 -0.007762526267816216 14000 -0.9844749474643674 
m400045 6000 -0.00048206842160857644 7000 -0.00048206842160857644 14000 -0.9990358631567828 
m400046 6000 -0.0019801074695794526 7000 -0.0019801074695794526 14000 -0.9960397850608408 
m400047 6000 -0.0038647700990472856 7000 -0.0038647700990472856 14000 -0.9922704598019054 
m400048 6000 -0.006061197180729367 7000 -0.006061197180729367 14000 -0.9878776056385415 
m400049 6000 -0.007706288255528573 7000 -0.007706288255528573 14000 -0.984587423488943 
m400050 6000 -0.0005952455832033901 7000 -0.0005952455832033901 14000 -0.9988095088335932 
m400051 6000 -0.0020980314986011775 7000 -0.0020980314986011775 14000 -0.9958039370027979 
m400052 6000 -0.004323557663553156 7000 -0.004323557663553156 14000 -0.9913528846728937 
m400053 6000 -0.006314521830104833 7000 -0.006314521830104833 14000 -0.9873709563397906 
m400054 6000 -0.00781027474142882 7000 -0.00781027474142882 14000 -0.9843794505171425 
m400055 6000 -0.0004638469194138466 7000 -0.0004638469194138466 14000 -0.9990723061611722 
m400056 6000 -0.0019908663850248727 7000 -0.0019908663850248727 14000 -0.9960182672299501 
m400057 6000 -0.004010425303474616 7000 -0.004010425303474616 14000 -0.9919791493930507 
m400058 6000 -0.006025431674129386 7000 -0.006025431674129386 14000 -0.9879491366517413 
m400059 6000 -0.008224221423089375 7000 -0.008224221423089375 14000 -0.9835515571538214 
m400060 6000 -0.0005644490505370731 7000 -0.0005644490505370731 14000 -0.9988711018989261 
m400061 6000 -0.0019088960481319676 7000 -0.0019088960481319676 14000 -0.9961822079037361 
m400062 6000 -0.0040817408708564255 7000 -0.0040817408708564255 14000 -0.991836518258287 
m400063 6000 -0.006005979625155002 7000 -0.006005979625155002 14000 -0.9879880407496902 
m400064 6000 -0.008148635034771475 7000 -0.008148635034771475 14000 -0.9837027299304567 
m400065 6000 -0.0003511486947904147 7000 -0.0003511486947904147 14000 -0.9992977026104191 
m400066 6000 -0.002064132098954341 7000 -0.002064132098954341 14000 -0.9958717358020911 
m400067 6000 -0.0039716904555199325 7000 -0.0039716904555199325 14000 -0.9920566190889599 
m400068 6000 -0.005709042127573567 7000 -0.005709042127573567 14000 -0.988581915744853 
m400069 6000 -0.007901120724478343 7000 -0.007901120724478343 14000 -0.9841977585510433 
m400070 6000 -0.00047169205072048706 7000 -0.00047169205072048706 14000 -0.999056615898559 
m400071 6000 -0.0024349172705584884 7000 -0.0024349172705584884 14000 -0.9951301654588828 
m400072 6000 -0.0039280410628694225 7000 -0.0039280410628694225 14000 -0.992143917874261 
m400073 6000 -0.006038874094256885 7000 -0.006038874094256885 14000 -0.9879222518114862 
m400074 6000 -0.00815411767719515 7000 -0.00815411767719515 14000 -0.9836917646456099 
m400075 6000 -0.0006159878341654552 7000 -0.0006159878341654552 14000 -0.9987680243316689 
m400076 6000 -0.0018253223183972243 7000 -0.0018253223183972243 14000 -0.9963493553632056 
m400077 6000 -0.004116018592636085 7000 -0.004116018592636085 14000 -0.991767962814728 
m400078 6000 -0.005909322135051785 7000 -0.005909322135051785 14000 -0.9881813557298963 
m400079 6000 -0.008127479048644385 7000 -0.008127479048644385 14000 -0.9837450419027111 
m400080 6000 -0.00044025640378878695 7000 -0.00044025640378878695 14000 -0.9991194871924223 
m400081 6000 -0.0018807823312292594 7000 -0.0018807823312292594 14000 -0.9962384353375413 
m400082 6000 -0.003959349138606085 7000 -0.003959349138606085 14000 -0.9920813017227883 
m400083 6000 -0.0056497867243123145 7000 -0.0056497867243123145 14000 -0.9887004265513752 
m400084 6000 -0.0077086562224591955 7000 -0.0077086562224591955 14000 -0.9845826875550814 
m400085 6000 -0.0006659478836540407 7000 -0.0006659478836540407 14000 -0.9986681042326918 
m400086 6000 -0.0021690206776873453 7000 -0.0021690206776873453 14000 -0.9956619586446255 
m400087 6000 -0.004337897097105498 7000 -0.004337897097105498 14000 -0.9913242058057888 
m400088 6000 -0.0059990197828908905 7000 -0.0059990197828908905 14000 -0.9880019604342182 
m400089 6000 -0.007951083291998635 7000 -0.007951083291998635 14000 -0.9840978334160028 
m400090 6000 -0.0006073723530193537 7000 -0.0006073723530193537 14000 -0.9987852552939617 
m400091 6000 -0.0017979152514515748 7000 -0.0017979152514515748 14000 -0.9964041694970973 
m400092 6000 -0.004154972814158689 7000 -0.004154972814158689 14000 -0.9916900543716827 
m400093 6000 -0.0057045572390363 7000 -0.0057045572390363 14000 -0.9885908855219276 
m400094 6000 -0.008106775099125746 7000 -0.008106775099125746 14000 -0.9837864498017488 
m400095 6000 -0.0005268035476901979 7000 -0.0005268035476901979 14000 -0.9989463929046195 
m400096 6000 -0.001616579131509433 7000 -0.001616579131509433 14000 -0.9967668417369809 
m400097 6000 -0.004041810875442563 7000 -0.004041810875442563 14000 -0.9919163782491145 
m400098 6000 -0.00581314936487748 7000 -0.00581314936487748 14000 -0.9883737012702452 
m400099 6000 -0.007975575227234234 7000 -0.007975575227234234 14000 -0.9840488495455314 
m400100 6000 -0.0005463693880606006 7000 -0.0005463693880606006 14000 -0.9989072612238786 
m400101 6000 -0.0021252403363897095 7000 -0.0021252403363897095 14000 -0.9957495193272204 
m400102 6000 -0.0037844013998637955 7000 -0.0037844013998637955 14000 -0.9924311972002724 
m400103 6000 -0.006103265471108399 7000 -0.006103265471108399 14000 -0.9877934690577832 
m400104 6000 -0.008037254384210334 7000 -0.008037254384210334 14000 -0.9839254912315794 
m400105 6000 -0.0005421107103092572 7000 -0.0005421107103092572 14000 -0.9989157785793814 
m400106 6000 -0.002041252876548184 7000 -0.002041252876548184 14000 -0.9959174942469038 
m400107 6000 -0.0036860397397122176 7000 -0.0036860397397122176 14000 -0.9926279205205758 
m400108 6000 -0.0062514829567920085 7000 -0.0062514829567920085 14000 -0.9874970340864161 
m400109 6000 -0.0078720135691617 7000 -0.0078720135691617 14000 -0.9842559728616765 
m400110 6000 -0.0004408106909134116 7000 -0.0004408106909134116 14000 -0.9991183786181732 
m400111 6000 -0.0020029900121221085 7000 -0.0020029900121221085 14000 -0.9959940199757554 
m400112 6000 -0.004068980477779164 7000 -0.004068980477779164 14000 -0.9918620390444416 
m400113 6000 -0.006152275919384742 7000 -0.006152275919384742 14000 -0.9876954481612308 
m400114 6000 -0.008011425065176214 7000 -0.008011425065176214 14000 -0.9839771498696475 
m400115 6000 -0.0005714189603230341 7000 -0.0005714189603230341 14000 -0.998857162079354 
m400116 6000 -0.0020324591081704703 7000 -0.0020324591081704703 14000 -0.9959350817836591 
m400117 6000 -0.004243754294330069 7000 -0.004243754294330069 14000 -0.9915124914113399 
m400118 6000 -0.005994972363147562 7000 -0.005994972363147562 14000 -0.9880100552737047 
m400119 6000 -0.007872502460676533 7000 -0.007872502460676533 14000 -0.984254995078647 
m400120 6000 -0.0005118601251081432 7000 -0.0005118601251081432 14000 -0.9989762797497838 
m400121 6000 -0.002135761760218355 7000 -0.002135761760218355 14000 -0.9957284764795634 
m400122 6000 -0.003878051643565932 7000 -0.003878051643565932 14000 -0.9922438967128682 
m400123 6000 -0.005881034392165618 7000 -0.005881034392165618 14000 -0.9882379312156689 
m400124 6000 -0.00801830934283127 7000 -0.00801830934283127 14000 -0.9839633813143377 
c **********************************
c PE+Pb, dens=4.78 g/cm3
m2      6000    -0.04286 $Carbon
        1001    -0.00714 $Hydrogen
        82000   -0.95000 $Lead
c **********************************
m3    1001 -0.048535 $Boric acid
      5010 -0.034981
      5011 -0.139923
      8016 -0.776561
c **********************************
m4    82000 1 $Lead
c **********************************
m5 26000 1 $Iron
c **********************************
m6     13027   -1.000 $ Aluminum
c **********************************
c  SS-304 (8.00 g/cm3), #298 in PNNL Compendium
m7   006000.50c -0.0004000
     014000.60c -0.0050000
     015031.50c -0.0002300
     016000.60c -0.0001500
     024000.50c -0.1899981
     025055.60c -0.0099999
     026000.50c -0.7017229
     028000.50c -0.0924991
c ****************************************
c       LaBr detector
c ****************************************
m8       35079    -0.2946       $ Br79
         35081    -0.3069       $ Br81
         57139    -0.3485       $ La139
         58140    -0.0500       $ Ce140
c ************ air den=1.15e-3g/cc
m12     8016 -0.23
        7014 -0.77
c ************ Rubber Natural den=0.92 g/cc
m13     1001 -0.118371  $weight fraction
        6000 -0.881629
c
c end material cards
c
rand seed=8674536546524321 $different initial random #; seed# - any less 18 digits
c
c ********** begin tallies *********************
fc78 *********Broadened Pulse Height Tally Sum of Detectors 1,2 & 3 ***********
e78 0 1e-5 932i 8.4295
F78:p (101)
FT78 GEB -0.026198 0.059551 -0.037176
fc18 *********Unbroadened Pulse Height Tally Sum of Detectors 1,2 & 3 ***********
e18 0 1e-5 932i 8.4295
F18:p (101)
c ***********************************
c mplot tal 78 freq 10000
nps 1e9
