c CAS DETECTOR
c w/ Shielding in Place and Wheels
c
c CELL CARDS
c
c @@@@@@@@@@ Detectors @@@@@@@@@@@@@@@@@
c
101 8 -5.08 -21 imp:n,p 1 $LaBr Detector #1 Active Region
c
c @@@@@@@@@ Shielding @@@@@@@@@@@@@@@@@
c
121 2 -4.78 -31 imp:n,p 1 $PE_Pb
122 4 -11.29 -32 imp:n,p 1 $Pb1
123 4 -11.29 -33 imp:n,p 1 $Pb2
124 4 -11.29 -34 imp:n,p 1 $Pb3
125 4 -11.29 -35 imp:n,p 1 $Pb4
126 4 -11.29 -36 imp:n,p 1 $Pb5
127 4 -11.29 -37 imp:n,p 1 $Pb6
128 3 -1.5 -38 imp:n,p 1 $BA1
129 3 -1.5 -39 imp:n,p 1 $BA2
130 6 -2.7 -40 imp:n,p 1 $Al
131 7 -7.92 301 -302 303 -304 imp:n,p 1 $Fe-tube
132 5 -7.8 -401 imp:n,p 1 $Fe
133 5 -7.8 -402 imp:n,p 1 $Fe
c @@@@@@@@@@ Wheels @@@@@@@@@@@@@@@@@
c
21 13 -0.92 -41 42 imp:n,p 1 $Wheel 1
211 13 -0.92 -421 422 imp:n,p 1 $Wheel 1
212 13 -0.92 -423 424 imp:n,p 1 $Wheel 1
22 13 -0.92 -43 44 imp:n,p 1 $Wheel 2
221 13 -0.92 -441 442 imp:n,p 1 $Wheel 2
222 13 -0.92 -443 444 imp:n,p 1 $Wheel 2
23 13 -0.92 -45 46 imp:n,p 1 $Wheel 3
231 13 -0.92 -461 462 imp:n,p 1 $Wheel 3
232 13 -0.92 -463 464 imp:n,p 1 $Wheel 3
24 13 -0.92 -47 48 imp:n,p 1 $Wheel 4
241 13 -0.92 -481 482 imp:n,p 1 $Wheel 4
242 13 -0.92 -483 484 imp:n,p 1 $Wheel 4
c
c @@@@@@@@@@ SOIL VOLUME @@@@@@@@@@@
c
300000 400000 -2.156 20010 -20011 20020 -20021 20030 -20031 imp:n,p 1
300001 400001 -2.156 20010 -20011 20020 -20021 20031 -20032 imp:n,p 1
300002 400002 -2.156 20010 -20011 20020 -20021 20032 -20033 imp:n,p 1
300003 400003 -2.156 20010 -20011 20020 -20021 20033 -20034 imp:n,p 1
300004 400004 -2.156 20010 -20011 20020 -20021 20034 -20035 imp:n,p 1
300005 400005 -2.156 20011 -20012 20020 -20021 20030 -20031 imp:n,p 1
300006 400006 -2.156 20011 -20012 20020 -20021 20031 -20032 imp:n,p 1
300007 400007 -2.156 20011 -20012 20020 -20021 20032 -20033 imp:n,p 1
300008 400008 -2.156 20011 -20012 20020 -20021 20033 -20034 imp:n,p 1
300009 400009 -2.156 20011 -20012 20020 -20021 20034 -20035 imp:n,p 1
300010 400010 -2.156 20012 -20013 20020 -20021 20030 -20031 imp:n,p 1
300011 400011 -2.156 20012 -20013 20020 -20021 20031 -20032 imp:n,p 1
300012 400012 -2.156 20012 -20013 20020 -20021 20032 -20033 imp:n,p 1
300013 400013 -2.156 20012 -20013 20020 -20021 20033 -20034 imp:n,p 1
300014 400014 -2.156 20012 -20013 20020 -20021 20034 -20035 imp:n,p 1
300015 400015 -2.156 20013 -20014 20020 -20021 20030 -20031 imp:n,p 1
300016 400016 -2.156 20013 -20014 20020 -20021 20031 -20032 imp:n,p 1
300017 400017 -2.156 20013 -20014 20020 -20021 20032 -20033 imp:n,p 1
300018 400018 -2.156 20013 -20014 20020 -20021 20033 -20034 imp:n,p 1
300019 400019 -2.156 20013 -20014 20020 -20021 20034 -20035 imp:n,p 1
300020 400020 -2.156 20014 -20015 20020 -20021 20030 -20031 imp:n,p 1
300021 400021 -2.156 20014 -20015 20020 -20021 20031 -20032 imp:n,p 1
300022 400022 -2.156 20014 -20015 20020 -20021 20032 -20033 imp:n,p 1
300023 400023 -2.156 20014 -20015 20020 -20021 20033 -20034 imp:n,p 1
300024 400024 -2.156 20014 -20015 20020 -20021 20034 -20035 imp:n,p 1
300025 400025 -2.156 20010 -20011 20021 -20022 20030 -20031 imp:n,p 1
300026 400026 -2.156 20010 -20011 20021 -20022 20031 -20032 imp:n,p 1
300027 400027 -2.156 20010 -20011 20021 -20022 20032 -20033 imp:n,p 1
300028 400028 -2.156 20010 -20011 20021 -20022 20033 -20034 imp:n,p 1
300029 400029 -2.156 20010 -20011 20021 -20022 20034 -20035 imp:n,p 1
300030 400030 -2.156 20011 -20012 20021 -20022 20030 -20031 imp:n,p 1
300031 400031 -2.156 20011 -20012 20021 -20022 20031 -20032 imp:n,p 1
300032 400032 -2.156 20011 -20012 20021 -20022 20032 -20033 imp:n,p 1
300033 400033 -2.156 20011 -20012 20021 -20022 20033 -20034 imp:n,p 1
300034 400034 -2.156 20011 -20012 20021 -20022 20034 -20035 imp:n,p 1
300035 400035 -2.156 20012 -20013 20021 -20022 20030 -20031 imp:n,p 1
300036 400036 -2.156 20012 -20013 20021 -20022 20031 -20032 imp:n,p 1
300037 400037 -2.156 20012 -20013 20021 -20022 20032 -20033 imp:n,p 1
300038 400038 -2.156 20012 -20013 20021 -20022 20033 -20034 imp:n,p 1
300039 400039 -2.156 20012 -20013 20021 -20022 20034 -20035 imp:n,p 1
300040 400040 -2.156 20013 -20014 20021 -20022 20030 -20031 imp:n,p 1
300041 400041 -2.156 20013 -20014 20021 -20022 20031 -20032 imp:n,p 1
300042 400042 -2.156 20013 -20014 20021 -20022 20032 -20033 imp:n,p 1
300043 400043 -2.156 20013 -20014 20021 -20022 20033 -20034 imp:n,p 1
300044 400044 -2.156 20013 -20014 20021 -20022 20034 -20035 imp:n,p 1
300045 400045 -2.156 20014 -20015 20021 -20022 20030 -20031 imp:n,p 1
300046 400046 -2.156 20014 -20015 20021 -20022 20031 -20032 imp:n,p 1
300047 400047 -2.156 20014 -20015 20021 -20022 20032 -20033 imp:n,p 1
300048 400048 -2.156 20014 -20015 20021 -20022 20033 -20034 imp:n,p 1
300049 400049 -2.156 20014 -20015 20021 -20022 20034 -20035 imp:n,p 1
300050 400050 -2.156 20010 -20011 20022 -20023 20030 -20031 imp:n,p 1
300051 400051 -2.156 20010 -20011 20022 -20023 20031 -20032 imp:n,p 1
300052 400052 -2.156 20010 -20011 20022 -20023 20032 -20033 imp:n,p 1
300053 400053 -2.156 20010 -20011 20022 -20023 20033 -20034 imp:n,p 1
300054 400054 -2.156 20010 -20011 20022 -20023 20034 -20035 imp:n,p 1
300055 400055 -2.156 20011 -20012 20022 -20023 20030 -20031 imp:n,p 1
300056 400056 -2.156 20011 -20012 20022 -20023 20031 -20032 imp:n,p 1
300057 400057 -2.156 20011 -20012 20022 -20023 20032 -20033 imp:n,p 1
300058 400058 -2.156 20011 -20012 20022 -20023 20033 -20034 imp:n,p 1
300059 400059 -2.156 20011 -20012 20022 -20023 20034 -20035 imp:n,p 1
300060 400060 -2.156 20012 -20013 20022 -20023 20030 -20031 imp:n,p 1
300061 400061 -2.156 20012 -20013 20022 -20023 20031 -20032 imp:n,p 1
300062 400062 -2.156 20012 -20013 20022 -20023 20032 -20033 imp:n,p 1
300063 400063 -2.156 20012 -20013 20022 -20023 20033 -20034 imp:n,p 1
300064 400064 -2.156 20012 -20013 20022 -20023 20034 -20035 imp:n,p 1
300065 400065 -2.156 20013 -20014 20022 -20023 20030 -20031 imp:n,p 1
300066 400066 -2.156 20013 -20014 20022 -20023 20031 -20032 imp:n,p 1
300067 400067 -2.156 20013 -20014 20022 -20023 20032 -20033 imp:n,p 1
300068 400068 -2.156 20013 -20014 20022 -20023 20033 -20034 imp:n,p 1
300069 400069 -2.156 20013 -20014 20022 -20023 20034 -20035 imp:n,p 1
300070 400070 -2.156 20014 -20015 20022 -20023 20030 -20031 imp:n,p 1
300071 400071 -2.156 20014 -20015 20022 -20023 20031 -20032 imp:n,p 1
300072 400072 -2.156 20014 -20015 20022 -20023 20032 -20033 imp:n,p 1
300073 400073 -2.156 20014 -20015 20022 -20023 20033 -20034 imp:n,p 1
300074 400074 -2.156 20014 -20015 20022 -20023 20034 -20035 imp:n,p 1
300075 400075 -2.156 20010 -20011 20023 -20024 20030 -20031 imp:n,p 1
300076 400076 -2.156 20010 -20011 20023 -20024 20031 -20032 imp:n,p 1
300077 400077 -2.156 20010 -20011 20023 -20024 20032 -20033 imp:n,p 1
300078 400078 -2.156 20010 -20011 20023 -20024 20033 -20034 imp:n,p 1
300079 400079 -2.156 20010 -20011 20023 -20024 20034 -20035 imp:n,p 1
300080 400080 -2.156 20011 -20012 20023 -20024 20030 -20031 imp:n,p 1
300081 400081 -2.156 20011 -20012 20023 -20024 20031 -20032 imp:n,p 1
300082 400082 -2.156 20011 -20012 20023 -20024 20032 -20033 imp:n,p 1
300083 400083 -2.156 20011 -20012 20023 -20024 20033 -20034 imp:n,p 1
300084 400084 -2.156 20011 -20012 20023 -20024 20034 -20035 imp:n,p 1
300085 400085 -2.156 20012 -20013 20023 -20024 20030 -20031 imp:n,p 1
300086 400086 -2.156 20012 -20013 20023 -20024 20031 -20032 imp:n,p 1
300087 400087 -2.156 20012 -20013 20023 -20024 20032 -20033 imp:n,p 1
300088 400088 -2.156 20012 -20013 20023 -20024 20033 -20034 imp:n,p 1
300089 400089 -2.156 20012 -20013 20023 -20024 20034 -20035 imp:n,p 1
300090 400090 -2.156 20013 -20014 20023 -20024 20030 -20031 imp:n,p 1
300091 400091 -2.156 20013 -20014 20023 -20024 20031 -20032 imp:n,p 1
300092 400092 -2.156 20013 -20014 20023 -20024 20032 -20033 imp:n,p 1
300093 400093 -2.156 20013 -20014 20023 -20024 20033 -20034 imp:n,p 1
300094 400094 -2.156 20013 -20014 20023 -20024 20034 -20035 imp:n,p 1
300095 400095 -2.156 20014 -20015 20023 -20024 20030 -20031 imp:n,p 1
300096 400096 -2.156 20014 -20015 20023 -20024 20031 -20032 imp:n,p 1
300097 400097 -2.156 20014 -20015 20023 -20024 20032 -20033 imp:n,p 1
300098 400098 -2.156 20014 -20015 20023 -20024 20033 -20034 imp:n,p 1
300099 400099 -2.156 20014 -20015 20023 -20024 20034 -20035 imp:n,p 1
300100 400100 -2.156 20010 -20011 20024 -20025 20030 -20031 imp:n,p 1
300101 400101 -2.156 20010 -20011 20024 -20025 20031 -20032 imp:n,p 1
300102 400102 -2.156 20010 -20011 20024 -20025 20032 -20033 imp:n,p 1
300103 400103 -2.156 20010 -20011 20024 -20025 20033 -20034 imp:n,p 1
300104 400104 -2.156 20010 -20011 20024 -20025 20034 -20035 imp:n,p 1
300105 400105 -2.156 20011 -20012 20024 -20025 20030 -20031 imp:n,p 1
300106 400106 -2.156 20011 -20012 20024 -20025 20031 -20032 imp:n,p 1
300107 400107 -2.156 20011 -20012 20024 -20025 20032 -20033 imp:n,p 1
300108 400108 -2.156 20011 -20012 20024 -20025 20033 -20034 imp:n,p 1
300109 400109 -2.156 20011 -20012 20024 -20025 20034 -20035 imp:n,p 1
300110 400110 -2.156 20012 -20013 20024 -20025 20030 -20031 imp:n,p 1
300111 400111 -2.156 20012 -20013 20024 -20025 20031 -20032 imp:n,p 1
300112 400112 -2.156 20012 -20013 20024 -20025 20032 -20033 imp:n,p 1
300113 400113 -2.156 20012 -20013 20024 -20025 20033 -20034 imp:n,p 1
300114 400114 -2.156 20012 -20013 20024 -20025 20034 -20035 imp:n,p 1
300115 400115 -2.156 20013 -20014 20024 -20025 20030 -20031 imp:n,p 1
300116 400116 -2.156 20013 -20014 20024 -20025 20031 -20032 imp:n,p 1
300117 400117 -2.156 20013 -20014 20024 -20025 20032 -20033 imp:n,p 1
300118 400118 -2.156 20013 -20014 20024 -20025 20033 -20034 imp:n,p 1
300119 400119 -2.156 20013 -20014 20024 -20025 20034 -20035 imp:n,p 1
300120 400120 -2.156 20014 -20015 20024 -20025 20030 -20031 imp:n,p 1
300121 400121 -2.156 20014 -20015 20024 -20025 20031 -20032 imp:n,p 1
300122 400122 -2.156 20014 -20015 20024 -20025 20032 -20033 imp:n,p 1
300123 400123 -2.156 20014 -20015 20024 -20025 20033 -20034 imp:n,p 1
300124 400124 -2.156 20014 -20015 20024 -20025 20034 -20035 imp:n,p 1
c
30 12 -0.00129 -200 #101 #121 #122 #123 #124 #125 #126 #127 #128 #129 #130 #131 #132 #133
        #21 #211 #212 #22 #221 #222 #23 #231 #232 #24 #241 #242 #20 imp:n,p 1 $Rest of the World
31 0 200 imp:n,p 0 $Outside world

c SURFACE CARDS
c
c Sample Volume
20010 px -56.0
20011 px -33.600000000000364
20012 px -11.200000000000728
20013 px 11.200000000000728
20014 px 33.600000000000364
20015 px 56.0
20020 py -45.0
20021 py -27.0
20022 py -9.0
20023 py 9.0
20024 py 27.0
20025 py 45.0
20030 pz 92.0
20031 pz 82.0
20032 pz 72.0
20033 pz 62.0
20034 pz 52.0
20035 pz 42.0
c Active Detector Region
21 rcc 56  -5.0 -1.0   0.0 20.3 0.0   4.5 $Detector 1 Base center, Hx,Hy,Hz, radius
c Shielding Surfaces
c Shielding Pb
31 rpp 19 29 -7.5 7.5 -11 9 $PbPE xmin xmax ymin ymax zmin zmax
32 rpp 9 19 4 9 -11 9 $Pb xmin xmax ymin ymax zmin zmax
33 rpp 9 19 -9 -4 -11 9 $Pb xmin xmax ymin ymax zmin zmax
34 rpp 19 29 7.5 12.5 -11 9 $Pb xmin xmax ymin ymax zmin zmax
35 rpp 19 29 -12.5 -7.5 -11 9 $Pb xmin xmax ymin ymax zmin zmax
36 rpp 29 34 -15 15 -11 9 $Pb xmin xmax ymin ymax zmin zmax
37 rpp 9 19 -4 4 4 9 $Pb xmin xmax ymin ymax zmin zmax
38 rpp -26 26 18 28 -11 9 $BA1 xmin xmax ymin ymax zmin zmax
39 rpp -26 26 -28 -18 -11 9 $BA2 xmin xmax ymin ymax zmin zmax
40 rpp -65 65 -28 28 10 10.5 $Al xmin xmax ymin ymax zmin zmax
401 rpp -27 27 29 34 -11 9 $Fe xmin xmax ymin ymax zmin zmax
402 rpp -27 27 -34 -29 -11 9 $Fe xmin xmax ymin ymax zmin zmax
301 px -20
302 px 18
303 cx 3.71
304 cx 3.81
c Wheels Surfaces
c 23/10.5-12 turf tires, 22.6 lb rubber
c diameter 29cm, tread width 25cm, and sidewall height 13.76 cm
c set thickness of all sides 1.3 cm (s.t. weight is 22.6 lb)
41 rcc -2 77 8   0.0 25 0.0 29 $wheel 1 outer tread surface
42 rcc -2 77 8   0.0 25 0.0 27.7 $wheel 1 inner tread surface
421 rcc -2 75.7 8   0.0 1.3 0.0 29 $wheel 1 outside sidewall exterior
422 rcc -2 75.7 8   0.0 1.3 0.0 15.24 $wheel 1 outside sidewall interior
423 rcc -2 102 8   0.0 1.3 0.0 29 $wheel 1 inside sidewall exterior
424 rcc -2 102 8   0.0 1.3 0.0 15.24 $wheel 1 inside sidewall interior
43 rcc 68 77 8   0.0 25 0.0 29 $wheel 2
44 rcc 68 77 8   0.0 25 0.0 27.7
441 rcc 68 75.7 8   0.0 1.3 0.0 29
442 rcc 68 75.7 8   0.0 1.3 0.0 15.24
443 rcc 68 102 8   0.0 1.3 0.0 29
444 rcc 68 102 8   0.0 1.3 0.0 15.24
45 rcc -2 -77 8   0.0 -25 0.0 29 $wheel 3
46 rcc -2 -77 8   0.0 -25 0.0 27.7
461 rcc -2 -75.7 8   0.0 -1.3 0.0 29
462 rcc -2 -75.7 8   0.0 -1.3 0.0 15.24
463 rcc -2 -102 8   0.0 -1.3 0.0 29
464 rcc -2 -102 8   0.0 -1.3 0.0 15.24
47 rcc 68 -77 8   0.0 -25 0.0 29 $wheel 4
48 rcc 68 -77 8   0.0 -25 0.0 27.7
481 rcc 68 -75.7 8   0.0 -1.3 0.0 29
482 rcc 68 -75.7 8   0.0 -1.3 0.0 15.24
483 rcc 68 -102 8   0.0 -1.3 0.0 29
484 rcc 68 -102 8   0.0 -1.3 0.0 15.24
200 so 800    $sphere of 800cm centered at origin
c

c DATA CARDS
mode n p
c dump every hr
prdmp -60 -60 -1
c 100 keV Neutron Energy Cutoff
Cut:n 1j 0.1
c analog neutron transport
phys:n 1j 14
phys:p
sdef pos=0 0 0 erg=14.0 vec= 0 0 1 dir=d1
si1  -1 .93 1
sp1   0  0.0  1.0
c ********************
c begin material cards
c ********************
c Pure Carbon
c ****************************************
m400000 6000 -0.0005921567795028975 7000 -0.0005921567795028975 14000 -0.9988156864409942 
m400001 6000 -0.001955567870335666 7000 -0.001955567870335666 14000 -0.9960888642593285 
m400002 6000 -0.004272867792326475 7000 -0.004272867792326475 14000 -0.9914542644153468 
m400003 6000 -0.005830470113571922 7000 -0.005830470113571922 14000 -0.9883390597728563 
m400004 6000 -0.0077278131019805915 7000 -0.0077278131019805915 14000 -0.9845443737960388 
m400005 6000 -0.0005492147585582606 7000 -0.0005492147585582606 14000 -0.9989015704828834 
m400006 6000 -0.0020257307297732318 7000 -0.0020257307297732318 14000 -0.9959485385404534 
m400007 6000 -0.003846748357603251 7000 -0.003846748357603251 14000 -0.9923065032847938 
m400008 6000 -0.005997219638817045 7000 -0.005997219638817045 14000 -0.9880055607223661 
m400009 6000 -0.007995103773659966 7000 -0.007995103773659966 14000 -0.9840097924526803 
m400010 6000 -0.0005135686469873125 7000 -0.0005135686469873125 14000 -0.9989728627060255 
m400011 6000 -0.001934643846549382 7000 -0.001934643846549382 14000 -0.9961307123069009 
m400012 6000 -0.003779101847687474 7000 -0.003779101847687474 14000 -0.9924417963046249 
m400013 6000 -0.0056652261184102996 7000 -0.0056652261184102996 14000 -0.9886695477631794 
m400014 6000 -0.007940814457830158 7000 -0.007940814457830158 14000 -0.9841183710843403 
m400015 6000 -0.0007314167141340418 7000 -0.0007314167141340418 14000 -0.9985371665717316 
m400016 6000 -0.00231183754024534 7000 -0.00231183754024534 14000 -0.9953763249195091 
m400017 6000 -0.004257499756887736 7000 -0.004257499756887736 14000 -0.9914850004862247 
m400018 6000 -0.006213781795974625 7000 -0.006213781795974625 14000 -0.9875724364080506 
m400019 6000 -0.007963729081720572 7000 -0.007963729081720572 14000 -0.9840725418365587 
m400020 6000 -0.00046146938507460306 7000 -0.00046146938507460306 14000 -0.9990770612298508 
m400021 6000 -0.001986324526922584 7000 -0.001986324526922584 14000 -0.996027350946155 
m400022 6000 -0.004145997450704263 7000 -0.004145997450704263 14000 -0.9917080050985918 
m400023 6000 -0.0060134712418634115 7000 -0.0060134712418634115 14000 -0.9879730575162731 
m400024 6000 -0.008143826590055548 7000 -0.008143826590055548 14000 -0.9837123468198888 
m400025 6000 -0.0006769097300327369 7000 -0.0006769097300327369 14000 -0.9986461805399343 
m400026 6000 -0.0018266205330295716 7000 -0.0018266205330295716 14000 -0.996346758933941 
m400027 6000 -0.004239598998100919 7000 -0.004239598998100919 14000 -0.9915208020037981 
m400028 6000 -0.006036641356474271 7000 -0.006036641356474271 14000 -0.9879267172870513 
m400029 6000 -0.008148515066564856 7000 -0.008148515066564856 14000 -0.9837029698668706 
m400030 6000 -0.0005545132697001632 7000 -0.0005545132697001632 14000 -0.9988909734605997 
m400031 6000 -0.0017105125119047581 7000 -0.0017105125119047581 14000 -0.9965789749761906 
m400032 6000 -0.004038786475527974 7000 -0.004038786475527974 14000 -0.9919224270489441 
m400033 6000 -0.006004755248693182 7000 -0.006004755248693182 14000 -0.9879904895026137 
m400034 6000 -0.008280357459789818 7000 -0.008280357459789818 14000 -0.9834392850804207 
m400035 6000 -0.0006221865137093742 7000 -0.0006221865137093742 14000 -0.9987556269725811 
m400036 6000 -0.002033054677203565 7000 -0.002033054677203565 14000 -0.995933890645593 
m400037 6000 -0.003983157659062261 7000 -0.003983157659062261 14000 -0.9920336846818756 
m400038 6000 -0.006144222331543441 7000 -0.006144222331543441 14000 -0.9877115553369129 
m400039 6000 -0.008060937560874292 7000 -0.008060937560874292 14000 -0.9838781248782513 
m400040 6000 -0.0005669830738582666 7000 -0.0005669830738582666 14000 -0.9988660338522835 
m400041 6000 -0.0019164609392178494 7000 -0.0019164609392178494 14000 -0.9961670781215644 
m400042 6000 -0.004049928802246893 7000 -0.004049928802246893 14000 -0.9919001423955064 
m400043 6000 -0.0060178926274293545 7000 -0.0060178926274293545 14000 -0.9879642147451412 
m400044 6000 -0.008064915366832879 7000 -0.008064915366832879 14000 -0.9838701692663342 
m400045 6000 -0.0005353174834909958 7000 -0.0005353174834909958 14000 -0.998929365033018 
m400046 6000 -0.002013524718681192 7000 -0.002013524718681192 14000 -0.9959729505626378 
m400047 6000 -0.003951627778349187 7000 -0.003951627778349187 14000 -0.9920967444433016 
m400048 6000 -0.0063489704455673 7000 -0.0063489704455673 14000 -0.9873020591088655 
m400049 6000 -0.007894947412350955 7000 -0.007894947412350955 14000 -0.984210105175298 
m400050 6000 -0.0005792860709549751 7000 -0.0005792860709549751 14000 -0.9988414278580902 
m400051 6000 -0.0018929974289485787 7000 -0.0018929974289485787 14000 -0.9962140051421028 
m400052 6000 -0.004092078853297371 7000 -0.004092078853297371 14000 -0.9918158422934055 
m400053 6000 -0.005899086479353463 7000 -0.005899086479353463 14000 -0.9882018270412931 
m400054 6000 -0.007955674071261857 7000 -0.007955674071261857 14000 -0.9840886518574766 
m400055 6000 -0.0005543169634282103 7000 -0.0005543169634282103 14000 -0.9988913660731434 
m400056 6000 -0.0019288859297640498 7000 -0.0019288859297640498 14000 -0.9961422281404724 
m400057 6000 -0.003867363351127835 7000 -0.003867363351127835 14000 -0.9922652732977443 
m400058 6000 -0.005852585887395158 7000 -0.005852585887395158 14000 -0.9882948282252095 
m400059 6000 -0.008169850771583841 7000 -0.008169850771583841 14000 -0.9836602984568321 
m400060 6000 -0.0004165022995117193 7000 -0.0004165022995117193 14000 -0.9991669954009769 
m400061 6000 -0.002110441022890966 7000 -0.002110441022890966 14000 -0.995779117954218 
m400062 6000 -0.003969236221885431 7000 -0.003969236221885431 14000 -0.9920615275562293 
m400063 6000 -0.00569425496658427 7000 -0.00569425496658427 14000 -0.9886114900668312 
m400064 6000 -0.007711748675754436 7000 -0.007711748675754436 14000 -0.9845765026484911 
m400065 6000 -0.00046740675342426494 7000 -0.00046740675342426494 14000 -0.9990651864931516 
m400066 6000 -0.001844353790704867 7000 -0.001844353790704867 14000 -0.9963112924185902 
m400067 6000 -0.003955654264800604 7000 -0.003955654264800604 14000 -0.9920886914703986 
m400068 6000 -0.006181188625598832 7000 -0.006181188625598832 14000 -0.9876376227488021 
m400069 6000 -0.007891737633147496 7000 -0.007891737633147496 14000 -0.9842165247337049 
m400070 6000 -0.00043000913091186086 7000 -0.00043000913091186086 14000 -0.9991399817381762 
m400071 6000 -0.002225912272067607 7000 -0.002225912272067607 14000 -0.9955481754558648 
m400072 6000 -0.003991224176906246 7000 -0.003991224176906246 14000 -0.9920175516461873 
m400073 6000 -0.00599747443684377 7000 -0.00599747443684377 14000 -0.9880050511263125 
m400074 6000 -0.008083818871260052 7000 -0.008083818871260052 14000 -0.9838323622574799 
m400075 6000 -0.0005108487147480528 7000 -0.0005108487147480528 14000 -0.998978302570504 
m400076 6000 -0.001897989238275196 7000 -0.001897989238275196 14000 -0.9962040215234501 
m400077 6000 -0.004272371579255753 7000 -0.004272371579255753 14000 -0.9914552568414884 
m400078 6000 -0.006129242687274087 7000 -0.006129242687274087 14000 -0.9877415146254525 
m400079 6000 -0.007747358686301945 7000 -0.007747358686301945 14000 -0.984505282627396 
m400080 6000 -0.000592327538882946 7000 -0.000592327538882946 14000 -0.9988153449222341 
m400081 6000 -0.0020072282954004435 7000 -0.0020072282954004435 14000 -0.9959855434091992 
m400082 6000 -0.003857849605571254 7000 -0.003857849605571254 14000 -0.9922843007888573 
m400083 6000 -0.00603798025396476 7000 -0.00603798025396476 14000 -0.9879240394920704 
m400084 6000 -0.00829625720159341 7000 -0.00829625720159341 14000 -0.9834074855968133 
m400085 6000 -0.0005448560091656858 7000 -0.0005448560091656858 14000 -0.9989102879816687 
m400086 6000 -0.0021084963782822238 7000 -0.0021084963782822238 14000 -0.9957830072434355 
m400087 6000 -0.004169830684076382 7000 -0.004169830684076382 14000 -0.9916603386318473 
m400088 6000 -0.00596884707426109 7000 -0.00596884707426109 14000 -0.988062305851478 
m400089 6000 -0.007930598375782654 7000 -0.007930598375782654 14000 -0.9841388032484345 
m400090 6000 -0.0005305181815162755 7000 -0.0005305181815162755 14000 -0.9989389636369672 
m400091 6000 -0.001724502313929343 7000 -0.001724502313929343 14000 -0.996550995372141 
m400092 6000 -0.004174489067700493 7000 -0.004174489067700493 14000 -0.9916510218645992 
m400093 6000 -0.006136780885401793 7000 -0.006136780885401793 14000 -0.9877264382291961 
m400094 6000 -0.008221162703918754 7000 -0.008221162703918754 14000 -0.9835576745921623 
m400095 6000 -0.0005230924974880018 7000 -0.0005230924974880018 14000 -0.9989538150050241 
m400096 6000 -0.002118257377428963 7000 -0.002118257377428963 14000 -0.9957634852451425 
m400097 6000 -0.004038020755745233 7000 -0.004038020755745233 14000 -0.9919239584885097 
m400098 6000 -0.00579520303931381 7000 -0.00579520303931381 14000 -0.9884095939213724 
m400099 6000 -0.007799292595428874 7000 -0.007799292595428874 14000 -0.9844014148091423 
m400100 6000 -0.0005791620164580407 7000 -0.0005791620164580407 14000 -0.998841675967084 
m400101 6000 -0.0020250862714691815 7000 -0.0020250862714691815 14000 -0.9959498274570616 
m400102 6000 -0.0037785991710409424 7000 -0.0037785991710409424 14000 -0.9924428016579182 
m400103 6000 -0.00597434923518193 7000 -0.00597434923518193 14000 -0.9880513015296362 
m400104 6000 -0.007861432709157302 7000 -0.007861432709157302 14000 -0.9842771345816854 
m400105 6000 -0.000463141613965789 7000 -0.000463141613965789 14000 -0.9990737167720684 
m400106 6000 -0.0018896653669849904 7000 -0.0018896653669849904 14000 -0.9962206692660299 
m400107 6000 -0.003952021782198717 7000 -0.003952021782198717 14000 -0.9920959564356023 
m400108 6000 -0.0062980852851521685 7000 -0.0062980852851521685 14000 -0.9874038294296953 
m400109 6000 -0.0076880519218667405 7000 -0.0076880519218667405 14000 -0.9846238961562668 
m400110 6000 -0.0003719819586392681 7000 -0.0003719819586392681 14000 -0.9992560360827214 
m400111 6000 -0.0024177223364226603 7000 -0.0024177223364226603 14000 -0.9951645553271545 
m400112 6000 -0.003978685248924048 7000 -0.003978685248924048 14000 -0.9920426295021517 
m400113 6000 -0.005857998503939719 7000 -0.005857998503939719 14000 -0.9882840029921206 
m400114 6000 -0.007904859482503546 7000 -0.007904859482503546 14000 -0.9841902810349928 
m400115 6000 -0.0005629464248271974 7000 -0.0005629464248271974 14000 -0.9988741071503456 
m400116 6000 -0.0019585603005752472 7000 -0.0019585603005752472 14000 -0.9960828793988493 
m400117 6000 -0.003830998105906119 7000 -0.003830998105906119 14000 -0.9923380037881878 
m400118 6000 -0.005957399859891447 7000 -0.005957399859891447 14000 -0.9880852002802171 
m400119 6000 -0.008038721030242274 7000 -0.008038721030242274 14000 -0.9839225579395154 
m400120 6000 -0.0004599794332836964 7000 -0.0004599794332836964 14000 -0.9990800411334329 
m400121 6000 -0.00213226069333417 7000 -0.00213226069333417 14000 -0.9957354786133317 
m400122 6000 -0.003881271779859039 7000 -0.003881271779859039 14000 -0.9922374564402818 
m400123 6000 -0.005928853516208643 7000 -0.005928853516208643 14000 -0.9881422929675828 
m400124 6000 -0.008179016687264567 7000 -0.008179016687264567 14000 -0.9836419666254709 
c **********************************
c PE+Pb, dens=4.78 g/cm3
m2      6000    -0.04286 $Carbon
        1001    -0.00714 $Hydrogen
        82000   -0.95000 $Lead
c **********************************
m3    1001 -0.048535 $Boric acid
      5010 -0.034981
      5011 -0.139923
      8016 -0.776561
c **********************************
m4    82000 1 $Lead
c **********************************
m5 26000 1 $Iron
c **********************************
m6     13027   -1.000 $ Aluminum
c **********************************
c  SS-304 (8.00 g/cm3), #298 in PNNL Compendium
m7   006000.50c -0.0004000
     014000.60c -0.0050000
     015031.50c -0.0002300
     016000.60c -0.0001500
     024000.50c -0.1899981
     025055.60c -0.0099999
     026000.50c -0.7017229
     028000.50c -0.0924991
c ****************************************
c       LaBr detector
c ****************************************
m8       35079    -0.2946       $ Br79
         35081    -0.3069       $ Br81
         57139    -0.3485       $ La139
         58140    -0.0500       $ Ce140
c ************ air den=1.15e-3g/cc
m12     8016 -0.23
        7014 -0.77
c ************ Rubber Natural den=0.92 g/cc
m13     1001 -0.118371  $weight fraction
        6000 -0.881629
c
c end material cards
c
rand seed=8674536546524321 $different initial random #; seed# - any less 18 digits
c
c ********** begin tallies *********************
fc78 *********Broadened Pulse Height Tally Sum of Detectors 1,2 & 3 ***********
e78 0 1e-5 932i 8.4295
F78:p (101)
FT78 GEB -0.026198 0.059551 -0.037176
fc18 *********Unbroadened Pulse Height Tally Sum of Detectors 1,2 & 3 ***********
e18 0 1e-5 932i 8.4295
F18:p (101)
c ***********************************
c mplot tal 78 freq 10000
nps 1e9
