c CAS DETECTOR
c w/ Shielding in Place and Wheels
c
c CELL CARDS
c
c @@@@@@@@@@ Detectors @@@@@@@@@@@@@@@@@
c
101 8 -5.08 -21 imp:n,p 1 $LaBr Detector #1 Active Region
c
c @@@@@@@@@ Shielding @@@@@@@@@@@@@@@@@
c
121 2 -4.78 -31 imp:n,p 1 $PE_Pb
122 4 -11.29 -32 imp:n,p 1 $Pb1
123 4 -11.29 -33 imp:n,p 1 $Pb2
124 4 -11.29 -34 imp:n,p 1 $Pb3
125 4 -11.29 -35 imp:n,p 1 $Pb4
126 4 -11.29 -36 imp:n,p 1 $Pb5
127 4 -11.29 -37 imp:n,p 1 $Pb6
128 3 -1.5 -38 imp:n,p 1 $BA1
129 3 -1.5 -39 imp:n,p 1 $BA2
130 6 -2.7 -40 imp:n,p 1 $Al
131 7 -7.92 301 -302 303 -304 imp:n,p 1 $Fe-tube
132 5 -7.8 -401 imp:n,p 1 $Fe
133 5 -7.8 -402 imp:n,p 1 $Fe
c @@@@@@@@@@ Wheels @@@@@@@@@@@@@@@@@
c
21 13 -0.92 -41 42 imp:n,p 1 $Wheel 1
211 13 -0.92 -421 422 imp:n,p 1 $Wheel 1
212 13 -0.92 -423 424 imp:n,p 1 $Wheel 1
22 13 -0.92 -43 44 imp:n,p 1 $Wheel 2
221 13 -0.92 -441 442 imp:n,p 1 $Wheel 2
222 13 -0.92 -443 444 imp:n,p 1 $Wheel 2
23 13 -0.92 -45 46 imp:n,p 1 $Wheel 3
231 13 -0.92 -461 462 imp:n,p 1 $Wheel 3
232 13 -0.92 -463 464 imp:n,p 1 $Wheel 3
24 13 -0.92 -47 48 imp:n,p 1 $Wheel 4
241 13 -0.92 -481 482 imp:n,p 1 $Wheel 4
242 13 -0.92 -483 484 imp:n,p 1 $Wheel 4
c
c @@@@@@@@@@ SOIL VOLUME @@@@@@@@@@@
c
300000 400000 -2.156 20010 -20011 20020 -20021 20030 -20031 imp:n,p 1
300001 400001 -2.156 20010 -20011 20020 -20021 20031 -20032 imp:n,p 1
300002 400002 -2.156 20010 -20011 20020 -20021 20032 -20033 imp:n,p 1
300003 400003 -2.156 20010 -20011 20020 -20021 20033 -20034 imp:n,p 1
300004 400004 -2.156 20010 -20011 20020 -20021 20034 -20035 imp:n,p 1
300005 400005 -2.156 20011 -20012 20020 -20021 20030 -20031 imp:n,p 1
300006 400006 -2.156 20011 -20012 20020 -20021 20031 -20032 imp:n,p 1
300007 400007 -2.156 20011 -20012 20020 -20021 20032 -20033 imp:n,p 1
300008 400008 -2.156 20011 -20012 20020 -20021 20033 -20034 imp:n,p 1
300009 400009 -2.156 20011 -20012 20020 -20021 20034 -20035 imp:n,p 1
300010 400010 -2.156 20012 -20013 20020 -20021 20030 -20031 imp:n,p 1
300011 400011 -2.156 20012 -20013 20020 -20021 20031 -20032 imp:n,p 1
300012 400012 -2.156 20012 -20013 20020 -20021 20032 -20033 imp:n,p 1
300013 400013 -2.156 20012 -20013 20020 -20021 20033 -20034 imp:n,p 1
300014 400014 -2.156 20012 -20013 20020 -20021 20034 -20035 imp:n,p 1
300015 400015 -2.156 20013 -20014 20020 -20021 20030 -20031 imp:n,p 1
300016 400016 -2.156 20013 -20014 20020 -20021 20031 -20032 imp:n,p 1
300017 400017 -2.156 20013 -20014 20020 -20021 20032 -20033 imp:n,p 1
300018 400018 -2.156 20013 -20014 20020 -20021 20033 -20034 imp:n,p 1
300019 400019 -2.156 20013 -20014 20020 -20021 20034 -20035 imp:n,p 1
300020 400020 -2.156 20014 -20015 20020 -20021 20030 -20031 imp:n,p 1
300021 400021 -2.156 20014 -20015 20020 -20021 20031 -20032 imp:n,p 1
300022 400022 -2.156 20014 -20015 20020 -20021 20032 -20033 imp:n,p 1
300023 400023 -2.156 20014 -20015 20020 -20021 20033 -20034 imp:n,p 1
300024 400024 -2.156 20014 -20015 20020 -20021 20034 -20035 imp:n,p 1
300025 400025 -2.156 20010 -20011 20021 -20022 20030 -20031 imp:n,p 1
300026 400026 -2.156 20010 -20011 20021 -20022 20031 -20032 imp:n,p 1
300027 400027 -2.156 20010 -20011 20021 -20022 20032 -20033 imp:n,p 1
300028 400028 -2.156 20010 -20011 20021 -20022 20033 -20034 imp:n,p 1
300029 400029 -2.156 20010 -20011 20021 -20022 20034 -20035 imp:n,p 1
300030 400030 -2.156 20011 -20012 20021 -20022 20030 -20031 imp:n,p 1
300031 400031 -2.156 20011 -20012 20021 -20022 20031 -20032 imp:n,p 1
300032 400032 -2.156 20011 -20012 20021 -20022 20032 -20033 imp:n,p 1
300033 400033 -2.156 20011 -20012 20021 -20022 20033 -20034 imp:n,p 1
300034 400034 -2.156 20011 -20012 20021 -20022 20034 -20035 imp:n,p 1
300035 400035 -2.156 20012 -20013 20021 -20022 20030 -20031 imp:n,p 1
300036 400036 -2.156 20012 -20013 20021 -20022 20031 -20032 imp:n,p 1
300037 400037 -2.156 20012 -20013 20021 -20022 20032 -20033 imp:n,p 1
300038 400038 -2.156 20012 -20013 20021 -20022 20033 -20034 imp:n,p 1
300039 400039 -2.156 20012 -20013 20021 -20022 20034 -20035 imp:n,p 1
300040 400040 -2.156 20013 -20014 20021 -20022 20030 -20031 imp:n,p 1
300041 400041 -2.156 20013 -20014 20021 -20022 20031 -20032 imp:n,p 1
300042 400042 -2.156 20013 -20014 20021 -20022 20032 -20033 imp:n,p 1
300043 400043 -2.156 20013 -20014 20021 -20022 20033 -20034 imp:n,p 1
300044 400044 -2.156 20013 -20014 20021 -20022 20034 -20035 imp:n,p 1
300045 400045 -2.156 20014 -20015 20021 -20022 20030 -20031 imp:n,p 1
300046 400046 -2.156 20014 -20015 20021 -20022 20031 -20032 imp:n,p 1
300047 400047 -2.156 20014 -20015 20021 -20022 20032 -20033 imp:n,p 1
300048 400048 -2.156 20014 -20015 20021 -20022 20033 -20034 imp:n,p 1
300049 400049 -2.156 20014 -20015 20021 -20022 20034 -20035 imp:n,p 1
300050 400050 -2.156 20010 -20011 20022 -20023 20030 -20031 imp:n,p 1
300051 400051 -2.156 20010 -20011 20022 -20023 20031 -20032 imp:n,p 1
300052 400052 -2.156 20010 -20011 20022 -20023 20032 -20033 imp:n,p 1
300053 400053 -2.156 20010 -20011 20022 -20023 20033 -20034 imp:n,p 1
300054 400054 -2.156 20010 -20011 20022 -20023 20034 -20035 imp:n,p 1
300055 400055 -2.156 20011 -20012 20022 -20023 20030 -20031 imp:n,p 1
300056 400056 -2.156 20011 -20012 20022 -20023 20031 -20032 imp:n,p 1
300057 400057 -2.156 20011 -20012 20022 -20023 20032 -20033 imp:n,p 1
300058 400058 -2.156 20011 -20012 20022 -20023 20033 -20034 imp:n,p 1
300059 400059 -2.156 20011 -20012 20022 -20023 20034 -20035 imp:n,p 1
300060 400060 -2.156 20012 -20013 20022 -20023 20030 -20031 imp:n,p 1
300061 400061 -2.156 20012 -20013 20022 -20023 20031 -20032 imp:n,p 1
300062 400062 -2.156 20012 -20013 20022 -20023 20032 -20033 imp:n,p 1
300063 400063 -2.156 20012 -20013 20022 -20023 20033 -20034 imp:n,p 1
300064 400064 -2.156 20012 -20013 20022 -20023 20034 -20035 imp:n,p 1
300065 400065 -2.156 20013 -20014 20022 -20023 20030 -20031 imp:n,p 1
300066 400066 -2.156 20013 -20014 20022 -20023 20031 -20032 imp:n,p 1
300067 400067 -2.156 20013 -20014 20022 -20023 20032 -20033 imp:n,p 1
300068 400068 -2.156 20013 -20014 20022 -20023 20033 -20034 imp:n,p 1
300069 400069 -2.156 20013 -20014 20022 -20023 20034 -20035 imp:n,p 1
300070 400070 -2.156 20014 -20015 20022 -20023 20030 -20031 imp:n,p 1
300071 400071 -2.156 20014 -20015 20022 -20023 20031 -20032 imp:n,p 1
300072 400072 -2.156 20014 -20015 20022 -20023 20032 -20033 imp:n,p 1
300073 400073 -2.156 20014 -20015 20022 -20023 20033 -20034 imp:n,p 1
300074 400074 -2.156 20014 -20015 20022 -20023 20034 -20035 imp:n,p 1
300075 400075 -2.156 20010 -20011 20023 -20024 20030 -20031 imp:n,p 1
300076 400076 -2.156 20010 -20011 20023 -20024 20031 -20032 imp:n,p 1
300077 400077 -2.156 20010 -20011 20023 -20024 20032 -20033 imp:n,p 1
300078 400078 -2.156 20010 -20011 20023 -20024 20033 -20034 imp:n,p 1
300079 400079 -2.156 20010 -20011 20023 -20024 20034 -20035 imp:n,p 1
300080 400080 -2.156 20011 -20012 20023 -20024 20030 -20031 imp:n,p 1
300081 400081 -2.156 20011 -20012 20023 -20024 20031 -20032 imp:n,p 1
300082 400082 -2.156 20011 -20012 20023 -20024 20032 -20033 imp:n,p 1
300083 400083 -2.156 20011 -20012 20023 -20024 20033 -20034 imp:n,p 1
300084 400084 -2.156 20011 -20012 20023 -20024 20034 -20035 imp:n,p 1
300085 400085 -2.156 20012 -20013 20023 -20024 20030 -20031 imp:n,p 1
300086 400086 -2.156 20012 -20013 20023 -20024 20031 -20032 imp:n,p 1
300087 400087 -2.156 20012 -20013 20023 -20024 20032 -20033 imp:n,p 1
300088 400088 -2.156 20012 -20013 20023 -20024 20033 -20034 imp:n,p 1
300089 400089 -2.156 20012 -20013 20023 -20024 20034 -20035 imp:n,p 1
300090 400090 -2.156 20013 -20014 20023 -20024 20030 -20031 imp:n,p 1
300091 400091 -2.156 20013 -20014 20023 -20024 20031 -20032 imp:n,p 1
300092 400092 -2.156 20013 -20014 20023 -20024 20032 -20033 imp:n,p 1
300093 400093 -2.156 20013 -20014 20023 -20024 20033 -20034 imp:n,p 1
300094 400094 -2.156 20013 -20014 20023 -20024 20034 -20035 imp:n,p 1
300095 400095 -2.156 20014 -20015 20023 -20024 20030 -20031 imp:n,p 1
300096 400096 -2.156 20014 -20015 20023 -20024 20031 -20032 imp:n,p 1
300097 400097 -2.156 20014 -20015 20023 -20024 20032 -20033 imp:n,p 1
300098 400098 -2.156 20014 -20015 20023 -20024 20033 -20034 imp:n,p 1
300099 400099 -2.156 20014 -20015 20023 -20024 20034 -20035 imp:n,p 1
300100 400100 -2.156 20010 -20011 20024 -20025 20030 -20031 imp:n,p 1
300101 400101 -2.156 20010 -20011 20024 -20025 20031 -20032 imp:n,p 1
300102 400102 -2.156 20010 -20011 20024 -20025 20032 -20033 imp:n,p 1
300103 400103 -2.156 20010 -20011 20024 -20025 20033 -20034 imp:n,p 1
300104 400104 -2.156 20010 -20011 20024 -20025 20034 -20035 imp:n,p 1
300105 400105 -2.156 20011 -20012 20024 -20025 20030 -20031 imp:n,p 1
300106 400106 -2.156 20011 -20012 20024 -20025 20031 -20032 imp:n,p 1
300107 400107 -2.156 20011 -20012 20024 -20025 20032 -20033 imp:n,p 1
300108 400108 -2.156 20011 -20012 20024 -20025 20033 -20034 imp:n,p 1
300109 400109 -2.156 20011 -20012 20024 -20025 20034 -20035 imp:n,p 1
300110 400110 -2.156 20012 -20013 20024 -20025 20030 -20031 imp:n,p 1
300111 400111 -2.156 20012 -20013 20024 -20025 20031 -20032 imp:n,p 1
300112 400112 -2.156 20012 -20013 20024 -20025 20032 -20033 imp:n,p 1
300113 400113 -2.156 20012 -20013 20024 -20025 20033 -20034 imp:n,p 1
300114 400114 -2.156 20012 -20013 20024 -20025 20034 -20035 imp:n,p 1
300115 400115 -2.156 20013 -20014 20024 -20025 20030 -20031 imp:n,p 1
300116 400116 -2.156 20013 -20014 20024 -20025 20031 -20032 imp:n,p 1
300117 400117 -2.156 20013 -20014 20024 -20025 20032 -20033 imp:n,p 1
300118 400118 -2.156 20013 -20014 20024 -20025 20033 -20034 imp:n,p 1
300119 400119 -2.156 20013 -20014 20024 -20025 20034 -20035 imp:n,p 1
300120 400120 -2.156 20014 -20015 20024 -20025 20030 -20031 imp:n,p 1
300121 400121 -2.156 20014 -20015 20024 -20025 20031 -20032 imp:n,p 1
300122 400122 -2.156 20014 -20015 20024 -20025 20032 -20033 imp:n,p 1
300123 400123 -2.156 20014 -20015 20024 -20025 20033 -20034 imp:n,p 1
300124 400124 -2.156 20014 -20015 20024 -20025 20034 -20035 imp:n,p 1
c
30 12 -0.00129 -200 #101 #121 #122 #123 #124 #125 #126 #127 #128 #129 #130 #131 #132 #133
        #21 #211 #212 #22 #221 #222 #23 #231 #232 #24 #241 #242 #20 imp:n,p 1 $Rest of the World
31 0 200 imp:n,p 0 $Outside world

c SURFACE CARDS
c
c Sample Volume
20010 px -56.0
20011 px -33.600000000000364
20012 px -11.200000000000728
20013 px 11.200000000000728
20014 px 33.600000000000364
20015 px 56.0
20020 py -45.0
20021 py -27.0
20022 py -9.0
20023 py 9.0
20024 py 27.0
20025 py 45.0
20030 pz 92.0
20031 pz 82.0
20032 pz 72.0
20033 pz 62.0
20034 pz 52.0
20035 pz 42.0
c Active Detector Region
21 rcc 56  -5.0 -1.0   0.0 20.3 0.0   4.5 $Detector 1 Base center, Hx,Hy,Hz, radius
c Shielding Surfaces
c Shielding Pb
31 rpp 19 29 -7.5 7.5 -11 9 $PbPE xmin xmax ymin ymax zmin zmax
32 rpp 9 19 4 9 -11 9 $Pb xmin xmax ymin ymax zmin zmax
33 rpp 9 19 -9 -4 -11 9 $Pb xmin xmax ymin ymax zmin zmax
34 rpp 19 29 7.5 12.5 -11 9 $Pb xmin xmax ymin ymax zmin zmax
35 rpp 19 29 -12.5 -7.5 -11 9 $Pb xmin xmax ymin ymax zmin zmax
36 rpp 29 34 -15 15 -11 9 $Pb xmin xmax ymin ymax zmin zmax
37 rpp 9 19 -4 4 4 9 $Pb xmin xmax ymin ymax zmin zmax
38 rpp -26 26 18 28 -11 9 $BA1 xmin xmax ymin ymax zmin zmax
39 rpp -26 26 -28 -18 -11 9 $BA2 xmin xmax ymin ymax zmin zmax
40 rpp -65 65 -28 28 10 10.5 $Al xmin xmax ymin ymax zmin zmax
401 rpp -27 27 29 34 -11 9 $Fe xmin xmax ymin ymax zmin zmax
402 rpp -27 27 -34 -29 -11 9 $Fe xmin xmax ymin ymax zmin zmax
301 px -20
302 px 18
303 cx 3.71
304 cx 3.81
c Wheels Surfaces
c 23/10.5-12 turf tires, 22.6 lb rubber
c diameter 29cm, tread width 25cm, and sidewall height 13.76 cm
c set thickness of all sides 1.3 cm (s.t. weight is 22.6 lb)
41 rcc -2 77 8   0.0 25 0.0 29 $wheel 1 outer tread surface
42 rcc -2 77 8   0.0 25 0.0 27.7 $wheel 1 inner tread surface
421 rcc -2 75.7 8   0.0 1.3 0.0 29 $wheel 1 outside sidewall exterior
422 rcc -2 75.7 8   0.0 1.3 0.0 15.24 $wheel 1 outside sidewall interior
423 rcc -2 102 8   0.0 1.3 0.0 29 $wheel 1 inside sidewall exterior
424 rcc -2 102 8   0.0 1.3 0.0 15.24 $wheel 1 inside sidewall interior
43 rcc 68 77 8   0.0 25 0.0 29 $wheel 2
44 rcc 68 77 8   0.0 25 0.0 27.7
441 rcc 68 75.7 8   0.0 1.3 0.0 29
442 rcc 68 75.7 8   0.0 1.3 0.0 15.24
443 rcc 68 102 8   0.0 1.3 0.0 29
444 rcc 68 102 8   0.0 1.3 0.0 15.24
45 rcc -2 -77 8   0.0 -25 0.0 29 $wheel 3
46 rcc -2 -77 8   0.0 -25 0.0 27.7
461 rcc -2 -75.7 8   0.0 -1.3 0.0 29
462 rcc -2 -75.7 8   0.0 -1.3 0.0 15.24
463 rcc -2 -102 8   0.0 -1.3 0.0 29
464 rcc -2 -102 8   0.0 -1.3 0.0 15.24
47 rcc 68 -77 8   0.0 -25 0.0 29 $wheel 4
48 rcc 68 -77 8   0.0 -25 0.0 27.7
481 rcc 68 -75.7 8   0.0 -1.3 0.0 29
482 rcc 68 -75.7 8   0.0 -1.3 0.0 15.24
483 rcc 68 -102 8   0.0 -1.3 0.0 29
484 rcc 68 -102 8   0.0 -1.3 0.0 15.24
200 so 800    $sphere of 800cm centered at origin
c

c DATA CARDS
mode n p
c dump every hr
prdmp -60 -60 -1
c 100 keV Neutron Energy Cutoff
Cut:n 1j 0.1
c analog neutron transport
phys:n 1j 14
phys:p
sdef pos=0 0 0 erg=14.0 vec= 0 0 1 dir=d1
si1  -1 .93 1
sp1   0  0.0  1.0
c ********************
c begin material cards
c ********************
c Pure Carbon
c ****************************************
m400000 6000 -0.00046038829121152554 7000 -0.00046038829121152554 14000 -0.9990792234175769 
m400001 6000 -0.002293857608325615 7000 -0.002293857608325615 14000 -0.9954122847833489 
m400002 6000 -0.003693349061546519 7000 -0.003693349061546519 14000 -0.992613301876907 
m400003 6000 -0.00596720686415039 7000 -0.00596720686415039 14000 -0.9880655862716989 
m400004 6000 -0.008237522766829746 7000 -0.008237522766829746 14000 -0.9835249544663408 
m400005 6000 -0.0005946997435583734 7000 -0.0005946997435583734 14000 -0.9988106005128833 
m400006 6000 -0.002076303339880999 7000 -0.002076303339880999 14000 -0.9958473933202382 
m400007 6000 -0.004210900295317356 7000 -0.004210900295317356 14000 -0.9915781994093651 
m400008 6000 -0.0060879673685238144 7000 -0.0060879673685238144 14000 -0.9878240652629522 
m400009 6000 -0.007975492648464257 7000 -0.007975492648464257 14000 -0.9840490147030715 
m400010 6000 -0.000552058255909158 7000 -0.000552058255909158 14000 -0.9988958834881815 
m400011 6000 -0.0023336809345658248 7000 -0.0023336809345658248 14000 -0.995332638130868 
m400012 6000 -0.003804471136969434 7000 -0.003804471136969434 14000 -0.9923910577260613 
m400013 6000 -0.006003206481792243 7000 -0.006003206481792243 14000 -0.9879935870364155 
m400014 6000 -0.008064691254709693 7000 -0.008064691254709693 14000 -0.9838706174905805 
m400015 6000 -0.0005036382374720271 7000 -0.0005036382374720271 14000 -0.9989927235250561 
m400016 6000 -0.0020692351741490016 7000 -0.0020692351741490016 14000 -0.995861529651702 
m400017 6000 -0.004093973042506002 7000 -0.004093973042506002 14000 -0.9918120539149884 
m400018 6000 -0.0060359023423489444 7000 -0.0060359023423489444 14000 -0.987928195315302 
m400019 6000 -0.00801932287089701 7000 -0.00801932287089701 14000 -0.9839613542582061 
m400020 6000 -0.0004934736406296307 7000 -0.0004934736406296307 14000 -0.9990130527187404 
m400021 6000 -0.0020689200464896894 7000 -0.0020689200464896894 14000 -0.9958621599070209 
m400022 6000 -0.004009454381085287 7000 -0.004009454381085287 14000 -0.9919810912378292 
m400023 6000 -0.0059647227603099205 7000 -0.0059647227603099205 14000 -0.9880705544793803 
m400024 6000 -0.008228254550841222 7000 -0.008228254550841222 14000 -0.9835434908983176 
m400025 6000 -0.0004929194163712752 7000 -0.0004929194163712752 14000 -0.9990141611672576 
m400026 6000 -0.0020894059027235273 7000 -0.0020894059027235273 14000 -0.9958211881945529 
m400027 6000 -0.003909465057063517 7000 -0.003909465057063517 14000 -0.992181069885873 
m400028 6000 -0.005875336896561897 7000 -0.005875336896561897 14000 -0.988249326206876 
m400029 6000 -0.0076959784390215535 7000 -0.0076959784390215535 14000 -0.9846080431219568 
m400030 6000 -0.00043973925339711414 7000 -0.00043973925339711414 14000 -0.9991205214932058 
m400031 6000 -0.002017926095427276 7000 -0.002017926095427276 14000 -0.9959641478091456 
m400032 6000 -0.003950220068225342 7000 -0.003950220068225342 14000 -0.9920995598635496 
m400033 6000 -0.0058579481224887596 7000 -0.0058579481224887596 14000 -0.9882841037550223 
m400034 6000 -0.007779070668577538 7000 -0.007779070668577538 14000 -0.9844418586628448 
m400035 6000 -0.00041238499996186886 7000 -0.00041238499996186886 14000 -0.9991752300000764 
m400036 6000 -0.002133178192427345 7000 -0.002133178192427345 14000 -0.9957336436151454 
m400037 6000 -0.004152885025017443 7000 -0.004152885025017443 14000 -0.9916942299499651 
m400038 6000 -0.006155201074617732 7000 -0.006155201074617732 14000 -0.9876895978507646 
m400039 6000 -0.007907156922491169 7000 -0.007907156922491169 14000 -0.9841856861550176 
m400040 6000 -0.0005151910790972625 7000 -0.0005151910790972625 14000 -0.9989696178418054 
m400041 6000 -0.0020125379494764658 7000 -0.0020125379494764658 14000 -0.9959749241010469 
m400042 6000 -0.003940223321451864 7000 -0.003940223321451864 14000 -0.9921195533570963 
m400043 6000 -0.005911742952302976 7000 -0.005911742952302976 14000 -0.9881765140953938 
m400044 6000 -0.00801241163089983 7000 -0.00801241163089983 14000 -0.9839751767382005 
m400045 6000 -0.0005205456829007865 7000 -0.0005205456829007865 14000 -0.9989589086341983 
m400046 6000 -0.002014381985298757 7000 -0.002014381985298757 14000 -0.9959712360294026 
m400047 6000 -0.0040917269751741415 7000 -0.0040917269751741415 14000 -0.9918165460496519 
m400048 6000 -0.006246523998510643 7000 -0.006246523998510643 14000 -0.9875069520029786 
m400049 6000 -0.007997092121542083 7000 -0.007997092121542083 14000 -0.9840058157569164 
m400050 6000 -0.0004937887985720021 7000 -0.0004937887985720021 14000 -0.9990124224028558 
m400051 6000 -0.001640428853718069 7000 -0.001640428853718069 14000 -0.9967191422925639 
m400052 6000 -0.003991139018447783 7000 -0.003991139018447783 14000 -0.9920177219631043 
m400053 6000 -0.005613267395495066 7000 -0.005613267395495066 14000 -0.9887734652090099 
m400054 6000 -0.007875275245287723 7000 -0.007875275245287723 14000 -0.9842494495094247 
m400055 6000 -0.0004456596029897085 7000 -0.0004456596029897085 14000 -0.9991086807940206 
m400056 6000 -0.0019650125210894627 7000 -0.0019650125210894627 14000 -0.9960699749578211 
m400057 6000 -0.003830290608841804 7000 -0.003830290608841804 14000 -0.9923394187823162 
m400058 6000 -0.006053321782146733 7000 -0.006053321782146733 14000 -0.9878933564357065 
m400059 6000 -0.007979988525526747 7000 -0.007979988525526747 14000 -0.9840400229489465 
m400060 6000 -0.0005571350936418027 7000 -0.0005571350936418027 14000 -0.9988857298127165 
m400061 6000 -0.002136510042090181 7000 -0.002136510042090181 14000 -0.9957269799158197 
m400062 6000 -0.0037733452396330174 7000 -0.0037733452396330174 14000 -0.9924533095207341 
m400063 6000 -0.0056560725310710195 7000 -0.0056560725310710195 14000 -0.9886878549378578 
m400064 6000 -0.00787176725098234 7000 -0.00787176725098234 14000 -0.9842564654980351 
m400065 6000 -0.000576828328768788 7000 -0.000576828328768788 14000 -0.9988463433424623 
m400066 6000 -0.0019457331030380512 7000 -0.0019457331030380512 14000 -0.9961085337939238 
m400067 6000 -0.0039597950898343885 7000 -0.0039597950898343885 14000 -0.9920804098203313 
m400068 6000 -0.00607479579827419 7000 -0.00607479579827419 14000 -0.9878504084034512 
m400069 6000 -0.007951492044375386 7000 -0.007951492044375386 14000 -0.9840970159112489 
m400070 6000 -0.0005656322258039575 7000 -0.0005656322258039575 14000 -0.998868735548392 
m400071 6000 -0.0020150169643355495 7000 -0.0020150169643355495 14000 -0.9959699660713289 
m400072 6000 -0.004095139918097831 7000 -0.004095139918097831 14000 -0.9918097201638042 
m400073 6000 -0.005791058791001019 7000 -0.005791058791001019 14000 -0.988417882417998 
m400074 6000 -0.007938475166935573 7000 -0.007938475166935573 14000 -0.9841230496661294 
m400075 6000 -0.0005309274959448451 7000 -0.0005309274959448451 14000 -0.9989381450081105 
m400076 6000 -0.001882662680233101 7000 -0.001882662680233101 14000 -0.9962346746395337 
m400077 6000 -0.003769849112320971 7000 -0.003769849112320971 14000 -0.9924603017753577 
m400078 6000 -0.006057983943889185 7000 -0.006057983943889185 14000 -0.9878840321122214 
m400079 6000 -0.007936788912485311 7000 -0.007936788912485311 14000 -0.9841264221750293 
m400080 6000 -0.0005621688044485792 7000 -0.0005621688044485792 14000 -0.998875662391103 
m400081 6000 -0.0020648286780712223 7000 -0.0020648286780712223 14000 -0.9958703426438578 
m400082 6000 -0.004268141118555639 7000 -0.004268141118555639 14000 -0.9914637177628888 
m400083 6000 -0.006196183151065018 7000 -0.006196183151065018 14000 -0.9876076336978699 
m400084 6000 -0.007898170789228262 7000 -0.007898170789228262 14000 -0.9842036584215437 
m400085 6000 -0.0005325101716849291 7000 -0.0005325101716849291 14000 -0.99893497965663 
m400086 6000 -0.0019948004329654804 7000 -0.0019948004329654804 14000 -0.9960103991340686 
m400087 6000 -0.004194709622120955 7000 -0.004194709622120955 14000 -0.9916105807557583 
m400088 6000 -0.005688703009882394 7000 -0.005688703009882394 14000 -0.9886225939802352 
m400089 6000 -0.008089348938019965 7000 -0.008089348938019965 14000 -0.9838213021239599 
m400090 6000 -0.0005139755760712693 7000 -0.0005139755760712693 14000 -0.9989720488478575 
m400091 6000 -0.002329499065685891 7000 -0.002329499065685891 14000 -0.9953410018686282 
m400092 6000 -0.0037818759664354573 7000 -0.0037818759664354573 14000 -0.9924362480671292 
m400093 6000 -0.0057873097451244596 7000 -0.0057873097451244596 14000 -0.9884253805097513 
m400094 6000 -0.008077852268577313 7000 -0.008077852268577313 14000 -0.9838442954628454 
m400095 6000 -0.0005015165459335378 7000 -0.0005015165459335378 14000 -0.998996966908133 
m400096 6000 -0.0018206972814914354 7000 -0.0018206972814914354 14000 -0.9963586054370174 
m400097 6000 -0.0039241577905467446 7000 -0.0039241577905467446 14000 -0.9921516844189064 
m400098 6000 -0.006083773176721227 7000 -0.006083773176721227 14000 -0.9878324536465576 
m400099 6000 -0.008062004459364716 7000 -0.008062004459364716 14000 -0.9838759910812703 
m400100 6000 -0.0005392679820298223 7000 -0.0005392679820298223 14000 -0.9989214640359404 
m400101 6000 -0.001739429415446678 7000 -0.001739429415446678 14000 -0.9965211411691066 
m400102 6000 -0.0038363371171964626 7000 -0.0038363371171964626 14000 -0.9923273257656072 
m400103 6000 -0.005878979796921497 7000 -0.005878979796921497 14000 -0.9882420404061568 
m400104 6000 -0.007595255533468332 7000 -0.007595255533468332 14000 -0.9848094889330635 
m400105 6000 -0.00046346706145854134 7000 -0.00046346706145854134 14000 -0.999073065877083 
m400106 6000 -0.0019258570835928796 7000 -0.0019258570835928796 14000 -0.9961482858328142 
m400107 6000 -0.003927055591427405 7000 -0.003927055591427405 14000 -0.992145888817145 
m400108 6000 -0.005809117401518043 7000 -0.005809117401518043 14000 -0.9883817651969642 
m400109 6000 -0.008096194358566964 7000 -0.008096194358566964 14000 -0.9838076112828662 
m400110 6000 -0.0005961675428039783 7000 -0.0005961675428039783 14000 -0.9988076649143922 
m400111 6000 -0.002166539925144004 7000 -0.002166539925144004 14000 -0.9956669201497119 
m400112 6000 -0.003848687261500147 7000 -0.003848687261500147 14000 -0.9923026254769998 
m400113 6000 -0.006094713905457607 7000 -0.006094713905457607 14000 -0.9878105721890847 
m400114 6000 -0.007645689026123506 7000 -0.007645689026123506 14000 -0.9847086219477528 
m400115 6000 -0.0005260737578113142 7000 -0.0005260737578113142 14000 -0.9989478524843775 
m400116 6000 -0.0019160160723811085 7000 -0.0019160160723811085 14000 -0.9961679678552379 
m400117 6000 -0.004021892112701205 7000 -0.004021892112701205 14000 -0.9919562157745975 
m400118 6000 -0.006191882624954813 7000 -0.006191882624954813 14000 -0.9876162347500906 
m400119 6000 -0.007949904470222688 7000 -0.007949904470222688 14000 -0.9841001910595544 
m400120 6000 -0.0006713286068334153 7000 -0.0006713286068334153 14000 -0.9986573427863334 
m400121 6000 -0.002035102815172609 7000 -0.002035102815172609 14000 -0.9959297943696548 
m400122 6000 -0.003917660099503428 7000 -0.003917660099503428 14000 -0.992164679800993 
m400123 6000 -0.005961194716391065 7000 -0.005961194716391065 14000 -0.9880776105672178 
m400124 6000 -0.0077803840703789115 7000 -0.0077803840703789115 14000 -0.9844392318592419 
c **********************************
c PE+Pb, dens=4.78 g/cm3
m2      6000    -0.04286 $Carbon
        1001    -0.00714 $Hydrogen
        82000   -0.95000 $Lead
c **********************************
m3    1001 -0.048535 $Boric acid
      5010 -0.034981
      5011 -0.139923
      8016 -0.776561
c **********************************
m4    82000 1 $Lead
c **********************************
m5 26000 1 $Iron
c **********************************
m6     13027   -1.000 $ Aluminum
c **********************************
c  SS-304 (8.00 g/cm3), #298 in PNNL Compendium
m7   006000.50c -0.0004000
     014000.60c -0.0050000
     015031.50c -0.0002300
     016000.60c -0.0001500
     024000.50c -0.1899981
     025055.60c -0.0099999
     026000.50c -0.7017229
     028000.50c -0.0924991
c ****************************************
c       LaBr detector
c ****************************************
m8       35079    -0.2946       $ Br79
         35081    -0.3069       $ Br81
         57139    -0.3485       $ La139
         58140    -0.0500       $ Ce140
c ************ air den=1.15e-3g/cc
m12     8016 -0.23
        7014 -0.77
c ************ Rubber Natural den=0.92 g/cc
m13     1001 -0.118371  $weight fraction
        6000 -0.881629
c
c end material cards
c
rand seed=8674536546524321 $different initial random #; seed# - any less 18 digits
c
c ********** begin tallies *********************
fc78 *********Broadened Pulse Height Tally Sum of Detectors 1,2 & 3 ***********
e78 0 1e-5 932i 8.4295
F78:p (101)
FT78 GEB -0.026198 0.059551 -0.037176
fc18 *********Unbroadened Pulse Height Tally Sum of Detectors 1,2 & 3 ***********
e18 0 1e-5 932i 8.4295
F18:p (101)
c ***********************************
c mplot tal 78 freq 10000
nps 1e9
