c CAS DETECTOR
c w/ Shielding in Place and Wheels
c
c CELL CARDS
c
c @@@@@@@@@@ Detectors @@@@@@@@@@@@@@@@@
c
101 8 -5.08 -21 imp:n,p 1 $LaBr Detector #1 Active Region
c
c @@@@@@@@@ Shielding @@@@@@@@@@@@@@@@@
c
121 2 -4.78 -31 imp:n,p 1 $PE_Pb
122 4 -11.29 -32 imp:n,p 1 $Pb1
123 4 -11.29 -33 imp:n,p 1 $Pb2
124 4 -11.29 -34 imp:n,p 1 $Pb3
125 4 -11.29 -35 imp:n,p 1 $Pb4
126 4 -11.29 -36 imp:n,p 1 $Pb5
127 4 -11.29 -37 imp:n,p 1 $Pb6
128 3 -1.5 -38 imp:n,p 1 $BA1
129 3 -1.5 -39 imp:n,p 1 $BA2
130 6 -2.7 -40 imp:n,p 1 $Al
131 7 -7.92 301 -302 303 -304 imp:n,p 1 $Fe-tube
132 5 -7.8 -401 imp:n,p 1 $Fe
133 5 -7.8 -402 imp:n,p 1 $Fe
c @@@@@@@@@@ Wheels @@@@@@@@@@@@@@@@@
c
21 13 -0.92 -41 42 imp:n,p 1 $Wheel 1
211 13 -0.92 -421 422 imp:n,p 1 $Wheel 1
212 13 -0.92 -423 424 imp:n,p 1 $Wheel 1
22 13 -0.92 -43 44 imp:n,p 1 $Wheel 2
221 13 -0.92 -441 442 imp:n,p 1 $Wheel 2
222 13 -0.92 -443 444 imp:n,p 1 $Wheel 2
23 13 -0.92 -45 46 imp:n,p 1 $Wheel 3
231 13 -0.92 -461 462 imp:n,p 1 $Wheel 3
232 13 -0.92 -463 464 imp:n,p 1 $Wheel 3
24 13 -0.92 -47 48 imp:n,p 1 $Wheel 4
241 13 -0.92 -481 482 imp:n,p 1 $Wheel 4
242 13 -0.92 -483 484 imp:n,p 1 $Wheel 4
c
c @@@@@@@@@@ SOIL VOLUME @@@@@@@@@@@
c
300000 400000 -2.156 20010 -20011 20020 -20021 20030 -20031 imp:n,p 1
300001 400001 -2.156 20010 -20011 20020 -20021 20031 -20032 imp:n,p 1
300002 400002 -2.156 20010 -20011 20020 -20021 20032 -20033 imp:n,p 1
300003 400003 -2.156 20010 -20011 20020 -20021 20033 -20034 imp:n,p 1
300004 400004 -2.156 20010 -20011 20020 -20021 20034 -20035 imp:n,p 1
300005 400005 -2.156 20011 -20012 20020 -20021 20030 -20031 imp:n,p 1
300006 400006 -2.156 20011 -20012 20020 -20021 20031 -20032 imp:n,p 1
300007 400007 -2.156 20011 -20012 20020 -20021 20032 -20033 imp:n,p 1
300008 400008 -2.156 20011 -20012 20020 -20021 20033 -20034 imp:n,p 1
300009 400009 -2.156 20011 -20012 20020 -20021 20034 -20035 imp:n,p 1
300010 400010 -2.156 20012 -20013 20020 -20021 20030 -20031 imp:n,p 1
300011 400011 -2.156 20012 -20013 20020 -20021 20031 -20032 imp:n,p 1
300012 400012 -2.156 20012 -20013 20020 -20021 20032 -20033 imp:n,p 1
300013 400013 -2.156 20012 -20013 20020 -20021 20033 -20034 imp:n,p 1
300014 400014 -2.156 20012 -20013 20020 -20021 20034 -20035 imp:n,p 1
300015 400015 -2.156 20013 -20014 20020 -20021 20030 -20031 imp:n,p 1
300016 400016 -2.156 20013 -20014 20020 -20021 20031 -20032 imp:n,p 1
300017 400017 -2.156 20013 -20014 20020 -20021 20032 -20033 imp:n,p 1
300018 400018 -2.156 20013 -20014 20020 -20021 20033 -20034 imp:n,p 1
300019 400019 -2.156 20013 -20014 20020 -20021 20034 -20035 imp:n,p 1
300020 400020 -2.156 20014 -20015 20020 -20021 20030 -20031 imp:n,p 1
300021 400021 -2.156 20014 -20015 20020 -20021 20031 -20032 imp:n,p 1
300022 400022 -2.156 20014 -20015 20020 -20021 20032 -20033 imp:n,p 1
300023 400023 -2.156 20014 -20015 20020 -20021 20033 -20034 imp:n,p 1
300024 400024 -2.156 20014 -20015 20020 -20021 20034 -20035 imp:n,p 1
300025 400025 -2.156 20010 -20011 20021 -20022 20030 -20031 imp:n,p 1
300026 400026 -2.156 20010 -20011 20021 -20022 20031 -20032 imp:n,p 1
300027 400027 -2.156 20010 -20011 20021 -20022 20032 -20033 imp:n,p 1
300028 400028 -2.156 20010 -20011 20021 -20022 20033 -20034 imp:n,p 1
300029 400029 -2.156 20010 -20011 20021 -20022 20034 -20035 imp:n,p 1
300030 400030 -2.156 20011 -20012 20021 -20022 20030 -20031 imp:n,p 1
300031 400031 -2.156 20011 -20012 20021 -20022 20031 -20032 imp:n,p 1
300032 400032 -2.156 20011 -20012 20021 -20022 20032 -20033 imp:n,p 1
300033 400033 -2.156 20011 -20012 20021 -20022 20033 -20034 imp:n,p 1
300034 400034 -2.156 20011 -20012 20021 -20022 20034 -20035 imp:n,p 1
300035 400035 -2.156 20012 -20013 20021 -20022 20030 -20031 imp:n,p 1
300036 400036 -2.156 20012 -20013 20021 -20022 20031 -20032 imp:n,p 1
300037 400037 -2.156 20012 -20013 20021 -20022 20032 -20033 imp:n,p 1
300038 400038 -2.156 20012 -20013 20021 -20022 20033 -20034 imp:n,p 1
300039 400039 -2.156 20012 -20013 20021 -20022 20034 -20035 imp:n,p 1
300040 400040 -2.156 20013 -20014 20021 -20022 20030 -20031 imp:n,p 1
300041 400041 -2.156 20013 -20014 20021 -20022 20031 -20032 imp:n,p 1
300042 400042 -2.156 20013 -20014 20021 -20022 20032 -20033 imp:n,p 1
300043 400043 -2.156 20013 -20014 20021 -20022 20033 -20034 imp:n,p 1
300044 400044 -2.156 20013 -20014 20021 -20022 20034 -20035 imp:n,p 1
300045 400045 -2.156 20014 -20015 20021 -20022 20030 -20031 imp:n,p 1
300046 400046 -2.156 20014 -20015 20021 -20022 20031 -20032 imp:n,p 1
300047 400047 -2.156 20014 -20015 20021 -20022 20032 -20033 imp:n,p 1
300048 400048 -2.156 20014 -20015 20021 -20022 20033 -20034 imp:n,p 1
300049 400049 -2.156 20014 -20015 20021 -20022 20034 -20035 imp:n,p 1
300050 400050 -2.156 20010 -20011 20022 -20023 20030 -20031 imp:n,p 1
300051 400051 -2.156 20010 -20011 20022 -20023 20031 -20032 imp:n,p 1
300052 400052 -2.156 20010 -20011 20022 -20023 20032 -20033 imp:n,p 1
300053 400053 -2.156 20010 -20011 20022 -20023 20033 -20034 imp:n,p 1
300054 400054 -2.156 20010 -20011 20022 -20023 20034 -20035 imp:n,p 1
300055 400055 -2.156 20011 -20012 20022 -20023 20030 -20031 imp:n,p 1
300056 400056 -2.156 20011 -20012 20022 -20023 20031 -20032 imp:n,p 1
300057 400057 -2.156 20011 -20012 20022 -20023 20032 -20033 imp:n,p 1
300058 400058 -2.156 20011 -20012 20022 -20023 20033 -20034 imp:n,p 1
300059 400059 -2.156 20011 -20012 20022 -20023 20034 -20035 imp:n,p 1
300060 400060 -2.156 20012 -20013 20022 -20023 20030 -20031 imp:n,p 1
300061 400061 -2.156 20012 -20013 20022 -20023 20031 -20032 imp:n,p 1
300062 400062 -2.156 20012 -20013 20022 -20023 20032 -20033 imp:n,p 1
300063 400063 -2.156 20012 -20013 20022 -20023 20033 -20034 imp:n,p 1
300064 400064 -2.156 20012 -20013 20022 -20023 20034 -20035 imp:n,p 1
300065 400065 -2.156 20013 -20014 20022 -20023 20030 -20031 imp:n,p 1
300066 400066 -2.156 20013 -20014 20022 -20023 20031 -20032 imp:n,p 1
300067 400067 -2.156 20013 -20014 20022 -20023 20032 -20033 imp:n,p 1
300068 400068 -2.156 20013 -20014 20022 -20023 20033 -20034 imp:n,p 1
300069 400069 -2.156 20013 -20014 20022 -20023 20034 -20035 imp:n,p 1
300070 400070 -2.156 20014 -20015 20022 -20023 20030 -20031 imp:n,p 1
300071 400071 -2.156 20014 -20015 20022 -20023 20031 -20032 imp:n,p 1
300072 400072 -2.156 20014 -20015 20022 -20023 20032 -20033 imp:n,p 1
300073 400073 -2.156 20014 -20015 20022 -20023 20033 -20034 imp:n,p 1
300074 400074 -2.156 20014 -20015 20022 -20023 20034 -20035 imp:n,p 1
300075 400075 -2.156 20010 -20011 20023 -20024 20030 -20031 imp:n,p 1
300076 400076 -2.156 20010 -20011 20023 -20024 20031 -20032 imp:n,p 1
300077 400077 -2.156 20010 -20011 20023 -20024 20032 -20033 imp:n,p 1
300078 400078 -2.156 20010 -20011 20023 -20024 20033 -20034 imp:n,p 1
300079 400079 -2.156 20010 -20011 20023 -20024 20034 -20035 imp:n,p 1
300080 400080 -2.156 20011 -20012 20023 -20024 20030 -20031 imp:n,p 1
300081 400081 -2.156 20011 -20012 20023 -20024 20031 -20032 imp:n,p 1
300082 400082 -2.156 20011 -20012 20023 -20024 20032 -20033 imp:n,p 1
300083 400083 -2.156 20011 -20012 20023 -20024 20033 -20034 imp:n,p 1
300084 400084 -2.156 20011 -20012 20023 -20024 20034 -20035 imp:n,p 1
300085 400085 -2.156 20012 -20013 20023 -20024 20030 -20031 imp:n,p 1
300086 400086 -2.156 20012 -20013 20023 -20024 20031 -20032 imp:n,p 1
300087 400087 -2.156 20012 -20013 20023 -20024 20032 -20033 imp:n,p 1
300088 400088 -2.156 20012 -20013 20023 -20024 20033 -20034 imp:n,p 1
300089 400089 -2.156 20012 -20013 20023 -20024 20034 -20035 imp:n,p 1
300090 400090 -2.156 20013 -20014 20023 -20024 20030 -20031 imp:n,p 1
300091 400091 -2.156 20013 -20014 20023 -20024 20031 -20032 imp:n,p 1
300092 400092 -2.156 20013 -20014 20023 -20024 20032 -20033 imp:n,p 1
300093 400093 -2.156 20013 -20014 20023 -20024 20033 -20034 imp:n,p 1
300094 400094 -2.156 20013 -20014 20023 -20024 20034 -20035 imp:n,p 1
300095 400095 -2.156 20014 -20015 20023 -20024 20030 -20031 imp:n,p 1
300096 400096 -2.156 20014 -20015 20023 -20024 20031 -20032 imp:n,p 1
300097 400097 -2.156 20014 -20015 20023 -20024 20032 -20033 imp:n,p 1
300098 400098 -2.156 20014 -20015 20023 -20024 20033 -20034 imp:n,p 1
300099 400099 -2.156 20014 -20015 20023 -20024 20034 -20035 imp:n,p 1
300100 400100 -2.156 20010 -20011 20024 -20025 20030 -20031 imp:n,p 1
300101 400101 -2.156 20010 -20011 20024 -20025 20031 -20032 imp:n,p 1
300102 400102 -2.156 20010 -20011 20024 -20025 20032 -20033 imp:n,p 1
300103 400103 -2.156 20010 -20011 20024 -20025 20033 -20034 imp:n,p 1
300104 400104 -2.156 20010 -20011 20024 -20025 20034 -20035 imp:n,p 1
300105 400105 -2.156 20011 -20012 20024 -20025 20030 -20031 imp:n,p 1
300106 400106 -2.156 20011 -20012 20024 -20025 20031 -20032 imp:n,p 1
300107 400107 -2.156 20011 -20012 20024 -20025 20032 -20033 imp:n,p 1
300108 400108 -2.156 20011 -20012 20024 -20025 20033 -20034 imp:n,p 1
300109 400109 -2.156 20011 -20012 20024 -20025 20034 -20035 imp:n,p 1
300110 400110 -2.156 20012 -20013 20024 -20025 20030 -20031 imp:n,p 1
300111 400111 -2.156 20012 -20013 20024 -20025 20031 -20032 imp:n,p 1
300112 400112 -2.156 20012 -20013 20024 -20025 20032 -20033 imp:n,p 1
300113 400113 -2.156 20012 -20013 20024 -20025 20033 -20034 imp:n,p 1
300114 400114 -2.156 20012 -20013 20024 -20025 20034 -20035 imp:n,p 1
300115 400115 -2.156 20013 -20014 20024 -20025 20030 -20031 imp:n,p 1
300116 400116 -2.156 20013 -20014 20024 -20025 20031 -20032 imp:n,p 1
300117 400117 -2.156 20013 -20014 20024 -20025 20032 -20033 imp:n,p 1
300118 400118 -2.156 20013 -20014 20024 -20025 20033 -20034 imp:n,p 1
300119 400119 -2.156 20013 -20014 20024 -20025 20034 -20035 imp:n,p 1
300120 400120 -2.156 20014 -20015 20024 -20025 20030 -20031 imp:n,p 1
300121 400121 -2.156 20014 -20015 20024 -20025 20031 -20032 imp:n,p 1
300122 400122 -2.156 20014 -20015 20024 -20025 20032 -20033 imp:n,p 1
300123 400123 -2.156 20014 -20015 20024 -20025 20033 -20034 imp:n,p 1
300124 400124 -2.156 20014 -20015 20024 -20025 20034 -20035 imp:n,p 1
c
30 12 -0.00129 -200 #101 #121 #122 #123 #124 #125 #126 #127 #128 #129 #130 #131 #132 #133
        #21 #211 #212 #22 #221 #222 #23 #231 #232 #24 #241 #242 #20 imp:n,p 1 $Rest of the World
31 0 200 imp:n,p 0 $Outside world

c SURFACE CARDS
c
c Sample Volume
20010 px -56.0
20011 px -33.600000000000364
20012 px -11.200000000000728
20013 px 11.200000000000728
20014 px 33.600000000000364
20015 px 56.0
20020 py -45.0
20021 py -27.0
20022 py -9.0
20023 py 9.0
20024 py 27.0
20025 py 45.0
20030 pz 92.0
20031 pz 82.0
20032 pz 72.0
20033 pz 62.0
20034 pz 52.0
20035 pz 42.0
c Active Detector Region
21 rcc 56  -5.0 -1.0   0.0 20.3 0.0   4.5 $Detector 1 Base center, Hx,Hy,Hz, radius
c Shielding Surfaces
c Shielding Pb
31 rpp 19 29 -7.5 7.5 -11 9 $PbPE xmin xmax ymin ymax zmin zmax
32 rpp 9 19 4 9 -11 9 $Pb xmin xmax ymin ymax zmin zmax
33 rpp 9 19 -9 -4 -11 9 $Pb xmin xmax ymin ymax zmin zmax
34 rpp 19 29 7.5 12.5 -11 9 $Pb xmin xmax ymin ymax zmin zmax
35 rpp 19 29 -12.5 -7.5 -11 9 $Pb xmin xmax ymin ymax zmin zmax
36 rpp 29 34 -15 15 -11 9 $Pb xmin xmax ymin ymax zmin zmax
37 rpp 9 19 -4 4 4 9 $Pb xmin xmax ymin ymax zmin zmax
38 rpp -26 26 18 28 -11 9 $BA1 xmin xmax ymin ymax zmin zmax
39 rpp -26 26 -28 -18 -11 9 $BA2 xmin xmax ymin ymax zmin zmax
40 rpp -65 65 -28 28 10 10.5 $Al xmin xmax ymin ymax zmin zmax
401 rpp -27 27 29 34 -11 9 $Fe xmin xmax ymin ymax zmin zmax
402 rpp -27 27 -34 -29 -11 9 $Fe xmin xmax ymin ymax zmin zmax
301 px -20
302 px 18
303 cx 3.71
304 cx 3.81
c Wheels Surfaces
c 23/10.5-12 turf tires, 22.6 lb rubber
c diameter 29cm, tread width 25cm, and sidewall height 13.76 cm
c set thickness of all sides 1.3 cm (s.t. weight is 22.6 lb)
41 rcc -2 77 8   0.0 25 0.0 29 $wheel 1 outer tread surface
42 rcc -2 77 8   0.0 25 0.0 27.7 $wheel 1 inner tread surface
421 rcc -2 75.7 8   0.0 1.3 0.0 29 $wheel 1 outside sidewall exterior
422 rcc -2 75.7 8   0.0 1.3 0.0 15.24 $wheel 1 outside sidewall interior
423 rcc -2 102 8   0.0 1.3 0.0 29 $wheel 1 inside sidewall exterior
424 rcc -2 102 8   0.0 1.3 0.0 15.24 $wheel 1 inside sidewall interior
43 rcc 68 77 8   0.0 25 0.0 29 $wheel 2
44 rcc 68 77 8   0.0 25 0.0 27.7
441 rcc 68 75.7 8   0.0 1.3 0.0 29
442 rcc 68 75.7 8   0.0 1.3 0.0 15.24
443 rcc 68 102 8   0.0 1.3 0.0 29
444 rcc 68 102 8   0.0 1.3 0.0 15.24
45 rcc -2 -77 8   0.0 -25 0.0 29 $wheel 3
46 rcc -2 -77 8   0.0 -25 0.0 27.7
461 rcc -2 -75.7 8   0.0 -1.3 0.0 29
462 rcc -2 -75.7 8   0.0 -1.3 0.0 15.24
463 rcc -2 -102 8   0.0 -1.3 0.0 29
464 rcc -2 -102 8   0.0 -1.3 0.0 15.24
47 rcc 68 -77 8   0.0 -25 0.0 29 $wheel 4
48 rcc 68 -77 8   0.0 -25 0.0 27.7
481 rcc 68 -75.7 8   0.0 -1.3 0.0 29
482 rcc 68 -75.7 8   0.0 -1.3 0.0 15.24
483 rcc 68 -102 8   0.0 -1.3 0.0 29
484 rcc 68 -102 8   0.0 -1.3 0.0 15.24
200 so 800    $sphere of 800cm centered at origin
c

c DATA CARDS
mode n p
c dump every hr
prdmp -60 -60 -1
c 100 keV Neutron Energy Cutoff
Cut:n 1j 0.1
c analog neutron transport
phys:n 1j 14
phys:p
sdef pos=0 0 0 erg=14.0 vec= 0 0 1 dir=d1
si1  -1 .93 1
sp1   0  0.0  1.0
c ********************
c begin material cards
c ********************
c Pure Carbon
c ****************************************
m400000 6000 -0.0005531005373344544 7000 -0.0005531005373344544 14000 -0.998893798925331 
m400001 6000 -0.002188665892376151 7000 -0.002188665892376151 14000 -0.9956226682152479 
m400002 6000 -0.00398693222771326 7000 -0.00398693222771326 14000 -0.9920261355445738 
m400003 6000 -0.005795736724041516 7000 -0.005795736724041516 14000 -0.9884085265519171 
m400004 6000 -0.008011520945904271 7000 -0.008011520945904271 14000 -0.9839769581081913 
m400005 6000 -0.0004449407859269847 7000 -0.0004449407859269847 14000 -0.999110118428146 
m400006 6000 -0.0019362128046636203 7000 -0.0019362128046636203 14000 -0.9961275743906731 
m400007 6000 -0.003826559648297852 7000 -0.003826559648297852 14000 -0.9923468807034043 
m400008 6000 -0.0058226903938035255 7000 -0.0058226903938035255 14000 -0.9883546192123928 
m400009 6000 -0.008095204706796848 7000 -0.008095204706796848 14000 -0.9838095905864066 
m400010 6000 -0.0005859392098373627 7000 -0.0005859392098373627 14000 -0.9988281215803251 
m400011 6000 -0.001993717517417694 7000 -0.001993717517417694 14000 -0.9960125649651645 
m400012 6000 -0.004269697549778578 7000 -0.004269697549778578 14000 -0.9914606049004427 
m400013 6000 -0.005858572369915505 7000 -0.005858572369915505 14000 -0.988282855260169 
m400014 6000 -0.00776057766416852 7000 -0.00776057766416852 14000 -0.9844788446716631 
m400015 6000 -0.0005515777037409698 7000 -0.0005515777037409698 14000 -0.9988968445925179 
m400016 6000 -0.001972940467631675 7000 -0.001972940467631675 14000 -0.996054119064737 
m400017 6000 -0.0039002955497409596 7000 -0.0039002955497409596 14000 -0.9921994089005186 
m400018 6000 -0.0058015777392157256 7000 -0.0058015777392157256 14000 -0.9883968445215685 
m400019 6000 -0.007936807999122034 7000 -0.007936807999122034 14000 -0.9841263840017562 
m400020 6000 -0.0006298600909330716 7000 -0.0006298600909330716 14000 -0.9987402798181335 
m400021 6000 -0.0019416979005697052 7000 -0.0019416979005697052 14000 -0.9961166041988606 
m400022 6000 -0.003968991953461577 7000 -0.003968991953461577 14000 -0.9920620160930766 
m400023 6000 -0.006080647969223163 7000 -0.006080647969223163 14000 -0.9878387040615536 
m400024 6000 -0.007829192254594159 7000 -0.007829192254594159 14000 -0.9843416154908121 
m400025 6000 -0.000490378484247525 7000 -0.000490378484247525 14000 -0.9990192430315047 
m400026 6000 -0.0018536866634660295 7000 -0.0018536866634660295 14000 -0.9962926266730682 
m400027 6000 -0.004041529769776203 7000 -0.004041529769776203 14000 -0.9919169404604478 
m400028 6000 -0.005986582564629154 7000 -0.005986582564629154 14000 -0.9880268348707417 
m400029 6000 -0.008016517440329095 7000 -0.008016517440329095 14000 -0.9839669651193419 
m400030 6000 -0.0004947086332890844 7000 -0.0004947086332890844 14000 -0.999010582733422 
m400031 6000 -0.001930675700922407 7000 -0.001930675700922407 14000 -0.9961386485981555 
m400032 6000 -0.004196037222497578 7000 -0.004196037222497578 14000 -0.9916079255550048 
m400033 6000 -0.005983948583060121 7000 -0.005983948583060121 14000 -0.9880321028338797 
m400034 6000 -0.007935557943677722 7000 -0.007935557943677722 14000 -0.9841288841126443 
m400035 6000 -0.0005713435570594602 7000 -0.0005713435570594602 14000 -0.9988573128858812 
m400036 6000 -0.0022552715766818014 7000 -0.0022552715766818014 14000 -0.9954894568466364 
m400037 6000 -0.003829500872701745 7000 -0.003829500872701745 14000 -0.9923409982545965 
m400038 6000 -0.005943588291771839 7000 -0.005943588291771839 14000 -0.9881128234164565 
m400039 6000 -0.008066991646841907 7000 -0.008066991646841907 14000 -0.9838660167063159 
m400040 6000 -0.0004503142442670917 7000 -0.0004503142442670917 14000 -0.9990993715114659 
m400041 6000 -0.001996994868357031 7000 -0.001996994868357031 14000 -0.9960060102632861 
m400042 6000 -0.004281840703195411 7000 -0.004281840703195411 14000 -0.9914363185936093 
m400043 6000 -0.005996337767528209 7000 -0.005996337767528209 14000 -0.9880073244649435 
m400044 6000 -0.008164890103094385 7000 -0.008164890103094385 14000 -0.983670219793811 
m400045 6000 -0.0005310847773361893 7000 -0.0005310847773361893 14000 -0.9989378304453276 
m400046 6000 -0.0019224406807027653 7000 -0.0019224406807027653 14000 -0.9961551186385944 
m400047 6000 -0.0039051535973536615 7000 -0.0039051535973536615 14000 -0.9921896928052928 
m400048 6000 -0.0061601494115995584 7000 -0.0061601494115995584 14000 -0.9876797011768008 
m400049 6000 -0.00802377614616679 7000 -0.00802377614616679 14000 -0.9839524477076664 
m400050 6000 -0.0005735823232924375 7000 -0.0005735823232924375 14000 -0.998852835353415 
m400051 6000 -0.0022630885869831963 7000 -0.0022630885869831963 14000 -0.9954738228260338 
m400052 6000 -0.004281630194341993 7000 -0.004281630194341993 14000 -0.9914367396113157 
m400053 6000 -0.006039611902322547 7000 -0.006039611902322547 14000 -0.9879207761953549 
m400054 6000 -0.008049548700576111 7000 -0.008049548700576111 14000 -0.983900902598848 
m400055 6000 -0.0005415944761314035 7000 -0.0005415944761314035 14000 -0.9989168110477372 
m400056 6000 -0.001957706479292022 7000 -0.001957706479292022 14000 -0.996084587041416 
m400057 6000 -0.0036216595557702447 7000 -0.0036216595557702447 14000 -0.9927566808884595 
m400058 6000 -0.006177754215229528 7000 -0.006177754215229528 14000 -0.9876444915695408 
m400059 6000 -0.007984419765778144 7000 -0.007984419765778144 14000 -0.9840311604684439 
m400060 6000 -0.000439331890429809 7000 -0.000439331890429809 14000 -0.9991213362191403 
m400061 6000 -0.0018414301417208165 7000 -0.0018414301417208165 14000 -0.9963171397165581 
m400062 6000 -0.004031107029169267 7000 -0.004031107029169267 14000 -0.9919377859416617 
m400063 6000 -0.005923713115882679 7000 -0.005923713115882679 14000 -0.9881525737682345 
m400064 6000 -0.007751204281439123 7000 -0.007751204281439123 14000 -0.9844975914371216 
m400065 6000 -0.0005558239268082783 7000 -0.0005558239268082783 14000 -0.9988883521463835 
m400066 6000 -0.0021764207471003817 7000 -0.0021764207471003817 14000 -0.9956471585057993 
m400067 6000 -0.00416848220421627 7000 -0.00416848220421627 14000 -0.9916630355915674 
m400068 6000 -0.005784149648441333 7000 -0.005784149648441333 14000 -0.9884317007031173 
m400069 6000 -0.008049980467083637 7000 -0.008049980467083637 14000 -0.9839000390658329 
m400070 6000 -0.0006496479457844473 7000 -0.0006496479457844473 14000 -0.9987007041084313 
m400071 6000 -0.0020524231771004127 7000 -0.0020524231771004127 14000 -0.9958951536457993 
m400072 6000 -0.003989165860700842 7000 -0.003989165860700842 14000 -0.9920216682785983 
m400073 6000 -0.006303809672594368 7000 -0.006303809672594368 14000 -0.987392380654811 
m400074 6000 -0.007972942650528659 7000 -0.007972942650528659 14000 -0.9840541146989427 
m400075 6000 -0.000581031684664021 7000 -0.000581031684664021 14000 -0.998837936630672 
m400076 6000 -0.001983372935710925 7000 -0.001983372935710925 14000 -0.996033254128578 
m400077 6000 -0.004316268602777462 7000 -0.004316268602777462 14000 -0.9913674627944451 
m400078 6000 -0.0056416749409402625 7000 -0.0056416749409402625 14000 -0.9887166501181194 
m400079 6000 -0.007839667587181715 7000 -0.007839667587181715 14000 -0.9843206648256367 
m400080 6000 -0.00040844812535058923 7000 -0.00040844812535058923 14000 -0.9991831037492988 
m400081 6000 -0.0017750393471680523 7000 -0.0017750393471680523 14000 -0.9964499213056638 
m400082 6000 -0.0038814152639546325 7000 -0.0038814152639546325 14000 -0.9922371694720912 
m400083 6000 -0.006086151295445114 7000 -0.006086151295445114 14000 -0.98782769740911 
m400084 6000 -0.007992394533693846 7000 -0.007992394533693846 14000 -0.9840152109326123 
m400085 6000 -0.0006681453966624639 7000 -0.0006681453966624639 14000 -0.9986637092066749 
m400086 6000 -0.0021791909078208074 7000 -0.0021791909078208074 14000 -0.9956416181843583 
m400087 6000 -0.004093889394755729 7000 -0.004093889394755729 14000 -0.9918122212104886 
m400088 6000 -0.00598181139719162 7000 -0.00598181139719162 14000 -0.9880363772056168 
m400089 6000 -0.008191711209577733 7000 -0.008191711209577733 14000 -0.9836165775808445 
m400090 6000 -0.0007426030096498415 7000 -0.0007426030096498415 14000 -0.9985147939807003 
m400091 6000 -0.002037796038184398 7000 -0.002037796038184398 14000 -0.9959244079236312 
m400092 6000 -0.003892527396413938 7000 -0.003892527396413938 14000 -0.9922149452071722 
m400093 6000 -0.005729243233437645 7000 -0.005729243233437645 14000 -0.9885415135331246 
m400094 6000 -0.007907407666241024 7000 -0.007907407666241024 14000 -0.9841851846675179 
m400095 6000 -0.00047102580489925496 7000 -0.00047102580489925496 14000 -0.9990579483902018 
m400096 6000 -0.0017574060504880382 7000 -0.0017574060504880382 14000 -0.9964851878990237 
m400097 6000 -0.003872937030527199 7000 -0.003872937030527199 14000 -0.9922541259389456 
m400098 6000 -0.006110839393771036 7000 -0.006110839393771036 14000 -0.9877783212124578 
m400099 6000 -0.008167584084087992 7000 -0.008167584084087992 14000 -0.9836648318318245 
m400100 6000 -0.0004957623250624886 7000 -0.0004957623250624886 14000 -0.999008475349875 
m400101 6000 -0.0022006247159619373 7000 -0.0022006247159619373 14000 -0.9955987505680762 
m400102 6000 -0.003907638661675055 7000 -0.003907638661675055 14000 -0.9921847226766503 
m400103 6000 -0.005789404874737406 7000 -0.005789404874737406 14000 -0.9884211902505254 
m400104 6000 -0.007933907248499898 7000 -0.007933907248499898 14000 -0.9841321855030003 
m400105 6000 -0.00041305765632186127 7000 -0.00041305765632186127 14000 -0.9991738846873561 
m400106 6000 -0.0019476513164094344 7000 -0.0019476513164094344 14000 -0.9961046973671812 
m400107 6000 -0.0037345837957573637 7000 -0.0037345837957573637 14000 -0.9925308324084855 
m400108 6000 -0.005875821783923083 7000 -0.005875821783923083 14000 -0.9882483564321538 
m400109 6000 -0.007944811805315451 7000 -0.007944811805315451 14000 -0.9841103763893692 
m400110 6000 -0.000489872915211107 7000 -0.000489872915211107 14000 -0.9990202541695778 
m400111 6000 -0.0019706761150729405 7000 -0.0019706761150729405 14000 -0.9960586477698539 
m400112 6000 -0.004177478245792164 7000 -0.004177478245792164 14000 -0.9916450435084155 
m400113 6000 -0.005989259484028246 7000 -0.005989259484028246 14000 -0.9880214810319434 
m400114 6000 -0.00789530176652087 7000 -0.00789530176652087 14000 -0.9842093964669583 
m400115 6000 -0.00040998941376761656 7000 -0.00040998941376761656 14000 -0.9991800211724648 
m400116 6000 -0.0022056387360839622 7000 -0.0022056387360839622 14000 -0.9955887225278319 
m400117 6000 -0.003836026847595008 7000 -0.003836026847595008 14000 -0.9923279463048098 
m400118 6000 -0.00597318465016514 7000 -0.00597318465016514 14000 -0.9880536306996697 
m400119 6000 -0.007866607202291093 7000 -0.007866607202291093 14000 -0.9842667855954178 
m400120 6000 -0.0003922678805759101 7000 -0.0003922678805759101 14000 -0.9992154642388482 
m400121 6000 -0.0021129265106868797 7000 -0.0021129265106868797 14000 -0.995774146978626 
m400122 6000 -0.0038418917998638297 7000 -0.0038418917998638297 14000 -0.9923162164002722 
m400123 6000 -0.005896152798778828 7000 -0.005896152798778828 14000 -0.988207694402442 
m400124 6000 -0.007933000217003928 7000 -0.007933000217003928 14000 -0.9841339995659919 
c **********************************
c PE+Pb, dens=4.78 g/cm3
m2      6000    -0.04286 $Carbon
        1001    -0.00714 $Hydrogen
        82000   -0.95000 $Lead
c **********************************
m3    1001 -0.048535 $Boric acid
      5010 -0.034981
      5011 -0.139923
      8016 -0.776561
c **********************************
m4    82000 1 $Lead
c **********************************
m5 26000 1 $Iron
c **********************************
m6     13027   -1.000 $ Aluminum
c **********************************
c  SS-304 (8.00 g/cm3), #298 in PNNL Compendium
m7   006000.50c -0.0004000
     014000.60c -0.0050000
     015031.50c -0.0002300
     016000.60c -0.0001500
     024000.50c -0.1899981
     025055.60c -0.0099999
     026000.50c -0.7017229
     028000.50c -0.0924991
c ****************************************
c       LaBr detector
c ****************************************
m8       35079    -0.2946       $ Br79
         35081    -0.3069       $ Br81
         57139    -0.3485       $ La139
         58140    -0.0500       $ Ce140
c ************ air den=1.15e-3g/cc
m12     8016 -0.23
        7014 -0.77
c ************ Rubber Natural den=0.92 g/cc
m13     1001 -0.118371  $weight fraction
        6000 -0.881629
c
c end material cards
c
rand seed=8674536546524321 $different initial random #; seed# - any less 18 digits
c
c ********** begin tallies *********************
fc78 *********Broadened Pulse Height Tally Sum of Detectors 1,2 & 3 ***********
e78 0 1e-5 932i 8.4295
F78:p (101)
FT78 GEB -0.026198 0.059551 -0.037176
fc18 *********Unbroadened Pulse Height Tally Sum of Detectors 1,2 & 3 ***********
e18 0 1e-5 932i 8.4295
F18:p (101)
c ***********************************
c mplot tal 78 freq 10000
nps 1e9
