c CAS DETECTOR
c w/ Shielding in Place and Wheels
c
c CELL CARDS
c
c @@@@@@@@@@ Detectors @@@@@@@@@@@@@@@@@
c
101 8 -5.08 -21 imp:n,p 1 $LaBr Detector #1 Active Region
c
c @@@@@@@@@ Shielding @@@@@@@@@@@@@@@@@
c
121 2 -4.78 -31 imp:n,p 1 $PE_Pb
122 4 -11.29 -32 imp:n,p 1 $Pb1
123 4 -11.29 -33 imp:n,p 1 $Pb2
124 4 -11.29 -34 imp:n,p 1 $Pb3
125 4 -11.29 -35 imp:n,p 1 $Pb4
126 4 -11.29 -36 imp:n,p 1 $Pb5
127 4 -11.29 -37 imp:n,p 1 $Pb6
128 3 -1.5 -38 imp:n,p 1 $BA1
129 3 -1.5 -39 imp:n,p 1 $BA2
130 6 -2.7 -40 imp:n,p 1 $Al
131 7 -7.92 301 -302 303 -304 imp:n,p 1 $Fe-tube
132 5 -7.8 -401 imp:n,p 1 $Fe
133 5 -7.8 -402 imp:n,p 1 $Fe
c @@@@@@@@@@ Wheels @@@@@@@@@@@@@@@@@
c
21 13 -0.92 -41 42 imp:n,p 1 $Wheel 1
211 13 -0.92 -421 422 imp:n,p 1 $Wheel 1
212 13 -0.92 -423 424 imp:n,p 1 $Wheel 1
22 13 -0.92 -43 44 imp:n,p 1 $Wheel 2
221 13 -0.92 -441 442 imp:n,p 1 $Wheel 2
222 13 -0.92 -443 444 imp:n,p 1 $Wheel 2
23 13 -0.92 -45 46 imp:n,p 1 $Wheel 3
231 13 -0.92 -461 462 imp:n,p 1 $Wheel 3
232 13 -0.92 -463 464 imp:n,p 1 $Wheel 3
24 13 -0.92 -47 48 imp:n,p 1 $Wheel 4
241 13 -0.92 -481 482 imp:n,p 1 $Wheel 4
242 13 -0.92 -483 484 imp:n,p 1 $Wheel 4
c
c @@@@@@@@@@ SOIL VOLUME @@@@@@@@@@@
c
300000 400000 -2.156 20010 -20011 20020 -20021 20030 -20031 imp:n,p 1
300001 400001 -2.156 20010 -20011 20020 -20021 20031 -20032 imp:n,p 1
300002 400002 -2.156 20010 -20011 20020 -20021 20032 -20033 imp:n,p 1
300003 400003 -2.156 20010 -20011 20020 -20021 20033 -20034 imp:n,p 1
300004 400004 -2.156 20010 -20011 20020 -20021 20034 -20035 imp:n,p 1
300005 400005 -2.156 20011 -20012 20020 -20021 20030 -20031 imp:n,p 1
300006 400006 -2.156 20011 -20012 20020 -20021 20031 -20032 imp:n,p 1
300007 400007 -2.156 20011 -20012 20020 -20021 20032 -20033 imp:n,p 1
300008 400008 -2.156 20011 -20012 20020 -20021 20033 -20034 imp:n,p 1
300009 400009 -2.156 20011 -20012 20020 -20021 20034 -20035 imp:n,p 1
300010 400010 -2.156 20012 -20013 20020 -20021 20030 -20031 imp:n,p 1
300011 400011 -2.156 20012 -20013 20020 -20021 20031 -20032 imp:n,p 1
300012 400012 -2.156 20012 -20013 20020 -20021 20032 -20033 imp:n,p 1
300013 400013 -2.156 20012 -20013 20020 -20021 20033 -20034 imp:n,p 1
300014 400014 -2.156 20012 -20013 20020 -20021 20034 -20035 imp:n,p 1
300015 400015 -2.156 20013 -20014 20020 -20021 20030 -20031 imp:n,p 1
300016 400016 -2.156 20013 -20014 20020 -20021 20031 -20032 imp:n,p 1
300017 400017 -2.156 20013 -20014 20020 -20021 20032 -20033 imp:n,p 1
300018 400018 -2.156 20013 -20014 20020 -20021 20033 -20034 imp:n,p 1
300019 400019 -2.156 20013 -20014 20020 -20021 20034 -20035 imp:n,p 1
300020 400020 -2.156 20014 -20015 20020 -20021 20030 -20031 imp:n,p 1
300021 400021 -2.156 20014 -20015 20020 -20021 20031 -20032 imp:n,p 1
300022 400022 -2.156 20014 -20015 20020 -20021 20032 -20033 imp:n,p 1
300023 400023 -2.156 20014 -20015 20020 -20021 20033 -20034 imp:n,p 1
300024 400024 -2.156 20014 -20015 20020 -20021 20034 -20035 imp:n,p 1
300025 400025 -2.156 20010 -20011 20021 -20022 20030 -20031 imp:n,p 1
300026 400026 -2.156 20010 -20011 20021 -20022 20031 -20032 imp:n,p 1
300027 400027 -2.156 20010 -20011 20021 -20022 20032 -20033 imp:n,p 1
300028 400028 -2.156 20010 -20011 20021 -20022 20033 -20034 imp:n,p 1
300029 400029 -2.156 20010 -20011 20021 -20022 20034 -20035 imp:n,p 1
300030 400030 -2.156 20011 -20012 20021 -20022 20030 -20031 imp:n,p 1
300031 400031 -2.156 20011 -20012 20021 -20022 20031 -20032 imp:n,p 1
300032 400032 -2.156 20011 -20012 20021 -20022 20032 -20033 imp:n,p 1
300033 400033 -2.156 20011 -20012 20021 -20022 20033 -20034 imp:n,p 1
300034 400034 -2.156 20011 -20012 20021 -20022 20034 -20035 imp:n,p 1
300035 400035 -2.156 20012 -20013 20021 -20022 20030 -20031 imp:n,p 1
300036 400036 -2.156 20012 -20013 20021 -20022 20031 -20032 imp:n,p 1
300037 400037 -2.156 20012 -20013 20021 -20022 20032 -20033 imp:n,p 1
300038 400038 -2.156 20012 -20013 20021 -20022 20033 -20034 imp:n,p 1
300039 400039 -2.156 20012 -20013 20021 -20022 20034 -20035 imp:n,p 1
300040 400040 -2.156 20013 -20014 20021 -20022 20030 -20031 imp:n,p 1
300041 400041 -2.156 20013 -20014 20021 -20022 20031 -20032 imp:n,p 1
300042 400042 -2.156 20013 -20014 20021 -20022 20032 -20033 imp:n,p 1
300043 400043 -2.156 20013 -20014 20021 -20022 20033 -20034 imp:n,p 1
300044 400044 -2.156 20013 -20014 20021 -20022 20034 -20035 imp:n,p 1
300045 400045 -2.156 20014 -20015 20021 -20022 20030 -20031 imp:n,p 1
300046 400046 -2.156 20014 -20015 20021 -20022 20031 -20032 imp:n,p 1
300047 400047 -2.156 20014 -20015 20021 -20022 20032 -20033 imp:n,p 1
300048 400048 -2.156 20014 -20015 20021 -20022 20033 -20034 imp:n,p 1
300049 400049 -2.156 20014 -20015 20021 -20022 20034 -20035 imp:n,p 1
300050 400050 -2.156 20010 -20011 20022 -20023 20030 -20031 imp:n,p 1
300051 400051 -2.156 20010 -20011 20022 -20023 20031 -20032 imp:n,p 1
300052 400052 -2.156 20010 -20011 20022 -20023 20032 -20033 imp:n,p 1
300053 400053 -2.156 20010 -20011 20022 -20023 20033 -20034 imp:n,p 1
300054 400054 -2.156 20010 -20011 20022 -20023 20034 -20035 imp:n,p 1
300055 400055 -2.156 20011 -20012 20022 -20023 20030 -20031 imp:n,p 1
300056 400056 -2.156 20011 -20012 20022 -20023 20031 -20032 imp:n,p 1
300057 400057 -2.156 20011 -20012 20022 -20023 20032 -20033 imp:n,p 1
300058 400058 -2.156 20011 -20012 20022 -20023 20033 -20034 imp:n,p 1
300059 400059 -2.156 20011 -20012 20022 -20023 20034 -20035 imp:n,p 1
300060 400060 -2.156 20012 -20013 20022 -20023 20030 -20031 imp:n,p 1
300061 400061 -2.156 20012 -20013 20022 -20023 20031 -20032 imp:n,p 1
300062 400062 -2.156 20012 -20013 20022 -20023 20032 -20033 imp:n,p 1
300063 400063 -2.156 20012 -20013 20022 -20023 20033 -20034 imp:n,p 1
300064 400064 -2.156 20012 -20013 20022 -20023 20034 -20035 imp:n,p 1
300065 400065 -2.156 20013 -20014 20022 -20023 20030 -20031 imp:n,p 1
300066 400066 -2.156 20013 -20014 20022 -20023 20031 -20032 imp:n,p 1
300067 400067 -2.156 20013 -20014 20022 -20023 20032 -20033 imp:n,p 1
300068 400068 -2.156 20013 -20014 20022 -20023 20033 -20034 imp:n,p 1
300069 400069 -2.156 20013 -20014 20022 -20023 20034 -20035 imp:n,p 1
300070 400070 -2.156 20014 -20015 20022 -20023 20030 -20031 imp:n,p 1
300071 400071 -2.156 20014 -20015 20022 -20023 20031 -20032 imp:n,p 1
300072 400072 -2.156 20014 -20015 20022 -20023 20032 -20033 imp:n,p 1
300073 400073 -2.156 20014 -20015 20022 -20023 20033 -20034 imp:n,p 1
300074 400074 -2.156 20014 -20015 20022 -20023 20034 -20035 imp:n,p 1
300075 400075 -2.156 20010 -20011 20023 -20024 20030 -20031 imp:n,p 1
300076 400076 -2.156 20010 -20011 20023 -20024 20031 -20032 imp:n,p 1
300077 400077 -2.156 20010 -20011 20023 -20024 20032 -20033 imp:n,p 1
300078 400078 -2.156 20010 -20011 20023 -20024 20033 -20034 imp:n,p 1
300079 400079 -2.156 20010 -20011 20023 -20024 20034 -20035 imp:n,p 1
300080 400080 -2.156 20011 -20012 20023 -20024 20030 -20031 imp:n,p 1
300081 400081 -2.156 20011 -20012 20023 -20024 20031 -20032 imp:n,p 1
300082 400082 -2.156 20011 -20012 20023 -20024 20032 -20033 imp:n,p 1
300083 400083 -2.156 20011 -20012 20023 -20024 20033 -20034 imp:n,p 1
300084 400084 -2.156 20011 -20012 20023 -20024 20034 -20035 imp:n,p 1
300085 400085 -2.156 20012 -20013 20023 -20024 20030 -20031 imp:n,p 1
300086 400086 -2.156 20012 -20013 20023 -20024 20031 -20032 imp:n,p 1
300087 400087 -2.156 20012 -20013 20023 -20024 20032 -20033 imp:n,p 1
300088 400088 -2.156 20012 -20013 20023 -20024 20033 -20034 imp:n,p 1
300089 400089 -2.156 20012 -20013 20023 -20024 20034 -20035 imp:n,p 1
300090 400090 -2.156 20013 -20014 20023 -20024 20030 -20031 imp:n,p 1
300091 400091 -2.156 20013 -20014 20023 -20024 20031 -20032 imp:n,p 1
300092 400092 -2.156 20013 -20014 20023 -20024 20032 -20033 imp:n,p 1
300093 400093 -2.156 20013 -20014 20023 -20024 20033 -20034 imp:n,p 1
300094 400094 -2.156 20013 -20014 20023 -20024 20034 -20035 imp:n,p 1
300095 400095 -2.156 20014 -20015 20023 -20024 20030 -20031 imp:n,p 1
300096 400096 -2.156 20014 -20015 20023 -20024 20031 -20032 imp:n,p 1
300097 400097 -2.156 20014 -20015 20023 -20024 20032 -20033 imp:n,p 1
300098 400098 -2.156 20014 -20015 20023 -20024 20033 -20034 imp:n,p 1
300099 400099 -2.156 20014 -20015 20023 -20024 20034 -20035 imp:n,p 1
300100 400100 -2.156 20010 -20011 20024 -20025 20030 -20031 imp:n,p 1
300101 400101 -2.156 20010 -20011 20024 -20025 20031 -20032 imp:n,p 1
300102 400102 -2.156 20010 -20011 20024 -20025 20032 -20033 imp:n,p 1
300103 400103 -2.156 20010 -20011 20024 -20025 20033 -20034 imp:n,p 1
300104 400104 -2.156 20010 -20011 20024 -20025 20034 -20035 imp:n,p 1
300105 400105 -2.156 20011 -20012 20024 -20025 20030 -20031 imp:n,p 1
300106 400106 -2.156 20011 -20012 20024 -20025 20031 -20032 imp:n,p 1
300107 400107 -2.156 20011 -20012 20024 -20025 20032 -20033 imp:n,p 1
300108 400108 -2.156 20011 -20012 20024 -20025 20033 -20034 imp:n,p 1
300109 400109 -2.156 20011 -20012 20024 -20025 20034 -20035 imp:n,p 1
300110 400110 -2.156 20012 -20013 20024 -20025 20030 -20031 imp:n,p 1
300111 400111 -2.156 20012 -20013 20024 -20025 20031 -20032 imp:n,p 1
300112 400112 -2.156 20012 -20013 20024 -20025 20032 -20033 imp:n,p 1
300113 400113 -2.156 20012 -20013 20024 -20025 20033 -20034 imp:n,p 1
300114 400114 -2.156 20012 -20013 20024 -20025 20034 -20035 imp:n,p 1
300115 400115 -2.156 20013 -20014 20024 -20025 20030 -20031 imp:n,p 1
300116 400116 -2.156 20013 -20014 20024 -20025 20031 -20032 imp:n,p 1
300117 400117 -2.156 20013 -20014 20024 -20025 20032 -20033 imp:n,p 1
300118 400118 -2.156 20013 -20014 20024 -20025 20033 -20034 imp:n,p 1
300119 400119 -2.156 20013 -20014 20024 -20025 20034 -20035 imp:n,p 1
300120 400120 -2.156 20014 -20015 20024 -20025 20030 -20031 imp:n,p 1
300121 400121 -2.156 20014 -20015 20024 -20025 20031 -20032 imp:n,p 1
300122 400122 -2.156 20014 -20015 20024 -20025 20032 -20033 imp:n,p 1
300123 400123 -2.156 20014 -20015 20024 -20025 20033 -20034 imp:n,p 1
300124 400124 -2.156 20014 -20015 20024 -20025 20034 -20035 imp:n,p 1
c
30 12 -0.00129 -200 #101 #121 #122 #123 #124 #125 #126 #127 #128 #129 #130 #131 #132 #133
        #21 #211 #212 #22 #221 #222 #23 #231 #232 #24 #241 #242 #20 imp:n,p 1 $Rest of the World
31 0 200 imp:n,p 0 $Outside world

c SURFACE CARDS
c
c Sample Volume
20010 px -56.0
20011 px -33.60000000000002
20012 px -11.199999999999989
20013 px 11.199999999999989
20014 px 33.60000000000002
20015 px 56.0
20020 py -45.0
20021 py -27.0
20022 py -9.0
20023 py 9.0
20024 py 27.0
20025 py 45.0
20030 pz 92.0
20031 pz 82.0
20032 pz 72.0
20033 pz 62.0
20034 pz 52.0
20035 pz 42.0
c Active Detector Region
21 rcc 56  -5.0 -1.0   0.0 20.3 0.0   4.5 $Detector 1 Base center, Hx,Hy,Hz, radius
c Shielding Surfaces
c Shielding Pb
31 rpp 19 29 -7.5 7.5 -11 9 $PbPE xmin xmax ymin ymax zmin zmax
32 rpp 9 19 4 9 -11 9 $Pb xmin xmax ymin ymax zmin zmax
33 rpp 9 19 -9 -4 -11 9 $Pb xmin xmax ymin ymax zmin zmax
34 rpp 19 29 7.5 12.5 -11 9 $Pb xmin xmax ymin ymax zmin zmax
35 rpp 19 29 -12.5 -7.5 -11 9 $Pb xmin xmax ymin ymax zmin zmax
36 rpp 29 34 -15 15 -11 9 $Pb xmin xmax ymin ymax zmin zmax
37 rpp 9 19 -4 4 4 9 $Pb xmin xmax ymin ymax zmin zmax
38 rpp -26 26 18 28 -11 9 $BA1 xmin xmax ymin ymax zmin zmax
39 rpp -26 26 -28 -18 -11 9 $BA2 xmin xmax ymin ymax zmin zmax
40 rpp -65 65 -28 28 10 10.5 $Al xmin xmax ymin ymax zmin zmax
401 rpp -27 27 29 34 -11 9 $Fe xmin xmax ymin ymax zmin zmax
402 rpp -27 27 -34 -29 -11 9 $Fe xmin xmax ymin ymax zmin zmax
301 px -20
302 px 18
303 cx 3.71
304 cx 3.81
c Wheels Surfaces
c 23/10.5-12 turf tires, 22.6 lb rubber
c diameter 29cm, tread width 25cm, and sidewall height 13.76 cm
c set thickness of all sides 1.3 cm (s.t. weight is 22.6 lb)
41 rcc -2 77 8   0.0 25 0.0 29 $wheel 1 outer tread surface
42 rcc -2 77 8   0.0 25 0.0 27.7 $wheel 1 inner tread surface
421 rcc -2 75.7 8   0.0 1.3 0.0 29 $wheel 1 outside sidewall exterior
422 rcc -2 75.7 8   0.0 1.3 0.0 15.24 $wheel 1 outside sidewall interior
423 rcc -2 102 8   0.0 1.3 0.0 29 $wheel 1 inside sidewall exterior
424 rcc -2 102 8   0.0 1.3 0.0 15.24 $wheel 1 inside sidewall interior
43 rcc 68 77 8   0.0 25 0.0 29 $wheel 2
44 rcc 68 77 8   0.0 25 0.0 27.7
441 rcc 68 75.7 8   0.0 1.3 0.0 29
442 rcc 68 75.7 8   0.0 1.3 0.0 15.24
443 rcc 68 102 8   0.0 1.3 0.0 29
444 rcc 68 102 8   0.0 1.3 0.0 15.24
45 rcc -2 -77 8   0.0 -25 0.0 29 $wheel 3
46 rcc -2 -77 8   0.0 -25 0.0 27.7
461 rcc -2 -75.7 8   0.0 -1.3 0.0 29
462 rcc -2 -75.7 8   0.0 -1.3 0.0 15.24
463 rcc -2 -102 8   0.0 -1.3 0.0 29
464 rcc -2 -102 8   0.0 -1.3 0.0 15.24
47 rcc 68 -77 8   0.0 -25 0.0 29 $wheel 4
48 rcc 68 -77 8   0.0 -25 0.0 27.7
481 rcc 68 -75.7 8   0.0 -1.3 0.0 29
482 rcc 68 -75.7 8   0.0 -1.3 0.0 15.24
483 rcc 68 -102 8   0.0 -1.3 0.0 29
484 rcc 68 -102 8   0.0 -1.3 0.0 15.24
200 so 800    $sphere of 800cm centered at origin
c

c DATA CARDS
mode n p
c dump every hr
prdmp -60 -60 -1
c 100 keV Neutron Energy Cutoff
Cut:n 1j 0.1
c analog neutron transport
phys:n 1j 14
phys:p
sdef pos=0 0 0 erg=14.0 vec= 0 0 1 dir=d1
si1  -1 .93 1
sp1   0  0.0  1.0
c ********************
c begin material cards
c ********************
c Pure Carbon
c ****************************************
m400000 6000 -0.00039751609944087615 7000 -0.00039751609944087615 14000 -0.9992049678011182 
m400001 6000 -0.0020977814354038 7000 -0.0020977814354038 14000 -0.9958044371291921 
m400002 6000 -0.0037271095280279254 7000 -0.0037271095280279254 14000 -0.9925457809439441 
m400003 6000 -0.005760126349776646 7000 -0.005760126349776646 14000 -0.9884797473004469 
m400004 6000 -0.00802146407763058 7000 -0.00802146407763058 14000 -0.9839570718447388 
m400005 6000 -0.0004964171532298198 7000 -0.0004964171532298198 14000 -0.9990071656935404 
m400006 6000 -0.001984706987193198 7000 -0.001984706987193198 14000 -0.9960305860256136 
m400007 6000 -0.00380049039848031 7000 -0.00380049039848031 14000 -0.9923990192030391 
m400008 6000 -0.006141210665996378 7000 -0.006141210665996378 14000 -0.9877175786680072 
m400009 6000 -0.00798740353612184 7000 -0.00798740353612184 14000 -0.9840251929277564 
m400010 6000 -0.000573230116555962 7000 -0.000573230116555962 14000 -0.9988535397668882 
m400011 6000 -0.001917129681517904 7000 -0.001917129681517904 14000 -0.9961657406369642 
m400012 6000 -0.003660332137434985 7000 -0.003660332137434985 14000 -0.9926793357251298 
m400013 6000 -0.006099194545148568 7000 -0.006099194545148568 14000 -0.9878016109097026 
m400014 6000 -0.007887243956639582 7000 -0.007887243956639582 14000 -0.9842255120867209 
m400015 6000 -0.00048813490095350807 7000 -0.00048813490095350807 14000 -0.9990237301980929 
m400016 6000 -0.0022253354226346874 7000 -0.0022253354226346874 14000 -0.9955493291547306 
m400017 6000 -0.004087029332441847 7000 -0.004087029332441847 14000 -0.9918259413351163 
m400018 6000 -0.00606146791430899 7000 -0.00606146791430899 14000 -0.9878770641713821 
m400019 6000 -0.007928617658947038 7000 -0.007928617658947038 14000 -0.9841427646821059 
m400020 6000 -0.0005333306574074429 7000 -0.0005333306574074429 14000 -0.9989333386851851 
m400021 6000 -0.002156320970279672 7000 -0.002156320970279672 14000 -0.995687358059441 
m400022 6000 -0.0040649342596760455 7000 -0.0040649342596760455 14000 -0.9918701314806481 
m400023 6000 -0.006291439524965259 7000 -0.006291439524965259 14000 -0.9874171209500696 
m400024 6000 -0.008135137477508287 7000 -0.008135137477508287 14000 -0.983729725044983 
m400025 6000 -0.0005665282500590341 7000 -0.0005665282500590341 14000 -0.9988669434998818 
m400026 6000 -0.00195587405068827 7000 -0.00195587405068827 14000 -0.9960882518986237 
m400027 6000 -0.0040573672422890734 7000 -0.0040573672422890734 14000 -0.9918852655154216 
m400028 6000 -0.005999863516389754 7000 -0.005999863516389754 14000 -0.9880002729672205 
m400029 6000 -0.007874715377673657 7000 -0.007874715377673657 14000 -0.9842505692446529 
m400030 6000 -0.0004821343101245911 7000 -0.0004821343101245911 14000 -0.999035731379751 
m400031 6000 -0.002083352025480579 7000 -0.002083352025480579 14000 -0.995833295949039 
m400032 6000 -0.003586004706686584 7000 -0.003586004706686584 14000 -0.9928279905866267 
m400033 6000 -0.005841305681276061 7000 -0.005841305681276061 14000 -0.988317388637448 
m400034 6000 -0.00797424117627602 7000 -0.00797424117627602 14000 -0.9840515176474477 
m400035 6000 -0.0005805670947403889 7000 -0.0005805670947403889 14000 -0.998838865810519 
m400036 6000 -0.002068894839525984 7000 -0.002068894839525984 14000 -0.995862210320948 
m400037 6000 -0.003977507528485579 7000 -0.003977507528485579 14000 -0.9920449849430288 
m400038 6000 -0.006119813096663589 7000 -0.006119813096663589 14000 -0.9877603738066734 
m400039 6000 -0.007941857012304203 7000 -0.007941857012304203 14000 -0.9841162859753916 
m400040 6000 -0.00042815570681237056 7000 -0.00042815570681237056 14000 -0.9991436885863753 
m400041 6000 -0.0018287448302059491 7000 -0.0018287448302059491 14000 -0.9963425103395878 
m400042 6000 -0.003964744551531189 7000 -0.003964744551531189 14000 -0.9920705108969373 
m400043 6000 -0.005996919113618682 7000 -0.005996919113618682 14000 -0.9880061617727628 
m400044 6000 -0.008183865717126048 7000 -0.008183865717126048 14000 -0.9836322685657479 
m400045 6000 -0.00047897442724866365 7000 -0.00047897442724866365 14000 -0.9990420511455027 
m400046 6000 -0.002170873354015147 7000 -0.002170873354015147 14000 -0.9956582532919692 
m400047 6000 -0.003914669016090651 7000 -0.003914669016090651 14000 -0.9921706619678187 
m400048 6000 -0.006157660396374528 7000 -0.006157660396374528 14000 -0.9876846792072509 
m400049 6000 -0.008100363781055464 7000 -0.008100363781055464 14000 -0.9837992724378887 
m400050 6000 -0.0004846953520922673 7000 -0.0004846953520922673 14000 -0.9990306092958154 
m400051 6000 -0.0019863775678000176 7000 -0.0019863775678000176 14000 -0.9960272448644002 
m400052 6000 -0.003823687452664458 7000 -0.003823687452664458 14000 -0.9923526250946711 
m400053 6000 -0.005646042332363274 7000 -0.005646042332363274 14000 -0.9887079153352737 
m400054 6000 -0.007864645783369803 7000 -0.007864645783369803 14000 -0.9842707084332606 
m400055 6000 -0.0004278332370077893 7000 -0.0004278332370077893 14000 -0.9991443335259845 
m400056 6000 -0.0020901899929130626 7000 -0.0020901899929130626 14000 -0.9958196200141741 
m400057 6000 -0.004071321959689996 7000 -0.004071321959689996 14000 -0.9918573560806196 
m400058 6000 -0.006112008984875938 7000 -0.006112008984875938 14000 -0.9877759820302481 
m400059 6000 -0.007770865692248568 7000 -0.007770865692248568 14000 -0.984458268615503 
m400060 6000 -0.0005179028635284239 7000 -0.0005179028635284239 14000 -0.9989641942729431 
m400061 6000 -0.002320963566056203 7000 -0.002320963566056203 14000 -0.9953580728678872 
m400062 6000 -0.004344761417773315 7000 -0.004344761417773315 14000 -0.9913104771644531 
m400063 6000 -0.005742043566932082 7000 -0.005742043566932082 14000 -0.9885159128661357 
m400064 6000 -0.00794969875915874 7000 -0.00794969875915874 14000 -0.9841006024816824 
m400065 6000 -0.0005748317701669496 7000 -0.0005748317701669496 14000 -0.998850336459666 
m400066 6000 -0.001943262586110316 7000 -0.001943262586110316 14000 -0.9961134748277795 
m400067 6000 -0.004321463039564913 7000 -0.004321463039564913 14000 -0.99135707392087 
m400068 6000 -0.006155009789691445 7000 -0.006155009789691445 14000 -0.9876899804206171 
m400069 6000 -0.008083566157857875 7000 -0.008083566157857875 14000 -0.9838328676842848 
m400070 6000 -0.0005295565230405319 7000 -0.0005295565230405319 14000 -0.998940886953919 
m400071 6000 -0.002108812222339818 7000 -0.002108812222339818 14000 -0.9957823755553205 
m400072 6000 -0.003943311993682616 7000 -0.003943311993682616 14000 -0.9921133760126345 
m400073 6000 -0.00555101651041992 7000 -0.00555101651041992 14000 -0.9888979669791601 
m400074 6000 -0.0080336750560121 7000 -0.0080336750560121 14000 -0.9839326498879757 
m400075 6000 -0.0006467238762056856 7000 -0.0006467238762056856 14000 -0.9987065522475888 
m400076 6000 -0.0020847235151705656 7000 -0.0020847235151705656 14000 -0.9958305529696588 
m400077 6000 -0.004042343237368409 7000 -0.004042343237368409 14000 -0.991915313525263 
m400078 6000 -0.0059591088328164584 7000 -0.0059591088328164584 14000 -0.9880817823343675 
m400079 6000 -0.007908410915048496 7000 -0.007908410915048496 14000 -0.984183178169903 
m400080 6000 -0.0005231756359475021 7000 -0.0005231756359475021 14000 -0.998953648728105 
m400081 6000 -0.002170965076422307 7000 -0.002170965076422307 14000 -0.9956580698471553 
m400082 6000 -0.004268757897977965 7000 -0.004268757897977965 14000 -0.9914624842040441 
m400083 6000 -0.005772900308235598 7000 -0.005772900308235598 14000 -0.9884541993835287 
m400084 6000 -0.007998876463996073 7000 -0.007998876463996073 14000 -0.9840022470720079 
m400085 6000 -0.000626316641622359 7000 -0.000626316641622359 14000 -0.9987473667167552 
m400086 6000 -0.0019482441064593622 7000 -0.0019482441064593622 14000 -0.9961035117870813 
m400087 6000 -0.003704560783895391 7000 -0.003704560783895391 14000 -0.9925908784322093 
m400088 6000 -0.005948189718735458 7000 -0.005948189718735458 14000 -0.9881036205625287 
m400089 6000 -0.00818019202780221 7000 -0.00818019202780221 14000 -0.9836396159443959 
m400090 6000 -0.0004909124026750967 7000 -0.0004909124026750967 14000 -0.9990181751946499 
m400091 6000 -0.0019798474058291067 7000 -0.0019798474058291067 14000 -0.9960403051883417 
m400092 6000 -0.004109433628520456 7000 -0.004109433628520456 14000 -0.9917811327429591 
m400093 6000 -0.005831719285380311 7000 -0.005831719285380311 14000 -0.9883365614292391 
m400094 6000 -0.007964068545969632 7000 -0.007964068545969632 14000 -0.9840718629080608 
m400095 6000 -0.0007144774622945263 7000 -0.0007144774622945263 14000 -0.9985710450754113 
m400096 6000 -0.0018244228758955588 7000 -0.0018244228758955588 14000 -0.9963511542482089 
m400097 6000 -0.003984923151376829 7000 -0.003984923151376829 14000 -0.9920301536972463 
m400098 6000 -0.006301781334023703 7000 -0.006301781334023703 14000 -0.9873964373319528 
m400099 6000 -0.008262705232285974 7000 -0.008262705232285974 14000 -0.9834745895354281 
m400100 6000 -0.00043462508357725737 7000 -0.00043462508357725737 14000 -0.9991307498328454 
m400101 6000 -0.002378614693590202 7000 -0.002378614693590202 14000 -0.9952427706128196 
m400102 6000 -0.003943295433223473 7000 -0.003943295433223473 14000 -0.9921134091335531 
m400103 6000 -0.006022097741750923 7000 -0.006022097741750923 14000 -0.9879558045164982 
m400104 6000 -0.007840143735944646 7000 -0.007840143735944646 14000 -0.9843197125281106 
m400105 6000 -0.000663162390300921 7000 -0.000663162390300921 14000 -0.9986736752193983 
m400106 6000 -0.0019136278326867275 7000 -0.0019136278326867275 14000 -0.9961727443346262 
m400107 6000 -0.003947565390731248 7000 -0.003947565390731248 14000 -0.9921048692185375 
m400108 6000 -0.006002365559084384 7000 -0.006002365559084384 14000 -0.987995268881831 
m400109 6000 -0.008004956859733682 7000 -0.008004956859733682 14000 -0.9839900862805326 
m400110 6000 -0.0004951168343455059 7000 -0.0004951168343455059 14000 -0.999009766331309 
m400111 6000 -0.002343639065342906 7000 -0.002343639065342906 14000 -0.9953127218693143 
m400112 6000 -0.004070128212466334 7000 -0.004070128212466334 14000 -0.9918597435750672 
m400113 6000 -0.005993343248586825 7000 -0.005993343248586825 14000 -0.9880133135028265 
m400114 6000 -0.00803316489048163 7000 -0.00803316489048163 14000 -0.9839336702190367 
m400115 6000 -0.0004907123061528297 7000 -0.0004907123061528297 14000 -0.9990185753876943 
m400116 6000 -0.0020711799976272306 7000 -0.0020711799976272306 14000 -0.9958576400047454 
m400117 6000 -0.0041560904505088415 7000 -0.0041560904505088415 14000 -0.9916878190989823 
m400118 6000 -0.0059111283717034726 7000 -0.0059111283717034726 14000 -0.988177743256593 
m400119 6000 -0.008350968944478518 7000 -0.008350968944478518 14000 -0.983298062111043 
m400120 6000 -0.0007780097233633168 7000 -0.0007780097233633168 14000 -0.9984439805532737 
m400121 6000 -0.0018073011209600836 7000 -0.0018073011209600836 14000 -0.9963853977580795 
m400122 6000 -0.003719225342829323 7000 -0.003719225342829323 14000 -0.9925615493143413 
m400123 6000 -0.005988743825061648 7000 -0.005988743825061648 14000 -0.9880225123498769 
m400124 6000 -0.008111276335984983 7000 -0.008111276335984983 14000 -0.9837774473280301 
c **********************************
c PE+Pb, dens=4.78 g/cm3
m2      6000    -0.04286 $Carbon
        1001    -0.00714 $Hydrogen
        82000   -0.95000 $Lead
c **********************************
m3    1001 -0.048535 $Boric acid
      5010 -0.034981
      5011 -0.139923
      8016 -0.776561
c **********************************
m4    82000 1 $Lead
c **********************************
m5 26000 1 $Iron
c **********************************
m6     13027   -1.000 $ Aluminum
c **********************************
c  SS-304 (8.00 g/cm3), #298 in PNNL Compendium
m7   006000.50c -0.0004000
     014000.60c -0.0050000
     015031.50c -0.0002300
     016000.60c -0.0001500
     024000.50c -0.1899981
     025055.60c -0.0099999
     026000.50c -0.7017229
     028000.50c -0.0924991
c ****************************************
c       LaBr detector
c ****************************************
m8       35079    -0.2946       $ Br79
         35081    -0.3069       $ Br81
         57139    -0.3485       $ La139
         58140    -0.0500       $ Ce140
c ************ air den=1.15e-3g/cc
m12     8016 -0.23
        7014 -0.77
c ************ Rubber Natural den=0.92 g/cc
m13     1001 -0.118371  $weight fraction
        6000 -0.881629
c
c end material cards
c
rand seed=8674536546524321 $different initial random #; seed# - any less 18 digits
c
c ********** begin tallies *********************
fc78 *********Broadened Pulse Height Tally Sum of Detectors 1,2 & 3 ***********
e78 0 1e-5 932i 8.4295
F78:p (101)
FT78 GEB -0.026198 0.059551 -0.037176
fc18 *********Unbroadened Pulse Height Tally Sum of Detectors 1,2 & 3 ***********
e18 0 1e-5 932i 8.4295
F18:p (101)
c ***********************************
c mplot tal 78 freq 10000
nps 1e9
