c CAS DETECTOR
c w/ Shielding in Place and Wheels
c
c CELL CARDS
c
c @@@@@@@@@@ Detectors @@@@@@@@@@@@@@@@@
c
101 8 -5.08 -21 imp:n,p 1 $LaBr Detector #1 Active Region
c
c @@@@@@@@@ Shielding @@@@@@@@@@@@@@@@@
c
121 2 -4.78 -31 imp:n,p 1 $PE_Pb
122 4 -11.29 -32 imp:n,p 1 $Pb1
123 4 -11.29 -33 imp:n,p 1 $Pb2
124 4 -11.29 -34 imp:n,p 1 $Pb3
125 4 -11.29 -35 imp:n,p 1 $Pb4
126 4 -11.29 -36 imp:n,p 1 $Pb5
127 4 -11.29 -37 imp:n,p 1 $Pb6
128 3 -1.5 -38 imp:n,p 1 $BA1
129 3 -1.5 -39 imp:n,p 1 $BA2
130 6 -2.7 -40 imp:n,p 1 $Al
131 7 -7.92 301 -302 303 -304 imp:n,p 1 $Fe-tube
132 5 -7.8 -401 imp:n,p 1 $Fe
133 5 -7.8 -402 imp:n,p 1 $Fe
c @@@@@@@@@@ Wheels @@@@@@@@@@@@@@@@@
c
21 13 -0.92 -41 42 imp:n,p 1 $Wheel 1
211 13 -0.92 -421 422 imp:n,p 1 $Wheel 1
212 13 -0.92 -423 424 imp:n,p 1 $Wheel 1
22 13 -0.92 -43 44 imp:n,p 1 $Wheel 2
221 13 -0.92 -441 442 imp:n,p 1 $Wheel 2
222 13 -0.92 -443 444 imp:n,p 1 $Wheel 2
23 13 -0.92 -45 46 imp:n,p 1 $Wheel 3
231 13 -0.92 -461 462 imp:n,p 1 $Wheel 3
232 13 -0.92 -463 464 imp:n,p 1 $Wheel 3
24 13 -0.92 -47 48 imp:n,p 1 $Wheel 4
241 13 -0.92 -481 482 imp:n,p 1 $Wheel 4
242 13 -0.92 -483 484 imp:n,p 1 $Wheel 4
c
c @@@@@@@@@@ SOIL VOLUME @@@@@@@@@@@
c
300000 400000 -2.156 20010 -20011 20020 -20021 20030 -20031 imp:n,p 1
300001 400001 -2.156 20010 -20011 20020 -20021 20031 -20032 imp:n,p 1
300002 400002 -2.156 20010 -20011 20020 -20021 20032 -20033 imp:n,p 1
300003 400003 -2.156 20010 -20011 20020 -20021 20033 -20034 imp:n,p 1
300004 400004 -2.156 20010 -20011 20020 -20021 20034 -20035 imp:n,p 1
300005 400005 -2.156 20011 -20012 20020 -20021 20030 -20031 imp:n,p 1
300006 400006 -2.156 20011 -20012 20020 -20021 20031 -20032 imp:n,p 1
300007 400007 -2.156 20011 -20012 20020 -20021 20032 -20033 imp:n,p 1
300008 400008 -2.156 20011 -20012 20020 -20021 20033 -20034 imp:n,p 1
300009 400009 -2.156 20011 -20012 20020 -20021 20034 -20035 imp:n,p 1
300010 400010 -2.156 20012 -20013 20020 -20021 20030 -20031 imp:n,p 1
300011 400011 -2.156 20012 -20013 20020 -20021 20031 -20032 imp:n,p 1
300012 400012 -2.156 20012 -20013 20020 -20021 20032 -20033 imp:n,p 1
300013 400013 -2.156 20012 -20013 20020 -20021 20033 -20034 imp:n,p 1
300014 400014 -2.156 20012 -20013 20020 -20021 20034 -20035 imp:n,p 1
300015 400015 -2.156 20013 -20014 20020 -20021 20030 -20031 imp:n,p 1
300016 400016 -2.156 20013 -20014 20020 -20021 20031 -20032 imp:n,p 1
300017 400017 -2.156 20013 -20014 20020 -20021 20032 -20033 imp:n,p 1
300018 400018 -2.156 20013 -20014 20020 -20021 20033 -20034 imp:n,p 1
300019 400019 -2.156 20013 -20014 20020 -20021 20034 -20035 imp:n,p 1
300020 400020 -2.156 20014 -20015 20020 -20021 20030 -20031 imp:n,p 1
300021 400021 -2.156 20014 -20015 20020 -20021 20031 -20032 imp:n,p 1
300022 400022 -2.156 20014 -20015 20020 -20021 20032 -20033 imp:n,p 1
300023 400023 -2.156 20014 -20015 20020 -20021 20033 -20034 imp:n,p 1
300024 400024 -2.156 20014 -20015 20020 -20021 20034 -20035 imp:n,p 1
300025 400025 -2.156 20010 -20011 20021 -20022 20030 -20031 imp:n,p 1
300026 400026 -2.156 20010 -20011 20021 -20022 20031 -20032 imp:n,p 1
300027 400027 -2.156 20010 -20011 20021 -20022 20032 -20033 imp:n,p 1
300028 400028 -2.156 20010 -20011 20021 -20022 20033 -20034 imp:n,p 1
300029 400029 -2.156 20010 -20011 20021 -20022 20034 -20035 imp:n,p 1
300030 400030 -2.156 20011 -20012 20021 -20022 20030 -20031 imp:n,p 1
300031 400031 -2.156 20011 -20012 20021 -20022 20031 -20032 imp:n,p 1
300032 400032 -2.156 20011 -20012 20021 -20022 20032 -20033 imp:n,p 1
300033 400033 -2.156 20011 -20012 20021 -20022 20033 -20034 imp:n,p 1
300034 400034 -2.156 20011 -20012 20021 -20022 20034 -20035 imp:n,p 1
300035 400035 -2.156 20012 -20013 20021 -20022 20030 -20031 imp:n,p 1
300036 400036 -2.156 20012 -20013 20021 -20022 20031 -20032 imp:n,p 1
300037 400037 -2.156 20012 -20013 20021 -20022 20032 -20033 imp:n,p 1
300038 400038 -2.156 20012 -20013 20021 -20022 20033 -20034 imp:n,p 1
300039 400039 -2.156 20012 -20013 20021 -20022 20034 -20035 imp:n,p 1
300040 400040 -2.156 20013 -20014 20021 -20022 20030 -20031 imp:n,p 1
300041 400041 -2.156 20013 -20014 20021 -20022 20031 -20032 imp:n,p 1
300042 400042 -2.156 20013 -20014 20021 -20022 20032 -20033 imp:n,p 1
300043 400043 -2.156 20013 -20014 20021 -20022 20033 -20034 imp:n,p 1
300044 400044 -2.156 20013 -20014 20021 -20022 20034 -20035 imp:n,p 1
300045 400045 -2.156 20014 -20015 20021 -20022 20030 -20031 imp:n,p 1
300046 400046 -2.156 20014 -20015 20021 -20022 20031 -20032 imp:n,p 1
300047 400047 -2.156 20014 -20015 20021 -20022 20032 -20033 imp:n,p 1
300048 400048 -2.156 20014 -20015 20021 -20022 20033 -20034 imp:n,p 1
300049 400049 -2.156 20014 -20015 20021 -20022 20034 -20035 imp:n,p 1
300050 400050 -2.156 20010 -20011 20022 -20023 20030 -20031 imp:n,p 1
300051 400051 -2.156 20010 -20011 20022 -20023 20031 -20032 imp:n,p 1
300052 400052 -2.156 20010 -20011 20022 -20023 20032 -20033 imp:n,p 1
300053 400053 -2.156 20010 -20011 20022 -20023 20033 -20034 imp:n,p 1
300054 400054 -2.156 20010 -20011 20022 -20023 20034 -20035 imp:n,p 1
300055 400055 -2.156 20011 -20012 20022 -20023 20030 -20031 imp:n,p 1
300056 400056 -2.156 20011 -20012 20022 -20023 20031 -20032 imp:n,p 1
300057 400057 -2.156 20011 -20012 20022 -20023 20032 -20033 imp:n,p 1
300058 400058 -2.156 20011 -20012 20022 -20023 20033 -20034 imp:n,p 1
300059 400059 -2.156 20011 -20012 20022 -20023 20034 -20035 imp:n,p 1
300060 400060 -2.156 20012 -20013 20022 -20023 20030 -20031 imp:n,p 1
300061 400061 -2.156 20012 -20013 20022 -20023 20031 -20032 imp:n,p 1
300062 400062 -2.156 20012 -20013 20022 -20023 20032 -20033 imp:n,p 1
300063 400063 -2.156 20012 -20013 20022 -20023 20033 -20034 imp:n,p 1
300064 400064 -2.156 20012 -20013 20022 -20023 20034 -20035 imp:n,p 1
300065 400065 -2.156 20013 -20014 20022 -20023 20030 -20031 imp:n,p 1
300066 400066 -2.156 20013 -20014 20022 -20023 20031 -20032 imp:n,p 1
300067 400067 -2.156 20013 -20014 20022 -20023 20032 -20033 imp:n,p 1
300068 400068 -2.156 20013 -20014 20022 -20023 20033 -20034 imp:n,p 1
300069 400069 -2.156 20013 -20014 20022 -20023 20034 -20035 imp:n,p 1
300070 400070 -2.156 20014 -20015 20022 -20023 20030 -20031 imp:n,p 1
300071 400071 -2.156 20014 -20015 20022 -20023 20031 -20032 imp:n,p 1
300072 400072 -2.156 20014 -20015 20022 -20023 20032 -20033 imp:n,p 1
300073 400073 -2.156 20014 -20015 20022 -20023 20033 -20034 imp:n,p 1
300074 400074 -2.156 20014 -20015 20022 -20023 20034 -20035 imp:n,p 1
300075 400075 -2.156 20010 -20011 20023 -20024 20030 -20031 imp:n,p 1
300076 400076 -2.156 20010 -20011 20023 -20024 20031 -20032 imp:n,p 1
300077 400077 -2.156 20010 -20011 20023 -20024 20032 -20033 imp:n,p 1
300078 400078 -2.156 20010 -20011 20023 -20024 20033 -20034 imp:n,p 1
300079 400079 -2.156 20010 -20011 20023 -20024 20034 -20035 imp:n,p 1
300080 400080 -2.156 20011 -20012 20023 -20024 20030 -20031 imp:n,p 1
300081 400081 -2.156 20011 -20012 20023 -20024 20031 -20032 imp:n,p 1
300082 400082 -2.156 20011 -20012 20023 -20024 20032 -20033 imp:n,p 1
300083 400083 -2.156 20011 -20012 20023 -20024 20033 -20034 imp:n,p 1
300084 400084 -2.156 20011 -20012 20023 -20024 20034 -20035 imp:n,p 1
300085 400085 -2.156 20012 -20013 20023 -20024 20030 -20031 imp:n,p 1
300086 400086 -2.156 20012 -20013 20023 -20024 20031 -20032 imp:n,p 1
300087 400087 -2.156 20012 -20013 20023 -20024 20032 -20033 imp:n,p 1
300088 400088 -2.156 20012 -20013 20023 -20024 20033 -20034 imp:n,p 1
300089 400089 -2.156 20012 -20013 20023 -20024 20034 -20035 imp:n,p 1
300090 400090 -2.156 20013 -20014 20023 -20024 20030 -20031 imp:n,p 1
300091 400091 -2.156 20013 -20014 20023 -20024 20031 -20032 imp:n,p 1
300092 400092 -2.156 20013 -20014 20023 -20024 20032 -20033 imp:n,p 1
300093 400093 -2.156 20013 -20014 20023 -20024 20033 -20034 imp:n,p 1
300094 400094 -2.156 20013 -20014 20023 -20024 20034 -20035 imp:n,p 1
300095 400095 -2.156 20014 -20015 20023 -20024 20030 -20031 imp:n,p 1
300096 400096 -2.156 20014 -20015 20023 -20024 20031 -20032 imp:n,p 1
300097 400097 -2.156 20014 -20015 20023 -20024 20032 -20033 imp:n,p 1
300098 400098 -2.156 20014 -20015 20023 -20024 20033 -20034 imp:n,p 1
300099 400099 -2.156 20014 -20015 20023 -20024 20034 -20035 imp:n,p 1
300100 400100 -2.156 20010 -20011 20024 -20025 20030 -20031 imp:n,p 1
300101 400101 -2.156 20010 -20011 20024 -20025 20031 -20032 imp:n,p 1
300102 400102 -2.156 20010 -20011 20024 -20025 20032 -20033 imp:n,p 1
300103 400103 -2.156 20010 -20011 20024 -20025 20033 -20034 imp:n,p 1
300104 400104 -2.156 20010 -20011 20024 -20025 20034 -20035 imp:n,p 1
300105 400105 -2.156 20011 -20012 20024 -20025 20030 -20031 imp:n,p 1
300106 400106 -2.156 20011 -20012 20024 -20025 20031 -20032 imp:n,p 1
300107 400107 -2.156 20011 -20012 20024 -20025 20032 -20033 imp:n,p 1
300108 400108 -2.156 20011 -20012 20024 -20025 20033 -20034 imp:n,p 1
300109 400109 -2.156 20011 -20012 20024 -20025 20034 -20035 imp:n,p 1
300110 400110 -2.156 20012 -20013 20024 -20025 20030 -20031 imp:n,p 1
300111 400111 -2.156 20012 -20013 20024 -20025 20031 -20032 imp:n,p 1
300112 400112 -2.156 20012 -20013 20024 -20025 20032 -20033 imp:n,p 1
300113 400113 -2.156 20012 -20013 20024 -20025 20033 -20034 imp:n,p 1
300114 400114 -2.156 20012 -20013 20024 -20025 20034 -20035 imp:n,p 1
300115 400115 -2.156 20013 -20014 20024 -20025 20030 -20031 imp:n,p 1
300116 400116 -2.156 20013 -20014 20024 -20025 20031 -20032 imp:n,p 1
300117 400117 -2.156 20013 -20014 20024 -20025 20032 -20033 imp:n,p 1
300118 400118 -2.156 20013 -20014 20024 -20025 20033 -20034 imp:n,p 1
300119 400119 -2.156 20013 -20014 20024 -20025 20034 -20035 imp:n,p 1
300120 400120 -2.156 20014 -20015 20024 -20025 20030 -20031 imp:n,p 1
300121 400121 -2.156 20014 -20015 20024 -20025 20031 -20032 imp:n,p 1
300122 400122 -2.156 20014 -20015 20024 -20025 20032 -20033 imp:n,p 1
300123 400123 -2.156 20014 -20015 20024 -20025 20033 -20034 imp:n,p 1
300124 400124 -2.156 20014 -20015 20024 -20025 20034 -20035 imp:n,p 1
c
30 12 -0.00129 -200 #101 #121 #122 #123 #124 #125 #126 #127 #128 #129 #130 #131 #132 #133
        #21 #211 #212 #22 #221 #222 #23 #231 #232 #24 #241 #242 #20 imp:n,p 1 $Rest of the World
31 0 200 imp:n,p 0 $Outside world

c SURFACE CARDS
c
c Sample Volume
20010 px -56.0
20011 px -33.600000000000364
20012 px -11.199999999999818
20013 px 11.199999999999818
20014 px 33.600000000000364
20015 px 56.0
20020 py -45.0
20021 py -27.0
20022 py -9.0
20023 py 9.0
20024 py 27.0
20025 py 45.0
20030 pz 92.0
20031 pz 82.0
20032 pz 72.0
20033 pz 62.0
20034 pz 52.0
20035 pz 42.0
c Active Detector Region
21 rcc 56  -5.0 -1.0   0.0 20.3 0.0   4.5 $Detector 1 Base center, Hx,Hy,Hz, radius
c Shielding Surfaces
c Shielding Pb
31 rpp 19 29 -7.5 7.5 -11 9 $PbPE xmin xmax ymin ymax zmin zmax
32 rpp 9 19 4 9 -11 9 $Pb xmin xmax ymin ymax zmin zmax
33 rpp 9 19 -9 -4 -11 9 $Pb xmin xmax ymin ymax zmin zmax
34 rpp 19 29 7.5 12.5 -11 9 $Pb xmin xmax ymin ymax zmin zmax
35 rpp 19 29 -12.5 -7.5 -11 9 $Pb xmin xmax ymin ymax zmin zmax
36 rpp 29 34 -15 15 -11 9 $Pb xmin xmax ymin ymax zmin zmax
37 rpp 9 19 -4 4 4 9 $Pb xmin xmax ymin ymax zmin zmax
38 rpp -26 26 18 28 -11 9 $BA1 xmin xmax ymin ymax zmin zmax
39 rpp -26 26 -28 -18 -11 9 $BA2 xmin xmax ymin ymax zmin zmax
40 rpp -65 65 -28 28 10 10.5 $Al xmin xmax ymin ymax zmin zmax
401 rpp -27 27 29 34 -11 9 $Fe xmin xmax ymin ymax zmin zmax
402 rpp -27 27 -34 -29 -11 9 $Fe xmin xmax ymin ymax zmin zmax
301 px -20
302 px 18
303 cx 3.71
304 cx 3.81
c Wheels Surfaces
c 23/10.5-12 turf tires, 22.6 lb rubber
c diameter 29cm, tread width 25cm, and sidewall height 13.76 cm
c set thickness of all sides 1.3 cm (s.t. weight is 22.6 lb)
41 rcc -2 77 8   0.0 25 0.0 29 $wheel 1 outer tread surface
42 rcc -2 77 8   0.0 25 0.0 27.7 $wheel 1 inner tread surface
421 rcc -2 75.7 8   0.0 1.3 0.0 29 $wheel 1 outside sidewall exterior
422 rcc -2 75.7 8   0.0 1.3 0.0 15.24 $wheel 1 outside sidewall interior
423 rcc -2 102 8   0.0 1.3 0.0 29 $wheel 1 inside sidewall exterior
424 rcc -2 102 8   0.0 1.3 0.0 15.24 $wheel 1 inside sidewall interior
43 rcc 68 77 8   0.0 25 0.0 29 $wheel 2
44 rcc 68 77 8   0.0 25 0.0 27.7
441 rcc 68 75.7 8   0.0 1.3 0.0 29
442 rcc 68 75.7 8   0.0 1.3 0.0 15.24
443 rcc 68 102 8   0.0 1.3 0.0 29
444 rcc 68 102 8   0.0 1.3 0.0 15.24
45 rcc -2 -77 8   0.0 -25 0.0 29 $wheel 3
46 rcc -2 -77 8   0.0 -25 0.0 27.7
461 rcc -2 -75.7 8   0.0 -1.3 0.0 29
462 rcc -2 -75.7 8   0.0 -1.3 0.0 15.24
463 rcc -2 -102 8   0.0 -1.3 0.0 29
464 rcc -2 -102 8   0.0 -1.3 0.0 15.24
47 rcc 68 -77 8   0.0 -25 0.0 29 $wheel 4
48 rcc 68 -77 8   0.0 -25 0.0 27.7
481 rcc 68 -75.7 8   0.0 -1.3 0.0 29
482 rcc 68 -75.7 8   0.0 -1.3 0.0 15.24
483 rcc 68 -102 8   0.0 -1.3 0.0 29
484 rcc 68 -102 8   0.0 -1.3 0.0 15.24
200 so 800    $sphere of 800cm centered at origin
c

c DATA CARDS
mode n p
c dump every hr
prdmp -60 -60 -1
c 100 keV Neutron Energy Cutoff
Cut:n 1j 0.1
c analog neutron transport
phys:n 1j 14
phys:p
sdef pos=0 0 0 erg=14.0 vec= 0 0 1 dir=d1
si1  -1 .93 1
sp1   0  0.0  1.0
c ********************
c begin material cards
c ********************
c Pure Carbon
c ****************************************
m400000 6000 -0.00041920705802508506 7000 -0.00041920705802508506 14000 -0.9991615858839498 
m400001 6000 -0.0020259812460747266 7000 -0.0020259812460747266 14000 -0.9959480375078508 
m400002 6000 -0.00420759972753129 7000 -0.00420759972753129 14000 -0.9915848005449373 
m400003 6000 -0.005761126499522405 7000 -0.005761126499522405 14000 -0.9884777470009554 
m400004 6000 -0.008014494171738969 7000 -0.008014494171738969 14000 -0.9839710116565216 
m400005 6000 -0.0005919851697889965 7000 -0.0005919851697889965 14000 -0.9988160296604219 
m400006 6000 -0.001979326813046021 7000 -0.001979326813046021 14000 -0.996041346373908 
m400007 6000 -0.003777763678200908 7000 -0.003777763678200908 14000 -0.992444472643598 
m400008 6000 -0.005822140506744463 7000 -0.005822140506744463 14000 -0.988355718986511 
m400009 6000 -0.008217886740336237 7000 -0.008217886740336237 14000 -0.9835642265193276 
m400010 6000 -0.000493721859956914 7000 -0.000493721859956914 14000 -0.9990125562800862 
m400011 6000 -0.0017390525905398163 7000 -0.0017390525905398163 14000 -0.9965218948189201 
m400012 6000 -0.0038657304934317997 7000 -0.0038657304934317997 14000 -0.9922685390131365 
m400013 6000 -0.005889854017782453 7000 -0.005889854017782453 14000 -0.988220291964435 
m400014 6000 -0.008089025988277248 7000 -0.008089025988277248 14000 -0.9838219480234452 
m400015 6000 -0.0004264331944420599 7000 -0.0004264331944420599 14000 -0.9991471336111158 
m400016 6000 -0.0018787251148900566 7000 -0.0018787251148900566 14000 -0.9962425497702202 
m400017 6000 -0.003965881820278111 7000 -0.003965881820278111 14000 -0.9920682363594439 
m400018 6000 -0.005909695648581692 7000 -0.005909695648581692 14000 -0.9881806087028367 
m400019 6000 -0.007935902822238433 7000 -0.007935902822238433 14000 -0.9841281943555233 
m400020 6000 -0.0004715699898877989 7000 -0.0004715699898877989 14000 -0.9990568600202246 
m400021 6000 -0.002024041717588852 7000 -0.002024041717588852 14000 -0.9959519165648223 
m400022 6000 -0.003828342442481369 7000 -0.003828342442481369 14000 -0.9923433151150372 
m400023 6000 -0.00596372071453814 7000 -0.00596372071453814 14000 -0.9880725585709239 
m400024 6000 -0.007571766818102008 7000 -0.007571766818102008 14000 -0.9848564663637959 
m400025 6000 -0.00042659722594190827 7000 -0.00042659722594190827 14000 -0.9991468055481163 
m400026 6000 -0.0019806388500485635 7000 -0.0019806388500485635 14000 -0.9960387222999028 
m400027 6000 -0.004090539544037617 7000 -0.004090539544037617 14000 -0.9918189209119245 
m400028 6000 -0.005899377247555511 7000 -0.005899377247555511 14000 -0.988201245504889 
m400029 6000 -0.007619189097079334 7000 -0.007619189097079334 14000 -0.9847616218058414 
m400030 6000 -0.0004096844437506716 7000 -0.0004096844437506716 14000 -0.9991806311124986 
m400031 6000 -0.0016711015572772046 7000 -0.0016711015572772046 14000 -0.9966577968854452 
m400032 6000 -0.0038662341911779976 7000 -0.0038662341911779976 14000 -0.9922675316176442 
m400033 6000 -0.005840436251134597 7000 -0.005840436251134597 14000 -0.9883191274977305 
m400034 6000 -0.008151871889893435 7000 -0.008151871889893435 14000 -0.9836962562202133 
m400035 6000 -0.00047495975183018145 7000 -0.00047495975183018145 14000 -0.9990500804963396 
m400036 6000 -0.0018379465002230314 7000 -0.0018379465002230314 14000 -0.9963241069995541 
m400037 6000 -0.0035879781556838967 7000 -0.0035879781556838967 14000 -0.9928240436886323 
m400038 6000 -0.0057054127398682404 7000 -0.0057054127398682404 14000 -0.9885891745202632 
m400039 6000 -0.007771254108923677 7000 -0.007771254108923677 14000 -0.9844574917821528 
m400040 6000 -0.00048273395230831885 7000 -0.00048273395230831885 14000 -0.9990345320953834 
m400041 6000 -0.0018506686695559894 7000 -0.0018506686695559894 14000 -0.9962986626608883 
m400042 6000 -0.0038760991042487676 7000 -0.0038760991042487676 14000 -0.9922478017915024 
m400043 6000 -0.005854647756322146 7000 -0.005854647756322146 14000 -0.9882907044873557 
m400044 6000 -0.007677696694116983 7000 -0.007677696694116983 14000 -0.9846446066117659 
m400045 6000 -0.00039155756087168813 7000 -0.00039155756087168813 14000 -0.9992168848782567 
m400046 6000 -0.001975380788440811 7000 -0.001975380788440811 14000 -0.9960492384231183 
m400047 6000 -0.0040644818867943385 7000 -0.0040644818867943385 14000 -0.9918710362264115 
m400048 6000 -0.005895669033702136 7000 -0.005895669033702136 14000 -0.9882086619325959 
m400049 6000 -0.007730782418271706 7000 -0.007730782418271706 14000 -0.9845384351634567 
m400050 6000 -0.00033394003899653497 7000 -0.00033394003899653497 14000 -0.9993321199220069 
m400051 6000 -0.0018279140340097927 7000 -0.0018279140340097927 14000 -0.9963441719319807 
m400052 6000 -0.00387369414084251 7000 -0.00387369414084251 14000 -0.9922526117183154 
m400053 6000 -0.005806450295870296 7000 -0.005806450295870296 14000 -0.9883870994082592 
m400054 6000 -0.007934321991931732 7000 -0.007934321991931732 14000 -0.9841313560161364 
m400055 6000 -0.0004243099360821336 7000 -0.0004243099360821336 14000 -0.999151380127836 
m400056 6000 -0.0016756039665687937 7000 -0.0016756039665687937 14000 -0.9966487920668622 
m400057 6000 -0.003709073681830881 7000 -0.003709073681830881 14000 -0.9925818526363379 
m400058 6000 -0.00611398111771018 7000 -0.00611398111771018 14000 -0.9877720377645798 
m400059 6000 -0.008135056661988943 7000 -0.008135056661988943 14000 -0.983729886676022 
m400060 6000 -0.000427952604021324 7000 -0.000427952604021324 14000 -0.9991440947919574 
m400061 6000 -0.0016879279202558586 7000 -0.0016879279202558586 14000 -0.9966241441594881 
m400062 6000 -0.0037588156079262085 7000 -0.0037588156079262085 14000 -0.9924823687841473 
m400063 6000 -0.005703511736262632 7000 -0.005703511736262632 14000 -0.9885929765274749 
m400064 6000 -0.00793377650680558 7000 -0.00793377650680558 14000 -0.9841324469863888 
m400065 6000 -0.00047081837853769475 7000 -0.00047081837853769475 14000 -0.9990583632429244 
m400066 6000 -0.0018961936296441365 7000 -0.0018961936296441365 14000 -0.9962076127407117 
m400067 6000 -0.004043430145425344 7000 -0.004043430145425344 14000 -0.9919131397091493 
m400068 6000 -0.005975081256096319 7000 -0.005975081256096319 14000 -0.9880498374878074 
m400069 6000 -0.007876425626731796 7000 -0.007876425626731796 14000 -0.9842471487465358 
m400070 6000 -0.0005101537624407605 7000 -0.0005101537624407605 14000 -0.9989796924751185 
m400071 6000 -0.0018568754516384784 7000 -0.0018568754516384784 14000 -0.9962862490967229 
m400072 6000 -0.0038810989390944523 7000 -0.0038810989390944523 14000 -0.9922378021218111 
m400073 6000 -0.005997127589828783 7000 -0.005997127589828783 14000 -0.9880057448203423 
m400074 6000 -0.007892294284692817 7000 -0.007892294284692817 14000 -0.9842154114306142 
m400075 6000 -0.0005410031851703203 7000 -0.0005410031851703203 14000 -0.9989179936296594 
m400076 6000 -0.0019777303769313984 7000 -0.0019777303769313984 14000 -0.9960445392461371 
m400077 6000 -0.003976756280616348 7000 -0.003976756280616348 14000 -0.9920464874387674 
m400078 6000 -0.005659097229172652 7000 -0.005659097229172652 14000 -0.9886818055416546 
m400079 6000 -0.007894367145135842 7000 -0.007894367145135842 14000 -0.9842112657097283 
m400080 6000 -0.0005668151511886407 7000 -0.0005668151511886407 14000 -0.9988663696976229 
m400081 6000 -0.002140000961149125 7000 -0.002140000961149125 14000 -0.9957199980777018 
m400082 6000 -0.004094132953730175 7000 -0.004094132953730175 14000 -0.9918117340925398 
m400083 6000 -0.006043263510608188 7000 -0.006043263510608188 14000 -0.9879134729787835 
m400084 6000 -0.007949267357854572 7000 -0.007949267357854572 14000 -0.9841014652842907 
m400085 6000 -0.0006050677266708082 7000 -0.0006050677266708082 14000 -0.9987898645466583 
m400086 6000 -0.001862573068320079 7000 -0.001862573068320079 14000 -0.9962748538633598 
m400087 6000 -0.004216249368097338 7000 -0.004216249368097338 14000 -0.9915675012638056 
m400088 6000 -0.006011250398602273 7000 -0.006011250398602273 14000 -0.9879774992027954 
m400089 6000 -0.007807327553949346 7000 -0.007807327553949346 14000 -0.9843853448921013 
m400090 6000 -0.0005342265880540622 7000 -0.0005342265880540622 14000 -0.9989315468238918 
m400091 6000 -0.0022653481048214414 7000 -0.0022653481048214414 14000 -0.9954693037903573 
m400092 6000 -0.003885707613344732 7000 -0.003885707613344732 14000 -0.99222858477331 
m400093 6000 -0.006114073676864094 7000 -0.006114073676864094 14000 -0.9877718526462721 
m400094 6000 -0.007812577417588028 7000 -0.007812577417588028 14000 -0.9843748451648241 
m400095 6000 -0.0003448362967191737 7000 -0.0003448362967191737 14000 -0.9993103274065619 
m400096 6000 -0.0019476441655926066 7000 -0.0019476441655926066 14000 -0.9961047116688151 
m400097 6000 -0.003928417014358139 7000 -0.003928417014358139 14000 -0.9921431659712837 
m400098 6000 -0.00599494193497942 7000 -0.00599494193497942 14000 -0.9880101161300411 
m400099 6000 -0.007654772805536256 7000 -0.007654772805536256 14000 -0.9846904543889277 
m400100 6000 -0.00033210567017147546 7000 -0.00033210567017147546 14000 -0.9993357886596571 
m400101 6000 -0.0016874574896070603 7000 -0.0016874574896070603 14000 -0.9966250850207863 
m400102 6000 -0.004162478208281926 7000 -0.004162478208281926 14000 -0.991675043583436 
m400103 6000 -0.006186731369132703 7000 -0.006186731369132703 14000 -0.9876265372617341 
m400104 6000 -0.007927947283229913 7000 -0.007927947283229913 14000 -0.9841441054335404 
m400105 6000 -0.0002451471290328646 7000 -0.0002451471290328646 14000 -0.9995097057419342 
m400106 6000 -0.001898119895248512 7000 -0.001898119895248512 14000 -0.9962037602095027 
m400107 6000 -0.003788117387333674 7000 -0.003788117387333674 14000 -0.9924237652253328 
m400108 6000 -0.005883723023199133 7000 -0.005883723023199133 14000 -0.9882325539536015 
m400109 6000 -0.007787827121492661 7000 -0.007787827121492661 14000 -0.9844243457570149 
m400110 6000 -0.0003867630433909115 7000 -0.0003867630433909115 14000 -0.9992264739132181 
m400111 6000 -0.0017403441419933457 7000 -0.0017403441419933457 14000 -0.9965193117160136 
m400112 6000 -0.004056738697806717 7000 -0.004056738697806717 14000 -0.9918865226043869 
m400113 6000 -0.005715510430233886 7000 -0.005715510430233886 14000 -0.9885689791395322 
m400114 6000 -0.008024922698172125 7000 -0.008024922698172125 14000 -0.9839501546036559 
m400115 6000 -0.0005152210732698978 7000 -0.0005152210732698978 14000 -0.9989695578534602 
m400116 6000 -0.0017299838015680164 7000 -0.0017299838015680164 14000 -0.9965400323968637 
m400117 6000 -0.0038120945199344837 7000 -0.0038120945199344837 14000 -0.9923758109601308 
m400118 6000 -0.006044789295003196 7000 -0.006044789295003196 14000 -0.9879104214099935 
m400119 6000 -0.008065780411658513 7000 -0.008065780411658513 14000 -0.9838684391766834 
m400120 6000 -0.000535702539526849 7000 -0.000535702539526849 14000 -0.9989285949209463 
m400121 6000 -0.0018799477323921685 7000 -0.0018799477323921685 14000 -0.9962401045352158 
m400122 6000 -0.0038035143991045272 7000 -0.0038035143991045272 14000 -0.992392971201791 
m400123 6000 -0.00575547138163302 7000 -0.00575547138163302 14000 -0.9884890572367341 
m400124 6000 -0.007807213555678188 7000 -0.007807213555678188 14000 -0.9843855728886435 
c **********************************
c PE+Pb, dens=4.78 g/cm3
m2      6000    -0.04286 $Carbon
        1001    -0.00714 $Hydrogen
        82000   -0.95000 $Lead
c **********************************
m3    1001 -0.048535 $Boric acid
      5010 -0.034981
      5011 -0.139923
      8016 -0.776561
c **********************************
m4    82000 1 $Lead
c **********************************
m5 26000 1 $Iron
c **********************************
m6     13027   -1.000 $ Aluminum
c **********************************
c  SS-304 (8.00 g/cm3), #298 in PNNL Compendium
m7   006000.50c -0.0004000
     014000.60c -0.0050000
     015031.50c -0.0002300
     016000.60c -0.0001500
     024000.50c -0.1899981
     025055.60c -0.0099999
     026000.50c -0.7017229
     028000.50c -0.0924991
c ****************************************
c       LaBr detector
c ****************************************
m8       35079    -0.2946       $ Br79
         35081    -0.3069       $ Br81
         57139    -0.3485       $ La139
         58140    -0.0500       $ Ce140
c ************ air den=1.15e-3g/cc
m12     8016 -0.23
        7014 -0.77
c ************ Rubber Natural den=0.92 g/cc
m13     1001 -0.118371  $weight fraction
        6000 -0.881629
c
c end material cards
c
rand seed=8674536546524321 $different initial random #; seed# - any less 18 digits
c
c ********** begin tallies *********************
fc78 *********Broadened Pulse Height Tally Sum of Detectors 1,2 & 3 ***********
e78 0 1e-5 932i 8.4295
F78:p (101)
FT78 GEB -0.026198 0.059551 -0.037176
fc18 *********Unbroadened Pulse Height Tally Sum of Detectors 1,2 & 3 ***********
e18 0 1e-5 932i 8.4295
F18:p (101)
c ***********************************
c mplot tal 78 freq 10000
nps 1e9
