c CAS DETECTOR
c w/ Shielding in Place and Wheels
c
c CELL CARDS
c
c @@@@@@@@@@ Detectors @@@@@@@@@@@@@@@@@
c
101 8 -5.08 -21 imp:n,p 1 $LaBr Detector #1 Active Region
c
c @@@@@@@@@ Shielding @@@@@@@@@@@@@@@@@
c
121 2 -4.78 -31 imp:n,p 1 $PE_Pb
122 4 -11.29 -32 imp:n,p 1 $Pb1
123 4 -11.29 -33 imp:n,p 1 $Pb2
124 4 -11.29 -34 imp:n,p 1 $Pb3
125 4 -11.29 -35 imp:n,p 1 $Pb4
126 4 -11.29 -36 imp:n,p 1 $Pb5
127 4 -11.29 -37 imp:n,p 1 $Pb6
128 3 -1.5 -38 imp:n,p 1 $BA1
129 3 -1.5 -39 imp:n,p 1 $BA2
130 6 -2.7 -40 imp:n,p 1 $Al
131 7 -7.92 301 -302 303 -304 imp:n,p 1 $Fe-tube
132 5 -7.8 -401 imp:n,p 1 $Fe
133 5 -7.8 -402 imp:n,p 1 $Fe
c @@@@@@@@@@ Wheels @@@@@@@@@@@@@@@@@
c
21 13 -0.92 -41 42 imp:n,p 1 $Wheel 1
211 13 -0.92 -421 422 imp:n,p 1 $Wheel 1
212 13 -0.92 -423 424 imp:n,p 1 $Wheel 1
22 13 -0.92 -43 44 imp:n,p 1 $Wheel 2
221 13 -0.92 -441 442 imp:n,p 1 $Wheel 2
222 13 -0.92 -443 444 imp:n,p 1 $Wheel 2
23 13 -0.92 -45 46 imp:n,p 1 $Wheel 3
231 13 -0.92 -461 462 imp:n,p 1 $Wheel 3
232 13 -0.92 -463 464 imp:n,p 1 $Wheel 3
24 13 -0.92 -47 48 imp:n,p 1 $Wheel 4
241 13 -0.92 -481 482 imp:n,p 1 $Wheel 4
242 13 -0.92 -483 484 imp:n,p 1 $Wheel 4
c
c @@@@@@@@@@ SOIL VOLUME @@@@@@@@@@@
c
300000 400000 -2.156 20010 -20011 20020 -20021 20030 -20031 imp:n,p 1
300001 400001 -2.156 20010 -20011 20020 -20021 20031 -20032 imp:n,p 1
300002 400002 -2.156 20010 -20011 20020 -20021 20032 -20033 imp:n,p 1
300003 400003 -2.156 20010 -20011 20020 -20021 20033 -20034 imp:n,p 1
300004 400004 -2.156 20010 -20011 20020 -20021 20034 -20035 imp:n,p 1
300005 400005 -2.156 20011 -20012 20020 -20021 20030 -20031 imp:n,p 1
300006 400006 -2.156 20011 -20012 20020 -20021 20031 -20032 imp:n,p 1
300007 400007 -2.156 20011 -20012 20020 -20021 20032 -20033 imp:n,p 1
300008 400008 -2.156 20011 -20012 20020 -20021 20033 -20034 imp:n,p 1
300009 400009 -2.156 20011 -20012 20020 -20021 20034 -20035 imp:n,p 1
300010 400010 -2.156 20012 -20013 20020 -20021 20030 -20031 imp:n,p 1
300011 400011 -2.156 20012 -20013 20020 -20021 20031 -20032 imp:n,p 1
300012 400012 -2.156 20012 -20013 20020 -20021 20032 -20033 imp:n,p 1
300013 400013 -2.156 20012 -20013 20020 -20021 20033 -20034 imp:n,p 1
300014 400014 -2.156 20012 -20013 20020 -20021 20034 -20035 imp:n,p 1
300015 400015 -2.156 20013 -20014 20020 -20021 20030 -20031 imp:n,p 1
300016 400016 -2.156 20013 -20014 20020 -20021 20031 -20032 imp:n,p 1
300017 400017 -2.156 20013 -20014 20020 -20021 20032 -20033 imp:n,p 1
300018 400018 -2.156 20013 -20014 20020 -20021 20033 -20034 imp:n,p 1
300019 400019 -2.156 20013 -20014 20020 -20021 20034 -20035 imp:n,p 1
300020 400020 -2.156 20014 -20015 20020 -20021 20030 -20031 imp:n,p 1
300021 400021 -2.156 20014 -20015 20020 -20021 20031 -20032 imp:n,p 1
300022 400022 -2.156 20014 -20015 20020 -20021 20032 -20033 imp:n,p 1
300023 400023 -2.156 20014 -20015 20020 -20021 20033 -20034 imp:n,p 1
300024 400024 -2.156 20014 -20015 20020 -20021 20034 -20035 imp:n,p 1
300025 400025 -2.156 20010 -20011 20021 -20022 20030 -20031 imp:n,p 1
300026 400026 -2.156 20010 -20011 20021 -20022 20031 -20032 imp:n,p 1
300027 400027 -2.156 20010 -20011 20021 -20022 20032 -20033 imp:n,p 1
300028 400028 -2.156 20010 -20011 20021 -20022 20033 -20034 imp:n,p 1
300029 400029 -2.156 20010 -20011 20021 -20022 20034 -20035 imp:n,p 1
300030 400030 -2.156 20011 -20012 20021 -20022 20030 -20031 imp:n,p 1
300031 400031 -2.156 20011 -20012 20021 -20022 20031 -20032 imp:n,p 1
300032 400032 -2.156 20011 -20012 20021 -20022 20032 -20033 imp:n,p 1
300033 400033 -2.156 20011 -20012 20021 -20022 20033 -20034 imp:n,p 1
300034 400034 -2.156 20011 -20012 20021 -20022 20034 -20035 imp:n,p 1
300035 400035 -2.156 20012 -20013 20021 -20022 20030 -20031 imp:n,p 1
300036 400036 -2.156 20012 -20013 20021 -20022 20031 -20032 imp:n,p 1
300037 400037 -2.156 20012 -20013 20021 -20022 20032 -20033 imp:n,p 1
300038 400038 -2.156 20012 -20013 20021 -20022 20033 -20034 imp:n,p 1
300039 400039 -2.156 20012 -20013 20021 -20022 20034 -20035 imp:n,p 1
300040 400040 -2.156 20013 -20014 20021 -20022 20030 -20031 imp:n,p 1
300041 400041 -2.156 20013 -20014 20021 -20022 20031 -20032 imp:n,p 1
300042 400042 -2.156 20013 -20014 20021 -20022 20032 -20033 imp:n,p 1
300043 400043 -2.156 20013 -20014 20021 -20022 20033 -20034 imp:n,p 1
300044 400044 -2.156 20013 -20014 20021 -20022 20034 -20035 imp:n,p 1
300045 400045 -2.156 20014 -20015 20021 -20022 20030 -20031 imp:n,p 1
300046 400046 -2.156 20014 -20015 20021 -20022 20031 -20032 imp:n,p 1
300047 400047 -2.156 20014 -20015 20021 -20022 20032 -20033 imp:n,p 1
300048 400048 -2.156 20014 -20015 20021 -20022 20033 -20034 imp:n,p 1
300049 400049 -2.156 20014 -20015 20021 -20022 20034 -20035 imp:n,p 1
300050 400050 -2.156 20010 -20011 20022 -20023 20030 -20031 imp:n,p 1
300051 400051 -2.156 20010 -20011 20022 -20023 20031 -20032 imp:n,p 1
300052 400052 -2.156 20010 -20011 20022 -20023 20032 -20033 imp:n,p 1
300053 400053 -2.156 20010 -20011 20022 -20023 20033 -20034 imp:n,p 1
300054 400054 -2.156 20010 -20011 20022 -20023 20034 -20035 imp:n,p 1
300055 400055 -2.156 20011 -20012 20022 -20023 20030 -20031 imp:n,p 1
300056 400056 -2.156 20011 -20012 20022 -20023 20031 -20032 imp:n,p 1
300057 400057 -2.156 20011 -20012 20022 -20023 20032 -20033 imp:n,p 1
300058 400058 -2.156 20011 -20012 20022 -20023 20033 -20034 imp:n,p 1
300059 400059 -2.156 20011 -20012 20022 -20023 20034 -20035 imp:n,p 1
300060 400060 -2.156 20012 -20013 20022 -20023 20030 -20031 imp:n,p 1
300061 400061 -2.156 20012 -20013 20022 -20023 20031 -20032 imp:n,p 1
300062 400062 -2.156 20012 -20013 20022 -20023 20032 -20033 imp:n,p 1
300063 400063 -2.156 20012 -20013 20022 -20023 20033 -20034 imp:n,p 1
300064 400064 -2.156 20012 -20013 20022 -20023 20034 -20035 imp:n,p 1
300065 400065 -2.156 20013 -20014 20022 -20023 20030 -20031 imp:n,p 1
300066 400066 -2.156 20013 -20014 20022 -20023 20031 -20032 imp:n,p 1
300067 400067 -2.156 20013 -20014 20022 -20023 20032 -20033 imp:n,p 1
300068 400068 -2.156 20013 -20014 20022 -20023 20033 -20034 imp:n,p 1
300069 400069 -2.156 20013 -20014 20022 -20023 20034 -20035 imp:n,p 1
300070 400070 -2.156 20014 -20015 20022 -20023 20030 -20031 imp:n,p 1
300071 400071 -2.156 20014 -20015 20022 -20023 20031 -20032 imp:n,p 1
300072 400072 -2.156 20014 -20015 20022 -20023 20032 -20033 imp:n,p 1
300073 400073 -2.156 20014 -20015 20022 -20023 20033 -20034 imp:n,p 1
300074 400074 -2.156 20014 -20015 20022 -20023 20034 -20035 imp:n,p 1
300075 400075 -2.156 20010 -20011 20023 -20024 20030 -20031 imp:n,p 1
300076 400076 -2.156 20010 -20011 20023 -20024 20031 -20032 imp:n,p 1
300077 400077 -2.156 20010 -20011 20023 -20024 20032 -20033 imp:n,p 1
300078 400078 -2.156 20010 -20011 20023 -20024 20033 -20034 imp:n,p 1
300079 400079 -2.156 20010 -20011 20023 -20024 20034 -20035 imp:n,p 1
300080 400080 -2.156 20011 -20012 20023 -20024 20030 -20031 imp:n,p 1
300081 400081 -2.156 20011 -20012 20023 -20024 20031 -20032 imp:n,p 1
300082 400082 -2.156 20011 -20012 20023 -20024 20032 -20033 imp:n,p 1
300083 400083 -2.156 20011 -20012 20023 -20024 20033 -20034 imp:n,p 1
300084 400084 -2.156 20011 -20012 20023 -20024 20034 -20035 imp:n,p 1
300085 400085 -2.156 20012 -20013 20023 -20024 20030 -20031 imp:n,p 1
300086 400086 -2.156 20012 -20013 20023 -20024 20031 -20032 imp:n,p 1
300087 400087 -2.156 20012 -20013 20023 -20024 20032 -20033 imp:n,p 1
300088 400088 -2.156 20012 -20013 20023 -20024 20033 -20034 imp:n,p 1
300089 400089 -2.156 20012 -20013 20023 -20024 20034 -20035 imp:n,p 1
300090 400090 -2.156 20013 -20014 20023 -20024 20030 -20031 imp:n,p 1
300091 400091 -2.156 20013 -20014 20023 -20024 20031 -20032 imp:n,p 1
300092 400092 -2.156 20013 -20014 20023 -20024 20032 -20033 imp:n,p 1
300093 400093 -2.156 20013 -20014 20023 -20024 20033 -20034 imp:n,p 1
300094 400094 -2.156 20013 -20014 20023 -20024 20034 -20035 imp:n,p 1
300095 400095 -2.156 20014 -20015 20023 -20024 20030 -20031 imp:n,p 1
300096 400096 -2.156 20014 -20015 20023 -20024 20031 -20032 imp:n,p 1
300097 400097 -2.156 20014 -20015 20023 -20024 20032 -20033 imp:n,p 1
300098 400098 -2.156 20014 -20015 20023 -20024 20033 -20034 imp:n,p 1
300099 400099 -2.156 20014 -20015 20023 -20024 20034 -20035 imp:n,p 1
300100 400100 -2.156 20010 -20011 20024 -20025 20030 -20031 imp:n,p 1
300101 400101 -2.156 20010 -20011 20024 -20025 20031 -20032 imp:n,p 1
300102 400102 -2.156 20010 -20011 20024 -20025 20032 -20033 imp:n,p 1
300103 400103 -2.156 20010 -20011 20024 -20025 20033 -20034 imp:n,p 1
300104 400104 -2.156 20010 -20011 20024 -20025 20034 -20035 imp:n,p 1
300105 400105 -2.156 20011 -20012 20024 -20025 20030 -20031 imp:n,p 1
300106 400106 -2.156 20011 -20012 20024 -20025 20031 -20032 imp:n,p 1
300107 400107 -2.156 20011 -20012 20024 -20025 20032 -20033 imp:n,p 1
300108 400108 -2.156 20011 -20012 20024 -20025 20033 -20034 imp:n,p 1
300109 400109 -2.156 20011 -20012 20024 -20025 20034 -20035 imp:n,p 1
300110 400110 -2.156 20012 -20013 20024 -20025 20030 -20031 imp:n,p 1
300111 400111 -2.156 20012 -20013 20024 -20025 20031 -20032 imp:n,p 1
300112 400112 -2.156 20012 -20013 20024 -20025 20032 -20033 imp:n,p 1
300113 400113 -2.156 20012 -20013 20024 -20025 20033 -20034 imp:n,p 1
300114 400114 -2.156 20012 -20013 20024 -20025 20034 -20035 imp:n,p 1
300115 400115 -2.156 20013 -20014 20024 -20025 20030 -20031 imp:n,p 1
300116 400116 -2.156 20013 -20014 20024 -20025 20031 -20032 imp:n,p 1
300117 400117 -2.156 20013 -20014 20024 -20025 20032 -20033 imp:n,p 1
300118 400118 -2.156 20013 -20014 20024 -20025 20033 -20034 imp:n,p 1
300119 400119 -2.156 20013 -20014 20024 -20025 20034 -20035 imp:n,p 1
300120 400120 -2.156 20014 -20015 20024 -20025 20030 -20031 imp:n,p 1
300121 400121 -2.156 20014 -20015 20024 -20025 20031 -20032 imp:n,p 1
300122 400122 -2.156 20014 -20015 20024 -20025 20032 -20033 imp:n,p 1
300123 400123 -2.156 20014 -20015 20024 -20025 20033 -20034 imp:n,p 1
300124 400124 -2.156 20014 -20015 20024 -20025 20034 -20035 imp:n,p 1
c
30 12 -0.00129 -200 #101 #121 #122 #123 #124 #125 #126 #127 #128 #129 #130 #131 #132 #133
        #21 #211 #212 #22 #221 #222 #23 #231 #232 #24 #241 #242 #20 imp:n,p 1 $Rest of the World
31 0 200 imp:n,p 0 $Outside world

c SURFACE CARDS
c
c Sample Volume
20010 px -56.0
20011 px -33.60000000000002
20012 px -11.200000000000045
20013 px 11.200000000000045
20014 px 33.60000000000002
20015 px 56.0
20020 py -45.0
20021 py -27.0
20022 py -9.0
20023 py 9.0
20024 py 27.0
20025 py 45.0
20030 pz 92.0
20031 pz 82.0
20032 pz 72.0
20033 pz 62.0
20034 pz 52.0
20035 pz 42.0
c Active Detector Region
21 rcc 56  -5.0 -1.0   0.0 20.3 0.0   4.5 $Detector 1 Base center, Hx,Hy,Hz, radius
c Shielding Surfaces
c Shielding Pb
31 rpp 19 29 -7.5 7.5 -11 9 $PbPE xmin xmax ymin ymax zmin zmax
32 rpp 9 19 4 9 -11 9 $Pb xmin xmax ymin ymax zmin zmax
33 rpp 9 19 -9 -4 -11 9 $Pb xmin xmax ymin ymax zmin zmax
34 rpp 19 29 7.5 12.5 -11 9 $Pb xmin xmax ymin ymax zmin zmax
35 rpp 19 29 -12.5 -7.5 -11 9 $Pb xmin xmax ymin ymax zmin zmax
36 rpp 29 34 -15 15 -11 9 $Pb xmin xmax ymin ymax zmin zmax
37 rpp 9 19 -4 4 4 9 $Pb xmin xmax ymin ymax zmin zmax
38 rpp -26 26 18 28 -11 9 $BA1 xmin xmax ymin ymax zmin zmax
39 rpp -26 26 -28 -18 -11 9 $BA2 xmin xmax ymin ymax zmin zmax
40 rpp -65 65 -28 28 10 10.5 $Al xmin xmax ymin ymax zmin zmax
401 rpp -27 27 29 34 -11 9 $Fe xmin xmax ymin ymax zmin zmax
402 rpp -27 27 -34 -29 -11 9 $Fe xmin xmax ymin ymax zmin zmax
301 px -20
302 px 18
303 cx 3.71
304 cx 3.81
c Wheels Surfaces
c 23/10.5-12 turf tires, 22.6 lb rubber
c diameter 29cm, tread width 25cm, and sidewall height 13.76 cm
c set thickness of all sides 1.3 cm (s.t. weight is 22.6 lb)
41 rcc -2 77 8   0.0 25 0.0 29 $wheel 1 outer tread surface
42 rcc -2 77 8   0.0 25 0.0 27.7 $wheel 1 inner tread surface
421 rcc -2 75.7 8   0.0 1.3 0.0 29 $wheel 1 outside sidewall exterior
422 rcc -2 75.7 8   0.0 1.3 0.0 15.24 $wheel 1 outside sidewall interior
423 rcc -2 102 8   0.0 1.3 0.0 29 $wheel 1 inside sidewall exterior
424 rcc -2 102 8   0.0 1.3 0.0 15.24 $wheel 1 inside sidewall interior
43 rcc 68 77 8   0.0 25 0.0 29 $wheel 2
44 rcc 68 77 8   0.0 25 0.0 27.7
441 rcc 68 75.7 8   0.0 1.3 0.0 29
442 rcc 68 75.7 8   0.0 1.3 0.0 15.24
443 rcc 68 102 8   0.0 1.3 0.0 29
444 rcc 68 102 8   0.0 1.3 0.0 15.24
45 rcc -2 -77 8   0.0 -25 0.0 29 $wheel 3
46 rcc -2 -77 8   0.0 -25 0.0 27.7
461 rcc -2 -75.7 8   0.0 -1.3 0.0 29
462 rcc -2 -75.7 8   0.0 -1.3 0.0 15.24
463 rcc -2 -102 8   0.0 -1.3 0.0 29
464 rcc -2 -102 8   0.0 -1.3 0.0 15.24
47 rcc 68 -77 8   0.0 -25 0.0 29 $wheel 4
48 rcc 68 -77 8   0.0 -25 0.0 27.7
481 rcc 68 -75.7 8   0.0 -1.3 0.0 29
482 rcc 68 -75.7 8   0.0 -1.3 0.0 15.24
483 rcc 68 -102 8   0.0 -1.3 0.0 29
484 rcc 68 -102 8   0.0 -1.3 0.0 15.24
200 so 800    $sphere of 800cm centered at origin
c

c DATA CARDS
mode n p
c dump every hr
prdmp -60 -60 -1
c 100 keV Neutron Energy Cutoff
Cut:n 1j 0.1
c analog neutron transport
phys:n 1j 14
phys:p
sdef pos=0 0 0 erg=14.0 vec= 0 0 1 dir=d1
si1  -1 .93 1
sp1   0  0.0  1.0
c ********************
c begin material cards
c ********************
c Pure Carbon
c ****************************************
m400000 6000 -0.0004441711665029356 7000 -0.0004441711665029356 14000 -0.9991116576669944 
m400001 6000 -0.0017587618362128901 7000 -0.0017587618362128901 14000 -0.9964824763275739 
m400002 6000 -0.0039912182931543085 7000 -0.0039912182931543085 14000 -0.9920175634136915 
m400003 6000 -0.006088509154711106 7000 -0.006088509154711106 14000 -0.9878229816905777 
m400004 6000 -0.00791472078499847 7000 -0.00791472078499847 14000 -0.984170558430003 
m400005 6000 -0.0006022622052042463 7000 -0.0006022622052042463 14000 -0.9987954755895914 
m400006 6000 -0.0020176129017819107 7000 -0.0020176129017819107 14000 -0.995964774196436 
m400007 6000 -0.003926326002112872 7000 -0.003926326002112872 14000 -0.9921473479957741 
m400008 6000 -0.006108560004266076 7000 -0.006108560004266076 14000 -0.9877828799914681 
m400009 6000 -0.008028397700771347 7000 -0.008028397700771347 14000 -0.9839432045984576 
m400010 6000 -0.0006770339212420032 7000 -0.0006770339212420032 14000 -0.9986459321575161 
m400011 6000 -0.0022204961269704656 7000 -0.0022204961269704656 14000 -0.995559007746059 
m400012 6000 -0.0036925641053570076 7000 -0.0036925641053570076 14000 -0.9926148717892861 
m400013 6000 -0.005843601792250027 7000 -0.005843601792250027 14000 -0.9883127964154999 
m400014 6000 -0.007994886385420057 7000 -0.007994886385420057 14000 -0.9840102272291599 
m400015 6000 -0.00043630035002851445 7000 -0.00043630035002851445 14000 -0.999127399299943 
m400016 6000 -0.0017995326575836804 7000 -0.0017995326575836804 14000 -0.9964009346848327 
m400017 6000 -0.004367264220965354 7000 -0.004367264220965354 14000 -0.9912654715580694 
m400018 6000 -0.005937376167762626 7000 -0.005937376167762626 14000 -0.988125247664475 
m400019 6000 -0.008079896121673114 7000 -0.008079896121673114 14000 -0.9838402077566538 
m400020 6000 -0.00042657001520719827 7000 -0.00042657001520719827 14000 -0.9991468599695856 
m400021 6000 -0.0019463446034171453 7000 -0.0019463446034171453 14000 -0.9961073107931656 
m400022 6000 -0.0040428292059759875 7000 -0.0040428292059759875 14000 -0.9919143415880478 
m400023 6000 -0.006433396817748071 7000 -0.006433396817748071 14000 -0.9871332063645041 
m400024 6000 -0.007777781784241067 7000 -0.007777781784241067 14000 -0.9844444364315181 
m400025 6000 -0.0004933099811531815 7000 -0.0004933099811531815 14000 -0.9990133800376938 
m400026 6000 -0.0021128316182374395 7000 -0.0021128316182374395 14000 -0.9957743367635247 
m400027 6000 -0.004085687458163576 7000 -0.004085687458163576 14000 -0.991828625083673 
m400028 6000 -0.006024185877071188 7000 -0.006024185877071188 14000 -0.9879516282458575 
m400029 6000 -0.008080008701867902 7000 -0.008080008701867902 14000 -0.9838399825962643 
m400030 6000 -0.0005134370965114595 7000 -0.0005134370965114595 14000 -0.9989731258069771 
m400031 6000 -0.0018039850024466715 7000 -0.0018039850024466715 14000 -0.9963920299951065 
m400032 6000 -0.0038305462710311604 7000 -0.0038305462710311604 14000 -0.9923389074579378 
m400033 6000 -0.0059223712586905335 7000 -0.0059223712586905335 14000 -0.9881552574826183 
m400034 6000 -0.00817799836519473 7000 -0.00817799836519473 14000 -0.9836440032696104 
m400035 6000 -0.0006212444323195417 7000 -0.0006212444323195417 14000 -0.9987575111353612 
m400036 6000 -0.00173576093992835 7000 -0.00173576093992835 14000 -0.9965284781201433 
m400037 6000 -0.003958819194465637 7000 -0.003958819194465637 14000 -0.9920823616110687 
m400038 6000 -0.006110283659855118 7000 -0.006110283659855118 14000 -0.9877794326802897 
m400039 6000 -0.007853152388813355 7000 -0.007853152388813355 14000 -0.984293695222373 
m400040 6000 -0.0003795071449168398 7000 -0.0003795071449168398 14000 -0.9992409857101663 
m400041 6000 -0.0021830810366746233 7000 -0.0021830810366746233 14000 -0.9956338379266508 
m400042 6000 -0.004061252386151125 7000 -0.004061252386151125 14000 -0.991877495227698 
m400043 6000 -0.006045493960519642 7000 -0.006045493960519642 14000 -0.9879090120789609 
m400044 6000 -0.008002398912266595 7000 -0.008002398912266595 14000 -0.9839952021754667 
m400045 6000 -0.0006283162410385083 7000 -0.0006283162410385083 14000 -0.9987433675179228 
m400046 6000 -0.0021819091163604314 7000 -0.0021819091163604314 14000 -0.9956361817672789 
m400047 6000 -0.004034287016347594 7000 -0.004034287016347594 14000 -0.9919314259673045 
m400048 6000 -0.006107919487421885 7000 -0.006107919487421885 14000 -0.9877841610251562 
m400049 6000 -0.00815689640272882 7000 -0.00815689640272882 14000 -0.9836862071945421 
m400050 6000 -0.0006758226653659273 7000 -0.0006758226653659273 14000 -0.998648354669268 
m400051 6000 -0.002102100292764982 7000 -0.002102100292764982 14000 -0.9957957994144699 
m400052 6000 -0.0040723476380561535 7000 -0.0040723476380561535 14000 -0.9918553047238874 
m400053 6000 -0.005906768891703621 7000 -0.005906768891703621 14000 -0.9881864622165927 
m400054 6000 -0.007755532600456269 7000 -0.007755532600456269 14000 -0.9844889347990873 
m400055 6000 -0.0007288516683561615 7000 -0.0007288516683561615 14000 -0.9985422966632878 
m400056 6000 -0.0018942680260506117 7000 -0.0018942680260506117 14000 -0.996211463947899 
m400057 6000 -0.004491260875441184 7000 -0.004491260875441184 14000 -0.9910174782491175 
m400058 6000 -0.006024328751626539 7000 -0.006024328751626539 14000 -0.9879513424967472 
m400059 6000 -0.008289427497218472 7000 -0.008289427497218472 14000 -0.9834211450055631 
m400060 6000 -0.0005766633241718077 7000 -0.0005766633241718077 14000 -0.9988466733516563 
m400061 6000 -0.0018210619891946922 7000 -0.0018210619891946922 14000 -0.9963578760216106 
m400062 6000 -0.003939184321647688 7000 -0.003939184321647688 14000 -0.9921216313567048 
m400063 6000 -0.005955033174348686 7000 -0.005955033174348686 14000 -0.9880899336513026 
m400064 6000 -0.007911061007792252 7000 -0.007911061007792252 14000 -0.9841778779844154 
m400065 6000 -0.0004756576958489564 7000 -0.0004756576958489564 14000 -0.999048684608302 
m400066 6000 -0.0016904027531896163 7000 -0.0016904027531896163 14000 -0.9966191944936207 
m400067 6000 -0.00399211402101924 7000 -0.00399211402101924 14000 -0.9920157719579616 
m400068 6000 -0.006003218074130335 7000 -0.006003218074130335 14000 -0.9879935638517394 
m400069 6000 -0.007997961123192301 7000 -0.007997961123192301 14000 -0.9840040777536158 
m400070 6000 -0.00041494435910382056 7000 -0.00041494435910382056 14000 -0.9991701112817926 
m400071 6000 -0.001989092954927618 7000 -0.001989092954927618 14000 -0.9960218140901449 
m400072 6000 -0.004094448831632302 7000 -0.004094448831632302 14000 -0.9918111023367356 
m400073 6000 -0.006098760529165443 7000 -0.006098760529165443 14000 -0.9878024789416691 
m400074 6000 -0.007993565793365798 7000 -0.007993565793365798 14000 -0.9840128684132684 
m400075 6000 -0.0006047443299705134 7000 -0.0006047443299705134 14000 -0.998790511340059 
m400076 6000 -0.0019230141698928474 7000 -0.0019230141698928474 14000 -0.9961539716602144 
m400077 6000 -0.0039016755265283776 7000 -0.0039016755265283776 14000 -0.9921966489469435 
m400078 6000 -0.005883955687192272 7000 -0.005883955687192272 14000 -0.9882320886256156 
m400079 6000 -0.008002052930126763 7000 -0.008002052930126763 14000 -0.9839958941397464 
m400080 6000 -0.0005356933141721389 7000 -0.0005356933141721389 14000 -0.9989286133716558 
m400081 6000 -0.0018814656213461552 7000 -0.0018814656213461552 14000 -0.9962370687573078 
m400082 6000 -0.004138138043847715 7000 -0.004138138043847715 14000 -0.9917237239123046 
m400083 6000 -0.005848306153098995 7000 -0.005848306153098995 14000 -0.9883033876938021 
m400084 6000 -0.0076785364012264355 7000 -0.0076785364012264355 14000 -0.9846429271975472 
m400085 6000 -0.0005747665102165867 7000 -0.0005747665102165867 14000 -0.9988504669795667 
m400086 6000 -0.001997179575439622 7000 -0.001997179575439622 14000 -0.9960056408491209 
m400087 6000 -0.003764722752878518 7000 -0.003764722752878518 14000 -0.9924705544942429 
m400088 6000 -0.005837553247032088 7000 -0.005837553247032088 14000 -0.9883248935059357 
m400089 6000 -0.007974278708056585 7000 -0.007974278708056585 14000 -0.9840514425838869 
m400090 6000 -0.0004847496817445146 7000 -0.0004847496817445146 14000 -0.9990305006365108 
m400091 6000 -0.0019992823384138753 7000 -0.0019992823384138753 14000 -0.9960014353231722 
m400092 6000 -0.004049710356684859 7000 -0.004049710356684859 14000 -0.9919005792866302 
m400093 6000 -0.00619995084365681 7000 -0.00619995084365681 14000 -0.9876000983126864 
m400094 6000 -0.008029953578945556 7000 -0.008029953578945556 14000 -0.9839400928421093 
m400095 6000 -0.0004977994549584215 7000 -0.0004977994549584215 14000 -0.9990044010900831 
m400096 6000 -0.0019301330143664203 7000 -0.0019301330143664203 14000 -0.9961397339712674 
m400097 6000 -0.003987414228214978 7000 -0.003987414228214978 14000 -0.9920251715435701 
m400098 6000 -0.005999168567456161 7000 -0.005999168567456161 14000 -0.9880016628650875 
m400099 6000 -0.008079645762664288 7000 -0.008079645762664288 14000 -0.9838407084746714 
m400100 6000 -0.0004962883788376497 7000 -0.0004962883788376497 14000 -0.9990074232423248 
m400101 6000 -0.0019083333681227386 7000 -0.0019083333681227386 14000 -0.9961833332637546 
m400102 6000 -0.0038798796739164666 7000 -0.0038798796739164666 14000 -0.9922402406521669 
m400103 6000 -0.005731831211371107 7000 -0.005731831211371107 14000 -0.9885363375772579 
m400104 6000 -0.007925840386586695 7000 -0.007925840386586695 14000 -0.9841483192268266 
m400105 6000 -0.0005339819327209109 7000 -0.0005339819327209109 14000 -0.9989320361345584 
m400106 6000 -0.002302834764943593 7000 -0.002302834764943593 14000 -0.995394330470113 
m400107 6000 -0.00384567797308125 7000 -0.00384567797308125 14000 -0.9923086440538376 
m400108 6000 -0.005629066043098841 7000 -0.005629066043098841 14000 -0.9887418679138023 
m400109 6000 -0.007846753797080832 7000 -0.007846753797080832 14000 -0.984306492405838 
m400110 6000 -0.000599523390685139 7000 -0.000599523390685139 14000 -0.9988009532186297 
m400111 6000 -0.0018240038095006048 7000 -0.0018240038095006048 14000 -0.9963519923809985 
m400112 6000 -0.0036989173656351904 7000 -0.0036989173656351904 14000 -0.9926021652687296 
m400113 6000 -0.0059846455666526435 7000 -0.0059846455666526435 14000 -0.9880307088666948 
m400114 6000 -0.007846004908341841 7000 -0.007846004908341841 14000 -0.9843079901833163 
m400115 6000 -0.00038536744493037066 7000 -0.00038536744493037066 14000 -0.9992292651101394 
m400116 6000 -0.002254147194478467 7000 -0.002254147194478467 14000 -0.9954917056110432 
m400117 6000 -0.003862500688332124 7000 -0.003862500688332124 14000 -0.9922749986233359 
m400118 6000 -0.005930475912165486 7000 -0.005930475912165486 14000 -0.9881390481756691 
m400119 6000 -0.007845509509081161 7000 -0.007845509509081161 14000 -0.9843089809818375 
m400120 6000 -0.0003487468496866947 7000 -0.0003487468496866947 14000 -0.9993025063006266 
m400121 6000 -0.0018230560051491992 7000 -0.0018230560051491992 14000 -0.9963538879897016 
m400122 6000 -0.003962378400253042 7000 -0.003962378400253042 14000 -0.992075243199494 
m400123 6000 -0.006094044588163216 7000 -0.006094044588163216 14000 -0.9878119108236737 
m400124 6000 -0.007830512688390249 7000 -0.007830512688390249 14000 -0.9843389746232194 
c **********************************
c PE+Pb, dens=4.78 g/cm3
m2      6000    -0.04286 $Carbon
        1001    -0.00714 $Hydrogen
        82000   -0.95000 $Lead
c **********************************
m3    1001 -0.048535 $Boric acid
      5010 -0.034981
      5011 -0.139923
      8016 -0.776561
c **********************************
m4    82000 1 $Lead
c **********************************
m5 26000 1 $Iron
c **********************************
m6     13027   -1.000 $ Aluminum
c **********************************
c  SS-304 (8.00 g/cm3), #298 in PNNL Compendium
m7   006000.50c -0.0004000
     014000.60c -0.0050000
     015031.50c -0.0002300
     016000.60c -0.0001500
     024000.50c -0.1899981
     025055.60c -0.0099999
     026000.50c -0.7017229
     028000.50c -0.0924991
c ****************************************
c       LaBr detector
c ****************************************
m8       35079    -0.2946       $ Br79
         35081    -0.3069       $ Br81
         57139    -0.3485       $ La139
         58140    -0.0500       $ Ce140
c ************ air den=1.15e-3g/cc
m12     8016 -0.23
        7014 -0.77
c ************ Rubber Natural den=0.92 g/cc
m13     1001 -0.118371  $weight fraction
        6000 -0.881629
c
c end material cards
c
rand seed=8674536546524321 $different initial random #; seed# - any less 18 digits
c
c ********** begin tallies *********************
fc78 *********Broadened Pulse Height Tally Sum of Detectors 1,2 & 3 ***********
e78 0 1e-5 932i 8.4295
F78:p (101)
FT78 GEB -0.026198 0.059551 -0.037176
fc18 *********Unbroadened Pulse Height Tally Sum of Detectors 1,2 & 3 ***********
e18 0 1e-5 932i 8.4295
F18:p (101)
c ***********************************
c mplot tal 78 freq 10000
nps 1e9
