c CAS DETECTOR
c w/ Shielding in Place and Wheels
c
c CELL CARDS
c
c @@@@@@@@@@ Detectors @@@@@@@@@@@@@@@@@
c
101 8 -5.08 -21 imp:n,p 1 $LaBr Detector #1 Active Region
c
c @@@@@@@@@ Shielding @@@@@@@@@@@@@@@@@
c
121 2 -4.78 -31 imp:n,p 1 $PE_Pb
122 4 -11.29 -32 imp:n,p 1 $Pb1
123 4 -11.29 -33 imp:n,p 1 $Pb2
124 4 -11.29 -34 imp:n,p 1 $Pb3
125 4 -11.29 -35 imp:n,p 1 $Pb4
126 4 -11.29 -36 imp:n,p 1 $Pb5
127 4 -11.29 -37 imp:n,p 1 $Pb6
128 3 -1.5 -38 imp:n,p 1 $BA1
129 3 -1.5 -39 imp:n,p 1 $BA2
130 6 -2.7 -40 imp:n,p 1 $Al
131 7 -7.92 301 -302 303 -304 imp:n,p 1 $Fe-tube
132 5 -7.8 -401 imp:n,p 1 $Fe
133 5 -7.8 -402 imp:n,p 1 $Fe
c @@@@@@@@@@ Wheels @@@@@@@@@@@@@@@@@
c
21 13 -0.92 -41 42 imp:n,p 1 $Wheel 1
211 13 -0.92 -421 422 imp:n,p 1 $Wheel 1
212 13 -0.92 -423 424 imp:n,p 1 $Wheel 1
22 13 -0.92 -43 44 imp:n,p 1 $Wheel 2
221 13 -0.92 -441 442 imp:n,p 1 $Wheel 2
222 13 -0.92 -443 444 imp:n,p 1 $Wheel 2
23 13 -0.92 -45 46 imp:n,p 1 $Wheel 3
231 13 -0.92 -461 462 imp:n,p 1 $Wheel 3
232 13 -0.92 -463 464 imp:n,p 1 $Wheel 3
24 13 -0.92 -47 48 imp:n,p 1 $Wheel 4
241 13 -0.92 -481 482 imp:n,p 1 $Wheel 4
242 13 -0.92 -483 484 imp:n,p 1 $Wheel 4
c
c @@@@@@@@@@ SOIL VOLUME @@@@@@@@@@@
c
300000 400000 -2.156 20010 -20011 20020 -20021 20030 -20031 imp:n,p 1
300001 400001 -2.156 20010 -20011 20020 -20021 20031 -20032 imp:n,p 1
300002 400002 -2.156 20010 -20011 20020 -20021 20032 -20033 imp:n,p 1
300003 400003 -2.156 20010 -20011 20020 -20021 20033 -20034 imp:n,p 1
300004 400004 -2.156 20010 -20011 20020 -20021 20034 -20035 imp:n,p 1
300005 400005 -2.156 20011 -20012 20020 -20021 20030 -20031 imp:n,p 1
300006 400006 -2.156 20011 -20012 20020 -20021 20031 -20032 imp:n,p 1
300007 400007 -2.156 20011 -20012 20020 -20021 20032 -20033 imp:n,p 1
300008 400008 -2.156 20011 -20012 20020 -20021 20033 -20034 imp:n,p 1
300009 400009 -2.156 20011 -20012 20020 -20021 20034 -20035 imp:n,p 1
300010 400010 -2.156 20012 -20013 20020 -20021 20030 -20031 imp:n,p 1
300011 400011 -2.156 20012 -20013 20020 -20021 20031 -20032 imp:n,p 1
300012 400012 -2.156 20012 -20013 20020 -20021 20032 -20033 imp:n,p 1
300013 400013 -2.156 20012 -20013 20020 -20021 20033 -20034 imp:n,p 1
300014 400014 -2.156 20012 -20013 20020 -20021 20034 -20035 imp:n,p 1
300015 400015 -2.156 20013 -20014 20020 -20021 20030 -20031 imp:n,p 1
300016 400016 -2.156 20013 -20014 20020 -20021 20031 -20032 imp:n,p 1
300017 400017 -2.156 20013 -20014 20020 -20021 20032 -20033 imp:n,p 1
300018 400018 -2.156 20013 -20014 20020 -20021 20033 -20034 imp:n,p 1
300019 400019 -2.156 20013 -20014 20020 -20021 20034 -20035 imp:n,p 1
300020 400020 -2.156 20014 -20015 20020 -20021 20030 -20031 imp:n,p 1
300021 400021 -2.156 20014 -20015 20020 -20021 20031 -20032 imp:n,p 1
300022 400022 -2.156 20014 -20015 20020 -20021 20032 -20033 imp:n,p 1
300023 400023 -2.156 20014 -20015 20020 -20021 20033 -20034 imp:n,p 1
300024 400024 -2.156 20014 -20015 20020 -20021 20034 -20035 imp:n,p 1
300025 400025 -2.156 20010 -20011 20021 -20022 20030 -20031 imp:n,p 1
300026 400026 -2.156 20010 -20011 20021 -20022 20031 -20032 imp:n,p 1
300027 400027 -2.156 20010 -20011 20021 -20022 20032 -20033 imp:n,p 1
300028 400028 -2.156 20010 -20011 20021 -20022 20033 -20034 imp:n,p 1
300029 400029 -2.156 20010 -20011 20021 -20022 20034 -20035 imp:n,p 1
300030 400030 -2.156 20011 -20012 20021 -20022 20030 -20031 imp:n,p 1
300031 400031 -2.156 20011 -20012 20021 -20022 20031 -20032 imp:n,p 1
300032 400032 -2.156 20011 -20012 20021 -20022 20032 -20033 imp:n,p 1
300033 400033 -2.156 20011 -20012 20021 -20022 20033 -20034 imp:n,p 1
300034 400034 -2.156 20011 -20012 20021 -20022 20034 -20035 imp:n,p 1
300035 400035 -2.156 20012 -20013 20021 -20022 20030 -20031 imp:n,p 1
300036 400036 -2.156 20012 -20013 20021 -20022 20031 -20032 imp:n,p 1
300037 400037 -2.156 20012 -20013 20021 -20022 20032 -20033 imp:n,p 1
300038 400038 -2.156 20012 -20013 20021 -20022 20033 -20034 imp:n,p 1
300039 400039 -2.156 20012 -20013 20021 -20022 20034 -20035 imp:n,p 1
300040 400040 -2.156 20013 -20014 20021 -20022 20030 -20031 imp:n,p 1
300041 400041 -2.156 20013 -20014 20021 -20022 20031 -20032 imp:n,p 1
300042 400042 -2.156 20013 -20014 20021 -20022 20032 -20033 imp:n,p 1
300043 400043 -2.156 20013 -20014 20021 -20022 20033 -20034 imp:n,p 1
300044 400044 -2.156 20013 -20014 20021 -20022 20034 -20035 imp:n,p 1
300045 400045 -2.156 20014 -20015 20021 -20022 20030 -20031 imp:n,p 1
300046 400046 -2.156 20014 -20015 20021 -20022 20031 -20032 imp:n,p 1
300047 400047 -2.156 20014 -20015 20021 -20022 20032 -20033 imp:n,p 1
300048 400048 -2.156 20014 -20015 20021 -20022 20033 -20034 imp:n,p 1
300049 400049 -2.156 20014 -20015 20021 -20022 20034 -20035 imp:n,p 1
300050 400050 -2.156 20010 -20011 20022 -20023 20030 -20031 imp:n,p 1
300051 400051 -2.156 20010 -20011 20022 -20023 20031 -20032 imp:n,p 1
300052 400052 -2.156 20010 -20011 20022 -20023 20032 -20033 imp:n,p 1
300053 400053 -2.156 20010 -20011 20022 -20023 20033 -20034 imp:n,p 1
300054 400054 -2.156 20010 -20011 20022 -20023 20034 -20035 imp:n,p 1
300055 400055 -2.156 20011 -20012 20022 -20023 20030 -20031 imp:n,p 1
300056 400056 -2.156 20011 -20012 20022 -20023 20031 -20032 imp:n,p 1
300057 400057 -2.156 20011 -20012 20022 -20023 20032 -20033 imp:n,p 1
300058 400058 -2.156 20011 -20012 20022 -20023 20033 -20034 imp:n,p 1
300059 400059 -2.156 20011 -20012 20022 -20023 20034 -20035 imp:n,p 1
300060 400060 -2.156 20012 -20013 20022 -20023 20030 -20031 imp:n,p 1
300061 400061 -2.156 20012 -20013 20022 -20023 20031 -20032 imp:n,p 1
300062 400062 -2.156 20012 -20013 20022 -20023 20032 -20033 imp:n,p 1
300063 400063 -2.156 20012 -20013 20022 -20023 20033 -20034 imp:n,p 1
300064 400064 -2.156 20012 -20013 20022 -20023 20034 -20035 imp:n,p 1
300065 400065 -2.156 20013 -20014 20022 -20023 20030 -20031 imp:n,p 1
300066 400066 -2.156 20013 -20014 20022 -20023 20031 -20032 imp:n,p 1
300067 400067 -2.156 20013 -20014 20022 -20023 20032 -20033 imp:n,p 1
300068 400068 -2.156 20013 -20014 20022 -20023 20033 -20034 imp:n,p 1
300069 400069 -2.156 20013 -20014 20022 -20023 20034 -20035 imp:n,p 1
300070 400070 -2.156 20014 -20015 20022 -20023 20030 -20031 imp:n,p 1
300071 400071 -2.156 20014 -20015 20022 -20023 20031 -20032 imp:n,p 1
300072 400072 -2.156 20014 -20015 20022 -20023 20032 -20033 imp:n,p 1
300073 400073 -2.156 20014 -20015 20022 -20023 20033 -20034 imp:n,p 1
300074 400074 -2.156 20014 -20015 20022 -20023 20034 -20035 imp:n,p 1
300075 400075 -2.156 20010 -20011 20023 -20024 20030 -20031 imp:n,p 1
300076 400076 -2.156 20010 -20011 20023 -20024 20031 -20032 imp:n,p 1
300077 400077 -2.156 20010 -20011 20023 -20024 20032 -20033 imp:n,p 1
300078 400078 -2.156 20010 -20011 20023 -20024 20033 -20034 imp:n,p 1
300079 400079 -2.156 20010 -20011 20023 -20024 20034 -20035 imp:n,p 1
300080 400080 -2.156 20011 -20012 20023 -20024 20030 -20031 imp:n,p 1
300081 400081 -2.156 20011 -20012 20023 -20024 20031 -20032 imp:n,p 1
300082 400082 -2.156 20011 -20012 20023 -20024 20032 -20033 imp:n,p 1
300083 400083 -2.156 20011 -20012 20023 -20024 20033 -20034 imp:n,p 1
300084 400084 -2.156 20011 -20012 20023 -20024 20034 -20035 imp:n,p 1
300085 400085 -2.156 20012 -20013 20023 -20024 20030 -20031 imp:n,p 1
300086 400086 -2.156 20012 -20013 20023 -20024 20031 -20032 imp:n,p 1
300087 400087 -2.156 20012 -20013 20023 -20024 20032 -20033 imp:n,p 1
300088 400088 -2.156 20012 -20013 20023 -20024 20033 -20034 imp:n,p 1
300089 400089 -2.156 20012 -20013 20023 -20024 20034 -20035 imp:n,p 1
300090 400090 -2.156 20013 -20014 20023 -20024 20030 -20031 imp:n,p 1
300091 400091 -2.156 20013 -20014 20023 -20024 20031 -20032 imp:n,p 1
300092 400092 -2.156 20013 -20014 20023 -20024 20032 -20033 imp:n,p 1
300093 400093 -2.156 20013 -20014 20023 -20024 20033 -20034 imp:n,p 1
300094 400094 -2.156 20013 -20014 20023 -20024 20034 -20035 imp:n,p 1
300095 400095 -2.156 20014 -20015 20023 -20024 20030 -20031 imp:n,p 1
300096 400096 -2.156 20014 -20015 20023 -20024 20031 -20032 imp:n,p 1
300097 400097 -2.156 20014 -20015 20023 -20024 20032 -20033 imp:n,p 1
300098 400098 -2.156 20014 -20015 20023 -20024 20033 -20034 imp:n,p 1
300099 400099 -2.156 20014 -20015 20023 -20024 20034 -20035 imp:n,p 1
300100 400100 -2.156 20010 -20011 20024 -20025 20030 -20031 imp:n,p 1
300101 400101 -2.156 20010 -20011 20024 -20025 20031 -20032 imp:n,p 1
300102 400102 -2.156 20010 -20011 20024 -20025 20032 -20033 imp:n,p 1
300103 400103 -2.156 20010 -20011 20024 -20025 20033 -20034 imp:n,p 1
300104 400104 -2.156 20010 -20011 20024 -20025 20034 -20035 imp:n,p 1
300105 400105 -2.156 20011 -20012 20024 -20025 20030 -20031 imp:n,p 1
300106 400106 -2.156 20011 -20012 20024 -20025 20031 -20032 imp:n,p 1
300107 400107 -2.156 20011 -20012 20024 -20025 20032 -20033 imp:n,p 1
300108 400108 -2.156 20011 -20012 20024 -20025 20033 -20034 imp:n,p 1
300109 400109 -2.156 20011 -20012 20024 -20025 20034 -20035 imp:n,p 1
300110 400110 -2.156 20012 -20013 20024 -20025 20030 -20031 imp:n,p 1
300111 400111 -2.156 20012 -20013 20024 -20025 20031 -20032 imp:n,p 1
300112 400112 -2.156 20012 -20013 20024 -20025 20032 -20033 imp:n,p 1
300113 400113 -2.156 20012 -20013 20024 -20025 20033 -20034 imp:n,p 1
300114 400114 -2.156 20012 -20013 20024 -20025 20034 -20035 imp:n,p 1
300115 400115 -2.156 20013 -20014 20024 -20025 20030 -20031 imp:n,p 1
300116 400116 -2.156 20013 -20014 20024 -20025 20031 -20032 imp:n,p 1
300117 400117 -2.156 20013 -20014 20024 -20025 20032 -20033 imp:n,p 1
300118 400118 -2.156 20013 -20014 20024 -20025 20033 -20034 imp:n,p 1
300119 400119 -2.156 20013 -20014 20024 -20025 20034 -20035 imp:n,p 1
300120 400120 -2.156 20014 -20015 20024 -20025 20030 -20031 imp:n,p 1
300121 400121 -2.156 20014 -20015 20024 -20025 20031 -20032 imp:n,p 1
300122 400122 -2.156 20014 -20015 20024 -20025 20032 -20033 imp:n,p 1
300123 400123 -2.156 20014 -20015 20024 -20025 20033 -20034 imp:n,p 1
300124 400124 -2.156 20014 -20015 20024 -20025 20034 -20035 imp:n,p 1
c
30 12 -0.00129 -200 #101 #121 #122 #123 #124 #125 #126 #127 #128 #129 #130 #131 #132 #133
        #21 #211 #212 #22 #221 #222 #23 #231 #232 #24 #241 #242 #20 imp:n,p 1 $Rest of the World
31 0 200 imp:n,p 0 $Outside world

c SURFACE CARDS
c
c Sample Volume
20010 px -56.0
20011 px -33.600000000000364
20012 px -11.199999999999818
20013 px 11.199999999999818
20014 px 33.600000000000364
20015 px 56.0
20020 py -45.0
20021 py -27.0
20022 py -9.0
20023 py 9.0
20024 py 27.0
20025 py 45.0
20030 pz 92.0
20031 pz 82.0
20032 pz 72.0
20033 pz 62.0
20034 pz 52.0
20035 pz 42.0
c Active Detector Region
21 rcc 56  -5.0 -1.0   0.0 20.3 0.0   4.5 $Detector 1 Base center, Hx,Hy,Hz, radius
c Shielding Surfaces
c Shielding Pb
31 rpp 19 29 -7.5 7.5 -11 9 $PbPE xmin xmax ymin ymax zmin zmax
32 rpp 9 19 4 9 -11 9 $Pb xmin xmax ymin ymax zmin zmax
33 rpp 9 19 -9 -4 -11 9 $Pb xmin xmax ymin ymax zmin zmax
34 rpp 19 29 7.5 12.5 -11 9 $Pb xmin xmax ymin ymax zmin zmax
35 rpp 19 29 -12.5 -7.5 -11 9 $Pb xmin xmax ymin ymax zmin zmax
36 rpp 29 34 -15 15 -11 9 $Pb xmin xmax ymin ymax zmin zmax
37 rpp 9 19 -4 4 4 9 $Pb xmin xmax ymin ymax zmin zmax
38 rpp -26 26 18 28 -11 9 $BA1 xmin xmax ymin ymax zmin zmax
39 rpp -26 26 -28 -18 -11 9 $BA2 xmin xmax ymin ymax zmin zmax
40 rpp -65 65 -28 28 10 10.5 $Al xmin xmax ymin ymax zmin zmax
401 rpp -27 27 29 34 -11 9 $Fe xmin xmax ymin ymax zmin zmax
402 rpp -27 27 -34 -29 -11 9 $Fe xmin xmax ymin ymax zmin zmax
301 px -20
302 px 18
303 cx 3.71
304 cx 3.81
c Wheels Surfaces
c 23/10.5-12 turf tires, 22.6 lb rubber
c diameter 29cm, tread width 25cm, and sidewall height 13.76 cm
c set thickness of all sides 1.3 cm (s.t. weight is 22.6 lb)
41 rcc -2 77 8   0.0 25 0.0 29 $wheel 1 outer tread surface
42 rcc -2 77 8   0.0 25 0.0 27.7 $wheel 1 inner tread surface
421 rcc -2 75.7 8   0.0 1.3 0.0 29 $wheel 1 outside sidewall exterior
422 rcc -2 75.7 8   0.0 1.3 0.0 15.24 $wheel 1 outside sidewall interior
423 rcc -2 102 8   0.0 1.3 0.0 29 $wheel 1 inside sidewall exterior
424 rcc -2 102 8   0.0 1.3 0.0 15.24 $wheel 1 inside sidewall interior
43 rcc 68 77 8   0.0 25 0.0 29 $wheel 2
44 rcc 68 77 8   0.0 25 0.0 27.7
441 rcc 68 75.7 8   0.0 1.3 0.0 29
442 rcc 68 75.7 8   0.0 1.3 0.0 15.24
443 rcc 68 102 8   0.0 1.3 0.0 29
444 rcc 68 102 8   0.0 1.3 0.0 15.24
45 rcc -2 -77 8   0.0 -25 0.0 29 $wheel 3
46 rcc -2 -77 8   0.0 -25 0.0 27.7
461 rcc -2 -75.7 8   0.0 -1.3 0.0 29
462 rcc -2 -75.7 8   0.0 -1.3 0.0 15.24
463 rcc -2 -102 8   0.0 -1.3 0.0 29
464 rcc -2 -102 8   0.0 -1.3 0.0 15.24
47 rcc 68 -77 8   0.0 -25 0.0 29 $wheel 4
48 rcc 68 -77 8   0.0 -25 0.0 27.7
481 rcc 68 -75.7 8   0.0 -1.3 0.0 29
482 rcc 68 -75.7 8   0.0 -1.3 0.0 15.24
483 rcc 68 -102 8   0.0 -1.3 0.0 29
484 rcc 68 -102 8   0.0 -1.3 0.0 15.24
200 so 800    $sphere of 800cm centered at origin
c

c DATA CARDS
mode n p
c dump every hr
prdmp -60 -60 -1
c 100 keV Neutron Energy Cutoff
Cut:n 1j 0.1
c analog neutron transport
phys:n 1j 14
phys:p
sdef pos=0 0 0 erg=14.0 vec= 0 0 1 dir=d1
si1  -1 .93 1
sp1   0  0.0  1.0
c ********************
c begin material cards
c ********************
c Pure Carbon
c ****************************************
m400000 6000 -0.0004414074397442876 7000 -0.0004414074397442876 14000 -0.9991171851205115 
m400001 6000 -0.001840031950551932 7000 -0.001840031950551932 14000 -0.9963199360988958 
m400002 6000 -0.0036917333187715356 7000 -0.0036917333187715356 14000 -0.9926165333624567 
m400003 6000 -0.0057298484916090756 7000 -0.0057298484916090756 14000 -0.988540303016782 
m400004 6000 -0.008118324387006623 7000 -0.008118324387006623 14000 -0.9837633512259869 
m400005 6000 -0.00030969666248056654 7000 -0.00030969666248056654 14000 -0.9993806066750386 
m400006 6000 -0.0018820371557438501 7000 -0.0018820371557438501 14000 -0.9962359256885124 
m400007 6000 -0.003918623514224879 7000 -0.003918623514224879 14000 -0.9921627529715502 
m400008 6000 -0.005941871682483875 7000 -0.005941871682483875 14000 -0.9881162566350328 
m400009 6000 -0.007645854684258685 7000 -0.007645854684258685 14000 -0.9847082906314827 
m400010 6000 -0.0005590050896729592 7000 -0.0005590050896729592 14000 -0.9988819898206542 
m400011 6000 -0.0018585611084546289 7000 -0.0018585611084546289 14000 -0.9962828777830908 
m400012 6000 -0.004181605256123347 7000 -0.004181605256123347 14000 -0.9916367894877535 
m400013 6000 -0.005875552683489179 7000 -0.005875552683489179 14000 -0.9882488946330217 
m400014 6000 -0.008199113495915684 7000 -0.008199113495915684 14000 -0.9836017730081688 
m400015 6000 -0.0003498853279560226 7000 -0.0003498853279560226 14000 -0.9993002293440877 
m400016 6000 -0.0017821408380340239 7000 -0.0017821408380340239 14000 -0.9964357183239322 
m400017 6000 -0.003938610947685267 7000 -0.003938610947685267 14000 -0.9921227781046295 
m400018 6000 -0.005887574282175123 7000 -0.005887574282175123 14000 -0.9882248514356493 
m400019 6000 -0.007844708018343983 7000 -0.007844708018343983 14000 -0.984310583963312 
m400020 6000 -0.00039735973962814385 7000 -0.00039735973962814385 14000 -0.9992052805207438 
m400021 6000 -0.002074277952128058 7000 -0.002074277952128058 14000 -0.9958514440957438 
m400022 6000 -0.004111363990635117 7000 -0.004111363990635117 14000 -0.9917772720187298 
m400023 6000 -0.006102988726884663 7000 -0.006102988726884663 14000 -0.9877940225462312 
m400024 6000 -0.007870151824964118 7000 -0.007870151824964118 14000 -0.9842596963500719 
m400025 6000 -0.0005088974145926766 7000 -0.0005088974145926766 14000 -0.9989822051708146 
m400026 6000 -0.002026392541450032 7000 -0.002026392541450032 14000 -0.9959472149171 
m400027 6000 -0.0038884933156449935 7000 -0.0038884933156449935 14000 -0.9922230133687102 
m400028 6000 -0.006149788312400903 7000 -0.006149788312400903 14000 -0.9877004233751979 
m400029 6000 -0.008052311286389042 7000 -0.008052311286389042 14000 -0.9838953774272219 
m400030 6000 -0.00044218875199085385 7000 -0.00044218875199085385 14000 -0.9991156224960183 
m400031 6000 -0.0020855831739826597 7000 -0.0020855831739826597 14000 -0.9958288336520345 
m400032 6000 -0.003910808310655788 7000 -0.003910808310655788 14000 -0.9921783833786886 
m400033 6000 -0.005789757167392823 7000 -0.005789757167392823 14000 -0.9884204856652147 
m400034 6000 -0.008113659002079648 7000 -0.008113659002079648 14000 -0.9837726819958406 
m400035 6000 -0.0005097560977462514 7000 -0.0005097560977462514 14000 -0.9989804878045077 
m400036 6000 -0.0019229110926825186 7000 -0.0019229110926825186 14000 -0.9961541778146351 
m400037 6000 -0.004066249111350258 7000 -0.004066249111350258 14000 -0.9918675017772999 
m400038 6000 -0.00592274232108232 7000 -0.00592274232108232 14000 -0.9881545153578353 
m400039 6000 -0.008023688681379391 7000 -0.008023688681379391 14000 -0.9839526226372413 
m400040 6000 -0.00039256336391935793 7000 -0.00039256336391935793 14000 -0.9992148732721613 
m400041 6000 -0.0022034772910060705 7000 -0.0022034772910060705 14000 -0.995593045417988 
m400042 6000 -0.0033677841567995833 7000 -0.0033677841567995833 14000 -0.9932644316864007 
m400043 6000 -0.005738796717397758 7000 -0.005738796717397758 14000 -0.9885224065652045 
m400044 6000 -0.007797429086532029 7000 -0.007797429086532029 14000 -0.9844051418269357 
m400045 6000 -0.0004661456434114684 7000 -0.0004661456434114684 14000 -0.9990677087131771 
m400046 6000 -0.001618740136330478 7000 -0.001618740136330478 14000 -0.9967625197273386 
m400047 6000 -0.003916796232098485 7000 -0.003916796232098485 14000 -0.9921664075358031 
m400048 6000 -0.005823645428939772 7000 -0.005823645428939772 14000 -0.9883527091421204 
m400049 6000 -0.0076413798019574685 7000 -0.0076413798019574685 14000 -0.984717240396085 
m400050 6000 -0.0004344701591211498 7000 -0.0004344701591211498 14000 -0.9991310596817579 
m400051 6000 -0.0019388718108336062 7000 -0.0019388718108336062 14000 -0.996122256378333 
m400052 6000 -0.00390558129426362 7000 -0.00390558129426362 14000 -0.9921888374114729 
m400053 6000 -0.00585564824971983 7000 -0.00585564824971983 14000 -0.9882887035005602 
m400054 6000 -0.007825889685811754 7000 -0.007825889685811754 14000 -0.9843482206283766 
m400055 6000 -0.00042355135638437805 7000 -0.00042355135638437805 14000 -0.9991528972872312 
m400056 6000 -0.0019681788661557844 7000 -0.0019681788661557844 14000 -0.9960636422676883 
m400057 6000 -0.0038572835450610193 7000 -0.0038572835450610193 14000 -0.9922854329098779 
m400058 6000 -0.005797834271127302 7000 -0.005797834271127302 14000 -0.9884043314577455 
m400059 6000 -0.007950314635552107 7000 -0.007950314635552107 14000 -0.9840993707288959 
m400060 6000 -0.0005320831012081007 7000 -0.0005320831012081007 14000 -0.9989358337975837 
m400061 6000 -0.0018723076278097741 7000 -0.0018723076278097741 14000 -0.9962553847443804 
m400062 6000 -0.003715095142604656 7000 -0.003715095142604656 14000 -0.9925698097147908 
m400063 6000 -0.006047054602643491 7000 -0.006047054602643491 14000 -0.9879058907947131 
m400064 6000 -0.007917158346809929 7000 -0.007917158346809929 14000 -0.98416568330638 
m400065 6000 -0.0004289301395871787 7000 -0.0004289301395871787 14000 -0.9991421397208257 
m400066 6000 -0.001767810830591037 7000 -0.001767810830591037 14000 -0.9964643783388181 
m400067 6000 -0.003818815660028006 7000 -0.003818815660028006 14000 -0.9923623686799441 
m400068 6000 -0.005954299524915846 7000 -0.005954299524915846 14000 -0.9880914009501679 
m400069 6000 -0.007837143755021059 7000 -0.007837143755021059 14000 -0.984325712489958 
m400070 6000 -0.00041418540577025314 7000 -0.00041418540577025314 14000 -0.9991716291884595 
m400071 6000 -0.0020303146101838024 7000 -0.0020303146101838024 14000 -0.9959393707796325 
m400072 6000 -0.004120242430113326 7000 -0.004120242430113326 14000 -0.9917595151397737 
m400073 6000 -0.0057438175672841155 7000 -0.0057438175672841155 14000 -0.9885123648654316 
m400074 6000 -0.008220810777405297 7000 -0.008220810777405297 14000 -0.9835583784451895 
m400075 6000 -0.00048103662722947664 7000 -0.00048103662722947664 14000 -0.9990379267455411 
m400076 6000 -0.0016615523422769875 7000 -0.0016615523422769875 14000 -0.9966768953154462 
m400077 6000 -0.004335411300598372 7000 -0.004335411300598372 14000 -0.9913291773988032 
m400078 6000 -0.006050831909544018 7000 -0.006050831909544018 14000 -0.9878983361809119 
m400079 6000 -0.008024914059788767 7000 -0.008024914059788767 14000 -0.9839501718804222 
m400080 6000 -0.0004046412035569558 7000 -0.0004046412035569558 14000 -0.9991907175928861 
m400081 6000 -0.002083209485155135 7000 -0.002083209485155135 14000 -0.9958335810296898 
m400082 6000 -0.004098132611751212 7000 -0.004098132611751212 14000 -0.9918037347764979 
m400083 6000 -0.005916641750484852 7000 -0.005916641750484852 14000 -0.9881667164990303 
m400084 6000 -0.008022201377978431 7000 -0.008022201377978431 14000 -0.9839555972440428 
m400085 6000 -0.0005223435333038944 7000 -0.0005223435333038944 14000 -0.9989553129333923 
m400086 6000 -0.002312502182074455 7000 -0.002312502182074455 14000 -0.9953749956358513 
m400087 6000 -0.003843356326516693 7000 -0.003843356326516693 14000 -0.9923132873469664 
m400088 6000 -0.006163330034743531 7000 -0.006163330034743531 14000 -0.9876733399305132 
m400089 6000 -0.00760454097995318 7000 -0.00760454097995318 14000 -0.9847909180400937 
m400090 6000 -0.0005887045594289164 7000 -0.0005887045594289164 14000 -0.9988225908811421 
m400091 6000 -0.001955649508854596 7000 -0.001955649508854596 14000 -0.9960887009822905 
m400092 6000 -0.004163491252969544 7000 -0.004163491252969544 14000 -0.9916730174940607 
m400093 6000 -0.005965033708034506 7000 -0.005965033708034506 14000 -0.988069932583931 
m400094 6000 -0.007886153305277655 7000 -0.007886153305277655 14000 -0.9842276933894446 
m400095 6000 -0.0006030969974731056 7000 -0.0006030969974731056 14000 -0.9987938060050537 
m400096 6000 -0.001911972423959696 7000 -0.001911972423959696 14000 -0.9961760551520807 
m400097 6000 -0.003919039972794492 7000 -0.003919039972794492 14000 -0.9921619200544107 
m400098 6000 -0.005902444387030439 7000 -0.005902444387030439 14000 -0.988195111225939 
m400099 6000 -0.007626172535707551 7000 -0.007626172535707551 14000 -0.984747654928585 
m400100 6000 -0.000498758741121852 7000 -0.000498758741121852 14000 -0.9990024825177564 
m400101 6000 -0.0020025194021988787 7000 -0.0020025194021988787 14000 -0.9959949611956024 
m400102 6000 -0.003765651065768677 7000 -0.003765651065768677 14000 -0.9924686978684625 
m400103 6000 -0.00595686713804919 7000 -0.00595686713804919 14000 -0.988086265723902 
m400104 6000 -0.007914150176232662 7000 -0.007914150176232662 14000 -0.9841716996475348 
m400105 6000 -0.0004165240187669772 7000 -0.0004165240187669772 14000 -0.9991669519624657 
m400106 6000 -0.0020998289870722384 7000 -0.0020998289870722384 14000 -0.9958003420258555 
m400107 6000 -0.004001990883832004 7000 -0.004001990883832004 14000 -0.991996018232336 
m400108 6000 -0.005838695294832926 7000 -0.005838695294832926 14000 -0.9883226094103343 
m400109 6000 -0.008038625729380773 7000 -0.008038625729380773 14000 -0.9839227485412383 
m400110 6000 -0.0006245949787943555 7000 -0.0006245949787943555 14000 -0.9987508100424111 
m400111 6000 -0.0019658226202440817 7000 -0.0019658226202440817 14000 -0.9960683547595122 
m400112 6000 -0.003834054437578338 7000 -0.003834054437578338 14000 -0.9923318911248432 
m400113 6000 -0.00604921636019142 7000 -0.00604921636019142 14000 -0.9879015672796169 
m400114 6000 -0.008008520053609573 7000 -0.008008520053609573 14000 -0.983982959892781 
m400115 6000 -0.0004848320448714313 7000 -0.0004848320448714313 14000 -0.999030335910257 
m400116 6000 -0.001964744554335624 7000 -0.001964744554335624 14000 -0.9960705108913289 
m400117 6000 -0.003992163718606108 7000 -0.003992163718606108 14000 -0.9920156725627876 
m400118 6000 -0.006008429889966038 7000 -0.006008429889966038 14000 -0.9879831402200681 
m400119 6000 -0.008009414820324186 7000 -0.008009414820324186 14000 -0.9839811703593516 
m400120 6000 -0.0006398706794187605 7000 -0.0006398706794187605 14000 -0.9987202586411627 
m400121 6000 -0.001938317778576659 7000 -0.001938317778576659 14000 -0.9961233644428467 
m400122 6000 -0.004112100297858804 7000 -0.004112100297858804 14000 -0.9917757994042826 
m400123 6000 -0.0058589466856631255 7000 -0.0058589466856631255 14000 -0.9882821066286738 
m400124 6000 -0.007831206173473703 7000 -0.007831206173473703 14000 -0.9843375876530525 
c **********************************
c PE+Pb, dens=4.78 g/cm3
m2      6000    -0.04286 $Carbon
        1001    -0.00714 $Hydrogen
        82000   -0.95000 $Lead
c **********************************
m3    1001 -0.048535 $Boric acid
      5010 -0.034981
      5011 -0.139923
      8016 -0.776561
c **********************************
m4    82000 1 $Lead
c **********************************
m5 26000 1 $Iron
c **********************************
m6     13027   -1.000 $ Aluminum
c **********************************
c  SS-304 (8.00 g/cm3), #298 in PNNL Compendium
m7   006000.50c -0.0004000
     014000.60c -0.0050000
     015031.50c -0.0002300
     016000.60c -0.0001500
     024000.50c -0.1899981
     025055.60c -0.0099999
     026000.50c -0.7017229
     028000.50c -0.0924991
c ****************************************
c       LaBr detector
c ****************************************
m8       35079    -0.2946       $ Br79
         35081    -0.3069       $ Br81
         57139    -0.3485       $ La139
         58140    -0.0500       $ Ce140
c ************ air den=1.15e-3g/cc
m12     8016 -0.23
        7014 -0.77
c ************ Rubber Natural den=0.92 g/cc
m13     1001 -0.118371  $weight fraction
        6000 -0.881629
c
c end material cards
c
rand seed=8674536546524321 $different initial random #; seed# - any less 18 digits
c
c ********** begin tallies *********************
fc78 *********Broadened Pulse Height Tally Sum of Detectors 1,2 & 3 ***********
e78 0 1e-5 932i 8.4295
F78:p (101)
FT78 GEB -0.026198 0.059551 -0.037176
fc18 *********Unbroadened Pulse Height Tally Sum of Detectors 1,2 & 3 ***********
e18 0 1e-5 932i 8.4295
F18:p (101)
c ***********************************
c mplot tal 78 freq 10000
nps 1e9
