c CAS DETECTOR
c w/ Shielding in Place and Wheels
c
c CELL CARDS
c
c @@@@@@@@@@ Detectors @@@@@@@@@@@@@@@@@
c
101 8 -5.08 -21 imp:n,p 1 $LaBr Detector #1 Active Region
c
c @@@@@@@@@ Shielding @@@@@@@@@@@@@@@@@
c
121 2 -4.78 -31 imp:n,p 1 $PE_Pb
122 4 -11.29 -32 imp:n,p 1 $Pb1
123 4 -11.29 -33 imp:n,p 1 $Pb2
124 4 -11.29 -34 imp:n,p 1 $Pb3
125 4 -11.29 -35 imp:n,p 1 $Pb4
126 4 -11.29 -36 imp:n,p 1 $Pb5
127 4 -11.29 -37 imp:n,p 1 $Pb6
128 3 -1.5 -38 imp:n,p 1 $BA1
129 3 -1.5 -39 imp:n,p 1 $BA2
130 6 -2.7 -40 imp:n,p 1 $Al
131 7 -7.92 301 -302 303 -304 imp:n,p 1 $Fe-tube
132 5 -7.8 -401 imp:n,p 1 $Fe
133 5 -7.8 -402 imp:n,p 1 $Fe
c @@@@@@@@@@ Wheels @@@@@@@@@@@@@@@@@
c
21 13 -0.92 -41 42 imp:n,p 1 $Wheel 1
211 13 -0.92 -421 422 imp:n,p 1 $Wheel 1
212 13 -0.92 -423 424 imp:n,p 1 $Wheel 1
22 13 -0.92 -43 44 imp:n,p 1 $Wheel 2
221 13 -0.92 -441 442 imp:n,p 1 $Wheel 2
222 13 -0.92 -443 444 imp:n,p 1 $Wheel 2
23 13 -0.92 -45 46 imp:n,p 1 $Wheel 3
231 13 -0.92 -461 462 imp:n,p 1 $Wheel 3
232 13 -0.92 -463 464 imp:n,p 1 $Wheel 3
24 13 -0.92 -47 48 imp:n,p 1 $Wheel 4
241 13 -0.92 -481 482 imp:n,p 1 $Wheel 4
242 13 -0.92 -483 484 imp:n,p 1 $Wheel 4
c
c @@@@@@@@@@ SOIL VOLUME @@@@@@@@@@@
c
300000 400000 -2.156 20010 -20011 20020 -20021 20030 -20031 imp:n,p 1
300001 400001 -2.156 20010 -20011 20020 -20021 20031 -20032 imp:n,p 1
300002 400002 -2.156 20010 -20011 20020 -20021 20032 -20033 imp:n,p 1
300003 400003 -2.156 20010 -20011 20020 -20021 20033 -20034 imp:n,p 1
300004 400004 -2.156 20010 -20011 20020 -20021 20034 -20035 imp:n,p 1
300005 400005 -2.156 20011 -20012 20020 -20021 20030 -20031 imp:n,p 1
300006 400006 -2.156 20011 -20012 20020 -20021 20031 -20032 imp:n,p 1
300007 400007 -2.156 20011 -20012 20020 -20021 20032 -20033 imp:n,p 1
300008 400008 -2.156 20011 -20012 20020 -20021 20033 -20034 imp:n,p 1
300009 400009 -2.156 20011 -20012 20020 -20021 20034 -20035 imp:n,p 1
300010 400010 -2.156 20012 -20013 20020 -20021 20030 -20031 imp:n,p 1
300011 400011 -2.156 20012 -20013 20020 -20021 20031 -20032 imp:n,p 1
300012 400012 -2.156 20012 -20013 20020 -20021 20032 -20033 imp:n,p 1
300013 400013 -2.156 20012 -20013 20020 -20021 20033 -20034 imp:n,p 1
300014 400014 -2.156 20012 -20013 20020 -20021 20034 -20035 imp:n,p 1
300015 400015 -2.156 20013 -20014 20020 -20021 20030 -20031 imp:n,p 1
300016 400016 -2.156 20013 -20014 20020 -20021 20031 -20032 imp:n,p 1
300017 400017 -2.156 20013 -20014 20020 -20021 20032 -20033 imp:n,p 1
300018 400018 -2.156 20013 -20014 20020 -20021 20033 -20034 imp:n,p 1
300019 400019 -2.156 20013 -20014 20020 -20021 20034 -20035 imp:n,p 1
300020 400020 -2.156 20014 -20015 20020 -20021 20030 -20031 imp:n,p 1
300021 400021 -2.156 20014 -20015 20020 -20021 20031 -20032 imp:n,p 1
300022 400022 -2.156 20014 -20015 20020 -20021 20032 -20033 imp:n,p 1
300023 400023 -2.156 20014 -20015 20020 -20021 20033 -20034 imp:n,p 1
300024 400024 -2.156 20014 -20015 20020 -20021 20034 -20035 imp:n,p 1
300025 400025 -2.156 20010 -20011 20021 -20022 20030 -20031 imp:n,p 1
300026 400026 -2.156 20010 -20011 20021 -20022 20031 -20032 imp:n,p 1
300027 400027 -2.156 20010 -20011 20021 -20022 20032 -20033 imp:n,p 1
300028 400028 -2.156 20010 -20011 20021 -20022 20033 -20034 imp:n,p 1
300029 400029 -2.156 20010 -20011 20021 -20022 20034 -20035 imp:n,p 1
300030 400030 -2.156 20011 -20012 20021 -20022 20030 -20031 imp:n,p 1
300031 400031 -2.156 20011 -20012 20021 -20022 20031 -20032 imp:n,p 1
300032 400032 -2.156 20011 -20012 20021 -20022 20032 -20033 imp:n,p 1
300033 400033 -2.156 20011 -20012 20021 -20022 20033 -20034 imp:n,p 1
300034 400034 -2.156 20011 -20012 20021 -20022 20034 -20035 imp:n,p 1
300035 400035 -2.156 20012 -20013 20021 -20022 20030 -20031 imp:n,p 1
300036 400036 -2.156 20012 -20013 20021 -20022 20031 -20032 imp:n,p 1
300037 400037 -2.156 20012 -20013 20021 -20022 20032 -20033 imp:n,p 1
300038 400038 -2.156 20012 -20013 20021 -20022 20033 -20034 imp:n,p 1
300039 400039 -2.156 20012 -20013 20021 -20022 20034 -20035 imp:n,p 1
300040 400040 -2.156 20013 -20014 20021 -20022 20030 -20031 imp:n,p 1
300041 400041 -2.156 20013 -20014 20021 -20022 20031 -20032 imp:n,p 1
300042 400042 -2.156 20013 -20014 20021 -20022 20032 -20033 imp:n,p 1
300043 400043 -2.156 20013 -20014 20021 -20022 20033 -20034 imp:n,p 1
300044 400044 -2.156 20013 -20014 20021 -20022 20034 -20035 imp:n,p 1
300045 400045 -2.156 20014 -20015 20021 -20022 20030 -20031 imp:n,p 1
300046 400046 -2.156 20014 -20015 20021 -20022 20031 -20032 imp:n,p 1
300047 400047 -2.156 20014 -20015 20021 -20022 20032 -20033 imp:n,p 1
300048 400048 -2.156 20014 -20015 20021 -20022 20033 -20034 imp:n,p 1
300049 400049 -2.156 20014 -20015 20021 -20022 20034 -20035 imp:n,p 1
300050 400050 -2.156 20010 -20011 20022 -20023 20030 -20031 imp:n,p 1
300051 400051 -2.156 20010 -20011 20022 -20023 20031 -20032 imp:n,p 1
300052 400052 -2.156 20010 -20011 20022 -20023 20032 -20033 imp:n,p 1
300053 400053 -2.156 20010 -20011 20022 -20023 20033 -20034 imp:n,p 1
300054 400054 -2.156 20010 -20011 20022 -20023 20034 -20035 imp:n,p 1
300055 400055 -2.156 20011 -20012 20022 -20023 20030 -20031 imp:n,p 1
300056 400056 -2.156 20011 -20012 20022 -20023 20031 -20032 imp:n,p 1
300057 400057 -2.156 20011 -20012 20022 -20023 20032 -20033 imp:n,p 1
300058 400058 -2.156 20011 -20012 20022 -20023 20033 -20034 imp:n,p 1
300059 400059 -2.156 20011 -20012 20022 -20023 20034 -20035 imp:n,p 1
300060 400060 -2.156 20012 -20013 20022 -20023 20030 -20031 imp:n,p 1
300061 400061 -2.156 20012 -20013 20022 -20023 20031 -20032 imp:n,p 1
300062 400062 -2.156 20012 -20013 20022 -20023 20032 -20033 imp:n,p 1
300063 400063 -2.156 20012 -20013 20022 -20023 20033 -20034 imp:n,p 1
300064 400064 -2.156 20012 -20013 20022 -20023 20034 -20035 imp:n,p 1
300065 400065 -2.156 20013 -20014 20022 -20023 20030 -20031 imp:n,p 1
300066 400066 -2.156 20013 -20014 20022 -20023 20031 -20032 imp:n,p 1
300067 400067 -2.156 20013 -20014 20022 -20023 20032 -20033 imp:n,p 1
300068 400068 -2.156 20013 -20014 20022 -20023 20033 -20034 imp:n,p 1
300069 400069 -2.156 20013 -20014 20022 -20023 20034 -20035 imp:n,p 1
300070 400070 -2.156 20014 -20015 20022 -20023 20030 -20031 imp:n,p 1
300071 400071 -2.156 20014 -20015 20022 -20023 20031 -20032 imp:n,p 1
300072 400072 -2.156 20014 -20015 20022 -20023 20032 -20033 imp:n,p 1
300073 400073 -2.156 20014 -20015 20022 -20023 20033 -20034 imp:n,p 1
300074 400074 -2.156 20014 -20015 20022 -20023 20034 -20035 imp:n,p 1
300075 400075 -2.156 20010 -20011 20023 -20024 20030 -20031 imp:n,p 1
300076 400076 -2.156 20010 -20011 20023 -20024 20031 -20032 imp:n,p 1
300077 400077 -2.156 20010 -20011 20023 -20024 20032 -20033 imp:n,p 1
300078 400078 -2.156 20010 -20011 20023 -20024 20033 -20034 imp:n,p 1
300079 400079 -2.156 20010 -20011 20023 -20024 20034 -20035 imp:n,p 1
300080 400080 -2.156 20011 -20012 20023 -20024 20030 -20031 imp:n,p 1
300081 400081 -2.156 20011 -20012 20023 -20024 20031 -20032 imp:n,p 1
300082 400082 -2.156 20011 -20012 20023 -20024 20032 -20033 imp:n,p 1
300083 400083 -2.156 20011 -20012 20023 -20024 20033 -20034 imp:n,p 1
300084 400084 -2.156 20011 -20012 20023 -20024 20034 -20035 imp:n,p 1
300085 400085 -2.156 20012 -20013 20023 -20024 20030 -20031 imp:n,p 1
300086 400086 -2.156 20012 -20013 20023 -20024 20031 -20032 imp:n,p 1
300087 400087 -2.156 20012 -20013 20023 -20024 20032 -20033 imp:n,p 1
300088 400088 -2.156 20012 -20013 20023 -20024 20033 -20034 imp:n,p 1
300089 400089 -2.156 20012 -20013 20023 -20024 20034 -20035 imp:n,p 1
300090 400090 -2.156 20013 -20014 20023 -20024 20030 -20031 imp:n,p 1
300091 400091 -2.156 20013 -20014 20023 -20024 20031 -20032 imp:n,p 1
300092 400092 -2.156 20013 -20014 20023 -20024 20032 -20033 imp:n,p 1
300093 400093 -2.156 20013 -20014 20023 -20024 20033 -20034 imp:n,p 1
300094 400094 -2.156 20013 -20014 20023 -20024 20034 -20035 imp:n,p 1
300095 400095 -2.156 20014 -20015 20023 -20024 20030 -20031 imp:n,p 1
300096 400096 -2.156 20014 -20015 20023 -20024 20031 -20032 imp:n,p 1
300097 400097 -2.156 20014 -20015 20023 -20024 20032 -20033 imp:n,p 1
300098 400098 -2.156 20014 -20015 20023 -20024 20033 -20034 imp:n,p 1
300099 400099 -2.156 20014 -20015 20023 -20024 20034 -20035 imp:n,p 1
300100 400100 -2.156 20010 -20011 20024 -20025 20030 -20031 imp:n,p 1
300101 400101 -2.156 20010 -20011 20024 -20025 20031 -20032 imp:n,p 1
300102 400102 -2.156 20010 -20011 20024 -20025 20032 -20033 imp:n,p 1
300103 400103 -2.156 20010 -20011 20024 -20025 20033 -20034 imp:n,p 1
300104 400104 -2.156 20010 -20011 20024 -20025 20034 -20035 imp:n,p 1
300105 400105 -2.156 20011 -20012 20024 -20025 20030 -20031 imp:n,p 1
300106 400106 -2.156 20011 -20012 20024 -20025 20031 -20032 imp:n,p 1
300107 400107 -2.156 20011 -20012 20024 -20025 20032 -20033 imp:n,p 1
300108 400108 -2.156 20011 -20012 20024 -20025 20033 -20034 imp:n,p 1
300109 400109 -2.156 20011 -20012 20024 -20025 20034 -20035 imp:n,p 1
300110 400110 -2.156 20012 -20013 20024 -20025 20030 -20031 imp:n,p 1
300111 400111 -2.156 20012 -20013 20024 -20025 20031 -20032 imp:n,p 1
300112 400112 -2.156 20012 -20013 20024 -20025 20032 -20033 imp:n,p 1
300113 400113 -2.156 20012 -20013 20024 -20025 20033 -20034 imp:n,p 1
300114 400114 -2.156 20012 -20013 20024 -20025 20034 -20035 imp:n,p 1
300115 400115 -2.156 20013 -20014 20024 -20025 20030 -20031 imp:n,p 1
300116 400116 -2.156 20013 -20014 20024 -20025 20031 -20032 imp:n,p 1
300117 400117 -2.156 20013 -20014 20024 -20025 20032 -20033 imp:n,p 1
300118 400118 -2.156 20013 -20014 20024 -20025 20033 -20034 imp:n,p 1
300119 400119 -2.156 20013 -20014 20024 -20025 20034 -20035 imp:n,p 1
300120 400120 -2.156 20014 -20015 20024 -20025 20030 -20031 imp:n,p 1
300121 400121 -2.156 20014 -20015 20024 -20025 20031 -20032 imp:n,p 1
300122 400122 -2.156 20014 -20015 20024 -20025 20032 -20033 imp:n,p 1
300123 400123 -2.156 20014 -20015 20024 -20025 20033 -20034 imp:n,p 1
300124 400124 -2.156 20014 -20015 20024 -20025 20034 -20035 imp:n,p 1
c
30 12 -0.00129 -200 #101 #121 #122 #123 #124 #125 #126 #127 #128 #129 #130 #131 #132 #133
        #21 #211 #212 #22 #221 #222 #23 #231 #232 #24 #241 #242 #20 imp:n,p 1 $Rest of the World
31 0 200 imp:n,p 0 $Outside world

c SURFACE CARDS
c
c Sample Volume
20010 px -56.0
20011 px -33.600000000000364
20012 px -11.200000000000728
20013 px 11.200000000000728
20014 px 33.600000000000364
20015 px 56.0
20020 py -45.0
20021 py -27.0
20022 py -9.0
20023 py 9.0
20024 py 27.0
20025 py 45.0
20030 pz 92.0
20031 pz 82.0
20032 pz 72.0
20033 pz 62.0
20034 pz 52.0
20035 pz 42.0
c Active Detector Region
21 rcc 56  -5.0 -1.0   0.0 20.3 0.0   4.5 $Detector 1 Base center, Hx,Hy,Hz, radius
c Shielding Surfaces
c Shielding Pb
31 rpp 19 29 -7.5 7.5 -11 9 $PbPE xmin xmax ymin ymax zmin zmax
32 rpp 9 19 4 9 -11 9 $Pb xmin xmax ymin ymax zmin zmax
33 rpp 9 19 -9 -4 -11 9 $Pb xmin xmax ymin ymax zmin zmax
34 rpp 19 29 7.5 12.5 -11 9 $Pb xmin xmax ymin ymax zmin zmax
35 rpp 19 29 -12.5 -7.5 -11 9 $Pb xmin xmax ymin ymax zmin zmax
36 rpp 29 34 -15 15 -11 9 $Pb xmin xmax ymin ymax zmin zmax
37 rpp 9 19 -4 4 4 9 $Pb xmin xmax ymin ymax zmin zmax
38 rpp -26 26 18 28 -11 9 $BA1 xmin xmax ymin ymax zmin zmax
39 rpp -26 26 -28 -18 -11 9 $BA2 xmin xmax ymin ymax zmin zmax
40 rpp -65 65 -28 28 10 10.5 $Al xmin xmax ymin ymax zmin zmax
401 rpp -27 27 29 34 -11 9 $Fe xmin xmax ymin ymax zmin zmax
402 rpp -27 27 -34 -29 -11 9 $Fe xmin xmax ymin ymax zmin zmax
301 px -20
302 px 18
303 cx 3.71
304 cx 3.81
c Wheels Surfaces
c 23/10.5-12 turf tires, 22.6 lb rubber
c diameter 29cm, tread width 25cm, and sidewall height 13.76 cm
c set thickness of all sides 1.3 cm (s.t. weight is 22.6 lb)
41 rcc -2 77 8   0.0 25 0.0 29 $wheel 1 outer tread surface
42 rcc -2 77 8   0.0 25 0.0 27.7 $wheel 1 inner tread surface
421 rcc -2 75.7 8   0.0 1.3 0.0 29 $wheel 1 outside sidewall exterior
422 rcc -2 75.7 8   0.0 1.3 0.0 15.24 $wheel 1 outside sidewall interior
423 rcc -2 102 8   0.0 1.3 0.0 29 $wheel 1 inside sidewall exterior
424 rcc -2 102 8   0.0 1.3 0.0 15.24 $wheel 1 inside sidewall interior
43 rcc 68 77 8   0.0 25 0.0 29 $wheel 2
44 rcc 68 77 8   0.0 25 0.0 27.7
441 rcc 68 75.7 8   0.0 1.3 0.0 29
442 rcc 68 75.7 8   0.0 1.3 0.0 15.24
443 rcc 68 102 8   0.0 1.3 0.0 29
444 rcc 68 102 8   0.0 1.3 0.0 15.24
45 rcc -2 -77 8   0.0 -25 0.0 29 $wheel 3
46 rcc -2 -77 8   0.0 -25 0.0 27.7
461 rcc -2 -75.7 8   0.0 -1.3 0.0 29
462 rcc -2 -75.7 8   0.0 -1.3 0.0 15.24
463 rcc -2 -102 8   0.0 -1.3 0.0 29
464 rcc -2 -102 8   0.0 -1.3 0.0 15.24
47 rcc 68 -77 8   0.0 -25 0.0 29 $wheel 4
48 rcc 68 -77 8   0.0 -25 0.0 27.7
481 rcc 68 -75.7 8   0.0 -1.3 0.0 29
482 rcc 68 -75.7 8   0.0 -1.3 0.0 15.24
483 rcc 68 -102 8   0.0 -1.3 0.0 29
484 rcc 68 -102 8   0.0 -1.3 0.0 15.24
200 so 800    $sphere of 800cm centered at origin
c

c DATA CARDS
mode n p
c dump every hr
prdmp -60 -60 -1
c 100 keV Neutron Energy Cutoff
Cut:n 1j 0.1
c analog neutron transport
phys:n 1j 14
phys:p
sdef pos=0 0 0 erg=14.0 vec= 0 0 1 dir=d1
si1  -1 .93 1
sp1   0  0.0  1.0
c ********************
c begin material cards
c ********************
c Pure Carbon
c ****************************************
m400000 6000 -0.0007120968076258311 7000 -0.0007120968076258311 14000 -0.9985758063847483 
m400001 6000 -0.0020562504884818014 7000 -0.0020562504884818014 14000 -0.9958874990230366 
m400002 6000 -0.003844070748284895 7000 -0.003844070748284895 14000 -0.9923118585034304 
m400003 6000 -0.00619335332642246 7000 -0.00619335332642246 14000 -0.9876132933471549 
m400004 6000 -0.008089221419208665 7000 -0.008089221419208665 14000 -0.9838215571615827 
m400005 6000 -0.000505124727817607 7000 -0.000505124727817607 14000 -0.9989897505443649 
m400006 6000 -0.0022153248740870045 7000 -0.0022153248740870045 14000 -0.9955693502518258 
m400007 6000 -0.004129677062623646 7000 -0.004129677062623646 14000 -0.991740645874753 
m400008 6000 -0.0060585551516814 7000 -0.0060585551516814 14000 -0.9878828896966371 
m400009 6000 -0.008336931849783924 7000 -0.008336931849783924 14000 -0.983326136300432 
m400010 6000 -0.0006873785437947299 7000 -0.0006873785437947299 14000 -0.9986252429124104 
m400011 6000 -0.001826811326234844 7000 -0.001826811326234844 14000 -0.9963463773475302 
m400012 6000 -0.003873112434626052 7000 -0.003873112434626052 14000 -0.9922537751307478 
m400013 6000 -0.0063306681065208115 7000 -0.0063306681065208115 14000 -0.9873386637869582 
m400014 6000 -0.008081238999573127 7000 -0.008081238999573127 14000 -0.9838375220008537 
m400015 6000 -0.00032800747491420345 7000 -0.00032800747491420345 14000 -0.9993439850501715 
m400016 6000 -0.0023004103808794986 7000 -0.0023004103808794986 14000 -0.9953991792382411 
m400017 6000 -0.00408751092780317 7000 -0.00408751092780317 14000 -0.9918249781443937 
m400018 6000 -0.006128966788271699 7000 -0.006128966788271699 14000 -0.9877420664234564 
m400019 6000 -0.008382274119879464 7000 -0.008382274119879464 14000 -0.9832354517602411 
m400020 6000 -0.00047796309470298144 7000 -0.00047796309470298144 14000 -0.9990440738105939 
m400021 6000 -0.002255022382033889 7000 -0.002255022382033889 14000 -0.9954899552359323 
m400022 6000 -0.004114990516362143 7000 -0.004114990516362143 14000 -0.9917700189672759 
m400023 6000 -0.006080276049667513 7000 -0.006080276049667513 14000 -0.9878394479006647 
m400024 6000 -0.008048890305031144 7000 -0.008048890305031144 14000 -0.9839022193899377 
m400025 6000 -0.0005593518603381823 7000 -0.0005593518603381823 14000 -0.9988812962793238 
m400026 6000 -0.002069659009958968 7000 -0.002069659009958968 14000 -0.9958606819800818 
m400027 6000 -0.004150236037392826 7000 -0.004150236037392826 14000 -0.9916995279252145 
m400028 6000 -0.006229667328215702 7000 -0.006229667328215702 14000 -0.9875406653435687 
m400029 6000 -0.008559676224667006 7000 -0.008559676224667006 14000 -0.9828806475506658 
m400030 6000 -0.0006100560475346668 7000 -0.0006100560475346668 14000 -0.9987798879049309 
m400031 6000 -0.002293253429962949 7000 -0.002293253429962949 14000 -0.9954134931400742 
m400032 6000 -0.004128776548899843 7000 -0.004128776548899843 14000 -0.9917424469022004 
m400033 6000 -0.006200097485771376 7000 -0.006200097485771376 14000 -0.9875998050284573 
m400034 6000 -0.00840767612160523 7000 -0.00840767612160523 14000 -0.9831846477567895 
m400035 6000 -0.0005085970320692164 7000 -0.0005085970320692164 14000 -0.9989828059358614 
m400036 6000 -0.0019091584968778503 7000 -0.0019091584968778503 14000 -0.9961816830062443 
m400037 6000 -0.0044095753619432815 7000 -0.0044095753619432815 14000 -0.9911808492761135 
m400038 6000 -0.006038559382480205 7000 -0.006038559382480205 14000 -0.9879228812350392 
m400039 6000 -0.008309389488516838 7000 -0.008309389488516838 14000 -0.9833812210229665 
m400040 6000 -0.000546075618434316 7000 -0.000546075618434316 14000 -0.9989078487631312 
m400041 6000 -0.002050129579168405 7000 -0.002050129579168405 14000 -0.9958997408416633 
m400042 6000 -0.0040213770309961505 7000 -0.0040213770309961505 14000 -0.9919572459380076 
m400043 6000 -0.006019520048956215 7000 -0.006019520048956215 14000 -0.9879609599020877 
m400044 6000 -0.00818520671973019 7000 -0.00818520671973019 14000 -0.9836295865605397 
m400045 6000 -0.00041828723336543726 7000 -0.00041828723336543726 14000 -0.9991634255332693 
m400046 6000 -0.0023325045349504654 7000 -0.0023325045349504654 14000 -0.995334990930099 
m400047 6000 -0.004142919617738975 7000 -0.004142919617738975 14000 -0.9917141607645218 
m400048 6000 -0.00648288973366342 7000 -0.00648288973366342 14000 -0.9870342205326732 
m400049 6000 -0.007977912210871699 7000 -0.007977912210871699 14000 -0.9840441755782565 
m400050 6000 -0.0005198393678057013 7000 -0.0005198393678057013 14000 -0.9989603212643888 
m400051 6000 -0.002127807355039865 7000 -0.002127807355039865 14000 -0.9957443852899202 
m400052 6000 -0.004245648645634775 7000 -0.004245648645634775 14000 -0.9915087027087306 
m400053 6000 -0.005893397772872146 7000 -0.005893397772872146 14000 -0.9882132044542559 
m400054 6000 -0.008237932665978958 7000 -0.008237932665978958 14000 -0.9835241346680418 
m400055 6000 -0.000477749330579422 7000 -0.000477749330579422 14000 -0.9990445013388413 
m400056 6000 -0.0021549305019065183 7000 -0.0021549305019065183 14000 -0.9956901389961869 
m400057 6000 -0.003956638253844322 7000 -0.003956638253844322 14000 -0.9920867234923116 
m400058 6000 -0.006249118974043648 7000 -0.006249118974043648 14000 -0.9875017620519126 
m400059 6000 -0.008198085229614353 7000 -0.008198085229614353 14000 -0.9836038295407714 
m400060 6000 -0.0005677658688473843 7000 -0.0005677658688473843 14000 -0.9988644682623053 
m400061 6000 -0.002373115307908361 7000 -0.002373115307908361 14000 -0.9952537693841836 
m400062 6000 -0.003935745348059281 7000 -0.003935745348059281 14000 -0.9921285093038815 
m400063 6000 -0.0062570250575137475 7000 -0.0062570250575137475 14000 -0.9874859498849726 
m400064 6000 -0.008114343672279273 7000 -0.008114343672279273 14000 -0.9837713126554416 
m400065 6000 -0.0004565118677611545 7000 -0.0004565118677611545 14000 -0.9990869762644776 
m400066 6000 -0.002079784241690381 7000 -0.002079784241690381 14000 -0.9958404315166192 
m400067 6000 -0.0042667659238326446 7000 -0.0042667659238326446 14000 -0.9914664681523346 
m400068 6000 -0.006294008696068998 7000 -0.006294008696068998 14000 -0.987411982607862 
m400069 6000 -0.008422304705104145 7000 -0.008422304705104145 14000 -0.9831553905897917 
m400070 6000 -0.0005442568930252993 7000 -0.0005442568930252993 14000 -0.9989114862139494 
m400071 6000 -0.0021760666801778563 7000 -0.0021760666801778563 14000 -0.9956478666396442 
m400072 6000 -0.003812874917004475 7000 -0.003812874917004475 14000 -0.9923742501659909 
m400073 6000 -0.006347627266216452 7000 -0.006347627266216452 14000 -0.9873047454675674 
m400074 6000 -0.008154391094368475 7000 -0.008154391094368475 14000 -0.9836912178112632 
m400075 6000 -0.0005822216717940157 7000 -0.0005822216717940157 14000 -0.9988355566564121 
m400076 6000 -0.002002431863267406 7000 -0.002002431863267406 14000 -0.9959951362734651 
m400077 6000 -0.004199139804706202 7000 -0.004199139804706202 14000 -0.9916017203905872 
m400078 6000 -0.00599283128651781 7000 -0.00599283128651781 14000 -0.9880143374269648 
m400079 6000 -0.008074879767056748 7000 -0.008074879767056748 14000 -0.9838502404658864 
m400080 6000 -0.0006295631608048549 7000 -0.0006295631608048549 14000 -0.9987408736783902 
m400081 6000 -0.002047348522952275 7000 -0.002047348522952275 14000 -0.9959053029540955 
m400082 6000 -0.004158062401152967 7000 -0.004158062401152967 14000 -0.9916838751976941 
m400083 6000 -0.006024700330487913 7000 -0.006024700330487913 14000 -0.9879505993390242 
m400084 6000 -0.008265201734841928 7000 -0.008265201734841928 14000 -0.9834695965303166 
m400085 6000 -0.00048355661415896034 7000 -0.00048355661415896034 14000 -0.999032886771682 
m400086 6000 -0.0023451493411875495 7000 -0.0023451493411875495 14000 -0.995309701317625 
m400087 6000 -0.004303963926836295 7000 -0.004303963926836295 14000 -0.9913920721463275 
m400088 6000 -0.00626599761548226 7000 -0.00626599761548226 14000 -0.9874680047690357 
m400089 6000 -0.008042530176724705 7000 -0.008042530176724705 14000 -0.9839149396465504 
m400090 6000 -0.0007141546872838131 7000 -0.0007141546872838131 14000 -0.9985716906254322 
m400091 6000 -0.0022615795890414724 7000 -0.0022615795890414724 14000 -0.9954768408219169 
m400092 6000 -0.0041400718936911475 7000 -0.0041400718936911475 14000 -0.9917198562126179 
m400093 6000 -0.00621554259850836 7000 -0.00621554259850836 14000 -0.9875689148029836 
m400094 6000 -0.008111462836829682 7000 -0.008111462836829682 14000 -0.9837770743263409 
m400095 6000 -0.0005367529060929933 7000 -0.0005367529060929933 14000 -0.9989264941878142 
m400096 6000 -0.002270146727277732 7000 -0.002270146727277732 14000 -0.9954597065454442 
m400097 6000 -0.003879763217832816 7000 -0.003879763217832816 14000 -0.9922404735643343 
m400098 6000 -0.005807657061093875 7000 -0.005807657061093875 14000 -0.988384685877812 
m400099 6000 -0.008191213218536829 7000 -0.008191213218536829 14000 -0.9836175735629261 
m400100 6000 -0.0005801058763787828 7000 -0.0005801058763787828 14000 -0.9988397882472423 
m400101 6000 -0.0021547256788895697 7000 -0.0021547256788895697 14000 -0.9956905486422211 
m400102 6000 -0.003865244791403984 7000 -0.003865244791403984 14000 -0.992269510417192 
m400103 6000 -0.005934077912784325 7000 -0.005934077912784325 14000 -0.9881318441744312 
m400104 6000 -0.00809577107655929 7000 -0.00809577107655929 14000 -0.9838084578468812 
m400105 6000 -0.0005977961168389951 7000 -0.0005977961168389951 14000 -0.9988044077663218 
m400106 6000 -0.0021927845729246614 7000 -0.0021927845729246614 14000 -0.9956144308541505 
m400107 6000 -0.0040663611193891645 7000 -0.0040663611193891645 14000 -0.9918672777612215 
m400108 6000 -0.006229834119416151 7000 -0.006229834119416151 14000 -0.9875403317611676 
m400109 6000 -0.008027306814327465 7000 -0.008027306814327465 14000 -0.983945386371345 
m400110 6000 -0.0006588932954133031 7000 -0.0006588932954133031 14000 -0.9986822134091736 
m400111 6000 -0.002254263418577964 7000 -0.002254263418577964 14000 -0.9954914731628438 
m400112 6000 -0.004077587815983316 7000 -0.004077587815983316 14000 -0.9918448243680335 
m400113 6000 -0.0060664379934132736 7000 -0.0060664379934132736 14000 -0.9878671240131733 
m400114 6000 -0.008378349371572044 7000 -0.008378349371572044 14000 -0.9832433012568557 
m400115 6000 -0.000501115110457697 7000 -0.000501115110457697 14000 -0.9989977697790846 
m400116 6000 -0.0020400971421335257 7000 -0.0020400971421335257 14000 -0.9959198057157327 
m400117 6000 -0.004069766444478528 7000 -0.004069766444478528 14000 -0.9918604671110431 
m400118 6000 -0.0061800466455147465 7000 -0.0061800466455147465 14000 -0.9876399067089708 
m400119 6000 -0.007981934469566325 7000 -0.007981934469566325 14000 -0.9840361310608675 
m400120 6000 -0.00047769554010891976 7000 -0.00047769554010891976 14000 -0.9990446089197821 
m400121 6000 -0.0021186417974677686 7000 -0.0021186417974677686 14000 -0.9957627164050645 
m400122 6000 -0.004001405367600047 7000 -0.004001405367600047 14000 -0.9919971892648001 
m400123 6000 -0.006296066149309576 7000 -0.006296066149309576 14000 -0.987407867701381 
m400124 6000 -0.00821326369038246 7000 -0.00821326369038246 14000 -0.9835734726192349 
c **********************************
c PE+Pb, dens=4.78 g/cm3
m2      6000    -0.04286 $Carbon
        1001    -0.00714 $Hydrogen
        82000   -0.95000 $Lead
c **********************************
m3    1001 -0.048535 $Boric acid
      5010 -0.034981
      5011 -0.139923
      8016 -0.776561
c **********************************
m4    82000 1 $Lead
c **********************************
m5 26000 1 $Iron
c **********************************
m6     13027   -1.000 $ Aluminum
c **********************************
c  SS-304 (8.00 g/cm3), #298 in PNNL Compendium
m7   006000.50c -0.0004000
     014000.60c -0.0050000
     015031.50c -0.0002300
     016000.60c -0.0001500
     024000.50c -0.1899981
     025055.60c -0.0099999
     026000.50c -0.7017229
     028000.50c -0.0924991
c ****************************************
c       LaBr detector
c ****************************************
m8       35079    -0.2946       $ Br79
         35081    -0.3069       $ Br81
         57139    -0.3485       $ La139
         58140    -0.0500       $ Ce140
c ************ air den=1.15e-3g/cc
m12     8016 -0.23
        7014 -0.77
c ************ Rubber Natural den=0.92 g/cc
m13     1001 -0.118371  $weight fraction
        6000 -0.881629
c
c end material cards
c
rand seed=8674536546524321 $different initial random #; seed# - any less 18 digits
c
c ********** begin tallies *********************
fc78 *********Broadened Pulse Height Tally Sum of Detectors 1,2 & 3 ***********
e78 0 1e-5 932i 8.4295
F78:p (101)
FT78 GEB -0.026198 0.059551 -0.037176
fc18 *********Unbroadened Pulse Height Tally Sum of Detectors 1,2 & 3 ***********
e18 0 1e-5 932i 8.4295
F18:p (101)
c ***********************************
c mplot tal 78 freq 10000
nps 1e9
