c CAS DETECTOR
c w/ Shielding in Place and Wheels
c
c CELL CARDS
c
c @@@@@@@@@@ Detectors @@@@@@@@@@@@@@@@@
c
101 8 -5.08 -21 imp:n,p 1 $LaBr Detector #1 Active Region
c
c @@@@@@@@@ Shielding @@@@@@@@@@@@@@@@@
c
121 2 -4.78 -31 imp:n,p 1 $PE_Pb
122 4 -11.29 -32 imp:n,p 1 $Pb1
123 4 -11.29 -33 imp:n,p 1 $Pb2
124 4 -11.29 -34 imp:n,p 1 $Pb3
125 4 -11.29 -35 imp:n,p 1 $Pb4
126 4 -11.29 -36 imp:n,p 1 $Pb5
127 4 -11.29 -37 imp:n,p 1 $Pb6
128 3 -1.5 -38 imp:n,p 1 $BA1
129 3 -1.5 -39 imp:n,p 1 $BA2
130 6 -2.7 -40 imp:n,p 1 $Al
131 7 -7.92 301 -302 303 -304 imp:n,p 1 $Fe-tube
132 5 -7.8 -401 imp:n,p 1 $Fe
133 5 -7.8 -402 imp:n,p 1 $Fe
c @@@@@@@@@@ Wheels @@@@@@@@@@@@@@@@@
c
21 13 -0.92 -41 42 imp:n,p 1 $Wheel 1
211 13 -0.92 -421 422 imp:n,p 1 $Wheel 1
212 13 -0.92 -423 424 imp:n,p 1 $Wheel 1
22 13 -0.92 -43 44 imp:n,p 1 $Wheel 2
221 13 -0.92 -441 442 imp:n,p 1 $Wheel 2
222 13 -0.92 -443 444 imp:n,p 1 $Wheel 2
23 13 -0.92 -45 46 imp:n,p 1 $Wheel 3
231 13 -0.92 -461 462 imp:n,p 1 $Wheel 3
232 13 -0.92 -463 464 imp:n,p 1 $Wheel 3
24 13 -0.92 -47 48 imp:n,p 1 $Wheel 4
241 13 -0.92 -481 482 imp:n,p 1 $Wheel 4
242 13 -0.92 -483 484 imp:n,p 1 $Wheel 4
c
c @@@@@@@@@@ SOIL VOLUME @@@@@@@@@@@
c
300000 400000 -2.156 20010 -20011 20020 -20021 20030 -20031 imp:n,p 1
300001 400001 -2.156 20010 -20011 20020 -20021 20031 -20032 imp:n,p 1
300002 400002 -2.156 20010 -20011 20020 -20021 20032 -20033 imp:n,p 1
300003 400003 -2.156 20010 -20011 20020 -20021 20033 -20034 imp:n,p 1
300004 400004 -2.156 20010 -20011 20020 -20021 20034 -20035 imp:n,p 1
300005 400005 -2.156 20011 -20012 20020 -20021 20030 -20031 imp:n,p 1
300006 400006 -2.156 20011 -20012 20020 -20021 20031 -20032 imp:n,p 1
300007 400007 -2.156 20011 -20012 20020 -20021 20032 -20033 imp:n,p 1
300008 400008 -2.156 20011 -20012 20020 -20021 20033 -20034 imp:n,p 1
300009 400009 -2.156 20011 -20012 20020 -20021 20034 -20035 imp:n,p 1
300010 400010 -2.156 20012 -20013 20020 -20021 20030 -20031 imp:n,p 1
300011 400011 -2.156 20012 -20013 20020 -20021 20031 -20032 imp:n,p 1
300012 400012 -2.156 20012 -20013 20020 -20021 20032 -20033 imp:n,p 1
300013 400013 -2.156 20012 -20013 20020 -20021 20033 -20034 imp:n,p 1
300014 400014 -2.156 20012 -20013 20020 -20021 20034 -20035 imp:n,p 1
300015 400015 -2.156 20013 -20014 20020 -20021 20030 -20031 imp:n,p 1
300016 400016 -2.156 20013 -20014 20020 -20021 20031 -20032 imp:n,p 1
300017 400017 -2.156 20013 -20014 20020 -20021 20032 -20033 imp:n,p 1
300018 400018 -2.156 20013 -20014 20020 -20021 20033 -20034 imp:n,p 1
300019 400019 -2.156 20013 -20014 20020 -20021 20034 -20035 imp:n,p 1
300020 400020 -2.156 20014 -20015 20020 -20021 20030 -20031 imp:n,p 1
300021 400021 -2.156 20014 -20015 20020 -20021 20031 -20032 imp:n,p 1
300022 400022 -2.156 20014 -20015 20020 -20021 20032 -20033 imp:n,p 1
300023 400023 -2.156 20014 -20015 20020 -20021 20033 -20034 imp:n,p 1
300024 400024 -2.156 20014 -20015 20020 -20021 20034 -20035 imp:n,p 1
300025 400025 -2.156 20010 -20011 20021 -20022 20030 -20031 imp:n,p 1
300026 400026 -2.156 20010 -20011 20021 -20022 20031 -20032 imp:n,p 1
300027 400027 -2.156 20010 -20011 20021 -20022 20032 -20033 imp:n,p 1
300028 400028 -2.156 20010 -20011 20021 -20022 20033 -20034 imp:n,p 1
300029 400029 -2.156 20010 -20011 20021 -20022 20034 -20035 imp:n,p 1
300030 400030 -2.156 20011 -20012 20021 -20022 20030 -20031 imp:n,p 1
300031 400031 -2.156 20011 -20012 20021 -20022 20031 -20032 imp:n,p 1
300032 400032 -2.156 20011 -20012 20021 -20022 20032 -20033 imp:n,p 1
300033 400033 -2.156 20011 -20012 20021 -20022 20033 -20034 imp:n,p 1
300034 400034 -2.156 20011 -20012 20021 -20022 20034 -20035 imp:n,p 1
300035 400035 -2.156 20012 -20013 20021 -20022 20030 -20031 imp:n,p 1
300036 400036 -2.156 20012 -20013 20021 -20022 20031 -20032 imp:n,p 1
300037 400037 -2.156 20012 -20013 20021 -20022 20032 -20033 imp:n,p 1
300038 400038 -2.156 20012 -20013 20021 -20022 20033 -20034 imp:n,p 1
300039 400039 -2.156 20012 -20013 20021 -20022 20034 -20035 imp:n,p 1
300040 400040 -2.156 20013 -20014 20021 -20022 20030 -20031 imp:n,p 1
300041 400041 -2.156 20013 -20014 20021 -20022 20031 -20032 imp:n,p 1
300042 400042 -2.156 20013 -20014 20021 -20022 20032 -20033 imp:n,p 1
300043 400043 -2.156 20013 -20014 20021 -20022 20033 -20034 imp:n,p 1
300044 400044 -2.156 20013 -20014 20021 -20022 20034 -20035 imp:n,p 1
300045 400045 -2.156 20014 -20015 20021 -20022 20030 -20031 imp:n,p 1
300046 400046 -2.156 20014 -20015 20021 -20022 20031 -20032 imp:n,p 1
300047 400047 -2.156 20014 -20015 20021 -20022 20032 -20033 imp:n,p 1
300048 400048 -2.156 20014 -20015 20021 -20022 20033 -20034 imp:n,p 1
300049 400049 -2.156 20014 -20015 20021 -20022 20034 -20035 imp:n,p 1
300050 400050 -2.156 20010 -20011 20022 -20023 20030 -20031 imp:n,p 1
300051 400051 -2.156 20010 -20011 20022 -20023 20031 -20032 imp:n,p 1
300052 400052 -2.156 20010 -20011 20022 -20023 20032 -20033 imp:n,p 1
300053 400053 -2.156 20010 -20011 20022 -20023 20033 -20034 imp:n,p 1
300054 400054 -2.156 20010 -20011 20022 -20023 20034 -20035 imp:n,p 1
300055 400055 -2.156 20011 -20012 20022 -20023 20030 -20031 imp:n,p 1
300056 400056 -2.156 20011 -20012 20022 -20023 20031 -20032 imp:n,p 1
300057 400057 -2.156 20011 -20012 20022 -20023 20032 -20033 imp:n,p 1
300058 400058 -2.156 20011 -20012 20022 -20023 20033 -20034 imp:n,p 1
300059 400059 -2.156 20011 -20012 20022 -20023 20034 -20035 imp:n,p 1
300060 400060 -2.156 20012 -20013 20022 -20023 20030 -20031 imp:n,p 1
300061 400061 -2.156 20012 -20013 20022 -20023 20031 -20032 imp:n,p 1
300062 400062 -2.156 20012 -20013 20022 -20023 20032 -20033 imp:n,p 1
300063 400063 -2.156 20012 -20013 20022 -20023 20033 -20034 imp:n,p 1
300064 400064 -2.156 20012 -20013 20022 -20023 20034 -20035 imp:n,p 1
300065 400065 -2.156 20013 -20014 20022 -20023 20030 -20031 imp:n,p 1
300066 400066 -2.156 20013 -20014 20022 -20023 20031 -20032 imp:n,p 1
300067 400067 -2.156 20013 -20014 20022 -20023 20032 -20033 imp:n,p 1
300068 400068 -2.156 20013 -20014 20022 -20023 20033 -20034 imp:n,p 1
300069 400069 -2.156 20013 -20014 20022 -20023 20034 -20035 imp:n,p 1
300070 400070 -2.156 20014 -20015 20022 -20023 20030 -20031 imp:n,p 1
300071 400071 -2.156 20014 -20015 20022 -20023 20031 -20032 imp:n,p 1
300072 400072 -2.156 20014 -20015 20022 -20023 20032 -20033 imp:n,p 1
300073 400073 -2.156 20014 -20015 20022 -20023 20033 -20034 imp:n,p 1
300074 400074 -2.156 20014 -20015 20022 -20023 20034 -20035 imp:n,p 1
300075 400075 -2.156 20010 -20011 20023 -20024 20030 -20031 imp:n,p 1
300076 400076 -2.156 20010 -20011 20023 -20024 20031 -20032 imp:n,p 1
300077 400077 -2.156 20010 -20011 20023 -20024 20032 -20033 imp:n,p 1
300078 400078 -2.156 20010 -20011 20023 -20024 20033 -20034 imp:n,p 1
300079 400079 -2.156 20010 -20011 20023 -20024 20034 -20035 imp:n,p 1
300080 400080 -2.156 20011 -20012 20023 -20024 20030 -20031 imp:n,p 1
300081 400081 -2.156 20011 -20012 20023 -20024 20031 -20032 imp:n,p 1
300082 400082 -2.156 20011 -20012 20023 -20024 20032 -20033 imp:n,p 1
300083 400083 -2.156 20011 -20012 20023 -20024 20033 -20034 imp:n,p 1
300084 400084 -2.156 20011 -20012 20023 -20024 20034 -20035 imp:n,p 1
300085 400085 -2.156 20012 -20013 20023 -20024 20030 -20031 imp:n,p 1
300086 400086 -2.156 20012 -20013 20023 -20024 20031 -20032 imp:n,p 1
300087 400087 -2.156 20012 -20013 20023 -20024 20032 -20033 imp:n,p 1
300088 400088 -2.156 20012 -20013 20023 -20024 20033 -20034 imp:n,p 1
300089 400089 -2.156 20012 -20013 20023 -20024 20034 -20035 imp:n,p 1
300090 400090 -2.156 20013 -20014 20023 -20024 20030 -20031 imp:n,p 1
300091 400091 -2.156 20013 -20014 20023 -20024 20031 -20032 imp:n,p 1
300092 400092 -2.156 20013 -20014 20023 -20024 20032 -20033 imp:n,p 1
300093 400093 -2.156 20013 -20014 20023 -20024 20033 -20034 imp:n,p 1
300094 400094 -2.156 20013 -20014 20023 -20024 20034 -20035 imp:n,p 1
300095 400095 -2.156 20014 -20015 20023 -20024 20030 -20031 imp:n,p 1
300096 400096 -2.156 20014 -20015 20023 -20024 20031 -20032 imp:n,p 1
300097 400097 -2.156 20014 -20015 20023 -20024 20032 -20033 imp:n,p 1
300098 400098 -2.156 20014 -20015 20023 -20024 20033 -20034 imp:n,p 1
300099 400099 -2.156 20014 -20015 20023 -20024 20034 -20035 imp:n,p 1
300100 400100 -2.156 20010 -20011 20024 -20025 20030 -20031 imp:n,p 1
300101 400101 -2.156 20010 -20011 20024 -20025 20031 -20032 imp:n,p 1
300102 400102 -2.156 20010 -20011 20024 -20025 20032 -20033 imp:n,p 1
300103 400103 -2.156 20010 -20011 20024 -20025 20033 -20034 imp:n,p 1
300104 400104 -2.156 20010 -20011 20024 -20025 20034 -20035 imp:n,p 1
300105 400105 -2.156 20011 -20012 20024 -20025 20030 -20031 imp:n,p 1
300106 400106 -2.156 20011 -20012 20024 -20025 20031 -20032 imp:n,p 1
300107 400107 -2.156 20011 -20012 20024 -20025 20032 -20033 imp:n,p 1
300108 400108 -2.156 20011 -20012 20024 -20025 20033 -20034 imp:n,p 1
300109 400109 -2.156 20011 -20012 20024 -20025 20034 -20035 imp:n,p 1
300110 400110 -2.156 20012 -20013 20024 -20025 20030 -20031 imp:n,p 1
300111 400111 -2.156 20012 -20013 20024 -20025 20031 -20032 imp:n,p 1
300112 400112 -2.156 20012 -20013 20024 -20025 20032 -20033 imp:n,p 1
300113 400113 -2.156 20012 -20013 20024 -20025 20033 -20034 imp:n,p 1
300114 400114 -2.156 20012 -20013 20024 -20025 20034 -20035 imp:n,p 1
300115 400115 -2.156 20013 -20014 20024 -20025 20030 -20031 imp:n,p 1
300116 400116 -2.156 20013 -20014 20024 -20025 20031 -20032 imp:n,p 1
300117 400117 -2.156 20013 -20014 20024 -20025 20032 -20033 imp:n,p 1
300118 400118 -2.156 20013 -20014 20024 -20025 20033 -20034 imp:n,p 1
300119 400119 -2.156 20013 -20014 20024 -20025 20034 -20035 imp:n,p 1
300120 400120 -2.156 20014 -20015 20024 -20025 20030 -20031 imp:n,p 1
300121 400121 -2.156 20014 -20015 20024 -20025 20031 -20032 imp:n,p 1
300122 400122 -2.156 20014 -20015 20024 -20025 20032 -20033 imp:n,p 1
300123 400123 -2.156 20014 -20015 20024 -20025 20033 -20034 imp:n,p 1
300124 400124 -2.156 20014 -20015 20024 -20025 20034 -20035 imp:n,p 1
c
30 12 -0.00129 -200 #101 #121 #122 #123 #124 #125 #126 #127 #128 #129 #130 #131 #132 #133
        #21 #211 #212 #22 #221 #222 #23 #231 #232 #24 #241 #242 #20 imp:n,p 1 $Rest of the World
31 0 200 imp:n,p 0 $Outside world

c SURFACE CARDS
c
c Sample Volume
20010 px -56.0
20011 px -33.600000000000364
20012 px -11.199999999999818
20013 px 11.199999999999818
20014 px 33.600000000000364
20015 px 56.0
20020 py -45.0
20021 py -27.0
20022 py -9.0
20023 py 9.0
20024 py 27.0
20025 py 45.0
20030 pz 92.0
20031 pz 82.0
20032 pz 72.0
20033 pz 62.0
20034 pz 52.0
20035 pz 42.0
c Active Detector Region
21 rcc 56  -5.0 -1.0   0.0 20.3 0.0   4.5 $Detector 1 Base center, Hx,Hy,Hz, radius
c Shielding Surfaces
c Shielding Pb
31 rpp 19 29 -7.5 7.5 -11 9 $PbPE xmin xmax ymin ymax zmin zmax
32 rpp 9 19 4 9 -11 9 $Pb xmin xmax ymin ymax zmin zmax
33 rpp 9 19 -9 -4 -11 9 $Pb xmin xmax ymin ymax zmin zmax
34 rpp 19 29 7.5 12.5 -11 9 $Pb xmin xmax ymin ymax zmin zmax
35 rpp 19 29 -12.5 -7.5 -11 9 $Pb xmin xmax ymin ymax zmin zmax
36 rpp 29 34 -15 15 -11 9 $Pb xmin xmax ymin ymax zmin zmax
37 rpp 9 19 -4 4 4 9 $Pb xmin xmax ymin ymax zmin zmax
38 rpp -26 26 18 28 -11 9 $BA1 xmin xmax ymin ymax zmin zmax
39 rpp -26 26 -28 -18 -11 9 $BA2 xmin xmax ymin ymax zmin zmax
40 rpp -65 65 -28 28 10 10.5 $Al xmin xmax ymin ymax zmin zmax
401 rpp -27 27 29 34 -11 9 $Fe xmin xmax ymin ymax zmin zmax
402 rpp -27 27 -34 -29 -11 9 $Fe xmin xmax ymin ymax zmin zmax
301 px -20
302 px 18
303 cx 3.71
304 cx 3.81
c Wheels Surfaces
c 23/10.5-12 turf tires, 22.6 lb rubber
c diameter 29cm, tread width 25cm, and sidewall height 13.76 cm
c set thickness of all sides 1.3 cm (s.t. weight is 22.6 lb)
41 rcc -2 77 8   0.0 25 0.0 29 $wheel 1 outer tread surface
42 rcc -2 77 8   0.0 25 0.0 27.7 $wheel 1 inner tread surface
421 rcc -2 75.7 8   0.0 1.3 0.0 29 $wheel 1 outside sidewall exterior
422 rcc -2 75.7 8   0.0 1.3 0.0 15.24 $wheel 1 outside sidewall interior
423 rcc -2 102 8   0.0 1.3 0.0 29 $wheel 1 inside sidewall exterior
424 rcc -2 102 8   0.0 1.3 0.0 15.24 $wheel 1 inside sidewall interior
43 rcc 68 77 8   0.0 25 0.0 29 $wheel 2
44 rcc 68 77 8   0.0 25 0.0 27.7
441 rcc 68 75.7 8   0.0 1.3 0.0 29
442 rcc 68 75.7 8   0.0 1.3 0.0 15.24
443 rcc 68 102 8   0.0 1.3 0.0 29
444 rcc 68 102 8   0.0 1.3 0.0 15.24
45 rcc -2 -77 8   0.0 -25 0.0 29 $wheel 3
46 rcc -2 -77 8   0.0 -25 0.0 27.7
461 rcc -2 -75.7 8   0.0 -1.3 0.0 29
462 rcc -2 -75.7 8   0.0 -1.3 0.0 15.24
463 rcc -2 -102 8   0.0 -1.3 0.0 29
464 rcc -2 -102 8   0.0 -1.3 0.0 15.24
47 rcc 68 -77 8   0.0 -25 0.0 29 $wheel 4
48 rcc 68 -77 8   0.0 -25 0.0 27.7
481 rcc 68 -75.7 8   0.0 -1.3 0.0 29
482 rcc 68 -75.7 8   0.0 -1.3 0.0 15.24
483 rcc 68 -102 8   0.0 -1.3 0.0 29
484 rcc 68 -102 8   0.0 -1.3 0.0 15.24
200 so 800    $sphere of 800cm centered at origin
c

c DATA CARDS
mode n p
c dump every hr
prdmp -60 -60 -1
c 100 keV Neutron Energy Cutoff
Cut:n 1j 0.1
c analog neutron transport
phys:n 1j 14
phys:p
sdef pos=0 0 0 erg=14.0 vec= 0 0 1 dir=d1
si1  -1 .93 1
sp1   0  0.0  1.0
c ********************
c begin material cards
c ********************
c Pure Carbon
c ****************************************
m400000 6000 -0.0006058589991490177 7000 -0.0006058589991490177 14000 -0.9987882820017022 
m400001 6000 -0.001959591179391074 7000 -0.001959591179391074 14000 -0.9960808176412178 
m400002 6000 -0.0037445839807085718 7000 -0.0037445839807085718 14000 -0.992510832038583 
m400003 6000 -0.005677833008662651 7000 -0.005677833008662651 14000 -0.9886443339826745 
m400004 6000 -0.007916672299532768 7000 -0.007916672299532768 14000 -0.9841666554009343 
m400005 6000 -0.0005811204394156584 7000 -0.0005811204394156584 14000 -0.9988377591211685 
m400006 6000 -0.0018828646922632098 7000 -0.0018828646922632098 14000 -0.9962342706154736 
m400007 6000 -0.003794326721808067 7000 -0.003794326721808067 14000 -0.9924113465563841 
m400008 6000 -0.005749360737251824 7000 -0.005749360737251824 14000 -0.9885012785254963 
m400009 6000 -0.008073779224642417 7000 -0.008073779224642417 14000 -0.9838524415507152 
m400010 6000 -0.0006722018094168658 7000 -0.0006722018094168658 14000 -0.9986555963811661 
m400011 6000 -0.0018623423927476034 7000 -0.0018623423927476034 14000 -0.9962753152145051 
m400012 6000 -0.004109102050103346 7000 -0.004109102050103346 14000 -0.9917817958997932 
m400013 6000 -0.0058563858826026225 7000 -0.0058563858826026225 14000 -0.9882872282347951 
m400014 6000 -0.007879375806137057 7000 -0.007879375806137057 14000 -0.9842412483877261 
m400015 6000 -0.0004945500713304465 7000 -0.0004945500713304465 14000 -0.999010899857339 
m400016 6000 -0.002206750085173312 7000 -0.002206750085173312 14000 -0.9955864998296532 
m400017 6000 -0.004177568449426525 7000 -0.004177568449426525 14000 -0.9916448631011469 
m400018 6000 -0.005875247607541808 7000 -0.005875247607541808 14000 -0.988249504784916 
m400019 6000 -0.007610760252460686 7000 -0.007610760252460686 14000 -0.9847784794950782 
m400020 6000 -0.0006333312656746118 7000 -0.0006333312656746118 14000 -0.9987333374686506 
m400021 6000 -0.0017292700462745237 7000 -0.0017292700462745237 14000 -0.996541459907451 
m400022 6000 -0.003909001723036289 7000 -0.003909001723036289 14000 -0.9921819965539275 
m400023 6000 -0.006029486564039015 7000 -0.006029486564039015 14000 -0.9879410268719215 
m400024 6000 -0.007905308142853822 7000 -0.007905308142853822 14000 -0.9841893837142927 
m400025 6000 -0.0006157169654995755 7000 -0.0006157169654995755 14000 -0.9987685660690008 
m400026 6000 -0.0018814242878314456 7000 -0.0018814242878314456 14000 -0.996237151424337 
m400027 6000 -0.004048689009621282 7000 -0.004048689009621282 14000 -0.9919026219807576 
m400028 6000 -0.005972839016640299 7000 -0.005972839016640299 14000 -0.9880543219667193 
m400029 6000 -0.007969653853382557 7000 -0.007969653853382557 14000 -0.9840606922932351 
m400030 6000 -0.0005899337756714244 7000 -0.0005899337756714244 14000 -0.9988201324486572 
m400031 6000 -0.001944037706520013 7000 -0.001944037706520013 14000 -0.99611192458696 
m400032 6000 -0.0038681615907573525 7000 -0.0038681615907573525 14000 -0.9922636768184853 
m400033 6000 -0.005775593639182798 7000 -0.005775593639182798 14000 -0.9884488127216344 
m400034 6000 -0.007884976128431555 7000 -0.007884976128431555 14000 -0.9842300477431369 
m400035 6000 -0.00045662536369893864 7000 -0.00045662536369893864 14000 -0.9990867492726022 
m400036 6000 -0.0019471255342207452 7000 -0.0019471255342207452 14000 -0.9961057489315586 
m400037 6000 -0.003865709779681355 7000 -0.003865709779681355 14000 -0.9922685804406371 
m400038 6000 -0.005878503566177256 7000 -0.005878503566177256 14000 -0.9882429928676453 
m400039 6000 -0.007893781696764716 7000 -0.007893781696764716 14000 -0.9842124366064706 
m400040 6000 -0.00042157233692160395 7000 -0.00042157233692160395 14000 -0.9991568553261564 
m400041 6000 -0.001665073040131739 7000 -0.001665073040131739 14000 -0.9966698539197364 
m400042 6000 -0.004132613233884258 7000 -0.004132613233884258 14000 -0.991734773532231 
m400043 6000 -0.005908580464907079 7000 -0.005908580464907079 14000 -0.988182839070186 
m400044 6000 -0.007712201030458562 7000 -0.007712201030458562 14000 -0.9845755979390828 
m400045 6000 -0.00037524553658092657 7000 -0.00037524553658092657 14000 -0.9992495089268381 
m400046 6000 -0.0016726662771911374 7000 -0.0016726662771911374 14000 -0.9966546674456176 
m400047 6000 -0.004129148237441178 7000 -0.004129148237441178 14000 -0.9917417035251177 
m400048 6000 -0.006248506792382962 7000 -0.006248506792382962 14000 -0.9875029864152343 
m400049 6000 -0.007957215637382354 7000 -0.007957215637382354 14000 -0.9840855687252352 
m400050 6000 -0.0004338443075016132 7000 -0.0004338443075016132 14000 -0.9991323113849968 
m400051 6000 -0.0019404139097854505 7000 -0.0019404139097854505 14000 -0.9961191721804289 
m400052 6000 -0.003586423642048648 7000 -0.003586423642048648 14000 -0.9928271527159025 
m400053 6000 -0.005737595570488272 7000 -0.005737595570488272 14000 -0.9885248088590234 
m400054 6000 -0.008035045974198829 7000 -0.008035045974198829 14000 -0.9839299080516022 
m400055 6000 -0.0002904066199470128 7000 -0.0002904066199470128 14000 -0.9994191867601059 
m400056 6000 -0.0014189897207602903 7000 -0.0014189897207602903 14000 -0.9971620205584791 
m400057 6000 -0.0035322721127628177 7000 -0.0035322721127628177 14000 -0.9929354557744742 
m400058 6000 -0.0060145158225897175 7000 -0.0060145158225897175 14000 -0.9879709683548203 
m400059 6000 -0.008039888773773929 7000 -0.008039888773773929 14000 -0.9839202224524523 
m400060 6000 -0.0003918691683366513 7000 -0.0003918691683366513 14000 -0.9992162616633267 
m400061 6000 -0.0016037315971276968 7000 -0.0016037315971276968 14000 -0.9967925368057444 
m400062 6000 -0.0038736301475167895 7000 -0.0038736301475167895 14000 -0.9922527397049662 
m400063 6000 -0.006058178931894732 7000 -0.006058178931894732 14000 -0.9878836421362104 
m400064 6000 -0.007705208767790858 7000 -0.007705208767790858 14000 -0.9845895824644182 
m400065 6000 -0.0004861563373324694 7000 -0.0004861563373324694 14000 -0.999027687325335 
m400066 6000 -0.0016113680304100026 7000 -0.0016113680304100026 14000 -0.9967772639391801 
m400067 6000 -0.004217203097486452 7000 -0.004217203097486452 14000 -0.991565593805027 
m400068 6000 -0.005863219859002766 7000 -0.005863219859002766 14000 -0.9882735602819946 
m400069 6000 -0.00782136006295134 7000 -0.00782136006295134 14000 -0.9843572798740974 
m400070 6000 -0.0005326759969124462 7000 -0.0005326759969124462 14000 -0.9989346480061753 
m400071 6000 -0.0018167643929611096 7000 -0.0018167643929611096 14000 -0.996366471214078 
m400072 6000 -0.004079973121190401 7000 -0.004079973121190401 14000 -0.9918400537576194 
m400073 6000 -0.005707723397800132 7000 -0.005707723397800132 14000 -0.9885845532043998 
m400074 6000 -0.007825765053513678 7000 -0.007825765053513678 14000 -0.9843484698929728 
m400075 6000 -0.00041114644824776013 7000 -0.00041114644824776013 14000 -0.9991777071035044 
m400076 6000 -0.001973493926229506 7000 -0.001973493926229506 14000 -0.9960530121475408 
m400077 6000 -0.0038957545466071124 7000 -0.0038957545466071124 14000 -0.9922084909067856 
m400078 6000 -0.005846672655945734 7000 -0.005846672655945734 14000 -0.9883066546881085 
m400079 6000 -0.007850020106957125 7000 -0.007850020106957125 14000 -0.9842999597860859 
m400080 6000 -0.00039787247942897245 7000 -0.00039787247942897245 14000 -0.9992042550411421 
m400081 6000 -0.001865461022707172 7000 -0.001865461022707172 14000 -0.996269077954586 
m400082 6000 -0.003920108412085096 7000 -0.003920108412085096 14000 -0.9921597831758298 
m400083 6000 -0.006040052310709314 7000 -0.006040052310709314 14000 -0.987919895378581 
m400084 6000 -0.007729845994003357 7000 -0.007729845994003357 14000 -0.9845403080119932 
m400085 6000 -0.0004900526137161779 7000 -0.0004900526137161779 14000 -0.9990198947725675 
m400086 6000 -0.0018668446578133397 7000 -0.0018668446578133397 14000 -0.9962663106843733 
m400087 6000 -0.0040728660206003145 7000 -0.0040728660206003145 14000 -0.991854267958799 
m400088 6000 -0.006213469201601306 7000 -0.006213469201601306 14000 -0.9875730615967977 
m400089 6000 -0.007731606865345995 7000 -0.007731606865345995 14000 -0.984536786269308 
m400090 6000 -0.0004302146431448729 7000 -0.0004302146431448729 14000 -0.9991395707137103 
m400091 6000 -0.001961361586785183 7000 -0.001961361586785183 14000 -0.9960772768264295 
m400092 6000 -0.004207908397452761 7000 -0.004207908397452761 14000 -0.9915841832050944 
m400093 6000 -0.005978399599338143 7000 -0.005978399599338143 14000 -0.9880432008013236 
m400094 6000 -0.007566841084779983 7000 -0.007566841084779983 14000 -0.9848663178304403 
m400095 6000 -0.0005179536333128553 7000 -0.0005179536333128553 14000 -0.9989640927333744 
m400096 6000 -0.0019711483511889076 7000 -0.0019711483511889076 14000 -0.9960577032976218 
m400097 6000 -0.0036885624009325045 7000 -0.0036885624009325045 14000 -0.992622875198135 
m400098 6000 -0.006093518602748241 7000 -0.006093518602748241 14000 -0.9878129627945036 
m400099 6000 -0.007784853659443293 7000 -0.007784853659443293 14000 -0.9844302926811135 
m400100 6000 -0.0004789433783645082 7000 -0.0004789433783645082 14000 -0.999042113243271 
m400101 6000 -0.0019354082628123223 7000 -0.0019354082628123223 14000 -0.9961291834743754 
m400102 6000 -0.003963178632189274 7000 -0.003963178632189274 14000 -0.9920736427356214 
m400103 6000 -0.005932826727838933 7000 -0.005932826727838933 14000 -0.9881343465443219 
m400104 6000 -0.007956244883887645 7000 -0.007956244883887645 14000 -0.9840875102322247 
m400105 6000 -0.00045145609083407153 7000 -0.00045145609083407153 14000 -0.9990970878183318 
m400106 6000 -0.0019969848136194394 7000 -0.0019969848136194394 14000 -0.9960060303727611 
m400107 6000 -0.0039050106332476197 7000 -0.0039050106332476197 14000 -0.9921899787335048 
m400108 6000 -0.006151260818336001 7000 -0.006151260818336001 14000 -0.987697478363328 
m400109 6000 -0.00789758730814641 7000 -0.00789758730814641 14000 -0.984204825383707 
m400110 6000 -0.0005298251008869229 7000 -0.0005298251008869229 14000 -0.9989403497982262 
m400111 6000 -0.0019842017793635673 7000 -0.0019842017793635673 14000 -0.996031596441273 
m400112 6000 -0.0037145849489703714 7000 -0.0037145849489703714 14000 -0.9925708301020595 
m400113 6000 -0.005884217594969945 7000 -0.005884217594969945 14000 -0.9882315648100604 
m400114 6000 -0.008086611209784437 7000 -0.008086611209784437 14000 -0.9838267775804315 
m400115 6000 -0.0004761408469913976 7000 -0.0004761408469913976 14000 -0.9990477183060174 
m400116 6000 -0.0017945935684504566 7000 -0.0017945935684504566 14000 -0.9964108128630991 
m400117 6000 -0.003779679617941181 7000 -0.003779679617941181 14000 -0.9924406407641178 
m400118 6000 -0.005641408083451343 7000 -0.005641408083451343 14000 -0.9887171838330971 
m400119 6000 -0.007668616944369221 7000 -0.007668616944369221 14000 -0.9846627661112614 
m400120 6000 -0.0005270357729149609 7000 -0.0005270357729149609 14000 -0.9989459284541701 
m400121 6000 -0.0021287766852886537 7000 -0.0021287766852886537 14000 -0.9957424466294225 
m400122 6000 -0.0036850434459255875 7000 -0.0036850434459255875 14000 -0.992629913108149 
m400123 6000 -0.005663641176263921 7000 -0.005663641176263921 14000 -0.9886727176474723 
m400124 6000 -0.007778718023904876 7000 -0.007778718023904876 14000 -0.9844425639521904 
c **********************************
c PE+Pb, dens=4.78 g/cm3
m2      6000    -0.04286 $Carbon
        1001    -0.00714 $Hydrogen
        82000   -0.95000 $Lead
c **********************************
m3    1001 -0.048535 $Boric acid
      5010 -0.034981
      5011 -0.139923
      8016 -0.776561
c **********************************
m4    82000 1 $Lead
c **********************************
m5 26000 1 $Iron
c **********************************
m6     13027   -1.000 $ Aluminum
c **********************************
c  SS-304 (8.00 g/cm3), #298 in PNNL Compendium
m7   006000.50c -0.0004000
     014000.60c -0.0050000
     015031.50c -0.0002300
     016000.60c -0.0001500
     024000.50c -0.1899981
     025055.60c -0.0099999
     026000.50c -0.7017229
     028000.50c -0.0924991
c ****************************************
c       LaBr detector
c ****************************************
m8       35079    -0.2946       $ Br79
         35081    -0.3069       $ Br81
         57139    -0.3485       $ La139
         58140    -0.0500       $ Ce140
c ************ air den=1.15e-3g/cc
m12     8016 -0.23
        7014 -0.77
c ************ Rubber Natural den=0.92 g/cc
m13     1001 -0.118371  $weight fraction
        6000 -0.881629
c
c end material cards
c
rand seed=8674536546524321 $different initial random #; seed# - any less 18 digits
c
c ********** begin tallies *********************
fc78 *********Broadened Pulse Height Tally Sum of Detectors 1,2 & 3 ***********
e78 0 1e-5 932i 8.4295
F78:p (101)
FT78 GEB -0.026198 0.059551 -0.037176
fc18 *********Unbroadened Pulse Height Tally Sum of Detectors 1,2 & 3 ***********
e18 0 1e-5 932i 8.4295
F18:p (101)
c ***********************************
c mplot tal 78 freq 10000
nps 1e9
