c CAS DETECTOR
c w/ Shielding in Place and Wheels
c
c CELL CARDS
c
c @@@@@@@@@@ Detectors @@@@@@@@@@@@@@@@@
c
101 8 -5.08 -21 imp:n,p 1 $LaBr Detector #1 Active Region
c
c @@@@@@@@@ Shielding @@@@@@@@@@@@@@@@@
c
121 2 -4.78 -31 imp:n,p 1 $PE_Pb
122 4 -11.29 -32 imp:n,p 1 $Pb1
123 4 -11.29 -33 imp:n,p 1 $Pb2
124 4 -11.29 -34 imp:n,p 1 $Pb3
125 4 -11.29 -35 imp:n,p 1 $Pb4
126 4 -11.29 -36 imp:n,p 1 $Pb5
127 4 -11.29 -37 imp:n,p 1 $Pb6
128 3 -1.5 -38 imp:n,p 1 $BA1
129 3 -1.5 -39 imp:n,p 1 $BA2
130 6 -2.7 -40 imp:n,p 1 $Al
131 7 -7.92 301 -302 303 -304 imp:n,p 1 $Fe-tube
132 5 -7.8 -401 imp:n,p 1 $Fe
133 5 -7.8 -402 imp:n,p 1 $Fe
c @@@@@@@@@@ Wheels @@@@@@@@@@@@@@@@@
c
21 13 -0.92 -41 42 imp:n,p 1 $Wheel 1
211 13 -0.92 -421 422 imp:n,p 1 $Wheel 1
212 13 -0.92 -423 424 imp:n,p 1 $Wheel 1
22 13 -0.92 -43 44 imp:n,p 1 $Wheel 2
221 13 -0.92 -441 442 imp:n,p 1 $Wheel 2
222 13 -0.92 -443 444 imp:n,p 1 $Wheel 2
23 13 -0.92 -45 46 imp:n,p 1 $Wheel 3
231 13 -0.92 -461 462 imp:n,p 1 $Wheel 3
232 13 -0.92 -463 464 imp:n,p 1 $Wheel 3
24 13 -0.92 -47 48 imp:n,p 1 $Wheel 4
241 13 -0.92 -481 482 imp:n,p 1 $Wheel 4
242 13 -0.92 -483 484 imp:n,p 1 $Wheel 4
c
c @@@@@@@@@@ SOIL VOLUME @@@@@@@@@@@
c
300000 400000 -2.156 20010 -20011 20020 -20021 20030 -20031 imp:n,p 1
300001 400001 -2.156 20010 -20011 20020 -20021 20031 -20032 imp:n,p 1
300002 400002 -2.156 20010 -20011 20020 -20021 20032 -20033 imp:n,p 1
300003 400003 -2.156 20010 -20011 20020 -20021 20033 -20034 imp:n,p 1
300004 400004 -2.156 20010 -20011 20020 -20021 20034 -20035 imp:n,p 1
300005 400005 -2.156 20011 -20012 20020 -20021 20030 -20031 imp:n,p 1
300006 400006 -2.156 20011 -20012 20020 -20021 20031 -20032 imp:n,p 1
300007 400007 -2.156 20011 -20012 20020 -20021 20032 -20033 imp:n,p 1
300008 400008 -2.156 20011 -20012 20020 -20021 20033 -20034 imp:n,p 1
300009 400009 -2.156 20011 -20012 20020 -20021 20034 -20035 imp:n,p 1
300010 400010 -2.156 20012 -20013 20020 -20021 20030 -20031 imp:n,p 1
300011 400011 -2.156 20012 -20013 20020 -20021 20031 -20032 imp:n,p 1
300012 400012 -2.156 20012 -20013 20020 -20021 20032 -20033 imp:n,p 1
300013 400013 -2.156 20012 -20013 20020 -20021 20033 -20034 imp:n,p 1
300014 400014 -2.156 20012 -20013 20020 -20021 20034 -20035 imp:n,p 1
300015 400015 -2.156 20013 -20014 20020 -20021 20030 -20031 imp:n,p 1
300016 400016 -2.156 20013 -20014 20020 -20021 20031 -20032 imp:n,p 1
300017 400017 -2.156 20013 -20014 20020 -20021 20032 -20033 imp:n,p 1
300018 400018 -2.156 20013 -20014 20020 -20021 20033 -20034 imp:n,p 1
300019 400019 -2.156 20013 -20014 20020 -20021 20034 -20035 imp:n,p 1
300020 400020 -2.156 20014 -20015 20020 -20021 20030 -20031 imp:n,p 1
300021 400021 -2.156 20014 -20015 20020 -20021 20031 -20032 imp:n,p 1
300022 400022 -2.156 20014 -20015 20020 -20021 20032 -20033 imp:n,p 1
300023 400023 -2.156 20014 -20015 20020 -20021 20033 -20034 imp:n,p 1
300024 400024 -2.156 20014 -20015 20020 -20021 20034 -20035 imp:n,p 1
300025 400025 -2.156 20010 -20011 20021 -20022 20030 -20031 imp:n,p 1
300026 400026 -2.156 20010 -20011 20021 -20022 20031 -20032 imp:n,p 1
300027 400027 -2.156 20010 -20011 20021 -20022 20032 -20033 imp:n,p 1
300028 400028 -2.156 20010 -20011 20021 -20022 20033 -20034 imp:n,p 1
300029 400029 -2.156 20010 -20011 20021 -20022 20034 -20035 imp:n,p 1
300030 400030 -2.156 20011 -20012 20021 -20022 20030 -20031 imp:n,p 1
300031 400031 -2.156 20011 -20012 20021 -20022 20031 -20032 imp:n,p 1
300032 400032 -2.156 20011 -20012 20021 -20022 20032 -20033 imp:n,p 1
300033 400033 -2.156 20011 -20012 20021 -20022 20033 -20034 imp:n,p 1
300034 400034 -2.156 20011 -20012 20021 -20022 20034 -20035 imp:n,p 1
300035 400035 -2.156 20012 -20013 20021 -20022 20030 -20031 imp:n,p 1
300036 400036 -2.156 20012 -20013 20021 -20022 20031 -20032 imp:n,p 1
300037 400037 -2.156 20012 -20013 20021 -20022 20032 -20033 imp:n,p 1
300038 400038 -2.156 20012 -20013 20021 -20022 20033 -20034 imp:n,p 1
300039 400039 -2.156 20012 -20013 20021 -20022 20034 -20035 imp:n,p 1
300040 400040 -2.156 20013 -20014 20021 -20022 20030 -20031 imp:n,p 1
300041 400041 -2.156 20013 -20014 20021 -20022 20031 -20032 imp:n,p 1
300042 400042 -2.156 20013 -20014 20021 -20022 20032 -20033 imp:n,p 1
300043 400043 -2.156 20013 -20014 20021 -20022 20033 -20034 imp:n,p 1
300044 400044 -2.156 20013 -20014 20021 -20022 20034 -20035 imp:n,p 1
300045 400045 -2.156 20014 -20015 20021 -20022 20030 -20031 imp:n,p 1
300046 400046 -2.156 20014 -20015 20021 -20022 20031 -20032 imp:n,p 1
300047 400047 -2.156 20014 -20015 20021 -20022 20032 -20033 imp:n,p 1
300048 400048 -2.156 20014 -20015 20021 -20022 20033 -20034 imp:n,p 1
300049 400049 -2.156 20014 -20015 20021 -20022 20034 -20035 imp:n,p 1
300050 400050 -2.156 20010 -20011 20022 -20023 20030 -20031 imp:n,p 1
300051 400051 -2.156 20010 -20011 20022 -20023 20031 -20032 imp:n,p 1
300052 400052 -2.156 20010 -20011 20022 -20023 20032 -20033 imp:n,p 1
300053 400053 -2.156 20010 -20011 20022 -20023 20033 -20034 imp:n,p 1
300054 400054 -2.156 20010 -20011 20022 -20023 20034 -20035 imp:n,p 1
300055 400055 -2.156 20011 -20012 20022 -20023 20030 -20031 imp:n,p 1
300056 400056 -2.156 20011 -20012 20022 -20023 20031 -20032 imp:n,p 1
300057 400057 -2.156 20011 -20012 20022 -20023 20032 -20033 imp:n,p 1
300058 400058 -2.156 20011 -20012 20022 -20023 20033 -20034 imp:n,p 1
300059 400059 -2.156 20011 -20012 20022 -20023 20034 -20035 imp:n,p 1
300060 400060 -2.156 20012 -20013 20022 -20023 20030 -20031 imp:n,p 1
300061 400061 -2.156 20012 -20013 20022 -20023 20031 -20032 imp:n,p 1
300062 400062 -2.156 20012 -20013 20022 -20023 20032 -20033 imp:n,p 1
300063 400063 -2.156 20012 -20013 20022 -20023 20033 -20034 imp:n,p 1
300064 400064 -2.156 20012 -20013 20022 -20023 20034 -20035 imp:n,p 1
300065 400065 -2.156 20013 -20014 20022 -20023 20030 -20031 imp:n,p 1
300066 400066 -2.156 20013 -20014 20022 -20023 20031 -20032 imp:n,p 1
300067 400067 -2.156 20013 -20014 20022 -20023 20032 -20033 imp:n,p 1
300068 400068 -2.156 20013 -20014 20022 -20023 20033 -20034 imp:n,p 1
300069 400069 -2.156 20013 -20014 20022 -20023 20034 -20035 imp:n,p 1
300070 400070 -2.156 20014 -20015 20022 -20023 20030 -20031 imp:n,p 1
300071 400071 -2.156 20014 -20015 20022 -20023 20031 -20032 imp:n,p 1
300072 400072 -2.156 20014 -20015 20022 -20023 20032 -20033 imp:n,p 1
300073 400073 -2.156 20014 -20015 20022 -20023 20033 -20034 imp:n,p 1
300074 400074 -2.156 20014 -20015 20022 -20023 20034 -20035 imp:n,p 1
300075 400075 -2.156 20010 -20011 20023 -20024 20030 -20031 imp:n,p 1
300076 400076 -2.156 20010 -20011 20023 -20024 20031 -20032 imp:n,p 1
300077 400077 -2.156 20010 -20011 20023 -20024 20032 -20033 imp:n,p 1
300078 400078 -2.156 20010 -20011 20023 -20024 20033 -20034 imp:n,p 1
300079 400079 -2.156 20010 -20011 20023 -20024 20034 -20035 imp:n,p 1
300080 400080 -2.156 20011 -20012 20023 -20024 20030 -20031 imp:n,p 1
300081 400081 -2.156 20011 -20012 20023 -20024 20031 -20032 imp:n,p 1
300082 400082 -2.156 20011 -20012 20023 -20024 20032 -20033 imp:n,p 1
300083 400083 -2.156 20011 -20012 20023 -20024 20033 -20034 imp:n,p 1
300084 400084 -2.156 20011 -20012 20023 -20024 20034 -20035 imp:n,p 1
300085 400085 -2.156 20012 -20013 20023 -20024 20030 -20031 imp:n,p 1
300086 400086 -2.156 20012 -20013 20023 -20024 20031 -20032 imp:n,p 1
300087 400087 -2.156 20012 -20013 20023 -20024 20032 -20033 imp:n,p 1
300088 400088 -2.156 20012 -20013 20023 -20024 20033 -20034 imp:n,p 1
300089 400089 -2.156 20012 -20013 20023 -20024 20034 -20035 imp:n,p 1
300090 400090 -2.156 20013 -20014 20023 -20024 20030 -20031 imp:n,p 1
300091 400091 -2.156 20013 -20014 20023 -20024 20031 -20032 imp:n,p 1
300092 400092 -2.156 20013 -20014 20023 -20024 20032 -20033 imp:n,p 1
300093 400093 -2.156 20013 -20014 20023 -20024 20033 -20034 imp:n,p 1
300094 400094 -2.156 20013 -20014 20023 -20024 20034 -20035 imp:n,p 1
300095 400095 -2.156 20014 -20015 20023 -20024 20030 -20031 imp:n,p 1
300096 400096 -2.156 20014 -20015 20023 -20024 20031 -20032 imp:n,p 1
300097 400097 -2.156 20014 -20015 20023 -20024 20032 -20033 imp:n,p 1
300098 400098 -2.156 20014 -20015 20023 -20024 20033 -20034 imp:n,p 1
300099 400099 -2.156 20014 -20015 20023 -20024 20034 -20035 imp:n,p 1
300100 400100 -2.156 20010 -20011 20024 -20025 20030 -20031 imp:n,p 1
300101 400101 -2.156 20010 -20011 20024 -20025 20031 -20032 imp:n,p 1
300102 400102 -2.156 20010 -20011 20024 -20025 20032 -20033 imp:n,p 1
300103 400103 -2.156 20010 -20011 20024 -20025 20033 -20034 imp:n,p 1
300104 400104 -2.156 20010 -20011 20024 -20025 20034 -20035 imp:n,p 1
300105 400105 -2.156 20011 -20012 20024 -20025 20030 -20031 imp:n,p 1
300106 400106 -2.156 20011 -20012 20024 -20025 20031 -20032 imp:n,p 1
300107 400107 -2.156 20011 -20012 20024 -20025 20032 -20033 imp:n,p 1
300108 400108 -2.156 20011 -20012 20024 -20025 20033 -20034 imp:n,p 1
300109 400109 -2.156 20011 -20012 20024 -20025 20034 -20035 imp:n,p 1
300110 400110 -2.156 20012 -20013 20024 -20025 20030 -20031 imp:n,p 1
300111 400111 -2.156 20012 -20013 20024 -20025 20031 -20032 imp:n,p 1
300112 400112 -2.156 20012 -20013 20024 -20025 20032 -20033 imp:n,p 1
300113 400113 -2.156 20012 -20013 20024 -20025 20033 -20034 imp:n,p 1
300114 400114 -2.156 20012 -20013 20024 -20025 20034 -20035 imp:n,p 1
300115 400115 -2.156 20013 -20014 20024 -20025 20030 -20031 imp:n,p 1
300116 400116 -2.156 20013 -20014 20024 -20025 20031 -20032 imp:n,p 1
300117 400117 -2.156 20013 -20014 20024 -20025 20032 -20033 imp:n,p 1
300118 400118 -2.156 20013 -20014 20024 -20025 20033 -20034 imp:n,p 1
300119 400119 -2.156 20013 -20014 20024 -20025 20034 -20035 imp:n,p 1
300120 400120 -2.156 20014 -20015 20024 -20025 20030 -20031 imp:n,p 1
300121 400121 -2.156 20014 -20015 20024 -20025 20031 -20032 imp:n,p 1
300122 400122 -2.156 20014 -20015 20024 -20025 20032 -20033 imp:n,p 1
300123 400123 -2.156 20014 -20015 20024 -20025 20033 -20034 imp:n,p 1
300124 400124 -2.156 20014 -20015 20024 -20025 20034 -20035 imp:n,p 1
c
30 12 -0.00129 -200 #101 #121 #122 #123 #124 #125 #126 #127 #128 #129 #130 #131 #132 #133
        #21 #211 #212 #22 #221 #222 #23 #231 #232 #24 #241 #242 #20 imp:n,p 1 $Rest of the World
31 0 200 imp:n,p 0 $Outside world

c SURFACE CARDS
c
c Sample Volume
20010 px -56.0
20011 px -33.600000000000364
20012 px -11.199999999999818
20013 px 11.199999999999818
20014 px 33.600000000000364
20015 px 56.0
20020 py -45.0
20021 py -27.0
20022 py -9.0
20023 py 9.0
20024 py 27.0
20025 py 45.0
20030 pz 92.0
20031 pz 82.0
20032 pz 72.0
20033 pz 62.0
20034 pz 52.0
20035 pz 42.0
c Active Detector Region
21 rcc 56  -5.0 -1.0   0.0 20.3 0.0   4.5 $Detector 1 Base center, Hx,Hy,Hz, radius
c Shielding Surfaces
c Shielding Pb
31 rpp 19 29 -7.5 7.5 -11 9 $PbPE xmin xmax ymin ymax zmin zmax
32 rpp 9 19 4 9 -11 9 $Pb xmin xmax ymin ymax zmin zmax
33 rpp 9 19 -9 -4 -11 9 $Pb xmin xmax ymin ymax zmin zmax
34 rpp 19 29 7.5 12.5 -11 9 $Pb xmin xmax ymin ymax zmin zmax
35 rpp 19 29 -12.5 -7.5 -11 9 $Pb xmin xmax ymin ymax zmin zmax
36 rpp 29 34 -15 15 -11 9 $Pb xmin xmax ymin ymax zmin zmax
37 rpp 9 19 -4 4 4 9 $Pb xmin xmax ymin ymax zmin zmax
38 rpp -26 26 18 28 -11 9 $BA1 xmin xmax ymin ymax zmin zmax
39 rpp -26 26 -28 -18 -11 9 $BA2 xmin xmax ymin ymax zmin zmax
40 rpp -65 65 -28 28 10 10.5 $Al xmin xmax ymin ymax zmin zmax
401 rpp -27 27 29 34 -11 9 $Fe xmin xmax ymin ymax zmin zmax
402 rpp -27 27 -34 -29 -11 9 $Fe xmin xmax ymin ymax zmin zmax
301 px -20
302 px 18
303 cx 3.71
304 cx 3.81
c Wheels Surfaces
c 23/10.5-12 turf tires, 22.6 lb rubber
c diameter 29cm, tread width 25cm, and sidewall height 13.76 cm
c set thickness of all sides 1.3 cm (s.t. weight is 22.6 lb)
41 rcc -2 77 8   0.0 25 0.0 29 $wheel 1 outer tread surface
42 rcc -2 77 8   0.0 25 0.0 27.7 $wheel 1 inner tread surface
421 rcc -2 75.7 8   0.0 1.3 0.0 29 $wheel 1 outside sidewall exterior
422 rcc -2 75.7 8   0.0 1.3 0.0 15.24 $wheel 1 outside sidewall interior
423 rcc -2 102 8   0.0 1.3 0.0 29 $wheel 1 inside sidewall exterior
424 rcc -2 102 8   0.0 1.3 0.0 15.24 $wheel 1 inside sidewall interior
43 rcc 68 77 8   0.0 25 0.0 29 $wheel 2
44 rcc 68 77 8   0.0 25 0.0 27.7
441 rcc 68 75.7 8   0.0 1.3 0.0 29
442 rcc 68 75.7 8   0.0 1.3 0.0 15.24
443 rcc 68 102 8   0.0 1.3 0.0 29
444 rcc 68 102 8   0.0 1.3 0.0 15.24
45 rcc -2 -77 8   0.0 -25 0.0 29 $wheel 3
46 rcc -2 -77 8   0.0 -25 0.0 27.7
461 rcc -2 -75.7 8   0.0 -1.3 0.0 29
462 rcc -2 -75.7 8   0.0 -1.3 0.0 15.24
463 rcc -2 -102 8   0.0 -1.3 0.0 29
464 rcc -2 -102 8   0.0 -1.3 0.0 15.24
47 rcc 68 -77 8   0.0 -25 0.0 29 $wheel 4
48 rcc 68 -77 8   0.0 -25 0.0 27.7
481 rcc 68 -75.7 8   0.0 -1.3 0.0 29
482 rcc 68 -75.7 8   0.0 -1.3 0.0 15.24
483 rcc 68 -102 8   0.0 -1.3 0.0 29
484 rcc 68 -102 8   0.0 -1.3 0.0 15.24
200 so 800    $sphere of 800cm centered at origin
c

c DATA CARDS
mode n p
c dump every hr
prdmp -60 -60 -1
c 100 keV Neutron Energy Cutoff
Cut:n 1j 0.1
c analog neutron transport
phys:n 1j 14
phys:p
sdef pos=0 0 0 erg=14.0 vec= 0 0 1 dir=d1
si1  -1 .93 1
sp1   0  0.0  1.0
c ********************
c begin material cards
c ********************
c Pure Carbon
c ****************************************
m400000 6000 -0.0003895017103911679 7000 -0.0003895017103911679 14000 -0.9992209965792176 
m400001 6000 -0.001717516007503187 7000 -0.001717516007503187 14000 -0.9965649679849932 
m400002 6000 -0.004180572652318668 7000 -0.004180572652318668 14000 -0.9916388546953627 
m400003 6000 -0.0062047186797872765 7000 -0.0062047186797872765 14000 -0.9875905626404257 
m400004 6000 -0.007614499492640028 7000 -0.007614499492640028 14000 -0.98477100101472 
m400005 6000 -0.0003356710747803067 7000 -0.0003356710747803067 14000 -0.9993286578504396 
m400006 6000 -0.0017889965927191602 7000 -0.0017889965927191602 14000 -0.9964220068145613 
m400007 6000 -0.003949694483758752 7000 -0.003949694483758752 14000 -0.992100611032482 
m400008 6000 -0.005755584639053173 7000 -0.005755584639053173 14000 -0.9884888307218936 
m400009 6000 -0.008050571496267004 7000 -0.008050571496267004 14000 -0.9838988570074656 
m400010 6000 -0.0004971562918025064 7000 -0.0004971562918025064 14000 -0.9990056874163947 
m400011 6000 -0.002066486269087944 7000 -0.002066486269087944 14000 -0.9958670274618245 
m400012 6000 -0.0037581738020379 7000 -0.0037581738020379 14000 -0.9924836523959243 
m400013 6000 -0.006003093923599787 7000 -0.006003093923599787 14000 -0.9879938121528002 
m400014 6000 -0.008094497432874386 7000 -0.008094497432874386 14000 -0.9838110051342513 
m400015 6000 -0.0005746455798590096 7000 -0.0005746455798590096 14000 -0.998850708840282 
m400016 6000 -0.0017683506198877255 7000 -0.0017683506198877255 14000 -0.9964632987602244 
m400017 6000 -0.004270939161461395 7000 -0.004270939161461395 14000 -0.991458121677077 
m400018 6000 -0.006475755888189774 7000 -0.006475755888189774 14000 -0.9870484882236202 
m400019 6000 -0.007794310201170572 7000 -0.007794310201170572 14000 -0.9844113795976586 
m400020 6000 -0.00044154595430452066 7000 -0.00044154595430452066 14000 -0.9991169080913909 
m400021 6000 -0.002215949661949009 7000 -0.002215949661949009 14000 -0.9955681006761022 
m400022 6000 -0.003916405674889663 7000 -0.003916405674889663 14000 -0.9921671886502206 
m400023 6000 -0.005903235292869887 7000 -0.005903235292869887 14000 -0.9881935294142601 
m400024 6000 -0.007806575356891159 7000 -0.007806575356891159 14000 -0.9843868492862176 
m400025 6000 -0.0005473499007717002 7000 -0.0005473499007717002 14000 -0.9989053001984568 
m400026 6000 -0.0020358546177022354 7000 -0.0020358546177022354 14000 -0.9959282907645957 
m400027 6000 -0.003990572178020962 7000 -0.003990572178020962 14000 -0.9920188556439584 
m400028 6000 -0.005929986486307636 7000 -0.005929986486307636 14000 -0.988140027027385 
m400029 6000 -0.007607603894997168 7000 -0.007607603894997168 14000 -0.9847847922100056 
m400030 6000 -0.00046833292602644754 7000 -0.00046833292602644754 14000 -0.9990633341479471 
m400031 6000 -0.0018045162885148994 7000 -0.0018045162885148994 14000 -0.9963909674229704 
m400032 6000 -0.003817400495456684 7000 -0.003817400495456684 14000 -0.9923651990090867 
m400033 6000 -0.005986239409656436 7000 -0.005986239409656436 14000 -0.9880275211806869 
m400034 6000 -0.007596499230605223 7000 -0.007596499230605223 14000 -0.9848070015387894 
m400035 6000 -0.00045470609435661836 7000 -0.00045470609435661836 14000 -0.9990905878112867 
m400036 6000 -0.0019782773444102326 7000 -0.0019782773444102326 14000 -0.9960434453111797 
m400037 6000 -0.00393020006854757 7000 -0.00393020006854757 14000 -0.9921395998629046 
m400038 6000 -0.005643974024098029 7000 -0.005643974024098029 14000 -0.9887120519518041 
m400039 6000 -0.008104755738285535 7000 -0.008104755738285535 14000 -0.9837904885234289 
m400040 6000 -0.0003674449265265688 7000 -0.0003674449265265688 14000 -0.9992651101469466 
m400041 6000 -0.0021648170727120307 7000 -0.0021648170727120307 14000 -0.995670365854576 
m400042 6000 -0.004036789767195615 7000 -0.004036789767195615 14000 -0.9919264204656086 
m400043 6000 -0.006236246165113518 7000 -0.006236246165113518 14000 -0.987527507669773 
m400044 6000 -0.007885050425124681 7000 -0.007885050425124681 14000 -0.9842298991497505 
m400045 6000 -0.0004780488671715053 7000 -0.0004780488671715053 14000 -0.9990439022656568 
m400046 6000 -0.0020622586972273995 7000 -0.0020622586972273995 14000 -0.9958754826055451 
m400047 6000 -0.003898778439791528 7000 -0.003898778439791528 14000 -0.9922024431204167 
m400048 6000 -0.005975569882038682 7000 -0.005975569882038682 14000 -0.9880488602359223 
m400049 6000 -0.00786197166083764 7000 -0.00786197166083764 14000 -0.9842760566783252 
m400050 6000 -0.0004991425874562074 7000 -0.0004991425874562074 14000 -0.9990017148250877 
m400051 6000 -0.0020847762508937923 7000 -0.0020847762508937923 14000 -0.9958304474982123 
m400052 6000 -0.0041221253324968616 7000 -0.0041221253324968616 14000 -0.9917557493350065 
m400053 6000 -0.005884773509946891 7000 -0.005884773509946891 14000 -0.988230452980106 
m400054 6000 -0.007905425747717581 7000 -0.007905425747717581 14000 -0.9841891485045646 
m400055 6000 -0.0005188551326580058 7000 -0.0005188551326580058 14000 -0.9989622897346839 
m400056 6000 -0.001868200496314039 7000 -0.001868200496314039 14000 -0.9962635990073718 
m400057 6000 -0.0041589722430566 7000 -0.0041589722430566 14000 -0.9916820555138866 
m400058 6000 -0.005914495405268497 7000 -0.005914495405268497 14000 -0.9881710091894631 
m400059 6000 -0.008051839303453108 7000 -0.008051839303453108 14000 -0.9838963213930936 
m400060 6000 -0.0004447681498450233 7000 -0.0004447681498450233 14000 -0.99911046370031 
m400061 6000 -0.0018944579470362623 7000 -0.0018944579470362623 14000 -0.9962110841059275 
m400062 6000 -0.003976416740591449 7000 -0.003976416740591449 14000 -0.992047166518817 
m400063 6000 -0.00597899671775403 7000 -0.00597899671775403 14000 -0.9880420065644919 
m400064 6000 -0.008291380358605648 7000 -0.008291380358605648 14000 -0.9834172392827887 
m400065 6000 -0.00024304479714476509 7000 -0.00024304479714476509 14000 -0.9995139104057104 
m400066 6000 -0.001849867248360023 7000 -0.001849867248360023 14000 -0.9963002655032795 
m400067 6000 -0.003796352578230944 7000 -0.003796352578230944 14000 -0.9924072948435382 
m400068 6000 -0.006016727660573005 7000 -0.006016727660573005 14000 -0.9879665446788536 
m400069 6000 -0.008140977329465332 7000 -0.008140977329465332 14000 -0.9837180453410693 
m400070 6000 -0.0005025258111242152 7000 -0.0005025258111242152 14000 -0.9989949483777514 
m400071 6000 -0.0018435199459980638 7000 -0.0018435199459980638 14000 -0.996312960108004 
m400072 6000 -0.003984416563763835 7000 -0.003984416563763835 14000 -0.9920311668724725 
m400073 6000 -0.005821844241938609 7000 -0.005821844241938609 14000 -0.9883563115161229 
m400074 6000 -0.007915523597289646 7000 -0.007915523597289646 14000 -0.9841689528054206 
m400075 6000 -0.0004521335461604982 7000 -0.0004521335461604982 14000 -0.9990957329076791 
m400076 6000 -0.0021717642538812373 7000 -0.0021717642538812373 14000 -0.9956564714922372 
m400077 6000 -0.003979666141742181 7000 -0.003979666141742181 14000 -0.992040667716516 
m400078 6000 -0.005933908787580201 7000 -0.005933908787580201 14000 -0.9881321824248397 
m400079 6000 -0.007646679077024575 7000 -0.007646679077024575 14000 -0.9847066418459507 
m400080 6000 -0.0004726198156229621 7000 -0.0004726198156229621 14000 -0.9990547603687542 
m400081 6000 -0.002013804808089496 7000 -0.002013804808089496 14000 -0.9959723903838211 
m400082 6000 -0.0037535236920810335 7000 -0.0037535236920810335 14000 -0.9924929526158378 
m400083 6000 -0.006042136043022356 7000 -0.006042136043022356 14000 -0.9879157279139552 
m400084 6000 -0.008105661120678247 7000 -0.008105661120678247 14000 -0.983788677758644 
m400085 6000 -0.0004952651010866655 7000 -0.0004952651010866655 14000 -0.9990094697978265 
m400086 6000 -0.0017599259741848709 7000 -0.0017599259741848709 14000 -0.9964801480516304 
m400087 6000 -0.003962045198177545 7000 -0.003962045198177545 14000 -0.9920759096036447 
m400088 6000 -0.005836136822923426 7000 -0.005836136822923426 14000 -0.988327726354153 
m400089 6000 -0.007929287077643647 7000 -0.007929287077643647 14000 -0.9841414258447126 
m400090 6000 -0.00047652785693020597 7000 -0.00047652785693020597 14000 -0.9990469442861395 
m400091 6000 -0.0019377565851114303 7000 -0.0019377565851114303 14000 -0.9961244868297773 
m400092 6000 -0.003775081330291585 7000 -0.003775081330291585 14000 -0.9924498373394169 
m400093 6000 -0.005893115296906773 7000 -0.005893115296906773 14000 -0.9882137694061867 
m400094 6000 -0.007590796500230792 7000 -0.007590796500230792 14000 -0.9848184069995386 
m400095 6000 -0.0004910535371760272 7000 -0.0004910535371760272 14000 -0.9990178929256479 
m400096 6000 -0.001995871523565258 7000 -0.001995871523565258 14000 -0.9960082569528695 
m400097 6000 -0.0038508829208916055 7000 -0.0038508829208916055 14000 -0.9922982341582166 
m400098 6000 -0.005922818895744289 7000 -0.005922818895744289 14000 -0.9881543622085113 
m400099 6000 -0.007860084735420722 7000 -0.007860084735420722 14000 -0.9842798305291584 
m400100 6000 -0.0004550326411521304 7000 -0.0004550326411521304 14000 -0.9990899347176958 
m400101 6000 -0.0018011817124299182 7000 -0.0018011817124299182 14000 -0.9963976365751404 
m400102 6000 -0.00395820394924493 7000 -0.00395820394924493 14000 -0.9920835921015102 
m400103 6000 -0.005882683934244928 7000 -0.005882683934244928 14000 -0.9882346321315102 
m400104 6000 -0.007995582314851509 7000 -0.007995582314851509 14000 -0.9840088353702972 
m400105 6000 -0.0005207515509562939 7000 -0.0005207515509562939 14000 -0.9989584968980871 
m400106 6000 -0.0020063027392366248 7000 -0.0020063027392366248 14000 -0.9959873945215267 
m400107 6000 -0.003956764344554853 7000 -0.003956764344554853 14000 -0.9920864713108902 
m400108 6000 -0.006002061947750977 7000 -0.006002061947750977 14000 -0.987995876104498 
m400109 6000 -0.00782473596343383 7000 -0.00782473596343383 14000 -0.9843505280731324 
m400110 6000 -0.0004242104072785055 7000 -0.0004242104072785055 14000 -0.999151579185443 
m400111 6000 -0.0020950498518593195 7000 -0.0020950498518593195 14000 -0.9958099002962814 
m400112 6000 -0.003963896180263119 7000 -0.003963896180263119 14000 -0.9920722076394736 
m400113 6000 -0.006228400991422022 7000 -0.006228400991422022 14000 -0.987543198017156 
m400114 6000 -0.007696357220554335 7000 -0.007696357220554335 14000 -0.9846072855588917 
m400115 6000 -0.0004469911497556189 7000 -0.0004469911497556189 14000 -0.9991060177004887 
m400116 6000 -0.0021067713797864253 7000 -0.0021067713797864253 14000 -0.9957864572404271 
m400117 6000 -0.0035433752745201857 7000 -0.0035433752745201857 14000 -0.9929132494509596 
m400118 6000 -0.006021250868554372 7000 -0.006021250868554372 14000 -0.9879574982628913 
m400119 6000 -0.008169543617060921 7000 -0.008169543617060921 14000 -0.9836609127658782 
m400120 6000 -0.0006692118026714089 7000 -0.0006692118026714089 14000 -0.9986615763946572 
m400121 6000 -0.002091750437868489 7000 -0.002091750437868489 14000 -0.9958164991242628 
m400122 6000 -0.003928915531950843 7000 -0.003928915531950843 14000 -0.9921421689360982 
m400123 6000 -0.006016222483598966 7000 -0.006016222483598966 14000 -0.9879675550328021 
m400124 6000 -0.007941278910900067 7000 -0.007941278910900067 14000 -0.9841174421781999 
c **********************************
c PE+Pb, dens=4.78 g/cm3
m2      6000    -0.04286 $Carbon
        1001    -0.00714 $Hydrogen
        82000   -0.95000 $Lead
c **********************************
m3    1001 -0.048535 $Boric acid
      5010 -0.034981
      5011 -0.139923
      8016 -0.776561
c **********************************
m4    82000 1 $Lead
c **********************************
m5 26000 1 $Iron
c **********************************
m6     13027   -1.000 $ Aluminum
c **********************************
c  SS-304 (8.00 g/cm3), #298 in PNNL Compendium
m7   006000.50c -0.0004000
     014000.60c -0.0050000
     015031.50c -0.0002300
     016000.60c -0.0001500
     024000.50c -0.1899981
     025055.60c -0.0099999
     026000.50c -0.7017229
     028000.50c -0.0924991
c ****************************************
c       LaBr detector
c ****************************************
m8       35079    -0.2946       $ Br79
         35081    -0.3069       $ Br81
         57139    -0.3485       $ La139
         58140    -0.0500       $ Ce140
c ************ air den=1.15e-3g/cc
m12     8016 -0.23
        7014 -0.77
c ************ Rubber Natural den=0.92 g/cc
m13     1001 -0.118371  $weight fraction
        6000 -0.881629
c
c end material cards
c
rand seed=8674536546524321 $different initial random #; seed# - any less 18 digits
c
c ********** begin tallies *********************
fc78 *********Broadened Pulse Height Tally Sum of Detectors 1,2 & 3 ***********
e78 0 1e-5 932i 8.4295
F78:p (101)
FT78 GEB -0.026198 0.059551 -0.037176
fc18 *********Unbroadened Pulse Height Tally Sum of Detectors 1,2 & 3 ***********
e18 0 1e-5 932i 8.4295
F18:p (101)
c ***********************************
c mplot tal 78 freq 10000
nps 1e9
