c CAS DETECTOR
c w/ Shielding in Place and Wheels
c
c CELL CARDS
c
c @@@@@@@@@@ Detectors @@@@@@@@@@@@@@@@@
c
101 8 -5.08 -21 imp:n,p 1 $LaBr Detector #1 Active Region
c
c @@@@@@@@@ Shielding @@@@@@@@@@@@@@@@@
c
121 2 -4.78 -31 imp:n,p 1 $PE_Pb
122 4 -11.29 -32 imp:n,p 1 $Pb1
123 4 -11.29 -33 imp:n,p 1 $Pb2
124 4 -11.29 -34 imp:n,p 1 $Pb3
125 4 -11.29 -35 imp:n,p 1 $Pb4
126 4 -11.29 -36 imp:n,p 1 $Pb5
127 4 -11.29 -37 imp:n,p 1 $Pb6
128 3 -1.5 -38 imp:n,p 1 $BA1
129 3 -1.5 -39 imp:n,p 1 $BA2
130 6 -2.7 -40 imp:n,p 1 $Al
131 7 -7.92 301 -302 303 -304 imp:n,p 1 $Fe-tube
132 5 -7.8 -401 imp:n,p 1 $Fe
133 5 -7.8 -402 imp:n,p 1 $Fe
c @@@@@@@@@@ Wheels @@@@@@@@@@@@@@@@@
c
21 13 -0.92 -41 42 imp:n,p 1 $Wheel 1
211 13 -0.92 -421 422 imp:n,p 1 $Wheel 1
212 13 -0.92 -423 424 imp:n,p 1 $Wheel 1
22 13 -0.92 -43 44 imp:n,p 1 $Wheel 2
221 13 -0.92 -441 442 imp:n,p 1 $Wheel 2
222 13 -0.92 -443 444 imp:n,p 1 $Wheel 2
23 13 -0.92 -45 46 imp:n,p 1 $Wheel 3
231 13 -0.92 -461 462 imp:n,p 1 $Wheel 3
232 13 -0.92 -463 464 imp:n,p 1 $Wheel 3
24 13 -0.92 -47 48 imp:n,p 1 $Wheel 4
241 13 -0.92 -481 482 imp:n,p 1 $Wheel 4
242 13 -0.92 -483 484 imp:n,p 1 $Wheel 4
c
c @@@@@@@@@@ SOIL VOLUME @@@@@@@@@@@
c
300000 400000 -2.156 20010 -20011 20020 -20021 20030 -20031 imp:n,p 1
300001 400001 -2.156 20010 -20011 20020 -20021 20031 -20032 imp:n,p 1
300002 400002 -2.156 20010 -20011 20020 -20021 20032 -20033 imp:n,p 1
300003 400003 -2.156 20010 -20011 20020 -20021 20033 -20034 imp:n,p 1
300004 400004 -2.156 20010 -20011 20020 -20021 20034 -20035 imp:n,p 1
300005 400005 -2.156 20011 -20012 20020 -20021 20030 -20031 imp:n,p 1
300006 400006 -2.156 20011 -20012 20020 -20021 20031 -20032 imp:n,p 1
300007 400007 -2.156 20011 -20012 20020 -20021 20032 -20033 imp:n,p 1
300008 400008 -2.156 20011 -20012 20020 -20021 20033 -20034 imp:n,p 1
300009 400009 -2.156 20011 -20012 20020 -20021 20034 -20035 imp:n,p 1
300010 400010 -2.156 20012 -20013 20020 -20021 20030 -20031 imp:n,p 1
300011 400011 -2.156 20012 -20013 20020 -20021 20031 -20032 imp:n,p 1
300012 400012 -2.156 20012 -20013 20020 -20021 20032 -20033 imp:n,p 1
300013 400013 -2.156 20012 -20013 20020 -20021 20033 -20034 imp:n,p 1
300014 400014 -2.156 20012 -20013 20020 -20021 20034 -20035 imp:n,p 1
300015 400015 -2.156 20013 -20014 20020 -20021 20030 -20031 imp:n,p 1
300016 400016 -2.156 20013 -20014 20020 -20021 20031 -20032 imp:n,p 1
300017 400017 -2.156 20013 -20014 20020 -20021 20032 -20033 imp:n,p 1
300018 400018 -2.156 20013 -20014 20020 -20021 20033 -20034 imp:n,p 1
300019 400019 -2.156 20013 -20014 20020 -20021 20034 -20035 imp:n,p 1
300020 400020 -2.156 20014 -20015 20020 -20021 20030 -20031 imp:n,p 1
300021 400021 -2.156 20014 -20015 20020 -20021 20031 -20032 imp:n,p 1
300022 400022 -2.156 20014 -20015 20020 -20021 20032 -20033 imp:n,p 1
300023 400023 -2.156 20014 -20015 20020 -20021 20033 -20034 imp:n,p 1
300024 400024 -2.156 20014 -20015 20020 -20021 20034 -20035 imp:n,p 1
300025 400025 -2.156 20010 -20011 20021 -20022 20030 -20031 imp:n,p 1
300026 400026 -2.156 20010 -20011 20021 -20022 20031 -20032 imp:n,p 1
300027 400027 -2.156 20010 -20011 20021 -20022 20032 -20033 imp:n,p 1
300028 400028 -2.156 20010 -20011 20021 -20022 20033 -20034 imp:n,p 1
300029 400029 -2.156 20010 -20011 20021 -20022 20034 -20035 imp:n,p 1
300030 400030 -2.156 20011 -20012 20021 -20022 20030 -20031 imp:n,p 1
300031 400031 -2.156 20011 -20012 20021 -20022 20031 -20032 imp:n,p 1
300032 400032 -2.156 20011 -20012 20021 -20022 20032 -20033 imp:n,p 1
300033 400033 -2.156 20011 -20012 20021 -20022 20033 -20034 imp:n,p 1
300034 400034 -2.156 20011 -20012 20021 -20022 20034 -20035 imp:n,p 1
300035 400035 -2.156 20012 -20013 20021 -20022 20030 -20031 imp:n,p 1
300036 400036 -2.156 20012 -20013 20021 -20022 20031 -20032 imp:n,p 1
300037 400037 -2.156 20012 -20013 20021 -20022 20032 -20033 imp:n,p 1
300038 400038 -2.156 20012 -20013 20021 -20022 20033 -20034 imp:n,p 1
300039 400039 -2.156 20012 -20013 20021 -20022 20034 -20035 imp:n,p 1
300040 400040 -2.156 20013 -20014 20021 -20022 20030 -20031 imp:n,p 1
300041 400041 -2.156 20013 -20014 20021 -20022 20031 -20032 imp:n,p 1
300042 400042 -2.156 20013 -20014 20021 -20022 20032 -20033 imp:n,p 1
300043 400043 -2.156 20013 -20014 20021 -20022 20033 -20034 imp:n,p 1
300044 400044 -2.156 20013 -20014 20021 -20022 20034 -20035 imp:n,p 1
300045 400045 -2.156 20014 -20015 20021 -20022 20030 -20031 imp:n,p 1
300046 400046 -2.156 20014 -20015 20021 -20022 20031 -20032 imp:n,p 1
300047 400047 -2.156 20014 -20015 20021 -20022 20032 -20033 imp:n,p 1
300048 400048 -2.156 20014 -20015 20021 -20022 20033 -20034 imp:n,p 1
300049 400049 -2.156 20014 -20015 20021 -20022 20034 -20035 imp:n,p 1
300050 400050 -2.156 20010 -20011 20022 -20023 20030 -20031 imp:n,p 1
300051 400051 -2.156 20010 -20011 20022 -20023 20031 -20032 imp:n,p 1
300052 400052 -2.156 20010 -20011 20022 -20023 20032 -20033 imp:n,p 1
300053 400053 -2.156 20010 -20011 20022 -20023 20033 -20034 imp:n,p 1
300054 400054 -2.156 20010 -20011 20022 -20023 20034 -20035 imp:n,p 1
300055 400055 -2.156 20011 -20012 20022 -20023 20030 -20031 imp:n,p 1
300056 400056 -2.156 20011 -20012 20022 -20023 20031 -20032 imp:n,p 1
300057 400057 -2.156 20011 -20012 20022 -20023 20032 -20033 imp:n,p 1
300058 400058 -2.156 20011 -20012 20022 -20023 20033 -20034 imp:n,p 1
300059 400059 -2.156 20011 -20012 20022 -20023 20034 -20035 imp:n,p 1
300060 400060 -2.156 20012 -20013 20022 -20023 20030 -20031 imp:n,p 1
300061 400061 -2.156 20012 -20013 20022 -20023 20031 -20032 imp:n,p 1
300062 400062 -2.156 20012 -20013 20022 -20023 20032 -20033 imp:n,p 1
300063 400063 -2.156 20012 -20013 20022 -20023 20033 -20034 imp:n,p 1
300064 400064 -2.156 20012 -20013 20022 -20023 20034 -20035 imp:n,p 1
300065 400065 -2.156 20013 -20014 20022 -20023 20030 -20031 imp:n,p 1
300066 400066 -2.156 20013 -20014 20022 -20023 20031 -20032 imp:n,p 1
300067 400067 -2.156 20013 -20014 20022 -20023 20032 -20033 imp:n,p 1
300068 400068 -2.156 20013 -20014 20022 -20023 20033 -20034 imp:n,p 1
300069 400069 -2.156 20013 -20014 20022 -20023 20034 -20035 imp:n,p 1
300070 400070 -2.156 20014 -20015 20022 -20023 20030 -20031 imp:n,p 1
300071 400071 -2.156 20014 -20015 20022 -20023 20031 -20032 imp:n,p 1
300072 400072 -2.156 20014 -20015 20022 -20023 20032 -20033 imp:n,p 1
300073 400073 -2.156 20014 -20015 20022 -20023 20033 -20034 imp:n,p 1
300074 400074 -2.156 20014 -20015 20022 -20023 20034 -20035 imp:n,p 1
300075 400075 -2.156 20010 -20011 20023 -20024 20030 -20031 imp:n,p 1
300076 400076 -2.156 20010 -20011 20023 -20024 20031 -20032 imp:n,p 1
300077 400077 -2.156 20010 -20011 20023 -20024 20032 -20033 imp:n,p 1
300078 400078 -2.156 20010 -20011 20023 -20024 20033 -20034 imp:n,p 1
300079 400079 -2.156 20010 -20011 20023 -20024 20034 -20035 imp:n,p 1
300080 400080 -2.156 20011 -20012 20023 -20024 20030 -20031 imp:n,p 1
300081 400081 -2.156 20011 -20012 20023 -20024 20031 -20032 imp:n,p 1
300082 400082 -2.156 20011 -20012 20023 -20024 20032 -20033 imp:n,p 1
300083 400083 -2.156 20011 -20012 20023 -20024 20033 -20034 imp:n,p 1
300084 400084 -2.156 20011 -20012 20023 -20024 20034 -20035 imp:n,p 1
300085 400085 -2.156 20012 -20013 20023 -20024 20030 -20031 imp:n,p 1
300086 400086 -2.156 20012 -20013 20023 -20024 20031 -20032 imp:n,p 1
300087 400087 -2.156 20012 -20013 20023 -20024 20032 -20033 imp:n,p 1
300088 400088 -2.156 20012 -20013 20023 -20024 20033 -20034 imp:n,p 1
300089 400089 -2.156 20012 -20013 20023 -20024 20034 -20035 imp:n,p 1
300090 400090 -2.156 20013 -20014 20023 -20024 20030 -20031 imp:n,p 1
300091 400091 -2.156 20013 -20014 20023 -20024 20031 -20032 imp:n,p 1
300092 400092 -2.156 20013 -20014 20023 -20024 20032 -20033 imp:n,p 1
300093 400093 -2.156 20013 -20014 20023 -20024 20033 -20034 imp:n,p 1
300094 400094 -2.156 20013 -20014 20023 -20024 20034 -20035 imp:n,p 1
300095 400095 -2.156 20014 -20015 20023 -20024 20030 -20031 imp:n,p 1
300096 400096 -2.156 20014 -20015 20023 -20024 20031 -20032 imp:n,p 1
300097 400097 -2.156 20014 -20015 20023 -20024 20032 -20033 imp:n,p 1
300098 400098 -2.156 20014 -20015 20023 -20024 20033 -20034 imp:n,p 1
300099 400099 -2.156 20014 -20015 20023 -20024 20034 -20035 imp:n,p 1
300100 400100 -2.156 20010 -20011 20024 -20025 20030 -20031 imp:n,p 1
300101 400101 -2.156 20010 -20011 20024 -20025 20031 -20032 imp:n,p 1
300102 400102 -2.156 20010 -20011 20024 -20025 20032 -20033 imp:n,p 1
300103 400103 -2.156 20010 -20011 20024 -20025 20033 -20034 imp:n,p 1
300104 400104 -2.156 20010 -20011 20024 -20025 20034 -20035 imp:n,p 1
300105 400105 -2.156 20011 -20012 20024 -20025 20030 -20031 imp:n,p 1
300106 400106 -2.156 20011 -20012 20024 -20025 20031 -20032 imp:n,p 1
300107 400107 -2.156 20011 -20012 20024 -20025 20032 -20033 imp:n,p 1
300108 400108 -2.156 20011 -20012 20024 -20025 20033 -20034 imp:n,p 1
300109 400109 -2.156 20011 -20012 20024 -20025 20034 -20035 imp:n,p 1
300110 400110 -2.156 20012 -20013 20024 -20025 20030 -20031 imp:n,p 1
300111 400111 -2.156 20012 -20013 20024 -20025 20031 -20032 imp:n,p 1
300112 400112 -2.156 20012 -20013 20024 -20025 20032 -20033 imp:n,p 1
300113 400113 -2.156 20012 -20013 20024 -20025 20033 -20034 imp:n,p 1
300114 400114 -2.156 20012 -20013 20024 -20025 20034 -20035 imp:n,p 1
300115 400115 -2.156 20013 -20014 20024 -20025 20030 -20031 imp:n,p 1
300116 400116 -2.156 20013 -20014 20024 -20025 20031 -20032 imp:n,p 1
300117 400117 -2.156 20013 -20014 20024 -20025 20032 -20033 imp:n,p 1
300118 400118 -2.156 20013 -20014 20024 -20025 20033 -20034 imp:n,p 1
300119 400119 -2.156 20013 -20014 20024 -20025 20034 -20035 imp:n,p 1
300120 400120 -2.156 20014 -20015 20024 -20025 20030 -20031 imp:n,p 1
300121 400121 -2.156 20014 -20015 20024 -20025 20031 -20032 imp:n,p 1
300122 400122 -2.156 20014 -20015 20024 -20025 20032 -20033 imp:n,p 1
300123 400123 -2.156 20014 -20015 20024 -20025 20033 -20034 imp:n,p 1
300124 400124 -2.156 20014 -20015 20024 -20025 20034 -20035 imp:n,p 1
c
30 12 -0.00129 -200 #101 #121 #122 #123 #124 #125 #126 #127 #128 #129 #130 #131 #132 #133
        #21 #211 #212 #22 #221 #222 #23 #231 #232 #24 #241 #242 #20 imp:n,p 1 $Rest of the World
31 0 200 imp:n,p 0 $Outside world

c SURFACE CARDS
c
c Sample Volume
20010 px -56.0
20011 px -33.59999999999991
20012 px -11.199999999999818
20013 px 11.199999999999818
20014 px 33.59999999999991
20015 px 56.0
20020 py -45.0
20021 py -27.0
20022 py -9.0
20023 py 9.0
20024 py 27.0
20025 py 45.0
20030 pz 92.0
20031 pz 82.0
20032 pz 72.0
20033 pz 62.0
20034 pz 52.0
20035 pz 42.0
c Active Detector Region
21 rcc 56  -5.0 -1.0   0.0 20.3 0.0   4.5 $Detector 1 Base center, Hx,Hy,Hz, radius
c Shielding Surfaces
c Shielding Pb
31 rpp 19 29 -7.5 7.5 -11 9 $PbPE xmin xmax ymin ymax zmin zmax
32 rpp 9 19 4 9 -11 9 $Pb xmin xmax ymin ymax zmin zmax
33 rpp 9 19 -9 -4 -11 9 $Pb xmin xmax ymin ymax zmin zmax
34 rpp 19 29 7.5 12.5 -11 9 $Pb xmin xmax ymin ymax zmin zmax
35 rpp 19 29 -12.5 -7.5 -11 9 $Pb xmin xmax ymin ymax zmin zmax
36 rpp 29 34 -15 15 -11 9 $Pb xmin xmax ymin ymax zmin zmax
37 rpp 9 19 -4 4 4 9 $Pb xmin xmax ymin ymax zmin zmax
38 rpp -26 26 18 28 -11 9 $BA1 xmin xmax ymin ymax zmin zmax
39 rpp -26 26 -28 -18 -11 9 $BA2 xmin xmax ymin ymax zmin zmax
40 rpp -65 65 -28 28 10 10.5 $Al xmin xmax ymin ymax zmin zmax
401 rpp -27 27 29 34 -11 9 $Fe xmin xmax ymin ymax zmin zmax
402 rpp -27 27 -34 -29 -11 9 $Fe xmin xmax ymin ymax zmin zmax
301 px -20
302 px 18
303 cx 3.71
304 cx 3.81
c Wheels Surfaces
c 23/10.5-12 turf tires, 22.6 lb rubber
c diameter 29cm, tread width 25cm, and sidewall height 13.76 cm
c set thickness of all sides 1.3 cm (s.t. weight is 22.6 lb)
41 rcc -2 77 8   0.0 25 0.0 29 $wheel 1 outer tread surface
42 rcc -2 77 8   0.0 25 0.0 27.7 $wheel 1 inner tread surface
421 rcc -2 75.7 8   0.0 1.3 0.0 29 $wheel 1 outside sidewall exterior
422 rcc -2 75.7 8   0.0 1.3 0.0 15.24 $wheel 1 outside sidewall interior
423 rcc -2 102 8   0.0 1.3 0.0 29 $wheel 1 inside sidewall exterior
424 rcc -2 102 8   0.0 1.3 0.0 15.24 $wheel 1 inside sidewall interior
43 rcc 68 77 8   0.0 25 0.0 29 $wheel 2
44 rcc 68 77 8   0.0 25 0.0 27.7
441 rcc 68 75.7 8   0.0 1.3 0.0 29
442 rcc 68 75.7 8   0.0 1.3 0.0 15.24
443 rcc 68 102 8   0.0 1.3 0.0 29
444 rcc 68 102 8   0.0 1.3 0.0 15.24
45 rcc -2 -77 8   0.0 -25 0.0 29 $wheel 3
46 rcc -2 -77 8   0.0 -25 0.0 27.7
461 rcc -2 -75.7 8   0.0 -1.3 0.0 29
462 rcc -2 -75.7 8   0.0 -1.3 0.0 15.24
463 rcc -2 -102 8   0.0 -1.3 0.0 29
464 rcc -2 -102 8   0.0 -1.3 0.0 15.24
47 rcc 68 -77 8   0.0 -25 0.0 29 $wheel 4
48 rcc 68 -77 8   0.0 -25 0.0 27.7
481 rcc 68 -75.7 8   0.0 -1.3 0.0 29
482 rcc 68 -75.7 8   0.0 -1.3 0.0 15.24
483 rcc 68 -102 8   0.0 -1.3 0.0 29
484 rcc 68 -102 8   0.0 -1.3 0.0 15.24
200 so 800    $sphere of 800cm centered at origin
c

c DATA CARDS
mode n p
c dump every hr
prdmp -60 -60 -1
c 100 keV Neutron Energy Cutoff
Cut:n 1j 0.1
c analog neutron transport
phys:n 1j 14
phys:p
sdef pos=0 0 0 erg=14.0 vec= 0 0 1 dir=d1
si1  -1 .93 1
sp1   0  0.0  1.0
c ********************
c begin material cards
c ********************
c Pure Carbon
c ****************************************
m400000 6000 -0.00047728686426251046 7000 -0.00047728686426251046 14000 -0.999045426271475 
m400001 6000 -0.0018248637081264912 7000 -0.0018248637081264912 14000 -0.9963502725837472 
m400002 6000 -0.0036289362087784183 7000 -0.0036289362087784183 14000 -0.9927421275824436 
m400003 6000 -0.005789265408210771 7000 -0.005789265408210771 14000 -0.9884214691835785 
m400004 6000 -0.008006206282025266 7000 -0.008006206282025266 14000 -0.9839875874359495 
m400005 6000 -0.00029037122685848 7000 -0.00029037122685848 14000 -0.999419257546283 
m400006 6000 -0.0020902165005778784 7000 -0.0020902165005778784 14000 -0.9958195669988441 
m400007 6000 -0.0037920334323070237 7000 -0.0037920334323070237 14000 -0.992415933135386 
m400008 6000 -0.006100284722221409 7000 -0.006100284722221409 14000 -0.9877994305555572 
m400009 6000 -0.008022220514082745 7000 -0.008022220514082745 14000 -0.9839555589718344 
m400010 6000 -0.0004582180352575653 7000 -0.0004582180352575653 14000 -0.9990835639294849 
m400011 6000 -0.0020141664036137305 7000 -0.0020141664036137305 14000 -0.9959716671927729 
m400012 6000 -0.003449373384275845 7000 -0.003449373384275845 14000 -0.9931012532314486 
m400013 6000 -0.005755677108994004 7000 -0.005755677108994004 14000 -0.988488645782012 
m400014 6000 -0.008034351368269127 7000 -0.008034351368269127 14000 -0.9839312972634618 
m400015 6000 -0.00031351559130777114 7000 -0.00031351559130777114 14000 -0.9993729688173844 
m400016 6000 -0.001822372366728522 7000 -0.001822372366728522 14000 -0.9963552552665429 
m400017 6000 -0.003982828125389259 7000 -0.003982828125389259 14000 -0.9920343437492215 
m400018 6000 -0.0057940868761306805 7000 -0.0057940868761306805 14000 -0.9884118262477384 
m400019 6000 -0.007751099118363628 7000 -0.007751099118363628 14000 -0.9844978017632731 
m400020 6000 -0.0005502785547176196 7000 -0.0005502785547176196 14000 -0.9988994428905648 
m400021 6000 -0.0016969819051008556 7000 -0.0016969819051008556 14000 -0.996606036189798 
m400022 6000 -0.003936335973300793 7000 -0.003936335973300793 14000 -0.9921273280533986 
m400023 6000 -0.005821214700304774 7000 -0.005821214700304774 14000 -0.9883575705993901 
m400024 6000 -0.007718333527264495 7000 -0.007718333527264495 14000 -0.9845633329454709 
m400025 6000 -0.0005279704414154447 7000 -0.0005279704414154447 14000 -0.998944059117169 
m400026 6000 -0.0019170714062165838 7000 -0.0019170714062165838 14000 -0.9961658571875668 
m400027 6000 -0.0040224183746238006 7000 -0.0040224183746238006 14000 -0.9919551632507523 
m400028 6000 -0.0059838249336391595 7000 -0.0059838249336391595 14000 -0.9880323501327218 
m400029 6000 -0.007969166925782995 7000 -0.007969166925782995 14000 -0.984061666148434 
m400030 6000 -0.0004994007921040343 7000 -0.0004994007921040343 14000 -0.9990011984157919 
m400031 6000 -0.0019273236953078515 7000 -0.0019273236953078515 14000 -0.9961453526093844 
m400032 6000 -0.003862343854656009 7000 -0.003862343854656009 14000 -0.9922753122906879 
m400033 6000 -0.0060326805561194494 7000 -0.0060326805561194494 14000 -0.9879346388877613 
m400034 6000 -0.008125618748076515 7000 -0.008125618748076515 14000 -0.983748762503847 
m400035 6000 -0.0005251570746396449 7000 -0.0005251570746396449 14000 -0.9989496858507206 
m400036 6000 -0.002040384664248748 7000 -0.002040384664248748 14000 -0.9959192306715023 
m400037 6000 -0.003893946282803163 7000 -0.003893946282803163 14000 -0.9922121074343936 
m400038 6000 -0.0057327813799123726 7000 -0.0057327813799123726 14000 -0.9885344372401751 
m400039 6000 -0.00799067984457939 7000 -0.00799067984457939 14000 -0.9840186403108413 
m400040 6000 -0.00034624107510064473 7000 -0.00034624107510064473 14000 -0.9993075178497988 
m400041 6000 -0.0016376754337340783 7000 -0.0016376754337340783 14000 -0.9967246491325318 
m400042 6000 -0.00400551682845077 7000 -0.00400551682845077 14000 -0.9919889663430987 
m400043 6000 -0.005764663947700376 7000 -0.005764663947700376 14000 -0.9884706721045993 
m400044 6000 -0.008194752347705177 7000 -0.008194752347705177 14000 -0.9836104953045895 
m400045 6000 -0.0005841110065077386 7000 -0.0005841110065077386 14000 -0.9988317779869845 
m400046 6000 -0.002091354965218954 7000 -0.002091354965218954 14000 -0.9958172900695623 
m400047 6000 -0.004250458716374544 7000 -0.004250458716374544 14000 -0.9914990825672513 
m400048 6000 -0.006315133221633097 7000 -0.006315133221633097 14000 -0.9873697335567343 
m400049 6000 -0.007783511436742481 7000 -0.007783511436742481 14000 -0.9844329771265151 
m400050 6000 -0.00043893881623627615 7000 -0.00043893881623627615 14000 -0.9991221223675272 
m400051 6000 -0.001963929507452955 7000 -0.001963929507452955 14000 -0.996072140985094 
m400052 6000 -0.003866087418802033 7000 -0.003866087418802033 14000 -0.9922678251623956 
m400053 6000 -0.005911413255609478 7000 -0.005911413255609478 14000 -0.9881771734887812 
m400054 6000 -0.007683100973029244 7000 -0.007683100973029244 14000 -0.9846337980539416 
m400055 6000 -0.0004922893241895807 7000 -0.0004922893241895807 14000 -0.9990154213516207 
m400056 6000 -0.0020095590503290627 7000 -0.0020095590503290627 14000 -0.9959808818993419 
m400057 6000 -0.004283606372461375 7000 -0.004283606372461375 14000 -0.9914327872550772 
m400058 6000 -0.00597303757252587 7000 -0.00597303757252587 14000 -0.988053924854948 
m400059 6000 -0.007807121489763578 7000 -0.007807121489763578 14000 -0.9843857570204727 
m400060 6000 -0.0005621676390637547 7000 -0.0005621676390637547 14000 -0.9988756647218725 
m400061 6000 -0.0019950055411201346 7000 -0.0019950055411201346 14000 -0.9960099889177597 
m400062 6000 -0.004055755825494564 7000 -0.004055755825494564 14000 -0.9918884883490109 
m400063 6000 -0.0058333990427256455 7000 -0.0058333990427256455 14000 -0.9883332019145484 
m400064 6000 -0.00795027305172364 7000 -0.00795027305172364 14000 -0.9840994538965527 
m400065 6000 -0.0006240310370030669 7000 -0.0006240310370030669 14000 -0.9987519379259937 
m400066 6000 -0.0019228465754027617 7000 -0.0019228465754027617 14000 -0.9961543068491941 
m400067 6000 -0.003988414978481999 7000 -0.003988414978481999 14000 -0.9920231700430356 
m400068 6000 -0.006144081415134392 7000 -0.006144081415134392 14000 -0.9877118371697311 
m400069 6000 -0.007792928592606992 7000 -0.007792928592606992 14000 -0.9844141428147861 
m400070 6000 -0.0006759213112982377 7000 -0.0006759213112982377 14000 -0.9986481573774033 
m400071 6000 -0.0019354341908738638 7000 -0.0019354341908738638 14000 -0.9961291316182522 
m400072 6000 -0.0037630872021636843 7000 -0.0037630872021636843 14000 -0.9924738255956727 
m400073 6000 -0.0061401702972586755 7000 -0.0061401702972586755 14000 -0.9877196594054826 
m400074 6000 -0.007667578123969917 7000 -0.007667578123969917 14000 -0.9846648437520596 
m400075 6000 -0.00045675877688369283 7000 -0.00045675877688369283 14000 -0.9990864824462323 
m400076 6000 -0.0019653581182647647 7000 -0.0019653581182647647 14000 -0.9960692837634704 
m400077 6000 -0.003834077241686906 7000 -0.003834077241686906 14000 -0.9923318455166263 
m400078 6000 -0.005984854185796747 7000 -0.005984854185796747 14000 -0.9880302916284065 
m400079 6000 -0.008163551470453544 7000 -0.008163551470453544 14000 -0.983672897059093 
m400080 6000 -0.000503785527406794 7000 -0.000503785527406794 14000 -0.9989924289451865 
m400081 6000 -0.0019342681101034657 7000 -0.0019342681101034657 14000 -0.9961314637797932 
m400082 6000 -0.004195602536717443 7000 -0.004195602536717443 14000 -0.9916087949265653 
m400083 6000 -0.005872625877905257 7000 -0.005872625877905257 14000 -0.9882547482441895 
m400084 6000 -0.008084381815285625 7000 -0.008084381815285625 14000 -0.9838312363694284 
m400085 6000 -0.000358736268864824 7000 -0.000358736268864824 14000 -0.9992825274622703 
m400086 6000 -0.0021540028551772926 7000 -0.0021540028551772926 14000 -0.9956919942896453 
m400087 6000 -0.003946879374747455 7000 -0.003946879374747455 14000 -0.9921062412505053 
m400088 6000 -0.005710619044480331 7000 -0.005710619044480331 14000 -0.9885787619110394 
m400089 6000 -0.007809003648354979 7000 -0.007809003648354979 14000 -0.9843819927032902 
m400090 6000 -0.0005060907239007495 7000 -0.0005060907239007495 14000 -0.9989878185521982 
m400091 6000 -0.0020725931126242486 7000 -0.0020725931126242486 14000 -0.9958548137747512 
m400092 6000 -0.0039342392751751665 7000 -0.0039342392751751665 14000 -0.9921315214496496 
m400093 6000 -0.0059036231641601536 7000 -0.0059036231641601536 14000 -0.9881927536716795 
m400094 6000 -0.008166583227552418 7000 -0.008166583227552418 14000 -0.9836668335448947 
m400095 6000 -0.0004580538446422315 7000 -0.0004580538446422315 14000 -0.9990838923107157 
m400096 6000 -0.002296420623645973 7000 -0.002296420623645973 14000 -0.9954071587527082 
m400097 6000 -0.004135798139000284 7000 -0.004135798139000284 14000 -0.9917284037219996 
m400098 6000 -0.005567399052688282 7000 -0.005567399052688282 14000 -0.9888652018946235 
m400099 6000 -0.007937228339743392 7000 -0.007937228339743392 14000 -0.9841255433205133 
m400100 6000 -0.0005653107148305898 7000 -0.0005653107148305898 14000 -0.9988693785703389 
m400101 6000 -0.001977811200178216 7000 -0.001977811200178216 14000 -0.9960443775996436 
m400102 6000 -0.0038877202971750444 7000 -0.0038877202971750444 14000 -0.9922245594056502 
m400103 6000 -0.006001919190572056 7000 -0.006001919190572056 14000 -0.987996161618856 
m400104 6000 -0.00813051212786453 7000 -0.00813051212786453 14000 -0.983738975744271 
m400105 6000 -0.0005158264790812009 7000 -0.0005158264790812009 14000 -0.9989683470418376 
m400106 6000 -0.002009074075236485 7000 -0.002009074075236485 14000 -0.9959818518495269 
m400107 6000 -0.004119932795626897 7000 -0.004119932795626897 14000 -0.9917601344087457 
m400108 6000 -0.0060832732446741275 7000 -0.0060832732446741275 14000 -0.9878334535106517 
m400109 6000 -0.007833112702036698 7000 -0.007833112702036698 14000 -0.9843337745959266 
m400110 6000 -0.0004596545676173869 7000 -0.0004596545676173869 14000 -0.9990806908647653 
m400111 6000 -0.002071366321911235 7000 -0.002071366321911235 14000 -0.9958572673561776 
m400112 6000 -0.0038415023524336935 7000 -0.0038415023524336935 14000 -0.9923169952951327 
m400113 6000 -0.006140347333475909 7000 -0.006140347333475909 14000 -0.9877193053330483 
m400114 6000 -0.007835835945282222 7000 -0.007835835945282222 14000 -0.9843283281094355 
m400115 6000 -0.000450144284018264 7000 -0.000450144284018264 14000 -0.9990997114319636 
m400116 6000 -0.0019161323340038264 7000 -0.0019161323340038264 14000 -0.9961677353319922 
m400117 6000 -0.0040388142852223466 7000 -0.0040388142852223466 14000 -0.9919223714295551 
m400118 6000 -0.006173337587501787 7000 -0.006173337587501787 14000 -0.9876533248249961 
m400119 6000 -0.00770832226032244 7000 -0.00770832226032244 14000 -0.9845833554793552 
m400120 6000 -0.0005944226453561215 7000 -0.0005944226453561215 14000 -0.9988111547092879 
m400121 6000 -0.0017643567250843423 7000 -0.0017643567250843423 14000 -0.9964712865498315 
m400122 6000 -0.003866177525683427 7000 -0.003866177525683427 14000 -0.9922676449486328 
m400123 6000 -0.005655955186280459 7000 -0.005655955186280459 14000 -0.988688089627439 
m400124 6000 -0.007990152443082921 7000 -0.007990152443082921 14000 -0.9840196951138341 
c **********************************
c PE+Pb, dens=4.78 g/cm3
m2      6000    -0.04286 $Carbon
        1001    -0.00714 $Hydrogen
        82000   -0.95000 $Lead
c **********************************
m3    1001 -0.048535 $Boric acid
      5010 -0.034981
      5011 -0.139923
      8016 -0.776561
c **********************************
m4    82000 1 $Lead
c **********************************
m5 26000 1 $Iron
c **********************************
m6     13027   -1.000 $ Aluminum
c **********************************
c  SS-304 (8.00 g/cm3), #298 in PNNL Compendium
m7   006000.50c -0.0004000
     014000.60c -0.0050000
     015031.50c -0.0002300
     016000.60c -0.0001500
     024000.50c -0.1899981
     025055.60c -0.0099999
     026000.50c -0.7017229
     028000.50c -0.0924991
c ****************************************
c       LaBr detector
c ****************************************
m8       35079    -0.2946       $ Br79
         35081    -0.3069       $ Br81
         57139    -0.3485       $ La139
         58140    -0.0500       $ Ce140
c ************ air den=1.15e-3g/cc
m12     8016 -0.23
        7014 -0.77
c ************ Rubber Natural den=0.92 g/cc
m13     1001 -0.118371  $weight fraction
        6000 -0.881629
c
c end material cards
c
rand seed=8674536546524321 $different initial random #; seed# - any less 18 digits
c
c ********** begin tallies *********************
fc78 *********Broadened Pulse Height Tally Sum of Detectors 1,2 & 3 ***********
e78 0 1e-5 932i 8.4295
F78:p (101)
FT78 GEB -0.026198 0.059551 -0.037176
fc18 *********Unbroadened Pulse Height Tally Sum of Detectors 1,2 & 3 ***********
e18 0 1e-5 932i 8.4295
F18:p (101)
c ***********************************
c mplot tal 78 freq 10000
nps 1e9
