c CAS DETECTOR
c w/ Shielding in Place and Wheels
c
c CELL CARDS
c
c @@@@@@@@@@ Detectors @@@@@@@@@@@@@@@@@
c
101 8 -5.08 -21 imp:n,p 1 $LaBr Detector #1 Active Region
c
c @@@@@@@@@ Shielding @@@@@@@@@@@@@@@@@
c
121 2 -4.78 -31 imp:n,p 1 $PE_Pb
122 4 -11.29 -32 imp:n,p 1 $Pb1
123 4 -11.29 -33 imp:n,p 1 $Pb2
124 4 -11.29 -34 imp:n,p 1 $Pb3
125 4 -11.29 -35 imp:n,p 1 $Pb4
126 4 -11.29 -36 imp:n,p 1 $Pb5
127 4 -11.29 -37 imp:n,p 1 $Pb6
128 3 -1.5 -38 imp:n,p 1 $BA1
129 3 -1.5 -39 imp:n,p 1 $BA2
130 6 -2.7 -40 imp:n,p 1 $Al
131 7 -7.92 301 -302 303 -304 imp:n,p 1 $Fe-tube
132 5 -7.8 -401 imp:n,p 1 $Fe
133 5 -7.8 -402 imp:n,p 1 $Fe
c @@@@@@@@@@ Wheels @@@@@@@@@@@@@@@@@
c
21 13 -0.92 -41 42 imp:n,p 1 $Wheel 1
211 13 -0.92 -421 422 imp:n,p 1 $Wheel 1
212 13 -0.92 -423 424 imp:n,p 1 $Wheel 1
22 13 -0.92 -43 44 imp:n,p 1 $Wheel 2
221 13 -0.92 -441 442 imp:n,p 1 $Wheel 2
222 13 -0.92 -443 444 imp:n,p 1 $Wheel 2
23 13 -0.92 -45 46 imp:n,p 1 $Wheel 3
231 13 -0.92 -461 462 imp:n,p 1 $Wheel 3
232 13 -0.92 -463 464 imp:n,p 1 $Wheel 3
24 13 -0.92 -47 48 imp:n,p 1 $Wheel 4
241 13 -0.92 -481 482 imp:n,p 1 $Wheel 4
242 13 -0.92 -483 484 imp:n,p 1 $Wheel 4
c
c @@@@@@@@@@ SOIL VOLUME @@@@@@@@@@@
c
300000 400000 -2.156 20010 -20011 20020 -20021 20030 -20031 imp:n,p 1
300001 400001 -2.156 20010 -20011 20020 -20021 20031 -20032 imp:n,p 1
300002 400002 -2.156 20010 -20011 20020 -20021 20032 -20033 imp:n,p 1
300003 400003 -2.156 20010 -20011 20020 -20021 20033 -20034 imp:n,p 1
300004 400004 -2.156 20010 -20011 20020 -20021 20034 -20035 imp:n,p 1
300005 400005 -2.156 20011 -20012 20020 -20021 20030 -20031 imp:n,p 1
300006 400006 -2.156 20011 -20012 20020 -20021 20031 -20032 imp:n,p 1
300007 400007 -2.156 20011 -20012 20020 -20021 20032 -20033 imp:n,p 1
300008 400008 -2.156 20011 -20012 20020 -20021 20033 -20034 imp:n,p 1
300009 400009 -2.156 20011 -20012 20020 -20021 20034 -20035 imp:n,p 1
300010 400010 -2.156 20012 -20013 20020 -20021 20030 -20031 imp:n,p 1
300011 400011 -2.156 20012 -20013 20020 -20021 20031 -20032 imp:n,p 1
300012 400012 -2.156 20012 -20013 20020 -20021 20032 -20033 imp:n,p 1
300013 400013 -2.156 20012 -20013 20020 -20021 20033 -20034 imp:n,p 1
300014 400014 -2.156 20012 -20013 20020 -20021 20034 -20035 imp:n,p 1
300015 400015 -2.156 20013 -20014 20020 -20021 20030 -20031 imp:n,p 1
300016 400016 -2.156 20013 -20014 20020 -20021 20031 -20032 imp:n,p 1
300017 400017 -2.156 20013 -20014 20020 -20021 20032 -20033 imp:n,p 1
300018 400018 -2.156 20013 -20014 20020 -20021 20033 -20034 imp:n,p 1
300019 400019 -2.156 20013 -20014 20020 -20021 20034 -20035 imp:n,p 1
300020 400020 -2.156 20014 -20015 20020 -20021 20030 -20031 imp:n,p 1
300021 400021 -2.156 20014 -20015 20020 -20021 20031 -20032 imp:n,p 1
300022 400022 -2.156 20014 -20015 20020 -20021 20032 -20033 imp:n,p 1
300023 400023 -2.156 20014 -20015 20020 -20021 20033 -20034 imp:n,p 1
300024 400024 -2.156 20014 -20015 20020 -20021 20034 -20035 imp:n,p 1
300025 400025 -2.156 20010 -20011 20021 -20022 20030 -20031 imp:n,p 1
300026 400026 -2.156 20010 -20011 20021 -20022 20031 -20032 imp:n,p 1
300027 400027 -2.156 20010 -20011 20021 -20022 20032 -20033 imp:n,p 1
300028 400028 -2.156 20010 -20011 20021 -20022 20033 -20034 imp:n,p 1
300029 400029 -2.156 20010 -20011 20021 -20022 20034 -20035 imp:n,p 1
300030 400030 -2.156 20011 -20012 20021 -20022 20030 -20031 imp:n,p 1
300031 400031 -2.156 20011 -20012 20021 -20022 20031 -20032 imp:n,p 1
300032 400032 -2.156 20011 -20012 20021 -20022 20032 -20033 imp:n,p 1
300033 400033 -2.156 20011 -20012 20021 -20022 20033 -20034 imp:n,p 1
300034 400034 -2.156 20011 -20012 20021 -20022 20034 -20035 imp:n,p 1
300035 400035 -2.156 20012 -20013 20021 -20022 20030 -20031 imp:n,p 1
300036 400036 -2.156 20012 -20013 20021 -20022 20031 -20032 imp:n,p 1
300037 400037 -2.156 20012 -20013 20021 -20022 20032 -20033 imp:n,p 1
300038 400038 -2.156 20012 -20013 20021 -20022 20033 -20034 imp:n,p 1
300039 400039 -2.156 20012 -20013 20021 -20022 20034 -20035 imp:n,p 1
300040 400040 -2.156 20013 -20014 20021 -20022 20030 -20031 imp:n,p 1
300041 400041 -2.156 20013 -20014 20021 -20022 20031 -20032 imp:n,p 1
300042 400042 -2.156 20013 -20014 20021 -20022 20032 -20033 imp:n,p 1
300043 400043 -2.156 20013 -20014 20021 -20022 20033 -20034 imp:n,p 1
300044 400044 -2.156 20013 -20014 20021 -20022 20034 -20035 imp:n,p 1
300045 400045 -2.156 20014 -20015 20021 -20022 20030 -20031 imp:n,p 1
300046 400046 -2.156 20014 -20015 20021 -20022 20031 -20032 imp:n,p 1
300047 400047 -2.156 20014 -20015 20021 -20022 20032 -20033 imp:n,p 1
300048 400048 -2.156 20014 -20015 20021 -20022 20033 -20034 imp:n,p 1
300049 400049 -2.156 20014 -20015 20021 -20022 20034 -20035 imp:n,p 1
300050 400050 -2.156 20010 -20011 20022 -20023 20030 -20031 imp:n,p 1
300051 400051 -2.156 20010 -20011 20022 -20023 20031 -20032 imp:n,p 1
300052 400052 -2.156 20010 -20011 20022 -20023 20032 -20033 imp:n,p 1
300053 400053 -2.156 20010 -20011 20022 -20023 20033 -20034 imp:n,p 1
300054 400054 -2.156 20010 -20011 20022 -20023 20034 -20035 imp:n,p 1
300055 400055 -2.156 20011 -20012 20022 -20023 20030 -20031 imp:n,p 1
300056 400056 -2.156 20011 -20012 20022 -20023 20031 -20032 imp:n,p 1
300057 400057 -2.156 20011 -20012 20022 -20023 20032 -20033 imp:n,p 1
300058 400058 -2.156 20011 -20012 20022 -20023 20033 -20034 imp:n,p 1
300059 400059 -2.156 20011 -20012 20022 -20023 20034 -20035 imp:n,p 1
300060 400060 -2.156 20012 -20013 20022 -20023 20030 -20031 imp:n,p 1
300061 400061 -2.156 20012 -20013 20022 -20023 20031 -20032 imp:n,p 1
300062 400062 -2.156 20012 -20013 20022 -20023 20032 -20033 imp:n,p 1
300063 400063 -2.156 20012 -20013 20022 -20023 20033 -20034 imp:n,p 1
300064 400064 -2.156 20012 -20013 20022 -20023 20034 -20035 imp:n,p 1
300065 400065 -2.156 20013 -20014 20022 -20023 20030 -20031 imp:n,p 1
300066 400066 -2.156 20013 -20014 20022 -20023 20031 -20032 imp:n,p 1
300067 400067 -2.156 20013 -20014 20022 -20023 20032 -20033 imp:n,p 1
300068 400068 -2.156 20013 -20014 20022 -20023 20033 -20034 imp:n,p 1
300069 400069 -2.156 20013 -20014 20022 -20023 20034 -20035 imp:n,p 1
300070 400070 -2.156 20014 -20015 20022 -20023 20030 -20031 imp:n,p 1
300071 400071 -2.156 20014 -20015 20022 -20023 20031 -20032 imp:n,p 1
300072 400072 -2.156 20014 -20015 20022 -20023 20032 -20033 imp:n,p 1
300073 400073 -2.156 20014 -20015 20022 -20023 20033 -20034 imp:n,p 1
300074 400074 -2.156 20014 -20015 20022 -20023 20034 -20035 imp:n,p 1
300075 400075 -2.156 20010 -20011 20023 -20024 20030 -20031 imp:n,p 1
300076 400076 -2.156 20010 -20011 20023 -20024 20031 -20032 imp:n,p 1
300077 400077 -2.156 20010 -20011 20023 -20024 20032 -20033 imp:n,p 1
300078 400078 -2.156 20010 -20011 20023 -20024 20033 -20034 imp:n,p 1
300079 400079 -2.156 20010 -20011 20023 -20024 20034 -20035 imp:n,p 1
300080 400080 -2.156 20011 -20012 20023 -20024 20030 -20031 imp:n,p 1
300081 400081 -2.156 20011 -20012 20023 -20024 20031 -20032 imp:n,p 1
300082 400082 -2.156 20011 -20012 20023 -20024 20032 -20033 imp:n,p 1
300083 400083 -2.156 20011 -20012 20023 -20024 20033 -20034 imp:n,p 1
300084 400084 -2.156 20011 -20012 20023 -20024 20034 -20035 imp:n,p 1
300085 400085 -2.156 20012 -20013 20023 -20024 20030 -20031 imp:n,p 1
300086 400086 -2.156 20012 -20013 20023 -20024 20031 -20032 imp:n,p 1
300087 400087 -2.156 20012 -20013 20023 -20024 20032 -20033 imp:n,p 1
300088 400088 -2.156 20012 -20013 20023 -20024 20033 -20034 imp:n,p 1
300089 400089 -2.156 20012 -20013 20023 -20024 20034 -20035 imp:n,p 1
300090 400090 -2.156 20013 -20014 20023 -20024 20030 -20031 imp:n,p 1
300091 400091 -2.156 20013 -20014 20023 -20024 20031 -20032 imp:n,p 1
300092 400092 -2.156 20013 -20014 20023 -20024 20032 -20033 imp:n,p 1
300093 400093 -2.156 20013 -20014 20023 -20024 20033 -20034 imp:n,p 1
300094 400094 -2.156 20013 -20014 20023 -20024 20034 -20035 imp:n,p 1
300095 400095 -2.156 20014 -20015 20023 -20024 20030 -20031 imp:n,p 1
300096 400096 -2.156 20014 -20015 20023 -20024 20031 -20032 imp:n,p 1
300097 400097 -2.156 20014 -20015 20023 -20024 20032 -20033 imp:n,p 1
300098 400098 -2.156 20014 -20015 20023 -20024 20033 -20034 imp:n,p 1
300099 400099 -2.156 20014 -20015 20023 -20024 20034 -20035 imp:n,p 1
300100 400100 -2.156 20010 -20011 20024 -20025 20030 -20031 imp:n,p 1
300101 400101 -2.156 20010 -20011 20024 -20025 20031 -20032 imp:n,p 1
300102 400102 -2.156 20010 -20011 20024 -20025 20032 -20033 imp:n,p 1
300103 400103 -2.156 20010 -20011 20024 -20025 20033 -20034 imp:n,p 1
300104 400104 -2.156 20010 -20011 20024 -20025 20034 -20035 imp:n,p 1
300105 400105 -2.156 20011 -20012 20024 -20025 20030 -20031 imp:n,p 1
300106 400106 -2.156 20011 -20012 20024 -20025 20031 -20032 imp:n,p 1
300107 400107 -2.156 20011 -20012 20024 -20025 20032 -20033 imp:n,p 1
300108 400108 -2.156 20011 -20012 20024 -20025 20033 -20034 imp:n,p 1
300109 400109 -2.156 20011 -20012 20024 -20025 20034 -20035 imp:n,p 1
300110 400110 -2.156 20012 -20013 20024 -20025 20030 -20031 imp:n,p 1
300111 400111 -2.156 20012 -20013 20024 -20025 20031 -20032 imp:n,p 1
300112 400112 -2.156 20012 -20013 20024 -20025 20032 -20033 imp:n,p 1
300113 400113 -2.156 20012 -20013 20024 -20025 20033 -20034 imp:n,p 1
300114 400114 -2.156 20012 -20013 20024 -20025 20034 -20035 imp:n,p 1
300115 400115 -2.156 20013 -20014 20024 -20025 20030 -20031 imp:n,p 1
300116 400116 -2.156 20013 -20014 20024 -20025 20031 -20032 imp:n,p 1
300117 400117 -2.156 20013 -20014 20024 -20025 20032 -20033 imp:n,p 1
300118 400118 -2.156 20013 -20014 20024 -20025 20033 -20034 imp:n,p 1
300119 400119 -2.156 20013 -20014 20024 -20025 20034 -20035 imp:n,p 1
300120 400120 -2.156 20014 -20015 20024 -20025 20030 -20031 imp:n,p 1
300121 400121 -2.156 20014 -20015 20024 -20025 20031 -20032 imp:n,p 1
300122 400122 -2.156 20014 -20015 20024 -20025 20032 -20033 imp:n,p 1
300123 400123 -2.156 20014 -20015 20024 -20025 20033 -20034 imp:n,p 1
300124 400124 -2.156 20014 -20015 20024 -20025 20034 -20035 imp:n,p 1
c
30 12 -0.00129 -200 #101 #121 #122 #123 #124 #125 #126 #127 #128 #129 #130 #131 #132 #133
        #21 #211 #212 #22 #221 #222 #23 #231 #232 #24 #241 #242 #20 imp:n,p 1 $Rest of the World
31 0 200 imp:n,p 0 $Outside world

c SURFACE CARDS
c
c Sample Volume
20010 px -56.0
20011 px -33.600000000000364
20012 px -11.200000000000728
20013 px 11.200000000000728
20014 px 33.599999999998545
20015 px 56.0
20020 py -45.0
20021 py -27.0
20022 py -9.0
20023 py 9.0
20024 py 27.0
20025 py 45.0
20030 pz 92.0
20031 pz 82.0
20032 pz 72.0
20033 pz 62.0
20034 pz 52.0
20035 pz 42.0
c Active Detector Region
21 rcc 56  -5.0 -1.0   0.0 20.3 0.0   4.5 $Detector 1 Base center, Hx,Hy,Hz, radius
c Shielding Surfaces
c Shielding Pb
31 rpp 19 29 -7.5 7.5 -11 9 $PbPE xmin xmax ymin ymax zmin zmax
32 rpp 9 19 4 9 -11 9 $Pb xmin xmax ymin ymax zmin zmax
33 rpp 9 19 -9 -4 -11 9 $Pb xmin xmax ymin ymax zmin zmax
34 rpp 19 29 7.5 12.5 -11 9 $Pb xmin xmax ymin ymax zmin zmax
35 rpp 19 29 -12.5 -7.5 -11 9 $Pb xmin xmax ymin ymax zmin zmax
36 rpp 29 34 -15 15 -11 9 $Pb xmin xmax ymin ymax zmin zmax
37 rpp 9 19 -4 4 4 9 $Pb xmin xmax ymin ymax zmin zmax
38 rpp -26 26 18 28 -11 9 $BA1 xmin xmax ymin ymax zmin zmax
39 rpp -26 26 -28 -18 -11 9 $BA2 xmin xmax ymin ymax zmin zmax
40 rpp -65 65 -28 28 10 10.5 $Al xmin xmax ymin ymax zmin zmax
401 rpp -27 27 29 34 -11 9 $Fe xmin xmax ymin ymax zmin zmax
402 rpp -27 27 -34 -29 -11 9 $Fe xmin xmax ymin ymax zmin zmax
301 px -20
302 px 18
303 cx 3.71
304 cx 3.81
c Wheels Surfaces
c 23/10.5-12 turf tires, 22.6 lb rubber
c diameter 29cm, tread width 25cm, and sidewall height 13.76 cm
c set thickness of all sides 1.3 cm (s.t. weight is 22.6 lb)
41 rcc -2 77 8   0.0 25 0.0 29 $wheel 1 outer tread surface
42 rcc -2 77 8   0.0 25 0.0 27.7 $wheel 1 inner tread surface
421 rcc -2 75.7 8   0.0 1.3 0.0 29 $wheel 1 outside sidewall exterior
422 rcc -2 75.7 8   0.0 1.3 0.0 15.24 $wheel 1 outside sidewall interior
423 rcc -2 102 8   0.0 1.3 0.0 29 $wheel 1 inside sidewall exterior
424 rcc -2 102 8   0.0 1.3 0.0 15.24 $wheel 1 inside sidewall interior
43 rcc 68 77 8   0.0 25 0.0 29 $wheel 2
44 rcc 68 77 8   0.0 25 0.0 27.7
441 rcc 68 75.7 8   0.0 1.3 0.0 29
442 rcc 68 75.7 8   0.0 1.3 0.0 15.24
443 rcc 68 102 8   0.0 1.3 0.0 29
444 rcc 68 102 8   0.0 1.3 0.0 15.24
45 rcc -2 -77 8   0.0 -25 0.0 29 $wheel 3
46 rcc -2 -77 8   0.0 -25 0.0 27.7
461 rcc -2 -75.7 8   0.0 -1.3 0.0 29
462 rcc -2 -75.7 8   0.0 -1.3 0.0 15.24
463 rcc -2 -102 8   0.0 -1.3 0.0 29
464 rcc -2 -102 8   0.0 -1.3 0.0 15.24
47 rcc 68 -77 8   0.0 -25 0.0 29 $wheel 4
48 rcc 68 -77 8   0.0 -25 0.0 27.7
481 rcc 68 -75.7 8   0.0 -1.3 0.0 29
482 rcc 68 -75.7 8   0.0 -1.3 0.0 15.24
483 rcc 68 -102 8   0.0 -1.3 0.0 29
484 rcc 68 -102 8   0.0 -1.3 0.0 15.24
200 so 800    $sphere of 800cm centered at origin
c

c DATA CARDS
mode n p
c dump every hr
prdmp -60 -60 -1
c 100 keV Neutron Energy Cutoff
Cut:n 1j 0.1
c analog neutron transport
phys:n 1j 14
phys:p
sdef pos=0 0 0 erg=14.0 vec= 0 0 1 dir=d1
si1  -1 .93 1
sp1   0  0.0  1.0
c ********************
c begin material cards
c ********************
c Pure Carbon
c ****************************************
m400000 6000 -0.0005378742004658268 7000 -0.0005378742004658268 14000 -0.998924251599068 
m400001 6000 -0.0022944626621968405 7000 -0.0022944626621968405 14000 -0.9954110746756065 
m400002 6000 -0.004055543839052177 7000 -0.004055543839052177 14000 -0.9918889123218958 
m400003 6000 -0.006210995840417177 7000 -0.006210995840417177 14000 -0.9875780083191655 
m400004 6000 -0.008255995586755972 7000 -0.008255995586755972 14000 -0.983488008826488 
m400005 6000 -0.0004150234776811788 7000 -0.0004150234776811788 14000 -0.9991699530446376 
m400006 6000 -0.0018914830298729906 7000 -0.0018914830298729906 14000 -0.9962170339402541 
m400007 6000 -0.004077364861373862 7000 -0.004077364861373862 14000 -0.9918452702772523 
m400008 6000 -0.006244392789205839 7000 -0.006244392789205839 14000 -0.9875112144215883 
m400009 6000 -0.008283697295938393 7000 -0.008283697295938393 14000 -0.983432605408123 
m400010 6000 -0.0006748606668725317 7000 -0.0006748606668725317 14000 -0.9986502786662546 
m400011 6000 -0.002318165473962861 7000 -0.002318165473962861 14000 -0.9953636690520744 
m400012 6000 -0.004234283237409676 7000 -0.004234283237409676 14000 -0.9915314335251806 
m400013 6000 -0.006417040779495156 7000 -0.006417040779495156 14000 -0.9871659184410096 
m400014 6000 -0.008195421656512594 7000 -0.008195421656512594 14000 -0.9836091566869745 
m400015 6000 -0.0006339064055503622 7000 -0.0006339064055503622 14000 -0.998732187188899 
m400016 6000 -0.002451405031239337 7000 -0.002451405031239337 14000 -0.995097189937521 
m400017 6000 -0.0043894676449450585 7000 -0.0043894676449450585 14000 -0.9912210647101098 
m400018 6000 -0.006437767980511367 7000 -0.006437767980511367 14000 -0.9871244640389771 
m400019 6000 -0.00820966139549133 7000 -0.00820966139549133 14000 -0.9835806772090173 
m400020 6000 -0.0007400613856157706 7000 -0.0007400613856157706 14000 -0.9985198772287686 
m400021 6000 -0.0022947119609253055 7000 -0.0022947119609253055 14000 -0.9954105760781496 
m400022 6000 -0.004325621244424744 7000 -0.004325621244424744 14000 -0.9913487575111504 
m400023 6000 -0.006257165384614817 7000 -0.006257165384614817 14000 -0.9874856692307705 
m400024 6000 -0.008211730123834087 7000 -0.008211730123834087 14000 -0.983576539752332 
m400025 6000 -0.0005367997601424555 7000 -0.0005367997601424555 14000 -0.9989264004797154 
m400026 6000 -0.0023540900539292223 7000 -0.0023540900539292223 14000 -0.9952918198921417 
m400027 6000 -0.00450657850960725 7000 -0.00450657850960725 14000 -0.9909868429807854 
m400028 6000 -0.006193147438531776 7000 -0.006193147438531776 14000 -0.9876137051229366 
m400029 6000 -0.00819952808172941 7000 -0.00819952808172941 14000 -0.9836009438365414 
m400030 6000 -0.0006657362737446178 7000 -0.0006657362737446178 14000 -0.9986685274525108 
m400031 6000 -0.0021960177198971065 7000 -0.0021960177198971065 14000 -0.9956079645602057 
m400032 6000 -0.004282137163826554 7000 -0.004282137163826554 14000 -0.9914357256723468 
m400033 6000 -0.006212749832886274 7000 -0.006212749832886274 14000 -0.9875745003342273 
m400034 6000 -0.008448274175647828 7000 -0.008448274175647828 14000 -0.9831034516487045 
m400035 6000 -0.0007611015980424942 7000 -0.0007611015980424942 14000 -0.998477796803915 
m400036 6000 -0.002256525677321147 7000 -0.002256525677321147 14000 -0.9954869486453576 
m400037 6000 -0.004287701737584627 7000 -0.004287701737584627 14000 -0.9914245965248308 
m400038 6000 -0.006442069439748895 7000 -0.006442069439748895 14000 -0.9871158611205025 
m400039 6000 -0.0084471791191023 7000 -0.0084471791191023 14000 -0.9831056417617954 
m400040 6000 -0.0005454895775714586 7000 -0.0005454895775714586 14000 -0.9989090208448572 
m400041 6000 -0.0023886867255838765 7000 -0.0023886867255838765 14000 -0.9952226265488321 
m400042 6000 -0.004446599891330324 7000 -0.004446599891330324 14000 -0.9911068002173394 
m400043 6000 -0.005835940258342106 7000 -0.005835940258342106 14000 -0.988328119483316 
m400044 6000 -0.008217178748370106 7000 -0.008217178748370106 14000 -0.9835656425032598 
m400045 6000 -0.0007085389995110722 7000 -0.0007085389995110722 14000 -0.9985829220009781 
m400046 6000 -0.002519830367352047 7000 -0.002519830367352047 14000 -0.9949603392652958 
m400047 6000 -0.004062601159153395 7000 -0.004062601159153395 14000 -0.9918747976816931 
m400048 6000 -0.006495769780175388 7000 -0.006495769780175388 14000 -0.9870084604396493 
m400049 6000 -0.008120957913642445 7000 -0.008120957913642445 14000 -0.9837580841727146 
m400050 6000 -0.0007687496953399778 7000 -0.0007687496953399778 14000 -0.9984625006093201 
m400051 6000 -0.0021453940376051327 7000 -0.0021453940376051327 14000 -0.9957092119247898 
m400052 6000 -0.004471715413183862 7000 -0.004471715413183862 14000 -0.9910565691736324 
m400053 6000 -0.00606868483321734 7000 -0.00606868483321734 14000 -0.9878626303335654 
m400054 6000 -0.008308658839237261 7000 -0.008308658839237261 14000 -0.9833826823215251 
m400055 6000 -0.0006651822179868154 7000 -0.0006651822179868154 14000 -0.9986696355640263 
m400056 6000 -0.0023222804682333812 7000 -0.0023222804682333812 14000 -0.9953554390635334 
m400057 6000 -0.004059059986058734 7000 -0.004059059986058734 14000 -0.9918818800278827 
m400058 6000 -0.006180205048928739 7000 -0.006180205048928739 14000 -0.9876395899021424 
m400059 6000 -0.008280915277333751 7000 -0.008280915277333751 14000 -0.9834381694453325 
m400060 6000 -0.0006530698352985759 7000 -0.0006530698352985759 14000 -0.998693860329403 
m400061 6000 -0.002232610953692436 7000 -0.002232610953692436 14000 -0.995534778092615 
m400062 6000 -0.0043118928400144255 7000 -0.0043118928400144255 14000 -0.9913762143199714 
m400063 6000 -0.005817771491654196 7000 -0.005817771491654196 14000 -0.9883644570166916 
m400064 6000 -0.008537976799742157 7000 -0.008537976799742157 14000 -0.9829240464005154 
m400065 6000 -0.00045605396080983663 7000 -0.00045605396080983663 14000 -0.99908789207838 
m400066 6000 -0.0024860017127787113 7000 -0.0024860017127787113 14000 -0.9950279965744427 
m400067 6000 -0.004464921251904564 7000 -0.004464921251904564 14000 -0.9910701574961905 
m400068 6000 -0.0062894260574856906 7000 -0.0062894260574856906 14000 -0.9874211478850288 
m400069 6000 -0.008359686947050754 7000 -0.008359686947050754 14000 -0.9832806261058988 
m400070 6000 -0.00075543825144314 7000 -0.00075543825144314 14000 -0.9984891234971139 
m400071 6000 -0.0024710528336152615 7000 -0.0024710528336152615 14000 -0.9950578943327691 
m400072 6000 -0.004066331678594902 7000 -0.004066331678594902 14000 -0.9918673366428103 
m400073 6000 -0.006454808005913102 7000 -0.006454808005913102 14000 -0.9870903839881738 
m400074 6000 -0.008365023589284924 7000 -0.008365023589284924 14000 -0.9832699528214301 
m400075 6000 -0.000753370668953547 7000 -0.000753370668953547 14000 -0.9984932586620932 
m400076 6000 -0.002232784622461448 7000 -0.002232784622461448 14000 -0.9955344307550773 
m400077 6000 -0.004397744265447687 7000 -0.004397744265447687 14000 -0.9912045114691044 
m400078 6000 -0.0062080012664037275 7000 -0.0062080012664037275 14000 -0.9875839974671926 
m400079 6000 -0.008389855793259536 7000 -0.008389855793259536 14000 -0.9832202884134809 
m400080 6000 -0.0006573071677575071 7000 -0.0006573071677575071 14000 -0.998685385664485 
m400081 6000 -0.001963293660415886 7000 -0.001963293660415886 14000 -0.996073412679168 
m400082 6000 -0.004257826983127775 7000 -0.004257826983127775 14000 -0.9914843460337442 
m400083 6000 -0.006300592729643733 7000 -0.006300592729643733 14000 -0.9873988145407127 
m400084 6000 -0.008184303580768467 7000 -0.008184303580768467 14000 -0.9836313928384631 
m400085 6000 -0.0006140242149850425 7000 -0.0006140242149850425 14000 -0.9987719515700298 
m400086 6000 -0.002358195177210363 7000 -0.002358195177210363 14000 -0.9952836096455795 
m400087 6000 -0.004375607701962387 7000 -0.004375607701962387 14000 -0.991248784596075 
m400088 6000 -0.006226349562425135 7000 -0.006226349562425135 14000 -0.9875473008751493 
m400089 6000 -0.00817304210311695 7000 -0.00817304210311695 14000 -0.9836539157937659 
m400090 6000 -0.0005919605848803268 7000 -0.0005919605848803268 14000 -0.9988160788302392 
m400091 6000 -0.00209989973705194 7000 -0.00209989973705194 14000 -0.995800200525896 
m400092 6000 -0.004265414952550798 7000 -0.004265414952550798 14000 -0.9914691700948981 
m400093 6000 -0.006068812058624457 7000 -0.006068812058624457 14000 -0.9878623758827513 
m400094 6000 -0.0084697898937489 7000 -0.0084697898937489 14000 -0.9830604202125022 
m400095 6000 -0.0007366331886797656 7000 -0.0007366331886797656 14000 -0.9985267336226405 
m400096 6000 -0.002341299342757867 7000 -0.002341299342757867 14000 -0.995317401314484 
m400097 6000 -0.004193768134928551 7000 -0.004193768134928551 14000 -0.9916124637301427 
m400098 6000 -0.006282409282329121 7000 -0.006282409282329121 14000 -0.9874351814353419 
m400099 6000 -0.008096531980890354 7000 -0.008096531980890354 14000 -0.9838069360382191 
m400100 6000 -0.000646229717699526 7000 -0.000646229717699526 14000 -0.998707540564601 
m400101 6000 -0.0022137533451438763 7000 -0.0022137533451438763 14000 -0.9955724933097123 
m400102 6000 -0.004235580255998326 7000 -0.004235580255998326 14000 -0.9915288394880031 
m400103 6000 -0.006287439788538334 7000 -0.006287439788538334 14000 -0.9874251204229231 
m400104 6000 -0.008400140560569803 7000 -0.008400140560569803 14000 -0.9831997188788603 
m400105 6000 -0.0007017860883415081 7000 -0.0007017860883415081 14000 -0.998596427823317 
m400106 6000 -0.0024177693853445676 7000 -0.0024177693853445676 14000 -0.995164461229311 
m400107 6000 -0.004198610706567491 7000 -0.004198610706567491 14000 -0.9916027785868651 
m400108 6000 -0.00645201421172082 7000 -0.00645201421172082 14000 -0.9870959715765585 
m400109 6000 -0.008516082389842495 7000 -0.008516082389842495 14000 -0.9829678352203153 
m400110 6000 -0.0006066655450287461 7000 -0.0006066655450287461 14000 -0.9987866689099427 
m400111 6000 -0.002121350447664315 7000 -0.002121350447664315 14000 -0.9957572991046716 
m400112 6000 -0.004096949483082597 7000 -0.004096949483082597 14000 -0.9918061010338347 
m400113 6000 -0.005992110007837651 7000 -0.005992110007837651 14000 -0.9880157799843248 
m400114 6000 -0.008088946759318422 7000 -0.008088946759318422 14000 -0.9838221064813629 
m400115 6000 -0.0005076274973271749 7000 -0.0005076274973271749 14000 -0.9989847450053455 
m400116 6000 -0.0028133722229642505 7000 -0.0028133722229642505 14000 -0.9943732555540719 
m400117 6000 -0.003918611504508078 7000 -0.003918611504508078 14000 -0.9921627769909837 
m400118 6000 -0.006324036799583884 7000 -0.006324036799583884 14000 -0.9873519264008326 
m400119 6000 -0.008222830785140377 7000 -0.008222830785140377 14000 -0.9835543384297192 
m400120 6000 -0.0006505735182688282 7000 -0.0006505735182688282 14000 -0.9986988529634622 
m400121 6000 -0.002177279801921178 7000 -0.002177279801921178 14000 -0.9956454403961574 
m400122 6000 -0.0041450149568753435 7000 -0.0041450149568753435 14000 -0.9917099700862493 
m400123 6000 -0.006313154462130246 7000 -0.006313154462130246 14000 -0.9873736910757392 
m400124 6000 -0.008398319937933926 7000 -0.008398319937933926 14000 -0.9832033601241322 
c **********************************
c PE+Pb, dens=4.78 g/cm3
m2      6000    -0.04286 $Carbon
        1001    -0.00714 $Hydrogen
        82000   -0.95000 $Lead
c **********************************
m3    1001 -0.048535 $Boric acid
      5010 -0.034981
      5011 -0.139923
      8016 -0.776561
c **********************************
m4    82000 1 $Lead
c **********************************
m5 26000 1 $Iron
c **********************************
m6     13027   -1.000 $ Aluminum
c **********************************
c  SS-304 (8.00 g/cm3), #298 in PNNL Compendium
m7   006000.50c -0.0004000
     014000.60c -0.0050000
     015031.50c -0.0002300
     016000.60c -0.0001500
     024000.50c -0.1899981
     025055.60c -0.0099999
     026000.50c -0.7017229
     028000.50c -0.0924991
c ****************************************
c       LaBr detector
c ****************************************
m8       35079    -0.2946       $ Br79
         35081    -0.3069       $ Br81
         57139    -0.3485       $ La139
         58140    -0.0500       $ Ce140
c ************ air den=1.15e-3g/cc
m12     8016 -0.23
        7014 -0.77
c ************ Rubber Natural den=0.92 g/cc
m13     1001 -0.118371  $weight fraction
        6000 -0.881629
c
c end material cards
c
rand seed=8674536546524321 $different initial random #; seed# - any less 18 digits
c
c ********** begin tallies *********************
fc78 *********Broadened Pulse Height Tally Sum of Detectors 1,2 & 3 ***********
e78 0 1e-5 932i 8.4295
F78:p (101)
FT78 GEB -0.026198 0.059551 -0.037176
fc18 *********Unbroadened Pulse Height Tally Sum of Detectors 1,2 & 3 ***********
e18 0 1e-5 932i 8.4295
F18:p (101)
c ***********************************
c mplot tal 78 freq 10000
nps 1e9
