c CAS DETECTOR
c w/ Shielding in Place and Wheels
c
c CELL CARDS
c
c @@@@@@@@@@ Detectors @@@@@@@@@@@@@@@@@
c
101 8 -5.08 -21 imp:n,p 1 $LaBr Detector #1 Active Region
c
c @@@@@@@@@ Shielding @@@@@@@@@@@@@@@@@
c
121 2 -4.78 -31 imp:n,p 1 $PE_Pb
122 4 -11.29 -32 imp:n,p 1 $Pb1
123 4 -11.29 -33 imp:n,p 1 $Pb2
124 4 -11.29 -34 imp:n,p 1 $Pb3
125 4 -11.29 -35 imp:n,p 1 $Pb4
126 4 -11.29 -36 imp:n,p 1 $Pb5
127 4 -11.29 -37 imp:n,p 1 $Pb6
128 3 -1.5 -38 imp:n,p 1 $BA1
129 3 -1.5 -39 imp:n,p 1 $BA2
130 6 -2.7 -40 imp:n,p 1 $Al
131 7 -7.92 301 -302 303 -304 imp:n,p 1 $Fe-tube
132 5 -7.8 -401 imp:n,p 1 $Fe
133 5 -7.8 -402 imp:n,p 1 $Fe
c @@@@@@@@@@ Wheels @@@@@@@@@@@@@@@@@
c
21 13 -0.92 -41 42 imp:n,p 1 $Wheel 1
211 13 -0.92 -421 422 imp:n,p 1 $Wheel 1
212 13 -0.92 -423 424 imp:n,p 1 $Wheel 1
22 13 -0.92 -43 44 imp:n,p 1 $Wheel 2
221 13 -0.92 -441 442 imp:n,p 1 $Wheel 2
222 13 -0.92 -443 444 imp:n,p 1 $Wheel 2
23 13 -0.92 -45 46 imp:n,p 1 $Wheel 3
231 13 -0.92 -461 462 imp:n,p 1 $Wheel 3
232 13 -0.92 -463 464 imp:n,p 1 $Wheel 3
24 13 -0.92 -47 48 imp:n,p 1 $Wheel 4
241 13 -0.92 -481 482 imp:n,p 1 $Wheel 4
242 13 -0.92 -483 484 imp:n,p 1 $Wheel 4
c
c @@@@@@@@@@ SOIL VOLUME @@@@@@@@@@@
c
300000 400000 -2.156 20010 -20011 20020 -20021 20030 -20031 imp:n,p 1
300001 400001 -2.156 20010 -20011 20020 -20021 20031 -20032 imp:n,p 1
300002 400002 -2.156 20010 -20011 20020 -20021 20032 -20033 imp:n,p 1
300003 400003 -2.156 20010 -20011 20020 -20021 20033 -20034 imp:n,p 1
300004 400004 -2.156 20010 -20011 20020 -20021 20034 -20035 imp:n,p 1
300005 400005 -2.156 20011 -20012 20020 -20021 20030 -20031 imp:n,p 1
300006 400006 -2.156 20011 -20012 20020 -20021 20031 -20032 imp:n,p 1
300007 400007 -2.156 20011 -20012 20020 -20021 20032 -20033 imp:n,p 1
300008 400008 -2.156 20011 -20012 20020 -20021 20033 -20034 imp:n,p 1
300009 400009 -2.156 20011 -20012 20020 -20021 20034 -20035 imp:n,p 1
300010 400010 -2.156 20012 -20013 20020 -20021 20030 -20031 imp:n,p 1
300011 400011 -2.156 20012 -20013 20020 -20021 20031 -20032 imp:n,p 1
300012 400012 -2.156 20012 -20013 20020 -20021 20032 -20033 imp:n,p 1
300013 400013 -2.156 20012 -20013 20020 -20021 20033 -20034 imp:n,p 1
300014 400014 -2.156 20012 -20013 20020 -20021 20034 -20035 imp:n,p 1
300015 400015 -2.156 20013 -20014 20020 -20021 20030 -20031 imp:n,p 1
300016 400016 -2.156 20013 -20014 20020 -20021 20031 -20032 imp:n,p 1
300017 400017 -2.156 20013 -20014 20020 -20021 20032 -20033 imp:n,p 1
300018 400018 -2.156 20013 -20014 20020 -20021 20033 -20034 imp:n,p 1
300019 400019 -2.156 20013 -20014 20020 -20021 20034 -20035 imp:n,p 1
300020 400020 -2.156 20014 -20015 20020 -20021 20030 -20031 imp:n,p 1
300021 400021 -2.156 20014 -20015 20020 -20021 20031 -20032 imp:n,p 1
300022 400022 -2.156 20014 -20015 20020 -20021 20032 -20033 imp:n,p 1
300023 400023 -2.156 20014 -20015 20020 -20021 20033 -20034 imp:n,p 1
300024 400024 -2.156 20014 -20015 20020 -20021 20034 -20035 imp:n,p 1
300025 400025 -2.156 20010 -20011 20021 -20022 20030 -20031 imp:n,p 1
300026 400026 -2.156 20010 -20011 20021 -20022 20031 -20032 imp:n,p 1
300027 400027 -2.156 20010 -20011 20021 -20022 20032 -20033 imp:n,p 1
300028 400028 -2.156 20010 -20011 20021 -20022 20033 -20034 imp:n,p 1
300029 400029 -2.156 20010 -20011 20021 -20022 20034 -20035 imp:n,p 1
300030 400030 -2.156 20011 -20012 20021 -20022 20030 -20031 imp:n,p 1
300031 400031 -2.156 20011 -20012 20021 -20022 20031 -20032 imp:n,p 1
300032 400032 -2.156 20011 -20012 20021 -20022 20032 -20033 imp:n,p 1
300033 400033 -2.156 20011 -20012 20021 -20022 20033 -20034 imp:n,p 1
300034 400034 -2.156 20011 -20012 20021 -20022 20034 -20035 imp:n,p 1
300035 400035 -2.156 20012 -20013 20021 -20022 20030 -20031 imp:n,p 1
300036 400036 -2.156 20012 -20013 20021 -20022 20031 -20032 imp:n,p 1
300037 400037 -2.156 20012 -20013 20021 -20022 20032 -20033 imp:n,p 1
300038 400038 -2.156 20012 -20013 20021 -20022 20033 -20034 imp:n,p 1
300039 400039 -2.156 20012 -20013 20021 -20022 20034 -20035 imp:n,p 1
300040 400040 -2.156 20013 -20014 20021 -20022 20030 -20031 imp:n,p 1
300041 400041 -2.156 20013 -20014 20021 -20022 20031 -20032 imp:n,p 1
300042 400042 -2.156 20013 -20014 20021 -20022 20032 -20033 imp:n,p 1
300043 400043 -2.156 20013 -20014 20021 -20022 20033 -20034 imp:n,p 1
300044 400044 -2.156 20013 -20014 20021 -20022 20034 -20035 imp:n,p 1
300045 400045 -2.156 20014 -20015 20021 -20022 20030 -20031 imp:n,p 1
300046 400046 -2.156 20014 -20015 20021 -20022 20031 -20032 imp:n,p 1
300047 400047 -2.156 20014 -20015 20021 -20022 20032 -20033 imp:n,p 1
300048 400048 -2.156 20014 -20015 20021 -20022 20033 -20034 imp:n,p 1
300049 400049 -2.156 20014 -20015 20021 -20022 20034 -20035 imp:n,p 1
300050 400050 -2.156 20010 -20011 20022 -20023 20030 -20031 imp:n,p 1
300051 400051 -2.156 20010 -20011 20022 -20023 20031 -20032 imp:n,p 1
300052 400052 -2.156 20010 -20011 20022 -20023 20032 -20033 imp:n,p 1
300053 400053 -2.156 20010 -20011 20022 -20023 20033 -20034 imp:n,p 1
300054 400054 -2.156 20010 -20011 20022 -20023 20034 -20035 imp:n,p 1
300055 400055 -2.156 20011 -20012 20022 -20023 20030 -20031 imp:n,p 1
300056 400056 -2.156 20011 -20012 20022 -20023 20031 -20032 imp:n,p 1
300057 400057 -2.156 20011 -20012 20022 -20023 20032 -20033 imp:n,p 1
300058 400058 -2.156 20011 -20012 20022 -20023 20033 -20034 imp:n,p 1
300059 400059 -2.156 20011 -20012 20022 -20023 20034 -20035 imp:n,p 1
300060 400060 -2.156 20012 -20013 20022 -20023 20030 -20031 imp:n,p 1
300061 400061 -2.156 20012 -20013 20022 -20023 20031 -20032 imp:n,p 1
300062 400062 -2.156 20012 -20013 20022 -20023 20032 -20033 imp:n,p 1
300063 400063 -2.156 20012 -20013 20022 -20023 20033 -20034 imp:n,p 1
300064 400064 -2.156 20012 -20013 20022 -20023 20034 -20035 imp:n,p 1
300065 400065 -2.156 20013 -20014 20022 -20023 20030 -20031 imp:n,p 1
300066 400066 -2.156 20013 -20014 20022 -20023 20031 -20032 imp:n,p 1
300067 400067 -2.156 20013 -20014 20022 -20023 20032 -20033 imp:n,p 1
300068 400068 -2.156 20013 -20014 20022 -20023 20033 -20034 imp:n,p 1
300069 400069 -2.156 20013 -20014 20022 -20023 20034 -20035 imp:n,p 1
300070 400070 -2.156 20014 -20015 20022 -20023 20030 -20031 imp:n,p 1
300071 400071 -2.156 20014 -20015 20022 -20023 20031 -20032 imp:n,p 1
300072 400072 -2.156 20014 -20015 20022 -20023 20032 -20033 imp:n,p 1
300073 400073 -2.156 20014 -20015 20022 -20023 20033 -20034 imp:n,p 1
300074 400074 -2.156 20014 -20015 20022 -20023 20034 -20035 imp:n,p 1
300075 400075 -2.156 20010 -20011 20023 -20024 20030 -20031 imp:n,p 1
300076 400076 -2.156 20010 -20011 20023 -20024 20031 -20032 imp:n,p 1
300077 400077 -2.156 20010 -20011 20023 -20024 20032 -20033 imp:n,p 1
300078 400078 -2.156 20010 -20011 20023 -20024 20033 -20034 imp:n,p 1
300079 400079 -2.156 20010 -20011 20023 -20024 20034 -20035 imp:n,p 1
300080 400080 -2.156 20011 -20012 20023 -20024 20030 -20031 imp:n,p 1
300081 400081 -2.156 20011 -20012 20023 -20024 20031 -20032 imp:n,p 1
300082 400082 -2.156 20011 -20012 20023 -20024 20032 -20033 imp:n,p 1
300083 400083 -2.156 20011 -20012 20023 -20024 20033 -20034 imp:n,p 1
300084 400084 -2.156 20011 -20012 20023 -20024 20034 -20035 imp:n,p 1
300085 400085 -2.156 20012 -20013 20023 -20024 20030 -20031 imp:n,p 1
300086 400086 -2.156 20012 -20013 20023 -20024 20031 -20032 imp:n,p 1
300087 400087 -2.156 20012 -20013 20023 -20024 20032 -20033 imp:n,p 1
300088 400088 -2.156 20012 -20013 20023 -20024 20033 -20034 imp:n,p 1
300089 400089 -2.156 20012 -20013 20023 -20024 20034 -20035 imp:n,p 1
300090 400090 -2.156 20013 -20014 20023 -20024 20030 -20031 imp:n,p 1
300091 400091 -2.156 20013 -20014 20023 -20024 20031 -20032 imp:n,p 1
300092 400092 -2.156 20013 -20014 20023 -20024 20032 -20033 imp:n,p 1
300093 400093 -2.156 20013 -20014 20023 -20024 20033 -20034 imp:n,p 1
300094 400094 -2.156 20013 -20014 20023 -20024 20034 -20035 imp:n,p 1
300095 400095 -2.156 20014 -20015 20023 -20024 20030 -20031 imp:n,p 1
300096 400096 -2.156 20014 -20015 20023 -20024 20031 -20032 imp:n,p 1
300097 400097 -2.156 20014 -20015 20023 -20024 20032 -20033 imp:n,p 1
300098 400098 -2.156 20014 -20015 20023 -20024 20033 -20034 imp:n,p 1
300099 400099 -2.156 20014 -20015 20023 -20024 20034 -20035 imp:n,p 1
300100 400100 -2.156 20010 -20011 20024 -20025 20030 -20031 imp:n,p 1
300101 400101 -2.156 20010 -20011 20024 -20025 20031 -20032 imp:n,p 1
300102 400102 -2.156 20010 -20011 20024 -20025 20032 -20033 imp:n,p 1
300103 400103 -2.156 20010 -20011 20024 -20025 20033 -20034 imp:n,p 1
300104 400104 -2.156 20010 -20011 20024 -20025 20034 -20035 imp:n,p 1
300105 400105 -2.156 20011 -20012 20024 -20025 20030 -20031 imp:n,p 1
300106 400106 -2.156 20011 -20012 20024 -20025 20031 -20032 imp:n,p 1
300107 400107 -2.156 20011 -20012 20024 -20025 20032 -20033 imp:n,p 1
300108 400108 -2.156 20011 -20012 20024 -20025 20033 -20034 imp:n,p 1
300109 400109 -2.156 20011 -20012 20024 -20025 20034 -20035 imp:n,p 1
300110 400110 -2.156 20012 -20013 20024 -20025 20030 -20031 imp:n,p 1
300111 400111 -2.156 20012 -20013 20024 -20025 20031 -20032 imp:n,p 1
300112 400112 -2.156 20012 -20013 20024 -20025 20032 -20033 imp:n,p 1
300113 400113 -2.156 20012 -20013 20024 -20025 20033 -20034 imp:n,p 1
300114 400114 -2.156 20012 -20013 20024 -20025 20034 -20035 imp:n,p 1
300115 400115 -2.156 20013 -20014 20024 -20025 20030 -20031 imp:n,p 1
300116 400116 -2.156 20013 -20014 20024 -20025 20031 -20032 imp:n,p 1
300117 400117 -2.156 20013 -20014 20024 -20025 20032 -20033 imp:n,p 1
300118 400118 -2.156 20013 -20014 20024 -20025 20033 -20034 imp:n,p 1
300119 400119 -2.156 20013 -20014 20024 -20025 20034 -20035 imp:n,p 1
300120 400120 -2.156 20014 -20015 20024 -20025 20030 -20031 imp:n,p 1
300121 400121 -2.156 20014 -20015 20024 -20025 20031 -20032 imp:n,p 1
300122 400122 -2.156 20014 -20015 20024 -20025 20032 -20033 imp:n,p 1
300123 400123 -2.156 20014 -20015 20024 -20025 20033 -20034 imp:n,p 1
300124 400124 -2.156 20014 -20015 20024 -20025 20034 -20035 imp:n,p 1
c
30 12 -0.00129 -200 #101 #121 #122 #123 #124 #125 #126 #127 #128 #129 #130 #131 #132 #133
        #21 #211 #212 #22 #221 #222 #23 #231 #232 #24 #241 #242 #20 imp:n,p 1 $Rest of the World
31 0 200 imp:n,p 0 $Outside world

c SURFACE CARDS
c
c Sample Volume
20010 px -56.0
20011 px -33.600000000000364
20012 px -11.199999999999818
20013 px 11.199999999999818
20014 px 33.600000000000364
20015 px 56.0
20020 py -45.0
20021 py -27.0
20022 py -9.0
20023 py 9.0
20024 py 27.0
20025 py 45.0
20030 pz 92.0
20031 pz 82.0
20032 pz 72.0
20033 pz 62.0
20034 pz 52.0
20035 pz 42.0
c Active Detector Region
21 rcc 56  -5.0 -1.0   0.0 20.3 0.0   4.5 $Detector 1 Base center, Hx,Hy,Hz, radius
c Shielding Surfaces
c Shielding Pb
31 rpp 19 29 -7.5 7.5 -11 9 $PbPE xmin xmax ymin ymax zmin zmax
32 rpp 9 19 4 9 -11 9 $Pb xmin xmax ymin ymax zmin zmax
33 rpp 9 19 -9 -4 -11 9 $Pb xmin xmax ymin ymax zmin zmax
34 rpp 19 29 7.5 12.5 -11 9 $Pb xmin xmax ymin ymax zmin zmax
35 rpp 19 29 -12.5 -7.5 -11 9 $Pb xmin xmax ymin ymax zmin zmax
36 rpp 29 34 -15 15 -11 9 $Pb xmin xmax ymin ymax zmin zmax
37 rpp 9 19 -4 4 4 9 $Pb xmin xmax ymin ymax zmin zmax
38 rpp -26 26 18 28 -11 9 $BA1 xmin xmax ymin ymax zmin zmax
39 rpp -26 26 -28 -18 -11 9 $BA2 xmin xmax ymin ymax zmin zmax
40 rpp -65 65 -28 28 10 10.5 $Al xmin xmax ymin ymax zmin zmax
401 rpp -27 27 29 34 -11 9 $Fe xmin xmax ymin ymax zmin zmax
402 rpp -27 27 -34 -29 -11 9 $Fe xmin xmax ymin ymax zmin zmax
301 px -20
302 px 18
303 cx 3.71
304 cx 3.81
c Wheels Surfaces
c 23/10.5-12 turf tires, 22.6 lb rubber
c diameter 29cm, tread width 25cm, and sidewall height 13.76 cm
c set thickness of all sides 1.3 cm (s.t. weight is 22.6 lb)
41 rcc -2 77 8   0.0 25 0.0 29 $wheel 1 outer tread surface
42 rcc -2 77 8   0.0 25 0.0 27.7 $wheel 1 inner tread surface
421 rcc -2 75.7 8   0.0 1.3 0.0 29 $wheel 1 outside sidewall exterior
422 rcc -2 75.7 8   0.0 1.3 0.0 15.24 $wheel 1 outside sidewall interior
423 rcc -2 102 8   0.0 1.3 0.0 29 $wheel 1 inside sidewall exterior
424 rcc -2 102 8   0.0 1.3 0.0 15.24 $wheel 1 inside sidewall interior
43 rcc 68 77 8   0.0 25 0.0 29 $wheel 2
44 rcc 68 77 8   0.0 25 0.0 27.7
441 rcc 68 75.7 8   0.0 1.3 0.0 29
442 rcc 68 75.7 8   0.0 1.3 0.0 15.24
443 rcc 68 102 8   0.0 1.3 0.0 29
444 rcc 68 102 8   0.0 1.3 0.0 15.24
45 rcc -2 -77 8   0.0 -25 0.0 29 $wheel 3
46 rcc -2 -77 8   0.0 -25 0.0 27.7
461 rcc -2 -75.7 8   0.0 -1.3 0.0 29
462 rcc -2 -75.7 8   0.0 -1.3 0.0 15.24
463 rcc -2 -102 8   0.0 -1.3 0.0 29
464 rcc -2 -102 8   0.0 -1.3 0.0 15.24
47 rcc 68 -77 8   0.0 -25 0.0 29 $wheel 4
48 rcc 68 -77 8   0.0 -25 0.0 27.7
481 rcc 68 -75.7 8   0.0 -1.3 0.0 29
482 rcc 68 -75.7 8   0.0 -1.3 0.0 15.24
483 rcc 68 -102 8   0.0 -1.3 0.0 29
484 rcc 68 -102 8   0.0 -1.3 0.0 15.24
200 so 800    $sphere of 800cm centered at origin
c

c DATA CARDS
mode n p
c dump every hr
prdmp -60 -60 -1
c 100 keV Neutron Energy Cutoff
Cut:n 1j 0.1
c analog neutron transport
phys:n 1j 14
phys:p
sdef pos=0 0 0 erg=14.0 vec= 0 0 1 dir=d1
si1  -1 .93 1
sp1   0  0.0  1.0
c ********************
c begin material cards
c ********************
c Pure Carbon
c ****************************************
m400000 6000 -0.0004549698272086302 7000 -0.0004549698272086302 14000 -0.9990900603455828 
m400001 6000 -0.0018841772268299501 7000 -0.0018841772268299501 14000 -0.9962316455463402 
m400002 6000 -0.003706963841058828 7000 -0.003706963841058828 14000 -0.9925860723178822 
m400003 6000 -0.006073462418398918 7000 -0.006073462418398918 14000 -0.9878530751632022 
m400004 6000 -0.008112904433987591 7000 -0.008112904433987591 14000 -0.9837741911320248 
m400005 6000 -0.0004600889661103267 7000 -0.0004600889661103267 14000 -0.9990798220677795 
m400006 6000 -0.001882181672049865 7000 -0.001882181672049865 14000 -0.9962356366559003 
m400007 6000 -0.0038827669346894406 7000 -0.0038827669346894406 14000 -0.9922344661306209 
m400008 6000 -0.006017220464529344 7000 -0.006017220464529344 14000 -0.9879655590709411 
m400009 6000 -0.008030947220780635 7000 -0.008030947220780635 14000 -0.983938105558439 
m400010 6000 -0.0005559795230707863 7000 -0.0005559795230707863 14000 -0.9988880409538586 
m400011 6000 -0.0015323096126527566 7000 -0.0015323096126527566 14000 -0.9969353807746947 
m400012 6000 -0.0037664440026032838 7000 -0.0037664440026032838 14000 -0.9924671119947932 
m400013 6000 -0.0058566919715938 7000 -0.0058566919715938 14000 -0.9882866160568125 
m400014 6000 -0.007497586527944626 7000 -0.007497586527944626 14000 -0.9850048269441106 
m400015 6000 -0.00042089347133089145 7000 -0.00042089347133089145 14000 -0.9991582130573383 
m400016 6000 -0.0019388185844799908 7000 -0.0019388185844799908 14000 -0.9961223628310403 
m400017 6000 -0.004141222458043298 7000 -0.004141222458043298 14000 -0.9917175550839132 
m400018 6000 -0.005676380393663278 7000 -0.005676380393663278 14000 -0.9886472392126734 
m400019 6000 -0.007775356996549861 7000 -0.007775356996549861 14000 -0.9844492860069003 
m400020 6000 -0.00038634713070614707 7000 -0.00038634713070614707 14000 -0.9992273057385879 
m400021 6000 -0.0021636823472318293 7000 -0.0021636823472318293 14000 -0.9956726353055365 
m400022 6000 -0.003635815286243811 7000 -0.003635815286243811 14000 -0.992728369427512 
m400023 6000 -0.006104937037358526 7000 -0.006104937037358526 14000 -0.987790125925283 
m400024 6000 -0.007445031559552232 7000 -0.007445031559552232 14000 -0.9851099368808957 
m400025 6000 -0.000356985205404557 7000 -0.000356985205404557 14000 -0.9992860295891904 
m400026 6000 -0.0017341495160111337 7000 -0.0017341495160111337 14000 -0.9965317009679774 
m400027 6000 -0.004024148033344542 7000 -0.004024148033344542 14000 -0.991951703933311 
m400028 6000 -0.005926639989130412 7000 -0.005926639989130412 14000 -0.9881467200217392 
m400029 6000 -0.008389316351145646 7000 -0.008389316351145646 14000 -0.9832213672977087 
m400030 6000 -0.0002993590156079878 7000 -0.0002993590156079878 14000 -0.9994012819687841 
m400031 6000 -0.0019903919841789395 7000 -0.0019903919841789395 14000 -0.9960192160316425 
m400032 6000 -0.003883478126793664 7000 -0.003883478126793664 14000 -0.9922330437464123 
m400033 6000 -0.005871130694045556 7000 -0.005871130694045556 14000 -0.9882577386119088 
m400034 6000 -0.00790038798091076 7000 -0.00790038798091076 14000 -0.9841992240381782 
m400035 6000 -0.0005123198047697333 7000 -0.0005123198047697333 14000 -0.9989753603904606 
m400036 6000 -0.001422777083247222 7000 -0.001422777083247222 14000 -0.9971544458335054 
m400037 6000 -0.003942008890793448 7000 -0.003942008890793448 14000 -0.9921159822184132 
m400038 6000 -0.006141386782576101 7000 -0.006141386782576101 14000 -0.9877172264348476 
m400039 6000 -0.008135586365572557 7000 -0.008135586365572557 14000 -0.9837288272688552 
m400040 6000 -0.0005228257094594546 7000 -0.0005228257094594546 14000 -0.9989543485810812 
m400041 6000 -0.0015330634287326823 7000 -0.0015330634287326823 14000 -0.9969338731425342 
m400042 6000 -0.0035948564530152967 7000 -0.0035948564530152967 14000 -0.9928102870939697 
m400043 6000 -0.0058526127432566655 7000 -0.0058526127432566655 14000 -0.9882947745134864 
m400044 6000 -0.007902849441345379 7000 -0.007902849441345379 14000 -0.9841943011173094 
m400045 6000 -0.0004004222649248412 7000 -0.0004004222649248412 14000 -0.9991991554701505 
m400046 6000 -0.002071370646621575 7000 -0.002071370646621575 14000 -0.9958572587067569 
m400047 6000 -0.003829609791584288 7000 -0.003829609791584288 14000 -0.9923407804168316 
m400048 6000 -0.005953530334604831 7000 -0.005953530334604831 14000 -0.9880929393307903 
m400049 6000 -0.00795138218910756 7000 -0.00795138218910756 14000 -0.9840972356217851 
m400050 6000 -0.0005115338621599189 7000 -0.0005115338621599189 14000 -0.9989769322756803 
m400051 6000 -0.001801657462602274 7000 -0.001801657462602274 14000 -0.9963966850747955 
m400052 6000 -0.003900223815677859 7000 -0.003900223815677859 14000 -0.9921995523686443 
m400053 6000 -0.005782230934638862 7000 -0.005782230934638862 14000 -0.9884355381307225 
m400054 6000 -0.007590944289453557 7000 -0.007590944289453557 14000 -0.9848181114210928 
m400055 6000 -0.000509461831988277 7000 -0.000509461831988277 14000 -0.9989810763360236 
m400056 6000 -0.0016241803250915956 7000 -0.0016241803250915956 14000 -0.9967516393498167 
m400057 6000 -0.004101502006740324 7000 -0.004101502006740324 14000 -0.9917969959865195 
m400058 6000 -0.0057449327659400695 7000 -0.0057449327659400695 14000 -0.9885101344681195 
m400059 6000 -0.007714437057245956 7000 -0.007714437057245956 14000 -0.9845711258855081 
m400060 6000 -0.0005472480742841781 7000 -0.0005472480742841781 14000 -0.9989055038514317 
m400061 6000 -0.0021118963341037696 7000 -0.0021118963341037696 14000 -0.9957762073317926 
m400062 6000 -0.003649404129658201 7000 -0.003649404129658201 14000 -0.9927011917406836 
m400063 6000 -0.006043768212647709 7000 -0.006043768212647709 14000 -0.9879124635747044 
m400064 6000 -0.007809054467086616 7000 -0.007809054467086616 14000 -0.9843818910658267 
m400065 6000 -0.00045780005673748273 7000 -0.00045780005673748273 14000 -0.9990843998865251 
m400066 6000 -0.0017082995837246135 7000 -0.0017082995837246135 14000 -0.9965834008325508 
m400067 6000 -0.0039554028836445675 7000 -0.0039554028836445675 14000 -0.9920891942327107 
m400068 6000 -0.005767121819122211 7000 -0.005767121819122211 14000 -0.9884657563617556 
m400069 6000 -0.007988292614013738 7000 -0.007988292614013738 14000 -0.9840234147719723 
m400070 6000 -0.0005303056366563679 7000 -0.0005303056366563679 14000 -0.9989393887266875 
m400071 6000 -0.002078227717507512 7000 -0.002078227717507512 14000 -0.9958435445649849 
m400072 6000 -0.00396243998122772 7000 -0.00396243998122772 14000 -0.9920751200375443 
m400073 6000 -0.0056644411538029375 7000 -0.0056644411538029375 14000 -0.9886711176923942 
m400074 6000 -0.0078052665410579605 7000 -0.0078052665410579605 14000 -0.984389466917884 
m400075 6000 -0.00047993717308192574 7000 -0.00047993717308192574 14000 -0.9990401256538363 
m400076 6000 -0.0018127569554612405 7000 -0.0018127569554612405 14000 -0.9963744860890773 
m400077 6000 -0.004054413834013927 7000 -0.004054413834013927 14000 -0.9918911723319722 
m400078 6000 -0.005828518563703013 7000 -0.005828518563703013 14000 -0.988342962872594 
m400079 6000 -0.007673813274909927 7000 -0.007673813274909927 14000 -0.9846523734501801 
m400080 6000 -0.00042733179723185196 7000 -0.00042733179723185196 14000 -0.9991453364055364 
m400081 6000 -0.0019738624085388905 7000 -0.0019738624085388905 14000 -0.9960522751829225 
m400082 6000 -0.004152837649225658 7000 -0.004152837649225658 14000 -0.9916943247015487 
m400083 6000 -0.005839790587404086 7000 -0.005839790587404086 14000 -0.9883204188251921 
m400084 6000 -0.007655841109675534 7000 -0.007655841109675534 14000 -0.9846883177806491 
m400085 6000 -0.00046027477401339357 7000 -0.00046027477401339357 14000 -0.999079450451973 
m400086 6000 -0.001637920587005784 7000 -0.001637920587005784 14000 -0.9967241588259883 
m400087 6000 -0.0040180664900889475 7000 -0.0040180664900889475 14000 -0.9919638670198221 
m400088 6000 -0.005764556036584786 7000 -0.005764556036584786 14000 -0.9884708879268307 
m400089 6000 -0.008092787945011197 7000 -0.008092787945011197 14000 -0.9838144241099777 
m400090 6000 -0.0006686270098100772 7000 -0.0006686270098100772 14000 -0.9986627459803797 
m400091 6000 -0.0018131656654696647 7000 -0.0018131656654696647 14000 -0.9963736686690606 
m400092 6000 -0.00377546483077298 7000 -0.00377546483077298 14000 -0.9924490703384542 
m400093 6000 -0.005881391440180843 7000 -0.005881391440180843 14000 -0.9882372171196389 
m400094 6000 -0.007724464349248327 7000 -0.007724464349248327 14000 -0.9845510713015031 
m400095 6000 -0.0004903418786330323 7000 -0.0004903418786330323 14000 -0.9990193162427338 
m400096 6000 -0.0017774362223955656 7000 -0.0017774362223955656 14000 -0.9964451275552086 
m400097 6000 -0.004153128423393119 7000 -0.004153128423393119 14000 -0.9916937431532138 
m400098 6000 -0.006015922952336454 7000 -0.006015922952336454 14000 -0.9879681540953275 
m400099 6000 -0.0077472214687893635 7000 -0.0077472214687893635 14000 -0.9845055570624214 
m400100 6000 -0.0006203801479162797 7000 -0.0006203801479162797 14000 -0.9987592397041672 
m400101 6000 -0.0019321279593069926 7000 -0.0019321279593069926 14000 -0.9961357440813862 
m400102 6000 -0.003974682322672704 7000 -0.003974682322672704 14000 -0.9920506353546543 
m400103 6000 -0.006040875691688225 7000 -0.006040875691688225 14000 -0.9879182486166238 
m400104 6000 -0.007964733965190287 7000 -0.007964733965190287 14000 -0.9840705320696196 
m400105 6000 -0.0005034845955028648 7000 -0.0005034845955028648 14000 -0.9989930308089942 
m400106 6000 -0.0019881984515531326 7000 -0.0019881984515531326 14000 -0.996023603096894 
m400107 6000 -0.003684507665715076 7000 -0.003684507665715076 14000 -0.9926309846685701 
m400108 6000 -0.006120019956452272 7000 -0.006120019956452272 14000 -0.9877599600870954 
m400109 6000 -0.007753829473330367 7000 -0.007753829473330367 14000 -0.9844923410533393 
m400110 6000 -0.0003366734768565667 7000 -0.0003366734768565667 14000 -0.9993266530462868 
m400111 6000 -0.0020408711798998182 7000 -0.0020408711798998182 14000 -0.9959182576402003 
m400112 6000 -0.0037729099962358122 7000 -0.0037729099962358122 14000 -0.9924541800075282 
m400113 6000 -0.0057119107770009815 7000 -0.0057119107770009815 14000 -0.9885761784459979 
m400114 6000 -0.00834610967141655 7000 -0.00834610967141655 14000 -0.983307780657167 
m400115 6000 -0.0005210324191523911 7000 -0.0005210324191523911 14000 -0.9989579351616955 
m400116 6000 -0.001935349288446587 7000 -0.001935349288446587 14000 -0.9961293014231068 
m400117 6000 -0.004087519817018888 7000 -0.004087519817018888 14000 -0.991824960365962 
m400118 6000 -0.005791827247933381 7000 -0.005791827247933381 14000 -0.9884163455041333 
m400119 6000 -0.008253826938566935 7000 -0.008253826938566935 14000 -0.983492346122866 
m400120 6000 -0.0005100495009972766 7000 -0.0005100495009972766 14000 -0.9989799009980055 
m400121 6000 -0.0018822035679262822 7000 -0.0018822035679262822 14000 -0.9962355928641474 
m400122 6000 -0.0036242656588348814 7000 -0.0036242656588348814 14000 -0.9927514686823303 
m400123 6000 -0.0059567496180424765 7000 -0.0059567496180424765 14000 -0.9880865007639152 
m400124 6000 -0.00764848889893768 7000 -0.00764848889893768 14000 -0.9847030222021245 
c **********************************
c PE+Pb, dens=4.78 g/cm3
m2      6000    -0.04286 $Carbon
        1001    -0.00714 $Hydrogen
        82000   -0.95000 $Lead
c **********************************
m3    1001 -0.048535 $Boric acid
      5010 -0.034981
      5011 -0.139923
      8016 -0.776561
c **********************************
m4    82000 1 $Lead
c **********************************
m5 26000 1 $Iron
c **********************************
m6     13027   -1.000 $ Aluminum
c **********************************
c  SS-304 (8.00 g/cm3), #298 in PNNL Compendium
m7   006000.50c -0.0004000
     014000.60c -0.0050000
     015031.50c -0.0002300
     016000.60c -0.0001500
     024000.50c -0.1899981
     025055.60c -0.0099999
     026000.50c -0.7017229
     028000.50c -0.0924991
c ****************************************
c       LaBr detector
c ****************************************
m8       35079    -0.2946       $ Br79
         35081    -0.3069       $ Br81
         57139    -0.3485       $ La139
         58140    -0.0500       $ Ce140
c ************ air den=1.15e-3g/cc
m12     8016 -0.23
        7014 -0.77
c ************ Rubber Natural den=0.92 g/cc
m13     1001 -0.118371  $weight fraction
        6000 -0.881629
c
c end material cards
c
rand seed=8674536546524321 $different initial random #; seed# - any less 18 digits
c
c ********** begin tallies *********************
fc78 *********Broadened Pulse Height Tally Sum of Detectors 1,2 & 3 ***********
e78 0 1e-5 932i 8.4295
F78:p (101)
FT78 GEB -0.026198 0.059551 -0.037176
fc18 *********Unbroadened Pulse Height Tally Sum of Detectors 1,2 & 3 ***********
e18 0 1e-5 932i 8.4295
F18:p (101)
c ***********************************
c mplot tal 78 freq 10000
nps 1e9
