c CAS DETECTOR
c w/ Shielding in Place and Wheels
c
c CELL CARDS
c
c @@@@@@@@@@ Detectors @@@@@@@@@@@@@@@@@
c
101 8 -5.08 -21 imp:n,p 1 $LaBr Detector #1 Active Region
c
c @@@@@@@@@ Shielding @@@@@@@@@@@@@@@@@
c
121 2 -4.78 -31 imp:n,p 1 $PE_Pb
122 4 -11.29 -32 imp:n,p 1 $Pb1
123 4 -11.29 -33 imp:n,p 1 $Pb2
124 4 -11.29 -34 imp:n,p 1 $Pb3
125 4 -11.29 -35 imp:n,p 1 $Pb4
126 4 -11.29 -36 imp:n,p 1 $Pb5
127 4 -11.29 -37 imp:n,p 1 $Pb6
128 3 -1.5 -38 imp:n,p 1 $BA1
129 3 -1.5 -39 imp:n,p 1 $BA2
130 6 -2.7 -40 imp:n,p 1 $Al
131 7 -7.92 301 -302 303 -304 imp:n,p 1 $Fe-tube
132 5 -7.8 -401 imp:n,p 1 $Fe
133 5 -7.8 -402 imp:n,p 1 $Fe
c @@@@@@@@@@ Wheels @@@@@@@@@@@@@@@@@
c
21 13 -0.92 -41 42 imp:n,p 1 $Wheel 1
211 13 -0.92 -421 422 imp:n,p 1 $Wheel 1
212 13 -0.92 -423 424 imp:n,p 1 $Wheel 1
22 13 -0.92 -43 44 imp:n,p 1 $Wheel 2
221 13 -0.92 -441 442 imp:n,p 1 $Wheel 2
222 13 -0.92 -443 444 imp:n,p 1 $Wheel 2
23 13 -0.92 -45 46 imp:n,p 1 $Wheel 3
231 13 -0.92 -461 462 imp:n,p 1 $Wheel 3
232 13 -0.92 -463 464 imp:n,p 1 $Wheel 3
24 13 -0.92 -47 48 imp:n,p 1 $Wheel 4
241 13 -0.92 -481 482 imp:n,p 1 $Wheel 4
242 13 -0.92 -483 484 imp:n,p 1 $Wheel 4
c
c @@@@@@@@@@ SOIL VOLUME @@@@@@@@@@@
c
300000 400000 -2.156 20010 -20011 20020 -20021 20030 -20031 imp:n,p 1
300001 400001 -2.156 20010 -20011 20020 -20021 20031 -20032 imp:n,p 1
300002 400002 -2.156 20010 -20011 20020 -20021 20032 -20033 imp:n,p 1
300003 400003 -2.156 20010 -20011 20020 -20021 20033 -20034 imp:n,p 1
300004 400004 -2.156 20010 -20011 20020 -20021 20034 -20035 imp:n,p 1
300005 400005 -2.156 20011 -20012 20020 -20021 20030 -20031 imp:n,p 1
300006 400006 -2.156 20011 -20012 20020 -20021 20031 -20032 imp:n,p 1
300007 400007 -2.156 20011 -20012 20020 -20021 20032 -20033 imp:n,p 1
300008 400008 -2.156 20011 -20012 20020 -20021 20033 -20034 imp:n,p 1
300009 400009 -2.156 20011 -20012 20020 -20021 20034 -20035 imp:n,p 1
300010 400010 -2.156 20012 -20013 20020 -20021 20030 -20031 imp:n,p 1
300011 400011 -2.156 20012 -20013 20020 -20021 20031 -20032 imp:n,p 1
300012 400012 -2.156 20012 -20013 20020 -20021 20032 -20033 imp:n,p 1
300013 400013 -2.156 20012 -20013 20020 -20021 20033 -20034 imp:n,p 1
300014 400014 -2.156 20012 -20013 20020 -20021 20034 -20035 imp:n,p 1
300015 400015 -2.156 20013 -20014 20020 -20021 20030 -20031 imp:n,p 1
300016 400016 -2.156 20013 -20014 20020 -20021 20031 -20032 imp:n,p 1
300017 400017 -2.156 20013 -20014 20020 -20021 20032 -20033 imp:n,p 1
300018 400018 -2.156 20013 -20014 20020 -20021 20033 -20034 imp:n,p 1
300019 400019 -2.156 20013 -20014 20020 -20021 20034 -20035 imp:n,p 1
300020 400020 -2.156 20014 -20015 20020 -20021 20030 -20031 imp:n,p 1
300021 400021 -2.156 20014 -20015 20020 -20021 20031 -20032 imp:n,p 1
300022 400022 -2.156 20014 -20015 20020 -20021 20032 -20033 imp:n,p 1
300023 400023 -2.156 20014 -20015 20020 -20021 20033 -20034 imp:n,p 1
300024 400024 -2.156 20014 -20015 20020 -20021 20034 -20035 imp:n,p 1
300025 400025 -2.156 20010 -20011 20021 -20022 20030 -20031 imp:n,p 1
300026 400026 -2.156 20010 -20011 20021 -20022 20031 -20032 imp:n,p 1
300027 400027 -2.156 20010 -20011 20021 -20022 20032 -20033 imp:n,p 1
300028 400028 -2.156 20010 -20011 20021 -20022 20033 -20034 imp:n,p 1
300029 400029 -2.156 20010 -20011 20021 -20022 20034 -20035 imp:n,p 1
300030 400030 -2.156 20011 -20012 20021 -20022 20030 -20031 imp:n,p 1
300031 400031 -2.156 20011 -20012 20021 -20022 20031 -20032 imp:n,p 1
300032 400032 -2.156 20011 -20012 20021 -20022 20032 -20033 imp:n,p 1
300033 400033 -2.156 20011 -20012 20021 -20022 20033 -20034 imp:n,p 1
300034 400034 -2.156 20011 -20012 20021 -20022 20034 -20035 imp:n,p 1
300035 400035 -2.156 20012 -20013 20021 -20022 20030 -20031 imp:n,p 1
300036 400036 -2.156 20012 -20013 20021 -20022 20031 -20032 imp:n,p 1
300037 400037 -2.156 20012 -20013 20021 -20022 20032 -20033 imp:n,p 1
300038 400038 -2.156 20012 -20013 20021 -20022 20033 -20034 imp:n,p 1
300039 400039 -2.156 20012 -20013 20021 -20022 20034 -20035 imp:n,p 1
300040 400040 -2.156 20013 -20014 20021 -20022 20030 -20031 imp:n,p 1
300041 400041 -2.156 20013 -20014 20021 -20022 20031 -20032 imp:n,p 1
300042 400042 -2.156 20013 -20014 20021 -20022 20032 -20033 imp:n,p 1
300043 400043 -2.156 20013 -20014 20021 -20022 20033 -20034 imp:n,p 1
300044 400044 -2.156 20013 -20014 20021 -20022 20034 -20035 imp:n,p 1
300045 400045 -2.156 20014 -20015 20021 -20022 20030 -20031 imp:n,p 1
300046 400046 -2.156 20014 -20015 20021 -20022 20031 -20032 imp:n,p 1
300047 400047 -2.156 20014 -20015 20021 -20022 20032 -20033 imp:n,p 1
300048 400048 -2.156 20014 -20015 20021 -20022 20033 -20034 imp:n,p 1
300049 400049 -2.156 20014 -20015 20021 -20022 20034 -20035 imp:n,p 1
300050 400050 -2.156 20010 -20011 20022 -20023 20030 -20031 imp:n,p 1
300051 400051 -2.156 20010 -20011 20022 -20023 20031 -20032 imp:n,p 1
300052 400052 -2.156 20010 -20011 20022 -20023 20032 -20033 imp:n,p 1
300053 400053 -2.156 20010 -20011 20022 -20023 20033 -20034 imp:n,p 1
300054 400054 -2.156 20010 -20011 20022 -20023 20034 -20035 imp:n,p 1
300055 400055 -2.156 20011 -20012 20022 -20023 20030 -20031 imp:n,p 1
300056 400056 -2.156 20011 -20012 20022 -20023 20031 -20032 imp:n,p 1
300057 400057 -2.156 20011 -20012 20022 -20023 20032 -20033 imp:n,p 1
300058 400058 -2.156 20011 -20012 20022 -20023 20033 -20034 imp:n,p 1
300059 400059 -2.156 20011 -20012 20022 -20023 20034 -20035 imp:n,p 1
300060 400060 -2.156 20012 -20013 20022 -20023 20030 -20031 imp:n,p 1
300061 400061 -2.156 20012 -20013 20022 -20023 20031 -20032 imp:n,p 1
300062 400062 -2.156 20012 -20013 20022 -20023 20032 -20033 imp:n,p 1
300063 400063 -2.156 20012 -20013 20022 -20023 20033 -20034 imp:n,p 1
300064 400064 -2.156 20012 -20013 20022 -20023 20034 -20035 imp:n,p 1
300065 400065 -2.156 20013 -20014 20022 -20023 20030 -20031 imp:n,p 1
300066 400066 -2.156 20013 -20014 20022 -20023 20031 -20032 imp:n,p 1
300067 400067 -2.156 20013 -20014 20022 -20023 20032 -20033 imp:n,p 1
300068 400068 -2.156 20013 -20014 20022 -20023 20033 -20034 imp:n,p 1
300069 400069 -2.156 20013 -20014 20022 -20023 20034 -20035 imp:n,p 1
300070 400070 -2.156 20014 -20015 20022 -20023 20030 -20031 imp:n,p 1
300071 400071 -2.156 20014 -20015 20022 -20023 20031 -20032 imp:n,p 1
300072 400072 -2.156 20014 -20015 20022 -20023 20032 -20033 imp:n,p 1
300073 400073 -2.156 20014 -20015 20022 -20023 20033 -20034 imp:n,p 1
300074 400074 -2.156 20014 -20015 20022 -20023 20034 -20035 imp:n,p 1
300075 400075 -2.156 20010 -20011 20023 -20024 20030 -20031 imp:n,p 1
300076 400076 -2.156 20010 -20011 20023 -20024 20031 -20032 imp:n,p 1
300077 400077 -2.156 20010 -20011 20023 -20024 20032 -20033 imp:n,p 1
300078 400078 -2.156 20010 -20011 20023 -20024 20033 -20034 imp:n,p 1
300079 400079 -2.156 20010 -20011 20023 -20024 20034 -20035 imp:n,p 1
300080 400080 -2.156 20011 -20012 20023 -20024 20030 -20031 imp:n,p 1
300081 400081 -2.156 20011 -20012 20023 -20024 20031 -20032 imp:n,p 1
300082 400082 -2.156 20011 -20012 20023 -20024 20032 -20033 imp:n,p 1
300083 400083 -2.156 20011 -20012 20023 -20024 20033 -20034 imp:n,p 1
300084 400084 -2.156 20011 -20012 20023 -20024 20034 -20035 imp:n,p 1
300085 400085 -2.156 20012 -20013 20023 -20024 20030 -20031 imp:n,p 1
300086 400086 -2.156 20012 -20013 20023 -20024 20031 -20032 imp:n,p 1
300087 400087 -2.156 20012 -20013 20023 -20024 20032 -20033 imp:n,p 1
300088 400088 -2.156 20012 -20013 20023 -20024 20033 -20034 imp:n,p 1
300089 400089 -2.156 20012 -20013 20023 -20024 20034 -20035 imp:n,p 1
300090 400090 -2.156 20013 -20014 20023 -20024 20030 -20031 imp:n,p 1
300091 400091 -2.156 20013 -20014 20023 -20024 20031 -20032 imp:n,p 1
300092 400092 -2.156 20013 -20014 20023 -20024 20032 -20033 imp:n,p 1
300093 400093 -2.156 20013 -20014 20023 -20024 20033 -20034 imp:n,p 1
300094 400094 -2.156 20013 -20014 20023 -20024 20034 -20035 imp:n,p 1
300095 400095 -2.156 20014 -20015 20023 -20024 20030 -20031 imp:n,p 1
300096 400096 -2.156 20014 -20015 20023 -20024 20031 -20032 imp:n,p 1
300097 400097 -2.156 20014 -20015 20023 -20024 20032 -20033 imp:n,p 1
300098 400098 -2.156 20014 -20015 20023 -20024 20033 -20034 imp:n,p 1
300099 400099 -2.156 20014 -20015 20023 -20024 20034 -20035 imp:n,p 1
300100 400100 -2.156 20010 -20011 20024 -20025 20030 -20031 imp:n,p 1
300101 400101 -2.156 20010 -20011 20024 -20025 20031 -20032 imp:n,p 1
300102 400102 -2.156 20010 -20011 20024 -20025 20032 -20033 imp:n,p 1
300103 400103 -2.156 20010 -20011 20024 -20025 20033 -20034 imp:n,p 1
300104 400104 -2.156 20010 -20011 20024 -20025 20034 -20035 imp:n,p 1
300105 400105 -2.156 20011 -20012 20024 -20025 20030 -20031 imp:n,p 1
300106 400106 -2.156 20011 -20012 20024 -20025 20031 -20032 imp:n,p 1
300107 400107 -2.156 20011 -20012 20024 -20025 20032 -20033 imp:n,p 1
300108 400108 -2.156 20011 -20012 20024 -20025 20033 -20034 imp:n,p 1
300109 400109 -2.156 20011 -20012 20024 -20025 20034 -20035 imp:n,p 1
300110 400110 -2.156 20012 -20013 20024 -20025 20030 -20031 imp:n,p 1
300111 400111 -2.156 20012 -20013 20024 -20025 20031 -20032 imp:n,p 1
300112 400112 -2.156 20012 -20013 20024 -20025 20032 -20033 imp:n,p 1
300113 400113 -2.156 20012 -20013 20024 -20025 20033 -20034 imp:n,p 1
300114 400114 -2.156 20012 -20013 20024 -20025 20034 -20035 imp:n,p 1
300115 400115 -2.156 20013 -20014 20024 -20025 20030 -20031 imp:n,p 1
300116 400116 -2.156 20013 -20014 20024 -20025 20031 -20032 imp:n,p 1
300117 400117 -2.156 20013 -20014 20024 -20025 20032 -20033 imp:n,p 1
300118 400118 -2.156 20013 -20014 20024 -20025 20033 -20034 imp:n,p 1
300119 400119 -2.156 20013 -20014 20024 -20025 20034 -20035 imp:n,p 1
300120 400120 -2.156 20014 -20015 20024 -20025 20030 -20031 imp:n,p 1
300121 400121 -2.156 20014 -20015 20024 -20025 20031 -20032 imp:n,p 1
300122 400122 -2.156 20014 -20015 20024 -20025 20032 -20033 imp:n,p 1
300123 400123 -2.156 20014 -20015 20024 -20025 20033 -20034 imp:n,p 1
300124 400124 -2.156 20014 -20015 20024 -20025 20034 -20035 imp:n,p 1
c
30 12 -0.00129 -200 #101 #121 #122 #123 #124 #125 #126 #127 #128 #129 #130 #131 #132 #133
        #21 #211 #212 #22 #221 #222 #23 #231 #232 #24 #241 #242 #20 imp:n,p 1 $Rest of the World
31 0 200 imp:n,p 0 $Outside world

c SURFACE CARDS
c
c Sample Volume
20010 px -56.0
20011 px -33.59999999999991
20012 px -11.199999999999818
20013 px 11.199999999999818
20014 px 33.59999999999991
20015 px 56.0
20020 py -45.0
20021 py -27.0
20022 py -9.0
20023 py 9.0
20024 py 27.0
20025 py 45.0
20030 pz 92.0
20031 pz 82.0
20032 pz 72.0
20033 pz 62.0
20034 pz 52.0
20035 pz 42.0
c Active Detector Region
21 rcc 56  -5.0 -1.0   0.0 20.3 0.0   4.5 $Detector 1 Base center, Hx,Hy,Hz, radius
c Shielding Surfaces
c Shielding Pb
31 rpp 19 29 -7.5 7.5 -11 9 $PbPE xmin xmax ymin ymax zmin zmax
32 rpp 9 19 4 9 -11 9 $Pb xmin xmax ymin ymax zmin zmax
33 rpp 9 19 -9 -4 -11 9 $Pb xmin xmax ymin ymax zmin zmax
34 rpp 19 29 7.5 12.5 -11 9 $Pb xmin xmax ymin ymax zmin zmax
35 rpp 19 29 -12.5 -7.5 -11 9 $Pb xmin xmax ymin ymax zmin zmax
36 rpp 29 34 -15 15 -11 9 $Pb xmin xmax ymin ymax zmin zmax
37 rpp 9 19 -4 4 4 9 $Pb xmin xmax ymin ymax zmin zmax
38 rpp -26 26 18 28 -11 9 $BA1 xmin xmax ymin ymax zmin zmax
39 rpp -26 26 -28 -18 -11 9 $BA2 xmin xmax ymin ymax zmin zmax
40 rpp -65 65 -28 28 10 10.5 $Al xmin xmax ymin ymax zmin zmax
401 rpp -27 27 29 34 -11 9 $Fe xmin xmax ymin ymax zmin zmax
402 rpp -27 27 -34 -29 -11 9 $Fe xmin xmax ymin ymax zmin zmax
301 px -20
302 px 18
303 cx 3.71
304 cx 3.81
c Wheels Surfaces
c 23/10.5-12 turf tires, 22.6 lb rubber
c diameter 29cm, tread width 25cm, and sidewall height 13.76 cm
c set thickness of all sides 1.3 cm (s.t. weight is 22.6 lb)
41 rcc -2 77 8   0.0 25 0.0 29 $wheel 1 outer tread surface
42 rcc -2 77 8   0.0 25 0.0 27.7 $wheel 1 inner tread surface
421 rcc -2 75.7 8   0.0 1.3 0.0 29 $wheel 1 outside sidewall exterior
422 rcc -2 75.7 8   0.0 1.3 0.0 15.24 $wheel 1 outside sidewall interior
423 rcc -2 102 8   0.0 1.3 0.0 29 $wheel 1 inside sidewall exterior
424 rcc -2 102 8   0.0 1.3 0.0 15.24 $wheel 1 inside sidewall interior
43 rcc 68 77 8   0.0 25 0.0 29 $wheel 2
44 rcc 68 77 8   0.0 25 0.0 27.7
441 rcc 68 75.7 8   0.0 1.3 0.0 29
442 rcc 68 75.7 8   0.0 1.3 0.0 15.24
443 rcc 68 102 8   0.0 1.3 0.0 29
444 rcc 68 102 8   0.0 1.3 0.0 15.24
45 rcc -2 -77 8   0.0 -25 0.0 29 $wheel 3
46 rcc -2 -77 8   0.0 -25 0.0 27.7
461 rcc -2 -75.7 8   0.0 -1.3 0.0 29
462 rcc -2 -75.7 8   0.0 -1.3 0.0 15.24
463 rcc -2 -102 8   0.0 -1.3 0.0 29
464 rcc -2 -102 8   0.0 -1.3 0.0 15.24
47 rcc 68 -77 8   0.0 -25 0.0 29 $wheel 4
48 rcc 68 -77 8   0.0 -25 0.0 27.7
481 rcc 68 -75.7 8   0.0 -1.3 0.0 29
482 rcc 68 -75.7 8   0.0 -1.3 0.0 15.24
483 rcc 68 -102 8   0.0 -1.3 0.0 29
484 rcc 68 -102 8   0.0 -1.3 0.0 15.24
200 so 800    $sphere of 800cm centered at origin
c

c DATA CARDS
mode n p
c dump every hr
prdmp -60 -60 -1
c 100 keV Neutron Energy Cutoff
Cut:n 1j 0.1
c analog neutron transport
phys:n 1j 14
phys:p
sdef pos=0 0 0 erg=14.0 vec= 0 0 1 dir=d1
si1  -1 .93 1
sp1   0  0.0  1.0
c ********************
c begin material cards
c ********************
c Pure Carbon
c ****************************************
m400000 6000 -0.0004831296152401096 7000 -0.0004831296152401096 14000 -0.9990337407695198 
m400001 6000 -0.002078270196232931 7000 -0.002078270196232931 14000 -0.9958434596075343 
m400002 6000 -0.003754263606439963 7000 -0.003754263606439963 14000 -0.99249147278712 
m400003 6000 -0.005999788105879109 7000 -0.005999788105879109 14000 -0.9880004237882418 
m400004 6000 -0.00792660455359088 7000 -0.00792660455359088 14000 -0.9841467908928184 
m400005 6000 -0.00028738787383280685 7000 -0.00028738787383280685 14000 -0.9994252242523345 
m400006 6000 -0.0019748380559373342 7000 -0.0019748380559373342 14000 -0.9960503238881254 
m400007 6000 -0.0037350719767354707 7000 -0.0037350719767354707 14000 -0.9925298560465287 
m400008 6000 -0.005663949922744552 7000 -0.005663949922744552 14000 -0.9886721001545111 
m400009 6000 -0.008035460136573483 7000 -0.008035460136573483 14000 -0.9839290797268531 
m400010 6000 -0.0005125440316070221 7000 -0.0005125440316070221 14000 -0.9989749119367862 
m400011 6000 -0.0018842921131589977 7000 -0.0018842921131589977 14000 -0.9962314157736821 
m400012 6000 -0.004196801719600415 7000 -0.004196801719600415 14000 -0.9916063965607994 
m400013 6000 -0.005904499010506925 7000 -0.005904499010506925 14000 -0.9881910019789859 
m400014 6000 -0.008155202227039521 7000 -0.008155202227039521 14000 -0.983689595545921 
m400015 6000 -0.0006296046548827066 7000 -0.0006296046548827066 14000 -0.9987407906902347 
m400016 6000 -0.0022440466891395262 7000 -0.0022440466891395262 14000 -0.9955119066217212 
m400017 6000 -0.00379913968672427 7000 -0.00379913968672427 14000 -0.9924017206265515 
m400018 6000 -0.0061035344064325195 7000 -0.0061035344064325195 14000 -0.9877929311871353 
m400019 6000 -0.007892032086274738 7000 -0.007892032086274738 14000 -0.98421593582745 
m400020 6000 -0.0003760195921075487 7000 -0.0003760195921075487 14000 -0.9992479608157848 
m400021 6000 -0.002185041446819068 7000 -0.002185041446819068 14000 -0.9956299171063617 
m400022 6000 -0.003746674710312957 7000 -0.003746674710312957 14000 -0.9925066505793739 
m400023 6000 -0.006105946720674545 7000 -0.006105946720674545 14000 -0.9877881065586509 
m400024 6000 -0.008067775210737841 7000 -0.008067775210737841 14000 -0.9838644495785244 
m400025 6000 -0.000584065110597868 7000 -0.000584065110597868 14000 -0.9988318697788046 
m400026 6000 -0.0017134075611483653 7000 -0.0017134075611483653 14000 -0.9965731848777034 
m400027 6000 -0.004131461141547383 7000 -0.004131461141547383 14000 -0.9917370777169058 
m400028 6000 -0.005990146311326866 7000 -0.005990146311326866 14000 -0.9880197073773463 
m400029 6000 -0.008159884529896948 7000 -0.008159884529896948 14000 -0.983680230940206 
m400030 6000 -0.00042833700197358605 7000 -0.00042833700197358605 14000 -0.9991433259960526 
m400031 6000 -0.0015813792313528283 7000 -0.0015813792313528283 14000 -0.9968372415372946 
m400032 6000 -0.00395737525784902 7000 -0.00395737525784902 14000 -0.992085249484302 
m400033 6000 -0.0060895815688493 7000 -0.0060895815688493 14000 -0.987820836862301 
m400034 6000 -0.00797527681925569 7000 -0.00797527681925569 14000 -0.9840494463614883 
m400035 6000 -0.0004498344700019849 7000 -0.0004498344700019849 14000 -0.9991003310599962 
m400036 6000 -0.0018626078644404926 7000 -0.0018626078644404926 14000 -0.9962747842711189 
m400037 6000 -0.003929273097053918 7000 -0.003929273097053918 14000 -0.9921414538058922 
m400038 6000 -0.005978043731308982 7000 -0.005978043731308982 14000 -0.9880439125373818 
m400039 6000 -0.007946184402757678 7000 -0.007946184402757678 14000 -0.9841076311944847 
m400040 6000 -0.0005636474180270806 7000 -0.0005636474180270806 14000 -0.9988727051639459 
m400041 6000 -0.0020324002864761776 7000 -0.0020324002864761776 14000 -0.9959351994270473 
m400042 6000 -0.004138163237683101 7000 -0.004138163237683101 14000 -0.9917236735246339 
m400043 6000 -0.005878837841155307 7000 -0.005878837841155307 14000 -0.9882423243176894 
m400044 6000 -0.00790947073951651 7000 -0.00790947073951651 14000 -0.9841810585209668 
m400045 6000 -0.0005419577626958199 7000 -0.0005419577626958199 14000 -0.9989160844746084 
m400046 6000 -0.0021713482880372672 7000 -0.0021713482880372672 14000 -0.995657303423925 
m400047 6000 -0.004115911907956446 7000 -0.004115911907956446 14000 -0.9917681761840875 
m400048 6000 -0.006053105840547859 7000 -0.006053105840547859 14000 -0.9878937883189043 
m400049 6000 -0.007965576999655406 7000 -0.007965576999655406 14000 -0.9840688460006892 
m400050 6000 -0.0005306682329976353 7000 -0.0005306682329976353 14000 -0.9989386635340047 
m400051 6000 -0.0016801970088953767 7000 -0.0016801970088953767 14000 -0.9966396059822096 
m400052 6000 -0.0037268421111374766 7000 -0.0037268421111374766 14000 -0.992546315777725 
m400053 6000 -0.006306584552999421 7000 -0.006306584552999421 14000 -0.987386830894001 
m400054 6000 -0.007826782574300169 7000 -0.007826782574300169 14000 -0.9843464348513996 
m400055 6000 -0.0003370000749180022 7000 -0.0003370000749180022 14000 -0.9993259998501636 
m400056 6000 -0.0021863665085922156 7000 -0.0021863665085922156 14000 -0.9956272669828157 
m400057 6000 -0.003961684943553739 7000 -0.003961684943553739 14000 -0.9920766301128924 
m400058 6000 -0.0058707537243071605 7000 -0.0058707537243071605 14000 -0.9882584925513856 
m400059 6000 -0.007802018914789549 7000 -0.007802018914789549 14000 -0.9843959621704209 
m400060 6000 -0.0006318283346689323 7000 -0.0006318283346689323 14000 -0.9987363433306623 
m400061 6000 -0.0017623455191947274 7000 -0.0017623455191947274 14000 -0.9964753089616107 
m400062 6000 -0.0039189468768653065 7000 -0.0039189468768653065 14000 -0.9921621062462697 
m400063 6000 -0.00611550355943657 7000 -0.00611550355943657 14000 -0.9877689928811271 
m400064 6000 -0.008181332123759362 7000 -0.008181332123759362 14000 -0.9836373357524815 
m400065 6000 -0.0005283702013699442 7000 -0.0005283702013699442 14000 -0.9989432595972602 
m400066 6000 -0.0020080254370445135 7000 -0.0020080254370445135 14000 -0.9959839491259109 
m400067 6000 -0.004123675863696143 7000 -0.004123675863696143 14000 -0.9917526482726078 
m400068 6000 -0.005946809373864795 7000 -0.005946809373864795 14000 -0.9881063812522707 
m400069 6000 -0.007851531023385164 7000 -0.007851531023385164 14000 -0.98429693795323 
m400070 6000 -0.0006015916431419112 7000 -0.0006015916431419112 14000 -0.9987968167137162 
m400071 6000 -0.0019673546689027484 7000 -0.0019673546689027484 14000 -0.9960652906621946 
m400072 6000 -0.0038054839391368877 7000 -0.0038054839391368877 14000 -0.9923890321217261 
m400073 6000 -0.006191546718617706 7000 -0.006191546718617706 14000 -0.9876169065627646 
m400074 6000 -0.007533532149183079 7000 -0.007533532149183079 14000 -0.984932935701634 
m400075 6000 -0.00044374576516756624 7000 -0.00044374576516756624 14000 -0.9991125084696647 
m400076 6000 -0.0022158440171204693 7000 -0.0022158440171204693 14000 -0.995568311965759 
m400077 6000 -0.004074984951768468 7000 -0.004074984951768468 14000 -0.9918500300964636 
m400078 6000 -0.0061552383744948825 7000 -0.0061552383744948825 14000 -0.9876895232510104 
m400079 6000 -0.007859793080823517 7000 -0.007859793080823517 14000 -0.9842804138383532 
m400080 6000 -0.000663424563303124 7000 -0.000663424563303124 14000 -0.998673150873394 
m400081 6000 -0.0018979661551248763 7000 -0.0018979661551248763 14000 -0.9962040676897501 
m400082 6000 -0.004007110746512551 7000 -0.004007110746512551 14000 -0.991985778506975 
m400083 6000 -0.006213900103419953 7000 -0.006213900103419953 14000 -0.9875721997931602 
m400084 6000 -0.007901492199417775 7000 -0.007901492199417775 14000 -0.9841970156011642 
m400085 6000 -0.000332942506200634 7000 -0.000332942506200634 14000 -0.9993341149875988 
m400086 6000 -0.0018169780366715667 7000 -0.0018169780366715667 14000 -0.9963660439266571 
m400087 6000 -0.004118860416568356 7000 -0.004118860416568356 14000 -0.9917622791668631 
m400088 6000 -0.005971292828678868 7000 -0.005971292828678868 14000 -0.9880574143426422 
m400089 6000 -0.007820636168331055 7000 -0.007820636168331055 14000 -0.9843587276633379 
m400090 6000 -0.0005375279678528158 7000 -0.0005375279678528158 14000 -0.9989249440642943 
m400091 6000 -0.002387292990410173 7000 -0.002387292990410173 14000 -0.9952254140191796 
m400092 6000 -0.004114809218516279 7000 -0.004114809218516279 14000 -0.9917703815629673 
m400093 6000 -0.005871442855902439 7000 -0.005871442855902439 14000 -0.9882571142881952 
m400094 6000 -0.007811764376668095 7000 -0.007811764376668095 14000 -0.9843764712466642 
m400095 6000 -0.0004053671251671744 7000 -0.0004053671251671744 14000 -0.9991892657496656 
m400096 6000 -0.002037237307750418 7000 -0.002037237307750418 14000 -0.9959255253844991 
m400097 6000 -0.004028119305752751 7000 -0.004028119305752751 14000 -0.9919437613884949 
m400098 6000 -0.005803069949554234 7000 -0.005803069949554234 14000 -0.9883938601008916 
m400099 6000 -0.007725664579321441 7000 -0.007725664579321441 14000 -0.9845486708413571 
m400100 6000 -0.0003747271653064729 7000 -0.0003747271653064729 14000 -0.9992505456693871 
m400101 6000 -0.001835887199931996 7000 -0.001835887199931996 14000 -0.9963282256001358 
m400102 6000 -0.003829435969811751 7000 -0.003829435969811751 14000 -0.9923411280603764 
m400103 6000 -0.00621517722856426 7000 -0.00621517722856426 14000 -0.9875696455428714 
m400104 6000 -0.007972149776494155 7000 -0.007972149776494155 14000 -0.9840557004470115 
m400105 6000 -0.0005765169704218752 7000 -0.0005765169704218752 14000 -0.9988469660591563 
m400106 6000 -0.0018483320611454562 7000 -0.0018483320611454562 14000 -0.9963033358777096 
m400107 6000 -0.004130482776718986 7000 -0.004130482776718986 14000 -0.9917390344465623 
m400108 6000 -0.0061293562810086424 7000 -0.0061293562810086424 14000 -0.9877412874379828 
m400109 6000 -0.00779173133869822 7000 -0.00779173133869822 14000 -0.9844165373226036 
m400110 6000 -0.0004757809536147083 7000 -0.0004757809536147083 14000 -0.9990484380927706 
m400111 6000 -0.0018678546008735625 7000 -0.0018678546008735625 14000 -0.996264290798253 
m400112 6000 -0.003930836542806592 7000 -0.003930836542806592 14000 -0.9921383269143865 
m400113 6000 -0.00603199205011081 7000 -0.00603199205011081 14000 -0.9879360158997781 
m400114 6000 -0.0077763865476713 7000 -0.0077763865476713 14000 -0.9844472269046572 
m400115 6000 -0.00047393683823509906 7000 -0.00047393683823509906 14000 -0.9990521263235297 
m400116 6000 -0.0021630620669560647 7000 -0.0021630620669560647 14000 -0.9956738758660879 
m400117 6000 -0.003917508637200132 7000 -0.003917508637200132 14000 -0.9921649827255996 
m400118 6000 -0.00557445894477284 7000 -0.00557445894477284 14000 -0.988851082110454 
m400119 6000 -0.008047214871994699 7000 -0.008047214871994699 14000 -0.9839055702560109 
m400120 6000 -0.0006955268335794686 7000 -0.0006955268335794686 14000 -0.9986089463328411 
m400121 6000 -0.0014332267528234571 7000 -0.0014332267528234571 14000 -0.9971335464943529 
m400122 6000 -0.004013092499692839 7000 -0.004013092499692839 14000 -0.9919738150006142 
m400123 6000 -0.005921304780162197 7000 -0.005921304780162197 14000 -0.9881573904396757 
m400124 6000 -0.00815940758931817 7000 -0.00815940758931817 14000 -0.9836811848213638 
c **********************************
c PE+Pb, dens=4.78 g/cm3
m2      6000    -0.04286 $Carbon
        1001    -0.00714 $Hydrogen
        82000   -0.95000 $Lead
c **********************************
m3    1001 -0.048535 $Boric acid
      5010 -0.034981
      5011 -0.139923
      8016 -0.776561
c **********************************
m4    82000 1 $Lead
c **********************************
m5 26000 1 $Iron
c **********************************
m6     13027   -1.000 $ Aluminum
c **********************************
c  SS-304 (8.00 g/cm3), #298 in PNNL Compendium
m7   006000.50c -0.0004000
     014000.60c -0.0050000
     015031.50c -0.0002300
     016000.60c -0.0001500
     024000.50c -0.1899981
     025055.60c -0.0099999
     026000.50c -0.7017229
     028000.50c -0.0924991
c ****************************************
c       LaBr detector
c ****************************************
m8       35079    -0.2946       $ Br79
         35081    -0.3069       $ Br81
         57139    -0.3485       $ La139
         58140    -0.0500       $ Ce140
c ************ air den=1.15e-3g/cc
m12     8016 -0.23
        7014 -0.77
c ************ Rubber Natural den=0.92 g/cc
m13     1001 -0.118371  $weight fraction
        6000 -0.881629
c
c end material cards
c
rand seed=8674536546524321 $different initial random #; seed# - any less 18 digits
c
c ********** begin tallies *********************
fc78 *********Broadened Pulse Height Tally Sum of Detectors 1,2 & 3 ***********
e78 0 1e-5 932i 8.4295
F78:p (101)
FT78 GEB -0.026198 0.059551 -0.037176
fc18 *********Unbroadened Pulse Height Tally Sum of Detectors 1,2 & 3 ***********
e18 0 1e-5 932i 8.4295
F18:p (101)
c ***********************************
c mplot tal 78 freq 10000
nps 1e9
