c CAS DETECTOR
c w/ Shielding in Place and Wheels
c
c CELL CARDS
c
c @@@@@@@@@@ Detectors @@@@@@@@@@@@@@@@@
c
101 8 -5.08 -21 imp:n,p 1 $LaBr Detector #1 Active Region
c
c @@@@@@@@@ Shielding @@@@@@@@@@@@@@@@@
c
121 2 -4.78 -31 imp:n,p 1 $PE_Pb
122 4 -11.29 -32 imp:n,p 1 $Pb1
123 4 -11.29 -33 imp:n,p 1 $Pb2
124 4 -11.29 -34 imp:n,p 1 $Pb3
125 4 -11.29 -35 imp:n,p 1 $Pb4
126 4 -11.29 -36 imp:n,p 1 $Pb5
127 4 -11.29 -37 imp:n,p 1 $Pb6
128 3 -1.5 -38 imp:n,p 1 $BA1
129 3 -1.5 -39 imp:n,p 1 $BA2
130 6 -2.7 -40 imp:n,p 1 $Al
131 7 -7.92 301 -302 303 -304 imp:n,p 1 $Fe-tube
132 5 -7.8 -401 imp:n,p 1 $Fe
133 5 -7.8 -402 imp:n,p 1 $Fe
c @@@@@@@@@@ Wheels @@@@@@@@@@@@@@@@@
c
21 13 -0.92 -41 42 imp:n,p 1 $Wheel 1
211 13 -0.92 -421 422 imp:n,p 1 $Wheel 1
212 13 -0.92 -423 424 imp:n,p 1 $Wheel 1
22 13 -0.92 -43 44 imp:n,p 1 $Wheel 2
221 13 -0.92 -441 442 imp:n,p 1 $Wheel 2
222 13 -0.92 -443 444 imp:n,p 1 $Wheel 2
23 13 -0.92 -45 46 imp:n,p 1 $Wheel 3
231 13 -0.92 -461 462 imp:n,p 1 $Wheel 3
232 13 -0.92 -463 464 imp:n,p 1 $Wheel 3
24 13 -0.92 -47 48 imp:n,p 1 $Wheel 4
241 13 -0.92 -481 482 imp:n,p 1 $Wheel 4
242 13 -0.92 -483 484 imp:n,p 1 $Wheel 4
c
c @@@@@@@@@@ SOIL VOLUME @@@@@@@@@@@
c
300000 400000 -2.156 20010 -20011 20020 -20021 20030 -20031 imp:n,p 1
300001 400001 -2.156 20010 -20011 20020 -20021 20031 -20032 imp:n,p 1
300002 400002 -2.156 20010 -20011 20020 -20021 20032 -20033 imp:n,p 1
300003 400003 -2.156 20010 -20011 20020 -20021 20033 -20034 imp:n,p 1
300004 400004 -2.156 20010 -20011 20020 -20021 20034 -20035 imp:n,p 1
300005 400005 -2.156 20011 -20012 20020 -20021 20030 -20031 imp:n,p 1
300006 400006 -2.156 20011 -20012 20020 -20021 20031 -20032 imp:n,p 1
300007 400007 -2.156 20011 -20012 20020 -20021 20032 -20033 imp:n,p 1
300008 400008 -2.156 20011 -20012 20020 -20021 20033 -20034 imp:n,p 1
300009 400009 -2.156 20011 -20012 20020 -20021 20034 -20035 imp:n,p 1
300010 400010 -2.156 20012 -20013 20020 -20021 20030 -20031 imp:n,p 1
300011 400011 -2.156 20012 -20013 20020 -20021 20031 -20032 imp:n,p 1
300012 400012 -2.156 20012 -20013 20020 -20021 20032 -20033 imp:n,p 1
300013 400013 -2.156 20012 -20013 20020 -20021 20033 -20034 imp:n,p 1
300014 400014 -2.156 20012 -20013 20020 -20021 20034 -20035 imp:n,p 1
300015 400015 -2.156 20013 -20014 20020 -20021 20030 -20031 imp:n,p 1
300016 400016 -2.156 20013 -20014 20020 -20021 20031 -20032 imp:n,p 1
300017 400017 -2.156 20013 -20014 20020 -20021 20032 -20033 imp:n,p 1
300018 400018 -2.156 20013 -20014 20020 -20021 20033 -20034 imp:n,p 1
300019 400019 -2.156 20013 -20014 20020 -20021 20034 -20035 imp:n,p 1
300020 400020 -2.156 20014 -20015 20020 -20021 20030 -20031 imp:n,p 1
300021 400021 -2.156 20014 -20015 20020 -20021 20031 -20032 imp:n,p 1
300022 400022 -2.156 20014 -20015 20020 -20021 20032 -20033 imp:n,p 1
300023 400023 -2.156 20014 -20015 20020 -20021 20033 -20034 imp:n,p 1
300024 400024 -2.156 20014 -20015 20020 -20021 20034 -20035 imp:n,p 1
300025 400025 -2.156 20010 -20011 20021 -20022 20030 -20031 imp:n,p 1
300026 400026 -2.156 20010 -20011 20021 -20022 20031 -20032 imp:n,p 1
300027 400027 -2.156 20010 -20011 20021 -20022 20032 -20033 imp:n,p 1
300028 400028 -2.156 20010 -20011 20021 -20022 20033 -20034 imp:n,p 1
300029 400029 -2.156 20010 -20011 20021 -20022 20034 -20035 imp:n,p 1
300030 400030 -2.156 20011 -20012 20021 -20022 20030 -20031 imp:n,p 1
300031 400031 -2.156 20011 -20012 20021 -20022 20031 -20032 imp:n,p 1
300032 400032 -2.156 20011 -20012 20021 -20022 20032 -20033 imp:n,p 1
300033 400033 -2.156 20011 -20012 20021 -20022 20033 -20034 imp:n,p 1
300034 400034 -2.156 20011 -20012 20021 -20022 20034 -20035 imp:n,p 1
300035 400035 -2.156 20012 -20013 20021 -20022 20030 -20031 imp:n,p 1
300036 400036 -2.156 20012 -20013 20021 -20022 20031 -20032 imp:n,p 1
300037 400037 -2.156 20012 -20013 20021 -20022 20032 -20033 imp:n,p 1
300038 400038 -2.156 20012 -20013 20021 -20022 20033 -20034 imp:n,p 1
300039 400039 -2.156 20012 -20013 20021 -20022 20034 -20035 imp:n,p 1
300040 400040 -2.156 20013 -20014 20021 -20022 20030 -20031 imp:n,p 1
300041 400041 -2.156 20013 -20014 20021 -20022 20031 -20032 imp:n,p 1
300042 400042 -2.156 20013 -20014 20021 -20022 20032 -20033 imp:n,p 1
300043 400043 -2.156 20013 -20014 20021 -20022 20033 -20034 imp:n,p 1
300044 400044 -2.156 20013 -20014 20021 -20022 20034 -20035 imp:n,p 1
300045 400045 -2.156 20014 -20015 20021 -20022 20030 -20031 imp:n,p 1
300046 400046 -2.156 20014 -20015 20021 -20022 20031 -20032 imp:n,p 1
300047 400047 -2.156 20014 -20015 20021 -20022 20032 -20033 imp:n,p 1
300048 400048 -2.156 20014 -20015 20021 -20022 20033 -20034 imp:n,p 1
300049 400049 -2.156 20014 -20015 20021 -20022 20034 -20035 imp:n,p 1
300050 400050 -2.156 20010 -20011 20022 -20023 20030 -20031 imp:n,p 1
300051 400051 -2.156 20010 -20011 20022 -20023 20031 -20032 imp:n,p 1
300052 400052 -2.156 20010 -20011 20022 -20023 20032 -20033 imp:n,p 1
300053 400053 -2.156 20010 -20011 20022 -20023 20033 -20034 imp:n,p 1
300054 400054 -2.156 20010 -20011 20022 -20023 20034 -20035 imp:n,p 1
300055 400055 -2.156 20011 -20012 20022 -20023 20030 -20031 imp:n,p 1
300056 400056 -2.156 20011 -20012 20022 -20023 20031 -20032 imp:n,p 1
300057 400057 -2.156 20011 -20012 20022 -20023 20032 -20033 imp:n,p 1
300058 400058 -2.156 20011 -20012 20022 -20023 20033 -20034 imp:n,p 1
300059 400059 -2.156 20011 -20012 20022 -20023 20034 -20035 imp:n,p 1
300060 400060 -2.156 20012 -20013 20022 -20023 20030 -20031 imp:n,p 1
300061 400061 -2.156 20012 -20013 20022 -20023 20031 -20032 imp:n,p 1
300062 400062 -2.156 20012 -20013 20022 -20023 20032 -20033 imp:n,p 1
300063 400063 -2.156 20012 -20013 20022 -20023 20033 -20034 imp:n,p 1
300064 400064 -2.156 20012 -20013 20022 -20023 20034 -20035 imp:n,p 1
300065 400065 -2.156 20013 -20014 20022 -20023 20030 -20031 imp:n,p 1
300066 400066 -2.156 20013 -20014 20022 -20023 20031 -20032 imp:n,p 1
300067 400067 -2.156 20013 -20014 20022 -20023 20032 -20033 imp:n,p 1
300068 400068 -2.156 20013 -20014 20022 -20023 20033 -20034 imp:n,p 1
300069 400069 -2.156 20013 -20014 20022 -20023 20034 -20035 imp:n,p 1
300070 400070 -2.156 20014 -20015 20022 -20023 20030 -20031 imp:n,p 1
300071 400071 -2.156 20014 -20015 20022 -20023 20031 -20032 imp:n,p 1
300072 400072 -2.156 20014 -20015 20022 -20023 20032 -20033 imp:n,p 1
300073 400073 -2.156 20014 -20015 20022 -20023 20033 -20034 imp:n,p 1
300074 400074 -2.156 20014 -20015 20022 -20023 20034 -20035 imp:n,p 1
300075 400075 -2.156 20010 -20011 20023 -20024 20030 -20031 imp:n,p 1
300076 400076 -2.156 20010 -20011 20023 -20024 20031 -20032 imp:n,p 1
300077 400077 -2.156 20010 -20011 20023 -20024 20032 -20033 imp:n,p 1
300078 400078 -2.156 20010 -20011 20023 -20024 20033 -20034 imp:n,p 1
300079 400079 -2.156 20010 -20011 20023 -20024 20034 -20035 imp:n,p 1
300080 400080 -2.156 20011 -20012 20023 -20024 20030 -20031 imp:n,p 1
300081 400081 -2.156 20011 -20012 20023 -20024 20031 -20032 imp:n,p 1
300082 400082 -2.156 20011 -20012 20023 -20024 20032 -20033 imp:n,p 1
300083 400083 -2.156 20011 -20012 20023 -20024 20033 -20034 imp:n,p 1
300084 400084 -2.156 20011 -20012 20023 -20024 20034 -20035 imp:n,p 1
300085 400085 -2.156 20012 -20013 20023 -20024 20030 -20031 imp:n,p 1
300086 400086 -2.156 20012 -20013 20023 -20024 20031 -20032 imp:n,p 1
300087 400087 -2.156 20012 -20013 20023 -20024 20032 -20033 imp:n,p 1
300088 400088 -2.156 20012 -20013 20023 -20024 20033 -20034 imp:n,p 1
300089 400089 -2.156 20012 -20013 20023 -20024 20034 -20035 imp:n,p 1
300090 400090 -2.156 20013 -20014 20023 -20024 20030 -20031 imp:n,p 1
300091 400091 -2.156 20013 -20014 20023 -20024 20031 -20032 imp:n,p 1
300092 400092 -2.156 20013 -20014 20023 -20024 20032 -20033 imp:n,p 1
300093 400093 -2.156 20013 -20014 20023 -20024 20033 -20034 imp:n,p 1
300094 400094 -2.156 20013 -20014 20023 -20024 20034 -20035 imp:n,p 1
300095 400095 -2.156 20014 -20015 20023 -20024 20030 -20031 imp:n,p 1
300096 400096 -2.156 20014 -20015 20023 -20024 20031 -20032 imp:n,p 1
300097 400097 -2.156 20014 -20015 20023 -20024 20032 -20033 imp:n,p 1
300098 400098 -2.156 20014 -20015 20023 -20024 20033 -20034 imp:n,p 1
300099 400099 -2.156 20014 -20015 20023 -20024 20034 -20035 imp:n,p 1
300100 400100 -2.156 20010 -20011 20024 -20025 20030 -20031 imp:n,p 1
300101 400101 -2.156 20010 -20011 20024 -20025 20031 -20032 imp:n,p 1
300102 400102 -2.156 20010 -20011 20024 -20025 20032 -20033 imp:n,p 1
300103 400103 -2.156 20010 -20011 20024 -20025 20033 -20034 imp:n,p 1
300104 400104 -2.156 20010 -20011 20024 -20025 20034 -20035 imp:n,p 1
300105 400105 -2.156 20011 -20012 20024 -20025 20030 -20031 imp:n,p 1
300106 400106 -2.156 20011 -20012 20024 -20025 20031 -20032 imp:n,p 1
300107 400107 -2.156 20011 -20012 20024 -20025 20032 -20033 imp:n,p 1
300108 400108 -2.156 20011 -20012 20024 -20025 20033 -20034 imp:n,p 1
300109 400109 -2.156 20011 -20012 20024 -20025 20034 -20035 imp:n,p 1
300110 400110 -2.156 20012 -20013 20024 -20025 20030 -20031 imp:n,p 1
300111 400111 -2.156 20012 -20013 20024 -20025 20031 -20032 imp:n,p 1
300112 400112 -2.156 20012 -20013 20024 -20025 20032 -20033 imp:n,p 1
300113 400113 -2.156 20012 -20013 20024 -20025 20033 -20034 imp:n,p 1
300114 400114 -2.156 20012 -20013 20024 -20025 20034 -20035 imp:n,p 1
300115 400115 -2.156 20013 -20014 20024 -20025 20030 -20031 imp:n,p 1
300116 400116 -2.156 20013 -20014 20024 -20025 20031 -20032 imp:n,p 1
300117 400117 -2.156 20013 -20014 20024 -20025 20032 -20033 imp:n,p 1
300118 400118 -2.156 20013 -20014 20024 -20025 20033 -20034 imp:n,p 1
300119 400119 -2.156 20013 -20014 20024 -20025 20034 -20035 imp:n,p 1
300120 400120 -2.156 20014 -20015 20024 -20025 20030 -20031 imp:n,p 1
300121 400121 -2.156 20014 -20015 20024 -20025 20031 -20032 imp:n,p 1
300122 400122 -2.156 20014 -20015 20024 -20025 20032 -20033 imp:n,p 1
300123 400123 -2.156 20014 -20015 20024 -20025 20033 -20034 imp:n,p 1
300124 400124 -2.156 20014 -20015 20024 -20025 20034 -20035 imp:n,p 1
c
30 12 -0.00129 -200 #101 #121 #122 #123 #124 #125 #126 #127 #128 #129 #130 #131 #132 #133
        #21 #211 #212 #22 #221 #222 #23 #231 #232 #24 #241 #242 #20 imp:n,p 1 $Rest of the World
31 0 200 imp:n,p 0 $Outside world

c SURFACE CARDS
c
c Sample Volume
20010 px -56.0
20011 px -33.600000000000364
20012 px -11.199999999999818
20013 px 11.199999999999818
20014 px 33.600000000000364
20015 px 56.0
20020 py -45.0
20021 py -27.0
20022 py -9.0
20023 py 9.0
20024 py 27.0
20025 py 45.0
20030 pz 92.0
20031 pz 82.0
20032 pz 72.0
20033 pz 62.0
20034 pz 52.0
20035 pz 42.0
c Active Detector Region
21 rcc 56  -5.0 -1.0   0.0 20.3 0.0   4.5 $Detector 1 Base center, Hx,Hy,Hz, radius
c Shielding Surfaces
c Shielding Pb
31 rpp 19 29 -7.5 7.5 -11 9 $PbPE xmin xmax ymin ymax zmin zmax
32 rpp 9 19 4 9 -11 9 $Pb xmin xmax ymin ymax zmin zmax
33 rpp 9 19 -9 -4 -11 9 $Pb xmin xmax ymin ymax zmin zmax
34 rpp 19 29 7.5 12.5 -11 9 $Pb xmin xmax ymin ymax zmin zmax
35 rpp 19 29 -12.5 -7.5 -11 9 $Pb xmin xmax ymin ymax zmin zmax
36 rpp 29 34 -15 15 -11 9 $Pb xmin xmax ymin ymax zmin zmax
37 rpp 9 19 -4 4 4 9 $Pb xmin xmax ymin ymax zmin zmax
38 rpp -26 26 18 28 -11 9 $BA1 xmin xmax ymin ymax zmin zmax
39 rpp -26 26 -28 -18 -11 9 $BA2 xmin xmax ymin ymax zmin zmax
40 rpp -65 65 -28 28 10 10.5 $Al xmin xmax ymin ymax zmin zmax
401 rpp -27 27 29 34 -11 9 $Fe xmin xmax ymin ymax zmin zmax
402 rpp -27 27 -34 -29 -11 9 $Fe xmin xmax ymin ymax zmin zmax
301 px -20
302 px 18
303 cx 3.71
304 cx 3.81
c Wheels Surfaces
c 23/10.5-12 turf tires, 22.6 lb rubber
c diameter 29cm, tread width 25cm, and sidewall height 13.76 cm
c set thickness of all sides 1.3 cm (s.t. weight is 22.6 lb)
41 rcc -2 77 8   0.0 25 0.0 29 $wheel 1 outer tread surface
42 rcc -2 77 8   0.0 25 0.0 27.7 $wheel 1 inner tread surface
421 rcc -2 75.7 8   0.0 1.3 0.0 29 $wheel 1 outside sidewall exterior
422 rcc -2 75.7 8   0.0 1.3 0.0 15.24 $wheel 1 outside sidewall interior
423 rcc -2 102 8   0.0 1.3 0.0 29 $wheel 1 inside sidewall exterior
424 rcc -2 102 8   0.0 1.3 0.0 15.24 $wheel 1 inside sidewall interior
43 rcc 68 77 8   0.0 25 0.0 29 $wheel 2
44 rcc 68 77 8   0.0 25 0.0 27.7
441 rcc 68 75.7 8   0.0 1.3 0.0 29
442 rcc 68 75.7 8   0.0 1.3 0.0 15.24
443 rcc 68 102 8   0.0 1.3 0.0 29
444 rcc 68 102 8   0.0 1.3 0.0 15.24
45 rcc -2 -77 8   0.0 -25 0.0 29 $wheel 3
46 rcc -2 -77 8   0.0 -25 0.0 27.7
461 rcc -2 -75.7 8   0.0 -1.3 0.0 29
462 rcc -2 -75.7 8   0.0 -1.3 0.0 15.24
463 rcc -2 -102 8   0.0 -1.3 0.0 29
464 rcc -2 -102 8   0.0 -1.3 0.0 15.24
47 rcc 68 -77 8   0.0 -25 0.0 29 $wheel 4
48 rcc 68 -77 8   0.0 -25 0.0 27.7
481 rcc 68 -75.7 8   0.0 -1.3 0.0 29
482 rcc 68 -75.7 8   0.0 -1.3 0.0 15.24
483 rcc 68 -102 8   0.0 -1.3 0.0 29
484 rcc 68 -102 8   0.0 -1.3 0.0 15.24
200 so 800    $sphere of 800cm centered at origin
c

c DATA CARDS
mode n p
c dump every hr
prdmp -60 -60 -1
c 100 keV Neutron Energy Cutoff
Cut:n 1j 0.1
c analog neutron transport
phys:n 1j 14
phys:p
sdef pos=0 0 0 erg=14.0 vec= 0 0 1 dir=d1
si1  -1 .93 1
sp1   0  0.0  1.0
c ********************
c begin material cards
c ********************
c Pure Carbon
c ****************************************
m400000 6000 -0.0004350216047788152 7000 -0.0004350216047788152 14000 -0.9991299567904421 
m400001 6000 -0.0019524605071948138 7000 -0.0019524605071948138 14000 -0.9960950789856102 
m400002 6000 -0.0039512094751745965 7000 -0.0039512094751745965 14000 -0.9920975810496506 
m400003 6000 -0.005916325477283928 7000 -0.005916325477283928 14000 -0.9881673490454319 
m400004 6000 -0.007816305427950348 7000 -0.007816305427950348 14000 -0.9843673891440994 
m400005 6000 -0.0003685957324220392 7000 -0.0003685957324220392 14000 -0.9992628085351559 
m400006 6000 -0.0020604341307375027 7000 -0.0020604341307375027 14000 -0.9958791317385247 
m400007 6000 -0.003960471921888798 7000 -0.003960471921888798 14000 -0.9920790561562219 
m400008 6000 -0.005639372859331222 7000 -0.005639372859331222 14000 -0.9887212542813376 
m400009 6000 -0.008041035650400048 7000 -0.008041035650400048 14000 -0.9839179286991998 
m400010 6000 -0.000528677526564839 7000 -0.000528677526564839 14000 -0.9989426449468705 
m400011 6000 -0.0017868045471325948 7000 -0.0017868045471325948 14000 -0.9964263909057353 
m400012 6000 -0.004281443571325346 7000 -0.004281443571325346 14000 -0.9914371128573495 
m400013 6000 -0.005434117095113845 7000 -0.005434117095113845 14000 -0.9891317658097724 
m400014 6000 -0.007837669037491855 7000 -0.007837669037491855 14000 -0.9843246619250162 
m400015 6000 -0.0004593038668421401 7000 -0.0004593038668421401 14000 -0.9990813922663159 
m400016 6000 -0.001739988840500851 7000 -0.001739988840500851 14000 -0.996520022318998 
m400017 6000 -0.003953551503487469 7000 -0.003953551503487469 14000 -0.992092896993025 
m400018 6000 -0.0058403495155943015 7000 -0.0058403495155943015 14000 -0.9883193009688113 
m400019 6000 -0.007806670494862997 7000 -0.007806670494862997 14000 -0.9843866590102739 
m400020 6000 -0.0005992886550189185 7000 -0.0005992886550189185 14000 -0.998801422689962 
m400021 6000 -0.0018544346106199234 7000 -0.0018544346106199234 14000 -0.9962911307787603 
m400022 6000 -0.003774253959029952 7000 -0.003774253959029952 14000 -0.99245149208194 
m400023 6000 -0.005788561628939869 7000 -0.005788561628939869 14000 -0.9884228767421201 
m400024 6000 -0.007669378961394009 7000 -0.007669378961394009 14000 -0.9846612420772118 
m400025 6000 -0.0006599652325927536 7000 -0.0006599652325927536 14000 -0.9986800695348146 
m400026 6000 -0.002166942728726912 7000 -0.002166942728726912 14000 -0.9956661145425462 
m400027 6000 -0.0037969881243320397 7000 -0.0037969881243320397 14000 -0.9924060237513359 
m400028 6000 -0.005929604628084378 7000 -0.005929604628084378 14000 -0.988140790743831 
m400029 6000 -0.008115265902398423 7000 -0.008115265902398423 14000 -0.9837694681952032 
m400030 6000 -0.00033767867839975174 7000 -0.00033767867839975174 14000 -0.9993246426432004 
m400031 6000 -0.0023051606533712504 7000 -0.0023051606533712504 14000 -0.9953896786932575 
m400032 6000 -0.0036659161386757904 7000 -0.0036659161386757904 14000 -0.9926681677226482 
m400033 6000 -0.00612096233197491 7000 -0.00612096233197491 14000 -0.9877580753360503 
m400034 6000 -0.0079975665295226 7000 -0.0079975665295226 14000 -0.9840048669409549 
m400035 6000 -0.0004573438347420361 7000 -0.0004573438347420361 14000 -0.9990853123305159 
m400036 6000 -0.0020281307344911545 7000 -0.0020281307344911545 14000 -0.9959437385310178 
m400037 6000 -0.0037856485414179027 7000 -0.0037856485414179027 14000 -0.9924287029171643 
m400038 6000 -0.005923736037011177 7000 -0.005923736037011177 14000 -0.9881525279259776 
m400039 6000 -0.008157163090462294 7000 -0.008157163090462294 14000 -0.9836856738190756 
m400040 6000 -0.00044116309306642913 7000 -0.00044116309306642913 14000 -0.9991176738138673 
m400041 6000 -0.002077111882729852 7000 -0.002077111882729852 14000 -0.9958457762345404 
m400042 6000 -0.0038912094222914866 7000 -0.0038912094222914866 14000 -0.992217581155417 
m400043 6000 -0.0058824316501207815 7000 -0.0058824316501207815 14000 -0.9882351366997583 
m400044 6000 -0.007676826121479987 7000 -0.007676826121479987 14000 -0.9846463477570399 
m400045 6000 -0.0005895342152192672 7000 -0.0005895342152192672 14000 -0.9988209315695614 
m400046 6000 -0.0019058190850290834 7000 -0.0019058190850290834 14000 -0.9961883618299423 
m400047 6000 -0.0036922619766971265 7000 -0.0036922619766971265 14000 -0.9926154760466059 
m400048 6000 -0.005622727012225832 7000 -0.005622727012225832 14000 -0.9887545459755483 
m400049 6000 -0.007779329742442629 7000 -0.007779329742442629 14000 -0.984441340515115 
m400050 6000 -0.0003039001290033658 7000 -0.0003039001290033658 14000 -0.9993921997419934 
m400051 6000 -0.0018625250689589413 7000 -0.0018625250689589413 14000 -0.9962749498620823 
m400052 6000 -0.003946263826600024 7000 -0.003946263826600024 14000 -0.9921074723467999 
m400053 6000 -0.005916377083403071 7000 -0.005916377083403071 14000 -0.9881672458331937 
m400054 6000 -0.007845372956817748 7000 -0.007845372956817748 14000 -0.9843092540863643 
m400055 6000 -0.0003112053278210062 7000 -0.0003112053278210062 14000 -0.999377589344358 
m400056 6000 -0.0017398035862751355 7000 -0.0017398035862751355 14000 -0.99652039282745 
m400057 6000 -0.003678742861496987 7000 -0.003678742861496987 14000 -0.992642514277006 
m400058 6000 -0.0059530166326175185 7000 -0.0059530166326175185 14000 -0.988093966734765 
m400059 6000 -0.007820895382490277 7000 -0.007820895382490277 14000 -0.9843582092350194 
m400060 6000 -0.0004284998804075254 7000 -0.0004284998804075254 14000 -0.9991430002391849 
m400061 6000 -0.001983239061022089 7000 -0.001983239061022089 14000 -0.9960335218779561 
m400062 6000 -0.003595517703778139 7000 -0.003595517703778139 14000 -0.9928089645924435 
m400063 6000 -0.006054187919561783 7000 -0.006054187919561783 14000 -0.9878916241608761 
m400064 6000 -0.007603298565409016 7000 -0.007603298565409016 14000 -0.984793402869182 
m400065 6000 -0.00042056520068555663 7000 -0.00042056520068555663 14000 -0.9991588695986288 
m400066 6000 -0.001985815405495143 7000 -0.001985815405495143 14000 -0.9960283691890099 
m400067 6000 -0.0040511370731987715 7000 -0.0040511370731987715 14000 -0.9918977258536024 
m400068 6000 -0.005816577736970189 7000 -0.005816577736970189 14000 -0.9883668445260594 
m400069 6000 -0.007947027409099866 7000 -0.007947027409099866 14000 -0.9841059451818005 
m400070 6000 -0.00030577102628363286 7000 -0.00030577102628363286 14000 -0.9993884579474327 
m400071 6000 -0.0016707708239665803 7000 -0.0016707708239665803 14000 -0.9966584583520668 
m400072 6000 -0.003773478809435446 7000 -0.003773478809435446 14000 -0.992453042381129 
m400073 6000 -0.005756786482517393 7000 -0.005756786482517393 14000 -0.9884864270349651 
m400074 6000 -0.007730217418441304 7000 -0.007730217418441304 14000 -0.9845395651631172 
m400075 6000 -0.00030515027786949674 7000 -0.00030515027786949674 14000 -0.999389699444261 
m400076 6000 -0.0019186655416723172 7000 -0.0019186655416723172 14000 -0.9961626689166556 
m400077 6000 -0.003943824910402056 7000 -0.003943824910402056 14000 -0.9921123501791961 
m400078 6000 -0.006066896592617095 7000 -0.006066896592617095 14000 -0.9878662068147658 
m400079 6000 -0.007727934525398463 7000 -0.007727934525398463 14000 -0.9845441309492032 
m400080 6000 -0.0005038103554284286 7000 -0.0005038103554284286 14000 -0.9989923792891434 
m400081 6000 -0.0018596304765999586 7000 -0.0018596304765999586 14000 -0.9962807390467999 
m400082 6000 -0.004000237414059602 7000 -0.004000237414059602 14000 -0.991999525171881 
m400083 6000 -0.005936020286007529 7000 -0.005936020286007529 14000 -0.9881279594279847 
m400084 6000 -0.007953226992313574 7000 -0.007953226992313574 14000 -0.9840935460153727 
m400085 6000 -0.00041592179558798544 7000 -0.00041592179558798544 14000 -0.9991681564088241 
m400086 6000 -0.0017368989142538468 7000 -0.0017368989142538468 14000 -0.9965262021714927 
m400087 6000 -0.003975548912173676 7000 -0.003975548912173676 14000 -0.9920489021756527 
m400088 6000 -0.005542722588431784 7000 -0.005542722588431784 14000 -0.9889145548231366 
m400089 6000 -0.0077912750846476616 7000 -0.0077912750846476616 14000 -0.9844174498307047 
m400090 6000 -0.000349026521731047 7000 -0.000349026521731047 14000 -0.9993019469565376 
m400091 6000 -0.0016394609345414485 7000 -0.0016394609345414485 14000 -0.9967210781309174 
m400092 6000 -0.004236392654492886 7000 -0.004236392654492886 14000 -0.9915272146910141 
m400093 6000 -0.005805515790902802 7000 -0.005805515790902802 14000 -0.9883889684181945 
m400094 6000 -0.00791562761100016 7000 -0.00791562761100016 14000 -0.9841687447779996 
m400095 6000 -0.00047114075796841556 7000 -0.00047114075796841556 14000 -0.9990577184840633 
m400096 6000 -0.0016767939301355697 7000 -0.0016767939301355697 14000 -0.996646412139729 
m400097 6000 -0.003888993165813016 7000 -0.003888993165813016 14000 -0.9922220136683741 
m400098 6000 -0.005767632091482859 7000 -0.005767632091482859 14000 -0.9884647358170338 
m400099 6000 -0.007923933995611825 7000 -0.007923933995611825 14000 -0.9841521320087763 
m400100 6000 -0.00041507752659199204 7000 -0.00041507752659199204 14000 -0.999169844946816 
m400101 6000 -0.002079892015059008 7000 -0.002079892015059008 14000 -0.9958402159698817 
m400102 6000 -0.004082423715052322 7000 -0.004082423715052322 14000 -0.9918351525698951 
m400103 6000 -0.005905392170595363 7000 -0.005905392170595363 14000 -0.9881892156588092 
m400104 6000 -0.007943729735548397 7000 -0.007943729735548397 14000 -0.9841125405289035 
m400105 6000 -0.00033645768621999936 7000 -0.00033645768621999936 14000 -0.9993270846275598 
m400106 6000 -0.0019205113471193478 7000 -0.0019205113471193478 14000 -0.9961589773057614 
m400107 6000 -0.003987451891323619 7000 -0.003987451891323619 14000 -0.9920250962173529 
m400108 6000 -0.006002124361505839 7000 -0.006002124361505839 14000 -0.9879957512769884 
m400109 6000 -0.007856732007747107 7000 -0.007856732007747107 14000 -0.984286535984506 
m400110 6000 -0.00038003868600861956 7000 -0.00038003868600861956 14000 -0.9992399226279831 
m400111 6000 -0.002083437625682808 7000 -0.002083437625682808 14000 -0.9958331247486346 
m400112 6000 -0.004107971253082318 7000 -0.004107971253082318 14000 -0.9917840574938352 
m400113 6000 -0.00599143193942476 7000 -0.00599143193942476 14000 -0.9880171361211508 
m400114 6000 -0.008026981088535971 7000 -0.008026981088535971 14000 -0.9839460378229279 
m400115 6000 -0.0004661929946398897 7000 -0.0004661929946398897 14000 -0.9990676140107202 
m400116 6000 -0.001827680837952977 7000 -0.001827680837952977 14000 -0.9963446383240939 
m400117 6000 -0.0036708954561824924 7000 -0.0036708954561824924 14000 -0.9926582090876351 
m400118 6000 -0.00591186648408976 7000 -0.00591186648408976 14000 -0.9881762670318203 
m400119 6000 -0.007827016978445591 7000 -0.007827016978445591 14000 -0.9843459660431085 
m400120 6000 -0.0004775909310270779 7000 -0.0004775909310270779 14000 -0.9990448181379458 
m400121 6000 -0.002111677732686953 7000 -0.002111677732686953 14000 -0.9957766445346262 
m400122 6000 -0.0037801825932101216 7000 -0.0037801825932101216 14000 -0.99243963481358 
m400123 6000 -0.005811315476295976 7000 -0.005811315476295976 14000 -0.9883773690474084 
m400124 6000 -0.007922117219433698 7000 -0.007922117219433698 14000 -0.9841557655611324 
c **********************************
c PE+Pb, dens=4.78 g/cm3
m2      6000    -0.04286 $Carbon
        1001    -0.00714 $Hydrogen
        82000   -0.95000 $Lead
c **********************************
m3    1001 -0.048535 $Boric acid
      5010 -0.034981
      5011 -0.139923
      8016 -0.776561
c **********************************
m4    82000 1 $Lead
c **********************************
m5 26000 1 $Iron
c **********************************
m6     13027   -1.000 $ Aluminum
c **********************************
c  SS-304 (8.00 g/cm3), #298 in PNNL Compendium
m7   006000.50c -0.0004000
     014000.60c -0.0050000
     015031.50c -0.0002300
     016000.60c -0.0001500
     024000.50c -0.1899981
     025055.60c -0.0099999
     026000.50c -0.7017229
     028000.50c -0.0924991
c ****************************************
c       LaBr detector
c ****************************************
m8       35079    -0.2946       $ Br79
         35081    -0.3069       $ Br81
         57139    -0.3485       $ La139
         58140    -0.0500       $ Ce140
c ************ air den=1.15e-3g/cc
m12     8016 -0.23
        7014 -0.77
c ************ Rubber Natural den=0.92 g/cc
m13     1001 -0.118371  $weight fraction
        6000 -0.881629
c
c end material cards
c
rand seed=8674536546524321 $different initial random #; seed# - any less 18 digits
c
c ********** begin tallies *********************
fc78 *********Broadened Pulse Height Tally Sum of Detectors 1,2 & 3 ***********
e78 0 1e-5 932i 8.4295
F78:p (101)
FT78 GEB -0.026198 0.059551 -0.037176
fc18 *********Unbroadened Pulse Height Tally Sum of Detectors 1,2 & 3 ***********
e18 0 1e-5 932i 8.4295
F18:p (101)
c ***********************************
c mplot tal 78 freq 10000
nps 1e9
