c CAS DETECTOR
c w/ Shielding in Place and Wheels
c
c CELL CARDS
c
c @@@@@@@@@@ Detectors @@@@@@@@@@@@@@@@@
c
101 8 -5.08 -21 imp:n,p 1 $LaBr Detector #1 Active Region
c
c @@@@@@@@@ Shielding @@@@@@@@@@@@@@@@@
c
121 2 -4.78 -31 imp:n,p 1 $PE_Pb
122 4 -11.29 -32 imp:n,p 1 $Pb1
123 4 -11.29 -33 imp:n,p 1 $Pb2
124 4 -11.29 -34 imp:n,p 1 $Pb3
125 4 -11.29 -35 imp:n,p 1 $Pb4
126 4 -11.29 -36 imp:n,p 1 $Pb5
127 4 -11.29 -37 imp:n,p 1 $Pb6
128 3 -1.5 -38 imp:n,p 1 $BA1
129 3 -1.5 -39 imp:n,p 1 $BA2
130 6 -2.7 -40 imp:n,p 1 $Al
131 7 -7.92 301 -302 303 -304 imp:n,p 1 $Fe-tube
132 5 -7.8 -401 imp:n,p 1 $Fe
133 5 -7.8 -402 imp:n,p 1 $Fe
c @@@@@@@@@@ Wheels @@@@@@@@@@@@@@@@@
c
21 13 -0.92 -41 42 imp:n,p 1 $Wheel 1
211 13 -0.92 -421 422 imp:n,p 1 $Wheel 1
212 13 -0.92 -423 424 imp:n,p 1 $Wheel 1
22 13 -0.92 -43 44 imp:n,p 1 $Wheel 2
221 13 -0.92 -441 442 imp:n,p 1 $Wheel 2
222 13 -0.92 -443 444 imp:n,p 1 $Wheel 2
23 13 -0.92 -45 46 imp:n,p 1 $Wheel 3
231 13 -0.92 -461 462 imp:n,p 1 $Wheel 3
232 13 -0.92 -463 464 imp:n,p 1 $Wheel 3
24 13 -0.92 -47 48 imp:n,p 1 $Wheel 4
241 13 -0.92 -481 482 imp:n,p 1 $Wheel 4
242 13 -0.92 -483 484 imp:n,p 1 $Wheel 4
c
c @@@@@@@@@@ SOIL VOLUME @@@@@@@@@@@
c
300000 400000 -2.156 20010 -20011 20020 -20021 20030 -20031 imp:n,p 1
300001 400001 -2.156 20010 -20011 20020 -20021 20031 -20032 imp:n,p 1
300002 400002 -2.156 20010 -20011 20020 -20021 20032 -20033 imp:n,p 1
300003 400003 -2.156 20010 -20011 20020 -20021 20033 -20034 imp:n,p 1
300004 400004 -2.156 20010 -20011 20020 -20021 20034 -20035 imp:n,p 1
300005 400005 -2.156 20011 -20012 20020 -20021 20030 -20031 imp:n,p 1
300006 400006 -2.156 20011 -20012 20020 -20021 20031 -20032 imp:n,p 1
300007 400007 -2.156 20011 -20012 20020 -20021 20032 -20033 imp:n,p 1
300008 400008 -2.156 20011 -20012 20020 -20021 20033 -20034 imp:n,p 1
300009 400009 -2.156 20011 -20012 20020 -20021 20034 -20035 imp:n,p 1
300010 400010 -2.156 20012 -20013 20020 -20021 20030 -20031 imp:n,p 1
300011 400011 -2.156 20012 -20013 20020 -20021 20031 -20032 imp:n,p 1
300012 400012 -2.156 20012 -20013 20020 -20021 20032 -20033 imp:n,p 1
300013 400013 -2.156 20012 -20013 20020 -20021 20033 -20034 imp:n,p 1
300014 400014 -2.156 20012 -20013 20020 -20021 20034 -20035 imp:n,p 1
300015 400015 -2.156 20013 -20014 20020 -20021 20030 -20031 imp:n,p 1
300016 400016 -2.156 20013 -20014 20020 -20021 20031 -20032 imp:n,p 1
300017 400017 -2.156 20013 -20014 20020 -20021 20032 -20033 imp:n,p 1
300018 400018 -2.156 20013 -20014 20020 -20021 20033 -20034 imp:n,p 1
300019 400019 -2.156 20013 -20014 20020 -20021 20034 -20035 imp:n,p 1
300020 400020 -2.156 20014 -20015 20020 -20021 20030 -20031 imp:n,p 1
300021 400021 -2.156 20014 -20015 20020 -20021 20031 -20032 imp:n,p 1
300022 400022 -2.156 20014 -20015 20020 -20021 20032 -20033 imp:n,p 1
300023 400023 -2.156 20014 -20015 20020 -20021 20033 -20034 imp:n,p 1
300024 400024 -2.156 20014 -20015 20020 -20021 20034 -20035 imp:n,p 1
300025 400025 -2.156 20010 -20011 20021 -20022 20030 -20031 imp:n,p 1
300026 400026 -2.156 20010 -20011 20021 -20022 20031 -20032 imp:n,p 1
300027 400027 -2.156 20010 -20011 20021 -20022 20032 -20033 imp:n,p 1
300028 400028 -2.156 20010 -20011 20021 -20022 20033 -20034 imp:n,p 1
300029 400029 -2.156 20010 -20011 20021 -20022 20034 -20035 imp:n,p 1
300030 400030 -2.156 20011 -20012 20021 -20022 20030 -20031 imp:n,p 1
300031 400031 -2.156 20011 -20012 20021 -20022 20031 -20032 imp:n,p 1
300032 400032 -2.156 20011 -20012 20021 -20022 20032 -20033 imp:n,p 1
300033 400033 -2.156 20011 -20012 20021 -20022 20033 -20034 imp:n,p 1
300034 400034 -2.156 20011 -20012 20021 -20022 20034 -20035 imp:n,p 1
300035 400035 -2.156 20012 -20013 20021 -20022 20030 -20031 imp:n,p 1
300036 400036 -2.156 20012 -20013 20021 -20022 20031 -20032 imp:n,p 1
300037 400037 -2.156 20012 -20013 20021 -20022 20032 -20033 imp:n,p 1
300038 400038 -2.156 20012 -20013 20021 -20022 20033 -20034 imp:n,p 1
300039 400039 -2.156 20012 -20013 20021 -20022 20034 -20035 imp:n,p 1
300040 400040 -2.156 20013 -20014 20021 -20022 20030 -20031 imp:n,p 1
300041 400041 -2.156 20013 -20014 20021 -20022 20031 -20032 imp:n,p 1
300042 400042 -2.156 20013 -20014 20021 -20022 20032 -20033 imp:n,p 1
300043 400043 -2.156 20013 -20014 20021 -20022 20033 -20034 imp:n,p 1
300044 400044 -2.156 20013 -20014 20021 -20022 20034 -20035 imp:n,p 1
300045 400045 -2.156 20014 -20015 20021 -20022 20030 -20031 imp:n,p 1
300046 400046 -2.156 20014 -20015 20021 -20022 20031 -20032 imp:n,p 1
300047 400047 -2.156 20014 -20015 20021 -20022 20032 -20033 imp:n,p 1
300048 400048 -2.156 20014 -20015 20021 -20022 20033 -20034 imp:n,p 1
300049 400049 -2.156 20014 -20015 20021 -20022 20034 -20035 imp:n,p 1
300050 400050 -2.156 20010 -20011 20022 -20023 20030 -20031 imp:n,p 1
300051 400051 -2.156 20010 -20011 20022 -20023 20031 -20032 imp:n,p 1
300052 400052 -2.156 20010 -20011 20022 -20023 20032 -20033 imp:n,p 1
300053 400053 -2.156 20010 -20011 20022 -20023 20033 -20034 imp:n,p 1
300054 400054 -2.156 20010 -20011 20022 -20023 20034 -20035 imp:n,p 1
300055 400055 -2.156 20011 -20012 20022 -20023 20030 -20031 imp:n,p 1
300056 400056 -2.156 20011 -20012 20022 -20023 20031 -20032 imp:n,p 1
300057 400057 -2.156 20011 -20012 20022 -20023 20032 -20033 imp:n,p 1
300058 400058 -2.156 20011 -20012 20022 -20023 20033 -20034 imp:n,p 1
300059 400059 -2.156 20011 -20012 20022 -20023 20034 -20035 imp:n,p 1
300060 400060 -2.156 20012 -20013 20022 -20023 20030 -20031 imp:n,p 1
300061 400061 -2.156 20012 -20013 20022 -20023 20031 -20032 imp:n,p 1
300062 400062 -2.156 20012 -20013 20022 -20023 20032 -20033 imp:n,p 1
300063 400063 -2.156 20012 -20013 20022 -20023 20033 -20034 imp:n,p 1
300064 400064 -2.156 20012 -20013 20022 -20023 20034 -20035 imp:n,p 1
300065 400065 -2.156 20013 -20014 20022 -20023 20030 -20031 imp:n,p 1
300066 400066 -2.156 20013 -20014 20022 -20023 20031 -20032 imp:n,p 1
300067 400067 -2.156 20013 -20014 20022 -20023 20032 -20033 imp:n,p 1
300068 400068 -2.156 20013 -20014 20022 -20023 20033 -20034 imp:n,p 1
300069 400069 -2.156 20013 -20014 20022 -20023 20034 -20035 imp:n,p 1
300070 400070 -2.156 20014 -20015 20022 -20023 20030 -20031 imp:n,p 1
300071 400071 -2.156 20014 -20015 20022 -20023 20031 -20032 imp:n,p 1
300072 400072 -2.156 20014 -20015 20022 -20023 20032 -20033 imp:n,p 1
300073 400073 -2.156 20014 -20015 20022 -20023 20033 -20034 imp:n,p 1
300074 400074 -2.156 20014 -20015 20022 -20023 20034 -20035 imp:n,p 1
300075 400075 -2.156 20010 -20011 20023 -20024 20030 -20031 imp:n,p 1
300076 400076 -2.156 20010 -20011 20023 -20024 20031 -20032 imp:n,p 1
300077 400077 -2.156 20010 -20011 20023 -20024 20032 -20033 imp:n,p 1
300078 400078 -2.156 20010 -20011 20023 -20024 20033 -20034 imp:n,p 1
300079 400079 -2.156 20010 -20011 20023 -20024 20034 -20035 imp:n,p 1
300080 400080 -2.156 20011 -20012 20023 -20024 20030 -20031 imp:n,p 1
300081 400081 -2.156 20011 -20012 20023 -20024 20031 -20032 imp:n,p 1
300082 400082 -2.156 20011 -20012 20023 -20024 20032 -20033 imp:n,p 1
300083 400083 -2.156 20011 -20012 20023 -20024 20033 -20034 imp:n,p 1
300084 400084 -2.156 20011 -20012 20023 -20024 20034 -20035 imp:n,p 1
300085 400085 -2.156 20012 -20013 20023 -20024 20030 -20031 imp:n,p 1
300086 400086 -2.156 20012 -20013 20023 -20024 20031 -20032 imp:n,p 1
300087 400087 -2.156 20012 -20013 20023 -20024 20032 -20033 imp:n,p 1
300088 400088 -2.156 20012 -20013 20023 -20024 20033 -20034 imp:n,p 1
300089 400089 -2.156 20012 -20013 20023 -20024 20034 -20035 imp:n,p 1
300090 400090 -2.156 20013 -20014 20023 -20024 20030 -20031 imp:n,p 1
300091 400091 -2.156 20013 -20014 20023 -20024 20031 -20032 imp:n,p 1
300092 400092 -2.156 20013 -20014 20023 -20024 20032 -20033 imp:n,p 1
300093 400093 -2.156 20013 -20014 20023 -20024 20033 -20034 imp:n,p 1
300094 400094 -2.156 20013 -20014 20023 -20024 20034 -20035 imp:n,p 1
300095 400095 -2.156 20014 -20015 20023 -20024 20030 -20031 imp:n,p 1
300096 400096 -2.156 20014 -20015 20023 -20024 20031 -20032 imp:n,p 1
300097 400097 -2.156 20014 -20015 20023 -20024 20032 -20033 imp:n,p 1
300098 400098 -2.156 20014 -20015 20023 -20024 20033 -20034 imp:n,p 1
300099 400099 -2.156 20014 -20015 20023 -20024 20034 -20035 imp:n,p 1
300100 400100 -2.156 20010 -20011 20024 -20025 20030 -20031 imp:n,p 1
300101 400101 -2.156 20010 -20011 20024 -20025 20031 -20032 imp:n,p 1
300102 400102 -2.156 20010 -20011 20024 -20025 20032 -20033 imp:n,p 1
300103 400103 -2.156 20010 -20011 20024 -20025 20033 -20034 imp:n,p 1
300104 400104 -2.156 20010 -20011 20024 -20025 20034 -20035 imp:n,p 1
300105 400105 -2.156 20011 -20012 20024 -20025 20030 -20031 imp:n,p 1
300106 400106 -2.156 20011 -20012 20024 -20025 20031 -20032 imp:n,p 1
300107 400107 -2.156 20011 -20012 20024 -20025 20032 -20033 imp:n,p 1
300108 400108 -2.156 20011 -20012 20024 -20025 20033 -20034 imp:n,p 1
300109 400109 -2.156 20011 -20012 20024 -20025 20034 -20035 imp:n,p 1
300110 400110 -2.156 20012 -20013 20024 -20025 20030 -20031 imp:n,p 1
300111 400111 -2.156 20012 -20013 20024 -20025 20031 -20032 imp:n,p 1
300112 400112 -2.156 20012 -20013 20024 -20025 20032 -20033 imp:n,p 1
300113 400113 -2.156 20012 -20013 20024 -20025 20033 -20034 imp:n,p 1
300114 400114 -2.156 20012 -20013 20024 -20025 20034 -20035 imp:n,p 1
300115 400115 -2.156 20013 -20014 20024 -20025 20030 -20031 imp:n,p 1
300116 400116 -2.156 20013 -20014 20024 -20025 20031 -20032 imp:n,p 1
300117 400117 -2.156 20013 -20014 20024 -20025 20032 -20033 imp:n,p 1
300118 400118 -2.156 20013 -20014 20024 -20025 20033 -20034 imp:n,p 1
300119 400119 -2.156 20013 -20014 20024 -20025 20034 -20035 imp:n,p 1
300120 400120 -2.156 20014 -20015 20024 -20025 20030 -20031 imp:n,p 1
300121 400121 -2.156 20014 -20015 20024 -20025 20031 -20032 imp:n,p 1
300122 400122 -2.156 20014 -20015 20024 -20025 20032 -20033 imp:n,p 1
300123 400123 -2.156 20014 -20015 20024 -20025 20033 -20034 imp:n,p 1
300124 400124 -2.156 20014 -20015 20024 -20025 20034 -20035 imp:n,p 1
c
30 12 -0.00129 -200 #101 #121 #122 #123 #124 #125 #126 #127 #128 #129 #130 #131 #132 #133
        #21 #211 #212 #22 #221 #222 #23 #231 #232 #24 #241 #242 #20 imp:n,p 1 $Rest of the World
31 0 200 imp:n,p 0 $Outside world

c SURFACE CARDS
c
c Sample Volume
20010 px -56.0
20011 px -33.60000000000002
20012 px -11.200000000000045
20013 px 11.200000000000045
20014 px 33.60000000000002
20015 px 56.0
20020 py -45.0
20021 py -27.0
20022 py -9.0
20023 py 9.0
20024 py 27.0
20025 py 45.0
20030 pz 92.0
20031 pz 82.0
20032 pz 72.0
20033 pz 62.0
20034 pz 52.0
20035 pz 42.0
c Active Detector Region
21 rcc 56  -5.0 -1.0   0.0 20.3 0.0   4.5 $Detector 1 Base center, Hx,Hy,Hz, radius
c Shielding Surfaces
c Shielding Pb
31 rpp 19 29 -7.5 7.5 -11 9 $PbPE xmin xmax ymin ymax zmin zmax
32 rpp 9 19 4 9 -11 9 $Pb xmin xmax ymin ymax zmin zmax
33 rpp 9 19 -9 -4 -11 9 $Pb xmin xmax ymin ymax zmin zmax
34 rpp 19 29 7.5 12.5 -11 9 $Pb xmin xmax ymin ymax zmin zmax
35 rpp 19 29 -12.5 -7.5 -11 9 $Pb xmin xmax ymin ymax zmin zmax
36 rpp 29 34 -15 15 -11 9 $Pb xmin xmax ymin ymax zmin zmax
37 rpp 9 19 -4 4 4 9 $Pb xmin xmax ymin ymax zmin zmax
38 rpp -26 26 18 28 -11 9 $BA1 xmin xmax ymin ymax zmin zmax
39 rpp -26 26 -28 -18 -11 9 $BA2 xmin xmax ymin ymax zmin zmax
40 rpp -65 65 -28 28 10 10.5 $Al xmin xmax ymin ymax zmin zmax
401 rpp -27 27 29 34 -11 9 $Fe xmin xmax ymin ymax zmin zmax
402 rpp -27 27 -34 -29 -11 9 $Fe xmin xmax ymin ymax zmin zmax
301 px -20
302 px 18
303 cx 3.71
304 cx 3.81
c Wheels Surfaces
c 23/10.5-12 turf tires, 22.6 lb rubber
c diameter 29cm, tread width 25cm, and sidewall height 13.76 cm
c set thickness of all sides 1.3 cm (s.t. weight is 22.6 lb)
41 rcc -2 77 8   0.0 25 0.0 29 $wheel 1 outer tread surface
42 rcc -2 77 8   0.0 25 0.0 27.7 $wheel 1 inner tread surface
421 rcc -2 75.7 8   0.0 1.3 0.0 29 $wheel 1 outside sidewall exterior
422 rcc -2 75.7 8   0.0 1.3 0.0 15.24 $wheel 1 outside sidewall interior
423 rcc -2 102 8   0.0 1.3 0.0 29 $wheel 1 inside sidewall exterior
424 rcc -2 102 8   0.0 1.3 0.0 15.24 $wheel 1 inside sidewall interior
43 rcc 68 77 8   0.0 25 0.0 29 $wheel 2
44 rcc 68 77 8   0.0 25 0.0 27.7
441 rcc 68 75.7 8   0.0 1.3 0.0 29
442 rcc 68 75.7 8   0.0 1.3 0.0 15.24
443 rcc 68 102 8   0.0 1.3 0.0 29
444 rcc 68 102 8   0.0 1.3 0.0 15.24
45 rcc -2 -77 8   0.0 -25 0.0 29 $wheel 3
46 rcc -2 -77 8   0.0 -25 0.0 27.7
461 rcc -2 -75.7 8   0.0 -1.3 0.0 29
462 rcc -2 -75.7 8   0.0 -1.3 0.0 15.24
463 rcc -2 -102 8   0.0 -1.3 0.0 29
464 rcc -2 -102 8   0.0 -1.3 0.0 15.24
47 rcc 68 -77 8   0.0 -25 0.0 29 $wheel 4
48 rcc 68 -77 8   0.0 -25 0.0 27.7
481 rcc 68 -75.7 8   0.0 -1.3 0.0 29
482 rcc 68 -75.7 8   0.0 -1.3 0.0 15.24
483 rcc 68 -102 8   0.0 -1.3 0.0 29
484 rcc 68 -102 8   0.0 -1.3 0.0 15.24
200 so 800    $sphere of 800cm centered at origin
c

c DATA CARDS
mode n p
c dump every hr
prdmp -60 -60 -1
c 100 keV Neutron Energy Cutoff
Cut:n 1j 0.1
c analog neutron transport
phys:n 1j 14
phys:p
sdef pos=0 0 0 erg=14.0 vec= 0 0 1 dir=d1
si1  -1 .93 1
sp1   0  0.0  1.0
c ********************
c begin material cards
c ********************
c Pure Carbon
c ****************************************
m400000 6000 -0.0006337912405010537 7000 -0.0006337912405010537 14000 -0.9987324175189979 
m400001 6000 -0.002149876509625578 7000 -0.002149876509625578 14000 -0.9957002469807484 
m400002 6000 -0.004031209830289049 7000 -0.004031209830289049 14000 -0.9919375803394216 
m400003 6000 -0.005880248983595712 7000 -0.005880248983595712 14000 -0.9882395020328086 
m400004 6000 -0.00795199487834337 7000 -0.00795199487834337 14000 -0.984096010243313 
m400005 6000 -0.00047930393483372734 7000 -0.00047930393483372734 14000 -0.9990413921303325 
m400006 6000 -0.0021563942380012687 7000 -0.0021563942380012687 14000 -0.9956872115239973 
m400007 6000 -0.004151955162026702 7000 -0.004151955162026702 14000 -0.9916960896759468 
m400008 6000 -0.006062252609572525 7000 -0.006062252609572525 14000 -0.9878754947808548 
m400009 6000 -0.007902528095764477 7000 -0.007902528095764477 14000 -0.9841949438084707 
m400010 6000 -0.0004962166016461062 7000 -0.0004962166016461062 14000 -0.9990075667967079 
m400011 6000 -0.0018845994246949407 7000 -0.0018845994246949407 14000 -0.9962308011506106 
m400012 6000 -0.004037470144754601 7000 -0.004037470144754601 14000 -0.9919250597104912 
m400013 6000 -0.005823208853489887 7000 -0.005823208853489887 14000 -0.9883535822930201 
m400014 6000 -0.008238486363556998 7000 -0.008238486363556998 14000 -0.9835230272728859 
m400015 6000 -0.00037240220844263227 7000 -0.00037240220844263227 14000 -0.9992551955831148 
m400016 6000 -0.002012684022604354 7000 -0.002012684022604354 14000 -0.9959746319547914 
m400017 6000 -0.00408191959718564 7000 -0.00408191959718564 14000 -0.9918361608056288 
m400018 6000 -0.006399977787032895 7000 -0.006399977787032895 14000 -0.9872000444259347 
m400019 6000 -0.007964299484446232 7000 -0.007964299484446232 14000 -0.9840714010311075 
m400020 6000 -0.0004683581509938776 7000 -0.0004683581509938776 14000 -0.999063283698012 
m400021 6000 -0.0018772599216562475 7000 -0.0018772599216562475 14000 -0.9962454801566873 
m400022 6000 -0.004283633409568831 7000 -0.004283633409568831 14000 -0.9914327331808624 
m400023 6000 -0.005773174036944117 7000 -0.005773174036944117 14000 -0.988453651926112 
m400024 6000 -0.00812190927097893 7000 -0.00812190927097893 14000 -0.9837561814580421 
m400025 6000 -0.0004671736155063795 7000 -0.0004671736155063795 14000 -0.9990656527689873 
m400026 6000 -0.0021546250631007883 7000 -0.0021546250631007883 14000 -0.9956907498737985 
m400027 6000 -0.003969124117601218 7000 -0.003969124117601218 14000 -0.9920617517647977 
m400028 6000 -0.006279135916981434 7000 -0.006279135916981434 14000 -0.987441728166037 
m400029 6000 -0.007907362055058868 7000 -0.007907362055058868 14000 -0.9841852758898824 
m400030 6000 -0.0005283611854514539 7000 -0.0005283611854514539 14000 -0.998943277629097 
m400031 6000 -0.0023010624630690735 7000 -0.0023010624630690735 14000 -0.9953978750738619 
m400032 6000 -0.004042669700443879 7000 -0.004042669700443879 14000 -0.991914660599112 
m400033 6000 -0.005950470151243705 7000 -0.005950470151243705 14000 -0.9880990596975129 
m400034 6000 -0.007863002677026429 7000 -0.007863002677026429 14000 -0.984273994645947 
m400035 6000 -0.0005765404015482043 7000 -0.0005765404015482043 14000 -0.9988469191969037 
m400036 6000 -0.00222864906931892 7000 -0.00222864906931892 14000 -0.9955427018613621 
m400037 6000 -0.003829447386851984 7000 -0.003829447386851984 14000 -0.9923411052262959 
m400038 6000 -0.006093462301316568 7000 -0.006093462301316568 14000 -0.9878130753973667 
m400039 6000 -0.00794360582551228 7000 -0.00794360582551228 14000 -0.9841127883489755 
m400040 6000 -0.0004854614669647487 7000 -0.0004854614669647487 14000 -0.9990290770660704 
m400041 6000 -0.0017550539586612254 7000 -0.0017550539586612254 14000 -0.9964898920826777 
m400042 6000 -0.004158602981868477 7000 -0.004158602981868477 14000 -0.9916827940362631 
m400043 6000 -0.00569473051596509 7000 -0.00569473051596509 14000 -0.9886105389680698 
m400044 6000 -0.007933977660622031 7000 -0.007933977660622031 14000 -0.984132044678756 
m400045 6000 -0.0006012063665648311 7000 -0.0006012063665648311 14000 -0.9987975872668703 
m400046 6000 -0.001942373485434771 7000 -0.001942373485434771 14000 -0.9961152530291306 
m400047 6000 -0.0035907963985202167 7000 -0.0035907963985202167 14000 -0.9928184072029594 
m400048 6000 -0.0058679382785547666 7000 -0.0058679382785547666 14000 -0.9882641234428904 
m400049 6000 -0.008183760586187593 7000 -0.008183760586187593 14000 -0.983632478827625 
m400050 6000 -0.0004054359304485036 7000 -0.0004054359304485036 14000 -0.999189128139103 
m400051 6000 -0.0018293558557144127 7000 -0.0018293558557144127 14000 -0.9963412882885712 
m400052 6000 -0.004166803712596487 7000 -0.004166803712596487 14000 -0.9916663925748069 
m400053 6000 -0.00621019319261654 7000 -0.00621019319261654 14000 -0.9875796136147672 
m400054 6000 -0.0074660801517583445 7000 -0.0074660801517583445 14000 -0.9850678396964834 
m400055 6000 -0.0004388631031604588 7000 -0.0004388631031604588 14000 -0.999122273793679 
m400056 6000 -0.0021732768197996227 7000 -0.0021732768197996227 14000 -0.9956534463604004 
m400057 6000 -0.003994046414809108 7000 -0.003994046414809108 14000 -0.9920119071703817 
m400058 6000 -0.005970763793083183 7000 -0.005970763793083183 14000 -0.9880584724138339 
m400059 6000 -0.007875139786424486 7000 -0.007875139786424486 14000 -0.984249720427151 
m400060 6000 -0.0004555332101844235 7000 -0.0004555332101844235 14000 -0.9990889335796308 
m400061 6000 -0.001695052901037017 7000 -0.001695052901037017 14000 -0.9966098941979259 
m400062 6000 -0.003989484561571518 7000 -0.003989484561571518 14000 -0.9920210308768567 
m400063 6000 -0.006340087209762998 7000 -0.006340087209762998 14000 -0.987319825580474 
m400064 6000 -0.007743286435078681 7000 -0.007743286435078681 14000 -0.9845134271298425 
m400065 6000 -0.00039677361622169894 7000 -0.00039677361622169894 14000 -0.9992064527675568 
m400066 6000 -0.001965874437445635 7000 -0.001965874437445635 14000 -0.996068251125109 
m400067 6000 -0.004251631114957855 7000 -0.004251631114957855 14000 -0.9914967377700842 
m400068 6000 -0.005813846631394045 7000 -0.005813846631394045 14000 -0.9883723067372118 
m400069 6000 -0.00807915616353432 7000 -0.00807915616353432 14000 -0.9838416876729313 
m400070 6000 -0.00046733774579632255 7000 -0.00046733774579632255 14000 -0.9990653245084075 
m400071 6000 -0.002058012061027284 7000 -0.002058012061027284 14000 -0.9958839758779453 
m400072 6000 -0.003875217287473698 7000 -0.003875217287473698 14000 -0.9922495654250524 
m400073 6000 -0.005931854182802169 7000 -0.005931854182802169 14000 -0.9881362916343959 
m400074 6000 -0.0080306654577048 7000 -0.0080306654577048 14000 -0.9839386690845905 
m400075 6000 -0.0003594684890068325 7000 -0.0003594684890068325 14000 -0.9992810630219863 
m400076 6000 -0.0020702234789861857 7000 -0.0020702234789861857 14000 -0.9958595530420274 
m400077 6000 -0.004110246139666012 7000 -0.004110246139666012 14000 -0.9917795077206677 
m400078 6000 -0.00591119655037142 7000 -0.00591119655037142 14000 -0.9881776068992572 
m400079 6000 -0.008325227973701702 7000 -0.008325227973701702 14000 -0.9833495440525966 
m400080 6000 -0.0004027058488289228 7000 -0.0004027058488289228 14000 -0.9991945883023423 
m400081 6000 -0.0020196312956136378 7000 -0.0020196312956136378 14000 -0.9959607374087724 
m400082 6000 -0.0038302777606150046 7000 -0.0038302777606150046 14000 -0.9923394444787702 
m400083 6000 -0.006323193770691354 7000 -0.006323193770691354 14000 -0.9873536124586171 
m400084 6000 -0.00797624703073558 7000 -0.00797624703073558 14000 -0.9840475059385289 
m400085 6000 -0.00043743966521671567 7000 -0.00043743966521671567 14000 -0.9991251206695665 
m400086 6000 -0.0025271437552208853 7000 -0.0025271437552208853 14000 -0.9949457124895581 
m400087 6000 -0.004315451885599513 7000 -0.004315451885599513 14000 -0.9913690962288011 
m400088 6000 -0.005872592555361683 7000 -0.005872592555361683 14000 -0.9882548148892764 
m400089 6000 -0.007834927622150427 7000 -0.007834927622150427 14000 -0.984330144755699 
m400090 6000 -0.000503418591997846 7000 -0.000503418591997846 14000 -0.9989931628160043 
m400091 6000 -0.002137714693112103 7000 -0.002137714693112103 14000 -0.9957245706137757 
m400092 6000 -0.003753938236934693 7000 -0.003753938236934693 14000 -0.9924921235261307 
m400093 6000 -0.005782788956269599 7000 -0.005782788956269599 14000 -0.9884344220874607 
m400094 6000 -0.008044236499093355 7000 -0.008044236499093355 14000 -0.9839115270018133 
m400095 6000 -0.00048072663756520485 7000 -0.00048072663756520485 14000 -0.9990385467248695 
m400096 6000 -0.0021909196341213808 7000 -0.0021909196341213808 14000 -0.9956181607317572 
m400097 6000 -0.004055907792257739 7000 -0.004055907792257739 14000 -0.9918881844154845 
m400098 6000 -0.005933544931165101 7000 -0.005933544931165101 14000 -0.9881329101376697 
m400099 6000 -0.007951360515596103 7000 -0.007951360515596103 14000 -0.984097278968808 
m400100 6000 -0.0005878667505832999 7000 -0.0005878667505832999 14000 -0.9988242664988334 
m400101 6000 -0.0022324994251341607 7000 -0.0022324994251341607 14000 -0.9955350011497317 
m400102 6000 -0.004022127872299024 7000 -0.004022127872299024 14000 -0.9919557442554023 
m400103 6000 -0.006233166380082702 7000 -0.006233166380082702 14000 -0.9875336672398345 
m400104 6000 -0.007962702415786685 7000 -0.007962702415786685 14000 -0.9840745951684268 
m400105 6000 -0.0006568701712904558 7000 -0.0006568701712904558 14000 -0.9986862596574193 
m400106 6000 -0.0022408907552261305 7000 -0.0022408907552261305 14000 -0.9955182184895476 
m400107 6000 -0.0037376843258411373 7000 -0.0037376843258411373 14000 -0.9925246313483175 
m400108 6000 -0.005867305711905747 7000 -0.005867305711905747 14000 -0.9882653885761884 
m400109 6000 -0.007701058933619339 7000 -0.007701058933619339 14000 -0.9845978821327611 
m400110 6000 -0.00041838924396975425 7000 -0.00041838924396975425 14000 -0.9991632215120603 
m400111 6000 -0.0020568101865213934 7000 -0.0020568101865213934 14000 -0.9958863796269573 
m400112 6000 -0.0041880630111890485 7000 -0.0041880630111890485 14000 -0.9916238739776219 
m400113 6000 -0.005851585070688992 7000 -0.005851585070688992 14000 -0.9882968298586221 
m400114 6000 -0.007864260867101186 7000 -0.007864260867101186 14000 -0.9842714782657978 
m400115 6000 -0.0003806042421318009 7000 -0.0003806042421318009 14000 -0.9992387915157365 
m400116 6000 -0.0024108481226669445 7000 -0.0024108481226669445 14000 -0.995178303754666 
m400117 6000 -0.004126649391744162 7000 -0.004126649391744162 14000 -0.9917467012165118 
m400118 6000 -0.005772102841494852 7000 -0.005772102841494852 14000 -0.9884557943170106 
m400119 6000 -0.00790197685000708 7000 -0.00790197685000708 14000 -0.984196046299986 
m400120 6000 -0.0005181137378917539 7000 -0.0005181137378917539 14000 -0.9989637725242163 
m400121 6000 -0.0021404170232493286 7000 -0.0021404170232493286 14000 -0.9957191659535013 
m400122 6000 -0.004016133073744089 7000 -0.004016133073744089 14000 -0.9919677338525115 
m400123 6000 -0.006131234741493008 7000 -0.006131234741493008 14000 -0.9877375305170141 
m400124 6000 -0.008211898733450254 7000 -0.008211898733450254 14000 -0.9835762025330994 
c **********************************
c PE+Pb, dens=4.78 g/cm3
m2      6000    -0.04286 $Carbon
        1001    -0.00714 $Hydrogen
        82000   -0.95000 $Lead
c **********************************
m3    1001 -0.048535 $Boric acid
      5010 -0.034981
      5011 -0.139923
      8016 -0.776561
c **********************************
m4    82000 1 $Lead
c **********************************
m5 26000 1 $Iron
c **********************************
m6     13027   -1.000 $ Aluminum
c **********************************
c  SS-304 (8.00 g/cm3), #298 in PNNL Compendium
m7   006000.50c -0.0004000
     014000.60c -0.0050000
     015031.50c -0.0002300
     016000.60c -0.0001500
     024000.50c -0.1899981
     025055.60c -0.0099999
     026000.50c -0.7017229
     028000.50c -0.0924991
c ****************************************
c       LaBr detector
c ****************************************
m8       35079    -0.2946       $ Br79
         35081    -0.3069       $ Br81
         57139    -0.3485       $ La139
         58140    -0.0500       $ Ce140
c ************ air den=1.15e-3g/cc
m12     8016 -0.23
        7014 -0.77
c ************ Rubber Natural den=0.92 g/cc
m13     1001 -0.118371  $weight fraction
        6000 -0.881629
c
c end material cards
c
rand seed=8674536546524321 $different initial random #; seed# - any less 18 digits
c
c ********** begin tallies *********************
fc78 *********Broadened Pulse Height Tally Sum of Detectors 1,2 & 3 ***********
e78 0 1e-5 932i 8.4295
F78:p (101)
FT78 GEB -0.026198 0.059551 -0.037176
fc18 *********Unbroadened Pulse Height Tally Sum of Detectors 1,2 & 3 ***********
e18 0 1e-5 932i 8.4295
F18:p (101)
c ***********************************
c mplot tal 78 freq 10000
nps 1e9
