c CAS DETECTOR
c w/ Shielding in Place and Wheels
c
c CELL CARDS
c
c @@@@@@@@@@ Detectors @@@@@@@@@@@@@@@@@
c
101 8 -5.08 -21 imp:n,p 1 $LaBr Detector #1 Active Region
c
c @@@@@@@@@ Shielding @@@@@@@@@@@@@@@@@
c
121 2 -4.78 -31 imp:n,p 1 $PE_Pb
122 4 -11.29 -32 imp:n,p 1 $Pb1
123 4 -11.29 -33 imp:n,p 1 $Pb2
124 4 -11.29 -34 imp:n,p 1 $Pb3
125 4 -11.29 -35 imp:n,p 1 $Pb4
126 4 -11.29 -36 imp:n,p 1 $Pb5
127 4 -11.29 -37 imp:n,p 1 $Pb6
128 3 -1.5 -38 imp:n,p 1 $BA1
129 3 -1.5 -39 imp:n,p 1 $BA2
130 6 -2.7 -40 imp:n,p 1 $Al
131 7 -7.92 301 -302 303 -304 imp:n,p 1 $Fe-tube
132 5 -7.8 -401 imp:n,p 1 $Fe
133 5 -7.8 -402 imp:n,p 1 $Fe
c @@@@@@@@@@ Wheels @@@@@@@@@@@@@@@@@
c
21 13 -0.92 -41 42 imp:n,p 1 $Wheel 1
211 13 -0.92 -421 422 imp:n,p 1 $Wheel 1
212 13 -0.92 -423 424 imp:n,p 1 $Wheel 1
22 13 -0.92 -43 44 imp:n,p 1 $Wheel 2
221 13 -0.92 -441 442 imp:n,p 1 $Wheel 2
222 13 -0.92 -443 444 imp:n,p 1 $Wheel 2
23 13 -0.92 -45 46 imp:n,p 1 $Wheel 3
231 13 -0.92 -461 462 imp:n,p 1 $Wheel 3
232 13 -0.92 -463 464 imp:n,p 1 $Wheel 3
24 13 -0.92 -47 48 imp:n,p 1 $Wheel 4
241 13 -0.92 -481 482 imp:n,p 1 $Wheel 4
242 13 -0.92 -483 484 imp:n,p 1 $Wheel 4
c
c @@@@@@@@@@ SOIL VOLUME @@@@@@@@@@@
c
300000 400000 -2.156 20010 -20011 20020 -20021 20030 -20031 imp:n,p 1
300001 400001 -2.156 20010 -20011 20020 -20021 20031 -20032 imp:n,p 1
300002 400002 -2.156 20010 -20011 20020 -20021 20032 -20033 imp:n,p 1
300003 400003 -2.156 20010 -20011 20020 -20021 20033 -20034 imp:n,p 1
300004 400004 -2.156 20010 -20011 20020 -20021 20034 -20035 imp:n,p 1
300005 400005 -2.156 20011 -20012 20020 -20021 20030 -20031 imp:n,p 1
300006 400006 -2.156 20011 -20012 20020 -20021 20031 -20032 imp:n,p 1
300007 400007 -2.156 20011 -20012 20020 -20021 20032 -20033 imp:n,p 1
300008 400008 -2.156 20011 -20012 20020 -20021 20033 -20034 imp:n,p 1
300009 400009 -2.156 20011 -20012 20020 -20021 20034 -20035 imp:n,p 1
300010 400010 -2.156 20012 -20013 20020 -20021 20030 -20031 imp:n,p 1
300011 400011 -2.156 20012 -20013 20020 -20021 20031 -20032 imp:n,p 1
300012 400012 -2.156 20012 -20013 20020 -20021 20032 -20033 imp:n,p 1
300013 400013 -2.156 20012 -20013 20020 -20021 20033 -20034 imp:n,p 1
300014 400014 -2.156 20012 -20013 20020 -20021 20034 -20035 imp:n,p 1
300015 400015 -2.156 20013 -20014 20020 -20021 20030 -20031 imp:n,p 1
300016 400016 -2.156 20013 -20014 20020 -20021 20031 -20032 imp:n,p 1
300017 400017 -2.156 20013 -20014 20020 -20021 20032 -20033 imp:n,p 1
300018 400018 -2.156 20013 -20014 20020 -20021 20033 -20034 imp:n,p 1
300019 400019 -2.156 20013 -20014 20020 -20021 20034 -20035 imp:n,p 1
300020 400020 -2.156 20014 -20015 20020 -20021 20030 -20031 imp:n,p 1
300021 400021 -2.156 20014 -20015 20020 -20021 20031 -20032 imp:n,p 1
300022 400022 -2.156 20014 -20015 20020 -20021 20032 -20033 imp:n,p 1
300023 400023 -2.156 20014 -20015 20020 -20021 20033 -20034 imp:n,p 1
300024 400024 -2.156 20014 -20015 20020 -20021 20034 -20035 imp:n,p 1
300025 400025 -2.156 20010 -20011 20021 -20022 20030 -20031 imp:n,p 1
300026 400026 -2.156 20010 -20011 20021 -20022 20031 -20032 imp:n,p 1
300027 400027 -2.156 20010 -20011 20021 -20022 20032 -20033 imp:n,p 1
300028 400028 -2.156 20010 -20011 20021 -20022 20033 -20034 imp:n,p 1
300029 400029 -2.156 20010 -20011 20021 -20022 20034 -20035 imp:n,p 1
300030 400030 -2.156 20011 -20012 20021 -20022 20030 -20031 imp:n,p 1
300031 400031 -2.156 20011 -20012 20021 -20022 20031 -20032 imp:n,p 1
300032 400032 -2.156 20011 -20012 20021 -20022 20032 -20033 imp:n,p 1
300033 400033 -2.156 20011 -20012 20021 -20022 20033 -20034 imp:n,p 1
300034 400034 -2.156 20011 -20012 20021 -20022 20034 -20035 imp:n,p 1
300035 400035 -2.156 20012 -20013 20021 -20022 20030 -20031 imp:n,p 1
300036 400036 -2.156 20012 -20013 20021 -20022 20031 -20032 imp:n,p 1
300037 400037 -2.156 20012 -20013 20021 -20022 20032 -20033 imp:n,p 1
300038 400038 -2.156 20012 -20013 20021 -20022 20033 -20034 imp:n,p 1
300039 400039 -2.156 20012 -20013 20021 -20022 20034 -20035 imp:n,p 1
300040 400040 -2.156 20013 -20014 20021 -20022 20030 -20031 imp:n,p 1
300041 400041 -2.156 20013 -20014 20021 -20022 20031 -20032 imp:n,p 1
300042 400042 -2.156 20013 -20014 20021 -20022 20032 -20033 imp:n,p 1
300043 400043 -2.156 20013 -20014 20021 -20022 20033 -20034 imp:n,p 1
300044 400044 -2.156 20013 -20014 20021 -20022 20034 -20035 imp:n,p 1
300045 400045 -2.156 20014 -20015 20021 -20022 20030 -20031 imp:n,p 1
300046 400046 -2.156 20014 -20015 20021 -20022 20031 -20032 imp:n,p 1
300047 400047 -2.156 20014 -20015 20021 -20022 20032 -20033 imp:n,p 1
300048 400048 -2.156 20014 -20015 20021 -20022 20033 -20034 imp:n,p 1
300049 400049 -2.156 20014 -20015 20021 -20022 20034 -20035 imp:n,p 1
300050 400050 -2.156 20010 -20011 20022 -20023 20030 -20031 imp:n,p 1
300051 400051 -2.156 20010 -20011 20022 -20023 20031 -20032 imp:n,p 1
300052 400052 -2.156 20010 -20011 20022 -20023 20032 -20033 imp:n,p 1
300053 400053 -2.156 20010 -20011 20022 -20023 20033 -20034 imp:n,p 1
300054 400054 -2.156 20010 -20011 20022 -20023 20034 -20035 imp:n,p 1
300055 400055 -2.156 20011 -20012 20022 -20023 20030 -20031 imp:n,p 1
300056 400056 -2.156 20011 -20012 20022 -20023 20031 -20032 imp:n,p 1
300057 400057 -2.156 20011 -20012 20022 -20023 20032 -20033 imp:n,p 1
300058 400058 -2.156 20011 -20012 20022 -20023 20033 -20034 imp:n,p 1
300059 400059 -2.156 20011 -20012 20022 -20023 20034 -20035 imp:n,p 1
300060 400060 -2.156 20012 -20013 20022 -20023 20030 -20031 imp:n,p 1
300061 400061 -2.156 20012 -20013 20022 -20023 20031 -20032 imp:n,p 1
300062 400062 -2.156 20012 -20013 20022 -20023 20032 -20033 imp:n,p 1
300063 400063 -2.156 20012 -20013 20022 -20023 20033 -20034 imp:n,p 1
300064 400064 -2.156 20012 -20013 20022 -20023 20034 -20035 imp:n,p 1
300065 400065 -2.156 20013 -20014 20022 -20023 20030 -20031 imp:n,p 1
300066 400066 -2.156 20013 -20014 20022 -20023 20031 -20032 imp:n,p 1
300067 400067 -2.156 20013 -20014 20022 -20023 20032 -20033 imp:n,p 1
300068 400068 -2.156 20013 -20014 20022 -20023 20033 -20034 imp:n,p 1
300069 400069 -2.156 20013 -20014 20022 -20023 20034 -20035 imp:n,p 1
300070 400070 -2.156 20014 -20015 20022 -20023 20030 -20031 imp:n,p 1
300071 400071 -2.156 20014 -20015 20022 -20023 20031 -20032 imp:n,p 1
300072 400072 -2.156 20014 -20015 20022 -20023 20032 -20033 imp:n,p 1
300073 400073 -2.156 20014 -20015 20022 -20023 20033 -20034 imp:n,p 1
300074 400074 -2.156 20014 -20015 20022 -20023 20034 -20035 imp:n,p 1
300075 400075 -2.156 20010 -20011 20023 -20024 20030 -20031 imp:n,p 1
300076 400076 -2.156 20010 -20011 20023 -20024 20031 -20032 imp:n,p 1
300077 400077 -2.156 20010 -20011 20023 -20024 20032 -20033 imp:n,p 1
300078 400078 -2.156 20010 -20011 20023 -20024 20033 -20034 imp:n,p 1
300079 400079 -2.156 20010 -20011 20023 -20024 20034 -20035 imp:n,p 1
300080 400080 -2.156 20011 -20012 20023 -20024 20030 -20031 imp:n,p 1
300081 400081 -2.156 20011 -20012 20023 -20024 20031 -20032 imp:n,p 1
300082 400082 -2.156 20011 -20012 20023 -20024 20032 -20033 imp:n,p 1
300083 400083 -2.156 20011 -20012 20023 -20024 20033 -20034 imp:n,p 1
300084 400084 -2.156 20011 -20012 20023 -20024 20034 -20035 imp:n,p 1
300085 400085 -2.156 20012 -20013 20023 -20024 20030 -20031 imp:n,p 1
300086 400086 -2.156 20012 -20013 20023 -20024 20031 -20032 imp:n,p 1
300087 400087 -2.156 20012 -20013 20023 -20024 20032 -20033 imp:n,p 1
300088 400088 -2.156 20012 -20013 20023 -20024 20033 -20034 imp:n,p 1
300089 400089 -2.156 20012 -20013 20023 -20024 20034 -20035 imp:n,p 1
300090 400090 -2.156 20013 -20014 20023 -20024 20030 -20031 imp:n,p 1
300091 400091 -2.156 20013 -20014 20023 -20024 20031 -20032 imp:n,p 1
300092 400092 -2.156 20013 -20014 20023 -20024 20032 -20033 imp:n,p 1
300093 400093 -2.156 20013 -20014 20023 -20024 20033 -20034 imp:n,p 1
300094 400094 -2.156 20013 -20014 20023 -20024 20034 -20035 imp:n,p 1
300095 400095 -2.156 20014 -20015 20023 -20024 20030 -20031 imp:n,p 1
300096 400096 -2.156 20014 -20015 20023 -20024 20031 -20032 imp:n,p 1
300097 400097 -2.156 20014 -20015 20023 -20024 20032 -20033 imp:n,p 1
300098 400098 -2.156 20014 -20015 20023 -20024 20033 -20034 imp:n,p 1
300099 400099 -2.156 20014 -20015 20023 -20024 20034 -20035 imp:n,p 1
300100 400100 -2.156 20010 -20011 20024 -20025 20030 -20031 imp:n,p 1
300101 400101 -2.156 20010 -20011 20024 -20025 20031 -20032 imp:n,p 1
300102 400102 -2.156 20010 -20011 20024 -20025 20032 -20033 imp:n,p 1
300103 400103 -2.156 20010 -20011 20024 -20025 20033 -20034 imp:n,p 1
300104 400104 -2.156 20010 -20011 20024 -20025 20034 -20035 imp:n,p 1
300105 400105 -2.156 20011 -20012 20024 -20025 20030 -20031 imp:n,p 1
300106 400106 -2.156 20011 -20012 20024 -20025 20031 -20032 imp:n,p 1
300107 400107 -2.156 20011 -20012 20024 -20025 20032 -20033 imp:n,p 1
300108 400108 -2.156 20011 -20012 20024 -20025 20033 -20034 imp:n,p 1
300109 400109 -2.156 20011 -20012 20024 -20025 20034 -20035 imp:n,p 1
300110 400110 -2.156 20012 -20013 20024 -20025 20030 -20031 imp:n,p 1
300111 400111 -2.156 20012 -20013 20024 -20025 20031 -20032 imp:n,p 1
300112 400112 -2.156 20012 -20013 20024 -20025 20032 -20033 imp:n,p 1
300113 400113 -2.156 20012 -20013 20024 -20025 20033 -20034 imp:n,p 1
300114 400114 -2.156 20012 -20013 20024 -20025 20034 -20035 imp:n,p 1
300115 400115 -2.156 20013 -20014 20024 -20025 20030 -20031 imp:n,p 1
300116 400116 -2.156 20013 -20014 20024 -20025 20031 -20032 imp:n,p 1
300117 400117 -2.156 20013 -20014 20024 -20025 20032 -20033 imp:n,p 1
300118 400118 -2.156 20013 -20014 20024 -20025 20033 -20034 imp:n,p 1
300119 400119 -2.156 20013 -20014 20024 -20025 20034 -20035 imp:n,p 1
300120 400120 -2.156 20014 -20015 20024 -20025 20030 -20031 imp:n,p 1
300121 400121 -2.156 20014 -20015 20024 -20025 20031 -20032 imp:n,p 1
300122 400122 -2.156 20014 -20015 20024 -20025 20032 -20033 imp:n,p 1
300123 400123 -2.156 20014 -20015 20024 -20025 20033 -20034 imp:n,p 1
300124 400124 -2.156 20014 -20015 20024 -20025 20034 -20035 imp:n,p 1
c
30 12 -0.00129 -200 #101 #121 #122 #123 #124 #125 #126 #127 #128 #129 #130 #131 #132 #133
        #21 #211 #212 #22 #221 #222 #23 #231 #232 #24 #241 #242 #20 imp:n,p 1 $Rest of the World
31 0 200 imp:n,p 0 $Outside world

c SURFACE CARDS
c
c Sample Volume
20010 px -56.0
20011 px -33.600000000000364
20012 px -11.200000000000728
20013 px 11.200000000000728
20014 px 33.600000000000364
20015 px 56.0
20020 py -45.0
20021 py -27.0
20022 py -9.0
20023 py 9.0
20024 py 27.0
20025 py 45.0
20030 pz 92.0
20031 pz 82.0
20032 pz 72.0
20033 pz 62.0
20034 pz 52.0
20035 pz 42.0
c Active Detector Region
21 rcc 56  -5.0 -1.0   0.0 20.3 0.0   4.5 $Detector 1 Base center, Hx,Hy,Hz, radius
c Shielding Surfaces
c Shielding Pb
31 rpp 19 29 -7.5 7.5 -11 9 $PbPE xmin xmax ymin ymax zmin zmax
32 rpp 9 19 4 9 -11 9 $Pb xmin xmax ymin ymax zmin zmax
33 rpp 9 19 -9 -4 -11 9 $Pb xmin xmax ymin ymax zmin zmax
34 rpp 19 29 7.5 12.5 -11 9 $Pb xmin xmax ymin ymax zmin zmax
35 rpp 19 29 -12.5 -7.5 -11 9 $Pb xmin xmax ymin ymax zmin zmax
36 rpp 29 34 -15 15 -11 9 $Pb xmin xmax ymin ymax zmin zmax
37 rpp 9 19 -4 4 4 9 $Pb xmin xmax ymin ymax zmin zmax
38 rpp -26 26 18 28 -11 9 $BA1 xmin xmax ymin ymax zmin zmax
39 rpp -26 26 -28 -18 -11 9 $BA2 xmin xmax ymin ymax zmin zmax
40 rpp -65 65 -28 28 10 10.5 $Al xmin xmax ymin ymax zmin zmax
401 rpp -27 27 29 34 -11 9 $Fe xmin xmax ymin ymax zmin zmax
402 rpp -27 27 -34 -29 -11 9 $Fe xmin xmax ymin ymax zmin zmax
301 px -20
302 px 18
303 cx 3.71
304 cx 3.81
c Wheels Surfaces
c 23/10.5-12 turf tires, 22.6 lb rubber
c diameter 29cm, tread width 25cm, and sidewall height 13.76 cm
c set thickness of all sides 1.3 cm (s.t. weight is 22.6 lb)
41 rcc -2 77 8   0.0 25 0.0 29 $wheel 1 outer tread surface
42 rcc -2 77 8   0.0 25 0.0 27.7 $wheel 1 inner tread surface
421 rcc -2 75.7 8   0.0 1.3 0.0 29 $wheel 1 outside sidewall exterior
422 rcc -2 75.7 8   0.0 1.3 0.0 15.24 $wheel 1 outside sidewall interior
423 rcc -2 102 8   0.0 1.3 0.0 29 $wheel 1 inside sidewall exterior
424 rcc -2 102 8   0.0 1.3 0.0 15.24 $wheel 1 inside sidewall interior
43 rcc 68 77 8   0.0 25 0.0 29 $wheel 2
44 rcc 68 77 8   0.0 25 0.0 27.7
441 rcc 68 75.7 8   0.0 1.3 0.0 29
442 rcc 68 75.7 8   0.0 1.3 0.0 15.24
443 rcc 68 102 8   0.0 1.3 0.0 29
444 rcc 68 102 8   0.0 1.3 0.0 15.24
45 rcc -2 -77 8   0.0 -25 0.0 29 $wheel 3
46 rcc -2 -77 8   0.0 -25 0.0 27.7
461 rcc -2 -75.7 8   0.0 -1.3 0.0 29
462 rcc -2 -75.7 8   0.0 -1.3 0.0 15.24
463 rcc -2 -102 8   0.0 -1.3 0.0 29
464 rcc -2 -102 8   0.0 -1.3 0.0 15.24
47 rcc 68 -77 8   0.0 -25 0.0 29 $wheel 4
48 rcc 68 -77 8   0.0 -25 0.0 27.7
481 rcc 68 -75.7 8   0.0 -1.3 0.0 29
482 rcc 68 -75.7 8   0.0 -1.3 0.0 15.24
483 rcc 68 -102 8   0.0 -1.3 0.0 29
484 rcc 68 -102 8   0.0 -1.3 0.0 15.24
200 so 800    $sphere of 800cm centered at origin
c

c DATA CARDS
mode n p
c dump every hr
prdmp -60 -60 -1
c 100 keV Neutron Energy Cutoff
Cut:n 1j 0.1
c analog neutron transport
phys:n 1j 14
phys:p
sdef pos=0 0 0 erg=14.0 vec= 0 0 1 dir=d1
si1  -1 .93 1
sp1   0  0.0  1.0
c ********************
c begin material cards
c ********************
c Pure Carbon
c ****************************************
m400000 6000 -0.0005392578907084586 7000 -0.0005392578907084586 14000 -0.9989214842185834 
m400001 6000 -0.0020760279487342286 7000 -0.0020760279487342286 14000 -0.9958479441025319 
m400002 6000 -0.004428357059128233 7000 -0.004428357059128233 14000 -0.9911432858817436 
m400003 6000 -0.00612118237794461 7000 -0.00612118237794461 14000 -0.9877576352441111 
m400004 6000 -0.008219142205054198 7000 -0.008219142205054198 14000 -0.9835617155898919 
m400005 6000 -0.0006785694612882594 7000 -0.0006785694612882594 14000 -0.9986428610774236 
m400006 6000 -0.002279171811183934 7000 -0.002279171811183934 14000 -0.995441656377632 
m400007 6000 -0.004000408627310653 7000 -0.004000408627310653 14000 -0.9919991827453785 
m400008 6000 -0.005930827237688175 7000 -0.005930827237688175 14000 -0.9881383455246238 
m400009 6000 -0.008377121659694724 7000 -0.008377121659694724 14000 -0.9832457566806109 
m400010 6000 -0.0006409738407153157 7000 -0.0006409738407153157 14000 -0.9987180523185696 
m400011 6000 -0.0022956331702036962 7000 -0.0022956331702036962 14000 -0.9954087336595927 
m400012 6000 -0.004245462570709488 7000 -0.004245462570709488 14000 -0.9915090748585811 
m400013 6000 -0.005856214029855923 7000 -0.005856214029855923 14000 -0.9882875719402879 
m400014 6000 -0.00807071597099743 7000 -0.00807071597099743 14000 -0.9838585680580052 
m400015 6000 -0.0005581914475792077 7000 -0.0005581914475792077 14000 -0.9988836171048416 
m400016 6000 -0.0020630433430256995 7000 -0.0020630433430256995 14000 -0.9958739133139484 
m400017 6000 -0.004277907567092043 7000 -0.004277907567092043 14000 -0.991444184865816 
m400018 6000 -0.005970338046848651 7000 -0.005970338046848651 14000 -0.9880593239063029 
m400019 6000 -0.008023327501798098 7000 -0.008023327501798098 14000 -0.9839533449964035 
m400020 6000 -0.0006769039062901567 7000 -0.0006769039062901567 14000 -0.9986461921874198 
m400021 6000 -0.0019195757914427752 7000 -0.0019195757914427752 14000 -0.9961608484171145 
m400022 6000 -0.0040692502865072476 7000 -0.0040692502865072476 14000 -0.9918614994269858 
m400023 6000 -0.006624920330717612 7000 -0.006624920330717612 14000 -0.9867501593385648 
m400024 6000 -0.008328823768150046 7000 -0.008328823768150046 14000 -0.9833423524636998 
m400025 6000 -0.0005321553066937619 7000 -0.0005321553066937619 14000 -0.9989356893866126 
m400026 6000 -0.002233667068888552 7000 -0.002233667068888552 14000 -0.9955326658622228 
m400027 6000 -0.004300723315636655 7000 -0.004300723315636655 14000 -0.9913985533687264 
m400028 6000 -0.006243644043860071 7000 -0.006243644043860071 14000 -0.9875127119122799 
m400029 6000 -0.008429653475453358 7000 -0.008429653475453358 14000 -0.9831406930490934 
m400030 6000 -0.0006427573745349846 7000 -0.0006427573745349846 14000 -0.9987144852509303 
m400031 6000 -0.0025853653012204657 7000 -0.0025853653012204657 14000 -0.9948292693975591 
m400032 6000 -0.004195431260746828 7000 -0.004195431260746828 14000 -0.9916091374785063 
m400033 6000 -0.006255682044841852 7000 -0.006255682044841852 14000 -0.9874886359103167 
m400034 6000 -0.008082321864659119 7000 -0.008082321864659119 14000 -0.9838353562706817 
m400035 6000 -0.0006443478797428637 7000 -0.0006443478797428637 14000 -0.9987113042405142 
m400036 6000 -0.00240485558665383 7000 -0.00240485558665383 14000 -0.9951902888266921 
m400037 6000 -0.0039582107929933 7000 -0.0039582107929933 14000 -0.9920835784140135 
m400038 6000 -0.006305392438797261 7000 -0.006305392438797261 14000 -0.9873892151224056 
m400039 6000 -0.008068428874457337 7000 -0.008068428874457337 14000 -0.9838631422510852 
m400040 6000 -0.0005392075624166059 7000 -0.0005392075624166059 14000 -0.9989215848751671 
m400041 6000 -0.0024657396388809974 7000 -0.0024657396388809974 14000 -0.9950685207222376 
m400042 6000 -0.004022166687644997 7000 -0.004022166687644997 14000 -0.9919556666247099 
m400043 6000 -0.006084631431076792 7000 -0.006084631431076792 14000 -0.9878307371378464 
m400044 6000 -0.008084772880257197 7000 -0.008084772880257197 14000 -0.9838304542394858 
m400045 6000 -0.000612944551062557 7000 -0.000612944551062557 14000 -0.9987741108978747 
m400046 6000 -0.0022554593439194485 7000 -0.0022554593439194485 14000 -0.9954890813121609 
m400047 6000 -0.004193688459451314 7000 -0.004193688459451314 14000 -0.9916126230810973 
m400048 6000 -0.006222818249316998 7000 -0.006222818249316998 14000 -0.987554363501366 
m400049 6000 -0.008353095426563269 7000 -0.008353095426563269 14000 -0.9832938091468734 
m400050 6000 -0.0005385905208701822 7000 -0.0005385905208701822 14000 -0.9989228189582596 
m400051 6000 -0.00247800899251023 7000 -0.00247800899251023 14000 -0.9950439820149798 
m400052 6000 -0.0040577424289544315 7000 -0.0040577424289544315 14000 -0.991884515142091 
m400053 6000 -0.006109076280421275 7000 -0.006109076280421275 14000 -0.9877818474391575 
m400054 6000 -0.007826299467123633 7000 -0.007826299467123633 14000 -0.9843474010657526 
m400055 6000 -0.00049681312740283 7000 -0.00049681312740283 14000 -0.9990063737451942 
m400056 6000 -0.0021874811734496984 7000 -0.0021874811734496984 14000 -0.9956250376531004 
m400057 6000 -0.004415340957418318 7000 -0.004415340957418318 14000 -0.9911693180851634 
m400058 6000 -0.006241024214013026 7000 -0.006241024214013026 14000 -0.987517951571974 
m400059 6000 -0.007932053520989165 7000 -0.007932053520989165 14000 -0.9841358929580217 
m400060 6000 -0.000671160575172481 7000 -0.000671160575172481 14000 -0.9986576788496551 
m400061 6000 -0.001968144638836375 7000 -0.001968144638836375 14000 -0.996063710722327 
m400062 6000 -0.004237107965444065 7000 -0.004237107965444065 14000 -0.9915257840691122 
m400063 6000 -0.0057149837170451636 7000 -0.0057149837170451636 14000 -0.9885700325659096 
m400064 6000 -0.008073022196771647 7000 -0.008073022196771647 14000 -0.9838539556064569 
m400065 6000 -0.00041840127012208734 7000 -0.00041840127012208734 14000 -0.9991631974597557 
m400066 6000 -0.002288424348416437 7000 -0.002288424348416437 14000 -0.9954231513031674 
m400067 6000 -0.0043733006649003415 7000 -0.0043733006649003415 14000 -0.9912533986701993 
m400068 6000 -0.005961171355593645 7000 -0.005961171355593645 14000 -0.9880776572888124 
m400069 6000 -0.008324613827477486 7000 -0.008324613827477486 14000 -0.983350772345045 
m400070 6000 -0.0004117757146500803 7000 -0.0004117757146500803 14000 -0.9991764485706998 
m400071 6000 -0.002049019044893552 7000 -0.002049019044893552 14000 -0.9959019619102131 
m400072 6000 -0.004187193292803164 7000 -0.004187193292803164 14000 -0.9916256134143935 
m400073 6000 -0.005894812184511081 7000 -0.005894812184511081 14000 -0.9882103756309779 
m400074 6000 -0.008271119938928706 7000 -0.008271119938928706 14000 -0.9834577601221425 
m400075 6000 -0.0005092766565247093 7000 -0.0005092766565247093 14000 -0.9989814466869508 
m400076 6000 -0.0022148224176150033 7000 -0.0022148224176150033 14000 -0.9955703551647698 
m400077 6000 -0.004225916784732718 7000 -0.004225916784732718 14000 -0.9915481664305347 
m400078 6000 -0.005991352300656752 7000 -0.005991352300656752 14000 -0.9880172953986863 
m400079 6000 -0.008294655913103856 7000 -0.008294655913103856 14000 -0.9834106881737923 
m400080 6000 -0.0004830387324795611 7000 -0.0004830387324795611 14000 -0.999033922535041 
m400081 6000 -0.002261145298197509 7000 -0.002261145298197509 14000 -0.9954777094036052 
m400082 6000 -0.004298395470816081 7000 -0.004298395470816081 14000 -0.9914032090583678 
m400083 6000 -0.00608983539866739 7000 -0.00608983539866739 14000 -0.9878203292026652 
m400084 6000 -0.008272503253348839 7000 -0.008272503253348839 14000 -0.9834549934933023 
m400085 6000 -0.0006159736554044874 7000 -0.0006159736554044874 14000 -0.998768052689191 
m400086 6000 -0.001996283821489031 7000 -0.001996283821489031 14000 -0.9960074323570219 
m400087 6000 -0.004108920886497644 7000 -0.004108920886497644 14000 -0.9917821582270048 
m400088 6000 -0.0060524356252861 7000 -0.0060524356252861 14000 -0.9878951287494275 
m400089 6000 -0.008052493401115118 7000 -0.008052493401115118 14000 -0.9838950131977698 
m400090 6000 -0.0007410185095597581 7000 -0.0007410185095597581 14000 -0.9985179629808804 
m400091 6000 -0.0021687258457240926 7000 -0.0021687258457240926 14000 -0.9956625483085514 
m400092 6000 -0.004049670943510998 7000 -0.004049670943510998 14000 -0.991900658112978 
m400093 6000 -0.006473813560291296 7000 -0.006473813560291296 14000 -0.9870523728794176 
m400094 6000 -0.007983620667631959 7000 -0.007983620667631959 14000 -0.984032758664736 
m400095 6000 -0.0004902667306909092 7000 -0.0004902667306909092 14000 -0.999019466538618 
m400096 6000 -0.0019563379439816453 7000 -0.0019563379439816453 14000 -0.9960873241120366 
m400097 6000 -0.0039836871094255785 7000 -0.0039836871094255785 14000 -0.9920326257811489 
m400098 6000 -0.006393602865740445 7000 -0.006393602865740445 14000 -0.9872127942685194 
m400099 6000 -0.00813615573946466 7000 -0.00813615573946466 14000 -0.9837276885210706 
m400100 6000 -0.0007075640755518031 7000 -0.0007075640755518031 14000 -0.9985848718488961 
m400101 6000 -0.002186940825853341 7000 -0.002186940825853341 14000 -0.9956261183482934 
m400102 6000 -0.004098706218814181 7000 -0.004098706218814181 14000 -0.9918025875623715 
m400103 6000 -0.006282745934405682 7000 -0.006282745934405682 14000 -0.9874345081311887 
m400104 6000 -0.007742724553857479 7000 -0.007742724553857479 14000 -0.9845145508922848 
m400105 6000 -0.0004611385002427689 7000 -0.0004611385002427689 14000 -0.9990777229995144 
m400106 6000 -0.0020693679572993673 7000 -0.0020693679572993673 14000 -0.9958612640854014 
m400107 6000 -0.004187563519703299 7000 -0.004187563519703299 14000 -0.991624872960593 
m400108 6000 -0.00609591355782252 7000 -0.00609591355782252 14000 -0.9878081728843547 
m400109 6000 -0.008180443647626481 7000 -0.008180443647626481 14000 -0.9836391127047469 
m400110 6000 -0.0005957172856123252 7000 -0.0005957172856123252 14000 -0.9988085654287755 
m400111 6000 -0.0022173921103301776 7000 -0.0022173921103301776 14000 -0.9955652157793398 
m400112 6000 -0.004203556671944482 7000 -0.004203556671944482 14000 -0.9915928866561109 
m400113 6000 -0.006151566832288816 7000 -0.006151566832288816 14000 -0.9876968663354226 
m400114 6000 -0.008189183488418173 7000 -0.008189183488418173 14000 -0.9836216330231633 
m400115 6000 -0.0006295196189606198 7000 -0.0006295196189606198 14000 -0.998740960762079 
m400116 6000 -0.002135091997837439 7000 -0.002135091997837439 14000 -0.9957298160043253 
m400117 6000 -0.004156537163822558 7000 -0.004156537163822558 14000 -0.9916869256723548 
m400118 6000 -0.006362196114592973 7000 -0.006362196114592973 14000 -0.9872756077708142 
m400119 6000 -0.008005124814762364 7000 -0.008005124814762364 14000 -0.9839897503704751 
m400120 6000 -0.0005703793698959607 7000 -0.0005703793698959607 14000 -0.9988592412602079 
m400121 6000 -0.0017396752218769504 7000 -0.0017396752218769504 14000 -0.9965206495562459 
m400122 6000 -0.004248867686548947 7000 -0.004248867686548947 14000 -0.9915022646269022 
m400123 6000 -0.0065037527689854446 7000 -0.0065037527689854446 14000 -0.9869924944620291 
m400124 6000 -0.008443056695433809 7000 -0.008443056695433809 14000 -0.9831138866091326 
c **********************************
c PE+Pb, dens=4.78 g/cm3
m2      6000    -0.04286 $Carbon
        1001    -0.00714 $Hydrogen
        82000   -0.95000 $Lead
c **********************************
m3    1001 -0.048535 $Boric acid
      5010 -0.034981
      5011 -0.139923
      8016 -0.776561
c **********************************
m4    82000 1 $Lead
c **********************************
m5 26000 1 $Iron
c **********************************
m6     13027   -1.000 $ Aluminum
c **********************************
c  SS-304 (8.00 g/cm3), #298 in PNNL Compendium
m7   006000.50c -0.0004000
     014000.60c -0.0050000
     015031.50c -0.0002300
     016000.60c -0.0001500
     024000.50c -0.1899981
     025055.60c -0.0099999
     026000.50c -0.7017229
     028000.50c -0.0924991
c ****************************************
c       LaBr detector
c ****************************************
m8       35079    -0.2946       $ Br79
         35081    -0.3069       $ Br81
         57139    -0.3485       $ La139
         58140    -0.0500       $ Ce140
c ************ air den=1.15e-3g/cc
m12     8016 -0.23
        7014 -0.77
c ************ Rubber Natural den=0.92 g/cc
m13     1001 -0.118371  $weight fraction
        6000 -0.881629
c
c end material cards
c
rand seed=8674536546524321 $different initial random #; seed# - any less 18 digits
c
c ********** begin tallies *********************
fc78 *********Broadened Pulse Height Tally Sum of Detectors 1,2 & 3 ***********
e78 0 1e-5 932i 8.4295
F78:p (101)
FT78 GEB -0.026198 0.059551 -0.037176
fc18 *********Unbroadened Pulse Height Tally Sum of Detectors 1,2 & 3 ***********
e18 0 1e-5 932i 8.4295
F18:p (101)
c ***********************************
c mplot tal 78 freq 10000
nps 1e9
