c CAS DETECTOR
c w/ Shielding in Place and Wheels
c
c CELL CARDS
c
c @@@@@@@@@@ Detectors @@@@@@@@@@@@@@@@@
c
101 8 -5.08 -21 imp:n,p 1 $LaBr Detector #1 Active Region
c
c @@@@@@@@@ Shielding @@@@@@@@@@@@@@@@@
c
121 2 -4.78 -31 imp:n,p 1 $PE_Pb
122 4 -11.29 -32 imp:n,p 1 $Pb1
123 4 -11.29 -33 imp:n,p 1 $Pb2
124 4 -11.29 -34 imp:n,p 1 $Pb3
125 4 -11.29 -35 imp:n,p 1 $Pb4
126 4 -11.29 -36 imp:n,p 1 $Pb5
127 4 -11.29 -37 imp:n,p 1 $Pb6
128 3 -1.5 -38 imp:n,p 1 $BA1
129 3 -1.5 -39 imp:n,p 1 $BA2
130 6 -2.7 -40 imp:n,p 1 $Al
131 7 -7.92 301 -302 303 -304 imp:n,p 1 $Fe-tube
132 5 -7.8 -401 imp:n,p 1 $Fe
133 5 -7.8 -402 imp:n,p 1 $Fe
c @@@@@@@@@@ Wheels @@@@@@@@@@@@@@@@@
c
21 13 -0.92 -41 42 imp:n,p 1 $Wheel 1
211 13 -0.92 -421 422 imp:n,p 1 $Wheel 1
212 13 -0.92 -423 424 imp:n,p 1 $Wheel 1
22 13 -0.92 -43 44 imp:n,p 1 $Wheel 2
221 13 -0.92 -441 442 imp:n,p 1 $Wheel 2
222 13 -0.92 -443 444 imp:n,p 1 $Wheel 2
23 13 -0.92 -45 46 imp:n,p 1 $Wheel 3
231 13 -0.92 -461 462 imp:n,p 1 $Wheel 3
232 13 -0.92 -463 464 imp:n,p 1 $Wheel 3
24 13 -0.92 -47 48 imp:n,p 1 $Wheel 4
241 13 -0.92 -481 482 imp:n,p 1 $Wheel 4
242 13 -0.92 -483 484 imp:n,p 1 $Wheel 4
c
c @@@@@@@@@@ SOIL VOLUME @@@@@@@@@@@
c
300000 400000 -2.156 20010 -20011 20020 -20021 20030 -20031 imp:n,p 1
300001 400001 -2.156 20010 -20011 20020 -20021 20031 -20032 imp:n,p 1
300002 400002 -2.156 20010 -20011 20020 -20021 20032 -20033 imp:n,p 1
300003 400003 -2.156 20010 -20011 20020 -20021 20033 -20034 imp:n,p 1
300004 400004 -2.156 20010 -20011 20020 -20021 20034 -20035 imp:n,p 1
300005 400005 -2.156 20011 -20012 20020 -20021 20030 -20031 imp:n,p 1
300006 400006 -2.156 20011 -20012 20020 -20021 20031 -20032 imp:n,p 1
300007 400007 -2.156 20011 -20012 20020 -20021 20032 -20033 imp:n,p 1
300008 400008 -2.156 20011 -20012 20020 -20021 20033 -20034 imp:n,p 1
300009 400009 -2.156 20011 -20012 20020 -20021 20034 -20035 imp:n,p 1
300010 400010 -2.156 20012 -20013 20020 -20021 20030 -20031 imp:n,p 1
300011 400011 -2.156 20012 -20013 20020 -20021 20031 -20032 imp:n,p 1
300012 400012 -2.156 20012 -20013 20020 -20021 20032 -20033 imp:n,p 1
300013 400013 -2.156 20012 -20013 20020 -20021 20033 -20034 imp:n,p 1
300014 400014 -2.156 20012 -20013 20020 -20021 20034 -20035 imp:n,p 1
300015 400015 -2.156 20013 -20014 20020 -20021 20030 -20031 imp:n,p 1
300016 400016 -2.156 20013 -20014 20020 -20021 20031 -20032 imp:n,p 1
300017 400017 -2.156 20013 -20014 20020 -20021 20032 -20033 imp:n,p 1
300018 400018 -2.156 20013 -20014 20020 -20021 20033 -20034 imp:n,p 1
300019 400019 -2.156 20013 -20014 20020 -20021 20034 -20035 imp:n,p 1
300020 400020 -2.156 20014 -20015 20020 -20021 20030 -20031 imp:n,p 1
300021 400021 -2.156 20014 -20015 20020 -20021 20031 -20032 imp:n,p 1
300022 400022 -2.156 20014 -20015 20020 -20021 20032 -20033 imp:n,p 1
300023 400023 -2.156 20014 -20015 20020 -20021 20033 -20034 imp:n,p 1
300024 400024 -2.156 20014 -20015 20020 -20021 20034 -20035 imp:n,p 1
300025 400025 -2.156 20010 -20011 20021 -20022 20030 -20031 imp:n,p 1
300026 400026 -2.156 20010 -20011 20021 -20022 20031 -20032 imp:n,p 1
300027 400027 -2.156 20010 -20011 20021 -20022 20032 -20033 imp:n,p 1
300028 400028 -2.156 20010 -20011 20021 -20022 20033 -20034 imp:n,p 1
300029 400029 -2.156 20010 -20011 20021 -20022 20034 -20035 imp:n,p 1
300030 400030 -2.156 20011 -20012 20021 -20022 20030 -20031 imp:n,p 1
300031 400031 -2.156 20011 -20012 20021 -20022 20031 -20032 imp:n,p 1
300032 400032 -2.156 20011 -20012 20021 -20022 20032 -20033 imp:n,p 1
300033 400033 -2.156 20011 -20012 20021 -20022 20033 -20034 imp:n,p 1
300034 400034 -2.156 20011 -20012 20021 -20022 20034 -20035 imp:n,p 1
300035 400035 -2.156 20012 -20013 20021 -20022 20030 -20031 imp:n,p 1
300036 400036 -2.156 20012 -20013 20021 -20022 20031 -20032 imp:n,p 1
300037 400037 -2.156 20012 -20013 20021 -20022 20032 -20033 imp:n,p 1
300038 400038 -2.156 20012 -20013 20021 -20022 20033 -20034 imp:n,p 1
300039 400039 -2.156 20012 -20013 20021 -20022 20034 -20035 imp:n,p 1
300040 400040 -2.156 20013 -20014 20021 -20022 20030 -20031 imp:n,p 1
300041 400041 -2.156 20013 -20014 20021 -20022 20031 -20032 imp:n,p 1
300042 400042 -2.156 20013 -20014 20021 -20022 20032 -20033 imp:n,p 1
300043 400043 -2.156 20013 -20014 20021 -20022 20033 -20034 imp:n,p 1
300044 400044 -2.156 20013 -20014 20021 -20022 20034 -20035 imp:n,p 1
300045 400045 -2.156 20014 -20015 20021 -20022 20030 -20031 imp:n,p 1
300046 400046 -2.156 20014 -20015 20021 -20022 20031 -20032 imp:n,p 1
300047 400047 -2.156 20014 -20015 20021 -20022 20032 -20033 imp:n,p 1
300048 400048 -2.156 20014 -20015 20021 -20022 20033 -20034 imp:n,p 1
300049 400049 -2.156 20014 -20015 20021 -20022 20034 -20035 imp:n,p 1
300050 400050 -2.156 20010 -20011 20022 -20023 20030 -20031 imp:n,p 1
300051 400051 -2.156 20010 -20011 20022 -20023 20031 -20032 imp:n,p 1
300052 400052 -2.156 20010 -20011 20022 -20023 20032 -20033 imp:n,p 1
300053 400053 -2.156 20010 -20011 20022 -20023 20033 -20034 imp:n,p 1
300054 400054 -2.156 20010 -20011 20022 -20023 20034 -20035 imp:n,p 1
300055 400055 -2.156 20011 -20012 20022 -20023 20030 -20031 imp:n,p 1
300056 400056 -2.156 20011 -20012 20022 -20023 20031 -20032 imp:n,p 1
300057 400057 -2.156 20011 -20012 20022 -20023 20032 -20033 imp:n,p 1
300058 400058 -2.156 20011 -20012 20022 -20023 20033 -20034 imp:n,p 1
300059 400059 -2.156 20011 -20012 20022 -20023 20034 -20035 imp:n,p 1
300060 400060 -2.156 20012 -20013 20022 -20023 20030 -20031 imp:n,p 1
300061 400061 -2.156 20012 -20013 20022 -20023 20031 -20032 imp:n,p 1
300062 400062 -2.156 20012 -20013 20022 -20023 20032 -20033 imp:n,p 1
300063 400063 -2.156 20012 -20013 20022 -20023 20033 -20034 imp:n,p 1
300064 400064 -2.156 20012 -20013 20022 -20023 20034 -20035 imp:n,p 1
300065 400065 -2.156 20013 -20014 20022 -20023 20030 -20031 imp:n,p 1
300066 400066 -2.156 20013 -20014 20022 -20023 20031 -20032 imp:n,p 1
300067 400067 -2.156 20013 -20014 20022 -20023 20032 -20033 imp:n,p 1
300068 400068 -2.156 20013 -20014 20022 -20023 20033 -20034 imp:n,p 1
300069 400069 -2.156 20013 -20014 20022 -20023 20034 -20035 imp:n,p 1
300070 400070 -2.156 20014 -20015 20022 -20023 20030 -20031 imp:n,p 1
300071 400071 -2.156 20014 -20015 20022 -20023 20031 -20032 imp:n,p 1
300072 400072 -2.156 20014 -20015 20022 -20023 20032 -20033 imp:n,p 1
300073 400073 -2.156 20014 -20015 20022 -20023 20033 -20034 imp:n,p 1
300074 400074 -2.156 20014 -20015 20022 -20023 20034 -20035 imp:n,p 1
300075 400075 -2.156 20010 -20011 20023 -20024 20030 -20031 imp:n,p 1
300076 400076 -2.156 20010 -20011 20023 -20024 20031 -20032 imp:n,p 1
300077 400077 -2.156 20010 -20011 20023 -20024 20032 -20033 imp:n,p 1
300078 400078 -2.156 20010 -20011 20023 -20024 20033 -20034 imp:n,p 1
300079 400079 -2.156 20010 -20011 20023 -20024 20034 -20035 imp:n,p 1
300080 400080 -2.156 20011 -20012 20023 -20024 20030 -20031 imp:n,p 1
300081 400081 -2.156 20011 -20012 20023 -20024 20031 -20032 imp:n,p 1
300082 400082 -2.156 20011 -20012 20023 -20024 20032 -20033 imp:n,p 1
300083 400083 -2.156 20011 -20012 20023 -20024 20033 -20034 imp:n,p 1
300084 400084 -2.156 20011 -20012 20023 -20024 20034 -20035 imp:n,p 1
300085 400085 -2.156 20012 -20013 20023 -20024 20030 -20031 imp:n,p 1
300086 400086 -2.156 20012 -20013 20023 -20024 20031 -20032 imp:n,p 1
300087 400087 -2.156 20012 -20013 20023 -20024 20032 -20033 imp:n,p 1
300088 400088 -2.156 20012 -20013 20023 -20024 20033 -20034 imp:n,p 1
300089 400089 -2.156 20012 -20013 20023 -20024 20034 -20035 imp:n,p 1
300090 400090 -2.156 20013 -20014 20023 -20024 20030 -20031 imp:n,p 1
300091 400091 -2.156 20013 -20014 20023 -20024 20031 -20032 imp:n,p 1
300092 400092 -2.156 20013 -20014 20023 -20024 20032 -20033 imp:n,p 1
300093 400093 -2.156 20013 -20014 20023 -20024 20033 -20034 imp:n,p 1
300094 400094 -2.156 20013 -20014 20023 -20024 20034 -20035 imp:n,p 1
300095 400095 -2.156 20014 -20015 20023 -20024 20030 -20031 imp:n,p 1
300096 400096 -2.156 20014 -20015 20023 -20024 20031 -20032 imp:n,p 1
300097 400097 -2.156 20014 -20015 20023 -20024 20032 -20033 imp:n,p 1
300098 400098 -2.156 20014 -20015 20023 -20024 20033 -20034 imp:n,p 1
300099 400099 -2.156 20014 -20015 20023 -20024 20034 -20035 imp:n,p 1
300100 400100 -2.156 20010 -20011 20024 -20025 20030 -20031 imp:n,p 1
300101 400101 -2.156 20010 -20011 20024 -20025 20031 -20032 imp:n,p 1
300102 400102 -2.156 20010 -20011 20024 -20025 20032 -20033 imp:n,p 1
300103 400103 -2.156 20010 -20011 20024 -20025 20033 -20034 imp:n,p 1
300104 400104 -2.156 20010 -20011 20024 -20025 20034 -20035 imp:n,p 1
300105 400105 -2.156 20011 -20012 20024 -20025 20030 -20031 imp:n,p 1
300106 400106 -2.156 20011 -20012 20024 -20025 20031 -20032 imp:n,p 1
300107 400107 -2.156 20011 -20012 20024 -20025 20032 -20033 imp:n,p 1
300108 400108 -2.156 20011 -20012 20024 -20025 20033 -20034 imp:n,p 1
300109 400109 -2.156 20011 -20012 20024 -20025 20034 -20035 imp:n,p 1
300110 400110 -2.156 20012 -20013 20024 -20025 20030 -20031 imp:n,p 1
300111 400111 -2.156 20012 -20013 20024 -20025 20031 -20032 imp:n,p 1
300112 400112 -2.156 20012 -20013 20024 -20025 20032 -20033 imp:n,p 1
300113 400113 -2.156 20012 -20013 20024 -20025 20033 -20034 imp:n,p 1
300114 400114 -2.156 20012 -20013 20024 -20025 20034 -20035 imp:n,p 1
300115 400115 -2.156 20013 -20014 20024 -20025 20030 -20031 imp:n,p 1
300116 400116 -2.156 20013 -20014 20024 -20025 20031 -20032 imp:n,p 1
300117 400117 -2.156 20013 -20014 20024 -20025 20032 -20033 imp:n,p 1
300118 400118 -2.156 20013 -20014 20024 -20025 20033 -20034 imp:n,p 1
300119 400119 -2.156 20013 -20014 20024 -20025 20034 -20035 imp:n,p 1
300120 400120 -2.156 20014 -20015 20024 -20025 20030 -20031 imp:n,p 1
300121 400121 -2.156 20014 -20015 20024 -20025 20031 -20032 imp:n,p 1
300122 400122 -2.156 20014 -20015 20024 -20025 20032 -20033 imp:n,p 1
300123 400123 -2.156 20014 -20015 20024 -20025 20033 -20034 imp:n,p 1
300124 400124 -2.156 20014 -20015 20024 -20025 20034 -20035 imp:n,p 1
c
30 12 -0.00129 -200 #101 #121 #122 #123 #124 #125 #126 #127 #128 #129 #130 #131 #132 #133
        #21 #211 #212 #22 #221 #222 #23 #231 #232 #24 #241 #242 #20 imp:n,p 1 $Rest of the World
31 0 200 imp:n,p 0 $Outside world

c SURFACE CARDS
c
c Sample Volume
20010 px -56.0
20011 px -33.600000000000364
20012 px -11.199999999999818
20013 px 11.199999999999818
20014 px 33.600000000000364
20015 px 56.0
20020 py -45.0
20021 py -27.0
20022 py -9.0
20023 py 9.0
20024 py 27.0
20025 py 45.0
20030 pz 92.0
20031 pz 82.0
20032 pz 72.0
20033 pz 62.0
20034 pz 52.0
20035 pz 42.0
c Active Detector Region
21 rcc 56  -5.0 -1.0   0.0 20.3 0.0   4.5 $Detector 1 Base center, Hx,Hy,Hz, radius
c Shielding Surfaces
c Shielding Pb
31 rpp 19 29 -7.5 7.5 -11 9 $PbPE xmin xmax ymin ymax zmin zmax
32 rpp 9 19 4 9 -11 9 $Pb xmin xmax ymin ymax zmin zmax
33 rpp 9 19 -9 -4 -11 9 $Pb xmin xmax ymin ymax zmin zmax
34 rpp 19 29 7.5 12.5 -11 9 $Pb xmin xmax ymin ymax zmin zmax
35 rpp 19 29 -12.5 -7.5 -11 9 $Pb xmin xmax ymin ymax zmin zmax
36 rpp 29 34 -15 15 -11 9 $Pb xmin xmax ymin ymax zmin zmax
37 rpp 9 19 -4 4 4 9 $Pb xmin xmax ymin ymax zmin zmax
38 rpp -26 26 18 28 -11 9 $BA1 xmin xmax ymin ymax zmin zmax
39 rpp -26 26 -28 -18 -11 9 $BA2 xmin xmax ymin ymax zmin zmax
40 rpp -65 65 -28 28 10 10.5 $Al xmin xmax ymin ymax zmin zmax
401 rpp -27 27 29 34 -11 9 $Fe xmin xmax ymin ymax zmin zmax
402 rpp -27 27 -34 -29 -11 9 $Fe xmin xmax ymin ymax zmin zmax
301 px -20
302 px 18
303 cx 3.71
304 cx 3.81
c Wheels Surfaces
c 23/10.5-12 turf tires, 22.6 lb rubber
c diameter 29cm, tread width 25cm, and sidewall height 13.76 cm
c set thickness of all sides 1.3 cm (s.t. weight is 22.6 lb)
41 rcc -2 77 8   0.0 25 0.0 29 $wheel 1 outer tread surface
42 rcc -2 77 8   0.0 25 0.0 27.7 $wheel 1 inner tread surface
421 rcc -2 75.7 8   0.0 1.3 0.0 29 $wheel 1 outside sidewall exterior
422 rcc -2 75.7 8   0.0 1.3 0.0 15.24 $wheel 1 outside sidewall interior
423 rcc -2 102 8   0.0 1.3 0.0 29 $wheel 1 inside sidewall exterior
424 rcc -2 102 8   0.0 1.3 0.0 15.24 $wheel 1 inside sidewall interior
43 rcc 68 77 8   0.0 25 0.0 29 $wheel 2
44 rcc 68 77 8   0.0 25 0.0 27.7
441 rcc 68 75.7 8   0.0 1.3 0.0 29
442 rcc 68 75.7 8   0.0 1.3 0.0 15.24
443 rcc 68 102 8   0.0 1.3 0.0 29
444 rcc 68 102 8   0.0 1.3 0.0 15.24
45 rcc -2 -77 8   0.0 -25 0.0 29 $wheel 3
46 rcc -2 -77 8   0.0 -25 0.0 27.7
461 rcc -2 -75.7 8   0.0 -1.3 0.0 29
462 rcc -2 -75.7 8   0.0 -1.3 0.0 15.24
463 rcc -2 -102 8   0.0 -1.3 0.0 29
464 rcc -2 -102 8   0.0 -1.3 0.0 15.24
47 rcc 68 -77 8   0.0 -25 0.0 29 $wheel 4
48 rcc 68 -77 8   0.0 -25 0.0 27.7
481 rcc 68 -75.7 8   0.0 -1.3 0.0 29
482 rcc 68 -75.7 8   0.0 -1.3 0.0 15.24
483 rcc 68 -102 8   0.0 -1.3 0.0 29
484 rcc 68 -102 8   0.0 -1.3 0.0 15.24
200 so 800    $sphere of 800cm centered at origin
c

c DATA CARDS
mode n p
c dump every hr
prdmp -60 -60 -1
c 100 keV Neutron Energy Cutoff
Cut:n 1j 0.1
c analog neutron transport
phys:n 1j 14
phys:p
sdef pos=0 0 0 erg=14.0 vec= 0 0 1 dir=d1
si1  -1 .93 1
sp1   0  0.0  1.0
c ********************
c begin material cards
c ********************
c Pure Carbon
c ****************************************
m400000 6000 -0.0005010198325038552 7000 -0.0005010198325038552 14000 -0.9989979603349923 
m400001 6000 -0.0019097690158050287 7000 -0.0019097690158050287 14000 -0.9961804619683899 
m400002 6000 -0.004146493772274211 7000 -0.004146493772274211 14000 -0.9917070124554516 
m400003 6000 -0.006116477456754069 7000 -0.006116477456754069 14000 -0.987767045086492 
m400004 6000 -0.0082829887894729 7000 -0.0082829887894729 14000 -0.9834340224210547 
m400005 6000 -0.00045108848140723514 7000 -0.00045108848140723514 14000 -0.9990978230371855 
m400006 6000 -0.0021445839396913675 7000 -0.0021445839396913675 14000 -0.9957108321206172 
m400007 6000 -0.004113688813919998 7000 -0.004113688813919998 14000 -0.9917726223721601 
m400008 6000 -0.006168491647243421 7000 -0.006168491647243421 14000 -0.9876630167055133 
m400009 6000 -0.00810575620237753 7000 -0.00810575620237753 14000 -0.9837884875952451 
m400010 6000 -0.0006164308606610393 7000 -0.0006164308606610393 14000 -0.9987671382786778 
m400011 6000 -0.002277253592842237 7000 -0.002277253592842237 14000 -0.995445492814316 
m400012 6000 -0.004108746425364035 7000 -0.004108746425364035 14000 -0.9917825071492722 
m400013 6000 -0.005897356479725768 7000 -0.005897356479725768 14000 -0.9882052870405483 
m400014 6000 -0.008337286707136888 7000 -0.008337286707136888 14000 -0.9833254265857261 
m400015 6000 -0.0005700461804542881 7000 -0.0005700461804542881 14000 -0.9988599076390914 
m400016 6000 -0.0021773338271582872 7000 -0.0021773338271582872 14000 -0.9956453323456834 
m400017 6000 -0.004258561174091938 7000 -0.004258561174091938 14000 -0.9914828776518162 
m400018 6000 -0.006058888369120152 7000 -0.006058888369120152 14000 -0.98788222326176 
m400019 6000 -0.007988705162259732 7000 -0.007988705162259732 14000 -0.9840225896754802 
m400020 6000 -0.0005367912434844578 7000 -0.0005367912434844578 14000 -0.998926417513031 
m400021 6000 -0.0022309594340766676 7000 -0.0022309594340766676 14000 -0.9955380811318466 
m400022 6000 -0.004232846079451434 7000 -0.004232846079451434 14000 -0.9915343078410978 
m400023 6000 -0.006074393913650618 7000 -0.006074393913650618 14000 -0.9878512121726984 
m400024 6000 -0.008363499868159693 7000 -0.008363499868159693 14000 -0.9832730002636804 
m400025 6000 -0.0004608977568455094 7000 -0.0004608977568455094 14000 -0.999078204486309 
m400026 6000 -0.0022213517064466944 7000 -0.0022213517064466944 14000 -0.9955572965871068 
m400027 6000 -0.004061038609597892 7000 -0.004061038609597892 14000 -0.9918779227808047 
m400028 6000 -0.006025563150609734 7000 -0.006025563150609734 14000 -0.9879488736987804 
m400029 6000 -0.008001657031996621 7000 -0.008001657031996621 14000 -0.9839966859360066 
m400030 6000 -0.0006689146274730578 7000 -0.0006689146274730578 14000 -0.998662170745054 
m400031 6000 -0.0027348242670224548 7000 -0.0027348242670224548 14000 -0.9945303514659554 
m400032 6000 -0.003861937307929877 7000 -0.003861937307929877 14000 -0.9922761253841399 
m400033 6000 -0.005736128089057057 7000 -0.005736128089057057 14000 -0.9885277438218861 
m400034 6000 -0.008134104338666723 7000 -0.008134104338666723 14000 -0.9837317913226665 
m400035 6000 -0.0005448301970039525 7000 -0.0005448301970039525 14000 -0.9989103396059924 
m400036 6000 -0.00224150659564502 7000 -0.00224150659564502 14000 -0.9955169868087098 
m400037 6000 -0.004062890845823456 7000 -0.004062890845823456 14000 -0.9918742183083533 
m400038 6000 -0.005880402560170656 7000 -0.005880402560170656 14000 -0.9882391948796587 
m400039 6000 -0.00800063359019219 7000 -0.00800063359019219 14000 -0.9839987328196158 
m400040 6000 -0.00048709029412856956 7000 -0.00048709029412856956 14000 -0.9990258194117427 
m400041 6000 -0.002270905589773942 7000 -0.002270905589773942 14000 -0.9954581888204522 
m400042 6000 -0.004147053988182073 7000 -0.004147053988182073 14000 -0.991705892023636 
m400043 6000 -0.0058634130328125 7000 -0.0058634130328125 14000 -0.9882731739343749 
m400044 6000 -0.008339683696292606 7000 -0.008339683696292606 14000 -0.9833206326074146 
m400045 6000 -0.0005645234419975719 7000 -0.0005645234419975719 14000 -0.9988709531160049 
m400046 6000 -0.0020068299615294493 7000 -0.0020068299615294493 14000 -0.995986340076941 
m400047 6000 -0.004158080286943893 7000 -0.004158080286943893 14000 -0.991683839426112 
m400048 6000 -0.006245197867545259 7000 -0.006245197867545259 14000 -0.9875096042649095 
m400049 6000 -0.00805966535966398 7000 -0.00805966535966398 14000 -0.9838806692806724 
m400050 6000 -0.0005671697672753454 7000 -0.0005671697672753454 14000 -0.998865660465449 
m400051 6000 -0.0020650459807244025 7000 -0.0020650459807244025 14000 -0.9958699080385514 
m400052 6000 -0.004403902461035974 7000 -0.004403902461035974 14000 -0.9911921950779282 
m400053 6000 -0.006190904994701101 7000 -0.006190904994701101 14000 -0.9876181900105978 
m400054 6000 -0.008185968790648151 7000 -0.008185968790648151 14000 -0.9836280624187037 
m400055 6000 -0.0005260001087400159 7000 -0.0005260001087400159 14000 -0.9989479997825204 
m400056 6000 -0.0020249015635221686 7000 -0.0020249015635221686 14000 -0.995950196872956 
m400057 6000 -0.0041275609509094854 7000 -0.0041275609509094854 14000 -0.9917448780981808 
m400058 6000 -0.006113673997281445 7000 -0.006113673997281445 14000 -0.9877726520054374 
m400059 6000 -0.008120210334984739 7000 -0.008120210334984739 14000 -0.9837595793300302 
m400060 6000 -0.00046002335513545386 7000 -0.00046002335513545386 14000 -0.9990799532897285 
m400061 6000 -0.0019058932551771855 7000 -0.0019058932551771855 14000 -0.9961882134896453 
m400062 6000 -0.0043437672914489415 7000 -0.0043437672914489415 14000 -0.9913124654171023 
m400063 6000 -0.006264742530273239 7000 -0.006264742530273239 14000 -0.9874705149394534 
m400064 6000 -0.008392653589144605 7000 -0.008392653589144605 14000 -0.9832146928217108 
m400065 6000 -0.0005308854946274516 7000 -0.0005308854946274516 14000 -0.9989382290107451 
m400066 6000 -0.0020853697633684636 7000 -0.0020853697633684636 14000 -0.9958292604732627 
m400067 6000 -0.004184846729879293 7000 -0.004184846729879293 14000 -0.9916303065402413 
m400068 6000 -0.006075120224319974 7000 -0.006075120224319974 14000 -0.9878497595513595 
m400069 6000 -0.007939254492137955 7000 -0.007939254492137955 14000 -0.9841214910157244 
m400070 6000 -0.0006353839271441826 7000 -0.0006353839271441826 14000 -0.9987292321457116 
m400071 6000 -0.0018752206504972313 7000 -0.0018752206504972313 14000 -0.9962495586990054 
m400072 6000 -0.00406774494301333 7000 -0.00406774494301333 14000 -0.9918645101139737 
m400073 6000 -0.0061288329905187745 7000 -0.0061288329905187745 14000 -0.9877423340189625 
m400074 6000 -0.008273415925222034 7000 -0.008273415925222034 14000 -0.9834531681495561 
m400075 6000 -0.0005655659514108686 7000 -0.0005655659514108686 14000 -0.9988688680971785 
m400076 6000 -0.0020608992798439338 7000 -0.0020608992798439338 14000 -0.9958782014403122 
m400077 6000 -0.004222750503395157 7000 -0.004222750503395157 14000 -0.9915544989932095 
m400078 6000 -0.006272240816152193 7000 -0.006272240816152193 14000 -0.9874555183676957 
m400079 6000 -0.008289314586863595 7000 -0.008289314586863595 14000 -0.983421370826273 
m400080 6000 -0.0006481988997519919 7000 -0.0006481988997519919 14000 -0.9987036022004959 
m400081 6000 -0.0018325530271670843 7000 -0.0018325530271670843 14000 -0.996334893945666 
m400082 6000 -0.004187097514837545 7000 -0.004187097514837545 14000 -0.991625804970325 
m400083 6000 -0.006367839198074477 7000 -0.006367839198074477 14000 -0.987264321603851 
m400084 6000 -0.008011255946424004 7000 -0.008011255946424004 14000 -0.9839774881071522 
m400085 6000 -0.00046253430866907057 7000 -0.00046253430866907057 14000 -0.9990749313826618 
m400086 6000 -0.0021037097072863554 7000 -0.0021037097072863554 14000 -0.9957925805854273 
m400087 6000 -0.00429298927177232 7000 -0.00429298927177232 14000 -0.9914140214564553 
m400088 6000 -0.005911216121113183 7000 -0.005911216121113183 14000 -0.9881775677577735 
m400089 6000 -0.00797693671617465 7000 -0.00797693671617465 14000 -0.9840461265676506 
m400090 6000 -0.0005718104905349327 7000 -0.0005718104905349327 14000 -0.9988563790189303 
m400091 6000 -0.0018464514635190294 7000 -0.0018464514635190294 14000 -0.996307097072962 
m400092 6000 -0.004273436365042249 7000 -0.004273436365042249 14000 -0.9914531272699157 
m400093 6000 -0.006092246586374389 7000 -0.006092246586374389 14000 -0.9878155068272512 
m400094 6000 -0.007865930591991676 7000 -0.007865930591991676 14000 -0.984268138816017 
m400095 6000 -0.0005723292433598647 7000 -0.0005723292433598647 14000 -0.9988553415132801 
m400096 6000 -0.0021257555202383997 7000 -0.0021257555202383997 14000 -0.9957484889595233 
m400097 6000 -0.0039390906203273434 7000 -0.0039390906203273434 14000 -0.9921218187593454 
m400098 6000 -0.005982702878576381 7000 -0.005982702878576381 14000 -0.9880345942428471 
m400099 6000 -0.008131163056070138 7000 -0.008131163056070138 14000 -0.9837376738878596 
m400100 6000 -0.00038783523850100156 7000 -0.00038783523850100156 14000 -0.9992243295229981 
m400101 6000 -0.002333708095818293 7000 -0.002333708095818293 14000 -0.9953325838083635 
m400102 6000 -0.004248035167722517 7000 -0.004248035167722517 14000 -0.9915039296645551 
m400103 6000 -0.00584988827057816 7000 -0.00584988827057816 14000 -0.9883002234588435 
m400104 6000 -0.007786745631049629 7000 -0.007786745631049629 14000 -0.9844265087379008 
m400105 6000 -0.000513735930251306 7000 -0.000513735930251306 14000 -0.9989725281394972 
m400106 6000 -0.0022710271285950384 7000 -0.0022710271285950384 14000 -0.9954579457428099 
m400107 6000 -0.003811019678150171 7000 -0.003811019678150171 14000 -0.9923779606436999 
m400108 6000 -0.006196203505950186 7000 -0.006196203505950186 14000 -0.9876075929880996 
m400109 6000 -0.008183282599794714 7000 -0.008183282599794714 14000 -0.9836334348004105 
m400110 6000 -0.0007131043056565547 7000 -0.0007131043056565547 14000 -0.9985737913886871 
m400111 6000 -0.002024425831984544 7000 -0.002024425831984544 14000 -0.9959511483360314 
m400112 6000 -0.004225262214670247 7000 -0.004225262214670247 14000 -0.9915494755706598 
m400113 6000 -0.00620843975445683 7000 -0.00620843975445683 14000 -0.9875831204910862 
m400114 6000 -0.007840446537518449 7000 -0.007840446537518449 14000 -0.9843191069249632 
m400115 6000 -0.0006575955720111478 7000 -0.0006575955720111478 14000 -0.9986848088559778 
m400116 6000 -0.002467534141359582 7000 -0.002467534141359582 14000 -0.9950649317172805 
m400117 6000 -0.00399410957612478 7000 -0.00399410957612478 14000 -0.9920117808477502 
m400118 6000 -0.006000175700193488 7000 -0.006000175700193488 14000 -0.9879996485996128 
m400119 6000 -0.008009374810787208 7000 -0.008009374810787208 14000 -0.9839812503784253 
m400120 6000 -0.0006816767326130184 7000 -0.0006816767326130184 14000 -0.9986366465347736 
m400121 6000 -0.0021250406547953966 7000 -0.0021250406547953966 14000 -0.9957499186904092 
m400122 6000 -0.004471215036571384 7000 -0.004471215036571384 14000 -0.991057569926857 
m400123 6000 -0.005986015237144259 7000 -0.005986015237144259 14000 -0.9880279695257115 
m400124 6000 -0.008081469378115299 7000 -0.008081469378115299 14000 -0.9838370612437696 
c **********************************
c PE+Pb, dens=4.78 g/cm3
m2      6000    -0.04286 $Carbon
        1001    -0.00714 $Hydrogen
        82000   -0.95000 $Lead
c **********************************
m3    1001 -0.048535 $Boric acid
      5010 -0.034981
      5011 -0.139923
      8016 -0.776561
c **********************************
m4    82000 1 $Lead
c **********************************
m5 26000 1 $Iron
c **********************************
m6     13027   -1.000 $ Aluminum
c **********************************
c  SS-304 (8.00 g/cm3), #298 in PNNL Compendium
m7   006000.50c -0.0004000
     014000.60c -0.0050000
     015031.50c -0.0002300
     016000.60c -0.0001500
     024000.50c -0.1899981
     025055.60c -0.0099999
     026000.50c -0.7017229
     028000.50c -0.0924991
c ****************************************
c       LaBr detector
c ****************************************
m8       35079    -0.2946       $ Br79
         35081    -0.3069       $ Br81
         57139    -0.3485       $ La139
         58140    -0.0500       $ Ce140
c ************ air den=1.15e-3g/cc
m12     8016 -0.23
        7014 -0.77
c ************ Rubber Natural den=0.92 g/cc
m13     1001 -0.118371  $weight fraction
        6000 -0.881629
c
c end material cards
c
rand seed=8674536546524321 $different initial random #; seed# - any less 18 digits
c
c ********** begin tallies *********************
fc78 *********Broadened Pulse Height Tally Sum of Detectors 1,2 & 3 ***********
e78 0 1e-5 932i 8.4295
F78:p (101)
FT78 GEB -0.026198 0.059551 -0.037176
fc18 *********Unbroadened Pulse Height Tally Sum of Detectors 1,2 & 3 ***********
e18 0 1e-5 932i 8.4295
F18:p (101)
c ***********************************
c mplot tal 78 freq 10000
nps 1e9
