c CAS DETECTOR
c w/ Shielding in Place and Wheels
c
c CELL CARDS
c
c @@@@@@@@@@ Detectors @@@@@@@@@@@@@@@@@
c
101 8 -5.08 -21 imp:n,p 1 $LaBr Detector #1 Active Region
c
c @@@@@@@@@ Shielding @@@@@@@@@@@@@@@@@
c
121 2 -4.78 -31 imp:n,p 1 $PE_Pb
122 4 -11.29 -32 imp:n,p 1 $Pb1
123 4 -11.29 -33 imp:n,p 1 $Pb2
124 4 -11.29 -34 imp:n,p 1 $Pb3
125 4 -11.29 -35 imp:n,p 1 $Pb4
126 4 -11.29 -36 imp:n,p 1 $Pb5
127 4 -11.29 -37 imp:n,p 1 $Pb6
128 3 -1.5 -38 imp:n,p 1 $BA1
129 3 -1.5 -39 imp:n,p 1 $BA2
130 6 -2.7 -40 imp:n,p 1 $Al
131 7 -7.92 301 -302 303 -304 imp:n,p 1 $Fe-tube
132 5 -7.8 -401 imp:n,p 1 $Fe
133 5 -7.8 -402 imp:n,p 1 $Fe
c @@@@@@@@@@ Wheels @@@@@@@@@@@@@@@@@
c
21 13 -0.92 -41 42 imp:n,p 1 $Wheel 1
211 13 -0.92 -421 422 imp:n,p 1 $Wheel 1
212 13 -0.92 -423 424 imp:n,p 1 $Wheel 1
22 13 -0.92 -43 44 imp:n,p 1 $Wheel 2
221 13 -0.92 -441 442 imp:n,p 1 $Wheel 2
222 13 -0.92 -443 444 imp:n,p 1 $Wheel 2
23 13 -0.92 -45 46 imp:n,p 1 $Wheel 3
231 13 -0.92 -461 462 imp:n,p 1 $Wheel 3
232 13 -0.92 -463 464 imp:n,p 1 $Wheel 3
24 13 -0.92 -47 48 imp:n,p 1 $Wheel 4
241 13 -0.92 -481 482 imp:n,p 1 $Wheel 4
242 13 -0.92 -483 484 imp:n,p 1 $Wheel 4
c
c @@@@@@@@@@ SOIL VOLUME @@@@@@@@@@@
c
300000 400000 -2.156 20010 -20011 20020 -20021 20030 -20031 imp:n,p 1
300001 400001 -2.156 20010 -20011 20020 -20021 20031 -20032 imp:n,p 1
300002 400002 -2.156 20010 -20011 20020 -20021 20032 -20033 imp:n,p 1
300003 400003 -2.156 20010 -20011 20020 -20021 20033 -20034 imp:n,p 1
300004 400004 -2.156 20010 -20011 20020 -20021 20034 -20035 imp:n,p 1
300005 400005 -2.156 20011 -20012 20020 -20021 20030 -20031 imp:n,p 1
300006 400006 -2.156 20011 -20012 20020 -20021 20031 -20032 imp:n,p 1
300007 400007 -2.156 20011 -20012 20020 -20021 20032 -20033 imp:n,p 1
300008 400008 -2.156 20011 -20012 20020 -20021 20033 -20034 imp:n,p 1
300009 400009 -2.156 20011 -20012 20020 -20021 20034 -20035 imp:n,p 1
300010 400010 -2.156 20012 -20013 20020 -20021 20030 -20031 imp:n,p 1
300011 400011 -2.156 20012 -20013 20020 -20021 20031 -20032 imp:n,p 1
300012 400012 -2.156 20012 -20013 20020 -20021 20032 -20033 imp:n,p 1
300013 400013 -2.156 20012 -20013 20020 -20021 20033 -20034 imp:n,p 1
300014 400014 -2.156 20012 -20013 20020 -20021 20034 -20035 imp:n,p 1
300015 400015 -2.156 20013 -20014 20020 -20021 20030 -20031 imp:n,p 1
300016 400016 -2.156 20013 -20014 20020 -20021 20031 -20032 imp:n,p 1
300017 400017 -2.156 20013 -20014 20020 -20021 20032 -20033 imp:n,p 1
300018 400018 -2.156 20013 -20014 20020 -20021 20033 -20034 imp:n,p 1
300019 400019 -2.156 20013 -20014 20020 -20021 20034 -20035 imp:n,p 1
300020 400020 -2.156 20014 -20015 20020 -20021 20030 -20031 imp:n,p 1
300021 400021 -2.156 20014 -20015 20020 -20021 20031 -20032 imp:n,p 1
300022 400022 -2.156 20014 -20015 20020 -20021 20032 -20033 imp:n,p 1
300023 400023 -2.156 20014 -20015 20020 -20021 20033 -20034 imp:n,p 1
300024 400024 -2.156 20014 -20015 20020 -20021 20034 -20035 imp:n,p 1
300025 400025 -2.156 20010 -20011 20021 -20022 20030 -20031 imp:n,p 1
300026 400026 -2.156 20010 -20011 20021 -20022 20031 -20032 imp:n,p 1
300027 400027 -2.156 20010 -20011 20021 -20022 20032 -20033 imp:n,p 1
300028 400028 -2.156 20010 -20011 20021 -20022 20033 -20034 imp:n,p 1
300029 400029 -2.156 20010 -20011 20021 -20022 20034 -20035 imp:n,p 1
300030 400030 -2.156 20011 -20012 20021 -20022 20030 -20031 imp:n,p 1
300031 400031 -2.156 20011 -20012 20021 -20022 20031 -20032 imp:n,p 1
300032 400032 -2.156 20011 -20012 20021 -20022 20032 -20033 imp:n,p 1
300033 400033 -2.156 20011 -20012 20021 -20022 20033 -20034 imp:n,p 1
300034 400034 -2.156 20011 -20012 20021 -20022 20034 -20035 imp:n,p 1
300035 400035 -2.156 20012 -20013 20021 -20022 20030 -20031 imp:n,p 1
300036 400036 -2.156 20012 -20013 20021 -20022 20031 -20032 imp:n,p 1
300037 400037 -2.156 20012 -20013 20021 -20022 20032 -20033 imp:n,p 1
300038 400038 -2.156 20012 -20013 20021 -20022 20033 -20034 imp:n,p 1
300039 400039 -2.156 20012 -20013 20021 -20022 20034 -20035 imp:n,p 1
300040 400040 -2.156 20013 -20014 20021 -20022 20030 -20031 imp:n,p 1
300041 400041 -2.156 20013 -20014 20021 -20022 20031 -20032 imp:n,p 1
300042 400042 -2.156 20013 -20014 20021 -20022 20032 -20033 imp:n,p 1
300043 400043 -2.156 20013 -20014 20021 -20022 20033 -20034 imp:n,p 1
300044 400044 -2.156 20013 -20014 20021 -20022 20034 -20035 imp:n,p 1
300045 400045 -2.156 20014 -20015 20021 -20022 20030 -20031 imp:n,p 1
300046 400046 -2.156 20014 -20015 20021 -20022 20031 -20032 imp:n,p 1
300047 400047 -2.156 20014 -20015 20021 -20022 20032 -20033 imp:n,p 1
300048 400048 -2.156 20014 -20015 20021 -20022 20033 -20034 imp:n,p 1
300049 400049 -2.156 20014 -20015 20021 -20022 20034 -20035 imp:n,p 1
300050 400050 -2.156 20010 -20011 20022 -20023 20030 -20031 imp:n,p 1
300051 400051 -2.156 20010 -20011 20022 -20023 20031 -20032 imp:n,p 1
300052 400052 -2.156 20010 -20011 20022 -20023 20032 -20033 imp:n,p 1
300053 400053 -2.156 20010 -20011 20022 -20023 20033 -20034 imp:n,p 1
300054 400054 -2.156 20010 -20011 20022 -20023 20034 -20035 imp:n,p 1
300055 400055 -2.156 20011 -20012 20022 -20023 20030 -20031 imp:n,p 1
300056 400056 -2.156 20011 -20012 20022 -20023 20031 -20032 imp:n,p 1
300057 400057 -2.156 20011 -20012 20022 -20023 20032 -20033 imp:n,p 1
300058 400058 -2.156 20011 -20012 20022 -20023 20033 -20034 imp:n,p 1
300059 400059 -2.156 20011 -20012 20022 -20023 20034 -20035 imp:n,p 1
300060 400060 -2.156 20012 -20013 20022 -20023 20030 -20031 imp:n,p 1
300061 400061 -2.156 20012 -20013 20022 -20023 20031 -20032 imp:n,p 1
300062 400062 -2.156 20012 -20013 20022 -20023 20032 -20033 imp:n,p 1
300063 400063 -2.156 20012 -20013 20022 -20023 20033 -20034 imp:n,p 1
300064 400064 -2.156 20012 -20013 20022 -20023 20034 -20035 imp:n,p 1
300065 400065 -2.156 20013 -20014 20022 -20023 20030 -20031 imp:n,p 1
300066 400066 -2.156 20013 -20014 20022 -20023 20031 -20032 imp:n,p 1
300067 400067 -2.156 20013 -20014 20022 -20023 20032 -20033 imp:n,p 1
300068 400068 -2.156 20013 -20014 20022 -20023 20033 -20034 imp:n,p 1
300069 400069 -2.156 20013 -20014 20022 -20023 20034 -20035 imp:n,p 1
300070 400070 -2.156 20014 -20015 20022 -20023 20030 -20031 imp:n,p 1
300071 400071 -2.156 20014 -20015 20022 -20023 20031 -20032 imp:n,p 1
300072 400072 -2.156 20014 -20015 20022 -20023 20032 -20033 imp:n,p 1
300073 400073 -2.156 20014 -20015 20022 -20023 20033 -20034 imp:n,p 1
300074 400074 -2.156 20014 -20015 20022 -20023 20034 -20035 imp:n,p 1
300075 400075 -2.156 20010 -20011 20023 -20024 20030 -20031 imp:n,p 1
300076 400076 -2.156 20010 -20011 20023 -20024 20031 -20032 imp:n,p 1
300077 400077 -2.156 20010 -20011 20023 -20024 20032 -20033 imp:n,p 1
300078 400078 -2.156 20010 -20011 20023 -20024 20033 -20034 imp:n,p 1
300079 400079 -2.156 20010 -20011 20023 -20024 20034 -20035 imp:n,p 1
300080 400080 -2.156 20011 -20012 20023 -20024 20030 -20031 imp:n,p 1
300081 400081 -2.156 20011 -20012 20023 -20024 20031 -20032 imp:n,p 1
300082 400082 -2.156 20011 -20012 20023 -20024 20032 -20033 imp:n,p 1
300083 400083 -2.156 20011 -20012 20023 -20024 20033 -20034 imp:n,p 1
300084 400084 -2.156 20011 -20012 20023 -20024 20034 -20035 imp:n,p 1
300085 400085 -2.156 20012 -20013 20023 -20024 20030 -20031 imp:n,p 1
300086 400086 -2.156 20012 -20013 20023 -20024 20031 -20032 imp:n,p 1
300087 400087 -2.156 20012 -20013 20023 -20024 20032 -20033 imp:n,p 1
300088 400088 -2.156 20012 -20013 20023 -20024 20033 -20034 imp:n,p 1
300089 400089 -2.156 20012 -20013 20023 -20024 20034 -20035 imp:n,p 1
300090 400090 -2.156 20013 -20014 20023 -20024 20030 -20031 imp:n,p 1
300091 400091 -2.156 20013 -20014 20023 -20024 20031 -20032 imp:n,p 1
300092 400092 -2.156 20013 -20014 20023 -20024 20032 -20033 imp:n,p 1
300093 400093 -2.156 20013 -20014 20023 -20024 20033 -20034 imp:n,p 1
300094 400094 -2.156 20013 -20014 20023 -20024 20034 -20035 imp:n,p 1
300095 400095 -2.156 20014 -20015 20023 -20024 20030 -20031 imp:n,p 1
300096 400096 -2.156 20014 -20015 20023 -20024 20031 -20032 imp:n,p 1
300097 400097 -2.156 20014 -20015 20023 -20024 20032 -20033 imp:n,p 1
300098 400098 -2.156 20014 -20015 20023 -20024 20033 -20034 imp:n,p 1
300099 400099 -2.156 20014 -20015 20023 -20024 20034 -20035 imp:n,p 1
300100 400100 -2.156 20010 -20011 20024 -20025 20030 -20031 imp:n,p 1
300101 400101 -2.156 20010 -20011 20024 -20025 20031 -20032 imp:n,p 1
300102 400102 -2.156 20010 -20011 20024 -20025 20032 -20033 imp:n,p 1
300103 400103 -2.156 20010 -20011 20024 -20025 20033 -20034 imp:n,p 1
300104 400104 -2.156 20010 -20011 20024 -20025 20034 -20035 imp:n,p 1
300105 400105 -2.156 20011 -20012 20024 -20025 20030 -20031 imp:n,p 1
300106 400106 -2.156 20011 -20012 20024 -20025 20031 -20032 imp:n,p 1
300107 400107 -2.156 20011 -20012 20024 -20025 20032 -20033 imp:n,p 1
300108 400108 -2.156 20011 -20012 20024 -20025 20033 -20034 imp:n,p 1
300109 400109 -2.156 20011 -20012 20024 -20025 20034 -20035 imp:n,p 1
300110 400110 -2.156 20012 -20013 20024 -20025 20030 -20031 imp:n,p 1
300111 400111 -2.156 20012 -20013 20024 -20025 20031 -20032 imp:n,p 1
300112 400112 -2.156 20012 -20013 20024 -20025 20032 -20033 imp:n,p 1
300113 400113 -2.156 20012 -20013 20024 -20025 20033 -20034 imp:n,p 1
300114 400114 -2.156 20012 -20013 20024 -20025 20034 -20035 imp:n,p 1
300115 400115 -2.156 20013 -20014 20024 -20025 20030 -20031 imp:n,p 1
300116 400116 -2.156 20013 -20014 20024 -20025 20031 -20032 imp:n,p 1
300117 400117 -2.156 20013 -20014 20024 -20025 20032 -20033 imp:n,p 1
300118 400118 -2.156 20013 -20014 20024 -20025 20033 -20034 imp:n,p 1
300119 400119 -2.156 20013 -20014 20024 -20025 20034 -20035 imp:n,p 1
300120 400120 -2.156 20014 -20015 20024 -20025 20030 -20031 imp:n,p 1
300121 400121 -2.156 20014 -20015 20024 -20025 20031 -20032 imp:n,p 1
300122 400122 -2.156 20014 -20015 20024 -20025 20032 -20033 imp:n,p 1
300123 400123 -2.156 20014 -20015 20024 -20025 20033 -20034 imp:n,p 1
300124 400124 -2.156 20014 -20015 20024 -20025 20034 -20035 imp:n,p 1
c
30 12 -0.00129 -200 #101 #121 #122 #123 #124 #125 #126 #127 #128 #129 #130 #131 #132 #133
        #21 #211 #212 #22 #221 #222 #23 #231 #232 #24 #241 #242 #20 imp:n,p 1 $Rest of the World
31 0 200 imp:n,p 0 $Outside world

c SURFACE CARDS
c
c Sample Volume
20010 px -56.0
20011 px -33.600000000000364
20012 px -11.200000000000728
20013 px 11.200000000000728
20014 px 33.600000000000364
20015 px 56.0
20020 py -45.0
20021 py -27.0
20022 py -9.0
20023 py 9.0
20024 py 27.0
20025 py 45.0
20030 pz 92.0
20031 pz 82.0
20032 pz 72.0
20033 pz 62.0
20034 pz 52.0
20035 pz 42.0
c Active Detector Region
21 rcc 56  -5.0 -1.0   0.0 20.3 0.0   4.5 $Detector 1 Base center, Hx,Hy,Hz, radius
c Shielding Surfaces
c Shielding Pb
31 rpp 19 29 -7.5 7.5 -11 9 $PbPE xmin xmax ymin ymax zmin zmax
32 rpp 9 19 4 9 -11 9 $Pb xmin xmax ymin ymax zmin zmax
33 rpp 9 19 -9 -4 -11 9 $Pb xmin xmax ymin ymax zmin zmax
34 rpp 19 29 7.5 12.5 -11 9 $Pb xmin xmax ymin ymax zmin zmax
35 rpp 19 29 -12.5 -7.5 -11 9 $Pb xmin xmax ymin ymax zmin zmax
36 rpp 29 34 -15 15 -11 9 $Pb xmin xmax ymin ymax zmin zmax
37 rpp 9 19 -4 4 4 9 $Pb xmin xmax ymin ymax zmin zmax
38 rpp -26 26 18 28 -11 9 $BA1 xmin xmax ymin ymax zmin zmax
39 rpp -26 26 -28 -18 -11 9 $BA2 xmin xmax ymin ymax zmin zmax
40 rpp -65 65 -28 28 10 10.5 $Al xmin xmax ymin ymax zmin zmax
401 rpp -27 27 29 34 -11 9 $Fe xmin xmax ymin ymax zmin zmax
402 rpp -27 27 -34 -29 -11 9 $Fe xmin xmax ymin ymax zmin zmax
301 px -20
302 px 18
303 cx 3.71
304 cx 3.81
c Wheels Surfaces
c 23/10.5-12 turf tires, 22.6 lb rubber
c diameter 29cm, tread width 25cm, and sidewall height 13.76 cm
c set thickness of all sides 1.3 cm (s.t. weight is 22.6 lb)
41 rcc -2 77 8   0.0 25 0.0 29 $wheel 1 outer tread surface
42 rcc -2 77 8   0.0 25 0.0 27.7 $wheel 1 inner tread surface
421 rcc -2 75.7 8   0.0 1.3 0.0 29 $wheel 1 outside sidewall exterior
422 rcc -2 75.7 8   0.0 1.3 0.0 15.24 $wheel 1 outside sidewall interior
423 rcc -2 102 8   0.0 1.3 0.0 29 $wheel 1 inside sidewall exterior
424 rcc -2 102 8   0.0 1.3 0.0 15.24 $wheel 1 inside sidewall interior
43 rcc 68 77 8   0.0 25 0.0 29 $wheel 2
44 rcc 68 77 8   0.0 25 0.0 27.7
441 rcc 68 75.7 8   0.0 1.3 0.0 29
442 rcc 68 75.7 8   0.0 1.3 0.0 15.24
443 rcc 68 102 8   0.0 1.3 0.0 29
444 rcc 68 102 8   0.0 1.3 0.0 15.24
45 rcc -2 -77 8   0.0 -25 0.0 29 $wheel 3
46 rcc -2 -77 8   0.0 -25 0.0 27.7
461 rcc -2 -75.7 8   0.0 -1.3 0.0 29
462 rcc -2 -75.7 8   0.0 -1.3 0.0 15.24
463 rcc -2 -102 8   0.0 -1.3 0.0 29
464 rcc -2 -102 8   0.0 -1.3 0.0 15.24
47 rcc 68 -77 8   0.0 -25 0.0 29 $wheel 4
48 rcc 68 -77 8   0.0 -25 0.0 27.7
481 rcc 68 -75.7 8   0.0 -1.3 0.0 29
482 rcc 68 -75.7 8   0.0 -1.3 0.0 15.24
483 rcc 68 -102 8   0.0 -1.3 0.0 29
484 rcc 68 -102 8   0.0 -1.3 0.0 15.24
200 so 800    $sphere of 800cm centered at origin
c

c DATA CARDS
mode n p
c dump every hr
prdmp -60 -60 -1
c 100 keV Neutron Energy Cutoff
Cut:n 1j 0.1
c analog neutron transport
phys:n 1j 14
phys:p
sdef pos=0 0 0 erg=14.0 vec= 0 0 1 dir=d1
si1  -1 .93 1
sp1   0  0.0  1.0
c ********************
c begin material cards
c ********************
c Pure Carbon
c ****************************************
m400000 6000 -0.000536368997042458 7000 -0.000536368997042458 14000 -0.998927262005915 
m400001 6000 -0.002228705707992369 7000 -0.002228705707992369 14000 -0.9955425885840156 
m400002 6000 -0.004230892801889232 7000 -0.004230892801889232 14000 -0.9915382143962216 
m400003 6000 -0.006020041536152796 7000 -0.006020041536152796 14000 -0.9879599169276944 
m400004 6000 -0.008314860150881157 7000 -0.008314860150881157 14000 -0.983370279698238 
m400005 6000 -0.0006049580376962878 7000 -0.0006049580376962878 14000 -0.9987900839246074 
m400006 6000 -0.0018968257615278555 7000 -0.0018968257615278555 14000 -0.996206348476944 
m400007 6000 -0.004232411767479719 7000 -0.004232411767479719 14000 -0.9915351764650407 
m400008 6000 -0.006160222424593282 7000 -0.006160222424593282 14000 -0.9876795551508134 
m400009 6000 -0.008064905849659769 7000 -0.008064905849659769 14000 -0.9838701883006807 
m400010 6000 -0.0004892988226647147 7000 -0.0004892988226647147 14000 -0.9990214023546704 
m400011 6000 -0.0019980382681849315 7000 -0.0019980382681849315 14000 -0.9960039234636298 
m400012 6000 -0.004349283729690022 7000 -0.004349283729690022 14000 -0.9913014325406202 
m400013 6000 -0.006217126175995857 7000 -0.006217126175995857 14000 -0.9875657476480084 
m400014 6000 -0.008109431243409918 7000 -0.008109431243409918 14000 -0.9837811375131801 
m400015 6000 -0.0005163686708588252 7000 -0.0005163686708588252 14000 -0.9989672626582821 
m400016 6000 -0.002219707410931516 7000 -0.002219707410931516 14000 -0.9955605851781368 
m400017 6000 -0.004109690966592079 7000 -0.004109690966592079 14000 -0.9917806180668158 
m400018 6000 -0.006265357252192412 7000 -0.006265357252192412 14000 -0.9874692854956146 
m400019 6000 -0.007637319080506197 7000 -0.007637319080506197 14000 -0.9847253618389875 
m400020 6000 -0.0005999375047494718 7000 -0.0005999375047494718 14000 -0.998800124990501 
m400021 6000 -0.002410124313903878 7000 -0.002410124313903878 14000 -0.9951797513721921 
m400022 6000 -0.00413538068072039 7000 -0.00413538068072039 14000 -0.9917292386385594 
m400023 6000 -0.006156857088004896 7000 -0.006156857088004896 14000 -0.9876862858239903 
m400024 6000 -0.008391974035966355 7000 -0.008391974035966355 14000 -0.9832160519280674 
m400025 6000 -0.0006822422908439228 7000 -0.0006822422908439228 14000 -0.9986355154183122 
m400026 6000 -0.0022078751555890193 7000 -0.0022078751555890193 14000 -0.9955842496888221 
m400027 6000 -0.004031218520759726 7000 -0.004031218520759726 14000 -0.9919375629584806 
m400028 6000 -0.006235050394467125 7000 -0.006235050394467125 14000 -0.9875298992110656 
m400029 6000 -0.008173852798769848 7000 -0.008173852798769848 14000 -0.9836522944024604 
m400030 6000 -0.0004920909285172181 7000 -0.0004920909285172181 14000 -0.9990158181429655 
m400031 6000 -0.0021355440688999245 7000 -0.0021355440688999245 14000 -0.9957289118622 
m400032 6000 -0.0043626131042807225 7000 -0.0043626131042807225 14000 -0.9912747737914386 
m400033 6000 -0.006232250002576589 7000 -0.006232250002576589 14000 -0.9875354999948466 
m400034 6000 -0.00829088101246701 7000 -0.00829088101246701 14000 -0.9834182379750658 
m400035 6000 -0.0005588171047316676 7000 -0.0005588171047316676 14000 -0.9988823657905364 
m400036 6000 -0.002274096978467774 7000 -0.002274096978467774 14000 -0.9954518060430649 
m400037 6000 -0.004336023925525965 7000 -0.004336023925525965 14000 -0.9913279521489484 
m400038 6000 -0.005737343215885057 7000 -0.005737343215885057 14000 -0.9885253135682298 
m400039 6000 -0.007946315304066639 7000 -0.007946315304066639 14000 -0.9841073693918667 
m400040 6000 -0.0007746093157640817 7000 -0.0007746093157640817 14000 -0.9984507813684719 
m400041 6000 -0.0023807465000095468 7000 -0.0023807465000095468 14000 -0.9952385069999805 
m400042 6000 -0.004234820125469022 7000 -0.004234820125469022 14000 -0.9915303597490621 
m400043 6000 -0.006172690375137477 7000 -0.006172690375137477 14000 -0.987654619249725 
m400044 6000 -0.008230726738766693 7000 -0.008230726738766693 14000 -0.9835385465224669 
m400045 6000 -0.0007447604449462089 7000 -0.0007447604449462089 14000 -0.9985104791101075 
m400046 6000 -0.002034366007684428 7000 -0.002034366007684428 14000 -0.9959312679846313 
m400047 6000 -0.0040207868926336356 7000 -0.0040207868926336356 14000 -0.9919584262147327 
m400048 6000 -0.006290343255231749 7000 -0.006290343255231749 14000 -0.9874193134895367 
m400049 6000 -0.007966442349748314 7000 -0.007966442349748314 14000 -0.9840671153005036 
m400050 6000 -0.000587488041402006 7000 -0.000587488041402006 14000 -0.9988250239171961 
m400051 6000 -0.002086075713604826 7000 -0.002086075713604826 14000 -0.9958278485727905 
m400052 6000 -0.004108200350730345 7000 -0.004108200350730345 14000 -0.9917835992985394 
m400053 6000 -0.006106495988727713 7000 -0.006106495988727713 14000 -0.9877870080225448 
m400054 6000 -0.008241814812380947 7000 -0.008241814812380947 14000 -0.9835163703752383 
m400055 6000 -0.0004402241653389872 7000 -0.0004402241653389872 14000 -0.999119551669322 
m400056 6000 -0.002267187230035944 7000 -0.002267187230035944 14000 -0.995465625539928 
m400057 6000 -0.004216849563755789 7000 -0.004216849563755789 14000 -0.9915663008724884 
m400058 6000 -0.006265596614702507 7000 -0.006265596614702507 14000 -0.9874688067705948 
m400059 6000 -0.008226854410415872 7000 -0.008226854410415872 14000 -0.983546291179168 
m400060 6000 -0.0005711213778436956 7000 -0.0005711213778436956 14000 -0.9988577572443127 
m400061 6000 -0.0022693288542537673 7000 -0.0022693288542537673 14000 -0.9954613422914924 
m400062 6000 -0.004217872863168868 7000 -0.004217872863168868 14000 -0.9915642542736623 
m400063 6000 -0.006200353486411062 7000 -0.006200353486411062 14000 -0.9875992930271774 
m400064 6000 -0.008013445221083066 7000 -0.008013445221083066 14000 -0.983973109557834 
m400065 6000 -0.0006291312127577164 7000 -0.0006291312127577164 14000 -0.9987417375744845 
m400066 6000 -0.002055685006636565 7000 -0.002055685006636565 14000 -0.9958886299867268 
m400067 6000 -0.003929525609889371 7000 -0.003929525609889371 14000 -0.9921409487802212 
m400068 6000 -0.005894927457752266 7000 -0.005894927457752266 14000 -0.9882101450844953 
m400069 6000 -0.008161357057766902 7000 -0.008161357057766902 14000 -0.9836772858844663 
m400070 6000 -0.0005908635538917971 7000 -0.0005908635538917971 14000 -0.9988182728922164 
m400071 6000 -0.0020746772912299777 7000 -0.0020746772912299777 14000 -0.9958506454175401 
m400072 6000 -0.004270303624071249 7000 -0.004270303624071249 14000 -0.9914593927518573 
m400073 6000 -0.005995500190435464 7000 -0.005995500190435464 14000 -0.9880089996191286 
m400074 6000 -0.008051286674308098 7000 -0.008051286674308098 14000 -0.9838974266513835 
m400075 6000 -0.0006470789440343635 7000 -0.0006470789440343635 14000 -0.9987058421119314 
m400076 6000 -0.00226326953719695 7000 -0.00226326953719695 14000 -0.9954734609256058 
m400077 6000 -0.004377158559216127 7000 -0.004377158559216127 14000 -0.9912456828815679 
m400078 6000 -0.006193728214739011 7000 -0.006193728214739011 14000 -0.987612543570522 
m400079 6000 -0.008077970010940431 7000 -0.008077970010940431 14000 -0.9838440599781191 
m400080 6000 -0.0007523491064507138 7000 -0.0007523491064507138 14000 -0.9984953017870984 
m400081 6000 -0.002145599249430218 7000 -0.002145599249430218 14000 -0.9957088015011396 
m400082 6000 -0.0042621636485397855 7000 -0.0042621636485397855 14000 -0.9914756727029206 
m400083 6000 -0.00589486036575568 7000 -0.00589486036575568 14000 -0.9882102792684884 
m400084 6000 -0.007665576250410624 7000 -0.007665576250410624 14000 -0.9846688474991787 
m400085 6000 -0.0005547977044805772 7000 -0.0005547977044805772 14000 -0.9988904045910388 
m400086 6000 -0.002089292740439195 7000 -0.002089292740439195 14000 -0.9958214145191215 
m400087 6000 -0.00435783351024915 7000 -0.00435783351024915 14000 -0.9912843329795019 
m400088 6000 -0.00613787305809244 7000 -0.00613787305809244 14000 -0.9877242538838154 
m400089 6000 -0.008181716355897919 7000 -0.008181716355897919 14000 -0.9836365672882041 
m400090 6000 -0.0006907678220906423 7000 -0.0006907678220906423 14000 -0.9986184643558187 
m400091 6000 -0.00206315077818685 7000 -0.00206315077818685 14000 -0.9958736984436263 
m400092 6000 -0.004250981609077391 7000 -0.004250981609077391 14000 -0.9914980367818448 
m400093 6000 -0.006203792970932464 7000 -0.006203792970932464 14000 -0.9875924140581354 
m400094 6000 -0.008134885093917119 7000 -0.008134885093917119 14000 -0.9837302298121656 
m400095 6000 -0.000661478423334085 7000 -0.000661478423334085 14000 -0.9986770431533317 
m400096 6000 -0.0023389494700811132 7000 -0.0023389494700811132 14000 -0.9953221010598375 
m400097 6000 -0.004397802068154335 7000 -0.004397802068154335 14000 -0.9912043958636916 
m400098 6000 -0.006106077283783525 7000 -0.006106077283783525 14000 -0.9877878454324331 
m400099 6000 -0.008192318378964242 7000 -0.008192318378964242 14000 -0.9836153632420712 
m400100 6000 -0.0006296837197630788 7000 -0.0006296837197630788 14000 -0.998740632560474 
m400101 6000 -0.001765334117803543 7000 -0.001765334117803543 14000 -0.9964693317643927 
m400102 6000 -0.004028509329760285 7000 -0.004028509329760285 14000 -0.9919429813404794 
m400103 6000 -0.0062876955644105585 7000 -0.0062876955644105585 14000 -0.987424608871179 
m400104 6000 -0.008338188857514075 7000 -0.008338188857514075 14000 -0.9833236222849717 
m400105 6000 -0.0005607916512476224 7000 -0.0005607916512476224 14000 -0.9988784166975049 
m400106 6000 -0.002042694936065464 7000 -0.002042694936065464 14000 -0.9959146101278694 
m400107 6000 -0.003881047350502403 7000 -0.003881047350502403 14000 -0.9922379052989951 
m400108 6000 -0.00586077649450217 7000 -0.00586077649450217 14000 -0.9882784470109955 
m400109 6000 -0.007685809173221457 7000 -0.007685809173221457 14000 -0.984628381653557 
m400110 6000 -0.0007757706759961877 7000 -0.0007757706759961877 14000 -0.9984484586480076 
m400111 6000 -0.0023521873865137914 7000 -0.0023521873865137914 14000 -0.9952956252269725 
m400112 6000 -0.0041669423797299834 7000 -0.0041669423797299834 14000 -0.99166611524054 
m400113 6000 -0.0065391168486354165 7000 -0.0065391168486354165 14000 -0.9869217663027292 
m400114 6000 -0.008170031918456756 7000 -0.008170031918456756 14000 -0.9836599361630866 
m400115 6000 -0.0004935204384731057 7000 -0.0004935204384731057 14000 -0.9990129591230535 
m400116 6000 -0.0023909252607498908 7000 -0.0023909252607498908 14000 -0.9952181494785001 
m400117 6000 -0.003981590705244289 7000 -0.003981590705244289 14000 -0.992036818589511 
m400118 6000 -0.0060335229558260775 7000 -0.0060335229558260775 14000 -0.9879329540883477 
m400119 6000 -0.00814432792098521 7000 -0.00814432792098521 14000 -0.9837113441580294 
m400120 6000 -0.0005579692758471643 7000 -0.0005579692758471643 14000 -0.9988840614483057 
m400121 6000 -0.0025192986840170887 7000 -0.0025192986840170887 14000 -0.9949614026319656 
m400122 6000 -0.004572704202216542 7000 -0.004572704202216542 14000 -0.9908545915955668 
m400123 6000 -0.006115838969546308 7000 -0.006115838969546308 14000 -0.9877683220609075 
m400124 6000 -0.008054342584811042 7000 -0.008054342584811042 14000 -0.9838913148303781 
c **********************************
c PE+Pb, dens=4.78 g/cm3
m2      6000    -0.04286 $Carbon
        1001    -0.00714 $Hydrogen
        82000   -0.95000 $Lead
c **********************************
m3    1001 -0.048535 $Boric acid
      5010 -0.034981
      5011 -0.139923
      8016 -0.776561
c **********************************
m4    82000 1 $Lead
c **********************************
m5 26000 1 $Iron
c **********************************
m6     13027   -1.000 $ Aluminum
c **********************************
c  SS-304 (8.00 g/cm3), #298 in PNNL Compendium
m7   006000.50c -0.0004000
     014000.60c -0.0050000
     015031.50c -0.0002300
     016000.60c -0.0001500
     024000.50c -0.1899981
     025055.60c -0.0099999
     026000.50c -0.7017229
     028000.50c -0.0924991
c ****************************************
c       LaBr detector
c ****************************************
m8       35079    -0.2946       $ Br79
         35081    -0.3069       $ Br81
         57139    -0.3485       $ La139
         58140    -0.0500       $ Ce140
c ************ air den=1.15e-3g/cc
m12     8016 -0.23
        7014 -0.77
c ************ Rubber Natural den=0.92 g/cc
m13     1001 -0.118371  $weight fraction
        6000 -0.881629
c
c end material cards
c
rand seed=8674536546524321 $different initial random #; seed# - any less 18 digits
c
c ********** begin tallies *********************
fc78 *********Broadened Pulse Height Tally Sum of Detectors 1,2 & 3 ***********
e78 0 1e-5 932i 8.4295
F78:p (101)
FT78 GEB -0.026198 0.059551 -0.037176
fc18 *********Unbroadened Pulse Height Tally Sum of Detectors 1,2 & 3 ***********
e18 0 1e-5 932i 8.4295
F18:p (101)
c ***********************************
c mplot tal 78 freq 10000
nps 1e9
