c CAS DETECTOR
c w/ Shielding in Place and Wheels
c
c CELL CARDS
c
c @@@@@@@@@@ Detectors @@@@@@@@@@@@@@@@@
c
101 8 -5.08 -21 imp:n,p 1 $LaBr Detector #1 Active Region
c
c @@@@@@@@@ Shielding @@@@@@@@@@@@@@@@@
c
121 2 -4.78 -31 imp:n,p 1 $PE_Pb
122 4 -11.29 -32 imp:n,p 1 $Pb1
123 4 -11.29 -33 imp:n,p 1 $Pb2
124 4 -11.29 -34 imp:n,p 1 $Pb3
125 4 -11.29 -35 imp:n,p 1 $Pb4
126 4 -11.29 -36 imp:n,p 1 $Pb5
127 4 -11.29 -37 imp:n,p 1 $Pb6
128 3 -1.5 -38 imp:n,p 1 $BA1
129 3 -1.5 -39 imp:n,p 1 $BA2
130 6 -2.7 -40 imp:n,p 1 $Al
131 7 -7.92 301 -302 303 -304 imp:n,p 1 $Fe-tube
132 5 -7.8 -401 imp:n,p 1 $Fe
133 5 -7.8 -402 imp:n,p 1 $Fe
c @@@@@@@@@@ Wheels @@@@@@@@@@@@@@@@@
c
21 13 -0.92 -41 42 imp:n,p 1 $Wheel 1
211 13 -0.92 -421 422 imp:n,p 1 $Wheel 1
212 13 -0.92 -423 424 imp:n,p 1 $Wheel 1
22 13 -0.92 -43 44 imp:n,p 1 $Wheel 2
221 13 -0.92 -441 442 imp:n,p 1 $Wheel 2
222 13 -0.92 -443 444 imp:n,p 1 $Wheel 2
23 13 -0.92 -45 46 imp:n,p 1 $Wheel 3
231 13 -0.92 -461 462 imp:n,p 1 $Wheel 3
232 13 -0.92 -463 464 imp:n,p 1 $Wheel 3
24 13 -0.92 -47 48 imp:n,p 1 $Wheel 4
241 13 -0.92 -481 482 imp:n,p 1 $Wheel 4
242 13 -0.92 -483 484 imp:n,p 1 $Wheel 4
c
c @@@@@@@@@@ SOIL VOLUME @@@@@@@@@@@
c
300000 400000 -2.156 20010 -20011 20020 -20021 20030 -20031 imp:n,p 1
300001 400001 -2.156 20010 -20011 20020 -20021 20031 -20032 imp:n,p 1
300002 400002 -2.156 20010 -20011 20020 -20021 20032 -20033 imp:n,p 1
300003 400003 -2.156 20010 -20011 20020 -20021 20033 -20034 imp:n,p 1
300004 400004 -2.156 20010 -20011 20020 -20021 20034 -20035 imp:n,p 1
300005 400005 -2.156 20011 -20012 20020 -20021 20030 -20031 imp:n,p 1
300006 400006 -2.156 20011 -20012 20020 -20021 20031 -20032 imp:n,p 1
300007 400007 -2.156 20011 -20012 20020 -20021 20032 -20033 imp:n,p 1
300008 400008 -2.156 20011 -20012 20020 -20021 20033 -20034 imp:n,p 1
300009 400009 -2.156 20011 -20012 20020 -20021 20034 -20035 imp:n,p 1
300010 400010 -2.156 20012 -20013 20020 -20021 20030 -20031 imp:n,p 1
300011 400011 -2.156 20012 -20013 20020 -20021 20031 -20032 imp:n,p 1
300012 400012 -2.156 20012 -20013 20020 -20021 20032 -20033 imp:n,p 1
300013 400013 -2.156 20012 -20013 20020 -20021 20033 -20034 imp:n,p 1
300014 400014 -2.156 20012 -20013 20020 -20021 20034 -20035 imp:n,p 1
300015 400015 -2.156 20013 -20014 20020 -20021 20030 -20031 imp:n,p 1
300016 400016 -2.156 20013 -20014 20020 -20021 20031 -20032 imp:n,p 1
300017 400017 -2.156 20013 -20014 20020 -20021 20032 -20033 imp:n,p 1
300018 400018 -2.156 20013 -20014 20020 -20021 20033 -20034 imp:n,p 1
300019 400019 -2.156 20013 -20014 20020 -20021 20034 -20035 imp:n,p 1
300020 400020 -2.156 20014 -20015 20020 -20021 20030 -20031 imp:n,p 1
300021 400021 -2.156 20014 -20015 20020 -20021 20031 -20032 imp:n,p 1
300022 400022 -2.156 20014 -20015 20020 -20021 20032 -20033 imp:n,p 1
300023 400023 -2.156 20014 -20015 20020 -20021 20033 -20034 imp:n,p 1
300024 400024 -2.156 20014 -20015 20020 -20021 20034 -20035 imp:n,p 1
300025 400025 -2.156 20010 -20011 20021 -20022 20030 -20031 imp:n,p 1
300026 400026 -2.156 20010 -20011 20021 -20022 20031 -20032 imp:n,p 1
300027 400027 -2.156 20010 -20011 20021 -20022 20032 -20033 imp:n,p 1
300028 400028 -2.156 20010 -20011 20021 -20022 20033 -20034 imp:n,p 1
300029 400029 -2.156 20010 -20011 20021 -20022 20034 -20035 imp:n,p 1
300030 400030 -2.156 20011 -20012 20021 -20022 20030 -20031 imp:n,p 1
300031 400031 -2.156 20011 -20012 20021 -20022 20031 -20032 imp:n,p 1
300032 400032 -2.156 20011 -20012 20021 -20022 20032 -20033 imp:n,p 1
300033 400033 -2.156 20011 -20012 20021 -20022 20033 -20034 imp:n,p 1
300034 400034 -2.156 20011 -20012 20021 -20022 20034 -20035 imp:n,p 1
300035 400035 -2.156 20012 -20013 20021 -20022 20030 -20031 imp:n,p 1
300036 400036 -2.156 20012 -20013 20021 -20022 20031 -20032 imp:n,p 1
300037 400037 -2.156 20012 -20013 20021 -20022 20032 -20033 imp:n,p 1
300038 400038 -2.156 20012 -20013 20021 -20022 20033 -20034 imp:n,p 1
300039 400039 -2.156 20012 -20013 20021 -20022 20034 -20035 imp:n,p 1
300040 400040 -2.156 20013 -20014 20021 -20022 20030 -20031 imp:n,p 1
300041 400041 -2.156 20013 -20014 20021 -20022 20031 -20032 imp:n,p 1
300042 400042 -2.156 20013 -20014 20021 -20022 20032 -20033 imp:n,p 1
300043 400043 -2.156 20013 -20014 20021 -20022 20033 -20034 imp:n,p 1
300044 400044 -2.156 20013 -20014 20021 -20022 20034 -20035 imp:n,p 1
300045 400045 -2.156 20014 -20015 20021 -20022 20030 -20031 imp:n,p 1
300046 400046 -2.156 20014 -20015 20021 -20022 20031 -20032 imp:n,p 1
300047 400047 -2.156 20014 -20015 20021 -20022 20032 -20033 imp:n,p 1
300048 400048 -2.156 20014 -20015 20021 -20022 20033 -20034 imp:n,p 1
300049 400049 -2.156 20014 -20015 20021 -20022 20034 -20035 imp:n,p 1
300050 400050 -2.156 20010 -20011 20022 -20023 20030 -20031 imp:n,p 1
300051 400051 -2.156 20010 -20011 20022 -20023 20031 -20032 imp:n,p 1
300052 400052 -2.156 20010 -20011 20022 -20023 20032 -20033 imp:n,p 1
300053 400053 -2.156 20010 -20011 20022 -20023 20033 -20034 imp:n,p 1
300054 400054 -2.156 20010 -20011 20022 -20023 20034 -20035 imp:n,p 1
300055 400055 -2.156 20011 -20012 20022 -20023 20030 -20031 imp:n,p 1
300056 400056 -2.156 20011 -20012 20022 -20023 20031 -20032 imp:n,p 1
300057 400057 -2.156 20011 -20012 20022 -20023 20032 -20033 imp:n,p 1
300058 400058 -2.156 20011 -20012 20022 -20023 20033 -20034 imp:n,p 1
300059 400059 -2.156 20011 -20012 20022 -20023 20034 -20035 imp:n,p 1
300060 400060 -2.156 20012 -20013 20022 -20023 20030 -20031 imp:n,p 1
300061 400061 -2.156 20012 -20013 20022 -20023 20031 -20032 imp:n,p 1
300062 400062 -2.156 20012 -20013 20022 -20023 20032 -20033 imp:n,p 1
300063 400063 -2.156 20012 -20013 20022 -20023 20033 -20034 imp:n,p 1
300064 400064 -2.156 20012 -20013 20022 -20023 20034 -20035 imp:n,p 1
300065 400065 -2.156 20013 -20014 20022 -20023 20030 -20031 imp:n,p 1
300066 400066 -2.156 20013 -20014 20022 -20023 20031 -20032 imp:n,p 1
300067 400067 -2.156 20013 -20014 20022 -20023 20032 -20033 imp:n,p 1
300068 400068 -2.156 20013 -20014 20022 -20023 20033 -20034 imp:n,p 1
300069 400069 -2.156 20013 -20014 20022 -20023 20034 -20035 imp:n,p 1
300070 400070 -2.156 20014 -20015 20022 -20023 20030 -20031 imp:n,p 1
300071 400071 -2.156 20014 -20015 20022 -20023 20031 -20032 imp:n,p 1
300072 400072 -2.156 20014 -20015 20022 -20023 20032 -20033 imp:n,p 1
300073 400073 -2.156 20014 -20015 20022 -20023 20033 -20034 imp:n,p 1
300074 400074 -2.156 20014 -20015 20022 -20023 20034 -20035 imp:n,p 1
300075 400075 -2.156 20010 -20011 20023 -20024 20030 -20031 imp:n,p 1
300076 400076 -2.156 20010 -20011 20023 -20024 20031 -20032 imp:n,p 1
300077 400077 -2.156 20010 -20011 20023 -20024 20032 -20033 imp:n,p 1
300078 400078 -2.156 20010 -20011 20023 -20024 20033 -20034 imp:n,p 1
300079 400079 -2.156 20010 -20011 20023 -20024 20034 -20035 imp:n,p 1
300080 400080 -2.156 20011 -20012 20023 -20024 20030 -20031 imp:n,p 1
300081 400081 -2.156 20011 -20012 20023 -20024 20031 -20032 imp:n,p 1
300082 400082 -2.156 20011 -20012 20023 -20024 20032 -20033 imp:n,p 1
300083 400083 -2.156 20011 -20012 20023 -20024 20033 -20034 imp:n,p 1
300084 400084 -2.156 20011 -20012 20023 -20024 20034 -20035 imp:n,p 1
300085 400085 -2.156 20012 -20013 20023 -20024 20030 -20031 imp:n,p 1
300086 400086 -2.156 20012 -20013 20023 -20024 20031 -20032 imp:n,p 1
300087 400087 -2.156 20012 -20013 20023 -20024 20032 -20033 imp:n,p 1
300088 400088 -2.156 20012 -20013 20023 -20024 20033 -20034 imp:n,p 1
300089 400089 -2.156 20012 -20013 20023 -20024 20034 -20035 imp:n,p 1
300090 400090 -2.156 20013 -20014 20023 -20024 20030 -20031 imp:n,p 1
300091 400091 -2.156 20013 -20014 20023 -20024 20031 -20032 imp:n,p 1
300092 400092 -2.156 20013 -20014 20023 -20024 20032 -20033 imp:n,p 1
300093 400093 -2.156 20013 -20014 20023 -20024 20033 -20034 imp:n,p 1
300094 400094 -2.156 20013 -20014 20023 -20024 20034 -20035 imp:n,p 1
300095 400095 -2.156 20014 -20015 20023 -20024 20030 -20031 imp:n,p 1
300096 400096 -2.156 20014 -20015 20023 -20024 20031 -20032 imp:n,p 1
300097 400097 -2.156 20014 -20015 20023 -20024 20032 -20033 imp:n,p 1
300098 400098 -2.156 20014 -20015 20023 -20024 20033 -20034 imp:n,p 1
300099 400099 -2.156 20014 -20015 20023 -20024 20034 -20035 imp:n,p 1
300100 400100 -2.156 20010 -20011 20024 -20025 20030 -20031 imp:n,p 1
300101 400101 -2.156 20010 -20011 20024 -20025 20031 -20032 imp:n,p 1
300102 400102 -2.156 20010 -20011 20024 -20025 20032 -20033 imp:n,p 1
300103 400103 -2.156 20010 -20011 20024 -20025 20033 -20034 imp:n,p 1
300104 400104 -2.156 20010 -20011 20024 -20025 20034 -20035 imp:n,p 1
300105 400105 -2.156 20011 -20012 20024 -20025 20030 -20031 imp:n,p 1
300106 400106 -2.156 20011 -20012 20024 -20025 20031 -20032 imp:n,p 1
300107 400107 -2.156 20011 -20012 20024 -20025 20032 -20033 imp:n,p 1
300108 400108 -2.156 20011 -20012 20024 -20025 20033 -20034 imp:n,p 1
300109 400109 -2.156 20011 -20012 20024 -20025 20034 -20035 imp:n,p 1
300110 400110 -2.156 20012 -20013 20024 -20025 20030 -20031 imp:n,p 1
300111 400111 -2.156 20012 -20013 20024 -20025 20031 -20032 imp:n,p 1
300112 400112 -2.156 20012 -20013 20024 -20025 20032 -20033 imp:n,p 1
300113 400113 -2.156 20012 -20013 20024 -20025 20033 -20034 imp:n,p 1
300114 400114 -2.156 20012 -20013 20024 -20025 20034 -20035 imp:n,p 1
300115 400115 -2.156 20013 -20014 20024 -20025 20030 -20031 imp:n,p 1
300116 400116 -2.156 20013 -20014 20024 -20025 20031 -20032 imp:n,p 1
300117 400117 -2.156 20013 -20014 20024 -20025 20032 -20033 imp:n,p 1
300118 400118 -2.156 20013 -20014 20024 -20025 20033 -20034 imp:n,p 1
300119 400119 -2.156 20013 -20014 20024 -20025 20034 -20035 imp:n,p 1
300120 400120 -2.156 20014 -20015 20024 -20025 20030 -20031 imp:n,p 1
300121 400121 -2.156 20014 -20015 20024 -20025 20031 -20032 imp:n,p 1
300122 400122 -2.156 20014 -20015 20024 -20025 20032 -20033 imp:n,p 1
300123 400123 -2.156 20014 -20015 20024 -20025 20033 -20034 imp:n,p 1
300124 400124 -2.156 20014 -20015 20024 -20025 20034 -20035 imp:n,p 1
c
30 12 -0.00129 -200 #101 #121 #122 #123 #124 #125 #126 #127 #128 #129 #130 #131 #132 #133
        #21 #211 #212 #22 #221 #222 #23 #231 #232 #24 #241 #242 #20 imp:n,p 1 $Rest of the World
31 0 200 imp:n,p 0 $Outside world

c SURFACE CARDS
c
c Sample Volume
20010 px -56.0
20011 px -33.600000000000364
20012 px -11.200000000000728
20013 px 11.200000000000728
20014 px 33.599999999998545
20015 px 56.0
20020 py -45.0
20021 py -27.0
20022 py -9.0
20023 py 9.0
20024 py 27.0
20025 py 45.0
20030 pz 92.0
20031 pz 82.0
20032 pz 72.0
20033 pz 62.0
20034 pz 52.0
20035 pz 42.0
c Active Detector Region
21 rcc 56  -5.0 -1.0   0.0 20.3 0.0   4.5 $Detector 1 Base center, Hx,Hy,Hz, radius
c Shielding Surfaces
c Shielding Pb
31 rpp 19 29 -7.5 7.5 -11 9 $PbPE xmin xmax ymin ymax zmin zmax
32 rpp 9 19 4 9 -11 9 $Pb xmin xmax ymin ymax zmin zmax
33 rpp 9 19 -9 -4 -11 9 $Pb xmin xmax ymin ymax zmin zmax
34 rpp 19 29 7.5 12.5 -11 9 $Pb xmin xmax ymin ymax zmin zmax
35 rpp 19 29 -12.5 -7.5 -11 9 $Pb xmin xmax ymin ymax zmin zmax
36 rpp 29 34 -15 15 -11 9 $Pb xmin xmax ymin ymax zmin zmax
37 rpp 9 19 -4 4 4 9 $Pb xmin xmax ymin ymax zmin zmax
38 rpp -26 26 18 28 -11 9 $BA1 xmin xmax ymin ymax zmin zmax
39 rpp -26 26 -28 -18 -11 9 $BA2 xmin xmax ymin ymax zmin zmax
40 rpp -65 65 -28 28 10 10.5 $Al xmin xmax ymin ymax zmin zmax
401 rpp -27 27 29 34 -11 9 $Fe xmin xmax ymin ymax zmin zmax
402 rpp -27 27 -34 -29 -11 9 $Fe xmin xmax ymin ymax zmin zmax
301 px -20
302 px 18
303 cx 3.71
304 cx 3.81
c Wheels Surfaces
c 23/10.5-12 turf tires, 22.6 lb rubber
c diameter 29cm, tread width 25cm, and sidewall height 13.76 cm
c set thickness of all sides 1.3 cm (s.t. weight is 22.6 lb)
41 rcc -2 77 8   0.0 25 0.0 29 $wheel 1 outer tread surface
42 rcc -2 77 8   0.0 25 0.0 27.7 $wheel 1 inner tread surface
421 rcc -2 75.7 8   0.0 1.3 0.0 29 $wheel 1 outside sidewall exterior
422 rcc -2 75.7 8   0.0 1.3 0.0 15.24 $wheel 1 outside sidewall interior
423 rcc -2 102 8   0.0 1.3 0.0 29 $wheel 1 inside sidewall exterior
424 rcc -2 102 8   0.0 1.3 0.0 15.24 $wheel 1 inside sidewall interior
43 rcc 68 77 8   0.0 25 0.0 29 $wheel 2
44 rcc 68 77 8   0.0 25 0.0 27.7
441 rcc 68 75.7 8   0.0 1.3 0.0 29
442 rcc 68 75.7 8   0.0 1.3 0.0 15.24
443 rcc 68 102 8   0.0 1.3 0.0 29
444 rcc 68 102 8   0.0 1.3 0.0 15.24
45 rcc -2 -77 8   0.0 -25 0.0 29 $wheel 3
46 rcc -2 -77 8   0.0 -25 0.0 27.7
461 rcc -2 -75.7 8   0.0 -1.3 0.0 29
462 rcc -2 -75.7 8   0.0 -1.3 0.0 15.24
463 rcc -2 -102 8   0.0 -1.3 0.0 29
464 rcc -2 -102 8   0.0 -1.3 0.0 15.24
47 rcc 68 -77 8   0.0 -25 0.0 29 $wheel 4
48 rcc 68 -77 8   0.0 -25 0.0 27.7
481 rcc 68 -75.7 8   0.0 -1.3 0.0 29
482 rcc 68 -75.7 8   0.0 -1.3 0.0 15.24
483 rcc 68 -102 8   0.0 -1.3 0.0 29
484 rcc 68 -102 8   0.0 -1.3 0.0 15.24
200 so 800    $sphere of 800cm centered at origin
c

c DATA CARDS
mode n p
c dump every hr
prdmp -60 -60 -1
c 100 keV Neutron Energy Cutoff
Cut:n 1j 0.1
c analog neutron transport
phys:n 1j 14
phys:p
sdef pos=0 0 0 erg=14.0 vec= 0 0 1 dir=d1
si1  -1 .93 1
sp1   0  0.0  1.0
c ********************
c begin material cards
c ********************
c Pure Carbon
c ****************************************
m400000 6000 -0.0005665344236393264 7000 -0.0005665344236393264 14000 -0.9988669311527215 
m400001 6000 -0.0022157091070287823 7000 -0.0022157091070287823 14000 -0.9955685817859424 
m400002 6000 -0.004247366758291706 7000 -0.004247366758291706 14000 -0.9915052664834166 
m400003 6000 -0.006132144884540304 7000 -0.006132144884540304 14000 -0.9877357102309194 
m400004 6000 -0.008094888250572363 7000 -0.008094888250572363 14000 -0.9838102234988553 
m400005 6000 -0.000701749438012153 7000 -0.000701749438012153 14000 -0.9985965011239756 
m400006 6000 -0.002356571954244508 7000 -0.002356571954244508 14000 -0.9952868560915107 
m400007 6000 -0.00443169452286429 7000 -0.00443169452286429 14000 -0.9911366109542716 
m400008 6000 -0.005930077859032713 7000 -0.005930077859032713 14000 -0.9881398442819347 
m400009 6000 -0.00839859507831683 7000 -0.00839859507831683 14000 -0.9832028098433662 
m400010 6000 -0.0005850876575963482 7000 -0.0005850876575963482 14000 -0.9988298246848075 
m400011 6000 -0.002382446463576299 7000 -0.002382446463576299 14000 -0.9952351070728477 
m400012 6000 -0.004263729689688586 7000 -0.004263729689688586 14000 -0.9914725406206226 
m400013 6000 -0.006179209968389162 7000 -0.006179209968389162 14000 -0.9876415800632214 
m400014 6000 -0.008309072286444478 7000 -0.008309072286444478 14000 -0.9833818554271112 
m400015 6000 -0.0007261928991370371 7000 -0.0007261928991370371 14000 -0.9985476142017259 
m400016 6000 -0.0025289851367545535 7000 -0.0025289851367545535 14000 -0.9949420297264908 
m400017 6000 -0.004087939146201484 7000 -0.004087939146201484 14000 -0.9918241217075972 
m400018 6000 -0.006227944849849106 7000 -0.006227944849849106 14000 -0.9875441103003016 
m400019 6000 -0.008382282396003414 7000 -0.008382282396003414 14000 -0.9832354352079932 
m400020 6000 -0.0006318076558329045 7000 -0.0006318076558329045 14000 -0.9987363846883345 
m400021 6000 -0.002341719728885959 7000 -0.002341719728885959 14000 -0.995316560542228 
m400022 6000 -0.0045197574846649055 7000 -0.0045197574846649055 14000 -0.9909604850306699 
m400023 6000 -0.00641615679789057 7000 -0.00641615679789057 14000 -0.9871676864042189 
m400024 6000 -0.008092807728121513 7000 -0.008092807728121513 14000 -0.9838143845437571 
m400025 6000 -0.0008679455470796661 7000 -0.0008679455470796661 14000 -0.9982641089058407 
m400026 6000 -0.0020471823434596555 7000 -0.0020471823434596555 14000 -0.9959056353130806 
m400027 6000 -0.004380840838158451 7000 -0.004380840838158451 14000 -0.9912383183236829 
m400028 6000 -0.006215511791629973 7000 -0.006215511791629973 14000 -0.9875689764167399 
m400029 6000 -0.008450756723345526 7000 -0.008450756723345526 14000 -0.983098486553309 
m400030 6000 -0.0006986627845647403 7000 -0.0006986627845647403 14000 -0.9986026744308706 
m400031 6000 -0.0023033987476034083 7000 -0.0023033987476034083 14000 -0.9953932025047937 
m400032 6000 -0.004401995091437949 7000 -0.004401995091437949 14000 -0.9911960098171241 
m400033 6000 -0.006149749226048543 7000 -0.006149749226048543 14000 -0.9877005015479027 
m400034 6000 -0.008452929742988115 7000 -0.008452929742988115 14000 -0.9830941405140237 
m400035 6000 -0.000721714378154458 7000 -0.000721714378154458 14000 -0.9985565712436911 
m400036 6000 -0.002391647486295147 7000 -0.002391647486295147 14000 -0.9952167050274094 
m400037 6000 -0.004435722308028599 7000 -0.004435722308028599 14000 -0.991128555383943 
m400038 6000 -0.006326454627605305 7000 -0.006326454627605305 14000 -0.9873470907447893 
m400039 6000 -0.007923380412191374 7000 -0.007923380412191374 14000 -0.9841532391756174 
m400040 6000 -0.0008601313209797388 7000 -0.0008601313209797388 14000 -0.9982797373580402 
m400041 6000 -0.0020738008583372227 7000 -0.0020738008583372227 14000 -0.9958523982833257 
m400042 6000 -0.004257638996970273 7000 -0.004257638996970273 14000 -0.9914847220060592 
m400043 6000 -0.006203068303623298 7000 -0.006203068303623298 14000 -0.9875938633927532 
m400044 6000 -0.008160550176336507 7000 -0.008160550176336507 14000 -0.983678899647327 
m400045 6000 -0.0008150763676683898 7000 -0.0008150763676683898 14000 -0.9983698472646629 
m400046 6000 -0.0023482737622395806 7000 -0.0023482737622395806 14000 -0.9953034524755209 
m400047 6000 -0.004315519719331266 7000 -0.004315519719331266 14000 -0.9913689605613375 
m400048 6000 -0.006431116453634672 7000 -0.006431116453634672 14000 -0.9871377670927306 
m400049 6000 -0.008213820868666346 7000 -0.008213820868666346 14000 -0.9835723582626674 
m400050 6000 -0.0004560934215192857 7000 -0.0004560934215192857 14000 -0.9990878131569612 
m400051 6000 -0.0021377255527647828 7000 -0.0021377255527647828 14000 -0.9957245488944702 
m400052 6000 -0.0038602510705032524 7000 -0.0038602510705032524 14000 -0.9922794978589934 
m400053 6000 -0.006029102030268777 7000 -0.006029102030268777 14000 -0.9879417959394626 
m400054 6000 -0.008005100239322034 7000 -0.008005100239322034 14000 -0.983989799521356 
m400055 6000 -0.0004782649225052223 7000 -0.0004782649225052223 14000 -0.9990434701549894 
m400056 6000 -0.002121995173083874 7000 -0.002121995173083874 14000 -0.995756009653832 
m400057 6000 -0.0041678755278335535 7000 -0.0041678755278335535 14000 -0.9916642489443332 
m400058 6000 -0.006270510186995343 7000 -0.006270510186995343 14000 -0.9874589796260094 
m400059 6000 -0.008104642606087415 7000 -0.008104642606087415 14000 -0.9837907147878252 
m400060 6000 -0.0006526978542147369 7000 -0.0006526978542147369 14000 -0.9986946042915708 
m400061 6000 -0.0022909005288439515 7000 -0.0022909005288439515 14000 -0.995418198942312 
m400062 6000 -0.0043111721204223685 7000 -0.0043111721204223685 14000 -0.9913776557591549 
m400063 6000 -0.006155634227096315 7000 -0.006155634227096315 14000 -0.9876887315458077 
m400064 6000 -0.00801270557624592 7000 -0.00801270557624592 14000 -0.9839745888475082 
m400065 6000 -0.0008122544816054115 7000 -0.0008122544816054115 14000 -0.9983754910367892 
m400066 6000 -0.002245696065341855 7000 -0.002245696065341855 14000 -0.9955086078693163 
m400067 6000 -0.004200755010395769 7000 -0.004200755010395769 14000 -0.9915984899792085 
m400068 6000 -0.006295090577919267 7000 -0.006295090577919267 14000 -0.9874098188441619 
m400069 6000 -0.007989642937559832 7000 -0.007989642937559832 14000 -0.9840207141248806 
m400070 6000 -0.0005528694160291688 7000 -0.0005528694160291688 14000 -0.9988942611679419 
m400071 6000 -0.0023924853302900832 7000 -0.0023924853302900832 14000 -0.9952150293394197 
m400072 6000 -0.003971512668748512 7000 -0.003971512668748512 14000 -0.9920569746625029 
m400073 6000 -0.006228265061271101 7000 -0.006228265061271101 14000 -0.9875434698774579 
m400074 6000 -0.008253385762850368 7000 -0.008253385762850368 14000 -0.9834932284742994 
m400075 6000 -0.0008039178039542466 7000 -0.0008039178039542466 14000 -0.9983921643920917 
m400076 6000 -0.0019949713012794267 7000 -0.0019949713012794267 14000 -0.9960100573974414 
m400077 6000 -0.004290259460935125 7000 -0.004290259460935125 14000 -0.9914194810781296 
m400078 6000 -0.006257527464144919 7000 -0.006257527464144919 14000 -0.98748494507171 
m400079 6000 -0.007949553778556292 7000 -0.007949553778556292 14000 -0.9841008924428875 
m400080 6000 -0.0007090300350923018 7000 -0.0007090300350923018 14000 -0.9985819399298156 
m400081 6000 -0.002083768542564255 7000 -0.002083768542564255 14000 -0.9958324629148717 
m400082 6000 -0.00446673092887137 7000 -0.00446673092887137 14000 -0.9910665381422575 
m400083 6000 -0.006329838760856778 7000 -0.006329838760856778 14000 -0.9873403224782866 
m400084 6000 -0.008446777950365145 7000 -0.008446777950365145 14000 -0.98310644409927 
m400085 6000 -0.0006831876514336667 7000 -0.0006831876514336667 14000 -0.9986336246971327 
m400086 6000 -0.0023802883908779007 7000 -0.0023802883908779007 14000 -0.9952394232182447 
m400087 6000 -0.004261946689399037 7000 -0.004261946689399037 14000 -0.991476106621202 
m400088 6000 -0.006341925564070936 7000 -0.006341925564070936 14000 -0.987316148871858 
m400089 6000 -0.008352378430300683 7000 -0.008352378430300683 14000 -0.9832952431393985 
m400090 6000 -0.0007475677845385413 7000 -0.0007475677845385413 14000 -0.9985048644309229 
m400091 6000 -0.002133841378110125 7000 -0.002133841378110125 14000 -0.9957323172437799 
m400092 6000 -0.00428375374095503 7000 -0.00428375374095503 14000 -0.99143249251809 
m400093 6000 -0.006131276732759518 7000 -0.006131276732759518 14000 -0.987737446534481 
m400094 6000 -0.008277775872787798 7000 -0.008277775872787798 14000 -0.9834444482544243 
m400095 6000 -0.0006957526185243733 7000 -0.0006957526185243733 14000 -0.9986084947629515 
m400096 6000 -0.002187546307949002 7000 -0.002187546307949002 14000 -0.995624907384102 
m400097 6000 -0.004170115566792215 7000 -0.004170115566792215 14000 -0.9916597688664156 
m400098 6000 -0.006249661502621318 7000 -0.006249661502621318 14000 -0.9875006769947574 
m400099 6000 -0.00805910384817235 7000 -0.00805910384817235 14000 -0.9838817923036554 
m400100 6000 -0.000540623749878974 7000 -0.000540623749878974 14000 -0.9989187525002421 
m400101 6000 -0.002180862326900997 7000 -0.002180862326900997 14000 -0.9956382753461978 
m400102 6000 -0.004297994958507165 7000 -0.004297994958507165 14000 -0.9914040100829857 
m400103 6000 -0.0061120508950800664 7000 -0.0061120508950800664 14000 -0.9877758982098399 
m400104 6000 -0.008183576041641761 7000 -0.008183576041641761 14000 -0.9836328479167161 
m400105 6000 -0.0006195759709064359 7000 -0.0006195759709064359 14000 -0.9987608480581872 
m400106 6000 -0.0022300596436258175 7000 -0.0022300596436258175 14000 -0.995539880712748 
m400107 6000 -0.00433065341467986 7000 -0.00433065341467986 14000 -0.9913386931706404 
m400108 6000 -0.006009189655541282 7000 -0.006009189655541282 14000 -0.9879816206889178 
m400109 6000 -0.0083728215077098 7000 -0.0083728215077098 14000 -0.9832543569845804 
m400110 6000 -0.0004955525085403758 7000 -0.0004955525085403758 14000 -0.999008894982919 
m400111 6000 -0.0022304995963289913 7000 -0.0022304995963289913 14000 -0.9955390008073419 
m400112 6000 -0.004091644526783431 7000 -0.004091644526783431 14000 -0.9918167109464329 
m400113 6000 -0.006351195774285349 7000 -0.006351195774285349 14000 -0.9872976084514292 
m400114 6000 -0.008105489918353456 7000 -0.008105489918353456 14000 -0.9837890201632934 
m400115 6000 -0.0005837230070850355 7000 -0.0005837230070850355 14000 -0.99883255398583 
m400116 6000 -0.0022422890822471763 7000 -0.0022422890822471763 14000 -0.9955154218355057 
m400117 6000 -0.0042332138282144376 7000 -0.0042332138282144376 14000 -0.9915335723435708 
m400118 6000 -0.006569072129139625 7000 -0.006569072129139625 14000 -0.9868618557417208 
m400119 6000 -0.008394971247830499 7000 -0.008394971247830499 14000 -0.9832100575043392 
m400120 6000 -0.0005935965113541329 7000 -0.0005935965113541329 14000 -0.9988128069772919 
m400121 6000 -0.0023773324710283255 7000 -0.0023773324710283255 14000 -0.9952453350579433 
m400122 6000 -0.004012966134621138 7000 -0.004012966134621138 14000 -0.9919740677307581 
m400123 6000 -0.006181680284300827 7000 -0.006181680284300827 14000 -0.9876366394313985 
m400124 6000 -0.008459520857636016 7000 -0.008459520857636016 14000 -0.9830809582847283 
c **********************************
c PE+Pb, dens=4.78 g/cm3
m2      6000    -0.04286 $Carbon
        1001    -0.00714 $Hydrogen
        82000   -0.95000 $Lead
c **********************************
m3    1001 -0.048535 $Boric acid
      5010 -0.034981
      5011 -0.139923
      8016 -0.776561
c **********************************
m4    82000 1 $Lead
c **********************************
m5 26000 1 $Iron
c **********************************
m6     13027   -1.000 $ Aluminum
c **********************************
c  SS-304 (8.00 g/cm3), #298 in PNNL Compendium
m7   006000.50c -0.0004000
     014000.60c -0.0050000
     015031.50c -0.0002300
     016000.60c -0.0001500
     024000.50c -0.1899981
     025055.60c -0.0099999
     026000.50c -0.7017229
     028000.50c -0.0924991
c ****************************************
c       LaBr detector
c ****************************************
m8       35079    -0.2946       $ Br79
         35081    -0.3069       $ Br81
         57139    -0.3485       $ La139
         58140    -0.0500       $ Ce140
c ************ air den=1.15e-3g/cc
m12     8016 -0.23
        7014 -0.77
c ************ Rubber Natural den=0.92 g/cc
m13     1001 -0.118371  $weight fraction
        6000 -0.881629
c
c end material cards
c
rand seed=8674536546524321 $different initial random #; seed# - any less 18 digits
c
c ********** begin tallies *********************
fc78 *********Broadened Pulse Height Tally Sum of Detectors 1,2 & 3 ***********
e78 0 1e-5 932i 8.4295
F78:p (101)
FT78 GEB -0.026198 0.059551 -0.037176
fc18 *********Unbroadened Pulse Height Tally Sum of Detectors 1,2 & 3 ***********
e18 0 1e-5 932i 8.4295
F18:p (101)
c ***********************************
c mplot tal 78 freq 10000
nps 1e9
