c CAS DETECTOR
c w/ Shielding in Place and Wheels
c
c CELL CARDS
c
c @@@@@@@@@@ Detectors @@@@@@@@@@@@@@@@@
c
101 8 -5.08 -21 imp:n,p 1 $LaBr Detector #1 Active Region
c
c @@@@@@@@@ Shielding @@@@@@@@@@@@@@@@@
c
121 2 -4.78 -31 imp:n,p 1 $PE_Pb
122 4 -11.29 -32 imp:n,p 1 $Pb1
123 4 -11.29 -33 imp:n,p 1 $Pb2
124 4 -11.29 -34 imp:n,p 1 $Pb3
125 4 -11.29 -35 imp:n,p 1 $Pb4
126 4 -11.29 -36 imp:n,p 1 $Pb5
127 4 -11.29 -37 imp:n,p 1 $Pb6
128 3 -1.5 -38 imp:n,p 1 $BA1
129 3 -1.5 -39 imp:n,p 1 $BA2
130 6 -2.7 -40 imp:n,p 1 $Al
131 7 -7.92 301 -302 303 -304 imp:n,p 1 $Fe-tube
132 5 -7.8 -401 imp:n,p 1 $Fe
133 5 -7.8 -402 imp:n,p 1 $Fe
c @@@@@@@@@@ Wheels @@@@@@@@@@@@@@@@@
c
21 13 -0.92 -41 42 imp:n,p 1 $Wheel 1
211 13 -0.92 -421 422 imp:n,p 1 $Wheel 1
212 13 -0.92 -423 424 imp:n,p 1 $Wheel 1
22 13 -0.92 -43 44 imp:n,p 1 $Wheel 2
221 13 -0.92 -441 442 imp:n,p 1 $Wheel 2
222 13 -0.92 -443 444 imp:n,p 1 $Wheel 2
23 13 -0.92 -45 46 imp:n,p 1 $Wheel 3
231 13 -0.92 -461 462 imp:n,p 1 $Wheel 3
232 13 -0.92 -463 464 imp:n,p 1 $Wheel 3
24 13 -0.92 -47 48 imp:n,p 1 $Wheel 4
241 13 -0.92 -481 482 imp:n,p 1 $Wheel 4
242 13 -0.92 -483 484 imp:n,p 1 $Wheel 4
c
c @@@@@@@@@@ SOIL VOLUME @@@@@@@@@@@
c
300000 400000 -2.156 20010 -20011 20020 -20021 20030 -20031 imp:n,p 1
300001 400001 -2.156 20010 -20011 20020 -20021 20031 -20032 imp:n,p 1
300002 400002 -2.156 20010 -20011 20020 -20021 20032 -20033 imp:n,p 1
300003 400003 -2.156 20010 -20011 20020 -20021 20033 -20034 imp:n,p 1
300004 400004 -2.156 20010 -20011 20020 -20021 20034 -20035 imp:n,p 1
300005 400005 -2.156 20011 -20012 20020 -20021 20030 -20031 imp:n,p 1
300006 400006 -2.156 20011 -20012 20020 -20021 20031 -20032 imp:n,p 1
300007 400007 -2.156 20011 -20012 20020 -20021 20032 -20033 imp:n,p 1
300008 400008 -2.156 20011 -20012 20020 -20021 20033 -20034 imp:n,p 1
300009 400009 -2.156 20011 -20012 20020 -20021 20034 -20035 imp:n,p 1
300010 400010 -2.156 20012 -20013 20020 -20021 20030 -20031 imp:n,p 1
300011 400011 -2.156 20012 -20013 20020 -20021 20031 -20032 imp:n,p 1
300012 400012 -2.156 20012 -20013 20020 -20021 20032 -20033 imp:n,p 1
300013 400013 -2.156 20012 -20013 20020 -20021 20033 -20034 imp:n,p 1
300014 400014 -2.156 20012 -20013 20020 -20021 20034 -20035 imp:n,p 1
300015 400015 -2.156 20013 -20014 20020 -20021 20030 -20031 imp:n,p 1
300016 400016 -2.156 20013 -20014 20020 -20021 20031 -20032 imp:n,p 1
300017 400017 -2.156 20013 -20014 20020 -20021 20032 -20033 imp:n,p 1
300018 400018 -2.156 20013 -20014 20020 -20021 20033 -20034 imp:n,p 1
300019 400019 -2.156 20013 -20014 20020 -20021 20034 -20035 imp:n,p 1
300020 400020 -2.156 20014 -20015 20020 -20021 20030 -20031 imp:n,p 1
300021 400021 -2.156 20014 -20015 20020 -20021 20031 -20032 imp:n,p 1
300022 400022 -2.156 20014 -20015 20020 -20021 20032 -20033 imp:n,p 1
300023 400023 -2.156 20014 -20015 20020 -20021 20033 -20034 imp:n,p 1
300024 400024 -2.156 20014 -20015 20020 -20021 20034 -20035 imp:n,p 1
300025 400025 -2.156 20010 -20011 20021 -20022 20030 -20031 imp:n,p 1
300026 400026 -2.156 20010 -20011 20021 -20022 20031 -20032 imp:n,p 1
300027 400027 -2.156 20010 -20011 20021 -20022 20032 -20033 imp:n,p 1
300028 400028 -2.156 20010 -20011 20021 -20022 20033 -20034 imp:n,p 1
300029 400029 -2.156 20010 -20011 20021 -20022 20034 -20035 imp:n,p 1
300030 400030 -2.156 20011 -20012 20021 -20022 20030 -20031 imp:n,p 1
300031 400031 -2.156 20011 -20012 20021 -20022 20031 -20032 imp:n,p 1
300032 400032 -2.156 20011 -20012 20021 -20022 20032 -20033 imp:n,p 1
300033 400033 -2.156 20011 -20012 20021 -20022 20033 -20034 imp:n,p 1
300034 400034 -2.156 20011 -20012 20021 -20022 20034 -20035 imp:n,p 1
300035 400035 -2.156 20012 -20013 20021 -20022 20030 -20031 imp:n,p 1
300036 400036 -2.156 20012 -20013 20021 -20022 20031 -20032 imp:n,p 1
300037 400037 -2.156 20012 -20013 20021 -20022 20032 -20033 imp:n,p 1
300038 400038 -2.156 20012 -20013 20021 -20022 20033 -20034 imp:n,p 1
300039 400039 -2.156 20012 -20013 20021 -20022 20034 -20035 imp:n,p 1
300040 400040 -2.156 20013 -20014 20021 -20022 20030 -20031 imp:n,p 1
300041 400041 -2.156 20013 -20014 20021 -20022 20031 -20032 imp:n,p 1
300042 400042 -2.156 20013 -20014 20021 -20022 20032 -20033 imp:n,p 1
300043 400043 -2.156 20013 -20014 20021 -20022 20033 -20034 imp:n,p 1
300044 400044 -2.156 20013 -20014 20021 -20022 20034 -20035 imp:n,p 1
300045 400045 -2.156 20014 -20015 20021 -20022 20030 -20031 imp:n,p 1
300046 400046 -2.156 20014 -20015 20021 -20022 20031 -20032 imp:n,p 1
300047 400047 -2.156 20014 -20015 20021 -20022 20032 -20033 imp:n,p 1
300048 400048 -2.156 20014 -20015 20021 -20022 20033 -20034 imp:n,p 1
300049 400049 -2.156 20014 -20015 20021 -20022 20034 -20035 imp:n,p 1
300050 400050 -2.156 20010 -20011 20022 -20023 20030 -20031 imp:n,p 1
300051 400051 -2.156 20010 -20011 20022 -20023 20031 -20032 imp:n,p 1
300052 400052 -2.156 20010 -20011 20022 -20023 20032 -20033 imp:n,p 1
300053 400053 -2.156 20010 -20011 20022 -20023 20033 -20034 imp:n,p 1
300054 400054 -2.156 20010 -20011 20022 -20023 20034 -20035 imp:n,p 1
300055 400055 -2.156 20011 -20012 20022 -20023 20030 -20031 imp:n,p 1
300056 400056 -2.156 20011 -20012 20022 -20023 20031 -20032 imp:n,p 1
300057 400057 -2.156 20011 -20012 20022 -20023 20032 -20033 imp:n,p 1
300058 400058 -2.156 20011 -20012 20022 -20023 20033 -20034 imp:n,p 1
300059 400059 -2.156 20011 -20012 20022 -20023 20034 -20035 imp:n,p 1
300060 400060 -2.156 20012 -20013 20022 -20023 20030 -20031 imp:n,p 1
300061 400061 -2.156 20012 -20013 20022 -20023 20031 -20032 imp:n,p 1
300062 400062 -2.156 20012 -20013 20022 -20023 20032 -20033 imp:n,p 1
300063 400063 -2.156 20012 -20013 20022 -20023 20033 -20034 imp:n,p 1
300064 400064 -2.156 20012 -20013 20022 -20023 20034 -20035 imp:n,p 1
300065 400065 -2.156 20013 -20014 20022 -20023 20030 -20031 imp:n,p 1
300066 400066 -2.156 20013 -20014 20022 -20023 20031 -20032 imp:n,p 1
300067 400067 -2.156 20013 -20014 20022 -20023 20032 -20033 imp:n,p 1
300068 400068 -2.156 20013 -20014 20022 -20023 20033 -20034 imp:n,p 1
300069 400069 -2.156 20013 -20014 20022 -20023 20034 -20035 imp:n,p 1
300070 400070 -2.156 20014 -20015 20022 -20023 20030 -20031 imp:n,p 1
300071 400071 -2.156 20014 -20015 20022 -20023 20031 -20032 imp:n,p 1
300072 400072 -2.156 20014 -20015 20022 -20023 20032 -20033 imp:n,p 1
300073 400073 -2.156 20014 -20015 20022 -20023 20033 -20034 imp:n,p 1
300074 400074 -2.156 20014 -20015 20022 -20023 20034 -20035 imp:n,p 1
300075 400075 -2.156 20010 -20011 20023 -20024 20030 -20031 imp:n,p 1
300076 400076 -2.156 20010 -20011 20023 -20024 20031 -20032 imp:n,p 1
300077 400077 -2.156 20010 -20011 20023 -20024 20032 -20033 imp:n,p 1
300078 400078 -2.156 20010 -20011 20023 -20024 20033 -20034 imp:n,p 1
300079 400079 -2.156 20010 -20011 20023 -20024 20034 -20035 imp:n,p 1
300080 400080 -2.156 20011 -20012 20023 -20024 20030 -20031 imp:n,p 1
300081 400081 -2.156 20011 -20012 20023 -20024 20031 -20032 imp:n,p 1
300082 400082 -2.156 20011 -20012 20023 -20024 20032 -20033 imp:n,p 1
300083 400083 -2.156 20011 -20012 20023 -20024 20033 -20034 imp:n,p 1
300084 400084 -2.156 20011 -20012 20023 -20024 20034 -20035 imp:n,p 1
300085 400085 -2.156 20012 -20013 20023 -20024 20030 -20031 imp:n,p 1
300086 400086 -2.156 20012 -20013 20023 -20024 20031 -20032 imp:n,p 1
300087 400087 -2.156 20012 -20013 20023 -20024 20032 -20033 imp:n,p 1
300088 400088 -2.156 20012 -20013 20023 -20024 20033 -20034 imp:n,p 1
300089 400089 -2.156 20012 -20013 20023 -20024 20034 -20035 imp:n,p 1
300090 400090 -2.156 20013 -20014 20023 -20024 20030 -20031 imp:n,p 1
300091 400091 -2.156 20013 -20014 20023 -20024 20031 -20032 imp:n,p 1
300092 400092 -2.156 20013 -20014 20023 -20024 20032 -20033 imp:n,p 1
300093 400093 -2.156 20013 -20014 20023 -20024 20033 -20034 imp:n,p 1
300094 400094 -2.156 20013 -20014 20023 -20024 20034 -20035 imp:n,p 1
300095 400095 -2.156 20014 -20015 20023 -20024 20030 -20031 imp:n,p 1
300096 400096 -2.156 20014 -20015 20023 -20024 20031 -20032 imp:n,p 1
300097 400097 -2.156 20014 -20015 20023 -20024 20032 -20033 imp:n,p 1
300098 400098 -2.156 20014 -20015 20023 -20024 20033 -20034 imp:n,p 1
300099 400099 -2.156 20014 -20015 20023 -20024 20034 -20035 imp:n,p 1
300100 400100 -2.156 20010 -20011 20024 -20025 20030 -20031 imp:n,p 1
300101 400101 -2.156 20010 -20011 20024 -20025 20031 -20032 imp:n,p 1
300102 400102 -2.156 20010 -20011 20024 -20025 20032 -20033 imp:n,p 1
300103 400103 -2.156 20010 -20011 20024 -20025 20033 -20034 imp:n,p 1
300104 400104 -2.156 20010 -20011 20024 -20025 20034 -20035 imp:n,p 1
300105 400105 -2.156 20011 -20012 20024 -20025 20030 -20031 imp:n,p 1
300106 400106 -2.156 20011 -20012 20024 -20025 20031 -20032 imp:n,p 1
300107 400107 -2.156 20011 -20012 20024 -20025 20032 -20033 imp:n,p 1
300108 400108 -2.156 20011 -20012 20024 -20025 20033 -20034 imp:n,p 1
300109 400109 -2.156 20011 -20012 20024 -20025 20034 -20035 imp:n,p 1
300110 400110 -2.156 20012 -20013 20024 -20025 20030 -20031 imp:n,p 1
300111 400111 -2.156 20012 -20013 20024 -20025 20031 -20032 imp:n,p 1
300112 400112 -2.156 20012 -20013 20024 -20025 20032 -20033 imp:n,p 1
300113 400113 -2.156 20012 -20013 20024 -20025 20033 -20034 imp:n,p 1
300114 400114 -2.156 20012 -20013 20024 -20025 20034 -20035 imp:n,p 1
300115 400115 -2.156 20013 -20014 20024 -20025 20030 -20031 imp:n,p 1
300116 400116 -2.156 20013 -20014 20024 -20025 20031 -20032 imp:n,p 1
300117 400117 -2.156 20013 -20014 20024 -20025 20032 -20033 imp:n,p 1
300118 400118 -2.156 20013 -20014 20024 -20025 20033 -20034 imp:n,p 1
300119 400119 -2.156 20013 -20014 20024 -20025 20034 -20035 imp:n,p 1
300120 400120 -2.156 20014 -20015 20024 -20025 20030 -20031 imp:n,p 1
300121 400121 -2.156 20014 -20015 20024 -20025 20031 -20032 imp:n,p 1
300122 400122 -2.156 20014 -20015 20024 -20025 20032 -20033 imp:n,p 1
300123 400123 -2.156 20014 -20015 20024 -20025 20033 -20034 imp:n,p 1
300124 400124 -2.156 20014 -20015 20024 -20025 20034 -20035 imp:n,p 1
c
30 12 -0.00129 -200 #101 #121 #122 #123 #124 #125 #126 #127 #128 #129 #130 #131 #132 #133
        #21 #211 #212 #22 #221 #222 #23 #231 #232 #24 #241 #242 #20 imp:n,p 1 $Rest of the World
31 0 200 imp:n,p 0 $Outside world

c SURFACE CARDS
c
c Sample Volume
20010 px -56.0
20011 px -33.600000000000364
20012 px -11.200000000000728
20013 px 11.200000000000728
20014 px 33.600000000000364
20015 px 56.0
20020 py -45.0
20021 py -27.0
20022 py -9.0
20023 py 9.0
20024 py 27.0
20025 py 45.0
20030 pz 92.0
20031 pz 82.0
20032 pz 72.0
20033 pz 62.0
20034 pz 52.0
20035 pz 42.0
c Active Detector Region
21 rcc 56  -5.0 -1.0   0.0 20.3 0.0   4.5 $Detector 1 Base center, Hx,Hy,Hz, radius
c Shielding Surfaces
c Shielding Pb
31 rpp 19 29 -7.5 7.5 -11 9 $PbPE xmin xmax ymin ymax zmin zmax
32 rpp 9 19 4 9 -11 9 $Pb xmin xmax ymin ymax zmin zmax
33 rpp 9 19 -9 -4 -11 9 $Pb xmin xmax ymin ymax zmin zmax
34 rpp 19 29 7.5 12.5 -11 9 $Pb xmin xmax ymin ymax zmin zmax
35 rpp 19 29 -12.5 -7.5 -11 9 $Pb xmin xmax ymin ymax zmin zmax
36 rpp 29 34 -15 15 -11 9 $Pb xmin xmax ymin ymax zmin zmax
37 rpp 9 19 -4 4 4 9 $Pb xmin xmax ymin ymax zmin zmax
38 rpp -26 26 18 28 -11 9 $BA1 xmin xmax ymin ymax zmin zmax
39 rpp -26 26 -28 -18 -11 9 $BA2 xmin xmax ymin ymax zmin zmax
40 rpp -65 65 -28 28 10 10.5 $Al xmin xmax ymin ymax zmin zmax
401 rpp -27 27 29 34 -11 9 $Fe xmin xmax ymin ymax zmin zmax
402 rpp -27 27 -34 -29 -11 9 $Fe xmin xmax ymin ymax zmin zmax
301 px -20
302 px 18
303 cx 3.71
304 cx 3.81
c Wheels Surfaces
c 23/10.5-12 turf tires, 22.6 lb rubber
c diameter 29cm, tread width 25cm, and sidewall height 13.76 cm
c set thickness of all sides 1.3 cm (s.t. weight is 22.6 lb)
41 rcc -2 77 8   0.0 25 0.0 29 $wheel 1 outer tread surface
42 rcc -2 77 8   0.0 25 0.0 27.7 $wheel 1 inner tread surface
421 rcc -2 75.7 8   0.0 1.3 0.0 29 $wheel 1 outside sidewall exterior
422 rcc -2 75.7 8   0.0 1.3 0.0 15.24 $wheel 1 outside sidewall interior
423 rcc -2 102 8   0.0 1.3 0.0 29 $wheel 1 inside sidewall exterior
424 rcc -2 102 8   0.0 1.3 0.0 15.24 $wheel 1 inside sidewall interior
43 rcc 68 77 8   0.0 25 0.0 29 $wheel 2
44 rcc 68 77 8   0.0 25 0.0 27.7
441 rcc 68 75.7 8   0.0 1.3 0.0 29
442 rcc 68 75.7 8   0.0 1.3 0.0 15.24
443 rcc 68 102 8   0.0 1.3 0.0 29
444 rcc 68 102 8   0.0 1.3 0.0 15.24
45 rcc -2 -77 8   0.0 -25 0.0 29 $wheel 3
46 rcc -2 -77 8   0.0 -25 0.0 27.7
461 rcc -2 -75.7 8   0.0 -1.3 0.0 29
462 rcc -2 -75.7 8   0.0 -1.3 0.0 15.24
463 rcc -2 -102 8   0.0 -1.3 0.0 29
464 rcc -2 -102 8   0.0 -1.3 0.0 15.24
47 rcc 68 -77 8   0.0 -25 0.0 29 $wheel 4
48 rcc 68 -77 8   0.0 -25 0.0 27.7
481 rcc 68 -75.7 8   0.0 -1.3 0.0 29
482 rcc 68 -75.7 8   0.0 -1.3 0.0 15.24
483 rcc 68 -102 8   0.0 -1.3 0.0 29
484 rcc 68 -102 8   0.0 -1.3 0.0 15.24
200 so 800    $sphere of 800cm centered at origin
c

c DATA CARDS
mode n p
c dump every hr
prdmp -60 -60 -1
c 100 keV Neutron Energy Cutoff
Cut:n 1j 0.1
c analog neutron transport
phys:n 1j 14
phys:p
sdef pos=0 0 0 erg=14.0 vec= 0 0 1 dir=d1
si1  -1 .93 1
sp1   0  0.0  1.0
c ********************
c begin material cards
c ********************
c Pure Carbon
c ****************************************
m400000 6000 -0.00020267113636647887 7000 -0.00020267113636647887 14000 -0.999594657727267 
m400001 6000 -0.0017671616142876745 7000 -0.0017671616142876745 14000 -0.9964656767714247 
m400002 6000 -0.003984510645226081 7000 -0.003984510645226081 14000 -0.992030978709548 
m400003 6000 -0.005880077051317328 7000 -0.005880077051317328 14000 -0.9882398458973654 
m400004 6000 -0.006359247010264056 7000 -0.006359247010264056 14000 -0.9872815059794715 
m400005 6000 -0.0001220653769106533 7000 -0.0001220653769106533 14000 -0.9997558692461788 
m400006 6000 -0.001432013010274901 7000 -0.001432013010274901 14000 -0.9971359739794502 
m400007 6000 -0.0039684792700986115 7000 -0.0039684792700986115 14000 -0.9920630414598028 
m400008 6000 -0.005738990769461557 7000 -0.005738990769461557 14000 -0.9885220184610768 
m400009 6000 -0.006443413298135557 7000 -0.006443413298135557 14000 -0.9871131734037291 
m400010 6000 -0.00010918809893082885 7000 -0.00010918809893082885 14000 -0.9997816238021384 
m400011 6000 -0.001392917167409514 7000 -0.001392917167409514 14000 -0.9972141656651812 
m400012 6000 -0.0039105492882917136 7000 -0.0039105492882917136 14000 -0.9921789014234164 
m400013 6000 -0.005869215190429005 7000 -0.005869215190429005 14000 -0.9882615696191418 
m400014 6000 -0.006368884569176026 7000 -0.006368884569176026 14000 -0.9872622308616478 
m400015 6000 -0.00010431734740481894 7000 -0.00010431734740481894 14000 -0.9997913653051904 
m400016 6000 -0.0018693133478953237 7000 -0.0018693133478953237 14000 -0.9962613733042093 
m400017 6000 -0.004113806142622274 7000 -0.004113806142622274 14000 -0.9917723877147556 
m400018 6000 -0.0057292835644943176 7000 -0.0057292835644943176 14000 -0.9885414328710114 
m400019 6000 -0.006395493728477692 7000 -0.006395493728477692 14000 -0.9872090125430448 
m400020 6000 -0.00017371137907590582 7000 -0.00017371137907590582 14000 -0.9996525772418482 
m400021 6000 -0.0018925411141045667 7000 -0.0018925411141045667 14000 -0.9962149177717908 
m400022 6000 -0.0042970214857236694 7000 -0.0042970214857236694 14000 -0.9914059570285528 
m400023 6000 -0.005733055165430595 7000 -0.005733055165430595 14000 -0.9885338896691387 
m400024 6000 -0.006410779398797533 7000 -0.006410779398797533 14000 -0.9871784412024052 
m400025 6000 -0.00011869652877835264 7000 -0.00011869652877835264 14000 -0.9997626069424433 
m400026 6000 -0.00163043081558827 7000 -0.00163043081558827 14000 -0.9967391383688233 
m400027 6000 -0.00417478583033285 7000 -0.00417478583033285 14000 -0.9916504283393344 
m400028 6000 -0.005884720589630474 7000 -0.005884720589630474 14000 -0.9882305588207392 
m400029 6000 -0.006394390751136126 7000 -0.006394390751136126 14000 -0.9872112184977277 
m400030 6000 -6.584252018791507e-05 7000 -6.584252018791507e-05 14000 -0.9998683149596242 
m400031 6000 -0.0016539936170293385 7000 -0.0016539936170293385 14000 -0.9966920127659415 
m400032 6000 -0.004220772598277107 7000 -0.004220772598277107 14000 -0.9915584548034458 
m400033 6000 -0.005904649002041569 7000 -0.005904649002041569 14000 -0.9881907019959166 
m400034 6000 -0.0064057631772562506 7000 -0.0064057631772562506 14000 -0.9871884736454877 
m400035 6000 -0.00018566057244700728 7000 -0.00018566057244700728 14000 -0.9996286788551059 
m400036 6000 -0.0013633997791348618 7000 -0.0013633997791348618 14000 -0.9972732004417303 
m400037 6000 -0.0037348698825717345 7000 -0.0037348698825717345 14000 -0.9925302602348567 
m400038 6000 -0.005788761052168695 7000 -0.005788761052168695 14000 -0.9884224778956627 
m400039 6000 -0.006436795960823959 7000 -0.006436795960823959 14000 -0.987126408078352 
m400040 6000 -0.00018254109875957402 7000 -0.00018254109875957402 14000 -0.9996349178024809 
m400041 6000 -0.001554038567362872 7000 -0.001554038567362872 14000 -0.9968919228652743 
m400042 6000 -0.0041801166820272 7000 -0.0041801166820272 14000 -0.9916397666359452 
m400043 6000 -0.005726065455710436 7000 -0.005726065455710436 14000 -0.9885478690885792 
m400044 6000 -0.006354847886282322 7000 -0.006354847886282322 14000 -0.9872903042274355 
m400045 6000 -5.594621396593873e-05 7000 -5.594621396593873e-05 14000 -0.999888107572068 
m400046 6000 -0.0014879293479806634 7000 -0.0014879293479806634 14000 -0.9970241413040385 
m400047 6000 -0.0038926631558536934 7000 -0.0038926631558536934 14000 -0.9922146736882929 
m400048 6000 -0.0059455484445950415 7000 -0.0059455484445950415 14000 -0.9881089031108101 
m400049 6000 -0.006420793997314337 7000 -0.006420793997314337 14000 -0.9871584120053715 
m400050 6000 -8.472472736335132e-05 7000 -8.472472736335132e-05 14000 -0.9998305505452734 
m400051 6000 -0.001587757141148037 7000 -0.001587757141148037 14000 -0.996824485717704 
m400052 6000 -0.00410285898506015 7000 -0.00410285898506015 14000 -0.9917942820298795 
m400053 6000 -0.005855641272676262 7000 -0.005855641272676262 14000 -0.9882887174546476 
m400054 6000 -0.006454313615088131 7000 -0.006454313615088131 14000 -0.9870913727698237 
m400055 6000 -0.00013436406065511886 7000 -0.00013436406065511886 14000 -0.9997312718786898 
m400056 6000 -0.0015063380534653481 7000 -0.0015063380534653481 14000 -0.9969873238930691 
m400057 6000 -0.0044314905389375 7000 -0.0044314905389375 14000 -0.991137018922125 
m400058 6000 -0.005505345574580794 7000 -0.005505345574580794 14000 -0.9889893088508385 
m400059 6000 -0.006392421080637641 7000 -0.006392421080637641 14000 -0.9872151578387244 
m400060 6000 -0.00017893396847318513 7000 -0.00017893396847318513 14000 -0.9996421320630537 
m400061 6000 -0.0010966780247879714 7000 -0.0010966780247879714 14000 -0.9978066439504241 
m400062 6000 -0.004009216725217647 7000 -0.004009216725217647 14000 -0.9919815665495645 
m400063 6000 -0.005777907002503612 7000 -0.005777907002503612 14000 -0.9884441859949926 
m400064 6000 -0.006371118802198821 7000 -0.006371118802198821 14000 -0.9872577623956021 
m400065 6000 -0.0001112845554233161 7000 -0.0001112845554233161 14000 -0.9997774308891533 
m400066 6000 -0.0018054838906493011 7000 -0.0018054838906493011 14000 -0.9963890322187016 
m400067 6000 -0.003990524675877075 7000 -0.003990524675877075 14000 -0.992018950648246 
m400068 6000 -0.005964427428875636 7000 -0.005964427428875636 14000 -0.9880711451422486 
m400069 6000 -0.006396179956571567 7000 -0.006396179956571567 14000 -0.9872076400868569 
m400070 6000 -7.422281677967591e-05 7000 -7.422281677967591e-05 14000 -0.9998515543664407 
m400071 6000 -0.001953752117663332 7000 -0.001953752117663332 14000 -0.9960924957646731 
m400072 6000 -0.003930071684095213 7000 -0.003930071684095213 14000 -0.9921398566318096 
m400073 6000 -0.0058659710361924165 7000 -0.0058659710361924165 14000 -0.9882680579276155 
m400074 6000 -0.006395985852140463 7000 -0.006395985852140463 14000 -0.9872080282957189 
m400075 6000 -9.424983296602862e-05 7000 -9.424983296602862e-05 14000 -0.9998115003340681 
m400076 6000 -0.0013815485601855028 7000 -0.0013815485601855028 14000 -0.997236902879629 
m400077 6000 -0.0043230505309118355 7000 -0.0043230505309118355 14000 -0.9913538989381763 
m400078 6000 -0.006004038356331715 7000 -0.006004038356331715 14000 -0.9879919232873366 
m400079 6000 -0.006393980995059053 7000 -0.006393980995059053 14000 -0.9872120380098822 
m400080 6000 -0.0001169781653913464 7000 -0.0001169781653913464 14000 -0.9997660436692173 
m400081 6000 -0.0016502275375112193 7000 -0.0016502275375112193 14000 -0.9966995449249777 
m400082 6000 -0.00407838998013404 7000 -0.00407838998013404 14000 -0.991843220039732 
m400083 6000 -0.00595700776824078 7000 -0.00595700776824078 14000 -0.9880859844635184 
m400084 6000 -0.006384369082699399 7000 -0.006384369082699399 14000 -0.9872312618346012 
m400085 6000 -0.0001854906978733562 7000 -0.0001854906978733562 14000 -0.9996290186042532 
m400086 6000 -0.0016056830692995428 7000 -0.0016056830692995428 14000 -0.9967886338614009 
m400087 6000 -0.00379602405680575 7000 -0.00379602405680575 14000 -0.9924079518863885 
m400088 6000 -0.005789023142532589 7000 -0.005789023142532589 14000 -0.9884219537149348 
m400089 6000 -0.006393910879158947 7000 -0.006393910879158947 14000 -0.9872121782416827 
m400090 6000 -0.0001707736091723578 7000 -0.0001707736091723578 14000 -0.9996584527816552 
m400091 6000 -0.001863670175155377 7000 -0.001863670175155377 14000 -0.9962726596496893 
m400092 6000 -0.004012142776150643 7000 -0.004012142776150643 14000 -0.9919757144476988 
m400093 6000 -0.005717167701053215 7000 -0.005717167701053215 14000 -0.9885656645978937 
m400094 6000 -0.006362208110342385 7000 -0.006362208110342385 14000 -0.9872755837793155 
m400095 6000 -0.0002145498881835959 7000 -0.0002145498881835959 14000 -0.9995709002236327 
m400096 6000 -0.0018521001571562775 7000 -0.0018521001571562775 14000 -0.9962957996856876 
m400097 6000 -0.004002058902788774 7000 -0.004002058902788774 14000 -0.9919958821944225 
m400098 6000 -0.0058461116945024635 7000 -0.0058461116945024635 14000 -0.9883077766109949 
m400099 6000 -0.006376339032301413 7000 -0.006376339032301413 14000 -0.987247321935397 
m400100 6000 -0.0002140616585344061 7000 -0.0002140616585344061 14000 -0.9995718766829311 
m400101 6000 -0.0013035151867465914 7000 -0.0013035151867465914 14000 -0.9973929696265067 
m400102 6000 -0.004010024592275762 7000 -0.004010024592275762 14000 -0.9919799508154483 
m400103 6000 -0.00572289654517734 7000 -0.00572289654517734 14000 -0.9885542069096455 
m400104 6000 -0.00637204161876609 7000 -0.00637204161876609 14000 -0.9872559167624683 
m400105 6000 -0.00021553924759447639 7000 -0.00021553924759447639 14000 -0.9995689215048111 
m400106 6000 -0.0014149115087283154 7000 -0.0014149115087283154 14000 -0.9971701769825435 
m400107 6000 -0.0042010968329821265 7000 -0.0042010968329821265 14000 -0.9915978063340362 
m400108 6000 -0.005700385446734462 7000 -0.005700385446734462 14000 -0.988599229106531 
m400109 6000 -0.0064540386931006164 7000 -0.0064540386931006164 14000 -0.9870919226137989 
m400110 6000 -8.604512317783618e-05 7000 -8.604512317783618e-05 14000 -0.9998279097536442 
m400111 6000 -0.0012971326176515355 7000 -0.0012971326176515355 14000 -0.9974057347646966 
m400112 6000 -0.004112028469801761 7000 -0.004112028469801761 14000 -0.9917759430603965 
m400113 6000 -0.005663950791000422 7000 -0.005663950791000422 14000 -0.9886720984179991 
m400114 6000 -0.006367042267429758 7000 -0.006367042267429758 14000 -0.9872659154651404 
m400115 6000 -0.00016876859981794382 7000 -0.00016876859981794382 14000 -0.999662462800364 
m400116 6000 -0.0013454069533688844 7000 -0.0013454069533688844 14000 -0.9973091860932621 
m400117 6000 -0.004277068643860818 7000 -0.004277068643860818 14000 -0.9914458627122782 
m400118 6000 -0.005794082337774922 7000 -0.005794082337774922 14000 -0.9884118353244503 
m400119 6000 -0.00638674997953449 7000 -0.00638674997953449 14000 -0.9872265000409313 
m400120 6000 -0.00012272169319844887 7000 -0.00012272169319844887 14000 -0.9997545566136031 
m400121 6000 -0.0017008233230004655 7000 -0.0017008233230004655 14000 -0.9965983533539989 
m400122 6000 -0.003946467838763447 7000 -0.003946467838763447 14000 -0.9921070643224733 
m400123 6000 -0.005731380933596007 7000 -0.005731380933596007 14000 -0.9885372381328081 
m400124 6000 -0.006374042288316891 7000 -0.006374042288316891 14000 -0.9872519154233664 
c **********************************
c PE+Pb, dens=4.78 g/cm3
m2      6000    -0.04286 $Carbon
        1001    -0.00714 $Hydrogen
        82000   -0.95000 $Lead
c **********************************
m3    1001 -0.048535 $Boric acid
      5010 -0.034981
      5011 -0.139923
      8016 -0.776561
c **********************************
m4    82000 1 $Lead
c **********************************
m5 26000 1 $Iron
c **********************************
m6     13027   -1.000 $ Aluminum
c **********************************
c  SS-304 (8.00 g/cm3), #298 in PNNL Compendium
m7   006000.50c -0.0004000
     014000.60c -0.0050000
     015031.50c -0.0002300
     016000.60c -0.0001500
     024000.50c -0.1899981
     025055.60c -0.0099999
     026000.50c -0.7017229
     028000.50c -0.0924991
c ****************************************
c       LaBr detector
c ****************************************
m8       35079    -0.2946       $ Br79
         35081    -0.3069       $ Br81
         57139    -0.3485       $ La139
         58140    -0.0500       $ Ce140
c ************ air den=1.15e-3g/cc
m12     8016 -0.23
        7014 -0.77
c ************ Rubber Natural den=0.92 g/cc
m13     1001 -0.118371  $weight fraction
        6000 -0.881629
c
c end material cards
c
rand seed=8674536546524321 $different initial random #; seed# - any less 18 digits
c
c ********** begin tallies *********************
fc78 *********Broadened Pulse Height Tally Sum of Detectors 1,2 & 3 ***********
e78 0 1e-5 932i 8.4295
F78:p (101)
FT78 GEB -0.026198 0.059551 -0.037176
fc18 *********Unbroadened Pulse Height Tally Sum of Detectors 1,2 & 3 ***********
e18 0 1e-5 932i 8.4295
F18:p (101)
c ***********************************
c mplot tal 78 freq 10000
nps 1e9
