c CAS DETECTOR
c w/ Shielding in Place and Wheels
c
c CELL CARDS
c
c @@@@@@@@@@ Detectors @@@@@@@@@@@@@@@@@
c
101 8 -5.08 -21 imp:n,p 1 $LaBr Detector #1 Active Region
c
c @@@@@@@@@ Shielding @@@@@@@@@@@@@@@@@
c
121 2 -4.78 -31 imp:n,p 1 $PE_Pb
122 4 -11.29 -32 imp:n,p 1 $Pb1
123 4 -11.29 -33 imp:n,p 1 $Pb2
124 4 -11.29 -34 imp:n,p 1 $Pb3
125 4 -11.29 -35 imp:n,p 1 $Pb4
126 4 -11.29 -36 imp:n,p 1 $Pb5
127 4 -11.29 -37 imp:n,p 1 $Pb6
128 3 -1.5 -38 imp:n,p 1 $BA1
129 3 -1.5 -39 imp:n,p 1 $BA2
130 6 -2.7 -40 imp:n,p 1 $Al
131 7 -7.92 301 -302 303 -304 imp:n,p 1 $Fe-tube
132 5 -7.8 -401 imp:n,p 1 $Fe
133 5 -7.8 -402 imp:n,p 1 $Fe
c @@@@@@@@@@ Wheels @@@@@@@@@@@@@@@@@
c
21 13 -0.92 -41 42 imp:n,p 1 $Wheel 1
211 13 -0.92 -421 422 imp:n,p 1 $Wheel 1
212 13 -0.92 -423 424 imp:n,p 1 $Wheel 1
22 13 -0.92 -43 44 imp:n,p 1 $Wheel 2
221 13 -0.92 -441 442 imp:n,p 1 $Wheel 2
222 13 -0.92 -443 444 imp:n,p 1 $Wheel 2
23 13 -0.92 -45 46 imp:n,p 1 $Wheel 3
231 13 -0.92 -461 462 imp:n,p 1 $Wheel 3
232 13 -0.92 -463 464 imp:n,p 1 $Wheel 3
24 13 -0.92 -47 48 imp:n,p 1 $Wheel 4
241 13 -0.92 -481 482 imp:n,p 1 $Wheel 4
242 13 -0.92 -483 484 imp:n,p 1 $Wheel 4
c
c @@@@@@@@@@ SOIL VOLUME @@@@@@@@@@@
c
300000 400000 -2.156 20010 -20011 20020 -20021 20030 -20031 imp:n,p 1
300001 400001 -2.156 20010 -20011 20020 -20021 20031 -20032 imp:n,p 1
300002 400002 -2.156 20010 -20011 20020 -20021 20032 -20033 imp:n,p 1
300003 400003 -2.156 20010 -20011 20020 -20021 20033 -20034 imp:n,p 1
300004 400004 -2.156 20010 -20011 20020 -20021 20034 -20035 imp:n,p 1
300005 400005 -2.156 20011 -20012 20020 -20021 20030 -20031 imp:n,p 1
300006 400006 -2.156 20011 -20012 20020 -20021 20031 -20032 imp:n,p 1
300007 400007 -2.156 20011 -20012 20020 -20021 20032 -20033 imp:n,p 1
300008 400008 -2.156 20011 -20012 20020 -20021 20033 -20034 imp:n,p 1
300009 400009 -2.156 20011 -20012 20020 -20021 20034 -20035 imp:n,p 1
300010 400010 -2.156 20012 -20013 20020 -20021 20030 -20031 imp:n,p 1
300011 400011 -2.156 20012 -20013 20020 -20021 20031 -20032 imp:n,p 1
300012 400012 -2.156 20012 -20013 20020 -20021 20032 -20033 imp:n,p 1
300013 400013 -2.156 20012 -20013 20020 -20021 20033 -20034 imp:n,p 1
300014 400014 -2.156 20012 -20013 20020 -20021 20034 -20035 imp:n,p 1
300015 400015 -2.156 20013 -20014 20020 -20021 20030 -20031 imp:n,p 1
300016 400016 -2.156 20013 -20014 20020 -20021 20031 -20032 imp:n,p 1
300017 400017 -2.156 20013 -20014 20020 -20021 20032 -20033 imp:n,p 1
300018 400018 -2.156 20013 -20014 20020 -20021 20033 -20034 imp:n,p 1
300019 400019 -2.156 20013 -20014 20020 -20021 20034 -20035 imp:n,p 1
300020 400020 -2.156 20014 -20015 20020 -20021 20030 -20031 imp:n,p 1
300021 400021 -2.156 20014 -20015 20020 -20021 20031 -20032 imp:n,p 1
300022 400022 -2.156 20014 -20015 20020 -20021 20032 -20033 imp:n,p 1
300023 400023 -2.156 20014 -20015 20020 -20021 20033 -20034 imp:n,p 1
300024 400024 -2.156 20014 -20015 20020 -20021 20034 -20035 imp:n,p 1
300025 400025 -2.156 20010 -20011 20021 -20022 20030 -20031 imp:n,p 1
300026 400026 -2.156 20010 -20011 20021 -20022 20031 -20032 imp:n,p 1
300027 400027 -2.156 20010 -20011 20021 -20022 20032 -20033 imp:n,p 1
300028 400028 -2.156 20010 -20011 20021 -20022 20033 -20034 imp:n,p 1
300029 400029 -2.156 20010 -20011 20021 -20022 20034 -20035 imp:n,p 1
300030 400030 -2.156 20011 -20012 20021 -20022 20030 -20031 imp:n,p 1
300031 400031 -2.156 20011 -20012 20021 -20022 20031 -20032 imp:n,p 1
300032 400032 -2.156 20011 -20012 20021 -20022 20032 -20033 imp:n,p 1
300033 400033 -2.156 20011 -20012 20021 -20022 20033 -20034 imp:n,p 1
300034 400034 -2.156 20011 -20012 20021 -20022 20034 -20035 imp:n,p 1
300035 400035 -2.156 20012 -20013 20021 -20022 20030 -20031 imp:n,p 1
300036 400036 -2.156 20012 -20013 20021 -20022 20031 -20032 imp:n,p 1
300037 400037 -2.156 20012 -20013 20021 -20022 20032 -20033 imp:n,p 1
300038 400038 -2.156 20012 -20013 20021 -20022 20033 -20034 imp:n,p 1
300039 400039 -2.156 20012 -20013 20021 -20022 20034 -20035 imp:n,p 1
300040 400040 -2.156 20013 -20014 20021 -20022 20030 -20031 imp:n,p 1
300041 400041 -2.156 20013 -20014 20021 -20022 20031 -20032 imp:n,p 1
300042 400042 -2.156 20013 -20014 20021 -20022 20032 -20033 imp:n,p 1
300043 400043 -2.156 20013 -20014 20021 -20022 20033 -20034 imp:n,p 1
300044 400044 -2.156 20013 -20014 20021 -20022 20034 -20035 imp:n,p 1
300045 400045 -2.156 20014 -20015 20021 -20022 20030 -20031 imp:n,p 1
300046 400046 -2.156 20014 -20015 20021 -20022 20031 -20032 imp:n,p 1
300047 400047 -2.156 20014 -20015 20021 -20022 20032 -20033 imp:n,p 1
300048 400048 -2.156 20014 -20015 20021 -20022 20033 -20034 imp:n,p 1
300049 400049 -2.156 20014 -20015 20021 -20022 20034 -20035 imp:n,p 1
300050 400050 -2.156 20010 -20011 20022 -20023 20030 -20031 imp:n,p 1
300051 400051 -2.156 20010 -20011 20022 -20023 20031 -20032 imp:n,p 1
300052 400052 -2.156 20010 -20011 20022 -20023 20032 -20033 imp:n,p 1
300053 400053 -2.156 20010 -20011 20022 -20023 20033 -20034 imp:n,p 1
300054 400054 -2.156 20010 -20011 20022 -20023 20034 -20035 imp:n,p 1
300055 400055 -2.156 20011 -20012 20022 -20023 20030 -20031 imp:n,p 1
300056 400056 -2.156 20011 -20012 20022 -20023 20031 -20032 imp:n,p 1
300057 400057 -2.156 20011 -20012 20022 -20023 20032 -20033 imp:n,p 1
300058 400058 -2.156 20011 -20012 20022 -20023 20033 -20034 imp:n,p 1
300059 400059 -2.156 20011 -20012 20022 -20023 20034 -20035 imp:n,p 1
300060 400060 -2.156 20012 -20013 20022 -20023 20030 -20031 imp:n,p 1
300061 400061 -2.156 20012 -20013 20022 -20023 20031 -20032 imp:n,p 1
300062 400062 -2.156 20012 -20013 20022 -20023 20032 -20033 imp:n,p 1
300063 400063 -2.156 20012 -20013 20022 -20023 20033 -20034 imp:n,p 1
300064 400064 -2.156 20012 -20013 20022 -20023 20034 -20035 imp:n,p 1
300065 400065 -2.156 20013 -20014 20022 -20023 20030 -20031 imp:n,p 1
300066 400066 -2.156 20013 -20014 20022 -20023 20031 -20032 imp:n,p 1
300067 400067 -2.156 20013 -20014 20022 -20023 20032 -20033 imp:n,p 1
300068 400068 -2.156 20013 -20014 20022 -20023 20033 -20034 imp:n,p 1
300069 400069 -2.156 20013 -20014 20022 -20023 20034 -20035 imp:n,p 1
300070 400070 -2.156 20014 -20015 20022 -20023 20030 -20031 imp:n,p 1
300071 400071 -2.156 20014 -20015 20022 -20023 20031 -20032 imp:n,p 1
300072 400072 -2.156 20014 -20015 20022 -20023 20032 -20033 imp:n,p 1
300073 400073 -2.156 20014 -20015 20022 -20023 20033 -20034 imp:n,p 1
300074 400074 -2.156 20014 -20015 20022 -20023 20034 -20035 imp:n,p 1
300075 400075 -2.156 20010 -20011 20023 -20024 20030 -20031 imp:n,p 1
300076 400076 -2.156 20010 -20011 20023 -20024 20031 -20032 imp:n,p 1
300077 400077 -2.156 20010 -20011 20023 -20024 20032 -20033 imp:n,p 1
300078 400078 -2.156 20010 -20011 20023 -20024 20033 -20034 imp:n,p 1
300079 400079 -2.156 20010 -20011 20023 -20024 20034 -20035 imp:n,p 1
300080 400080 -2.156 20011 -20012 20023 -20024 20030 -20031 imp:n,p 1
300081 400081 -2.156 20011 -20012 20023 -20024 20031 -20032 imp:n,p 1
300082 400082 -2.156 20011 -20012 20023 -20024 20032 -20033 imp:n,p 1
300083 400083 -2.156 20011 -20012 20023 -20024 20033 -20034 imp:n,p 1
300084 400084 -2.156 20011 -20012 20023 -20024 20034 -20035 imp:n,p 1
300085 400085 -2.156 20012 -20013 20023 -20024 20030 -20031 imp:n,p 1
300086 400086 -2.156 20012 -20013 20023 -20024 20031 -20032 imp:n,p 1
300087 400087 -2.156 20012 -20013 20023 -20024 20032 -20033 imp:n,p 1
300088 400088 -2.156 20012 -20013 20023 -20024 20033 -20034 imp:n,p 1
300089 400089 -2.156 20012 -20013 20023 -20024 20034 -20035 imp:n,p 1
300090 400090 -2.156 20013 -20014 20023 -20024 20030 -20031 imp:n,p 1
300091 400091 -2.156 20013 -20014 20023 -20024 20031 -20032 imp:n,p 1
300092 400092 -2.156 20013 -20014 20023 -20024 20032 -20033 imp:n,p 1
300093 400093 -2.156 20013 -20014 20023 -20024 20033 -20034 imp:n,p 1
300094 400094 -2.156 20013 -20014 20023 -20024 20034 -20035 imp:n,p 1
300095 400095 -2.156 20014 -20015 20023 -20024 20030 -20031 imp:n,p 1
300096 400096 -2.156 20014 -20015 20023 -20024 20031 -20032 imp:n,p 1
300097 400097 -2.156 20014 -20015 20023 -20024 20032 -20033 imp:n,p 1
300098 400098 -2.156 20014 -20015 20023 -20024 20033 -20034 imp:n,p 1
300099 400099 -2.156 20014 -20015 20023 -20024 20034 -20035 imp:n,p 1
300100 400100 -2.156 20010 -20011 20024 -20025 20030 -20031 imp:n,p 1
300101 400101 -2.156 20010 -20011 20024 -20025 20031 -20032 imp:n,p 1
300102 400102 -2.156 20010 -20011 20024 -20025 20032 -20033 imp:n,p 1
300103 400103 -2.156 20010 -20011 20024 -20025 20033 -20034 imp:n,p 1
300104 400104 -2.156 20010 -20011 20024 -20025 20034 -20035 imp:n,p 1
300105 400105 -2.156 20011 -20012 20024 -20025 20030 -20031 imp:n,p 1
300106 400106 -2.156 20011 -20012 20024 -20025 20031 -20032 imp:n,p 1
300107 400107 -2.156 20011 -20012 20024 -20025 20032 -20033 imp:n,p 1
300108 400108 -2.156 20011 -20012 20024 -20025 20033 -20034 imp:n,p 1
300109 400109 -2.156 20011 -20012 20024 -20025 20034 -20035 imp:n,p 1
300110 400110 -2.156 20012 -20013 20024 -20025 20030 -20031 imp:n,p 1
300111 400111 -2.156 20012 -20013 20024 -20025 20031 -20032 imp:n,p 1
300112 400112 -2.156 20012 -20013 20024 -20025 20032 -20033 imp:n,p 1
300113 400113 -2.156 20012 -20013 20024 -20025 20033 -20034 imp:n,p 1
300114 400114 -2.156 20012 -20013 20024 -20025 20034 -20035 imp:n,p 1
300115 400115 -2.156 20013 -20014 20024 -20025 20030 -20031 imp:n,p 1
300116 400116 -2.156 20013 -20014 20024 -20025 20031 -20032 imp:n,p 1
300117 400117 -2.156 20013 -20014 20024 -20025 20032 -20033 imp:n,p 1
300118 400118 -2.156 20013 -20014 20024 -20025 20033 -20034 imp:n,p 1
300119 400119 -2.156 20013 -20014 20024 -20025 20034 -20035 imp:n,p 1
300120 400120 -2.156 20014 -20015 20024 -20025 20030 -20031 imp:n,p 1
300121 400121 -2.156 20014 -20015 20024 -20025 20031 -20032 imp:n,p 1
300122 400122 -2.156 20014 -20015 20024 -20025 20032 -20033 imp:n,p 1
300123 400123 -2.156 20014 -20015 20024 -20025 20033 -20034 imp:n,p 1
300124 400124 -2.156 20014 -20015 20024 -20025 20034 -20035 imp:n,p 1
c
30 12 -0.00129 -200 #101 #121 #122 #123 #124 #125 #126 #127 #128 #129 #130 #131 #132 #133
        #21 #211 #212 #22 #221 #222 #23 #231 #232 #24 #241 #242 #20 imp:n,p 1 $Rest of the World
31 0 200 imp:n,p 0 $Outside world

c SURFACE CARDS
c
c Sample Volume
20010 px -56.0
20011 px -33.600000000000364
20012 px -11.199999999999818
20013 px 11.199999999999818
20014 px 33.600000000000364
20015 px 56.0
20020 py -45.0
20021 py -27.0
20022 py -9.0
20023 py 9.0
20024 py 27.0
20025 py 45.0
20030 pz 92.0
20031 pz 82.0
20032 pz 72.0
20033 pz 62.0
20034 pz 52.0
20035 pz 42.0
c Active Detector Region
21 rcc 56  -5.0 -1.0   0.0 20.3 0.0   4.5 $Detector 1 Base center, Hx,Hy,Hz, radius
c Shielding Surfaces
c Shielding Pb
31 rpp 19 29 -7.5 7.5 -11 9 $PbPE xmin xmax ymin ymax zmin zmax
32 rpp 9 19 4 9 -11 9 $Pb xmin xmax ymin ymax zmin zmax
33 rpp 9 19 -9 -4 -11 9 $Pb xmin xmax ymin ymax zmin zmax
34 rpp 19 29 7.5 12.5 -11 9 $Pb xmin xmax ymin ymax zmin zmax
35 rpp 19 29 -12.5 -7.5 -11 9 $Pb xmin xmax ymin ymax zmin zmax
36 rpp 29 34 -15 15 -11 9 $Pb xmin xmax ymin ymax zmin zmax
37 rpp 9 19 -4 4 4 9 $Pb xmin xmax ymin ymax zmin zmax
38 rpp -26 26 18 28 -11 9 $BA1 xmin xmax ymin ymax zmin zmax
39 rpp -26 26 -28 -18 -11 9 $BA2 xmin xmax ymin ymax zmin zmax
40 rpp -65 65 -28 28 10 10.5 $Al xmin xmax ymin ymax zmin zmax
401 rpp -27 27 29 34 -11 9 $Fe xmin xmax ymin ymax zmin zmax
402 rpp -27 27 -34 -29 -11 9 $Fe xmin xmax ymin ymax zmin zmax
301 px -20
302 px 18
303 cx 3.71
304 cx 3.81
c Wheels Surfaces
c 23/10.5-12 turf tires, 22.6 lb rubber
c diameter 29cm, tread width 25cm, and sidewall height 13.76 cm
c set thickness of all sides 1.3 cm (s.t. weight is 22.6 lb)
41 rcc -2 77 8   0.0 25 0.0 29 $wheel 1 outer tread surface
42 rcc -2 77 8   0.0 25 0.0 27.7 $wheel 1 inner tread surface
421 rcc -2 75.7 8   0.0 1.3 0.0 29 $wheel 1 outside sidewall exterior
422 rcc -2 75.7 8   0.0 1.3 0.0 15.24 $wheel 1 outside sidewall interior
423 rcc -2 102 8   0.0 1.3 0.0 29 $wheel 1 inside sidewall exterior
424 rcc -2 102 8   0.0 1.3 0.0 15.24 $wheel 1 inside sidewall interior
43 rcc 68 77 8   0.0 25 0.0 29 $wheel 2
44 rcc 68 77 8   0.0 25 0.0 27.7
441 rcc 68 75.7 8   0.0 1.3 0.0 29
442 rcc 68 75.7 8   0.0 1.3 0.0 15.24
443 rcc 68 102 8   0.0 1.3 0.0 29
444 rcc 68 102 8   0.0 1.3 0.0 15.24
45 rcc -2 -77 8   0.0 -25 0.0 29 $wheel 3
46 rcc -2 -77 8   0.0 -25 0.0 27.7
461 rcc -2 -75.7 8   0.0 -1.3 0.0 29
462 rcc -2 -75.7 8   0.0 -1.3 0.0 15.24
463 rcc -2 -102 8   0.0 -1.3 0.0 29
464 rcc -2 -102 8   0.0 -1.3 0.0 15.24
47 rcc 68 -77 8   0.0 -25 0.0 29 $wheel 4
48 rcc 68 -77 8   0.0 -25 0.0 27.7
481 rcc 68 -75.7 8   0.0 -1.3 0.0 29
482 rcc 68 -75.7 8   0.0 -1.3 0.0 15.24
483 rcc 68 -102 8   0.0 -1.3 0.0 29
484 rcc 68 -102 8   0.0 -1.3 0.0 15.24
200 so 800    $sphere of 800cm centered at origin
c

c DATA CARDS
mode n p
c dump every hr
prdmp -60 -60 -1
c 100 keV Neutron Energy Cutoff
Cut:n 1j 0.1
c analog neutron transport
phys:n 1j 14
phys:p
sdef pos=0 0 0 erg=14.0 vec= 0 0 1 dir=d1
si1  -1 .93 1
sp1   0  0.0  1.0
c ********************
c begin material cards
c ********************
c Pure Carbon
c ****************************************
m400000 6000 -0.00012258103141302157 7000 -0.00012258103141302157 14000 -0.9997548379371737 
m400001 6000 -0.0016954889600427786 7000 -0.0016954889600427786 14000 -0.9966090220799145 
m400002 6000 -0.003748990188720285 7000 -0.003748990188720285 14000 -0.9925020196225597 
m400003 6000 -0.005896556480632928 7000 -0.005896556480632928 14000 -0.988206887038734 
m400004 6000 -0.00635102935631267 7000 -0.00635102935631267 14000 -0.9872979412873749 
m400005 6000 -0.00014485999818168794 7000 -0.00014485999818168794 14000 -0.9997102800036366 
m400006 6000 -0.0018077365605510406 7000 -0.0018077365605510406 14000 -0.996384526878898 
m400007 6000 -0.004079538304884186 7000 -0.004079538304884186 14000 -0.9918409233902321 
m400008 6000 -0.00580563849744897 7000 -0.00580563849744897 14000 -0.9883887230051025 
m400009 6000 -0.006420908663074787 7000 -0.006420908663074787 14000 -0.9871581826738505 
m400010 6000 -0.0001026199090303976 7000 -0.0001026199090303976 14000 -0.9997947601819392 
m400011 6000 -0.0016326833439882437 7000 -0.0016326833439882437 14000 -0.9967346333120234 
m400012 6000 -0.004043426842226779 7000 -0.004043426842226779 14000 -0.9919131463155465 
m400013 6000 -0.005800338480544829 7000 -0.005800338480544829 14000 -0.9883993230389109 
m400014 6000 -0.0063997687619799905 7000 -0.0063997687619799905 14000 -0.9872004624760403 
m400015 6000 -0.0001334461429365251 7000 -0.0001334461429365251 14000 -0.9997331077141268 
m400016 6000 -0.0015699944974563718 7000 -0.0015699944974563718 14000 -0.996860011005087 
m400017 6000 -0.003870343723317497 7000 -0.003870343723317497 14000 -0.9922593125533652 
m400018 6000 -0.005999907038778915 7000 -0.005999907038778915 14000 -0.988000185922442 
m400019 6000 -0.006420423196003739 7000 -0.006420423196003739 14000 -0.9871591536079924 
m400020 6000 -0.0001754328943656245 7000 -0.0001754328943656245 14000 -0.9996491342112688 
m400021 6000 -0.0014201218657654757 7000 -0.0014201218657654757 14000 -0.997159756268469 
m400022 6000 -0.0035797326086947166 7000 -0.0035797326086947166 14000 -0.9928405347826106 
m400023 6000 -0.005828801226614662 7000 -0.005828801226614662 14000 -0.9883423975467706 
m400024 6000 -0.006390331606208821 7000 -0.006390331606208821 14000 -0.9872193367875823 
m400025 6000 -0.00013579052305027597 7000 -0.00013579052305027597 14000 -0.9997284189538997 
m400026 6000 -0.0017435404020275976 7000 -0.0017435404020275976 14000 -0.9965129191959448 
m400027 6000 -0.004263667451467062 7000 -0.004263667451467062 14000 -0.9914726650970661 
m400028 6000 -0.005846427024268451 7000 -0.005846427024268451 14000 -0.9883071459514633 
m400029 6000 -0.006455726278965228 7000 -0.006455726278965228 14000 -0.9870885474420693 
m400030 6000 -0.0001320377928465155 7000 -0.0001320377928465155 14000 -0.9997359244143068 
m400031 6000 -0.0015360581594752085 7000 -0.0015360581594752085 14000 -0.9969278836810495 
m400032 6000 -0.0041139274188694034 7000 -0.0041139274188694034 14000 -0.9917721451622612 
m400033 6000 -0.005789376854061657 7000 -0.005789376854061657 14000 -0.9884212462918766 
m400034 6000 -0.006391398706037307 7000 -0.006391398706037307 14000 -0.9872172025879256 
m400035 6000 -0.00011729350507300382 7000 -0.00011729350507300382 14000 -0.9997654129898541 
m400036 6000 -0.0012854409938547135 7000 -0.0012854409938547135 14000 -0.9974291180122905 
m400037 6000 -0.0042286911954200705 7000 -0.0042286911954200705 14000 -0.9915426176091602 
m400038 6000 -0.0058337927857067115 7000 -0.0058337927857067115 14000 -0.9883324144285863 
m400039 6000 -0.006387685836835336 7000 -0.006387685836835336 14000 -0.9872246283263292 
m400040 6000 -0.0002081611326732334 7000 -0.0002081611326732334 14000 -0.9995836777346534 
m400041 6000 -0.0016497089592258157 7000 -0.0016497089592258157 14000 -0.9967005820815484 
m400042 6000 -0.004250224483834809 7000 -0.004250224483834809 14000 -0.9914995510323305 
m400043 6000 -0.005646011885679483 7000 -0.005646011885679483 14000 -0.9887079762286411 
m400044 6000 -0.006447179745003089 7000 -0.006447179745003089 14000 -0.9871056405099936 
m400045 6000 -0.00013096344151603464 7000 -0.00013096344151603464 14000 -0.999738073116968 
m400046 6000 -0.0015228898715485858 7000 -0.0015228898715485858 14000 -0.9969542202569026 
m400047 6000 -0.004393745295367385 7000 -0.004393745295367385 14000 -0.9912125094092652 
m400048 6000 -0.005828213347904426 7000 -0.005828213347904426 14000 -0.9883435733041911 
m400049 6000 -0.00637782861287978 7000 -0.00637782861287978 14000 -0.9872443427742403 
m400050 6000 -0.00014405136850516642 7000 -0.00014405136850516642 14000 -0.9997118972629897 
m400051 6000 -0.001652875977750804 7000 -0.001652875977750804 14000 -0.996694248044498 
m400052 6000 -0.004478183666315179 7000 -0.004478183666315179 14000 -0.9910436326673697 
m400053 6000 -0.005856282882114091 7000 -0.005856282882114091 14000 -0.9882874342357719 
m400054 6000 -0.006385760063845596 7000 -0.006385760063845596 14000 -0.9872284798723087 
m400055 6000 -0.00016509819112106981 7000 -0.00016509819112106981 14000 -0.9996698036177579 
m400056 6000 -0.0018410125159703838 7000 -0.0018410125159703838 14000 -0.9963179749680591 
m400057 6000 -0.003919680511651146 7000 -0.003919680511651146 14000 -0.9921606389766978 
m400058 6000 -0.00575400309468223 7000 -0.00575400309468223 14000 -0.9884919938106352 
m400059 6000 -0.006418246463266906 7000 -0.006418246463266906 14000 -0.9871635070734662 
m400060 6000 -0.0002083207851974285 7000 -0.0002083207851974285 14000 -0.9995833584296052 
m400061 6000 -0.0012601557731333054 7000 -0.0012601557731333054 14000 -0.9974796884537335 
m400062 6000 -0.003715400793404954 7000 -0.003715400793404954 14000 -0.9925691984131901 
m400063 6000 -0.005884818863836827 7000 -0.005884818863836827 14000 -0.9882303622723265 
m400064 6000 -0.006393174660048751 7000 -0.006393174660048751 14000 -0.9872136506799026 
m400065 6000 -9.737453416128605e-05 7000 -9.737453416128605e-05 14000 -0.9998052509316774 
m400066 6000 -0.0014430342391484597 7000 -0.0014430342391484597 14000 -0.997113931521703 
m400067 6000 -0.004176058679230647 7000 -0.004176058679230647 14000 -0.991647882641539 
m400068 6000 -0.005862520056695711 7000 -0.005862520056695711 14000 -0.9882749598866085 
m400069 6000 -0.006456653256129956 7000 -0.006456653256129956 14000 -0.9870866934877398 
m400070 6000 -0.00013443463883046106 7000 -0.00013443463883046106 14000 -0.999731130722339 
m400071 6000 -0.0019333571501822927 7000 -0.0019333571501822927 14000 -0.9961332856996356 
m400072 6000 -0.004201770862572622 7000 -0.004201770862572622 14000 -0.9915964582748551 
m400073 6000 -0.005793732929372385 7000 -0.005793732929372385 14000 -0.9884125341412556 
m400074 6000 -0.006405157832536935 7000 -0.006405157832536935 14000 -0.9871896843349262 
m400075 6000 -9.404942351971129e-05 7000 -9.404942351971129e-05 14000 -0.9998119011529606 
m400076 6000 -0.001625872007978054 7000 -0.001625872007978054 14000 -0.9967482559840438 
m400077 6000 -0.0039973798467396295 7000 -0.0039973798467396295 14000 -0.9920052403065209 
m400078 6000 -0.005937213634354204 7000 -0.005937213634354204 14000 -0.9881255727312914 
m400079 6000 -0.0063791813760288975 7000 -0.0063791813760288975 14000 -0.9872416372479423 
m400080 6000 -7.120978466627641e-05 7000 -7.120978466627641e-05 14000 -0.9998575804306674 
m400081 6000 -0.0018169982297428675 7000 -0.0018169982297428675 14000 -0.9963660035405144 
m400082 6000 -0.0037915126777237494 7000 -0.0037915126777237494 14000 -0.9924169746445526 
m400083 6000 -0.005712288891823869 7000 -0.005712288891823869 14000 -0.9885754222163525 
m400084 6000 -0.006404887911357218 7000 -0.006404887911357218 14000 -0.9871902241772852 
m400085 6000 -0.00023501331999713465 7000 -0.00023501331999713465 14000 -0.9995299733600059 
m400086 6000 -0.0016176223157889106 7000 -0.0016176223157889106 14000 -0.9967647553684222 
m400087 6000 -0.004396782355652456 7000 -0.004396782355652456 14000 -0.9912064352886951 
m400088 6000 -0.005845171454181473 7000 -0.005845171454181473 14000 -0.9883096570916368 
m400089 6000 -0.006429023786324495 7000 -0.006429023786324495 14000 -0.9871419524273507 
m400090 6000 -0.00018165110533388358 7000 -0.00018165110533388358 14000 -0.9996366977893323 
m400091 6000 -0.0017599257405651414 7000 -0.0017599257405651414 14000 -0.9964801485188697 
m400092 6000 -0.003962853488526133 7000 -0.003962853488526133 14000 -0.9920742930229478 
m400093 6000 -0.005938398545604137 7000 -0.005938398545604137 14000 -0.9881232029087917 
m400094 6000 -0.00640850315544782 7000 -0.00640850315544782 14000 -0.9871829936891048 
m400095 6000 -7.562631724191747e-05 7000 -7.562631724191747e-05 14000 -0.9998487473655162 
m400096 6000 -0.001602365991977326 7000 -0.001602365991977326 14000 -0.996795268016045 
m400097 6000 -0.004155608482914551 7000 -0.004155608482914551 14000 -0.9916887830341709 
m400098 6000 -0.005846560495605766 7000 -0.005846560495605766 14000 -0.9883068790087887 
m400099 6000 -0.006408654828009509 7000 -0.006408654828009509 14000 -0.9871826903439809 
m400100 6000 -8.59541913162242e-05 7000 -8.59541913162242e-05 14000 -0.9998280916173675 
m400101 6000 -0.0016240363765799915 7000 -0.0016240363765799915 14000 -0.9967519272468398 
m400102 6000 -0.0039700668121522365 7000 -0.0039700668121522365 14000 -0.9920598663756952 
m400103 6000 -0.005728561461708987 7000 -0.005728561461708987 14000 -0.9885428770765821 
m400104 6000 -0.006382892331583451 7000 -0.006382892331583451 14000 -0.9872342153368331 
m400105 6000 -0.00015887959363333314 7000 -0.00015887959363333314 14000 -0.9996822408127334 
m400106 6000 -0.0017936028641697946 7000 -0.0017936028641697946 14000 -0.9964127942716601 
m400107 6000 -0.00402913275649722 7000 -0.00402913275649722 14000 -0.9919417344870056 
m400108 6000 -0.005822321890834607 7000 -0.005822321890834607 14000 -0.9883553562183303 
m400109 6000 -0.006424818795426578 7000 -0.006424818795426578 14000 -0.987150362409147 
m400110 6000 -0.00012915607704043865 7000 -0.00012915607704043865 14000 -0.9997416878459191 
m400111 6000 -0.001877593431508129 7000 -0.001877593431508129 14000 -0.9962448131369834 
m400112 6000 -0.00402811460790006 7000 -0.00402811460790006 14000 -0.9919437707842002 
m400113 6000 -0.006054045545795286 7000 -0.006054045545795286 14000 -0.9878919089084093 
m400114 6000 -0.006359264537897911 7000 -0.006359264537897911 14000 -0.9872814709242042 
m400115 6000 -7.688725323990834e-05 7000 -7.688725323990834e-05 14000 -0.9998462254935201 
m400116 6000 -0.001978054664269081 7000 -0.001978054664269081 14000 -0.9960438906714618 
m400117 6000 -0.003822223327999155 7000 -0.003822223327999155 14000 -0.9923555533440016 
m400118 6000 -0.005759272262556693 7000 -0.005759272262556693 14000 -0.9884814554748864 
m400119 6000 -0.006369091700295443 7000 -0.006369091700295443 14000 -0.9872618165994089 
m400120 6000 -8.230699644641706e-05 7000 -8.230699644641706e-05 14000 -0.9998353860071072 
m400121 6000 -0.0011405442993577342 7000 -0.0011405442993577342 14000 -0.9977189114012845 
m400122 6000 -0.004198498863551886 7000 -0.004198498863551886 14000 -0.9916030022728962 
m400123 6000 -0.005739725309951519 7000 -0.005739725309951519 14000 -0.9885205493800967 
m400124 6000 -0.006365363473931049 7000 -0.006365363473931049 14000 -0.9872692730521381 
c **********************************
c PE+Pb, dens=4.78 g/cm3
m2      6000    -0.04286 $Carbon
        1001    -0.00714 $Hydrogen
        82000   -0.95000 $Lead
c **********************************
m3    1001 -0.048535 $Boric acid
      5010 -0.034981
      5011 -0.139923
      8016 -0.776561
c **********************************
m4    82000 1 $Lead
c **********************************
m5 26000 1 $Iron
c **********************************
m6     13027   -1.000 $ Aluminum
c **********************************
c  SS-304 (8.00 g/cm3), #298 in PNNL Compendium
m7   006000.50c -0.0004000
     014000.60c -0.0050000
     015031.50c -0.0002300
     016000.60c -0.0001500
     024000.50c -0.1899981
     025055.60c -0.0099999
     026000.50c -0.7017229
     028000.50c -0.0924991
c ****************************************
c       LaBr detector
c ****************************************
m8       35079    -0.2946       $ Br79
         35081    -0.3069       $ Br81
         57139    -0.3485       $ La139
         58140    -0.0500       $ Ce140
c ************ air den=1.15e-3g/cc
m12     8016 -0.23
        7014 -0.77
c ************ Rubber Natural den=0.92 g/cc
m13     1001 -0.118371  $weight fraction
        6000 -0.881629
c
c end material cards
c
rand seed=8674536546524321 $different initial random #; seed# - any less 18 digits
c
c ********** begin tallies *********************
fc78 *********Broadened Pulse Height Tally Sum of Detectors 1,2 & 3 ***********
e78 0 1e-5 932i 8.4295
F78:p (101)
FT78 GEB -0.026198 0.059551 -0.037176
fc18 *********Unbroadened Pulse Height Tally Sum of Detectors 1,2 & 3 ***********
e18 0 1e-5 932i 8.4295
F18:p (101)
c ***********************************
c mplot tal 78 freq 10000
nps 1e9
