c CAS DETECTOR
c w/ Shielding in Place and Wheels
c
c CELL CARDS
c
c @@@@@@@@@@ Detectors @@@@@@@@@@@@@@@@@
c
101 8 -5.08 -21 imp:n,p 1 $LaBr Detector #1 Active Region
c
c @@@@@@@@@ Shielding @@@@@@@@@@@@@@@@@
c
121 2 -4.78 -31 imp:n,p 1 $PE_Pb
122 4 -11.29 -32 imp:n,p 1 $Pb1
123 4 -11.29 -33 imp:n,p 1 $Pb2
124 4 -11.29 -34 imp:n,p 1 $Pb3
125 4 -11.29 -35 imp:n,p 1 $Pb4
126 4 -11.29 -36 imp:n,p 1 $Pb5
127 4 -11.29 -37 imp:n,p 1 $Pb6
128 3 -1.5 -38 imp:n,p 1 $BA1
129 3 -1.5 -39 imp:n,p 1 $BA2
130 6 -2.7 -40 imp:n,p 1 $Al
131 7 -7.92 301 -302 303 -304 imp:n,p 1 $Fe-tube
132 5 -7.8 -401 imp:n,p 1 $Fe
133 5 -7.8 -402 imp:n,p 1 $Fe
c @@@@@@@@@@ Wheels @@@@@@@@@@@@@@@@@
c
21 13 -0.92 -41 42 imp:n,p 1 $Wheel 1
211 13 -0.92 -421 422 imp:n,p 1 $Wheel 1
212 13 -0.92 -423 424 imp:n,p 1 $Wheel 1
22 13 -0.92 -43 44 imp:n,p 1 $Wheel 2
221 13 -0.92 -441 442 imp:n,p 1 $Wheel 2
222 13 -0.92 -443 444 imp:n,p 1 $Wheel 2
23 13 -0.92 -45 46 imp:n,p 1 $Wheel 3
231 13 -0.92 -461 462 imp:n,p 1 $Wheel 3
232 13 -0.92 -463 464 imp:n,p 1 $Wheel 3
24 13 -0.92 -47 48 imp:n,p 1 $Wheel 4
241 13 -0.92 -481 482 imp:n,p 1 $Wheel 4
242 13 -0.92 -483 484 imp:n,p 1 $Wheel 4
c
c @@@@@@@@@@ SOIL VOLUME @@@@@@@@@@@
c
300000 400000 -2.156 20010 -20011 20020 -20021 20030 -20031 imp:n,p 1
300001 400001 -2.156 20010 -20011 20020 -20021 20031 -20032 imp:n,p 1
300002 400002 -2.156 20010 -20011 20020 -20021 20032 -20033 imp:n,p 1
300003 400003 -2.156 20010 -20011 20020 -20021 20033 -20034 imp:n,p 1
300004 400004 -2.156 20010 -20011 20020 -20021 20034 -20035 imp:n,p 1
300005 400005 -2.156 20011 -20012 20020 -20021 20030 -20031 imp:n,p 1
300006 400006 -2.156 20011 -20012 20020 -20021 20031 -20032 imp:n,p 1
300007 400007 -2.156 20011 -20012 20020 -20021 20032 -20033 imp:n,p 1
300008 400008 -2.156 20011 -20012 20020 -20021 20033 -20034 imp:n,p 1
300009 400009 -2.156 20011 -20012 20020 -20021 20034 -20035 imp:n,p 1
300010 400010 -2.156 20012 -20013 20020 -20021 20030 -20031 imp:n,p 1
300011 400011 -2.156 20012 -20013 20020 -20021 20031 -20032 imp:n,p 1
300012 400012 -2.156 20012 -20013 20020 -20021 20032 -20033 imp:n,p 1
300013 400013 -2.156 20012 -20013 20020 -20021 20033 -20034 imp:n,p 1
300014 400014 -2.156 20012 -20013 20020 -20021 20034 -20035 imp:n,p 1
300015 400015 -2.156 20013 -20014 20020 -20021 20030 -20031 imp:n,p 1
300016 400016 -2.156 20013 -20014 20020 -20021 20031 -20032 imp:n,p 1
300017 400017 -2.156 20013 -20014 20020 -20021 20032 -20033 imp:n,p 1
300018 400018 -2.156 20013 -20014 20020 -20021 20033 -20034 imp:n,p 1
300019 400019 -2.156 20013 -20014 20020 -20021 20034 -20035 imp:n,p 1
300020 400020 -2.156 20014 -20015 20020 -20021 20030 -20031 imp:n,p 1
300021 400021 -2.156 20014 -20015 20020 -20021 20031 -20032 imp:n,p 1
300022 400022 -2.156 20014 -20015 20020 -20021 20032 -20033 imp:n,p 1
300023 400023 -2.156 20014 -20015 20020 -20021 20033 -20034 imp:n,p 1
300024 400024 -2.156 20014 -20015 20020 -20021 20034 -20035 imp:n,p 1
300025 400025 -2.156 20010 -20011 20021 -20022 20030 -20031 imp:n,p 1
300026 400026 -2.156 20010 -20011 20021 -20022 20031 -20032 imp:n,p 1
300027 400027 -2.156 20010 -20011 20021 -20022 20032 -20033 imp:n,p 1
300028 400028 -2.156 20010 -20011 20021 -20022 20033 -20034 imp:n,p 1
300029 400029 -2.156 20010 -20011 20021 -20022 20034 -20035 imp:n,p 1
300030 400030 -2.156 20011 -20012 20021 -20022 20030 -20031 imp:n,p 1
300031 400031 -2.156 20011 -20012 20021 -20022 20031 -20032 imp:n,p 1
300032 400032 -2.156 20011 -20012 20021 -20022 20032 -20033 imp:n,p 1
300033 400033 -2.156 20011 -20012 20021 -20022 20033 -20034 imp:n,p 1
300034 400034 -2.156 20011 -20012 20021 -20022 20034 -20035 imp:n,p 1
300035 400035 -2.156 20012 -20013 20021 -20022 20030 -20031 imp:n,p 1
300036 400036 -2.156 20012 -20013 20021 -20022 20031 -20032 imp:n,p 1
300037 400037 -2.156 20012 -20013 20021 -20022 20032 -20033 imp:n,p 1
300038 400038 -2.156 20012 -20013 20021 -20022 20033 -20034 imp:n,p 1
300039 400039 -2.156 20012 -20013 20021 -20022 20034 -20035 imp:n,p 1
300040 400040 -2.156 20013 -20014 20021 -20022 20030 -20031 imp:n,p 1
300041 400041 -2.156 20013 -20014 20021 -20022 20031 -20032 imp:n,p 1
300042 400042 -2.156 20013 -20014 20021 -20022 20032 -20033 imp:n,p 1
300043 400043 -2.156 20013 -20014 20021 -20022 20033 -20034 imp:n,p 1
300044 400044 -2.156 20013 -20014 20021 -20022 20034 -20035 imp:n,p 1
300045 400045 -2.156 20014 -20015 20021 -20022 20030 -20031 imp:n,p 1
300046 400046 -2.156 20014 -20015 20021 -20022 20031 -20032 imp:n,p 1
300047 400047 -2.156 20014 -20015 20021 -20022 20032 -20033 imp:n,p 1
300048 400048 -2.156 20014 -20015 20021 -20022 20033 -20034 imp:n,p 1
300049 400049 -2.156 20014 -20015 20021 -20022 20034 -20035 imp:n,p 1
300050 400050 -2.156 20010 -20011 20022 -20023 20030 -20031 imp:n,p 1
300051 400051 -2.156 20010 -20011 20022 -20023 20031 -20032 imp:n,p 1
300052 400052 -2.156 20010 -20011 20022 -20023 20032 -20033 imp:n,p 1
300053 400053 -2.156 20010 -20011 20022 -20023 20033 -20034 imp:n,p 1
300054 400054 -2.156 20010 -20011 20022 -20023 20034 -20035 imp:n,p 1
300055 400055 -2.156 20011 -20012 20022 -20023 20030 -20031 imp:n,p 1
300056 400056 -2.156 20011 -20012 20022 -20023 20031 -20032 imp:n,p 1
300057 400057 -2.156 20011 -20012 20022 -20023 20032 -20033 imp:n,p 1
300058 400058 -2.156 20011 -20012 20022 -20023 20033 -20034 imp:n,p 1
300059 400059 -2.156 20011 -20012 20022 -20023 20034 -20035 imp:n,p 1
300060 400060 -2.156 20012 -20013 20022 -20023 20030 -20031 imp:n,p 1
300061 400061 -2.156 20012 -20013 20022 -20023 20031 -20032 imp:n,p 1
300062 400062 -2.156 20012 -20013 20022 -20023 20032 -20033 imp:n,p 1
300063 400063 -2.156 20012 -20013 20022 -20023 20033 -20034 imp:n,p 1
300064 400064 -2.156 20012 -20013 20022 -20023 20034 -20035 imp:n,p 1
300065 400065 -2.156 20013 -20014 20022 -20023 20030 -20031 imp:n,p 1
300066 400066 -2.156 20013 -20014 20022 -20023 20031 -20032 imp:n,p 1
300067 400067 -2.156 20013 -20014 20022 -20023 20032 -20033 imp:n,p 1
300068 400068 -2.156 20013 -20014 20022 -20023 20033 -20034 imp:n,p 1
300069 400069 -2.156 20013 -20014 20022 -20023 20034 -20035 imp:n,p 1
300070 400070 -2.156 20014 -20015 20022 -20023 20030 -20031 imp:n,p 1
300071 400071 -2.156 20014 -20015 20022 -20023 20031 -20032 imp:n,p 1
300072 400072 -2.156 20014 -20015 20022 -20023 20032 -20033 imp:n,p 1
300073 400073 -2.156 20014 -20015 20022 -20023 20033 -20034 imp:n,p 1
300074 400074 -2.156 20014 -20015 20022 -20023 20034 -20035 imp:n,p 1
300075 400075 -2.156 20010 -20011 20023 -20024 20030 -20031 imp:n,p 1
300076 400076 -2.156 20010 -20011 20023 -20024 20031 -20032 imp:n,p 1
300077 400077 -2.156 20010 -20011 20023 -20024 20032 -20033 imp:n,p 1
300078 400078 -2.156 20010 -20011 20023 -20024 20033 -20034 imp:n,p 1
300079 400079 -2.156 20010 -20011 20023 -20024 20034 -20035 imp:n,p 1
300080 400080 -2.156 20011 -20012 20023 -20024 20030 -20031 imp:n,p 1
300081 400081 -2.156 20011 -20012 20023 -20024 20031 -20032 imp:n,p 1
300082 400082 -2.156 20011 -20012 20023 -20024 20032 -20033 imp:n,p 1
300083 400083 -2.156 20011 -20012 20023 -20024 20033 -20034 imp:n,p 1
300084 400084 -2.156 20011 -20012 20023 -20024 20034 -20035 imp:n,p 1
300085 400085 -2.156 20012 -20013 20023 -20024 20030 -20031 imp:n,p 1
300086 400086 -2.156 20012 -20013 20023 -20024 20031 -20032 imp:n,p 1
300087 400087 -2.156 20012 -20013 20023 -20024 20032 -20033 imp:n,p 1
300088 400088 -2.156 20012 -20013 20023 -20024 20033 -20034 imp:n,p 1
300089 400089 -2.156 20012 -20013 20023 -20024 20034 -20035 imp:n,p 1
300090 400090 -2.156 20013 -20014 20023 -20024 20030 -20031 imp:n,p 1
300091 400091 -2.156 20013 -20014 20023 -20024 20031 -20032 imp:n,p 1
300092 400092 -2.156 20013 -20014 20023 -20024 20032 -20033 imp:n,p 1
300093 400093 -2.156 20013 -20014 20023 -20024 20033 -20034 imp:n,p 1
300094 400094 -2.156 20013 -20014 20023 -20024 20034 -20035 imp:n,p 1
300095 400095 -2.156 20014 -20015 20023 -20024 20030 -20031 imp:n,p 1
300096 400096 -2.156 20014 -20015 20023 -20024 20031 -20032 imp:n,p 1
300097 400097 -2.156 20014 -20015 20023 -20024 20032 -20033 imp:n,p 1
300098 400098 -2.156 20014 -20015 20023 -20024 20033 -20034 imp:n,p 1
300099 400099 -2.156 20014 -20015 20023 -20024 20034 -20035 imp:n,p 1
300100 400100 -2.156 20010 -20011 20024 -20025 20030 -20031 imp:n,p 1
300101 400101 -2.156 20010 -20011 20024 -20025 20031 -20032 imp:n,p 1
300102 400102 -2.156 20010 -20011 20024 -20025 20032 -20033 imp:n,p 1
300103 400103 -2.156 20010 -20011 20024 -20025 20033 -20034 imp:n,p 1
300104 400104 -2.156 20010 -20011 20024 -20025 20034 -20035 imp:n,p 1
300105 400105 -2.156 20011 -20012 20024 -20025 20030 -20031 imp:n,p 1
300106 400106 -2.156 20011 -20012 20024 -20025 20031 -20032 imp:n,p 1
300107 400107 -2.156 20011 -20012 20024 -20025 20032 -20033 imp:n,p 1
300108 400108 -2.156 20011 -20012 20024 -20025 20033 -20034 imp:n,p 1
300109 400109 -2.156 20011 -20012 20024 -20025 20034 -20035 imp:n,p 1
300110 400110 -2.156 20012 -20013 20024 -20025 20030 -20031 imp:n,p 1
300111 400111 -2.156 20012 -20013 20024 -20025 20031 -20032 imp:n,p 1
300112 400112 -2.156 20012 -20013 20024 -20025 20032 -20033 imp:n,p 1
300113 400113 -2.156 20012 -20013 20024 -20025 20033 -20034 imp:n,p 1
300114 400114 -2.156 20012 -20013 20024 -20025 20034 -20035 imp:n,p 1
300115 400115 -2.156 20013 -20014 20024 -20025 20030 -20031 imp:n,p 1
300116 400116 -2.156 20013 -20014 20024 -20025 20031 -20032 imp:n,p 1
300117 400117 -2.156 20013 -20014 20024 -20025 20032 -20033 imp:n,p 1
300118 400118 -2.156 20013 -20014 20024 -20025 20033 -20034 imp:n,p 1
300119 400119 -2.156 20013 -20014 20024 -20025 20034 -20035 imp:n,p 1
300120 400120 -2.156 20014 -20015 20024 -20025 20030 -20031 imp:n,p 1
300121 400121 -2.156 20014 -20015 20024 -20025 20031 -20032 imp:n,p 1
300122 400122 -2.156 20014 -20015 20024 -20025 20032 -20033 imp:n,p 1
300123 400123 -2.156 20014 -20015 20024 -20025 20033 -20034 imp:n,p 1
300124 400124 -2.156 20014 -20015 20024 -20025 20034 -20035 imp:n,p 1
c
30 12 -0.00129 -200 #101 #121 #122 #123 #124 #125 #126 #127 #128 #129 #130 #131 #132 #133
        #21 #211 #212 #22 #221 #222 #23 #231 #232 #24 #241 #242 #20 imp:n,p 1 $Rest of the World
31 0 200 imp:n,p 0 $Outside world

c SURFACE CARDS
c
c Sample Volume
20010 px -56.0
20011 px -33.600000000000364
20012 px -11.200000000000728
20013 px 11.200000000000728
20014 px 33.600000000000364
20015 px 56.0
20020 py -45.0
20021 py -27.0
20022 py -9.0
20023 py 9.0
20024 py 27.0
20025 py 45.0
20030 pz 92.0
20031 pz 82.0
20032 pz 72.0
20033 pz 62.0
20034 pz 52.0
20035 pz 42.0
c Active Detector Region
21 rcc 56  -5.0 -1.0   0.0 20.3 0.0   4.5 $Detector 1 Base center, Hx,Hy,Hz, radius
c Shielding Surfaces
c Shielding Pb
31 rpp 19 29 -7.5 7.5 -11 9 $PbPE xmin xmax ymin ymax zmin zmax
32 rpp 9 19 4 9 -11 9 $Pb xmin xmax ymin ymax zmin zmax
33 rpp 9 19 -9 -4 -11 9 $Pb xmin xmax ymin ymax zmin zmax
34 rpp 19 29 7.5 12.5 -11 9 $Pb xmin xmax ymin ymax zmin zmax
35 rpp 19 29 -12.5 -7.5 -11 9 $Pb xmin xmax ymin ymax zmin zmax
36 rpp 29 34 -15 15 -11 9 $Pb xmin xmax ymin ymax zmin zmax
37 rpp 9 19 -4 4 4 9 $Pb xmin xmax ymin ymax zmin zmax
38 rpp -26 26 18 28 -11 9 $BA1 xmin xmax ymin ymax zmin zmax
39 rpp -26 26 -28 -18 -11 9 $BA2 xmin xmax ymin ymax zmin zmax
40 rpp -65 65 -28 28 10 10.5 $Al xmin xmax ymin ymax zmin zmax
401 rpp -27 27 29 34 -11 9 $Fe xmin xmax ymin ymax zmin zmax
402 rpp -27 27 -34 -29 -11 9 $Fe xmin xmax ymin ymax zmin zmax
301 px -20
302 px 18
303 cx 3.71
304 cx 3.81
c Wheels Surfaces
c 23/10.5-12 turf tires, 22.6 lb rubber
c diameter 29cm, tread width 25cm, and sidewall height 13.76 cm
c set thickness of all sides 1.3 cm (s.t. weight is 22.6 lb)
41 rcc -2 77 8   0.0 25 0.0 29 $wheel 1 outer tread surface
42 rcc -2 77 8   0.0 25 0.0 27.7 $wheel 1 inner tread surface
421 rcc -2 75.7 8   0.0 1.3 0.0 29 $wheel 1 outside sidewall exterior
422 rcc -2 75.7 8   0.0 1.3 0.0 15.24 $wheel 1 outside sidewall interior
423 rcc -2 102 8   0.0 1.3 0.0 29 $wheel 1 inside sidewall exterior
424 rcc -2 102 8   0.0 1.3 0.0 15.24 $wheel 1 inside sidewall interior
43 rcc 68 77 8   0.0 25 0.0 29 $wheel 2
44 rcc 68 77 8   0.0 25 0.0 27.7
441 rcc 68 75.7 8   0.0 1.3 0.0 29
442 rcc 68 75.7 8   0.0 1.3 0.0 15.24
443 rcc 68 102 8   0.0 1.3 0.0 29
444 rcc 68 102 8   0.0 1.3 0.0 15.24
45 rcc -2 -77 8   0.0 -25 0.0 29 $wheel 3
46 rcc -2 -77 8   0.0 -25 0.0 27.7
461 rcc -2 -75.7 8   0.0 -1.3 0.0 29
462 rcc -2 -75.7 8   0.0 -1.3 0.0 15.24
463 rcc -2 -102 8   0.0 -1.3 0.0 29
464 rcc -2 -102 8   0.0 -1.3 0.0 15.24
47 rcc 68 -77 8   0.0 -25 0.0 29 $wheel 4
48 rcc 68 -77 8   0.0 -25 0.0 27.7
481 rcc 68 -75.7 8   0.0 -1.3 0.0 29
482 rcc 68 -75.7 8   0.0 -1.3 0.0 15.24
483 rcc 68 -102 8   0.0 -1.3 0.0 29
484 rcc 68 -102 8   0.0 -1.3 0.0 15.24
200 so 800    $sphere of 800cm centered at origin
c

c DATA CARDS
mode n p
c dump every hr
prdmp -60 -60 -1
c 100 keV Neutron Energy Cutoff
Cut:n 1j 0.1
c analog neutron transport
phys:n 1j 14
phys:p
sdef pos=0 0 0 erg=14.0 vec= 0 0 1 dir=d1
si1  -1 .93 1
sp1   0  0.0  1.0
c ********************
c begin material cards
c ********************
c Pure Carbon
c ****************************************
m400000 6000 -0.00014326414627366103 7000 -0.00014326414627366103 14000 -0.9997134717074527 
m400001 6000 -0.001628435363966096 7000 -0.001628435363966096 14000 -0.9967431292720679 
m400002 6000 -0.0038254187281969716 7000 -0.0038254187281969716 14000 -0.9923491625436063 
m400003 6000 -0.005804736458988614 7000 -0.005804736458988614 14000 -0.9883905270820226 
m400004 6000 -0.006267784414370981 7000 -0.006267784414370981 14000 -0.987464431171258 
m400005 6000 -0.00010917586555006859 7000 -0.00010917586555006859 14000 -0.9997816482688998 
m400006 6000 -0.001597997368831501 7000 -0.001597997368831501 14000 -0.9968040052623369 
m400007 6000 -0.004015101940746254 7000 -0.004015101940746254 14000 -0.9919697961185077 
m400008 6000 -0.005647662520479806 7000 -0.005647662520479806 14000 -0.9887046749590405 
m400009 6000 -0.006296985253059977 7000 -0.006296985253059977 14000 -0.98740602949388 
m400010 6000 -0.00010199490383741806 7000 -0.00010199490383741806 14000 -0.9997960101923252 
m400011 6000 -0.0017505213578830814 7000 -0.0017505213578830814 14000 -0.996498957284234 
m400012 6000 -0.00426315830295342 7000 -0.00426315830295342 14000 -0.9914736833940929 
m400013 6000 -0.005610562213626319 7000 -0.005610562213626319 14000 -0.9887788755727474 
m400014 6000 -0.00631010624386018 7000 -0.00631010624386018 14000 -0.9873797875122798 
m400015 6000 -0.00011749487943556843 7000 -0.00011749487943556843 14000 -0.9997650102411286 
m400016 6000 -0.00164980873200919 7000 -0.00164980873200919 14000 -0.9967003825359813 
m400017 6000 -0.003952834092529822 7000 -0.003952834092529822 14000 -0.9920943318149404 
m400018 6000 -0.005606837630199666 7000 -0.005606837630199666 14000 -0.9887863247396008 
m400019 6000 -0.006254801654043834 7000 -0.006254801654043834 14000 -0.9874903966919123 
m400020 6000 -0.000135873471619229 7000 -0.000135873471619229 14000 -0.9997282530567617 
m400021 6000 -0.0019193751754104857 7000 -0.0019193751754104857 14000 -0.9961612496491787 
m400022 6000 -0.0040155218874912135 7000 -0.0040155218874912135 14000 -0.9919689562250177 
m400023 6000 -0.0059464397482312135 7000 -0.0059464397482312135 14000 -0.9881071205035373 
m400024 6000 -0.006325236612161003 7000 -0.006325236612161003 14000 -0.9873495267756778 
m400025 6000 -6.841394362752562e-05 7000 -6.841394362752562e-05 14000 -0.9998631721127448 
m400026 6000 -0.001540990060987479 7000 -0.001540990060987479 14000 -0.9969180198780253 
m400027 6000 -0.003919167984100141 7000 -0.003919167984100141 14000 -0.9921616640317995 
m400028 6000 -0.005771654067973302 7000 -0.005771654067973302 14000 -0.9884566918640533 
m400029 6000 -0.006290531065628855 7000 -0.006290531065628855 14000 -0.9874189378687422 
m400030 6000 -4.677996957650863e-05 7000 -4.677996957650863e-05 14000 -0.999906440060847 
m400031 6000 -0.0009399591409175026 7000 -0.0009399591409175026 14000 -0.998120081718165 
m400032 6000 -0.004176413786992519 7000 -0.004176413786992519 14000 -0.991647172426015 
m400033 6000 -0.0057201755724384075 7000 -0.0057201755724384075 14000 -0.988559648855123 
m400034 6000 -0.006260022471747854 7000 -0.006260022471747854 14000 -0.9874799550565043 
m400035 6000 -4.499031901401752e-05 7000 -4.499031901401752e-05 14000 -0.9999100193619719 
m400036 6000 -0.0012722656994830763 7000 -0.0012722656994830763 14000 -0.9974554686010338 
m400037 6000 -0.0037964217278766686 7000 -0.0037964217278766686 14000 -0.9924071565442469 
m400038 6000 -0.005717828956329033 7000 -0.005717828956329033 14000 -0.9885643420873419 
m400039 6000 -0.0062730890948333885 7000 -0.0062730890948333885 14000 -0.9874538218103335 
m400040 6000 -0.00010718922922958679 7000 -0.00010718922922958679 14000 -0.9997856215415409 
m400041 6000 -0.0015385483353148408 7000 -0.0015385483353148408 14000 -0.9969229033293704 
m400042 6000 -0.004082482271864951 7000 -0.004082482271864951 14000 -0.9918350354562699 
m400043 6000 -0.005721517806137005 7000 -0.005721517806137005 14000 -0.9885569643877258 
m400044 6000 -0.006306733438597553 7000 -0.006306733438597553 14000 -0.9873865331228048 
m400045 6000 -9.46425889132622e-05 7000 -9.46425889132622e-05 14000 -0.9998107148221734 
m400046 6000 -0.0019178638881660664 7000 -0.0019178638881660664 14000 -0.996164272223668 
m400047 6000 -0.004549645904990374 7000 -0.004549645904990374 14000 -0.990900708190019 
m400048 6000 -0.005739595960824288 7000 -0.005739595960824288 14000 -0.9885208080783512 
m400049 6000 -0.006300977362213347 7000 -0.006300977362213347 14000 -0.9873980452755731 
m400050 6000 -5.303151324200185e-05 7000 -5.303151324200185e-05 14000 -0.9998939369735159 
m400051 6000 -0.0019170903397802707 7000 -0.0019170903397802707 14000 -0.9961658193204392 
m400052 6000 -0.003808945116071061 7000 -0.003808945116071061 14000 -0.9923821097678581 
m400053 6000 -0.005672051858465109 7000 -0.005672051858465109 14000 -0.9886558962830698 
m400054 6000 -0.006275229830113696 7000 -0.006275229830113696 14000 -0.9874495403397725 
m400055 6000 -9.794037574688117e-05 7000 -9.794037574688117e-05 14000 -0.9998041192485063 
m400056 6000 -0.0013472624363318503 7000 -0.0013472624363318503 14000 -0.9973054751273365 
m400057 6000 -0.003950807724508035 7000 -0.003950807724508035 14000 -0.9920983845509839 
m400058 6000 -0.005796959091221036 7000 -0.005796959091221036 14000 -0.988406081817558 
m400059 6000 -0.006285717157397117 7000 -0.006285717157397117 14000 -0.9874285656852057 
m400060 6000 -0.00015655421430343 7000 -0.00015655421430343 14000 -0.9996868915713931 
m400061 6000 -0.0017883281625268802 7000 -0.0017883281625268802 14000 -0.9964233436749462 
m400062 6000 -0.004018771681899994 7000 -0.004018771681899994 14000 -0.9919624566362003 
m400063 6000 -0.005733155213911537 7000 -0.005733155213911537 14000 -0.9885336895721768 
m400064 6000 -0.006275356256759037 7000 -0.006275356256759037 14000 -0.9874492874864821 
m400065 6000 -0.00011692865741250325 7000 -0.00011692865741250325 14000 -0.9997661426851748 
m400066 6000 -0.0012935585798576942 7000 -0.0012935585798576942 14000 -0.9974128828402846 
m400067 6000 -0.0039298490653126815 7000 -0.0039298490653126815 14000 -0.9921403018693745 
m400068 6000 -0.005618179886945367 7000 -0.005618179886945367 14000 -0.9887636402261093 
m400069 6000 -0.0063026791933143075 7000 -0.0063026791933143075 14000 -0.9873946416133716 
m400070 6000 -0.00017577970658366998 7000 -0.00017577970658366998 14000 -0.9996484405868329 
m400071 6000 -0.0017890305216433653 7000 -0.0017890305216433653 14000 -0.9964219389567134 
m400072 6000 -0.0035111690919156207 7000 -0.0035111690919156207 14000 -0.9929776618161688 
m400073 6000 -0.005742941009695125 7000 -0.005742941009695125 14000 -0.98851411798061 
m400074 6000 -0.006289649271366425 7000 -0.006289649271366425 14000 -0.987420701457267 
m400075 6000 -0.00014234217980688374 7000 -0.00014234217980688374 14000 -0.9997153156403862 
m400076 6000 -0.001389733930791684 7000 -0.001389733930791684 14000 -0.9972205321384167 
m400077 6000 -0.003988487682620423 7000 -0.003988487682620423 14000 -0.9920230246347594 
m400078 6000 -0.005700377937423333 7000 -0.005700377937423333 14000 -0.9885992441251535 
m400079 6000 -0.006302477494261799 7000 -0.006302477494261799 14000 -0.9873950450114763 
m400080 6000 -0.0001895605849522174 7000 -0.0001895605849522174 14000 -0.9996208788300955 
m400081 6000 -0.0020044070879778396 7000 -0.0020044070879778396 14000 -0.9959911858240444 
m400082 6000 -0.004197886525049008 7000 -0.004197886525049008 14000 -0.991604226949902 
m400083 6000 -0.005706640776938026 7000 -0.005706640776938026 14000 -0.9885867184461238 
m400084 6000 -0.006326945317986549 7000 -0.006326945317986549 14000 -0.9873461093640272 
m400085 6000 -7.069650393141084e-05 7000 -7.069650393141084e-05 14000 -0.9998586069921371 
m400086 6000 -0.0017725784387682495 7000 -0.0017725784387682495 14000 -0.9964548431224636 
m400087 6000 -0.00393705151394703 7000 -0.00393705151394703 14000 -0.9921258969721058 
m400088 6000 -0.005766347117752952 7000 -0.005766347117752952 14000 -0.9884673057644942 
m400089 6000 -0.006292168717919322 7000 -0.006292168717919322 14000 -0.9874156625641614 
m400090 6000 -0.0001712476457532059 7000 -0.0001712476457532059 14000 -0.9996575047084936 
m400091 6000 -0.00129957380887799 7000 -0.00129957380887799 14000 -0.997400852382244 
m400092 6000 -0.004142805756459878 7000 -0.004142805756459878 14000 -0.9917143884870806 
m400093 6000 -0.00590989154505907 7000 -0.00590989154505907 14000 -0.9881802169098819 
m400094 6000 -0.006340909091411584 7000 -0.006340909091411584 14000 -0.9873181818171771 
m400095 6000 -9.15477388473105e-05 7000 -9.15477388473105e-05 14000 -0.9998169045223054 
m400096 6000 -0.0015951135233483503 7000 -0.0015951135233483503 14000 -0.9968097729533035 
m400097 6000 -0.003962893666132655 7000 -0.003962893666132655 14000 -0.9920742126677347 
m400098 6000 -0.005649622002387737 7000 -0.005649622002387737 14000 -0.9887007559952246 
m400099 6000 -0.0062853906705565765 7000 -0.0062853906705565765 14000 -0.9874292186588867 
m400100 6000 -0.000155847028409419 7000 -0.000155847028409419 14000 -0.999688305943181 
m400101 6000 -0.00122143239261514 7000 -0.00122143239261514 14000 -0.99755713521477 
m400102 6000 -0.0038733572131659432 7000 -0.0038733572131659432 14000 -0.9922532855736678 
m400103 6000 -0.005650166874341084 7000 -0.005650166874341084 14000 -0.988699666251318 
m400104 6000 -0.0062906172348368775 7000 -0.0062906172348368775 14000 -0.9874187655303263 
m400105 6000 -8.006749506007937e-05 7000 -8.006749506007937e-05 14000 -0.9998398650098796 
m400106 6000 -0.001348105772481448 7000 -0.001348105772481448 14000 -0.9973037884550372 
m400107 6000 -0.0037747769046348645 7000 -0.0037747769046348645 14000 -0.9924504461907304 
m400108 6000 -0.005571236654295664 7000 -0.005571236654295664 14000 -0.9888575266914086 
m400109 6000 -0.006298977684522629 7000 -0.006298977684522629 14000 -0.9874020446309545 
m400110 6000 -0.00016661264303549997 7000 -0.00016661264303549997 14000 -0.9996667747139292 
m400111 6000 -0.0018360118500041528 7000 -0.0018360118500041528 14000 -0.9963279762999916 
m400112 6000 -0.003958379061807066 7000 -0.003958379061807066 14000 -0.992083241876386 
m400113 6000 -0.0056277522988664305 7000 -0.0056277522988664305 14000 -0.988744495402267 
m400114 6000 -0.006283782482714589 7000 -0.006283782482714589 14000 -0.9874324350345709 
m400115 6000 -0.00014482469471818895 7000 -0.00014482469471818895 14000 -0.9997103506105635 
m400116 6000 -0.0017328602662666525 7000 -0.0017328602662666525 14000 -0.9965342794674668 
m400117 6000 -0.004098589878852856 7000 -0.004098589878852856 14000 -0.9918028202422939 
m400118 6000 -0.0058660705158438955 7000 -0.0058660705158438955 14000 -0.9882678589683123 
m400119 6000 -0.006307996510993011 7000 -0.006307996510993011 14000 -0.987384006978014 
m400120 6000 -0.00016806910150197186 7000 -0.00016806910150197186 14000 -0.999663861796996 
m400121 6000 -0.0014967597156027225 7000 -0.0014967597156027225 14000 -0.9970064805687942 
m400122 6000 -0.004598424046683253 7000 -0.004598424046683253 14000 -0.9908031519066336 
m400123 6000 -0.0056531761862449684 7000 -0.0056531761862449684 14000 -0.9886936476275099 
m400124 6000 -0.006286002435731369 7000 -0.006286002435731369 14000 -0.9874279951285372 
c **********************************
c PE+Pb, dens=4.78 g/cm3
m2      6000    -0.04286 $Carbon
        1001    -0.00714 $Hydrogen
        82000   -0.95000 $Lead
c **********************************
m3    1001 -0.048535 $Boric acid
      5010 -0.034981
      5011 -0.139923
      8016 -0.776561
c **********************************
m4    82000 1 $Lead
c **********************************
m5 26000 1 $Iron
c **********************************
m6     13027   -1.000 $ Aluminum
c **********************************
c  SS-304 (8.00 g/cm3), #298 in PNNL Compendium
m7   006000.50c -0.0004000
     014000.60c -0.0050000
     015031.50c -0.0002300
     016000.60c -0.0001500
     024000.50c -0.1899981
     025055.60c -0.0099999
     026000.50c -0.7017229
     028000.50c -0.0924991
c ****************************************
c       LaBr detector
c ****************************************
m8       35079    -0.2946       $ Br79
         35081    -0.3069       $ Br81
         57139    -0.3485       $ La139
         58140    -0.0500       $ Ce140
c ************ air den=1.15e-3g/cc
m12     8016 -0.23
        7014 -0.77
c ************ Rubber Natural den=0.92 g/cc
m13     1001 -0.118371  $weight fraction
        6000 -0.881629
c
c end material cards
c
rand seed=8674536546524321 $different initial random #; seed# - any less 18 digits
c
c ********** begin tallies *********************
fc78 *********Broadened Pulse Height Tally Sum of Detectors 1,2 & 3 ***********
e78 0 1e-5 932i 8.4295
F78:p (101)
FT78 GEB -0.026198 0.059551 -0.037176
fc18 *********Unbroadened Pulse Height Tally Sum of Detectors 1,2 & 3 ***********
e18 0 1e-5 932i 8.4295
F18:p (101)
c ***********************************
c mplot tal 78 freq 10000
nps 1e9
