c CAS DETECTOR
c w/ Shielding in Place and Wheels
c
c CELL CARDS
c
c @@@@@@@@@@ Detectors @@@@@@@@@@@@@@@@@
c
101 8 -5.08 -21 imp:n,p 1 $LaBr Detector #1 Active Region
c
c @@@@@@@@@ Shielding @@@@@@@@@@@@@@@@@
c
121 2 -4.78 -31 imp:n,p 1 $PE_Pb
122 4 -11.29 -32 imp:n,p 1 $Pb1
123 4 -11.29 -33 imp:n,p 1 $Pb2
124 4 -11.29 -34 imp:n,p 1 $Pb3
125 4 -11.29 -35 imp:n,p 1 $Pb4
126 4 -11.29 -36 imp:n,p 1 $Pb5
127 4 -11.29 -37 imp:n,p 1 $Pb6
128 3 -1.5 -38 imp:n,p 1 $BA1
129 3 -1.5 -39 imp:n,p 1 $BA2
130 6 -2.7 -40 imp:n,p 1 $Al
131 7 -7.92 301 -302 303 -304 imp:n,p 1 $Fe-tube
132 5 -7.8 -401 imp:n,p 1 $Fe
133 5 -7.8 -402 imp:n,p 1 $Fe
c @@@@@@@@@@ Wheels @@@@@@@@@@@@@@@@@
c
21 13 -0.92 -41 42 imp:n,p 1 $Wheel 1
211 13 -0.92 -421 422 imp:n,p 1 $Wheel 1
212 13 -0.92 -423 424 imp:n,p 1 $Wheel 1
22 13 -0.92 -43 44 imp:n,p 1 $Wheel 2
221 13 -0.92 -441 442 imp:n,p 1 $Wheel 2
222 13 -0.92 -443 444 imp:n,p 1 $Wheel 2
23 13 -0.92 -45 46 imp:n,p 1 $Wheel 3
231 13 -0.92 -461 462 imp:n,p 1 $Wheel 3
232 13 -0.92 -463 464 imp:n,p 1 $Wheel 3
24 13 -0.92 -47 48 imp:n,p 1 $Wheel 4
241 13 -0.92 -481 482 imp:n,p 1 $Wheel 4
242 13 -0.92 -483 484 imp:n,p 1 $Wheel 4
c
c @@@@@@@@@@ SOIL VOLUME @@@@@@@@@@@
c
300000 400000 -2.156 20010 -20011 20020 -20021 20030 -20031 imp:n,p 1
300001 400001 -2.156 20010 -20011 20020 -20021 20031 -20032 imp:n,p 1
300002 400002 -2.156 20010 -20011 20020 -20021 20032 -20033 imp:n,p 1
300003 400003 -2.156 20010 -20011 20020 -20021 20033 -20034 imp:n,p 1
300004 400004 -2.156 20010 -20011 20020 -20021 20034 -20035 imp:n,p 1
300005 400005 -2.156 20011 -20012 20020 -20021 20030 -20031 imp:n,p 1
300006 400006 -2.156 20011 -20012 20020 -20021 20031 -20032 imp:n,p 1
300007 400007 -2.156 20011 -20012 20020 -20021 20032 -20033 imp:n,p 1
300008 400008 -2.156 20011 -20012 20020 -20021 20033 -20034 imp:n,p 1
300009 400009 -2.156 20011 -20012 20020 -20021 20034 -20035 imp:n,p 1
300010 400010 -2.156 20012 -20013 20020 -20021 20030 -20031 imp:n,p 1
300011 400011 -2.156 20012 -20013 20020 -20021 20031 -20032 imp:n,p 1
300012 400012 -2.156 20012 -20013 20020 -20021 20032 -20033 imp:n,p 1
300013 400013 -2.156 20012 -20013 20020 -20021 20033 -20034 imp:n,p 1
300014 400014 -2.156 20012 -20013 20020 -20021 20034 -20035 imp:n,p 1
300015 400015 -2.156 20013 -20014 20020 -20021 20030 -20031 imp:n,p 1
300016 400016 -2.156 20013 -20014 20020 -20021 20031 -20032 imp:n,p 1
300017 400017 -2.156 20013 -20014 20020 -20021 20032 -20033 imp:n,p 1
300018 400018 -2.156 20013 -20014 20020 -20021 20033 -20034 imp:n,p 1
300019 400019 -2.156 20013 -20014 20020 -20021 20034 -20035 imp:n,p 1
300020 400020 -2.156 20014 -20015 20020 -20021 20030 -20031 imp:n,p 1
300021 400021 -2.156 20014 -20015 20020 -20021 20031 -20032 imp:n,p 1
300022 400022 -2.156 20014 -20015 20020 -20021 20032 -20033 imp:n,p 1
300023 400023 -2.156 20014 -20015 20020 -20021 20033 -20034 imp:n,p 1
300024 400024 -2.156 20014 -20015 20020 -20021 20034 -20035 imp:n,p 1
300025 400025 -2.156 20010 -20011 20021 -20022 20030 -20031 imp:n,p 1
300026 400026 -2.156 20010 -20011 20021 -20022 20031 -20032 imp:n,p 1
300027 400027 -2.156 20010 -20011 20021 -20022 20032 -20033 imp:n,p 1
300028 400028 -2.156 20010 -20011 20021 -20022 20033 -20034 imp:n,p 1
300029 400029 -2.156 20010 -20011 20021 -20022 20034 -20035 imp:n,p 1
300030 400030 -2.156 20011 -20012 20021 -20022 20030 -20031 imp:n,p 1
300031 400031 -2.156 20011 -20012 20021 -20022 20031 -20032 imp:n,p 1
300032 400032 -2.156 20011 -20012 20021 -20022 20032 -20033 imp:n,p 1
300033 400033 -2.156 20011 -20012 20021 -20022 20033 -20034 imp:n,p 1
300034 400034 -2.156 20011 -20012 20021 -20022 20034 -20035 imp:n,p 1
300035 400035 -2.156 20012 -20013 20021 -20022 20030 -20031 imp:n,p 1
300036 400036 -2.156 20012 -20013 20021 -20022 20031 -20032 imp:n,p 1
300037 400037 -2.156 20012 -20013 20021 -20022 20032 -20033 imp:n,p 1
300038 400038 -2.156 20012 -20013 20021 -20022 20033 -20034 imp:n,p 1
300039 400039 -2.156 20012 -20013 20021 -20022 20034 -20035 imp:n,p 1
300040 400040 -2.156 20013 -20014 20021 -20022 20030 -20031 imp:n,p 1
300041 400041 -2.156 20013 -20014 20021 -20022 20031 -20032 imp:n,p 1
300042 400042 -2.156 20013 -20014 20021 -20022 20032 -20033 imp:n,p 1
300043 400043 -2.156 20013 -20014 20021 -20022 20033 -20034 imp:n,p 1
300044 400044 -2.156 20013 -20014 20021 -20022 20034 -20035 imp:n,p 1
300045 400045 -2.156 20014 -20015 20021 -20022 20030 -20031 imp:n,p 1
300046 400046 -2.156 20014 -20015 20021 -20022 20031 -20032 imp:n,p 1
300047 400047 -2.156 20014 -20015 20021 -20022 20032 -20033 imp:n,p 1
300048 400048 -2.156 20014 -20015 20021 -20022 20033 -20034 imp:n,p 1
300049 400049 -2.156 20014 -20015 20021 -20022 20034 -20035 imp:n,p 1
300050 400050 -2.156 20010 -20011 20022 -20023 20030 -20031 imp:n,p 1
300051 400051 -2.156 20010 -20011 20022 -20023 20031 -20032 imp:n,p 1
300052 400052 -2.156 20010 -20011 20022 -20023 20032 -20033 imp:n,p 1
300053 400053 -2.156 20010 -20011 20022 -20023 20033 -20034 imp:n,p 1
300054 400054 -2.156 20010 -20011 20022 -20023 20034 -20035 imp:n,p 1
300055 400055 -2.156 20011 -20012 20022 -20023 20030 -20031 imp:n,p 1
300056 400056 -2.156 20011 -20012 20022 -20023 20031 -20032 imp:n,p 1
300057 400057 -2.156 20011 -20012 20022 -20023 20032 -20033 imp:n,p 1
300058 400058 -2.156 20011 -20012 20022 -20023 20033 -20034 imp:n,p 1
300059 400059 -2.156 20011 -20012 20022 -20023 20034 -20035 imp:n,p 1
300060 400060 -2.156 20012 -20013 20022 -20023 20030 -20031 imp:n,p 1
300061 400061 -2.156 20012 -20013 20022 -20023 20031 -20032 imp:n,p 1
300062 400062 -2.156 20012 -20013 20022 -20023 20032 -20033 imp:n,p 1
300063 400063 -2.156 20012 -20013 20022 -20023 20033 -20034 imp:n,p 1
300064 400064 -2.156 20012 -20013 20022 -20023 20034 -20035 imp:n,p 1
300065 400065 -2.156 20013 -20014 20022 -20023 20030 -20031 imp:n,p 1
300066 400066 -2.156 20013 -20014 20022 -20023 20031 -20032 imp:n,p 1
300067 400067 -2.156 20013 -20014 20022 -20023 20032 -20033 imp:n,p 1
300068 400068 -2.156 20013 -20014 20022 -20023 20033 -20034 imp:n,p 1
300069 400069 -2.156 20013 -20014 20022 -20023 20034 -20035 imp:n,p 1
300070 400070 -2.156 20014 -20015 20022 -20023 20030 -20031 imp:n,p 1
300071 400071 -2.156 20014 -20015 20022 -20023 20031 -20032 imp:n,p 1
300072 400072 -2.156 20014 -20015 20022 -20023 20032 -20033 imp:n,p 1
300073 400073 -2.156 20014 -20015 20022 -20023 20033 -20034 imp:n,p 1
300074 400074 -2.156 20014 -20015 20022 -20023 20034 -20035 imp:n,p 1
300075 400075 -2.156 20010 -20011 20023 -20024 20030 -20031 imp:n,p 1
300076 400076 -2.156 20010 -20011 20023 -20024 20031 -20032 imp:n,p 1
300077 400077 -2.156 20010 -20011 20023 -20024 20032 -20033 imp:n,p 1
300078 400078 -2.156 20010 -20011 20023 -20024 20033 -20034 imp:n,p 1
300079 400079 -2.156 20010 -20011 20023 -20024 20034 -20035 imp:n,p 1
300080 400080 -2.156 20011 -20012 20023 -20024 20030 -20031 imp:n,p 1
300081 400081 -2.156 20011 -20012 20023 -20024 20031 -20032 imp:n,p 1
300082 400082 -2.156 20011 -20012 20023 -20024 20032 -20033 imp:n,p 1
300083 400083 -2.156 20011 -20012 20023 -20024 20033 -20034 imp:n,p 1
300084 400084 -2.156 20011 -20012 20023 -20024 20034 -20035 imp:n,p 1
300085 400085 -2.156 20012 -20013 20023 -20024 20030 -20031 imp:n,p 1
300086 400086 -2.156 20012 -20013 20023 -20024 20031 -20032 imp:n,p 1
300087 400087 -2.156 20012 -20013 20023 -20024 20032 -20033 imp:n,p 1
300088 400088 -2.156 20012 -20013 20023 -20024 20033 -20034 imp:n,p 1
300089 400089 -2.156 20012 -20013 20023 -20024 20034 -20035 imp:n,p 1
300090 400090 -2.156 20013 -20014 20023 -20024 20030 -20031 imp:n,p 1
300091 400091 -2.156 20013 -20014 20023 -20024 20031 -20032 imp:n,p 1
300092 400092 -2.156 20013 -20014 20023 -20024 20032 -20033 imp:n,p 1
300093 400093 -2.156 20013 -20014 20023 -20024 20033 -20034 imp:n,p 1
300094 400094 -2.156 20013 -20014 20023 -20024 20034 -20035 imp:n,p 1
300095 400095 -2.156 20014 -20015 20023 -20024 20030 -20031 imp:n,p 1
300096 400096 -2.156 20014 -20015 20023 -20024 20031 -20032 imp:n,p 1
300097 400097 -2.156 20014 -20015 20023 -20024 20032 -20033 imp:n,p 1
300098 400098 -2.156 20014 -20015 20023 -20024 20033 -20034 imp:n,p 1
300099 400099 -2.156 20014 -20015 20023 -20024 20034 -20035 imp:n,p 1
300100 400100 -2.156 20010 -20011 20024 -20025 20030 -20031 imp:n,p 1
300101 400101 -2.156 20010 -20011 20024 -20025 20031 -20032 imp:n,p 1
300102 400102 -2.156 20010 -20011 20024 -20025 20032 -20033 imp:n,p 1
300103 400103 -2.156 20010 -20011 20024 -20025 20033 -20034 imp:n,p 1
300104 400104 -2.156 20010 -20011 20024 -20025 20034 -20035 imp:n,p 1
300105 400105 -2.156 20011 -20012 20024 -20025 20030 -20031 imp:n,p 1
300106 400106 -2.156 20011 -20012 20024 -20025 20031 -20032 imp:n,p 1
300107 400107 -2.156 20011 -20012 20024 -20025 20032 -20033 imp:n,p 1
300108 400108 -2.156 20011 -20012 20024 -20025 20033 -20034 imp:n,p 1
300109 400109 -2.156 20011 -20012 20024 -20025 20034 -20035 imp:n,p 1
300110 400110 -2.156 20012 -20013 20024 -20025 20030 -20031 imp:n,p 1
300111 400111 -2.156 20012 -20013 20024 -20025 20031 -20032 imp:n,p 1
300112 400112 -2.156 20012 -20013 20024 -20025 20032 -20033 imp:n,p 1
300113 400113 -2.156 20012 -20013 20024 -20025 20033 -20034 imp:n,p 1
300114 400114 -2.156 20012 -20013 20024 -20025 20034 -20035 imp:n,p 1
300115 400115 -2.156 20013 -20014 20024 -20025 20030 -20031 imp:n,p 1
300116 400116 -2.156 20013 -20014 20024 -20025 20031 -20032 imp:n,p 1
300117 400117 -2.156 20013 -20014 20024 -20025 20032 -20033 imp:n,p 1
300118 400118 -2.156 20013 -20014 20024 -20025 20033 -20034 imp:n,p 1
300119 400119 -2.156 20013 -20014 20024 -20025 20034 -20035 imp:n,p 1
300120 400120 -2.156 20014 -20015 20024 -20025 20030 -20031 imp:n,p 1
300121 400121 -2.156 20014 -20015 20024 -20025 20031 -20032 imp:n,p 1
300122 400122 -2.156 20014 -20015 20024 -20025 20032 -20033 imp:n,p 1
300123 400123 -2.156 20014 -20015 20024 -20025 20033 -20034 imp:n,p 1
300124 400124 -2.156 20014 -20015 20024 -20025 20034 -20035 imp:n,p 1
c
30 12 -0.00129 -200 #101 #121 #122 #123 #124 #125 #126 #127 #128 #129 #130 #131 #132 #133
        #21 #211 #212 #22 #221 #222 #23 #231 #232 #24 #241 #242 #20 imp:n,p 1 $Rest of the World
31 0 200 imp:n,p 0 $Outside world

c SURFACE CARDS
c
c Sample Volume
20010 px -56.0
20011 px -33.600000000000364
20012 px -11.200000000000728
20013 px 11.200000000000728
20014 px 33.600000000000364
20015 px 56.0
20020 py -45.0
20021 py -27.0
20022 py -9.0
20023 py 9.0
20024 py 27.0
20025 py 45.0
20030 pz 92.0
20031 pz 82.0
20032 pz 72.0
20033 pz 62.0
20034 pz 52.0
20035 pz 42.0
c Active Detector Region
21 rcc 56  -5.0 -1.0   0.0 20.3 0.0   4.5 $Detector 1 Base center, Hx,Hy,Hz, radius
c Shielding Surfaces
c Shielding Pb
31 rpp 19 29 -7.5 7.5 -11 9 $PbPE xmin xmax ymin ymax zmin zmax
32 rpp 9 19 4 9 -11 9 $Pb xmin xmax ymin ymax zmin zmax
33 rpp 9 19 -9 -4 -11 9 $Pb xmin xmax ymin ymax zmin zmax
34 rpp 19 29 7.5 12.5 -11 9 $Pb xmin xmax ymin ymax zmin zmax
35 rpp 19 29 -12.5 -7.5 -11 9 $Pb xmin xmax ymin ymax zmin zmax
36 rpp 29 34 -15 15 -11 9 $Pb xmin xmax ymin ymax zmin zmax
37 rpp 9 19 -4 4 4 9 $Pb xmin xmax ymin ymax zmin zmax
38 rpp -26 26 18 28 -11 9 $BA1 xmin xmax ymin ymax zmin zmax
39 rpp -26 26 -28 -18 -11 9 $BA2 xmin xmax ymin ymax zmin zmax
40 rpp -65 65 -28 28 10 10.5 $Al xmin xmax ymin ymax zmin zmax
401 rpp -27 27 29 34 -11 9 $Fe xmin xmax ymin ymax zmin zmax
402 rpp -27 27 -34 -29 -11 9 $Fe xmin xmax ymin ymax zmin zmax
301 px -20
302 px 18
303 cx 3.71
304 cx 3.81
c Wheels Surfaces
c 23/10.5-12 turf tires, 22.6 lb rubber
c diameter 29cm, tread width 25cm, and sidewall height 13.76 cm
c set thickness of all sides 1.3 cm (s.t. weight is 22.6 lb)
41 rcc -2 77 8   0.0 25 0.0 29 $wheel 1 outer tread surface
42 rcc -2 77 8   0.0 25 0.0 27.7 $wheel 1 inner tread surface
421 rcc -2 75.7 8   0.0 1.3 0.0 29 $wheel 1 outside sidewall exterior
422 rcc -2 75.7 8   0.0 1.3 0.0 15.24 $wheel 1 outside sidewall interior
423 rcc -2 102 8   0.0 1.3 0.0 29 $wheel 1 inside sidewall exterior
424 rcc -2 102 8   0.0 1.3 0.0 15.24 $wheel 1 inside sidewall interior
43 rcc 68 77 8   0.0 25 0.0 29 $wheel 2
44 rcc 68 77 8   0.0 25 0.0 27.7
441 rcc 68 75.7 8   0.0 1.3 0.0 29
442 rcc 68 75.7 8   0.0 1.3 0.0 15.24
443 rcc 68 102 8   0.0 1.3 0.0 29
444 rcc 68 102 8   0.0 1.3 0.0 15.24
45 rcc -2 -77 8   0.0 -25 0.0 29 $wheel 3
46 rcc -2 -77 8   0.0 -25 0.0 27.7
461 rcc -2 -75.7 8   0.0 -1.3 0.0 29
462 rcc -2 -75.7 8   0.0 -1.3 0.0 15.24
463 rcc -2 -102 8   0.0 -1.3 0.0 29
464 rcc -2 -102 8   0.0 -1.3 0.0 15.24
47 rcc 68 -77 8   0.0 -25 0.0 29 $wheel 4
48 rcc 68 -77 8   0.0 -25 0.0 27.7
481 rcc 68 -75.7 8   0.0 -1.3 0.0 29
482 rcc 68 -75.7 8   0.0 -1.3 0.0 15.24
483 rcc 68 -102 8   0.0 -1.3 0.0 29
484 rcc 68 -102 8   0.0 -1.3 0.0 15.24
200 so 800    $sphere of 800cm centered at origin
c

c DATA CARDS
mode n p
c dump every hr
prdmp -60 -60 -1
c 100 keV Neutron Energy Cutoff
Cut:n 1j 0.1
c analog neutron transport
phys:n 1j 14
phys:p
sdef pos=0 0 0 erg=14.0 vec= 0 0 1 dir=d1
si1  -1 .93 1
sp1   0  0.0  1.0
c ********************
c begin material cards
c ********************
c Pure Carbon
c ****************************************
m400000 6000 -5.9362971622218695e-05 7000 -5.9362971622218695e-05 14000 -0.9998812740567555 
m400001 6000 -0.0017975391496236773 7000 -0.0017975391496236773 14000 -0.996404921700753 
m400002 6000 -0.0038711034688756665 7000 -0.0038711034688756665 14000 -0.9922577930622483 
m400003 6000 -0.005684052207387789 7000 -0.005684052207387789 14000 -0.9886318955852248 
m400004 6000 -0.006228171829598061 7000 -0.006228171829598061 14000 -0.987543656340804 
m400005 6000 -5.805399136478767e-05 7000 -5.805399136478767e-05 14000 -0.9998838920172705 
m400006 6000 -0.0016162790071883376 7000 -0.0016162790071883376 14000 -0.9967674419856236 
m400007 6000 -0.004114900387908317 7000 -0.004114900387908317 14000 -0.9917701992241835 
m400008 6000 -0.005803422985229364 7000 -0.005803422985229364 14000 -0.9883931540295411 
m400009 6000 -0.006260638678336728 7000 -0.006260638678336728 14000 -0.9874787226433267 
m400010 6000 -0.00010273192878459444 7000 -0.00010273192878459444 14000 -0.9997945361424307 
m400011 6000 -0.0018334430045964074 7000 -0.0018334430045964074 14000 -0.9963331139908069 
m400012 6000 -0.0037739024116893037 7000 -0.0037739024116893037 14000 -0.9924521951766215 
m400013 6000 -0.005598744548413745 7000 -0.005598744548413745 14000 -0.9888025109031726 
m400014 6000 -0.0062704667712217485 7000 -0.0062704667712217485 14000 -0.9874590664575562 
m400015 6000 -0.00011853180255067778 7000 -0.00011853180255067778 14000 -0.9997629363948987 
m400016 6000 -0.001339198641706549 7000 -0.001339198641706549 14000 -0.997321602716587 
m400017 6000 -0.0038628274973668466 7000 -0.0038628274973668466 14000 -0.9922743450052665 
m400018 6000 -0.005612222131845993 7000 -0.005612222131845993 14000 -0.9887755557363085 
m400019 6000 -0.006216496384514441 7000 -0.006216496384514441 14000 -0.987567007230971 
m400020 6000 -0.00013080810670228085 7000 -0.00013080810670228085 14000 -0.9997383837865954 
m400021 6000 -0.0019238880099372705 7000 -0.0019238880099372705 14000 -0.9961522239801255 
m400022 6000 -0.004047523957026383 7000 -0.004047523957026383 14000 -0.9919049520859474 
m400023 6000 -0.005742183473756458 7000 -0.005742183473756458 14000 -0.9885156330524874 
m400024 6000 -0.00625435505434712 7000 -0.00625435505434712 14000 -0.9874912898913059 
m400025 6000 -9.953149097373002e-05 7000 -9.953149097373002e-05 14000 -0.9998009370180525 
m400026 6000 -0.0016858445230073396 7000 -0.0016858445230073396 14000 -0.9966283109539852 
m400027 6000 -0.00360808198293292 7000 -0.00360808198293292 14000 -0.9927838360341343 
m400028 6000 -0.005688064934063241 7000 -0.005688064934063241 14000 -0.9886238701318731 
m400029 6000 -0.006292223758698269 7000 -0.006292223758698269 14000 -0.9874155524826034 
m400030 6000 -0.00010284409699804487 7000 -0.00010284409699804487 14000 -0.999794311806004 
m400031 6000 -0.0014554290888838738 7000 -0.0014554290888838738 14000 -0.9970891418222321 
m400032 6000 -0.004049471204161128 7000 -0.004049471204161128 14000 -0.9919010575916777 
m400033 6000 -0.005718653588269492 7000 -0.005718653588269492 14000 -0.9885626928234609 
m400034 6000 -0.006237852953845122 7000 -0.006237852953845122 14000 -0.98752429409231 
m400035 6000 -9.82230806271541e-05 7000 -9.82230806271541e-05 14000 -0.9998035538387459 
m400036 6000 -0.0012978111765228567 7000 -0.0012978111765228567 14000 -0.9974043776469544 
m400037 6000 -0.004119125699491865 7000 -0.004119125699491865 14000 -0.991761748601016 
m400038 6000 -0.005797141694836198 7000 -0.005797141694836198 14000 -0.9884057166103275 
m400039 6000 -0.006245910883656586 7000 -0.006245910883656586 14000 -0.9875081782326868 
m400040 6000 -0.00012078103935428874 7000 -0.00012078103935428874 14000 -0.9997584379212914 
m400041 6000 -0.0014751240238505923 7000 -0.0014751240238505923 14000 -0.9970497519522991 
m400042 6000 -0.0039373197032299 7000 -0.0039373197032299 14000 -0.9921253605935404 
m400043 6000 -0.005693862648950621 7000 -0.005693862648950621 14000 -0.9886122747020987 
m400044 6000 -0.006218809999473143 7000 -0.006218809999473143 14000 -0.9875623800010538 
m400045 6000 -9.346527752852805e-05 7000 -9.346527752852805e-05 14000 -0.999813069444943 
m400046 6000 -0.0015685971456457547 7000 -0.0015685971456457547 14000 -0.9968628057087084 
m400047 6000 -0.003974897784403099 7000 -0.003974897784403099 14000 -0.9920502044311938 
m400048 6000 -0.005756223393085369 7000 -0.005756223393085369 14000 -0.988487553213829 
m400049 6000 -0.006249582557443948 7000 -0.006249582557443948 14000 -0.9875008348851118 
m400050 6000 -0.0001277538443539292 7000 -0.0001277538443539292 14000 -0.9997444923112921 
m400051 6000 -0.0018059378046592198 7000 -0.0018059378046592198 14000 -0.9963881243906816 
m400052 6000 -0.004296338321175974 7000 -0.004296338321175974 14000 -0.9914073233576485 
m400053 6000 -0.005598813253345872 7000 -0.005598813253345872 14000 -0.9888023734933082 
m400054 6000 -0.006235756251940104 7000 -0.006235756251940104 14000 -0.9875284874961195 
m400055 6000 -9.974356936613265e-05 7000 -9.974356936613265e-05 14000 -0.9998005128612677 
m400056 6000 -0.0016793895375267628 7000 -0.0016793895375267628 14000 -0.9966412209249466 
m400057 6000 -0.004032388392831937 7000 -0.004032388392831937 14000 -0.991935223214336 
m400058 6000 -0.005680556727766631 7000 -0.005680556727766631 14000 -0.9886388865444666 
m400059 6000 -0.006245101649278383 7000 -0.006245101649278383 14000 -0.9875097967014436 
m400060 6000 -7.969794463868618e-05 7000 -7.969794463868618e-05 14000 -0.9998406041107226 
m400061 6000 -0.001338702479540879 7000 -0.001338702479540879 14000 -0.9973225950409182 
m400062 6000 -0.003747619514972071 7000 -0.003747619514972071 14000 -0.9925047609700559 
m400063 6000 -0.0056198408474596884 7000 -0.0056198408474596884 14000 -0.9887603183050808 
m400064 6000 -0.006242544555892332 7000 -0.006242544555892332 14000 -0.9875149108882154 
m400065 6000 -6.376597959435837e-05 7000 -6.376597959435837e-05 14000 -0.9998724680408112 
m400066 6000 -0.0013962558981268833 7000 -0.0013962558981268833 14000 -0.9972074882037464 
m400067 6000 -0.0037436889284621516 7000 -0.0037436889284621516 14000 -0.9925126221430758 
m400068 6000 -0.005750687383621009 7000 -0.005750687383621009 14000 -0.988498625232758 
m400069 6000 -0.006277130236359376 7000 -0.006277130236359376 14000 -0.9874457395272814 
m400070 6000 -5.6770730122474924e-05 7000 -5.6770730122474924e-05 14000 -0.9998864585397551 
m400071 6000 -0.0011709391194574881 7000 -0.0011709391194574881 14000 -0.9976581217610848 
m400072 6000 -0.004240668682973184 7000 -0.004240668682973184 14000 -0.9915186626340535 
m400073 6000 -0.005635119423897279 7000 -0.005635119423897279 14000 -0.9887297611522057 
m400074 6000 -0.006285192812232775 7000 -0.006285192812232775 14000 -0.9874296143755344 
m400075 6000 -5.6129929481806874e-05 7000 -5.6129929481806874e-05 14000 -0.9998877401410364 
m400076 6000 -0.0017057073257908016 7000 -0.0017057073257908016 14000 -0.9965885853484184 
m400077 6000 -0.004216848840210388 7000 -0.004216848840210388 14000 -0.9915663023195797 
m400078 6000 -0.00555128779103226 7000 -0.00555128779103226 14000 -0.9888974244179353 
m400079 6000 -0.006279181719134664 7000 -0.006279181719134664 14000 -0.9874416365617307 
m400080 6000 -8.07107539747097e-05 7000 -8.07107539747097e-05 14000 -0.9998385784920507 
m400081 6000 -0.001603505462086741 7000 -0.001603505462086741 14000 -0.9967929890758266 
m400082 6000 -0.0038585748382447514 7000 -0.0038585748382447514 14000 -0.9922828503235107 
m400083 6000 -0.005780447420279419 7000 -0.005780447420279419 14000 -0.9884391051594413 
m400084 6000 -0.006217560952145695 7000 -0.006217560952145695 14000 -0.9875648780957086 
m400085 6000 -0.00015691364251246392 7000 -0.00015691364251246392 14000 -0.9996861727149752 
m400086 6000 -0.0013831215531157199 7000 -0.0013831215531157199 14000 -0.9972337568937687 
m400087 6000 -0.003614519062588495 7000 -0.003614519062588495 14000 -0.992770961874823 
m400088 6000 -0.005446313281698135 7000 -0.005446313281698135 14000 -0.9891073734366038 
m400089 6000 -0.006237515892120861 7000 -0.006237515892120861 14000 -0.9875249682157582 
m400090 6000 -7.112021716164393e-05 7000 -7.112021716164393e-05 14000 -0.9998577595656767 
m400091 6000 -0.0016168954972071107 7000 -0.0016168954972071107 14000 -0.9967662090055858 
m400092 6000 -0.0039003275169986573 7000 -0.0039003275169986573 14000 -0.9921993449660027 
m400093 6000 -0.00560377000829427 7000 -0.00560377000829427 14000 -0.9887924599834111 
m400094 6000 -0.006238540155869898 7000 -0.006238540155869898 14000 -0.9875229196882603 
m400095 6000 -0.0001645385919012944 7000 -0.0001645385919012944 14000 -0.9996709228161973 
m400096 6000 -0.0017679492680773997 7000 -0.0017679492680773997 14000 -0.9964641014638452 
m400097 6000 -0.0038439323282551756 7000 -0.0038439323282551756 14000 -0.9923121353434895 
m400098 6000 -0.0055655403699843885 7000 -0.0055655403699843885 14000 -0.9888689192600312 
m400099 6000 -0.006237822236369888 7000 -0.006237822236369888 14000 -0.9875243555272601 
m400100 6000 -0.00012702782862537208 7000 -0.00012702782862537208 14000 -0.9997459443427493 
m400101 6000 -0.0020141342088581065 7000 -0.0020141342088581065 14000 -0.995971731582284 
m400102 6000 -0.003732613118379365 7000 -0.003732613118379365 14000 -0.9925347737632417 
m400103 6000 -0.005800822641059981 7000 -0.005800822641059981 14000 -0.9883983547178802 
m400104 6000 -0.006225900082782835 7000 -0.006225900082782835 14000 -0.9875481998344342 
m400105 6000 -0.00018531169398875363 7000 -0.00018531169398875363 14000 -0.9996293766120224 
m400106 6000 -0.0016636005871308581 7000 -0.0016636005871308581 14000 -0.9966727988257381 
m400107 6000 -0.00430550109401153 7000 -0.00430550109401153 14000 -0.991388997811977 
m400108 6000 -0.005695040241577245 7000 -0.005695040241577245 14000 -0.9886099195168456 
m400109 6000 -0.006272818855905359 7000 -0.006272818855905359 14000 -0.9874543622881896 
m400110 6000 -0.00017796978471314542 7000 -0.00017796978471314542 14000 -0.9996440604305739 
m400111 6000 -0.0016982395251841584 7000 -0.0016982395251841584 14000 -0.9966035209496314 
m400112 6000 -0.003926441753044421 7000 -0.003926441753044421 14000 -0.9921471164939113 
m400113 6000 -0.0057503495275893005 7000 -0.0057503495275893005 14000 -0.9884993009448216 
m400114 6000 -0.006250349929510789 7000 -0.006250349929510789 14000 -0.9874993001409788 
m400115 6000 -0.00014912693531829931 7000 -0.00014912693531829931 14000 -0.9997017461293635 
m400116 6000 -0.0013910780169439046 7000 -0.0013910780169439046 14000 -0.9972178439661121 
m400117 6000 -0.003985011872625601 7000 -0.003985011872625601 14000 -0.9920299762547491 
m400118 6000 -0.005776083277806926 7000 -0.005776083277806926 14000 -0.9884478334443864 
m400119 6000 -0.006269683288594118 7000 -0.006269683288594118 14000 -0.9874606334228117 
m400120 6000 -0.0001945948559327365 7000 -0.0001945948559327365 14000 -0.9996108102881347 
m400121 6000 -0.0013953144529110732 7000 -0.0013953144529110732 14000 -0.9972093710941777 
m400122 6000 -0.004050636913046958 7000 -0.004050636913046958 14000 -0.9918987261739061 
m400123 6000 -0.005621170116667429 7000 -0.005621170116667429 14000 -0.9887576597666652 
m400124 6000 -0.006240801821738125 7000 -0.006240801821738125 14000 -0.9875183963565238 
c **********************************
c PE+Pb, dens=4.78 g/cm3
m2      6000    -0.04286 $Carbon
        1001    -0.00714 $Hydrogen
        82000   -0.95000 $Lead
c **********************************
m3    1001 -0.048535 $Boric acid
      5010 -0.034981
      5011 -0.139923
      8016 -0.776561
c **********************************
m4    82000 1 $Lead
c **********************************
m5 26000 1 $Iron
c **********************************
m6     13027   -1.000 $ Aluminum
c **********************************
c  SS-304 (8.00 g/cm3), #298 in PNNL Compendium
m7   006000.50c -0.0004000
     014000.60c -0.0050000
     015031.50c -0.0002300
     016000.60c -0.0001500
     024000.50c -0.1899981
     025055.60c -0.0099999
     026000.50c -0.7017229
     028000.50c -0.0924991
c ****************************************
c       LaBr detector
c ****************************************
m8       35079    -0.2946       $ Br79
         35081    -0.3069       $ Br81
         57139    -0.3485       $ La139
         58140    -0.0500       $ Ce140
c ************ air den=1.15e-3g/cc
m12     8016 -0.23
        7014 -0.77
c ************ Rubber Natural den=0.92 g/cc
m13     1001 -0.118371  $weight fraction
        6000 -0.881629
c
c end material cards
c
rand seed=8674536546524321 $different initial random #; seed# - any less 18 digits
c
c ********** begin tallies *********************
fc78 *********Broadened Pulse Height Tally Sum of Detectors 1,2 & 3 ***********
e78 0 1e-5 932i 8.4295
F78:p (101)
FT78 GEB -0.026198 0.059551 -0.037176
fc18 *********Unbroadened Pulse Height Tally Sum of Detectors 1,2 & 3 ***********
e18 0 1e-5 932i 8.4295
F18:p (101)
c ***********************************
c mplot tal 78 freq 10000
nps 1e9
