c CAS DETECTOR
c w/ Shielding in Place and Wheels
c
c CELL CARDS
c
c @@@@@@@@@@ Detectors @@@@@@@@@@@@@@@@@
c
101 8 -5.08 -21 imp:n,p 1 $LaBr Detector #1 Active Region
c
c @@@@@@@@@ Shielding @@@@@@@@@@@@@@@@@
c
121 2 -4.78 -31 imp:n,p 1 $PE_Pb
122 4 -11.29 -32 imp:n,p 1 $Pb1
123 4 -11.29 -33 imp:n,p 1 $Pb2
124 4 -11.29 -34 imp:n,p 1 $Pb3
125 4 -11.29 -35 imp:n,p 1 $Pb4
126 4 -11.29 -36 imp:n,p 1 $Pb5
127 4 -11.29 -37 imp:n,p 1 $Pb6
128 3 -1.5 -38 imp:n,p 1 $BA1
129 3 -1.5 -39 imp:n,p 1 $BA2
130 6 -2.7 -40 imp:n,p 1 $Al
131 7 -7.92 301 -302 303 -304 imp:n,p 1 $Fe-tube
132 5 -7.8 -401 imp:n,p 1 $Fe
133 5 -7.8 -402 imp:n,p 1 $Fe
c @@@@@@@@@@ Wheels @@@@@@@@@@@@@@@@@
c
21 13 -0.92 -41 42 imp:n,p 1 $Wheel 1
211 13 -0.92 -421 422 imp:n,p 1 $Wheel 1
212 13 -0.92 -423 424 imp:n,p 1 $Wheel 1
22 13 -0.92 -43 44 imp:n,p 1 $Wheel 2
221 13 -0.92 -441 442 imp:n,p 1 $Wheel 2
222 13 -0.92 -443 444 imp:n,p 1 $Wheel 2
23 13 -0.92 -45 46 imp:n,p 1 $Wheel 3
231 13 -0.92 -461 462 imp:n,p 1 $Wheel 3
232 13 -0.92 -463 464 imp:n,p 1 $Wheel 3
24 13 -0.92 -47 48 imp:n,p 1 $Wheel 4
241 13 -0.92 -481 482 imp:n,p 1 $Wheel 4
242 13 -0.92 -483 484 imp:n,p 1 $Wheel 4
c
c @@@@@@@@@@ SOIL VOLUME @@@@@@@@@@@
c
300000 400000 -2.156 20010 -20011 20020 -20021 20030 -20031 imp:n,p 1
300001 400001 -2.156 20010 -20011 20020 -20021 20031 -20032 imp:n,p 1
300002 400002 -2.156 20010 -20011 20020 -20021 20032 -20033 imp:n,p 1
300003 400003 -2.156 20010 -20011 20020 -20021 20033 -20034 imp:n,p 1
300004 400004 -2.156 20010 -20011 20020 -20021 20034 -20035 imp:n,p 1
300005 400005 -2.156 20011 -20012 20020 -20021 20030 -20031 imp:n,p 1
300006 400006 -2.156 20011 -20012 20020 -20021 20031 -20032 imp:n,p 1
300007 400007 -2.156 20011 -20012 20020 -20021 20032 -20033 imp:n,p 1
300008 400008 -2.156 20011 -20012 20020 -20021 20033 -20034 imp:n,p 1
300009 400009 -2.156 20011 -20012 20020 -20021 20034 -20035 imp:n,p 1
300010 400010 -2.156 20012 -20013 20020 -20021 20030 -20031 imp:n,p 1
300011 400011 -2.156 20012 -20013 20020 -20021 20031 -20032 imp:n,p 1
300012 400012 -2.156 20012 -20013 20020 -20021 20032 -20033 imp:n,p 1
300013 400013 -2.156 20012 -20013 20020 -20021 20033 -20034 imp:n,p 1
300014 400014 -2.156 20012 -20013 20020 -20021 20034 -20035 imp:n,p 1
300015 400015 -2.156 20013 -20014 20020 -20021 20030 -20031 imp:n,p 1
300016 400016 -2.156 20013 -20014 20020 -20021 20031 -20032 imp:n,p 1
300017 400017 -2.156 20013 -20014 20020 -20021 20032 -20033 imp:n,p 1
300018 400018 -2.156 20013 -20014 20020 -20021 20033 -20034 imp:n,p 1
300019 400019 -2.156 20013 -20014 20020 -20021 20034 -20035 imp:n,p 1
300020 400020 -2.156 20014 -20015 20020 -20021 20030 -20031 imp:n,p 1
300021 400021 -2.156 20014 -20015 20020 -20021 20031 -20032 imp:n,p 1
300022 400022 -2.156 20014 -20015 20020 -20021 20032 -20033 imp:n,p 1
300023 400023 -2.156 20014 -20015 20020 -20021 20033 -20034 imp:n,p 1
300024 400024 -2.156 20014 -20015 20020 -20021 20034 -20035 imp:n,p 1
300025 400025 -2.156 20010 -20011 20021 -20022 20030 -20031 imp:n,p 1
300026 400026 -2.156 20010 -20011 20021 -20022 20031 -20032 imp:n,p 1
300027 400027 -2.156 20010 -20011 20021 -20022 20032 -20033 imp:n,p 1
300028 400028 -2.156 20010 -20011 20021 -20022 20033 -20034 imp:n,p 1
300029 400029 -2.156 20010 -20011 20021 -20022 20034 -20035 imp:n,p 1
300030 400030 -2.156 20011 -20012 20021 -20022 20030 -20031 imp:n,p 1
300031 400031 -2.156 20011 -20012 20021 -20022 20031 -20032 imp:n,p 1
300032 400032 -2.156 20011 -20012 20021 -20022 20032 -20033 imp:n,p 1
300033 400033 -2.156 20011 -20012 20021 -20022 20033 -20034 imp:n,p 1
300034 400034 -2.156 20011 -20012 20021 -20022 20034 -20035 imp:n,p 1
300035 400035 -2.156 20012 -20013 20021 -20022 20030 -20031 imp:n,p 1
300036 400036 -2.156 20012 -20013 20021 -20022 20031 -20032 imp:n,p 1
300037 400037 -2.156 20012 -20013 20021 -20022 20032 -20033 imp:n,p 1
300038 400038 -2.156 20012 -20013 20021 -20022 20033 -20034 imp:n,p 1
300039 400039 -2.156 20012 -20013 20021 -20022 20034 -20035 imp:n,p 1
300040 400040 -2.156 20013 -20014 20021 -20022 20030 -20031 imp:n,p 1
300041 400041 -2.156 20013 -20014 20021 -20022 20031 -20032 imp:n,p 1
300042 400042 -2.156 20013 -20014 20021 -20022 20032 -20033 imp:n,p 1
300043 400043 -2.156 20013 -20014 20021 -20022 20033 -20034 imp:n,p 1
300044 400044 -2.156 20013 -20014 20021 -20022 20034 -20035 imp:n,p 1
300045 400045 -2.156 20014 -20015 20021 -20022 20030 -20031 imp:n,p 1
300046 400046 -2.156 20014 -20015 20021 -20022 20031 -20032 imp:n,p 1
300047 400047 -2.156 20014 -20015 20021 -20022 20032 -20033 imp:n,p 1
300048 400048 -2.156 20014 -20015 20021 -20022 20033 -20034 imp:n,p 1
300049 400049 -2.156 20014 -20015 20021 -20022 20034 -20035 imp:n,p 1
300050 400050 -2.156 20010 -20011 20022 -20023 20030 -20031 imp:n,p 1
300051 400051 -2.156 20010 -20011 20022 -20023 20031 -20032 imp:n,p 1
300052 400052 -2.156 20010 -20011 20022 -20023 20032 -20033 imp:n,p 1
300053 400053 -2.156 20010 -20011 20022 -20023 20033 -20034 imp:n,p 1
300054 400054 -2.156 20010 -20011 20022 -20023 20034 -20035 imp:n,p 1
300055 400055 -2.156 20011 -20012 20022 -20023 20030 -20031 imp:n,p 1
300056 400056 -2.156 20011 -20012 20022 -20023 20031 -20032 imp:n,p 1
300057 400057 -2.156 20011 -20012 20022 -20023 20032 -20033 imp:n,p 1
300058 400058 -2.156 20011 -20012 20022 -20023 20033 -20034 imp:n,p 1
300059 400059 -2.156 20011 -20012 20022 -20023 20034 -20035 imp:n,p 1
300060 400060 -2.156 20012 -20013 20022 -20023 20030 -20031 imp:n,p 1
300061 400061 -2.156 20012 -20013 20022 -20023 20031 -20032 imp:n,p 1
300062 400062 -2.156 20012 -20013 20022 -20023 20032 -20033 imp:n,p 1
300063 400063 -2.156 20012 -20013 20022 -20023 20033 -20034 imp:n,p 1
300064 400064 -2.156 20012 -20013 20022 -20023 20034 -20035 imp:n,p 1
300065 400065 -2.156 20013 -20014 20022 -20023 20030 -20031 imp:n,p 1
300066 400066 -2.156 20013 -20014 20022 -20023 20031 -20032 imp:n,p 1
300067 400067 -2.156 20013 -20014 20022 -20023 20032 -20033 imp:n,p 1
300068 400068 -2.156 20013 -20014 20022 -20023 20033 -20034 imp:n,p 1
300069 400069 -2.156 20013 -20014 20022 -20023 20034 -20035 imp:n,p 1
300070 400070 -2.156 20014 -20015 20022 -20023 20030 -20031 imp:n,p 1
300071 400071 -2.156 20014 -20015 20022 -20023 20031 -20032 imp:n,p 1
300072 400072 -2.156 20014 -20015 20022 -20023 20032 -20033 imp:n,p 1
300073 400073 -2.156 20014 -20015 20022 -20023 20033 -20034 imp:n,p 1
300074 400074 -2.156 20014 -20015 20022 -20023 20034 -20035 imp:n,p 1
300075 400075 -2.156 20010 -20011 20023 -20024 20030 -20031 imp:n,p 1
300076 400076 -2.156 20010 -20011 20023 -20024 20031 -20032 imp:n,p 1
300077 400077 -2.156 20010 -20011 20023 -20024 20032 -20033 imp:n,p 1
300078 400078 -2.156 20010 -20011 20023 -20024 20033 -20034 imp:n,p 1
300079 400079 -2.156 20010 -20011 20023 -20024 20034 -20035 imp:n,p 1
300080 400080 -2.156 20011 -20012 20023 -20024 20030 -20031 imp:n,p 1
300081 400081 -2.156 20011 -20012 20023 -20024 20031 -20032 imp:n,p 1
300082 400082 -2.156 20011 -20012 20023 -20024 20032 -20033 imp:n,p 1
300083 400083 -2.156 20011 -20012 20023 -20024 20033 -20034 imp:n,p 1
300084 400084 -2.156 20011 -20012 20023 -20024 20034 -20035 imp:n,p 1
300085 400085 -2.156 20012 -20013 20023 -20024 20030 -20031 imp:n,p 1
300086 400086 -2.156 20012 -20013 20023 -20024 20031 -20032 imp:n,p 1
300087 400087 -2.156 20012 -20013 20023 -20024 20032 -20033 imp:n,p 1
300088 400088 -2.156 20012 -20013 20023 -20024 20033 -20034 imp:n,p 1
300089 400089 -2.156 20012 -20013 20023 -20024 20034 -20035 imp:n,p 1
300090 400090 -2.156 20013 -20014 20023 -20024 20030 -20031 imp:n,p 1
300091 400091 -2.156 20013 -20014 20023 -20024 20031 -20032 imp:n,p 1
300092 400092 -2.156 20013 -20014 20023 -20024 20032 -20033 imp:n,p 1
300093 400093 -2.156 20013 -20014 20023 -20024 20033 -20034 imp:n,p 1
300094 400094 -2.156 20013 -20014 20023 -20024 20034 -20035 imp:n,p 1
300095 400095 -2.156 20014 -20015 20023 -20024 20030 -20031 imp:n,p 1
300096 400096 -2.156 20014 -20015 20023 -20024 20031 -20032 imp:n,p 1
300097 400097 -2.156 20014 -20015 20023 -20024 20032 -20033 imp:n,p 1
300098 400098 -2.156 20014 -20015 20023 -20024 20033 -20034 imp:n,p 1
300099 400099 -2.156 20014 -20015 20023 -20024 20034 -20035 imp:n,p 1
300100 400100 -2.156 20010 -20011 20024 -20025 20030 -20031 imp:n,p 1
300101 400101 -2.156 20010 -20011 20024 -20025 20031 -20032 imp:n,p 1
300102 400102 -2.156 20010 -20011 20024 -20025 20032 -20033 imp:n,p 1
300103 400103 -2.156 20010 -20011 20024 -20025 20033 -20034 imp:n,p 1
300104 400104 -2.156 20010 -20011 20024 -20025 20034 -20035 imp:n,p 1
300105 400105 -2.156 20011 -20012 20024 -20025 20030 -20031 imp:n,p 1
300106 400106 -2.156 20011 -20012 20024 -20025 20031 -20032 imp:n,p 1
300107 400107 -2.156 20011 -20012 20024 -20025 20032 -20033 imp:n,p 1
300108 400108 -2.156 20011 -20012 20024 -20025 20033 -20034 imp:n,p 1
300109 400109 -2.156 20011 -20012 20024 -20025 20034 -20035 imp:n,p 1
300110 400110 -2.156 20012 -20013 20024 -20025 20030 -20031 imp:n,p 1
300111 400111 -2.156 20012 -20013 20024 -20025 20031 -20032 imp:n,p 1
300112 400112 -2.156 20012 -20013 20024 -20025 20032 -20033 imp:n,p 1
300113 400113 -2.156 20012 -20013 20024 -20025 20033 -20034 imp:n,p 1
300114 400114 -2.156 20012 -20013 20024 -20025 20034 -20035 imp:n,p 1
300115 400115 -2.156 20013 -20014 20024 -20025 20030 -20031 imp:n,p 1
300116 400116 -2.156 20013 -20014 20024 -20025 20031 -20032 imp:n,p 1
300117 400117 -2.156 20013 -20014 20024 -20025 20032 -20033 imp:n,p 1
300118 400118 -2.156 20013 -20014 20024 -20025 20033 -20034 imp:n,p 1
300119 400119 -2.156 20013 -20014 20024 -20025 20034 -20035 imp:n,p 1
300120 400120 -2.156 20014 -20015 20024 -20025 20030 -20031 imp:n,p 1
300121 400121 -2.156 20014 -20015 20024 -20025 20031 -20032 imp:n,p 1
300122 400122 -2.156 20014 -20015 20024 -20025 20032 -20033 imp:n,p 1
300123 400123 -2.156 20014 -20015 20024 -20025 20033 -20034 imp:n,p 1
300124 400124 -2.156 20014 -20015 20024 -20025 20034 -20035 imp:n,p 1
c
30 12 -0.00129 -200 #101 #121 #122 #123 #124 #125 #126 #127 #128 #129 #130 #131 #132 #133
        #21 #211 #212 #22 #221 #222 #23 #231 #232 #24 #241 #242 #20 imp:n,p 1 $Rest of the World
31 0 200 imp:n,p 0 $Outside world

c SURFACE CARDS
c
c Sample Volume
20010 px -56.0
20011 px -33.600000000000364
20012 px -11.200000000000728
20013 px 11.200000000000728
20014 px 33.600000000000364
20015 px 56.0
20020 py -45.0
20021 py -27.0
20022 py -9.0
20023 py 9.0
20024 py 27.0
20025 py 45.0
20030 pz 92.0
20031 pz 82.0
20032 pz 72.0
20033 pz 62.0
20034 pz 52.0
20035 pz 42.0
c Active Detector Region
21 rcc 56  -5.0 -1.0   0.0 20.3 0.0   4.5 $Detector 1 Base center, Hx,Hy,Hz, radius
c Shielding Surfaces
c Shielding Pb
31 rpp 19 29 -7.5 7.5 -11 9 $PbPE xmin xmax ymin ymax zmin zmax
32 rpp 9 19 4 9 -11 9 $Pb xmin xmax ymin ymax zmin zmax
33 rpp 9 19 -9 -4 -11 9 $Pb xmin xmax ymin ymax zmin zmax
34 rpp 19 29 7.5 12.5 -11 9 $Pb xmin xmax ymin ymax zmin zmax
35 rpp 19 29 -12.5 -7.5 -11 9 $Pb xmin xmax ymin ymax zmin zmax
36 rpp 29 34 -15 15 -11 9 $Pb xmin xmax ymin ymax zmin zmax
37 rpp 9 19 -4 4 4 9 $Pb xmin xmax ymin ymax zmin zmax
38 rpp -26 26 18 28 -11 9 $BA1 xmin xmax ymin ymax zmin zmax
39 rpp -26 26 -28 -18 -11 9 $BA2 xmin xmax ymin ymax zmin zmax
40 rpp -65 65 -28 28 10 10.5 $Al xmin xmax ymin ymax zmin zmax
401 rpp -27 27 29 34 -11 9 $Fe xmin xmax ymin ymax zmin zmax
402 rpp -27 27 -34 -29 -11 9 $Fe xmin xmax ymin ymax zmin zmax
301 px -20
302 px 18
303 cx 3.71
304 cx 3.81
c Wheels Surfaces
c 23/10.5-12 turf tires, 22.6 lb rubber
c diameter 29cm, tread width 25cm, and sidewall height 13.76 cm
c set thickness of all sides 1.3 cm (s.t. weight is 22.6 lb)
41 rcc -2 77 8   0.0 25 0.0 29 $wheel 1 outer tread surface
42 rcc -2 77 8   0.0 25 0.0 27.7 $wheel 1 inner tread surface
421 rcc -2 75.7 8   0.0 1.3 0.0 29 $wheel 1 outside sidewall exterior
422 rcc -2 75.7 8   0.0 1.3 0.0 15.24 $wheel 1 outside sidewall interior
423 rcc -2 102 8   0.0 1.3 0.0 29 $wheel 1 inside sidewall exterior
424 rcc -2 102 8   0.0 1.3 0.0 15.24 $wheel 1 inside sidewall interior
43 rcc 68 77 8   0.0 25 0.0 29 $wheel 2
44 rcc 68 77 8   0.0 25 0.0 27.7
441 rcc 68 75.7 8   0.0 1.3 0.0 29
442 rcc 68 75.7 8   0.0 1.3 0.0 15.24
443 rcc 68 102 8   0.0 1.3 0.0 29
444 rcc 68 102 8   0.0 1.3 0.0 15.24
45 rcc -2 -77 8   0.0 -25 0.0 29 $wheel 3
46 rcc -2 -77 8   0.0 -25 0.0 27.7
461 rcc -2 -75.7 8   0.0 -1.3 0.0 29
462 rcc -2 -75.7 8   0.0 -1.3 0.0 15.24
463 rcc -2 -102 8   0.0 -1.3 0.0 29
464 rcc -2 -102 8   0.0 -1.3 0.0 15.24
47 rcc 68 -77 8   0.0 -25 0.0 29 $wheel 4
48 rcc 68 -77 8   0.0 -25 0.0 27.7
481 rcc 68 -75.7 8   0.0 -1.3 0.0 29
482 rcc 68 -75.7 8   0.0 -1.3 0.0 15.24
483 rcc 68 -102 8   0.0 -1.3 0.0 29
484 rcc 68 -102 8   0.0 -1.3 0.0 15.24
200 so 800    $sphere of 800cm centered at origin
c

c DATA CARDS
mode n p
c dump every hr
prdmp -60 -60 -1
c 100 keV Neutron Energy Cutoff
Cut:n 1j 0.1
c analog neutron transport
phys:n 1j 14
phys:p
sdef pos=0 0 0 erg=14.0 vec= 0 0 1 dir=d1
si1  -1 .93 1
sp1   0  0.0  1.0
c ********************
c begin material cards
c ********************
c Pure Carbon
c ****************************************
m400000 6000 -5.6713527440064284e-05 7000 -5.6713527440064284e-05 14000 -0.99988657294512 
m400001 6000 -0.0012794680293166435 7000 -0.0012794680293166435 14000 -0.9974410639413668 
m400002 6000 -0.0042349457100955105 7000 -0.0042349457100955105 14000 -0.991530108579809 
m400003 6000 -0.005684337929952678 7000 -0.005684337929952678 14000 -0.9886313241400946 
m400004 6000 -0.006295522211677289 7000 -0.006295522211677289 14000 -0.9874089555766453 
m400005 6000 -0.00011098808925514147 7000 -0.00011098808925514147 14000 -0.9997780238214898 
m400006 6000 -0.0014714986252270929 7000 -0.0014714986252270929 14000 -0.9970570027495458 
m400007 6000 -0.00383216405834611 7000 -0.00383216405834611 14000 -0.9923356718833081 
m400008 6000 -0.005629795095771482 7000 -0.005629795095771482 14000 -0.9887404098084572 
m400009 6000 -0.006272506446172725 7000 -0.006272506446172725 14000 -0.9874549871076546 
m400010 6000 -0.00012831493911344676 7000 -0.00012831493911344676 14000 -0.9997433701217732 
m400011 6000 -0.0015408483025994301 7000 -0.0015408483025994301 14000 -0.9969183033948013 
m400012 6000 -0.004300616176002702 7000 -0.004300616176002702 14000 -0.9913987676479947 
m400013 6000 -0.005824793581554173 7000 -0.005824793581554173 14000 -0.9883504128368915 
m400014 6000 -0.006302256040041194 7000 -0.006302256040041194 14000 -0.9873954879199175 
m400015 6000 -0.00014749895715629373 7000 -0.00014749895715629373 14000 -0.9997050020856877 
m400016 6000 -0.0018870272171895802 7000 -0.0018870272171895802 14000 -0.9962259455656206 
m400017 6000 -0.004203639313625751 7000 -0.004203639313625751 14000 -0.9915927213727486 
m400018 6000 -0.00576968418173112 7000 -0.00576968418173112 14000 -0.9884606316365381 
m400019 6000 -0.006233094326681608 7000 -0.006233094326681608 14000 -0.9875338113466366 
m400020 6000 -0.00010835984150294901 7000 -0.00010835984150294901 14000 -0.9997832803169941 
m400021 6000 -0.0017431896722940635 7000 -0.0017431896722940635 14000 -0.996513620655412 
m400022 6000 -0.0035508076045271957 7000 -0.0035508076045271957 14000 -0.9928983847909453 
m400023 6000 -0.005610137306603747 7000 -0.005610137306603747 14000 -0.988779725386792 
m400024 6000 -0.006264633050874501 7000 -0.006264633050874501 14000 -0.9874707338982511 
m400025 6000 -0.00011797079496295196 7000 -0.00011797079496295196 14000 -0.9997640584100741 
m400026 6000 -0.0011118881078842052 7000 -0.0011118881078842052 14000 -0.9977762237842314 
m400027 6000 -0.004143535092447763 7000 -0.004143535092447763 14000 -0.9917129298151043 
m400028 6000 -0.00576163974201515 7000 -0.00576163974201515 14000 -0.9884767205159695 
m400029 6000 -0.006310030882886766 7000 -0.006310030882886766 14000 -0.9873799382342264 
m400030 6000 -0.00015020685715546478 7000 -0.00015020685715546478 14000 -0.999699586285689 
m400031 6000 -0.0013126514713034873 7000 -0.0013126514713034873 14000 -0.9973746970573933 
m400032 6000 -0.0038708000373826853 7000 -0.0038708000373826853 14000 -0.9922583999252343 
m400033 6000 -0.005708084663704511 7000 -0.005708084663704511 14000 -0.9885838306725908 
m400034 6000 -0.006188035792104681 7000 -0.006188035792104681 14000 -0.9876239284157907 
m400035 6000 -0.00011550403767308181 7000 -0.00011550403767308181 14000 -0.9997689919246538 
m400036 6000 -0.0016851466878163553 7000 -0.0016851466878163553 14000 -0.996629706624367 
m400037 6000 -0.003984069721352525 7000 -0.003984069721352525 14000 -0.9920318605572951 
m400038 6000 -0.0057802992527264275 7000 -0.0057802992527264275 14000 -0.988439401494547 
m400039 6000 -0.006227968885128059 7000 -0.006227968885128059 14000 -0.9875440622297437 
m400040 6000 -8.848207885798362e-05 7000 -8.848207885798362e-05 14000 -0.999823035842284 
m400041 6000 -0.0012725704229208368 7000 -0.0012725704229208368 14000 -0.9974548591541585 
m400042 6000 -0.004042318728656701 7000 -0.004042318728656701 14000 -0.9919153625426866 
m400043 6000 -0.005793299097650556 7000 -0.005793299097650556 14000 -0.9884134018046987 
m400044 6000 -0.006249027550979731 7000 -0.006249027550979731 14000 -0.9875019448980403 
m400045 6000 -0.00023584723203035375 7000 -0.00023584723203035375 14000 -0.9995283055359393 
m400046 6000 -0.0015455657146698964 7000 -0.0015455657146698964 14000 -0.9969088685706603 
m400047 6000 -0.0040926784546950964 7000 -0.0040926784546950964 14000 -0.9918146430906102 
m400048 6000 -0.005636138737368363 7000 -0.005636138737368363 14000 -0.9887277225252633 
m400049 6000 -0.006300777630167311 7000 -0.006300777630167311 14000 -0.9873984447396658 
m400050 6000 -0.0001557067570064973 7000 -0.0001557067570064973 14000 -0.999688586485987 
m400051 6000 -0.0014084525046083223 7000 -0.0014084525046083223 14000 -0.9971830949907833 
m400052 6000 -0.003961950090056154 7000 -0.003961950090056154 14000 -0.9920760998198874 
m400053 6000 -0.005689499857321745 7000 -0.005689499857321745 14000 -0.9886210002853565 
m400054 6000 -0.006275386657841806 7000 -0.006275386657841806 14000 -0.9874492266843165 
m400055 6000 -7.642628929989845e-05 7000 -7.642628929989845e-05 14000 -0.9998471474214002 
m400056 6000 -0.0013640680438651424 7000 -0.0013640680438651424 14000 -0.9972718639122697 
m400057 6000 -0.003665479126165233 7000 -0.003665479126165233 14000 -0.9926690417476698 
m400058 6000 -0.005675022122806339 7000 -0.005675022122806339 14000 -0.9886499557543873 
m400059 6000 -0.006327808446651307 7000 -0.006327808446651307 14000 -0.9873443831066975 
m400060 6000 -4.3448980124063204e-05 7000 -4.3448980124063204e-05 14000 -0.9999131020397517 
m400061 6000 -0.001789583093186324 7000 -0.001789583093186324 14000 -0.9964208338136273 
m400062 6000 -0.004045953030142974 7000 -0.004045953030142974 14000 -0.9919080939397142 
m400063 6000 -0.0056902545613597 7000 -0.0056902545613597 14000 -0.9886194908772806 
m400064 6000 -0.006243398890966766 7000 -0.006243398890966766 14000 -0.9875132022180664 
m400065 6000 -0.0001822311236038482 7000 -0.0001822311236038482 14000 -0.9996355377527923 
m400066 6000 -0.001555225556573764 7000 -0.001555225556573764 14000 -0.9968895488868523 
m400067 6000 -0.003968463393594938 7000 -0.003968463393594938 14000 -0.9920630732128103 
m400068 6000 -0.005756785212201304 7000 -0.005756785212201304 14000 -0.9884864295755977 
m400069 6000 -0.0062586933259696454 7000 -0.0062586933259696454 14000 -0.9874826133480604 
m400070 6000 -7.835396779254234e-05 7000 -7.835396779254234e-05 14000 -0.9998432920644149 
m400071 6000 -0.0013121024683835857 7000 -0.0013121024683835857 14000 -0.9973757950632327 
m400072 6000 -0.004074318951889435 7000 -0.004074318951889435 14000 -0.9918513620962212 
m400073 6000 -0.005772941796195724 7000 -0.005772941796195724 14000 -0.9884541164076088 
m400074 6000 -0.006261481786804199 7000 -0.006261481786804199 14000 -0.9874770364263918 
m400075 6000 -7.010609793386226e-05 7000 -7.010609793386226e-05 14000 -0.9998597878041322 
m400076 6000 -0.00118363788511667 7000 -0.00118363788511667 14000 -0.9976327242297667 
m400077 6000 -0.004043964628213317 7000 -0.004043964628213317 14000 -0.9919120707435732 
m400078 6000 -0.005782270772686179 7000 -0.005782270772686179 14000 -0.9884354584546275 
m400079 6000 -0.00626033115380015 7000 -0.00626033115380015 14000 -0.9874793376923999 
m400080 6000 -0.000183812332199334 7000 -0.000183812332199334 14000 -0.9996323753356015 
m400081 6000 -0.0017471892854681473 7000 -0.0017471892854681473 14000 -0.9965056214290636 
m400082 6000 -0.004040116634938761 7000 -0.004040116634938761 14000 -0.9919197667301229 
m400083 6000 -0.005701271291970219 7000 -0.005701271291970219 14000 -0.9885974574160595 
m400084 6000 -0.006213247842768034 7000 -0.006213247842768034 14000 -0.987573504314464 
m400085 6000 -0.00012702700104882402 7000 -0.00012702700104882402 14000 -0.9997459459979023 
m400086 6000 -0.0013400231053577588 7000 -0.0013400231053577588 14000 -0.9973199537892846 
m400087 6000 -0.00418171245118226 7000 -0.00418171245118226 14000 -0.9916365750976355 
m400088 6000 -0.005757648129742906 7000 -0.005757648129742906 14000 -0.9884847037405138 
m400089 6000 -0.00627238104298632 7000 -0.00627238104298632 14000 -0.9874552379140273 
m400090 6000 -0.00012587391240516675 7000 -0.00012587391240516675 14000 -0.9997482521751897 
m400091 6000 -0.0014777732943207186 7000 -0.0014777732943207186 14000 -0.9970444534113583 
m400092 6000 -0.003972496661438309 7000 -0.003972496661438309 14000 -0.9920550066771233 
m400093 6000 -0.005594009699757279 7000 -0.005594009699757279 14000 -0.9888119806004854 
m400094 6000 -0.006305270993092423 7000 -0.006305270993092423 14000 -0.9873894580138151 
m400095 6000 -0.0001173055598987704 7000 -0.0001173055598987704 14000 -0.9997653888802024 
m400096 6000 -0.0013176865755590256 7000 -0.0013176865755590256 14000 -0.9973646268488815 
m400097 6000 -0.0034858272478272214 7000 -0.0034858272478272214 14000 -0.9930283455043455 
m400098 6000 -0.0059128956974679615 7000 -0.0059128956974679615 14000 -0.9881742086050642 
m400099 6000 -0.006240874286169151 7000 -0.006240874286169151 14000 -0.9875182514276618 
m400100 6000 -3.169430909686346e-05 7000 -3.169430909686346e-05 14000 -0.9999366113818062 
m400101 6000 -0.0016236647747106285 7000 -0.0016236647747106285 14000 -0.9967526704505785 
m400102 6000 -0.00391704856925491 7000 -0.00391704856925491 14000 -0.99216590286149 
m400103 6000 -0.005555924588416122 7000 -0.005555924588416122 14000 -0.9888881508231678 
m400104 6000 -0.006273934263655672 7000 -0.006273934263655672 14000 -0.9874521314726892 
m400105 6000 -7.704025731729849e-05 7000 -7.704025731729849e-05 14000 -0.9998459194853655 
m400106 6000 -0.0017171953610663846 7000 -0.0017171953610663846 14000 -0.9965656092778672 
m400107 6000 -0.0039054063334570633 7000 -0.0039054063334570633 14000 -0.9921891873330858 
m400108 6000 -0.005807155237021649 7000 -0.005807155237021649 14000 -0.9883856895259568 
m400109 6000 -0.006243330245951143 7000 -0.006243330245951143 14000 -0.9875133395080974 
m400110 6000 -0.00012473533903118803 7000 -0.00012473533903118803 14000 -0.9997505293219376 
m400111 6000 -0.0018154412907743687 7000 -0.0018154412907743687 14000 -0.9963691174184511 
m400112 6000 -0.0040611281481767285 7000 -0.0040611281481767285 14000 -0.9918777437036465 
m400113 6000 -0.005723849331450446 7000 -0.005723849331450446 14000 -0.9885523013370989 
m400114 6000 -0.006285948379506447 7000 -0.006285948379506447 14000 -0.9874281032409875 
m400115 6000 -0.00011101559077094812 7000 -0.00011101559077094812 14000 -0.9997779688184579 
m400116 6000 -0.0014009831210563908 7000 -0.0014009831210563908 14000 -0.9971980337578873 
m400117 6000 -0.004121586477606725 7000 -0.004121586477606725 14000 -0.9917568270447866 
m400118 6000 -0.005943130086795189 7000 -0.005943130086795189 14000 -0.9881137398264098 
m400119 6000 -0.006251185750980989 7000 -0.006251185750980989 14000 -0.9874976284980377 
m400120 6000 -0.00011280981439615187 7000 -0.00011280981439615187 14000 -0.9997743803712078 
m400121 6000 -0.0017084327322742364 7000 -0.0017084327322742364 14000 -0.9965831345354517 
m400122 6000 -0.004033183488781189 7000 -0.004033183488781189 14000 -0.991933633022438 
m400123 6000 -0.005908431313505821 7000 -0.005908431313505821 14000 -0.9881831373729885 
m400124 6000 -0.006256491381137756 7000 -0.006256491381137756 14000 -0.9874870172377243 
c **********************************
c PE+Pb, dens=4.78 g/cm3
m2      6000    -0.04286 $Carbon
        1001    -0.00714 $Hydrogen
        82000   -0.95000 $Lead
c **********************************
m3    1001 -0.048535 $Boric acid
      5010 -0.034981
      5011 -0.139923
      8016 -0.776561
c **********************************
m4    82000 1 $Lead
c **********************************
m5 26000 1 $Iron
c **********************************
m6     13027   -1.000 $ Aluminum
c **********************************
c  SS-304 (8.00 g/cm3), #298 in PNNL Compendium
m7   006000.50c -0.0004000
     014000.60c -0.0050000
     015031.50c -0.0002300
     016000.60c -0.0001500
     024000.50c -0.1899981
     025055.60c -0.0099999
     026000.50c -0.7017229
     028000.50c -0.0924991
c ****************************************
c       LaBr detector
c ****************************************
m8       35079    -0.2946       $ Br79
         35081    -0.3069       $ Br81
         57139    -0.3485       $ La139
         58140    -0.0500       $ Ce140
c ************ air den=1.15e-3g/cc
m12     8016 -0.23
        7014 -0.77
c ************ Rubber Natural den=0.92 g/cc
m13     1001 -0.118371  $weight fraction
        6000 -0.881629
c
c end material cards
c
rand seed=8674536546524321 $different initial random #; seed# - any less 18 digits
c
c ********** begin tallies *********************
fc78 *********Broadened Pulse Height Tally Sum of Detectors 1,2 & 3 ***********
e78 0 1e-5 932i 8.4295
F78:p (101)
FT78 GEB -0.026198 0.059551 -0.037176
fc18 *********Unbroadened Pulse Height Tally Sum of Detectors 1,2 & 3 ***********
e18 0 1e-5 932i 8.4295
F18:p (101)
c ***********************************
c mplot tal 78 freq 10000
nps 1e9
