c CAS DETECTOR
c w/ Shielding in Place and Wheels
c
c CELL CARDS
c
c @@@@@@@@@@ Detectors @@@@@@@@@@@@@@@@@
c
101 8 -5.08 -21 imp:n,p 1 $LaBr Detector #1 Active Region
c
c @@@@@@@@@ Shielding @@@@@@@@@@@@@@@@@
c
121 2 -4.78 -31 imp:n,p 1 $PE_Pb
122 4 -11.29 -32 imp:n,p 1 $Pb1
123 4 -11.29 -33 imp:n,p 1 $Pb2
124 4 -11.29 -34 imp:n,p 1 $Pb3
125 4 -11.29 -35 imp:n,p 1 $Pb4
126 4 -11.29 -36 imp:n,p 1 $Pb5
127 4 -11.29 -37 imp:n,p 1 $Pb6
128 3 -1.5 -38 imp:n,p 1 $BA1
129 3 -1.5 -39 imp:n,p 1 $BA2
130 6 -2.7 -40 imp:n,p 1 $Al
131 7 -7.92 301 -302 303 -304 imp:n,p 1 $Fe-tube
132 5 -7.8 -401 imp:n,p 1 $Fe
133 5 -7.8 -402 imp:n,p 1 $Fe
c @@@@@@@@@@ Wheels @@@@@@@@@@@@@@@@@
c
21 13 -0.92 -41 42 imp:n,p 1 $Wheel 1
211 13 -0.92 -421 422 imp:n,p 1 $Wheel 1
212 13 -0.92 -423 424 imp:n,p 1 $Wheel 1
22 13 -0.92 -43 44 imp:n,p 1 $Wheel 2
221 13 -0.92 -441 442 imp:n,p 1 $Wheel 2
222 13 -0.92 -443 444 imp:n,p 1 $Wheel 2
23 13 -0.92 -45 46 imp:n,p 1 $Wheel 3
231 13 -0.92 -461 462 imp:n,p 1 $Wheel 3
232 13 -0.92 -463 464 imp:n,p 1 $Wheel 3
24 13 -0.92 -47 48 imp:n,p 1 $Wheel 4
241 13 -0.92 -481 482 imp:n,p 1 $Wheel 4
242 13 -0.92 -483 484 imp:n,p 1 $Wheel 4
c
c @@@@@@@@@@ SOIL VOLUME @@@@@@@@@@@
c
300000 400000 -2.156 20010 -20011 20020 -20021 20030 -20031 imp:n,p 1
300001 400001 -2.156 20010 -20011 20020 -20021 20031 -20032 imp:n,p 1
300002 400002 -2.156 20010 -20011 20020 -20021 20032 -20033 imp:n,p 1
300003 400003 -2.156 20010 -20011 20020 -20021 20033 -20034 imp:n,p 1
300004 400004 -2.156 20010 -20011 20020 -20021 20034 -20035 imp:n,p 1
300005 400005 -2.156 20011 -20012 20020 -20021 20030 -20031 imp:n,p 1
300006 400006 -2.156 20011 -20012 20020 -20021 20031 -20032 imp:n,p 1
300007 400007 -2.156 20011 -20012 20020 -20021 20032 -20033 imp:n,p 1
300008 400008 -2.156 20011 -20012 20020 -20021 20033 -20034 imp:n,p 1
300009 400009 -2.156 20011 -20012 20020 -20021 20034 -20035 imp:n,p 1
300010 400010 -2.156 20012 -20013 20020 -20021 20030 -20031 imp:n,p 1
300011 400011 -2.156 20012 -20013 20020 -20021 20031 -20032 imp:n,p 1
300012 400012 -2.156 20012 -20013 20020 -20021 20032 -20033 imp:n,p 1
300013 400013 -2.156 20012 -20013 20020 -20021 20033 -20034 imp:n,p 1
300014 400014 -2.156 20012 -20013 20020 -20021 20034 -20035 imp:n,p 1
300015 400015 -2.156 20013 -20014 20020 -20021 20030 -20031 imp:n,p 1
300016 400016 -2.156 20013 -20014 20020 -20021 20031 -20032 imp:n,p 1
300017 400017 -2.156 20013 -20014 20020 -20021 20032 -20033 imp:n,p 1
300018 400018 -2.156 20013 -20014 20020 -20021 20033 -20034 imp:n,p 1
300019 400019 -2.156 20013 -20014 20020 -20021 20034 -20035 imp:n,p 1
300020 400020 -2.156 20014 -20015 20020 -20021 20030 -20031 imp:n,p 1
300021 400021 -2.156 20014 -20015 20020 -20021 20031 -20032 imp:n,p 1
300022 400022 -2.156 20014 -20015 20020 -20021 20032 -20033 imp:n,p 1
300023 400023 -2.156 20014 -20015 20020 -20021 20033 -20034 imp:n,p 1
300024 400024 -2.156 20014 -20015 20020 -20021 20034 -20035 imp:n,p 1
300025 400025 -2.156 20010 -20011 20021 -20022 20030 -20031 imp:n,p 1
300026 400026 -2.156 20010 -20011 20021 -20022 20031 -20032 imp:n,p 1
300027 400027 -2.156 20010 -20011 20021 -20022 20032 -20033 imp:n,p 1
300028 400028 -2.156 20010 -20011 20021 -20022 20033 -20034 imp:n,p 1
300029 400029 -2.156 20010 -20011 20021 -20022 20034 -20035 imp:n,p 1
300030 400030 -2.156 20011 -20012 20021 -20022 20030 -20031 imp:n,p 1
300031 400031 -2.156 20011 -20012 20021 -20022 20031 -20032 imp:n,p 1
300032 400032 -2.156 20011 -20012 20021 -20022 20032 -20033 imp:n,p 1
300033 400033 -2.156 20011 -20012 20021 -20022 20033 -20034 imp:n,p 1
300034 400034 -2.156 20011 -20012 20021 -20022 20034 -20035 imp:n,p 1
300035 400035 -2.156 20012 -20013 20021 -20022 20030 -20031 imp:n,p 1
300036 400036 -2.156 20012 -20013 20021 -20022 20031 -20032 imp:n,p 1
300037 400037 -2.156 20012 -20013 20021 -20022 20032 -20033 imp:n,p 1
300038 400038 -2.156 20012 -20013 20021 -20022 20033 -20034 imp:n,p 1
300039 400039 -2.156 20012 -20013 20021 -20022 20034 -20035 imp:n,p 1
300040 400040 -2.156 20013 -20014 20021 -20022 20030 -20031 imp:n,p 1
300041 400041 -2.156 20013 -20014 20021 -20022 20031 -20032 imp:n,p 1
300042 400042 -2.156 20013 -20014 20021 -20022 20032 -20033 imp:n,p 1
300043 400043 -2.156 20013 -20014 20021 -20022 20033 -20034 imp:n,p 1
300044 400044 -2.156 20013 -20014 20021 -20022 20034 -20035 imp:n,p 1
300045 400045 -2.156 20014 -20015 20021 -20022 20030 -20031 imp:n,p 1
300046 400046 -2.156 20014 -20015 20021 -20022 20031 -20032 imp:n,p 1
300047 400047 -2.156 20014 -20015 20021 -20022 20032 -20033 imp:n,p 1
300048 400048 -2.156 20014 -20015 20021 -20022 20033 -20034 imp:n,p 1
300049 400049 -2.156 20014 -20015 20021 -20022 20034 -20035 imp:n,p 1
300050 400050 -2.156 20010 -20011 20022 -20023 20030 -20031 imp:n,p 1
300051 400051 -2.156 20010 -20011 20022 -20023 20031 -20032 imp:n,p 1
300052 400052 -2.156 20010 -20011 20022 -20023 20032 -20033 imp:n,p 1
300053 400053 -2.156 20010 -20011 20022 -20023 20033 -20034 imp:n,p 1
300054 400054 -2.156 20010 -20011 20022 -20023 20034 -20035 imp:n,p 1
300055 400055 -2.156 20011 -20012 20022 -20023 20030 -20031 imp:n,p 1
300056 400056 -2.156 20011 -20012 20022 -20023 20031 -20032 imp:n,p 1
300057 400057 -2.156 20011 -20012 20022 -20023 20032 -20033 imp:n,p 1
300058 400058 -2.156 20011 -20012 20022 -20023 20033 -20034 imp:n,p 1
300059 400059 -2.156 20011 -20012 20022 -20023 20034 -20035 imp:n,p 1
300060 400060 -2.156 20012 -20013 20022 -20023 20030 -20031 imp:n,p 1
300061 400061 -2.156 20012 -20013 20022 -20023 20031 -20032 imp:n,p 1
300062 400062 -2.156 20012 -20013 20022 -20023 20032 -20033 imp:n,p 1
300063 400063 -2.156 20012 -20013 20022 -20023 20033 -20034 imp:n,p 1
300064 400064 -2.156 20012 -20013 20022 -20023 20034 -20035 imp:n,p 1
300065 400065 -2.156 20013 -20014 20022 -20023 20030 -20031 imp:n,p 1
300066 400066 -2.156 20013 -20014 20022 -20023 20031 -20032 imp:n,p 1
300067 400067 -2.156 20013 -20014 20022 -20023 20032 -20033 imp:n,p 1
300068 400068 -2.156 20013 -20014 20022 -20023 20033 -20034 imp:n,p 1
300069 400069 -2.156 20013 -20014 20022 -20023 20034 -20035 imp:n,p 1
300070 400070 -2.156 20014 -20015 20022 -20023 20030 -20031 imp:n,p 1
300071 400071 -2.156 20014 -20015 20022 -20023 20031 -20032 imp:n,p 1
300072 400072 -2.156 20014 -20015 20022 -20023 20032 -20033 imp:n,p 1
300073 400073 -2.156 20014 -20015 20022 -20023 20033 -20034 imp:n,p 1
300074 400074 -2.156 20014 -20015 20022 -20023 20034 -20035 imp:n,p 1
300075 400075 -2.156 20010 -20011 20023 -20024 20030 -20031 imp:n,p 1
300076 400076 -2.156 20010 -20011 20023 -20024 20031 -20032 imp:n,p 1
300077 400077 -2.156 20010 -20011 20023 -20024 20032 -20033 imp:n,p 1
300078 400078 -2.156 20010 -20011 20023 -20024 20033 -20034 imp:n,p 1
300079 400079 -2.156 20010 -20011 20023 -20024 20034 -20035 imp:n,p 1
300080 400080 -2.156 20011 -20012 20023 -20024 20030 -20031 imp:n,p 1
300081 400081 -2.156 20011 -20012 20023 -20024 20031 -20032 imp:n,p 1
300082 400082 -2.156 20011 -20012 20023 -20024 20032 -20033 imp:n,p 1
300083 400083 -2.156 20011 -20012 20023 -20024 20033 -20034 imp:n,p 1
300084 400084 -2.156 20011 -20012 20023 -20024 20034 -20035 imp:n,p 1
300085 400085 -2.156 20012 -20013 20023 -20024 20030 -20031 imp:n,p 1
300086 400086 -2.156 20012 -20013 20023 -20024 20031 -20032 imp:n,p 1
300087 400087 -2.156 20012 -20013 20023 -20024 20032 -20033 imp:n,p 1
300088 400088 -2.156 20012 -20013 20023 -20024 20033 -20034 imp:n,p 1
300089 400089 -2.156 20012 -20013 20023 -20024 20034 -20035 imp:n,p 1
300090 400090 -2.156 20013 -20014 20023 -20024 20030 -20031 imp:n,p 1
300091 400091 -2.156 20013 -20014 20023 -20024 20031 -20032 imp:n,p 1
300092 400092 -2.156 20013 -20014 20023 -20024 20032 -20033 imp:n,p 1
300093 400093 -2.156 20013 -20014 20023 -20024 20033 -20034 imp:n,p 1
300094 400094 -2.156 20013 -20014 20023 -20024 20034 -20035 imp:n,p 1
300095 400095 -2.156 20014 -20015 20023 -20024 20030 -20031 imp:n,p 1
300096 400096 -2.156 20014 -20015 20023 -20024 20031 -20032 imp:n,p 1
300097 400097 -2.156 20014 -20015 20023 -20024 20032 -20033 imp:n,p 1
300098 400098 -2.156 20014 -20015 20023 -20024 20033 -20034 imp:n,p 1
300099 400099 -2.156 20014 -20015 20023 -20024 20034 -20035 imp:n,p 1
300100 400100 -2.156 20010 -20011 20024 -20025 20030 -20031 imp:n,p 1
300101 400101 -2.156 20010 -20011 20024 -20025 20031 -20032 imp:n,p 1
300102 400102 -2.156 20010 -20011 20024 -20025 20032 -20033 imp:n,p 1
300103 400103 -2.156 20010 -20011 20024 -20025 20033 -20034 imp:n,p 1
300104 400104 -2.156 20010 -20011 20024 -20025 20034 -20035 imp:n,p 1
300105 400105 -2.156 20011 -20012 20024 -20025 20030 -20031 imp:n,p 1
300106 400106 -2.156 20011 -20012 20024 -20025 20031 -20032 imp:n,p 1
300107 400107 -2.156 20011 -20012 20024 -20025 20032 -20033 imp:n,p 1
300108 400108 -2.156 20011 -20012 20024 -20025 20033 -20034 imp:n,p 1
300109 400109 -2.156 20011 -20012 20024 -20025 20034 -20035 imp:n,p 1
300110 400110 -2.156 20012 -20013 20024 -20025 20030 -20031 imp:n,p 1
300111 400111 -2.156 20012 -20013 20024 -20025 20031 -20032 imp:n,p 1
300112 400112 -2.156 20012 -20013 20024 -20025 20032 -20033 imp:n,p 1
300113 400113 -2.156 20012 -20013 20024 -20025 20033 -20034 imp:n,p 1
300114 400114 -2.156 20012 -20013 20024 -20025 20034 -20035 imp:n,p 1
300115 400115 -2.156 20013 -20014 20024 -20025 20030 -20031 imp:n,p 1
300116 400116 -2.156 20013 -20014 20024 -20025 20031 -20032 imp:n,p 1
300117 400117 -2.156 20013 -20014 20024 -20025 20032 -20033 imp:n,p 1
300118 400118 -2.156 20013 -20014 20024 -20025 20033 -20034 imp:n,p 1
300119 400119 -2.156 20013 -20014 20024 -20025 20034 -20035 imp:n,p 1
300120 400120 -2.156 20014 -20015 20024 -20025 20030 -20031 imp:n,p 1
300121 400121 -2.156 20014 -20015 20024 -20025 20031 -20032 imp:n,p 1
300122 400122 -2.156 20014 -20015 20024 -20025 20032 -20033 imp:n,p 1
300123 400123 -2.156 20014 -20015 20024 -20025 20033 -20034 imp:n,p 1
300124 400124 -2.156 20014 -20015 20024 -20025 20034 -20035 imp:n,p 1
c
30 12 -0.00129 -200 #101 #121 #122 #123 #124 #125 #126 #127 #128 #129 #130 #131 #132 #133
        #21 #211 #212 #22 #221 #222 #23 #231 #232 #24 #241 #242 #20 imp:n,p 1 $Rest of the World
31 0 200 imp:n,p 0 $Outside world

c SURFACE CARDS
c
c Sample Volume
20010 px -56.0
20011 px -33.59999999999991
20012 px -11.199999999999818
20013 px 11.199999999999818
20014 px 33.59999999999991
20015 px 56.0
20020 py -45.0
20021 py -27.0
20022 py -9.0
20023 py 9.0
20024 py 27.0
20025 py 45.0
20030 pz 92.0
20031 pz 82.0
20032 pz 72.0
20033 pz 62.0
20034 pz 52.0
20035 pz 42.0
c Active Detector Region
21 rcc 56  -5.0 -1.0   0.0 20.3 0.0   4.5 $Detector 1 Base center, Hx,Hy,Hz, radius
c Shielding Surfaces
c Shielding Pb
31 rpp 19 29 -7.5 7.5 -11 9 $PbPE xmin xmax ymin ymax zmin zmax
32 rpp 9 19 4 9 -11 9 $Pb xmin xmax ymin ymax zmin zmax
33 rpp 9 19 -9 -4 -11 9 $Pb xmin xmax ymin ymax zmin zmax
34 rpp 19 29 7.5 12.5 -11 9 $Pb xmin xmax ymin ymax zmin zmax
35 rpp 19 29 -12.5 -7.5 -11 9 $Pb xmin xmax ymin ymax zmin zmax
36 rpp 29 34 -15 15 -11 9 $Pb xmin xmax ymin ymax zmin zmax
37 rpp 9 19 -4 4 4 9 $Pb xmin xmax ymin ymax zmin zmax
38 rpp -26 26 18 28 -11 9 $BA1 xmin xmax ymin ymax zmin zmax
39 rpp -26 26 -28 -18 -11 9 $BA2 xmin xmax ymin ymax zmin zmax
40 rpp -65 65 -28 28 10 10.5 $Al xmin xmax ymin ymax zmin zmax
401 rpp -27 27 29 34 -11 9 $Fe xmin xmax ymin ymax zmin zmax
402 rpp -27 27 -34 -29 -11 9 $Fe xmin xmax ymin ymax zmin zmax
301 px -20
302 px 18
303 cx 3.71
304 cx 3.81
c Wheels Surfaces
c 23/10.5-12 turf tires, 22.6 lb rubber
c diameter 29cm, tread width 25cm, and sidewall height 13.76 cm
c set thickness of all sides 1.3 cm (s.t. weight is 22.6 lb)
41 rcc -2 77 8   0.0 25 0.0 29 $wheel 1 outer tread surface
42 rcc -2 77 8   0.0 25 0.0 27.7 $wheel 1 inner tread surface
421 rcc -2 75.7 8   0.0 1.3 0.0 29 $wheel 1 outside sidewall exterior
422 rcc -2 75.7 8   0.0 1.3 0.0 15.24 $wheel 1 outside sidewall interior
423 rcc -2 102 8   0.0 1.3 0.0 29 $wheel 1 inside sidewall exterior
424 rcc -2 102 8   0.0 1.3 0.0 15.24 $wheel 1 inside sidewall interior
43 rcc 68 77 8   0.0 25 0.0 29 $wheel 2
44 rcc 68 77 8   0.0 25 0.0 27.7
441 rcc 68 75.7 8   0.0 1.3 0.0 29
442 rcc 68 75.7 8   0.0 1.3 0.0 15.24
443 rcc 68 102 8   0.0 1.3 0.0 29
444 rcc 68 102 8   0.0 1.3 0.0 15.24
45 rcc -2 -77 8   0.0 -25 0.0 29 $wheel 3
46 rcc -2 -77 8   0.0 -25 0.0 27.7
461 rcc -2 -75.7 8   0.0 -1.3 0.0 29
462 rcc -2 -75.7 8   0.0 -1.3 0.0 15.24
463 rcc -2 -102 8   0.0 -1.3 0.0 29
464 rcc -2 -102 8   0.0 -1.3 0.0 15.24
47 rcc 68 -77 8   0.0 -25 0.0 29 $wheel 4
48 rcc 68 -77 8   0.0 -25 0.0 27.7
481 rcc 68 -75.7 8   0.0 -1.3 0.0 29
482 rcc 68 -75.7 8   0.0 -1.3 0.0 15.24
483 rcc 68 -102 8   0.0 -1.3 0.0 29
484 rcc 68 -102 8   0.0 -1.3 0.0 15.24
200 so 800    $sphere of 800cm centered at origin
c

c DATA CARDS
mode n p
c dump every hr
prdmp -60 -60 -1
c 100 keV Neutron Energy Cutoff
Cut:n 1j 0.1
c analog neutron transport
phys:n 1j 14
phys:p
sdef pos=0 0 0 erg=14.0 vec= 0 0 1 dir=d1
si1  -1 .93 1
sp1   0  0.0  1.0
c ********************
c begin material cards
c ********************
c Pure Carbon
c ****************************************
m400000 6000 -0.00010473200230356297 7000 -0.00010473200230356297 14000 -0.9997905359953928 
m400001 6000 -0.001786176907270434 7000 -0.001786176907270434 14000 -0.996427646185459 
m400002 6000 -0.004356600433235169 7000 -0.004356600433235169 14000 -0.99128679913353 
m400003 6000 -0.005646036118635384 7000 -0.005646036118635384 14000 -0.9887079277627295 
m400004 6000 -0.006331760101775418 7000 -0.006331760101775418 14000 -0.9873364797964492 
m400005 6000 -0.00010958218788578138 7000 -0.00010958218788578138 14000 -0.9997808356242285 
m400006 6000 -0.0014505198970546365 7000 -0.0014505198970546365 14000 -0.9970989602058908 
m400007 6000 -0.004022642601862336 7000 -0.004022642601862336 14000 -0.9919547147962756 
m400008 6000 -0.005812656818408062 7000 -0.005812656818408062 14000 -0.9883746863631839 
m400009 6000 -0.006323076785075921 7000 -0.006323076785075921 14000 -0.9873538464298484 
m400010 6000 -0.00010027406488087995 7000 -0.00010027406488087995 14000 -0.9997994518702383 
m400011 6000 -0.0014590826373877793 7000 -0.0014590826373877793 14000 -0.9970818347252245 
m400012 6000 -0.004035068738768747 7000 -0.004035068738768747 14000 -0.9919298625224627 
m400013 6000 -0.0058229251296106925 7000 -0.0058229251296106925 14000 -0.9883541497407786 
m400014 6000 -0.006311822392175235 7000 -0.006311822392175235 14000 -0.9873763552156497 
m400015 6000 -4.7112360198092225e-05 7000 -4.7112360198092225e-05 14000 -0.9999057752796037 
m400016 6000 -0.0013241127148462453 7000 -0.0013241127148462453 14000 -0.9973517745703075 
m400017 6000 -0.0037950298430745434 7000 -0.0037950298430745434 14000 -0.992409940313851 
m400018 6000 -0.005619377523533385 7000 -0.005619377523533385 14000 -0.9887612449529329 
m400019 6000 -0.006322926595055714 7000 -0.006322926595055714 14000 -0.9873541468098884 
m400020 6000 -3.8929126163484376e-05 7000 -3.8929126163484376e-05 14000 -0.999922141747673 
m400021 6000 -0.001601335938783719 7000 -0.001601335938783719 14000 -0.9967973281224323 
m400022 6000 -0.004017149349973254 7000 -0.004017149349973254 14000 -0.9919657013000538 
m400023 6000 -0.005600428615843867 7000 -0.005600428615843867 14000 -0.988799142768312 
m400024 6000 -0.0063165028857011495 7000 -0.0063165028857011495 14000 -0.9873669942285977 
m400025 6000 -7.774620944811851e-05 7000 -7.774620944811851e-05 14000 -0.9998445075811037 
m400026 6000 -0.0016230805044647237 7000 -0.0016230805044647237 14000 -0.9967538389910706 
m400027 6000 -0.004115589224739711 7000 -0.004115589224739711 14000 -0.9917688215505203 
m400028 6000 -0.005813036065154256 7000 -0.005813036065154256 14000 -0.9883739278696915 
m400029 6000 -0.00633191285075258 7000 -0.00633191285075258 14000 -0.9873361742984951 
m400030 6000 -0.00012747250892947945 7000 -0.00012747250892947945 14000 -0.999745054982141 
m400031 6000 -0.001502223830497054 7000 -0.001502223830497054 14000 -0.9969955523390059 
m400032 6000 -0.0038058078279115527 7000 -0.0038058078279115527 14000 -0.9923883843441769 
m400033 6000 -0.005745038928137774 7000 -0.005745038928137774 14000 -0.988509922143725 
m400034 6000 -0.00631142852289874 7000 -0.00631142852289874 14000 -0.9873771429542021 
m400035 6000 -0.00017129408675906315 7000 -0.00017129408675906315 14000 -0.9996574118264817 
m400036 6000 -0.0014500394810702095 7000 -0.0014500394810702095 14000 -0.9970999210378595 
m400037 6000 -0.003793851884554111 7000 -0.003793851884554111 14000 -0.992412296230892 
m400038 6000 -0.005753152748941731 7000 -0.005753152748941731 14000 -0.9884936945021165 
m400039 6000 -0.006283740171118438 7000 -0.006283740171118438 14000 -0.9874325196577634 
m400040 6000 -0.00015534609598131876 7000 -0.00015534609598131876 14000 -0.9996893078080373 
m400041 6000 -0.0015769677577076036 7000 -0.0015769677577076036 14000 -0.9968460644845848 
m400042 6000 -0.004376007754945574 7000 -0.004376007754945574 14000 -0.9912479844901092 
m400043 6000 -0.005700317942769102 7000 -0.005700317942769102 14000 -0.9885993641144618 
m400044 6000 -0.0063106901867552535 7000 -0.0063106901867552535 14000 -0.9873786196264897 
m400045 6000 -0.00012008387984717633 7000 -0.00012008387984717633 14000 -0.9997598322403058 
m400046 6000 -0.0016841995411032954 7000 -0.0016841995411032954 14000 -0.9966316009177933 
m400047 6000 -0.004000658498263895 7000 -0.004000658498263895 14000 -0.9919986830034724 
m400048 6000 -0.005790713495245956 7000 -0.005790713495245956 14000 -0.9884185730095081 
m400049 6000 -0.00631202369831317 7000 -0.00631202369831317 14000 -0.9873759526033739 
m400050 6000 -0.00016383980247620906 7000 -0.00016383980247620906 14000 -0.9996723203950478 
m400051 6000 -0.0012578954311388223 7000 -0.0012578954311388223 14000 -0.9974842091377222 
m400052 6000 -0.0039875915944072365 7000 -0.0039875915944072365 14000 -0.9920248168111857 
m400053 6000 -0.005635195553701768 7000 -0.005635195553701768 14000 -0.9887296088925963 
m400054 6000 -0.0063363583660491045 7000 -0.0063363583660491045 14000 -0.9873272832679018 
m400055 6000 -0.00012308939135747664 7000 -0.00012308939135747664 14000 -0.999753821217285 
m400056 6000 -0.0015734347997087518 7000 -0.0015734347997087518 14000 -0.9968531304005823 
m400057 6000 -0.004151224572341775 7000 -0.004151224572341775 14000 -0.9916975508553165 
m400058 6000 -0.005612715997954076 7000 -0.005612715997954076 14000 -0.9887745680040919 
m400059 6000 -0.006336629641317918 7000 -0.006336629641317918 14000 -0.9873267407173643 
m400060 6000 -8.552794503647993e-05 7000 -8.552794503647993e-05 14000 -0.999828944109927 
m400061 6000 -0.0011662592801793103 7000 -0.0011662592801793103 14000 -0.9976674814396412 
m400062 6000 -0.003826956627341761 7000 -0.003826956627341761 14000 -0.9923460867453164 
m400063 6000 -0.005917418508068445 7000 -0.005917418508068445 14000 -0.9881651629838631 
m400064 6000 -0.006337514626955773 7000 -0.006337514626955773 14000 -0.9873249707460886 
m400065 6000 -7.265776458192978e-05 7000 -7.265776458192978e-05 14000 -0.999854684470836 
m400066 6000 -0.0011943501178598454 7000 -0.0011943501178598454 14000 -0.9976112997642806 
m400067 6000 -0.003964732281394913 7000 -0.003964732281394913 14000 -0.9920705354372104 
m400068 6000 -0.005794002535374666 7000 -0.005794002535374666 14000 -0.9884119949292508 
m400069 6000 -0.0063254141060476365 7000 -0.0063254141060476365 14000 -0.9873491717879049 
m400070 6000 -0.0001506968501093363 7000 -0.0001506968501093363 14000 -0.9996986062997815 
m400071 6000 -0.0016390084347113246 7000 -0.0016390084347113246 14000 -0.9967219831305775 
m400072 6000 -0.0039639885776346735 7000 -0.0039639885776346735 14000 -0.9920720228447308 
m400073 6000 -0.005754166445746612 7000 -0.005754166445746612 14000 -0.9884916671085066 
m400074 6000 -0.006329578784890597 7000 -0.006329578784890597 14000 -0.9873408424302184 
m400075 6000 -8.01650046508125e-05 7000 -8.01650046508125e-05 14000 -0.9998396699906984 
m400076 6000 -0.0014882742314591005 7000 -0.0014882742314591005 14000 -0.9970234515370816 
m400077 6000 -0.004069776378176881 7000 -0.004069776378176881 14000 -0.9918604472436463 
m400078 6000 -0.005738990746154066 7000 -0.005738990746154066 14000 -0.9885220185076917 
m400079 6000 -0.006321418113543864 7000 -0.006321418113543864 14000 -0.9873571637729119 
m400080 6000 -7.754243421475492e-05 7000 -7.754243421475492e-05 14000 -0.9998449151315707 
m400081 6000 -0.0016460982903149224 7000 -0.0016460982903149224 14000 -0.9967078034193704 
m400082 6000 -0.0035808465550569587 7000 -0.0035808465550569587 14000 -0.9928383068898866 
m400083 6000 -0.005644100375272222 7000 -0.005644100375272222 14000 -0.9887117992494556 
m400084 6000 -0.006337586972269038 7000 -0.006337586972269038 14000 -0.9873248260554618 
m400085 6000 -0.00020295180463165215 7000 -0.00020295180463165215 14000 -0.9995940963907367 
m400086 6000 -0.0020411696913030454 7000 -0.0020411696913030454 14000 -0.995917660617394 
m400087 6000 -0.004285476813035489 7000 -0.004285476813035489 14000 -0.9914290463739287 
m400088 6000 -0.005865177058408433 7000 -0.005865177058408433 14000 -0.9882696458831832 
m400089 6000 -0.006298480746514528 7000 -0.006298480746514528 14000 -0.9874030385069709 
m400090 6000 -0.0001452394134273404 7000 -0.0001452394134273404 14000 -0.9997095211731455 
m400091 6000 -0.001233009278869843 7000 -0.001233009278869843 14000 -0.9975339814422602 
m400092 6000 -0.003983758342530228 7000 -0.003983758342530228 14000 -0.9920324833149392 
m400093 6000 -0.0058491887081307484 7000 -0.0058491887081307484 14000 -0.9883016225837389 
m400094 6000 -0.006333462318970802 7000 -0.006333462318970802 14000 -0.9873330753620583 
m400095 6000 -7.722323257130098e-05 7000 -7.722323257130098e-05 14000 -0.9998455535348575 
m400096 6000 -0.0014437362118574467 7000 -0.0014437362118574467 14000 -0.997112527576285 
m400097 6000 -0.0038116169199943883 7000 -0.0038116169199943883 14000 -0.9923767661600114 
m400098 6000 -0.00588250098849119 7000 -0.00588250098849119 14000 -0.9882349980230178 
m400099 6000 -0.006333856608707377 7000 -0.006333856608707377 14000 -0.9873322867825856 
m400100 6000 -7.972353720614939e-05 7000 -7.972353720614939e-05 14000 -0.9998405529255878 
m400101 6000 -0.0014622266657945801 7000 -0.0014622266657945801 14000 -0.9970755466684108 
m400102 6000 -0.0038816681339123153 7000 -0.0038816681339123153 14000 -0.9922366637321751 
m400103 6000 -0.006098520146695683 7000 -0.006098520146695683 14000 -0.9878029597066085 
m400104 6000 -0.006329995373112026 7000 -0.006329995373112026 14000 -0.9873400092537762 
m400105 6000 -6.70494649532496e-05 7000 -6.70494649532496e-05 14000 -0.9998659010700937 
m400106 6000 -0.0015145529358658821 7000 -0.0015145529358658821 14000 -0.9969708941282684 
m400107 6000 -0.003911301960336974 7000 -0.003911301960336974 14000 -0.9921773960793259 
m400108 6000 -0.0058292149890521 7000 -0.0058292149890521 14000 -0.9883415700218958 
m400109 6000 -0.00635118544339602 7000 -0.00635118544339602 14000 -0.9872976291132083 
m400110 6000 -0.0001309088155112171 7000 -0.0001309088155112171 14000 -0.9997381823689777 
m400111 6000 -0.0011322319878546794 7000 -0.0011322319878546794 14000 -0.9977355360242907 
m400112 6000 -0.003959065005134384 7000 -0.003959065005134384 14000 -0.9920818699897311 
m400113 6000 -0.00589610019666954 7000 -0.00589610019666954 14000 -0.9882077996066608 
m400114 6000 -0.006389568464373656 7000 -0.006389568464373656 14000 -0.9872208630712528 
m400115 6000 -9.128936086765737e-05 7000 -9.128936086765737e-05 14000 -0.9998174212782647 
m400116 6000 -0.0013809493076466462 7000 -0.0013809493076466462 14000 -0.9972381013847068 
m400117 6000 -0.003953537445840846 7000 -0.003953537445840846 14000 -0.9920929251083185 
m400118 6000 -0.0056613557976893806 7000 -0.0056613557976893806 14000 -0.9886772884046218 
m400119 6000 -0.0063720391651290054 7000 -0.0063720391651290054 14000 -0.9872559216697419 
m400120 6000 -0.00011275529782357801 7000 -0.00011275529782357801 14000 -0.9997744894043527 
m400121 6000 -0.0015792627052363716 7000 -0.0015792627052363716 14000 -0.996841474589527 
m400122 6000 -0.004002186075936344 7000 -0.004002186075936344 14000 -0.9919956278481271 
m400123 6000 -0.005798837787472279 7000 -0.005798837787472279 14000 -0.9884023244250553 
m400124 6000 -0.006325137823658516 7000 -0.006325137823658516 14000 -0.9873497243526833 
c **********************************
c PE+Pb, dens=4.78 g/cm3
m2      6000    -0.04286 $Carbon
        1001    -0.00714 $Hydrogen
        82000   -0.95000 $Lead
c **********************************
m3    1001 -0.048535 $Boric acid
      5010 -0.034981
      5011 -0.139923
      8016 -0.776561
c **********************************
m4    82000 1 $Lead
c **********************************
m5 26000 1 $Iron
c **********************************
m6     13027   -1.000 $ Aluminum
c **********************************
c  SS-304 (8.00 g/cm3), #298 in PNNL Compendium
m7   006000.50c -0.0004000
     014000.60c -0.0050000
     015031.50c -0.0002300
     016000.60c -0.0001500
     024000.50c -0.1899981
     025055.60c -0.0099999
     026000.50c -0.7017229
     028000.50c -0.0924991
c ****************************************
c       LaBr detector
c ****************************************
m8       35079    -0.2946       $ Br79
         35081    -0.3069       $ Br81
         57139    -0.3485       $ La139
         58140    -0.0500       $ Ce140
c ************ air den=1.15e-3g/cc
m12     8016 -0.23
        7014 -0.77
c ************ Rubber Natural den=0.92 g/cc
m13     1001 -0.118371  $weight fraction
        6000 -0.881629
c
c end material cards
c
rand seed=8674536546524321 $different initial random #; seed# - any less 18 digits
c
c ********** begin tallies *********************
fc78 *********Broadened Pulse Height Tally Sum of Detectors 1,2 & 3 ***********
e78 0 1e-5 932i 8.4295
F78:p (101)
FT78 GEB -0.026198 0.059551 -0.037176
fc18 *********Unbroadened Pulse Height Tally Sum of Detectors 1,2 & 3 ***********
e18 0 1e-5 932i 8.4295
F18:p (101)
c ***********************************
c mplot tal 78 freq 10000
nps 1e9
