c CAS DETECTOR
c w/ Shielding in Place and Wheels
c
c CELL CARDS
c
c @@@@@@@@@@ Detectors @@@@@@@@@@@@@@@@@
c
101 8 -5.08 -21 imp:n,p 1 $LaBr Detector #1 Active Region
c
c @@@@@@@@@ Shielding @@@@@@@@@@@@@@@@@
c
121 2 -4.78 -31 imp:n,p 1 $PE_Pb
122 4 -11.29 -32 imp:n,p 1 $Pb1
123 4 -11.29 -33 imp:n,p 1 $Pb2
124 4 -11.29 -34 imp:n,p 1 $Pb3
125 4 -11.29 -35 imp:n,p 1 $Pb4
126 4 -11.29 -36 imp:n,p 1 $Pb5
127 4 -11.29 -37 imp:n,p 1 $Pb6
128 3 -1.5 -38 imp:n,p 1 $BA1
129 3 -1.5 -39 imp:n,p 1 $BA2
130 6 -2.7 -40 imp:n,p 1 $Al
131 7 -7.92 301 -302 303 -304 imp:n,p 1 $Fe-tube
132 5 -7.8 -401 imp:n,p 1 $Fe
133 5 -7.8 -402 imp:n,p 1 $Fe
c @@@@@@@@@@ Wheels @@@@@@@@@@@@@@@@@
c
21 13 -0.92 -41 42 imp:n,p 1 $Wheel 1
211 13 -0.92 -421 422 imp:n,p 1 $Wheel 1
212 13 -0.92 -423 424 imp:n,p 1 $Wheel 1
22 13 -0.92 -43 44 imp:n,p 1 $Wheel 2
221 13 -0.92 -441 442 imp:n,p 1 $Wheel 2
222 13 -0.92 -443 444 imp:n,p 1 $Wheel 2
23 13 -0.92 -45 46 imp:n,p 1 $Wheel 3
231 13 -0.92 -461 462 imp:n,p 1 $Wheel 3
232 13 -0.92 -463 464 imp:n,p 1 $Wheel 3
24 13 -0.92 -47 48 imp:n,p 1 $Wheel 4
241 13 -0.92 -481 482 imp:n,p 1 $Wheel 4
242 13 -0.92 -483 484 imp:n,p 1 $Wheel 4
c
c @@@@@@@@@@ SOIL VOLUME @@@@@@@@@@@
c
300000 400000 -2.156 20010 -20011 20020 -20021 20030 -20031 imp:n,p 1
300001 400001 -2.156 20010 -20011 20020 -20021 20031 -20032 imp:n,p 1
300002 400002 -2.156 20010 -20011 20020 -20021 20032 -20033 imp:n,p 1
300003 400003 -2.156 20010 -20011 20020 -20021 20033 -20034 imp:n,p 1
300004 400004 -2.156 20010 -20011 20020 -20021 20034 -20035 imp:n,p 1
300005 400005 -2.156 20011 -20012 20020 -20021 20030 -20031 imp:n,p 1
300006 400006 -2.156 20011 -20012 20020 -20021 20031 -20032 imp:n,p 1
300007 400007 -2.156 20011 -20012 20020 -20021 20032 -20033 imp:n,p 1
300008 400008 -2.156 20011 -20012 20020 -20021 20033 -20034 imp:n,p 1
300009 400009 -2.156 20011 -20012 20020 -20021 20034 -20035 imp:n,p 1
300010 400010 -2.156 20012 -20013 20020 -20021 20030 -20031 imp:n,p 1
300011 400011 -2.156 20012 -20013 20020 -20021 20031 -20032 imp:n,p 1
300012 400012 -2.156 20012 -20013 20020 -20021 20032 -20033 imp:n,p 1
300013 400013 -2.156 20012 -20013 20020 -20021 20033 -20034 imp:n,p 1
300014 400014 -2.156 20012 -20013 20020 -20021 20034 -20035 imp:n,p 1
300015 400015 -2.156 20013 -20014 20020 -20021 20030 -20031 imp:n,p 1
300016 400016 -2.156 20013 -20014 20020 -20021 20031 -20032 imp:n,p 1
300017 400017 -2.156 20013 -20014 20020 -20021 20032 -20033 imp:n,p 1
300018 400018 -2.156 20013 -20014 20020 -20021 20033 -20034 imp:n,p 1
300019 400019 -2.156 20013 -20014 20020 -20021 20034 -20035 imp:n,p 1
300020 400020 -2.156 20014 -20015 20020 -20021 20030 -20031 imp:n,p 1
300021 400021 -2.156 20014 -20015 20020 -20021 20031 -20032 imp:n,p 1
300022 400022 -2.156 20014 -20015 20020 -20021 20032 -20033 imp:n,p 1
300023 400023 -2.156 20014 -20015 20020 -20021 20033 -20034 imp:n,p 1
300024 400024 -2.156 20014 -20015 20020 -20021 20034 -20035 imp:n,p 1
300025 400025 -2.156 20010 -20011 20021 -20022 20030 -20031 imp:n,p 1
300026 400026 -2.156 20010 -20011 20021 -20022 20031 -20032 imp:n,p 1
300027 400027 -2.156 20010 -20011 20021 -20022 20032 -20033 imp:n,p 1
300028 400028 -2.156 20010 -20011 20021 -20022 20033 -20034 imp:n,p 1
300029 400029 -2.156 20010 -20011 20021 -20022 20034 -20035 imp:n,p 1
300030 400030 -2.156 20011 -20012 20021 -20022 20030 -20031 imp:n,p 1
300031 400031 -2.156 20011 -20012 20021 -20022 20031 -20032 imp:n,p 1
300032 400032 -2.156 20011 -20012 20021 -20022 20032 -20033 imp:n,p 1
300033 400033 -2.156 20011 -20012 20021 -20022 20033 -20034 imp:n,p 1
300034 400034 -2.156 20011 -20012 20021 -20022 20034 -20035 imp:n,p 1
300035 400035 -2.156 20012 -20013 20021 -20022 20030 -20031 imp:n,p 1
300036 400036 -2.156 20012 -20013 20021 -20022 20031 -20032 imp:n,p 1
300037 400037 -2.156 20012 -20013 20021 -20022 20032 -20033 imp:n,p 1
300038 400038 -2.156 20012 -20013 20021 -20022 20033 -20034 imp:n,p 1
300039 400039 -2.156 20012 -20013 20021 -20022 20034 -20035 imp:n,p 1
300040 400040 -2.156 20013 -20014 20021 -20022 20030 -20031 imp:n,p 1
300041 400041 -2.156 20013 -20014 20021 -20022 20031 -20032 imp:n,p 1
300042 400042 -2.156 20013 -20014 20021 -20022 20032 -20033 imp:n,p 1
300043 400043 -2.156 20013 -20014 20021 -20022 20033 -20034 imp:n,p 1
300044 400044 -2.156 20013 -20014 20021 -20022 20034 -20035 imp:n,p 1
300045 400045 -2.156 20014 -20015 20021 -20022 20030 -20031 imp:n,p 1
300046 400046 -2.156 20014 -20015 20021 -20022 20031 -20032 imp:n,p 1
300047 400047 -2.156 20014 -20015 20021 -20022 20032 -20033 imp:n,p 1
300048 400048 -2.156 20014 -20015 20021 -20022 20033 -20034 imp:n,p 1
300049 400049 -2.156 20014 -20015 20021 -20022 20034 -20035 imp:n,p 1
300050 400050 -2.156 20010 -20011 20022 -20023 20030 -20031 imp:n,p 1
300051 400051 -2.156 20010 -20011 20022 -20023 20031 -20032 imp:n,p 1
300052 400052 -2.156 20010 -20011 20022 -20023 20032 -20033 imp:n,p 1
300053 400053 -2.156 20010 -20011 20022 -20023 20033 -20034 imp:n,p 1
300054 400054 -2.156 20010 -20011 20022 -20023 20034 -20035 imp:n,p 1
300055 400055 -2.156 20011 -20012 20022 -20023 20030 -20031 imp:n,p 1
300056 400056 -2.156 20011 -20012 20022 -20023 20031 -20032 imp:n,p 1
300057 400057 -2.156 20011 -20012 20022 -20023 20032 -20033 imp:n,p 1
300058 400058 -2.156 20011 -20012 20022 -20023 20033 -20034 imp:n,p 1
300059 400059 -2.156 20011 -20012 20022 -20023 20034 -20035 imp:n,p 1
300060 400060 -2.156 20012 -20013 20022 -20023 20030 -20031 imp:n,p 1
300061 400061 -2.156 20012 -20013 20022 -20023 20031 -20032 imp:n,p 1
300062 400062 -2.156 20012 -20013 20022 -20023 20032 -20033 imp:n,p 1
300063 400063 -2.156 20012 -20013 20022 -20023 20033 -20034 imp:n,p 1
300064 400064 -2.156 20012 -20013 20022 -20023 20034 -20035 imp:n,p 1
300065 400065 -2.156 20013 -20014 20022 -20023 20030 -20031 imp:n,p 1
300066 400066 -2.156 20013 -20014 20022 -20023 20031 -20032 imp:n,p 1
300067 400067 -2.156 20013 -20014 20022 -20023 20032 -20033 imp:n,p 1
300068 400068 -2.156 20013 -20014 20022 -20023 20033 -20034 imp:n,p 1
300069 400069 -2.156 20013 -20014 20022 -20023 20034 -20035 imp:n,p 1
300070 400070 -2.156 20014 -20015 20022 -20023 20030 -20031 imp:n,p 1
300071 400071 -2.156 20014 -20015 20022 -20023 20031 -20032 imp:n,p 1
300072 400072 -2.156 20014 -20015 20022 -20023 20032 -20033 imp:n,p 1
300073 400073 -2.156 20014 -20015 20022 -20023 20033 -20034 imp:n,p 1
300074 400074 -2.156 20014 -20015 20022 -20023 20034 -20035 imp:n,p 1
300075 400075 -2.156 20010 -20011 20023 -20024 20030 -20031 imp:n,p 1
300076 400076 -2.156 20010 -20011 20023 -20024 20031 -20032 imp:n,p 1
300077 400077 -2.156 20010 -20011 20023 -20024 20032 -20033 imp:n,p 1
300078 400078 -2.156 20010 -20011 20023 -20024 20033 -20034 imp:n,p 1
300079 400079 -2.156 20010 -20011 20023 -20024 20034 -20035 imp:n,p 1
300080 400080 -2.156 20011 -20012 20023 -20024 20030 -20031 imp:n,p 1
300081 400081 -2.156 20011 -20012 20023 -20024 20031 -20032 imp:n,p 1
300082 400082 -2.156 20011 -20012 20023 -20024 20032 -20033 imp:n,p 1
300083 400083 -2.156 20011 -20012 20023 -20024 20033 -20034 imp:n,p 1
300084 400084 -2.156 20011 -20012 20023 -20024 20034 -20035 imp:n,p 1
300085 400085 -2.156 20012 -20013 20023 -20024 20030 -20031 imp:n,p 1
300086 400086 -2.156 20012 -20013 20023 -20024 20031 -20032 imp:n,p 1
300087 400087 -2.156 20012 -20013 20023 -20024 20032 -20033 imp:n,p 1
300088 400088 -2.156 20012 -20013 20023 -20024 20033 -20034 imp:n,p 1
300089 400089 -2.156 20012 -20013 20023 -20024 20034 -20035 imp:n,p 1
300090 400090 -2.156 20013 -20014 20023 -20024 20030 -20031 imp:n,p 1
300091 400091 -2.156 20013 -20014 20023 -20024 20031 -20032 imp:n,p 1
300092 400092 -2.156 20013 -20014 20023 -20024 20032 -20033 imp:n,p 1
300093 400093 -2.156 20013 -20014 20023 -20024 20033 -20034 imp:n,p 1
300094 400094 -2.156 20013 -20014 20023 -20024 20034 -20035 imp:n,p 1
300095 400095 -2.156 20014 -20015 20023 -20024 20030 -20031 imp:n,p 1
300096 400096 -2.156 20014 -20015 20023 -20024 20031 -20032 imp:n,p 1
300097 400097 -2.156 20014 -20015 20023 -20024 20032 -20033 imp:n,p 1
300098 400098 -2.156 20014 -20015 20023 -20024 20033 -20034 imp:n,p 1
300099 400099 -2.156 20014 -20015 20023 -20024 20034 -20035 imp:n,p 1
300100 400100 -2.156 20010 -20011 20024 -20025 20030 -20031 imp:n,p 1
300101 400101 -2.156 20010 -20011 20024 -20025 20031 -20032 imp:n,p 1
300102 400102 -2.156 20010 -20011 20024 -20025 20032 -20033 imp:n,p 1
300103 400103 -2.156 20010 -20011 20024 -20025 20033 -20034 imp:n,p 1
300104 400104 -2.156 20010 -20011 20024 -20025 20034 -20035 imp:n,p 1
300105 400105 -2.156 20011 -20012 20024 -20025 20030 -20031 imp:n,p 1
300106 400106 -2.156 20011 -20012 20024 -20025 20031 -20032 imp:n,p 1
300107 400107 -2.156 20011 -20012 20024 -20025 20032 -20033 imp:n,p 1
300108 400108 -2.156 20011 -20012 20024 -20025 20033 -20034 imp:n,p 1
300109 400109 -2.156 20011 -20012 20024 -20025 20034 -20035 imp:n,p 1
300110 400110 -2.156 20012 -20013 20024 -20025 20030 -20031 imp:n,p 1
300111 400111 -2.156 20012 -20013 20024 -20025 20031 -20032 imp:n,p 1
300112 400112 -2.156 20012 -20013 20024 -20025 20032 -20033 imp:n,p 1
300113 400113 -2.156 20012 -20013 20024 -20025 20033 -20034 imp:n,p 1
300114 400114 -2.156 20012 -20013 20024 -20025 20034 -20035 imp:n,p 1
300115 400115 -2.156 20013 -20014 20024 -20025 20030 -20031 imp:n,p 1
300116 400116 -2.156 20013 -20014 20024 -20025 20031 -20032 imp:n,p 1
300117 400117 -2.156 20013 -20014 20024 -20025 20032 -20033 imp:n,p 1
300118 400118 -2.156 20013 -20014 20024 -20025 20033 -20034 imp:n,p 1
300119 400119 -2.156 20013 -20014 20024 -20025 20034 -20035 imp:n,p 1
300120 400120 -2.156 20014 -20015 20024 -20025 20030 -20031 imp:n,p 1
300121 400121 -2.156 20014 -20015 20024 -20025 20031 -20032 imp:n,p 1
300122 400122 -2.156 20014 -20015 20024 -20025 20032 -20033 imp:n,p 1
300123 400123 -2.156 20014 -20015 20024 -20025 20033 -20034 imp:n,p 1
300124 400124 -2.156 20014 -20015 20024 -20025 20034 -20035 imp:n,p 1
c
30 12 -0.00129 -200 #101 #121 #122 #123 #124 #125 #126 #127 #128 #129 #130 #131 #132 #133
        #21 #211 #212 #22 #221 #222 #23 #231 #232 #24 #241 #242 #20 imp:n,p 1 $Rest of the World
31 0 200 imp:n,p 0 $Outside world

c SURFACE CARDS
c
c Sample Volume
20010 px -56.0
20011 px -33.600000000000364
20012 px -11.199999999999818
20013 px 11.199999999999818
20014 px 33.600000000000364
20015 px 56.0
20020 py -45.0
20021 py -27.0
20022 py -9.0
20023 py 9.0
20024 py 27.0
20025 py 45.0
20030 pz 92.0
20031 pz 82.0
20032 pz 72.0
20033 pz 62.0
20034 pz 52.0
20035 pz 42.0
c Active Detector Region
21 rcc 56  -5.0 -1.0   0.0 20.3 0.0   4.5 $Detector 1 Base center, Hx,Hy,Hz, radius
c Shielding Surfaces
c Shielding Pb
31 rpp 19 29 -7.5 7.5 -11 9 $PbPE xmin xmax ymin ymax zmin zmax
32 rpp 9 19 4 9 -11 9 $Pb xmin xmax ymin ymax zmin zmax
33 rpp 9 19 -9 -4 -11 9 $Pb xmin xmax ymin ymax zmin zmax
34 rpp 19 29 7.5 12.5 -11 9 $Pb xmin xmax ymin ymax zmin zmax
35 rpp 19 29 -12.5 -7.5 -11 9 $Pb xmin xmax ymin ymax zmin zmax
36 rpp 29 34 -15 15 -11 9 $Pb xmin xmax ymin ymax zmin zmax
37 rpp 9 19 -4 4 4 9 $Pb xmin xmax ymin ymax zmin zmax
38 rpp -26 26 18 28 -11 9 $BA1 xmin xmax ymin ymax zmin zmax
39 rpp -26 26 -28 -18 -11 9 $BA2 xmin xmax ymin ymax zmin zmax
40 rpp -65 65 -28 28 10 10.5 $Al xmin xmax ymin ymax zmin zmax
401 rpp -27 27 29 34 -11 9 $Fe xmin xmax ymin ymax zmin zmax
402 rpp -27 27 -34 -29 -11 9 $Fe xmin xmax ymin ymax zmin zmax
301 px -20
302 px 18
303 cx 3.71
304 cx 3.81
c Wheels Surfaces
c 23/10.5-12 turf tires, 22.6 lb rubber
c diameter 29cm, tread width 25cm, and sidewall height 13.76 cm
c set thickness of all sides 1.3 cm (s.t. weight is 22.6 lb)
41 rcc -2 77 8   0.0 25 0.0 29 $wheel 1 outer tread surface
42 rcc -2 77 8   0.0 25 0.0 27.7 $wheel 1 inner tread surface
421 rcc -2 75.7 8   0.0 1.3 0.0 29 $wheel 1 outside sidewall exterior
422 rcc -2 75.7 8   0.0 1.3 0.0 15.24 $wheel 1 outside sidewall interior
423 rcc -2 102 8   0.0 1.3 0.0 29 $wheel 1 inside sidewall exterior
424 rcc -2 102 8   0.0 1.3 0.0 15.24 $wheel 1 inside sidewall interior
43 rcc 68 77 8   0.0 25 0.0 29 $wheel 2
44 rcc 68 77 8   0.0 25 0.0 27.7
441 rcc 68 75.7 8   0.0 1.3 0.0 29
442 rcc 68 75.7 8   0.0 1.3 0.0 15.24
443 rcc 68 102 8   0.0 1.3 0.0 29
444 rcc 68 102 8   0.0 1.3 0.0 15.24
45 rcc -2 -77 8   0.0 -25 0.0 29 $wheel 3
46 rcc -2 -77 8   0.0 -25 0.0 27.7
461 rcc -2 -75.7 8   0.0 -1.3 0.0 29
462 rcc -2 -75.7 8   0.0 -1.3 0.0 15.24
463 rcc -2 -102 8   0.0 -1.3 0.0 29
464 rcc -2 -102 8   0.0 -1.3 0.0 15.24
47 rcc 68 -77 8   0.0 -25 0.0 29 $wheel 4
48 rcc 68 -77 8   0.0 -25 0.0 27.7
481 rcc 68 -75.7 8   0.0 -1.3 0.0 29
482 rcc 68 -75.7 8   0.0 -1.3 0.0 15.24
483 rcc 68 -102 8   0.0 -1.3 0.0 29
484 rcc 68 -102 8   0.0 -1.3 0.0 15.24
200 so 800    $sphere of 800cm centered at origin
c

c DATA CARDS
mode n p
c dump every hr
prdmp -60 -60 -1
c 100 keV Neutron Energy Cutoff
Cut:n 1j 0.1
c analog neutron transport
phys:n 1j 14
phys:p
sdef pos=0 0 0 erg=14.0 vec= 0 0 1 dir=d1
si1  -1 .93 1
sp1   0  0.0  1.0
c ********************
c begin material cards
c ********************
c Pure Carbon
c ****************************************
m400000 6000 -0.00012901457669366672 7000 -0.00012901457669366672 14000 -0.9997419708466125 
m400001 6000 -0.0019642601255173077 7000 -0.0019642601255173077 14000 -0.9960714797489656 
m400002 6000 -0.003940823172524869 7000 -0.003940823172524869 14000 -0.9921183536549505 
m400003 6000 -0.005659699278584892 7000 -0.005659699278584892 14000 -0.9886806014428299 
m400004 6000 -0.006295337870561908 7000 -0.006295337870561908 14000 -0.9874093242588762 
m400005 6000 -0.0001595479586367388 7000 -0.0001595479586367388 14000 -0.9996809040827266 
m400006 6000 -0.0013884944627076754 7000 -0.0013884944627076754 14000 -0.9972230110745844 
m400007 6000 -0.003945242537398625 7000 -0.003945242537398625 14000 -0.9921095149252033 
m400008 6000 -0.00564781594954101 7000 -0.00564781594954101 14000 -0.988704368100918 
m400009 6000 -0.006304017637134709 7000 -0.006304017637134709 14000 -0.9873919647257301 
m400010 6000 -0.00012147199327190689 7000 -0.00012147199327190689 14000 -0.9997570560134562 
m400011 6000 -0.0015229212955545845 7000 -0.0015229212955545845 14000 -0.9969541574088905 
m400012 6000 -0.004086347679999085 7000 -0.004086347679999085 14000 -0.9918273046400017 
m400013 6000 -0.005794894062578952 7000 -0.005794894062578952 14000 -0.9884102118748425 
m400014 6000 -0.006309371398419783 7000 -0.006309371398419783 14000 -0.9873812572031604 
m400015 6000 -0.0001558299025793245 7000 -0.0001558299025793245 14000 -0.9996883401948411 
m400016 6000 -0.0017122408724006436 7000 -0.0017122408724006436 14000 -0.9965755182551986 
m400017 6000 -0.004234808006410586 7000 -0.004234808006410586 14000 -0.9915303839871789 
m400018 6000 -0.005805477829434216 7000 -0.005805477829434216 14000 -0.9883890443411316 
m400019 6000 -0.006247533979225458 7000 -0.006247533979225458 14000 -0.9875049320415493 
m400020 6000 -0.00011958450472725295 7000 -0.00011958450472725295 14000 -0.9997608309905456 
m400021 6000 -0.001826636635957542 7000 -0.001826636635957542 14000 -0.9963467267280849 
m400022 6000 -0.003874747774494613 7000 -0.003874747774494613 14000 -0.9922505044510107 
m400023 6000 -0.005701666749723949 7000 -0.005701666749723949 14000 -0.988596666500552 
m400024 6000 -0.006319621505204902 7000 -0.006319621505204902 14000 -0.9873607569895902 
m400025 6000 -0.00014741166839554075 7000 -0.00014741166839554075 14000 -0.9997051766632089 
m400026 6000 -0.0016607383552703536 7000 -0.0016607383552703536 14000 -0.9966785232894592 
m400027 6000 -0.004114971764028424 7000 -0.004114971764028424 14000 -0.9917700564719432 
m400028 6000 -0.005837333469184008 7000 -0.005837333469184008 14000 -0.9883253330616318 
m400029 6000 -0.0063344085851863964 7000 -0.0063344085851863964 14000 -0.9873311828296271 
m400030 6000 -0.00011333340264682858 7000 -0.00011333340264682858 14000 -0.9997733331947063 
m400031 6000 -0.001466847698484323 7000 -0.001466847698484323 14000 -0.9970663046030315 
m400032 6000 -0.0040162548133192595 7000 -0.0040162548133192595 14000 -0.9919674903733616 
m400033 6000 -0.0059078942702393104 7000 -0.0059078942702393104 14000 -0.9881842114595213 
m400034 6000 -0.006351463987162602 7000 -0.006351463987162602 14000 -0.987297072025675 
m400035 6000 -0.00011013487744425217 7000 -0.00011013487744425217 14000 -0.9997797302451116 
m400036 6000 -0.0015408542494633262 7000 -0.0015408542494633262 14000 -0.9969182915010734 
m400037 6000 -0.003417110339283933 7000 -0.003417110339283933 14000 -0.9931657793214321 
m400038 6000 -0.005742485995880789 7000 -0.005742485995880789 14000 -0.9885150280082384 
m400039 6000 -0.006352289427466515 7000 -0.006352289427466515 14000 -0.9872954211450669 
m400040 6000 -8.243550910624214e-05 7000 -8.243550910624214e-05 14000 -0.9998351289817875 
m400041 6000 -0.0014907042670218396 7000 -0.0014907042670218396 14000 -0.9970185914659564 
m400042 6000 -0.004130794402520065 7000 -0.004130794402520065 14000 -0.9917384111949596 
m400043 6000 -0.005624508428077648 7000 -0.005624508428077648 14000 -0.9887509831438449 
m400044 6000 -0.006335281608401153 7000 -0.006335281608401153 14000 -0.9873294367831978 
m400045 6000 -0.00010008479782704701 7000 -0.00010008479782704701 14000 -0.9997998304043457 
m400046 6000 -0.0013983403806646245 7000 -0.0013983403806646245 14000 -0.9972033192386708 
m400047 6000 -0.003838752536333538 7000 -0.003838752536333538 14000 -0.992322494927333 
m400048 6000 -0.005789909439604697 7000 -0.005789909439604697 14000 -0.9884201811207908 
m400049 6000 -0.00633069323100888 7000 -0.00633069323100888 14000 -0.9873386135379819 
m400050 6000 -0.00015067240736619706 7000 -0.00015067240736619706 14000 -0.9996986551852676 
m400051 6000 -0.001543000601776247 7000 -0.001543000601776247 14000 -0.9969139987964475 
m400052 6000 -0.004165554092857136 7000 -0.004165554092857136 14000 -0.991668891814286 
m400053 6000 -0.005557296529273856 7000 -0.005557296529273856 14000 -0.9888854069414522 
m400054 6000 -0.006335914432810822 7000 -0.006335914432810822 14000 -0.9873281711343784 
m400055 6000 -0.00017181003877982548 7000 -0.00017181003877982548 14000 -0.9996563799224405 
m400056 6000 -0.0016086469837396948 7000 -0.0016086469837396948 14000 -0.9967827060325207 
m400057 6000 -0.0043021202110347725 7000 -0.0043021202110347725 14000 -0.9913957595779301 
m400058 6000 -0.005620027795279636 7000 -0.005620027795279636 14000 -0.9887599444094408 
m400059 6000 -0.0063263214587705174 7000 -0.0063263214587705174 14000 -0.9873473570824589 
m400060 6000 -0.00020335649124686575 7000 -0.00020335649124686575 14000 -0.9995932870175062 
m400061 6000 -0.0013701408856156055 7000 -0.0013701408856156055 14000 -0.9972597182287686 
m400062 6000 -0.003922462367878914 7000 -0.003922462367878914 14000 -0.9921550752642418 
m400063 6000 -0.005782683765686056 7000 -0.005782683765686056 14000 -0.988434632468628 
m400064 6000 -0.0063040354826290335 7000 -0.0063040354826290335 14000 -0.9873919290347419 
m400065 6000 -0.000138910256571446 7000 -0.000138910256571446 14000 -0.9997221794868572 
m400066 6000 -0.0011635160644975328 7000 -0.0011635160644975328 14000 -0.9976729678710047 
m400067 6000 -0.0040624746406269325 7000 -0.0040624746406269325 14000 -0.9918750507187459 
m400068 6000 -0.00581784394138312 7000 -0.00581784394138312 14000 -0.9883643121172337 
m400069 6000 -0.006314877661913825 7000 -0.006314877661913825 14000 -0.9873702446761727 
m400070 6000 -0.00010051997481596688 7000 -0.00010051997481596688 14000 -0.9997989600503681 
m400071 6000 -0.001348597553346109 7000 -0.001348597553346109 14000 -0.9973028048933077 
m400072 6000 -0.003805231593144909 7000 -0.003805231593144909 14000 -0.99238953681371 
m400073 6000 -0.005818694948524825 7000 -0.005818694948524825 14000 -0.9883626101029508 
m400074 6000 -0.006322335470093758 7000 -0.006322335470093758 14000 -0.9873553290598125 
m400075 6000 -0.00018443665621848827 7000 -0.00018443665621848827 14000 -0.9996311266875629 
m400076 6000 -0.001583812827444024 7000 -0.001583812827444024 14000 -0.996832374345112 
m400077 6000 -0.003750560621645315 7000 -0.003750560621645315 14000 -0.9924988787567096 
m400078 6000 -0.005871421590840219 7000 -0.005871421590840219 14000 -0.9882571568183199 
m400079 6000 -0.006336298956974312 7000 -0.006336298956974312 14000 -0.9873274020860515 
m400080 6000 -0.00013566455601038546 7000 -0.00013566455601038546 14000 -0.9997286708879791 
m400081 6000 -0.0014922163909680212 7000 -0.0014922163909680212 14000 -0.9970155672180638 
m400082 6000 -0.0037611058370618762 7000 -0.0037611058370618762 14000 -0.9924777883258763 
m400083 6000 -0.005764767297179491 7000 -0.005764767297179491 14000 -0.9884704654056411 
m400084 6000 -0.006346235521946709 7000 -0.006346235521946709 14000 -0.9873075289561066 
m400085 6000 -0.00029241268108686484 7000 -0.00029241268108686484 14000 -0.9994151746378265 
m400086 6000 -0.001805793235701611 7000 -0.001805793235701611 14000 -0.9963884135285972 
m400087 6000 -0.004357508788883254 7000 -0.004357508788883254 14000 -0.9912849824222333 
m400088 6000 -0.005675232320520454 7000 -0.005675232320520454 14000 -0.9886495353589585 
m400089 6000 -0.006302313071478216 7000 -0.006302313071478216 14000 -0.9873953738570437 
m400090 6000 -0.00017376960852165778 7000 -0.00017376960852165778 14000 -0.9996524607829568 
m400091 6000 -0.0015255904365448687 7000 -0.0015255904365448687 14000 -0.9969488191269101 
m400092 6000 -0.003733987305234168 7000 -0.003733987305234168 14000 -0.9925320253895318 
m400093 6000 -0.0055909812308979935 7000 -0.0055909812308979935 14000 -0.9888180375382037 
m400094 6000 -0.0063152781536997115 7000 -0.0063152781536997115 14000 -0.9873694436926006 
m400095 6000 -0.00010547606635124132 7000 -0.00010547606635124132 14000 -0.9997890478672976 
m400096 6000 -0.0015537557020963702 7000 -0.0015537557020963702 14000 -0.9968924885958075 
m400097 6000 -0.004098073430638238 7000 -0.004098073430638238 14000 -0.9918038531387233 
m400098 6000 -0.0057708172907990065 7000 -0.0057708172907990065 14000 -0.9884583654184022 
m400099 6000 -0.006320115406863222 7000 -0.006320115406863222 14000 -0.9873597691862734 
m400100 6000 -9.899835491232834e-05 7000 -9.899835491232834e-05 14000 -0.9998020032901753 
m400101 6000 -0.0011572863572296848 7000 -0.0011572863572296848 14000 -0.9976854272855408 
m400102 6000 -0.00372694313104083 7000 -0.00372694313104083 14000 -0.9925461137379185 
m400103 6000 -0.0057326505343248835 7000 -0.0057326505343248835 14000 -0.9885346989313507 
m400104 6000 -0.006293615035608 7000 -0.006293615035608 14000 -0.9874127699287841 
m400105 6000 -7.409006101281582e-05 7000 -7.409006101281582e-05 14000 -0.9998518198779744 
m400106 6000 -0.0016122727401131625 7000 -0.0016122727401131625 14000 -0.9967754545197738 
m400107 6000 -0.0041818055686707 7000 -0.0041818055686707 14000 -0.9916363888626588 
m400108 6000 -0.005892353827370307 7000 -0.005892353827370307 14000 -0.9882152923452594 
m400109 6000 -0.006310985900359644 7000 -0.006310985900359644 14000 -0.9873780281992808 
m400110 6000 -0.00010357691287094245 7000 -0.00010357691287094245 14000 -0.999792846174258 
m400111 6000 -0.0011734451965753048 7000 -0.0011734451965753048 14000 -0.9976531096068493 
m400112 6000 -0.004244687520435472 7000 -0.004244687520435472 14000 -0.9915106249591291 
m400113 6000 -0.00579981924159106 7000 -0.00579981924159106 14000 -0.988400361516818 
m400114 6000 -0.006311250185927489 7000 -0.006311250185927489 14000 -0.987377499628145 
m400115 6000 -6.523301322795003e-05 7000 -6.523301322795003e-05 14000 -0.9998695339735442 
m400116 6000 -0.0015030500840975708 7000 -0.0015030500840975708 14000 -0.9969938998318049 
m400117 6000 -0.00425468699685849 7000 -0.00425468699685849 14000 -0.9914906260062828 
m400118 6000 -0.0055330589831767306 7000 -0.0055330589831767306 14000 -0.9889338820336466 
m400119 6000 -0.006288914885392779 7000 -0.006288914885392779 14000 -0.9874221702292145 
m400120 6000 -3.130896786125244e-05 7000 -3.130896786125244e-05 14000 -0.9999373820642775 
m400121 6000 -0.001928639878941116 7000 -0.001928639878941116 14000 -0.996142720242118 
m400122 6000 -0.003856999867385136 7000 -0.003856999867385136 14000 -0.9922860002652294 
m400123 6000 -0.005954505025628967 7000 -0.005954505025628967 14000 -0.9880909899487422 
m400124 6000 -0.006347283489210312 7000 -0.006347283489210312 14000 -0.9873054330215791 
c **********************************
c PE+Pb, dens=4.78 g/cm3
m2      6000    -0.04286 $Carbon
        1001    -0.00714 $Hydrogen
        82000   -0.95000 $Lead
c **********************************
m3    1001 -0.048535 $Boric acid
      5010 -0.034981
      5011 -0.139923
      8016 -0.776561
c **********************************
m4    82000 1 $Lead
c **********************************
m5 26000 1 $Iron
c **********************************
m6     13027   -1.000 $ Aluminum
c **********************************
c  SS-304 (8.00 g/cm3), #298 in PNNL Compendium
m7   006000.50c -0.0004000
     014000.60c -0.0050000
     015031.50c -0.0002300
     016000.60c -0.0001500
     024000.50c -0.1899981
     025055.60c -0.0099999
     026000.50c -0.7017229
     028000.50c -0.0924991
c ****************************************
c       LaBr detector
c ****************************************
m8       35079    -0.2946       $ Br79
         35081    -0.3069       $ Br81
         57139    -0.3485       $ La139
         58140    -0.0500       $ Ce140
c ************ air den=1.15e-3g/cc
m12     8016 -0.23
        7014 -0.77
c ************ Rubber Natural den=0.92 g/cc
m13     1001 -0.118371  $weight fraction
        6000 -0.881629
c
c end material cards
c
rand seed=8674536546524321 $different initial random #; seed# - any less 18 digits
c
c ********** begin tallies *********************
fc78 *********Broadened Pulse Height Tally Sum of Detectors 1,2 & 3 ***********
e78 0 1e-5 932i 8.4295
F78:p (101)
FT78 GEB -0.026198 0.059551 -0.037176
fc18 *********Unbroadened Pulse Height Tally Sum of Detectors 1,2 & 3 ***********
e18 0 1e-5 932i 8.4295
F18:p (101)
c ***********************************
c mplot tal 78 freq 10000
nps 1e9
