c CAS DETECTOR
c w/ Shielding in Place and Wheels
c
c CELL CARDS
c
c @@@@@@@@@@ Detectors @@@@@@@@@@@@@@@@@
c
101 8 -5.08 -21 imp:n,p 1 $LaBr Detector #1 Active Region
c
c @@@@@@@@@ Shielding @@@@@@@@@@@@@@@@@
c
121 2 -4.78 -31 imp:n,p 1 $PE_Pb
122 4 -11.29 -32 imp:n,p 1 $Pb1
123 4 -11.29 -33 imp:n,p 1 $Pb2
124 4 -11.29 -34 imp:n,p 1 $Pb3
125 4 -11.29 -35 imp:n,p 1 $Pb4
126 4 -11.29 -36 imp:n,p 1 $Pb5
127 4 -11.29 -37 imp:n,p 1 $Pb6
128 3 -1.5 -38 imp:n,p 1 $BA1
129 3 -1.5 -39 imp:n,p 1 $BA2
130 6 -2.7 -40 imp:n,p 1 $Al
131 7 -7.92 301 -302 303 -304 imp:n,p 1 $Fe-tube
132 5 -7.8 -401 imp:n,p 1 $Fe
133 5 -7.8 -402 imp:n,p 1 $Fe
c @@@@@@@@@@ Wheels @@@@@@@@@@@@@@@@@
c
21 13 -0.92 -41 42 imp:n,p 1 $Wheel 1
211 13 -0.92 -421 422 imp:n,p 1 $Wheel 1
212 13 -0.92 -423 424 imp:n,p 1 $Wheel 1
22 13 -0.92 -43 44 imp:n,p 1 $Wheel 2
221 13 -0.92 -441 442 imp:n,p 1 $Wheel 2
222 13 -0.92 -443 444 imp:n,p 1 $Wheel 2
23 13 -0.92 -45 46 imp:n,p 1 $Wheel 3
231 13 -0.92 -461 462 imp:n,p 1 $Wheel 3
232 13 -0.92 -463 464 imp:n,p 1 $Wheel 3
24 13 -0.92 -47 48 imp:n,p 1 $Wheel 4
241 13 -0.92 -481 482 imp:n,p 1 $Wheel 4
242 13 -0.92 -483 484 imp:n,p 1 $Wheel 4
c
c @@@@@@@@@@ SOIL VOLUME @@@@@@@@@@@
c
300000 400000 -2.156 20010 -20011 20020 -20021 20030 -20031 imp:n,p 1
300001 400001 -2.156 20010 -20011 20020 -20021 20031 -20032 imp:n,p 1
300002 400002 -2.156 20010 -20011 20020 -20021 20032 -20033 imp:n,p 1
300003 400003 -2.156 20010 -20011 20020 -20021 20033 -20034 imp:n,p 1
300004 400004 -2.156 20010 -20011 20020 -20021 20034 -20035 imp:n,p 1
300005 400005 -2.156 20011 -20012 20020 -20021 20030 -20031 imp:n,p 1
300006 400006 -2.156 20011 -20012 20020 -20021 20031 -20032 imp:n,p 1
300007 400007 -2.156 20011 -20012 20020 -20021 20032 -20033 imp:n,p 1
300008 400008 -2.156 20011 -20012 20020 -20021 20033 -20034 imp:n,p 1
300009 400009 -2.156 20011 -20012 20020 -20021 20034 -20035 imp:n,p 1
300010 400010 -2.156 20012 -20013 20020 -20021 20030 -20031 imp:n,p 1
300011 400011 -2.156 20012 -20013 20020 -20021 20031 -20032 imp:n,p 1
300012 400012 -2.156 20012 -20013 20020 -20021 20032 -20033 imp:n,p 1
300013 400013 -2.156 20012 -20013 20020 -20021 20033 -20034 imp:n,p 1
300014 400014 -2.156 20012 -20013 20020 -20021 20034 -20035 imp:n,p 1
300015 400015 -2.156 20013 -20014 20020 -20021 20030 -20031 imp:n,p 1
300016 400016 -2.156 20013 -20014 20020 -20021 20031 -20032 imp:n,p 1
300017 400017 -2.156 20013 -20014 20020 -20021 20032 -20033 imp:n,p 1
300018 400018 -2.156 20013 -20014 20020 -20021 20033 -20034 imp:n,p 1
300019 400019 -2.156 20013 -20014 20020 -20021 20034 -20035 imp:n,p 1
300020 400020 -2.156 20014 -20015 20020 -20021 20030 -20031 imp:n,p 1
300021 400021 -2.156 20014 -20015 20020 -20021 20031 -20032 imp:n,p 1
300022 400022 -2.156 20014 -20015 20020 -20021 20032 -20033 imp:n,p 1
300023 400023 -2.156 20014 -20015 20020 -20021 20033 -20034 imp:n,p 1
300024 400024 -2.156 20014 -20015 20020 -20021 20034 -20035 imp:n,p 1
300025 400025 -2.156 20010 -20011 20021 -20022 20030 -20031 imp:n,p 1
300026 400026 -2.156 20010 -20011 20021 -20022 20031 -20032 imp:n,p 1
300027 400027 -2.156 20010 -20011 20021 -20022 20032 -20033 imp:n,p 1
300028 400028 -2.156 20010 -20011 20021 -20022 20033 -20034 imp:n,p 1
300029 400029 -2.156 20010 -20011 20021 -20022 20034 -20035 imp:n,p 1
300030 400030 -2.156 20011 -20012 20021 -20022 20030 -20031 imp:n,p 1
300031 400031 -2.156 20011 -20012 20021 -20022 20031 -20032 imp:n,p 1
300032 400032 -2.156 20011 -20012 20021 -20022 20032 -20033 imp:n,p 1
300033 400033 -2.156 20011 -20012 20021 -20022 20033 -20034 imp:n,p 1
300034 400034 -2.156 20011 -20012 20021 -20022 20034 -20035 imp:n,p 1
300035 400035 -2.156 20012 -20013 20021 -20022 20030 -20031 imp:n,p 1
300036 400036 -2.156 20012 -20013 20021 -20022 20031 -20032 imp:n,p 1
300037 400037 -2.156 20012 -20013 20021 -20022 20032 -20033 imp:n,p 1
300038 400038 -2.156 20012 -20013 20021 -20022 20033 -20034 imp:n,p 1
300039 400039 -2.156 20012 -20013 20021 -20022 20034 -20035 imp:n,p 1
300040 400040 -2.156 20013 -20014 20021 -20022 20030 -20031 imp:n,p 1
300041 400041 -2.156 20013 -20014 20021 -20022 20031 -20032 imp:n,p 1
300042 400042 -2.156 20013 -20014 20021 -20022 20032 -20033 imp:n,p 1
300043 400043 -2.156 20013 -20014 20021 -20022 20033 -20034 imp:n,p 1
300044 400044 -2.156 20013 -20014 20021 -20022 20034 -20035 imp:n,p 1
300045 400045 -2.156 20014 -20015 20021 -20022 20030 -20031 imp:n,p 1
300046 400046 -2.156 20014 -20015 20021 -20022 20031 -20032 imp:n,p 1
300047 400047 -2.156 20014 -20015 20021 -20022 20032 -20033 imp:n,p 1
300048 400048 -2.156 20014 -20015 20021 -20022 20033 -20034 imp:n,p 1
300049 400049 -2.156 20014 -20015 20021 -20022 20034 -20035 imp:n,p 1
300050 400050 -2.156 20010 -20011 20022 -20023 20030 -20031 imp:n,p 1
300051 400051 -2.156 20010 -20011 20022 -20023 20031 -20032 imp:n,p 1
300052 400052 -2.156 20010 -20011 20022 -20023 20032 -20033 imp:n,p 1
300053 400053 -2.156 20010 -20011 20022 -20023 20033 -20034 imp:n,p 1
300054 400054 -2.156 20010 -20011 20022 -20023 20034 -20035 imp:n,p 1
300055 400055 -2.156 20011 -20012 20022 -20023 20030 -20031 imp:n,p 1
300056 400056 -2.156 20011 -20012 20022 -20023 20031 -20032 imp:n,p 1
300057 400057 -2.156 20011 -20012 20022 -20023 20032 -20033 imp:n,p 1
300058 400058 -2.156 20011 -20012 20022 -20023 20033 -20034 imp:n,p 1
300059 400059 -2.156 20011 -20012 20022 -20023 20034 -20035 imp:n,p 1
300060 400060 -2.156 20012 -20013 20022 -20023 20030 -20031 imp:n,p 1
300061 400061 -2.156 20012 -20013 20022 -20023 20031 -20032 imp:n,p 1
300062 400062 -2.156 20012 -20013 20022 -20023 20032 -20033 imp:n,p 1
300063 400063 -2.156 20012 -20013 20022 -20023 20033 -20034 imp:n,p 1
300064 400064 -2.156 20012 -20013 20022 -20023 20034 -20035 imp:n,p 1
300065 400065 -2.156 20013 -20014 20022 -20023 20030 -20031 imp:n,p 1
300066 400066 -2.156 20013 -20014 20022 -20023 20031 -20032 imp:n,p 1
300067 400067 -2.156 20013 -20014 20022 -20023 20032 -20033 imp:n,p 1
300068 400068 -2.156 20013 -20014 20022 -20023 20033 -20034 imp:n,p 1
300069 400069 -2.156 20013 -20014 20022 -20023 20034 -20035 imp:n,p 1
300070 400070 -2.156 20014 -20015 20022 -20023 20030 -20031 imp:n,p 1
300071 400071 -2.156 20014 -20015 20022 -20023 20031 -20032 imp:n,p 1
300072 400072 -2.156 20014 -20015 20022 -20023 20032 -20033 imp:n,p 1
300073 400073 -2.156 20014 -20015 20022 -20023 20033 -20034 imp:n,p 1
300074 400074 -2.156 20014 -20015 20022 -20023 20034 -20035 imp:n,p 1
300075 400075 -2.156 20010 -20011 20023 -20024 20030 -20031 imp:n,p 1
300076 400076 -2.156 20010 -20011 20023 -20024 20031 -20032 imp:n,p 1
300077 400077 -2.156 20010 -20011 20023 -20024 20032 -20033 imp:n,p 1
300078 400078 -2.156 20010 -20011 20023 -20024 20033 -20034 imp:n,p 1
300079 400079 -2.156 20010 -20011 20023 -20024 20034 -20035 imp:n,p 1
300080 400080 -2.156 20011 -20012 20023 -20024 20030 -20031 imp:n,p 1
300081 400081 -2.156 20011 -20012 20023 -20024 20031 -20032 imp:n,p 1
300082 400082 -2.156 20011 -20012 20023 -20024 20032 -20033 imp:n,p 1
300083 400083 -2.156 20011 -20012 20023 -20024 20033 -20034 imp:n,p 1
300084 400084 -2.156 20011 -20012 20023 -20024 20034 -20035 imp:n,p 1
300085 400085 -2.156 20012 -20013 20023 -20024 20030 -20031 imp:n,p 1
300086 400086 -2.156 20012 -20013 20023 -20024 20031 -20032 imp:n,p 1
300087 400087 -2.156 20012 -20013 20023 -20024 20032 -20033 imp:n,p 1
300088 400088 -2.156 20012 -20013 20023 -20024 20033 -20034 imp:n,p 1
300089 400089 -2.156 20012 -20013 20023 -20024 20034 -20035 imp:n,p 1
300090 400090 -2.156 20013 -20014 20023 -20024 20030 -20031 imp:n,p 1
300091 400091 -2.156 20013 -20014 20023 -20024 20031 -20032 imp:n,p 1
300092 400092 -2.156 20013 -20014 20023 -20024 20032 -20033 imp:n,p 1
300093 400093 -2.156 20013 -20014 20023 -20024 20033 -20034 imp:n,p 1
300094 400094 -2.156 20013 -20014 20023 -20024 20034 -20035 imp:n,p 1
300095 400095 -2.156 20014 -20015 20023 -20024 20030 -20031 imp:n,p 1
300096 400096 -2.156 20014 -20015 20023 -20024 20031 -20032 imp:n,p 1
300097 400097 -2.156 20014 -20015 20023 -20024 20032 -20033 imp:n,p 1
300098 400098 -2.156 20014 -20015 20023 -20024 20033 -20034 imp:n,p 1
300099 400099 -2.156 20014 -20015 20023 -20024 20034 -20035 imp:n,p 1
300100 400100 -2.156 20010 -20011 20024 -20025 20030 -20031 imp:n,p 1
300101 400101 -2.156 20010 -20011 20024 -20025 20031 -20032 imp:n,p 1
300102 400102 -2.156 20010 -20011 20024 -20025 20032 -20033 imp:n,p 1
300103 400103 -2.156 20010 -20011 20024 -20025 20033 -20034 imp:n,p 1
300104 400104 -2.156 20010 -20011 20024 -20025 20034 -20035 imp:n,p 1
300105 400105 -2.156 20011 -20012 20024 -20025 20030 -20031 imp:n,p 1
300106 400106 -2.156 20011 -20012 20024 -20025 20031 -20032 imp:n,p 1
300107 400107 -2.156 20011 -20012 20024 -20025 20032 -20033 imp:n,p 1
300108 400108 -2.156 20011 -20012 20024 -20025 20033 -20034 imp:n,p 1
300109 400109 -2.156 20011 -20012 20024 -20025 20034 -20035 imp:n,p 1
300110 400110 -2.156 20012 -20013 20024 -20025 20030 -20031 imp:n,p 1
300111 400111 -2.156 20012 -20013 20024 -20025 20031 -20032 imp:n,p 1
300112 400112 -2.156 20012 -20013 20024 -20025 20032 -20033 imp:n,p 1
300113 400113 -2.156 20012 -20013 20024 -20025 20033 -20034 imp:n,p 1
300114 400114 -2.156 20012 -20013 20024 -20025 20034 -20035 imp:n,p 1
300115 400115 -2.156 20013 -20014 20024 -20025 20030 -20031 imp:n,p 1
300116 400116 -2.156 20013 -20014 20024 -20025 20031 -20032 imp:n,p 1
300117 400117 -2.156 20013 -20014 20024 -20025 20032 -20033 imp:n,p 1
300118 400118 -2.156 20013 -20014 20024 -20025 20033 -20034 imp:n,p 1
300119 400119 -2.156 20013 -20014 20024 -20025 20034 -20035 imp:n,p 1
300120 400120 -2.156 20014 -20015 20024 -20025 20030 -20031 imp:n,p 1
300121 400121 -2.156 20014 -20015 20024 -20025 20031 -20032 imp:n,p 1
300122 400122 -2.156 20014 -20015 20024 -20025 20032 -20033 imp:n,p 1
300123 400123 -2.156 20014 -20015 20024 -20025 20033 -20034 imp:n,p 1
300124 400124 -2.156 20014 -20015 20024 -20025 20034 -20035 imp:n,p 1
c
30 12 -0.00129 -200 #101 #121 #122 #123 #124 #125 #126 #127 #128 #129 #130 #131 #132 #133
        #21 #211 #212 #22 #221 #222 #23 #231 #232 #24 #241 #242 #20 imp:n,p 1 $Rest of the World
31 0 200 imp:n,p 0 $Outside world

c SURFACE CARDS
c
c Sample Volume
20010 px -56.0
20011 px -33.600000000000364
20012 px -11.200000000000728
20013 px 11.200000000000728
20014 px 33.600000000000364
20015 px 56.0
20020 py -45.0
20021 py -27.0
20022 py -9.0
20023 py 9.0
20024 py 27.0
20025 py 45.0
20030 pz 92.0
20031 pz 82.0
20032 pz 72.0
20033 pz 62.0
20034 pz 52.0
20035 pz 42.0
c Active Detector Region
21 rcc 56  -5.0 -1.0   0.0 20.3 0.0   4.5 $Detector 1 Base center, Hx,Hy,Hz, radius
c Shielding Surfaces
c Shielding Pb
31 rpp 19 29 -7.5 7.5 -11 9 $PbPE xmin xmax ymin ymax zmin zmax
32 rpp 9 19 4 9 -11 9 $Pb xmin xmax ymin ymax zmin zmax
33 rpp 9 19 -9 -4 -11 9 $Pb xmin xmax ymin ymax zmin zmax
34 rpp 19 29 7.5 12.5 -11 9 $Pb xmin xmax ymin ymax zmin zmax
35 rpp 19 29 -12.5 -7.5 -11 9 $Pb xmin xmax ymin ymax zmin zmax
36 rpp 29 34 -15 15 -11 9 $Pb xmin xmax ymin ymax zmin zmax
37 rpp 9 19 -4 4 4 9 $Pb xmin xmax ymin ymax zmin zmax
38 rpp -26 26 18 28 -11 9 $BA1 xmin xmax ymin ymax zmin zmax
39 rpp -26 26 -28 -18 -11 9 $BA2 xmin xmax ymin ymax zmin zmax
40 rpp -65 65 -28 28 10 10.5 $Al xmin xmax ymin ymax zmin zmax
401 rpp -27 27 29 34 -11 9 $Fe xmin xmax ymin ymax zmin zmax
402 rpp -27 27 -34 -29 -11 9 $Fe xmin xmax ymin ymax zmin zmax
301 px -20
302 px 18
303 cx 3.71
304 cx 3.81
c Wheels Surfaces
c 23/10.5-12 turf tires, 22.6 lb rubber
c diameter 29cm, tread width 25cm, and sidewall height 13.76 cm
c set thickness of all sides 1.3 cm (s.t. weight is 22.6 lb)
41 rcc -2 77 8   0.0 25 0.0 29 $wheel 1 outer tread surface
42 rcc -2 77 8   0.0 25 0.0 27.7 $wheel 1 inner tread surface
421 rcc -2 75.7 8   0.0 1.3 0.0 29 $wheel 1 outside sidewall exterior
422 rcc -2 75.7 8   0.0 1.3 0.0 15.24 $wheel 1 outside sidewall interior
423 rcc -2 102 8   0.0 1.3 0.0 29 $wheel 1 inside sidewall exterior
424 rcc -2 102 8   0.0 1.3 0.0 15.24 $wheel 1 inside sidewall interior
43 rcc 68 77 8   0.0 25 0.0 29 $wheel 2
44 rcc 68 77 8   0.0 25 0.0 27.7
441 rcc 68 75.7 8   0.0 1.3 0.0 29
442 rcc 68 75.7 8   0.0 1.3 0.0 15.24
443 rcc 68 102 8   0.0 1.3 0.0 29
444 rcc 68 102 8   0.0 1.3 0.0 15.24
45 rcc -2 -77 8   0.0 -25 0.0 29 $wheel 3
46 rcc -2 -77 8   0.0 -25 0.0 27.7
461 rcc -2 -75.7 8   0.0 -1.3 0.0 29
462 rcc -2 -75.7 8   0.0 -1.3 0.0 15.24
463 rcc -2 -102 8   0.0 -1.3 0.0 29
464 rcc -2 -102 8   0.0 -1.3 0.0 15.24
47 rcc 68 -77 8   0.0 -25 0.0 29 $wheel 4
48 rcc 68 -77 8   0.0 -25 0.0 27.7
481 rcc 68 -75.7 8   0.0 -1.3 0.0 29
482 rcc 68 -75.7 8   0.0 -1.3 0.0 15.24
483 rcc 68 -102 8   0.0 -1.3 0.0 29
484 rcc 68 -102 8   0.0 -1.3 0.0 15.24
200 so 800    $sphere of 800cm centered at origin
c

c DATA CARDS
mode n p
c dump every hr
prdmp -60 -60 -1
c 100 keV Neutron Energy Cutoff
Cut:n 1j 0.1
c analog neutron transport
phys:n 1j 14
phys:p
sdef pos=0 0 0 erg=14.0 vec= 0 0 1 dir=d1
si1  -1 .93 1
sp1   0  0.0  1.0
c ********************
c begin material cards
c ********************
c Pure Carbon
c ****************************************
m400000 6000 -7.191308005778346e-05 7000 -7.191308005778346e-05 14000 -0.9998561738398845 
m400001 6000 -0.0013253198475759614 7000 -0.0013253198475759614 14000 -0.997349360304848 
m400002 6000 -0.0041065749435769535 7000 -0.0041065749435769535 14000 -0.9917868501128463 
m400003 6000 -0.005766386731648521 7000 -0.005766386731648521 14000 -0.9884672265367028 
m400004 6000 -0.006290664382986179 7000 -0.006290664382986179 14000 -0.9874186712340279 
m400005 6000 -0.00011467205854598508 7000 -0.00011467205854598508 14000 -0.9997706558829081 
m400006 6000 -0.0019641911290116123 7000 -0.0019641911290116123 14000 -0.9960716177419768 
m400007 6000 -0.003927063612709491 7000 -0.003927063612709491 14000 -0.9921458727745811 
m400008 6000 -0.00580201359518791 7000 -0.00580201359518791 14000 -0.9883959728096242 
m400009 6000 -0.006239690441665906 7000 -0.006239690441665906 14000 -0.9875206191166683 
m400010 6000 -7.585718426953579e-05 7000 -7.585718426953579e-05 14000 -0.999848285631461 
m400011 6000 -0.001741565609900663 7000 -0.001741565609900663 14000 -0.9965168687801987 
m400012 6000 -0.004162735060982558 7000 -0.004162735060982558 14000 -0.991674529878035 
m400013 6000 -0.005637690117265947 7000 -0.005637690117265947 14000 -0.9887246197654682 
m400014 6000 -0.006283259645340338 7000 -0.006283259645340338 14000 -0.9874334807093192 
m400015 6000 -0.00011273416656364221 7000 -0.00011273416656364221 14000 -0.9997745316668726 
m400016 6000 -0.0016999312890404726 7000 -0.0016999312890404726 14000 -0.9966001374219192 
m400017 6000 -0.003956461251400018 7000 -0.003956461251400018 14000 -0.9920870774971999 
m400018 6000 -0.005711868276434036 7000 -0.005711868276434036 14000 -0.9885762634471317 
m400019 6000 -0.006259625505012296 7000 -0.006259625505012296 14000 -0.9874807489899754 
m400020 6000 -0.00010187288662913955 7000 -0.00010187288662913955 14000 -0.9997962542267416 
m400021 6000 -0.0013945851504042297 7000 -0.0013945851504042297 14000 -0.9972108296991916 
m400022 6000 -0.003941890811366697 7000 -0.003941890811366697 14000 -0.9921162183772668 
m400023 6000 -0.005397734549610971 7000 -0.005397734549610971 14000 -0.9892045309007779 
m400024 6000 -0.0062153389975134156 7000 -0.0062153389975134156 14000 -0.987569322004973 
m400025 6000 -3.508557078367074e-05 7000 -3.508557078367074e-05 14000 -0.9999298288584327 
m400026 6000 -0.001118105751810988 7000 -0.001118105751810988 14000 -0.9977637884963778 
m400027 6000 -0.0036346698915150407 7000 -0.0036346698915150407 14000 -0.9927306602169701 
m400028 6000 -0.00579690292119175 7000 -0.00579690292119175 14000 -0.9884061941576163 
m400029 6000 -0.006239214317274876 7000 -0.006239214317274876 14000 -0.98752157136545 
m400030 6000 -3.6112760681960146e-05 7000 -3.6112760681960146e-05 14000 -0.999927774478636 
m400031 6000 -0.0015698991781999754 7000 -0.0015698991781999754 14000 -0.9968602016436 
m400032 6000 -0.0038467664575950215 7000 -0.0038467664575950215 14000 -0.9923064670848096 
m400033 6000 -0.005711731014981216 7000 -0.005711731014981216 14000 -0.9885765379700377 
m400034 6000 -0.006248897388918231 7000 -0.006248897388918231 14000 -0.9875022052221641 
m400035 6000 -9.331215092193534e-05 7000 -9.331215092193534e-05 14000 -0.9998133756981562 
m400036 6000 -0.0015243682002952488 7000 -0.0015243682002952488 14000 -0.9969512635994094 
m400037 6000 -0.004169078346988515 7000 -0.004169078346988515 14000 -0.9916618433060234 
m400038 6000 -0.005893385322231714 7000 -0.005893385322231714 14000 -0.9882132293555366 
m400039 6000 -0.00623434724995626 7000 -0.00623434724995626 14000 -0.9875313055000877 
m400040 6000 -9.06436373478506e-05 7000 -9.06436373478506e-05 14000 -0.9998187127253043 
m400041 6000 -0.0017816666785540277 7000 -0.0017816666785540277 14000 -0.9964366666428921 
m400042 6000 -0.003811732378727219 7000 -0.003811732378727219 14000 -0.9923765352425455 
m400043 6000 -0.005717640618761598 7000 -0.005717640618761598 14000 -0.9885647187624769 
m400044 6000 -0.006253309728408552 7000 -0.006253309728408552 14000 -0.9874933805431831 
m400045 6000 -9.07042006594849e-05 7000 -9.07042006594849e-05 14000 -0.9998185915986809 
m400046 6000 -0.0015710362641331382 7000 -0.0015710362641331382 14000 -0.9968579274717335 
m400047 6000 -0.004112426510894697 7000 -0.004112426510894697 14000 -0.9917751469782106 
m400048 6000 -0.005524606355836583 7000 -0.005524606355836583 14000 -0.9889507872883265 
m400049 6000 -0.006267025893213212 7000 -0.006267025893213212 14000 -0.9874659482135736 
m400050 6000 -0.0001275992022819103 7000 -0.0001275992022819103 14000 -0.9997448015954362 
m400051 6000 -0.0013516770958344928 7000 -0.0013516770958344928 14000 -0.9972966458083308 
m400052 6000 -0.0036759718338044427 7000 -0.0036759718338044427 14000 -0.9926480563323906 
m400053 6000 -0.005613843699611758 7000 -0.005613843699611758 14000 -0.9887723126007765 
m400054 6000 -0.006225429595188653 7000 -0.006225429595188653 14000 -0.9875491408096226 
m400055 6000 -7.08451410723367e-05 7000 -7.08451410723367e-05 14000 -0.9998583097178553 
m400056 6000 -0.0014146056237357848 7000 -0.0014146056237357848 14000 -0.9971707887525288 
m400057 6000 -0.004148313409408889 7000 -0.004148313409408889 14000 -0.9917033731811823 
m400058 6000 -0.0056976242100652665 7000 -0.0056976242100652665 14000 -0.9886047515798692 
m400059 6000 -0.00626040794774024 7000 -0.00626040794774024 14000 -0.9874791841045196 
m400060 6000 -0.00018186345662498797 7000 -0.00018186345662498797 14000 -0.99963627308675 
m400061 6000 -0.0016901412840573424 7000 -0.0016901412840573424 14000 -0.9966197174318853 
m400062 6000 -0.003957834509641482 7000 -0.003957834509641482 14000 -0.9920843309807172 
m400063 6000 -0.0054949162654309 7000 -0.0054949162654309 14000 -0.9890101674691381 
m400064 6000 -0.0062846642643093475 7000 -0.0062846642643093475 14000 -0.9874306714713812 
m400065 6000 -0.00015927420219048714 7000 -0.00015927420219048714 14000 -0.9996814515956188 
m400066 6000 -0.0014708171719563037 7000 -0.0014708171719563037 14000 -0.9970583656560873 
m400067 6000 -0.003923543077267112 7000 -0.003923543077267112 14000 -0.9921529138454659 
m400068 6000 -0.005718561375507433 7000 -0.005718561375507433 14000 -0.9885628772489855 
m400069 6000 -0.006273155200731045 7000 -0.006273155200731045 14000 -0.9874536895985377 
m400070 6000 -9.583696225972132e-05 7000 -9.583696225972132e-05 14000 -0.9998083260754805 
m400071 6000 -0.0009630398727334065 7000 -0.0009630398727334065 14000 -0.9980739202545332 
m400072 6000 -0.003841389289051967 7000 -0.003841389289051967 14000 -0.9923172214218962 
m400073 6000 -0.0055951480877079315 7000 -0.0055951480877079315 14000 -0.988809703824584 
m400074 6000 -0.006285539601998696 7000 -0.006285539601998696 14000 -0.9874289207960031 
m400075 6000 -8.81056179399374e-05 7000 -8.81056179399374e-05 14000 -0.9998237887641203 
m400076 6000 -0.0015203956834795964 7000 -0.0015203956834795964 14000 -0.9969592086330408 
m400077 6000 -0.0034452407573311015 7000 -0.0034452407573311015 14000 -0.9931095184853379 
m400078 6000 -0.005543982381546333 7000 -0.005543982381546333 14000 -0.9889120352369071 
m400079 6000 -0.006244978599262788 7000 -0.006244978599262788 14000 -0.9875100428014746 
m400080 6000 -0.00010909972608698515 7000 -0.00010909972608698515 14000 -0.999781800547826 
m400081 6000 -0.0016490381419788822 7000 -0.0016490381419788822 14000 -0.9967019237160422 
m400082 6000 -0.003682849127477094 7000 -0.003682849127477094 14000 -0.9926343017450457 
m400083 6000 -0.005755887046264134 7000 -0.005755887046264134 14000 -0.9884882259074718 
m400084 6000 -0.006197410335485255 7000 -0.006197410335485255 14000 -0.9876051793290292 
m400085 6000 -0.00010829375503667625 7000 -0.00010829375503667625 14000 -0.9997834124899266 
m400086 6000 -0.0016153283901256584 7000 -0.0016153283901256584 14000 -0.9967693432197486 
m400087 6000 -0.004364687674101203 7000 -0.004364687674101203 14000 -0.9912706246517974 
m400088 6000 -0.005712154221259414 7000 -0.005712154221259414 14000 -0.988575691557481 
m400089 6000 -0.0062360111987973706 7000 -0.0062360111987973706 14000 -0.9875279776024054 
m400090 6000 -7.920376904158159e-05 7000 -7.920376904158159e-05 14000 -0.999841592461917 
m400091 6000 -0.001276820483017919 7000 -0.001276820483017919 14000 -0.9974463590339643 
m400092 6000 -0.0040305015268662465 7000 -0.0040305015268662465 14000 -0.9919389969462671 
m400093 6000 -0.005797021216036713 7000 -0.005797021216036713 14000 -0.9884059575679265 
m400094 6000 -0.006269003918688596 7000 -0.006269003918688596 14000 -0.9874619921626226 
m400095 6000 -0.00010207654311012004 7000 -0.00010207654311012004 14000 -0.99979584691378 
m400096 6000 -0.0016612595766689131 7000 -0.0016612595766689131 14000 -0.9966774808466622 
m400097 6000 -0.003964293399845231 7000 -0.003964293399845231 14000 -0.9920714132003099 
m400098 6000 -0.005801008092055932 7000 -0.005801008092055932 14000 -0.9883979838158878 
m400099 6000 -0.0062656594357938114 7000 -0.0062656594357938114 14000 -0.9874686811284126 
m400100 6000 -0.00012168217094469479 7000 -0.00012168217094469479 14000 -0.9997566356581108 
m400101 6000 -0.0015107839035268167 7000 -0.0015107839035268167 14000 -0.9969784321929464 
m400102 6000 -0.0038627266854924626 7000 -0.0038627266854924626 14000 -0.992274546629015 
m400103 6000 -0.005665982523904188 7000 -0.005665982523904188 14000 -0.9886680349521916 
m400104 6000 -0.00629441750983453 7000 -0.00629441750983453 14000 -0.9874111649803308 
m400105 6000 -0.000146112129412839 7000 -0.000146112129412839 14000 -0.9997077757411743 
m400106 6000 -0.0015770512281260808 7000 -0.0015770512281260808 14000 -0.996845897543748 
m400107 6000 -0.004070780051923869 7000 -0.004070780051923869 14000 -0.9918584398961524 
m400108 6000 -0.005613435653481844 7000 -0.005613435653481844 14000 -0.9887731286930361 
m400109 6000 -0.006260402568387911 7000 -0.006260402568387911 14000 -0.987479194863224 
m400110 6000 -8.307540940526867e-05 7000 -8.307540940526867e-05 14000 -0.9998338491811893 
m400111 6000 -0.0014606614927413558 7000 -0.0014606614927413558 14000 -0.9970786770145174 
m400112 6000 -0.003999426075888067 7000 -0.003999426075888067 14000 -0.9920011478482236 
m400113 6000 -0.005463163637061352 7000 -0.005463163637061352 14000 -0.9890736727258773 
m400114 6000 -0.00622777026622743 7000 -0.00622777026622743 14000 -0.9875444594675453 
m400115 6000 -7.708523465994963e-05 7000 -7.708523465994963e-05 14000 -0.99984582953068 
m400116 6000 -0.0014870034809561815 7000 -0.0014870034809561815 14000 -0.9970259930380877 
m400117 6000 -0.003980177407460294 7000 -0.003980177407460294 14000 -0.9920396451850793 
m400118 6000 -0.005725669390973377 7000 -0.005725669390973377 14000 -0.9885486612180534 
m400119 6000 -0.006290233344913896 7000 -0.006290233344913896 14000 -0.9874195333101723 
m400120 6000 -5.3174067881762395e-05 7000 -5.3174067881762395e-05 14000 -0.9998936518642365 
m400121 6000 -0.0012058115485836778 7000 -0.0012058115485836778 14000 -0.9975883769028325 
m400122 6000 -0.004258774507337688 7000 -0.004258774507337688 14000 -0.9914824509853247 
m400123 6000 -0.005748114637214753 7000 -0.005748114637214753 14000 -0.9885037707255706 
m400124 6000 -0.006248074337321889 7000 -0.006248074337321889 14000 -0.9875038513253562 
c **********************************
c PE+Pb, dens=4.78 g/cm3
m2      6000    -0.04286 $Carbon
        1001    -0.00714 $Hydrogen
        82000   -0.95000 $Lead
c **********************************
m3    1001 -0.048535 $Boric acid
      5010 -0.034981
      5011 -0.139923
      8016 -0.776561
c **********************************
m4    82000 1 $Lead
c **********************************
m5 26000 1 $Iron
c **********************************
m6     13027   -1.000 $ Aluminum
c **********************************
c  SS-304 (8.00 g/cm3), #298 in PNNL Compendium
m7   006000.50c -0.0004000
     014000.60c -0.0050000
     015031.50c -0.0002300
     016000.60c -0.0001500
     024000.50c -0.1899981
     025055.60c -0.0099999
     026000.50c -0.7017229
     028000.50c -0.0924991
c ****************************************
c       LaBr detector
c ****************************************
m8       35079    -0.2946       $ Br79
         35081    -0.3069       $ Br81
         57139    -0.3485       $ La139
         58140    -0.0500       $ Ce140
c ************ air den=1.15e-3g/cc
m12     8016 -0.23
        7014 -0.77
c ************ Rubber Natural den=0.92 g/cc
m13     1001 -0.118371  $weight fraction
        6000 -0.881629
c
c end material cards
c
rand seed=8674536546524321 $different initial random #; seed# - any less 18 digits
c
c ********** begin tallies *********************
fc78 *********Broadened Pulse Height Tally Sum of Detectors 1,2 & 3 ***********
e78 0 1e-5 932i 8.4295
F78:p (101)
FT78 GEB -0.026198 0.059551 -0.037176
fc18 *********Unbroadened Pulse Height Tally Sum of Detectors 1,2 & 3 ***********
e18 0 1e-5 932i 8.4295
F18:p (101)
c ***********************************
c mplot tal 78 freq 10000
nps 1e9
