c CAS DETECTOR
c w/ Shielding in Place and Wheels
c
c CELL CARDS
c
c @@@@@@@@@@ Detectors @@@@@@@@@@@@@@@@@
c
101 8 -5.08 -21 imp:n,p 1 $LaBr Detector #1 Active Region
c
c @@@@@@@@@ Shielding @@@@@@@@@@@@@@@@@
c
121 2 -4.78 -31 imp:n,p 1 $PE_Pb
122 4 -11.29 -32 imp:n,p 1 $Pb1
123 4 -11.29 -33 imp:n,p 1 $Pb2
124 4 -11.29 -34 imp:n,p 1 $Pb3
125 4 -11.29 -35 imp:n,p 1 $Pb4
126 4 -11.29 -36 imp:n,p 1 $Pb5
127 4 -11.29 -37 imp:n,p 1 $Pb6
128 3 -1.5 -38 imp:n,p 1 $BA1
129 3 -1.5 -39 imp:n,p 1 $BA2
130 6 -2.7 -40 imp:n,p 1 $Al
131 7 -7.92 301 -302 303 -304 imp:n,p 1 $Fe-tube
132 5 -7.8 -401 imp:n,p 1 $Fe
133 5 -7.8 -402 imp:n,p 1 $Fe
c @@@@@@@@@@ Wheels @@@@@@@@@@@@@@@@@
c
21 13 -0.92 -41 42 imp:n,p 1 $Wheel 1
211 13 -0.92 -421 422 imp:n,p 1 $Wheel 1
212 13 -0.92 -423 424 imp:n,p 1 $Wheel 1
22 13 -0.92 -43 44 imp:n,p 1 $Wheel 2
221 13 -0.92 -441 442 imp:n,p 1 $Wheel 2
222 13 -0.92 -443 444 imp:n,p 1 $Wheel 2
23 13 -0.92 -45 46 imp:n,p 1 $Wheel 3
231 13 -0.92 -461 462 imp:n,p 1 $Wheel 3
232 13 -0.92 -463 464 imp:n,p 1 $Wheel 3
24 13 -0.92 -47 48 imp:n,p 1 $Wheel 4
241 13 -0.92 -481 482 imp:n,p 1 $Wheel 4
242 13 -0.92 -483 484 imp:n,p 1 $Wheel 4
c
c @@@@@@@@@@ SOIL VOLUME @@@@@@@@@@@
c
300000 400000 -2.156 20010 -20011 20020 -20021 20030 -20031 imp:n,p 1
300001 400001 -2.156 20010 -20011 20020 -20021 20031 -20032 imp:n,p 1
300002 400002 -2.156 20010 -20011 20020 -20021 20032 -20033 imp:n,p 1
300003 400003 -2.156 20010 -20011 20020 -20021 20033 -20034 imp:n,p 1
300004 400004 -2.156 20010 -20011 20020 -20021 20034 -20035 imp:n,p 1
300005 400005 -2.156 20011 -20012 20020 -20021 20030 -20031 imp:n,p 1
300006 400006 -2.156 20011 -20012 20020 -20021 20031 -20032 imp:n,p 1
300007 400007 -2.156 20011 -20012 20020 -20021 20032 -20033 imp:n,p 1
300008 400008 -2.156 20011 -20012 20020 -20021 20033 -20034 imp:n,p 1
300009 400009 -2.156 20011 -20012 20020 -20021 20034 -20035 imp:n,p 1
300010 400010 -2.156 20012 -20013 20020 -20021 20030 -20031 imp:n,p 1
300011 400011 -2.156 20012 -20013 20020 -20021 20031 -20032 imp:n,p 1
300012 400012 -2.156 20012 -20013 20020 -20021 20032 -20033 imp:n,p 1
300013 400013 -2.156 20012 -20013 20020 -20021 20033 -20034 imp:n,p 1
300014 400014 -2.156 20012 -20013 20020 -20021 20034 -20035 imp:n,p 1
300015 400015 -2.156 20013 -20014 20020 -20021 20030 -20031 imp:n,p 1
300016 400016 -2.156 20013 -20014 20020 -20021 20031 -20032 imp:n,p 1
300017 400017 -2.156 20013 -20014 20020 -20021 20032 -20033 imp:n,p 1
300018 400018 -2.156 20013 -20014 20020 -20021 20033 -20034 imp:n,p 1
300019 400019 -2.156 20013 -20014 20020 -20021 20034 -20035 imp:n,p 1
300020 400020 -2.156 20014 -20015 20020 -20021 20030 -20031 imp:n,p 1
300021 400021 -2.156 20014 -20015 20020 -20021 20031 -20032 imp:n,p 1
300022 400022 -2.156 20014 -20015 20020 -20021 20032 -20033 imp:n,p 1
300023 400023 -2.156 20014 -20015 20020 -20021 20033 -20034 imp:n,p 1
300024 400024 -2.156 20014 -20015 20020 -20021 20034 -20035 imp:n,p 1
300025 400025 -2.156 20010 -20011 20021 -20022 20030 -20031 imp:n,p 1
300026 400026 -2.156 20010 -20011 20021 -20022 20031 -20032 imp:n,p 1
300027 400027 -2.156 20010 -20011 20021 -20022 20032 -20033 imp:n,p 1
300028 400028 -2.156 20010 -20011 20021 -20022 20033 -20034 imp:n,p 1
300029 400029 -2.156 20010 -20011 20021 -20022 20034 -20035 imp:n,p 1
300030 400030 -2.156 20011 -20012 20021 -20022 20030 -20031 imp:n,p 1
300031 400031 -2.156 20011 -20012 20021 -20022 20031 -20032 imp:n,p 1
300032 400032 -2.156 20011 -20012 20021 -20022 20032 -20033 imp:n,p 1
300033 400033 -2.156 20011 -20012 20021 -20022 20033 -20034 imp:n,p 1
300034 400034 -2.156 20011 -20012 20021 -20022 20034 -20035 imp:n,p 1
300035 400035 -2.156 20012 -20013 20021 -20022 20030 -20031 imp:n,p 1
300036 400036 -2.156 20012 -20013 20021 -20022 20031 -20032 imp:n,p 1
300037 400037 -2.156 20012 -20013 20021 -20022 20032 -20033 imp:n,p 1
300038 400038 -2.156 20012 -20013 20021 -20022 20033 -20034 imp:n,p 1
300039 400039 -2.156 20012 -20013 20021 -20022 20034 -20035 imp:n,p 1
300040 400040 -2.156 20013 -20014 20021 -20022 20030 -20031 imp:n,p 1
300041 400041 -2.156 20013 -20014 20021 -20022 20031 -20032 imp:n,p 1
300042 400042 -2.156 20013 -20014 20021 -20022 20032 -20033 imp:n,p 1
300043 400043 -2.156 20013 -20014 20021 -20022 20033 -20034 imp:n,p 1
300044 400044 -2.156 20013 -20014 20021 -20022 20034 -20035 imp:n,p 1
300045 400045 -2.156 20014 -20015 20021 -20022 20030 -20031 imp:n,p 1
300046 400046 -2.156 20014 -20015 20021 -20022 20031 -20032 imp:n,p 1
300047 400047 -2.156 20014 -20015 20021 -20022 20032 -20033 imp:n,p 1
300048 400048 -2.156 20014 -20015 20021 -20022 20033 -20034 imp:n,p 1
300049 400049 -2.156 20014 -20015 20021 -20022 20034 -20035 imp:n,p 1
300050 400050 -2.156 20010 -20011 20022 -20023 20030 -20031 imp:n,p 1
300051 400051 -2.156 20010 -20011 20022 -20023 20031 -20032 imp:n,p 1
300052 400052 -2.156 20010 -20011 20022 -20023 20032 -20033 imp:n,p 1
300053 400053 -2.156 20010 -20011 20022 -20023 20033 -20034 imp:n,p 1
300054 400054 -2.156 20010 -20011 20022 -20023 20034 -20035 imp:n,p 1
300055 400055 -2.156 20011 -20012 20022 -20023 20030 -20031 imp:n,p 1
300056 400056 -2.156 20011 -20012 20022 -20023 20031 -20032 imp:n,p 1
300057 400057 -2.156 20011 -20012 20022 -20023 20032 -20033 imp:n,p 1
300058 400058 -2.156 20011 -20012 20022 -20023 20033 -20034 imp:n,p 1
300059 400059 -2.156 20011 -20012 20022 -20023 20034 -20035 imp:n,p 1
300060 400060 -2.156 20012 -20013 20022 -20023 20030 -20031 imp:n,p 1
300061 400061 -2.156 20012 -20013 20022 -20023 20031 -20032 imp:n,p 1
300062 400062 -2.156 20012 -20013 20022 -20023 20032 -20033 imp:n,p 1
300063 400063 -2.156 20012 -20013 20022 -20023 20033 -20034 imp:n,p 1
300064 400064 -2.156 20012 -20013 20022 -20023 20034 -20035 imp:n,p 1
300065 400065 -2.156 20013 -20014 20022 -20023 20030 -20031 imp:n,p 1
300066 400066 -2.156 20013 -20014 20022 -20023 20031 -20032 imp:n,p 1
300067 400067 -2.156 20013 -20014 20022 -20023 20032 -20033 imp:n,p 1
300068 400068 -2.156 20013 -20014 20022 -20023 20033 -20034 imp:n,p 1
300069 400069 -2.156 20013 -20014 20022 -20023 20034 -20035 imp:n,p 1
300070 400070 -2.156 20014 -20015 20022 -20023 20030 -20031 imp:n,p 1
300071 400071 -2.156 20014 -20015 20022 -20023 20031 -20032 imp:n,p 1
300072 400072 -2.156 20014 -20015 20022 -20023 20032 -20033 imp:n,p 1
300073 400073 -2.156 20014 -20015 20022 -20023 20033 -20034 imp:n,p 1
300074 400074 -2.156 20014 -20015 20022 -20023 20034 -20035 imp:n,p 1
300075 400075 -2.156 20010 -20011 20023 -20024 20030 -20031 imp:n,p 1
300076 400076 -2.156 20010 -20011 20023 -20024 20031 -20032 imp:n,p 1
300077 400077 -2.156 20010 -20011 20023 -20024 20032 -20033 imp:n,p 1
300078 400078 -2.156 20010 -20011 20023 -20024 20033 -20034 imp:n,p 1
300079 400079 -2.156 20010 -20011 20023 -20024 20034 -20035 imp:n,p 1
300080 400080 -2.156 20011 -20012 20023 -20024 20030 -20031 imp:n,p 1
300081 400081 -2.156 20011 -20012 20023 -20024 20031 -20032 imp:n,p 1
300082 400082 -2.156 20011 -20012 20023 -20024 20032 -20033 imp:n,p 1
300083 400083 -2.156 20011 -20012 20023 -20024 20033 -20034 imp:n,p 1
300084 400084 -2.156 20011 -20012 20023 -20024 20034 -20035 imp:n,p 1
300085 400085 -2.156 20012 -20013 20023 -20024 20030 -20031 imp:n,p 1
300086 400086 -2.156 20012 -20013 20023 -20024 20031 -20032 imp:n,p 1
300087 400087 -2.156 20012 -20013 20023 -20024 20032 -20033 imp:n,p 1
300088 400088 -2.156 20012 -20013 20023 -20024 20033 -20034 imp:n,p 1
300089 400089 -2.156 20012 -20013 20023 -20024 20034 -20035 imp:n,p 1
300090 400090 -2.156 20013 -20014 20023 -20024 20030 -20031 imp:n,p 1
300091 400091 -2.156 20013 -20014 20023 -20024 20031 -20032 imp:n,p 1
300092 400092 -2.156 20013 -20014 20023 -20024 20032 -20033 imp:n,p 1
300093 400093 -2.156 20013 -20014 20023 -20024 20033 -20034 imp:n,p 1
300094 400094 -2.156 20013 -20014 20023 -20024 20034 -20035 imp:n,p 1
300095 400095 -2.156 20014 -20015 20023 -20024 20030 -20031 imp:n,p 1
300096 400096 -2.156 20014 -20015 20023 -20024 20031 -20032 imp:n,p 1
300097 400097 -2.156 20014 -20015 20023 -20024 20032 -20033 imp:n,p 1
300098 400098 -2.156 20014 -20015 20023 -20024 20033 -20034 imp:n,p 1
300099 400099 -2.156 20014 -20015 20023 -20024 20034 -20035 imp:n,p 1
300100 400100 -2.156 20010 -20011 20024 -20025 20030 -20031 imp:n,p 1
300101 400101 -2.156 20010 -20011 20024 -20025 20031 -20032 imp:n,p 1
300102 400102 -2.156 20010 -20011 20024 -20025 20032 -20033 imp:n,p 1
300103 400103 -2.156 20010 -20011 20024 -20025 20033 -20034 imp:n,p 1
300104 400104 -2.156 20010 -20011 20024 -20025 20034 -20035 imp:n,p 1
300105 400105 -2.156 20011 -20012 20024 -20025 20030 -20031 imp:n,p 1
300106 400106 -2.156 20011 -20012 20024 -20025 20031 -20032 imp:n,p 1
300107 400107 -2.156 20011 -20012 20024 -20025 20032 -20033 imp:n,p 1
300108 400108 -2.156 20011 -20012 20024 -20025 20033 -20034 imp:n,p 1
300109 400109 -2.156 20011 -20012 20024 -20025 20034 -20035 imp:n,p 1
300110 400110 -2.156 20012 -20013 20024 -20025 20030 -20031 imp:n,p 1
300111 400111 -2.156 20012 -20013 20024 -20025 20031 -20032 imp:n,p 1
300112 400112 -2.156 20012 -20013 20024 -20025 20032 -20033 imp:n,p 1
300113 400113 -2.156 20012 -20013 20024 -20025 20033 -20034 imp:n,p 1
300114 400114 -2.156 20012 -20013 20024 -20025 20034 -20035 imp:n,p 1
300115 400115 -2.156 20013 -20014 20024 -20025 20030 -20031 imp:n,p 1
300116 400116 -2.156 20013 -20014 20024 -20025 20031 -20032 imp:n,p 1
300117 400117 -2.156 20013 -20014 20024 -20025 20032 -20033 imp:n,p 1
300118 400118 -2.156 20013 -20014 20024 -20025 20033 -20034 imp:n,p 1
300119 400119 -2.156 20013 -20014 20024 -20025 20034 -20035 imp:n,p 1
300120 400120 -2.156 20014 -20015 20024 -20025 20030 -20031 imp:n,p 1
300121 400121 -2.156 20014 -20015 20024 -20025 20031 -20032 imp:n,p 1
300122 400122 -2.156 20014 -20015 20024 -20025 20032 -20033 imp:n,p 1
300123 400123 -2.156 20014 -20015 20024 -20025 20033 -20034 imp:n,p 1
300124 400124 -2.156 20014 -20015 20024 -20025 20034 -20035 imp:n,p 1
c
30 12 -0.00129 -200 #101 #121 #122 #123 #124 #125 #126 #127 #128 #129 #130 #131 #132 #133
        #21 #211 #212 #22 #221 #222 #23 #231 #232 #24 #241 #242 #20 imp:n,p 1 $Rest of the World
31 0 200 imp:n,p 0 $Outside world

c SURFACE CARDS
c
c Sample Volume
20010 px -56.0
20011 px -33.600000000000364
20012 px -11.200000000000728
20013 px 11.200000000000728
20014 px 33.600000000000364
20015 px 56.0
20020 py -45.0
20021 py -27.0
20022 py -9.0
20023 py 9.0
20024 py 27.0
20025 py 45.0
20030 pz 92.0
20031 pz 82.0
20032 pz 72.0
20033 pz 62.0
20034 pz 52.0
20035 pz 42.0
c Active Detector Region
21 rcc 56  -5.0 -1.0   0.0 20.3 0.0   4.5 $Detector 1 Base center, Hx,Hy,Hz, radius
c Shielding Surfaces
c Shielding Pb
31 rpp 19 29 -7.5 7.5 -11 9 $PbPE xmin xmax ymin ymax zmin zmax
32 rpp 9 19 4 9 -11 9 $Pb xmin xmax ymin ymax zmin zmax
33 rpp 9 19 -9 -4 -11 9 $Pb xmin xmax ymin ymax zmin zmax
34 rpp 19 29 7.5 12.5 -11 9 $Pb xmin xmax ymin ymax zmin zmax
35 rpp 19 29 -12.5 -7.5 -11 9 $Pb xmin xmax ymin ymax zmin zmax
36 rpp 29 34 -15 15 -11 9 $Pb xmin xmax ymin ymax zmin zmax
37 rpp 9 19 -4 4 4 9 $Pb xmin xmax ymin ymax zmin zmax
38 rpp -26 26 18 28 -11 9 $BA1 xmin xmax ymin ymax zmin zmax
39 rpp -26 26 -28 -18 -11 9 $BA2 xmin xmax ymin ymax zmin zmax
40 rpp -65 65 -28 28 10 10.5 $Al xmin xmax ymin ymax zmin zmax
401 rpp -27 27 29 34 -11 9 $Fe xmin xmax ymin ymax zmin zmax
402 rpp -27 27 -34 -29 -11 9 $Fe xmin xmax ymin ymax zmin zmax
301 px -20
302 px 18
303 cx 3.71
304 cx 3.81
c Wheels Surfaces
c 23/10.5-12 turf tires, 22.6 lb rubber
c diameter 29cm, tread width 25cm, and sidewall height 13.76 cm
c set thickness of all sides 1.3 cm (s.t. weight is 22.6 lb)
41 rcc -2 77 8   0.0 25 0.0 29 $wheel 1 outer tread surface
42 rcc -2 77 8   0.0 25 0.0 27.7 $wheel 1 inner tread surface
421 rcc -2 75.7 8   0.0 1.3 0.0 29 $wheel 1 outside sidewall exterior
422 rcc -2 75.7 8   0.0 1.3 0.0 15.24 $wheel 1 outside sidewall interior
423 rcc -2 102 8   0.0 1.3 0.0 29 $wheel 1 inside sidewall exterior
424 rcc -2 102 8   0.0 1.3 0.0 15.24 $wheel 1 inside sidewall interior
43 rcc 68 77 8   0.0 25 0.0 29 $wheel 2
44 rcc 68 77 8   0.0 25 0.0 27.7
441 rcc 68 75.7 8   0.0 1.3 0.0 29
442 rcc 68 75.7 8   0.0 1.3 0.0 15.24
443 rcc 68 102 8   0.0 1.3 0.0 29
444 rcc 68 102 8   0.0 1.3 0.0 15.24
45 rcc -2 -77 8   0.0 -25 0.0 29 $wheel 3
46 rcc -2 -77 8   0.0 -25 0.0 27.7
461 rcc -2 -75.7 8   0.0 -1.3 0.0 29
462 rcc -2 -75.7 8   0.0 -1.3 0.0 15.24
463 rcc -2 -102 8   0.0 -1.3 0.0 29
464 rcc -2 -102 8   0.0 -1.3 0.0 15.24
47 rcc 68 -77 8   0.0 -25 0.0 29 $wheel 4
48 rcc 68 -77 8   0.0 -25 0.0 27.7
481 rcc 68 -75.7 8   0.0 -1.3 0.0 29
482 rcc 68 -75.7 8   0.0 -1.3 0.0 15.24
483 rcc 68 -102 8   0.0 -1.3 0.0 29
484 rcc 68 -102 8   0.0 -1.3 0.0 15.24
200 so 800    $sphere of 800cm centered at origin
c

c DATA CARDS
mode n p
c dump every hr
prdmp -60 -60 -1
c 100 keV Neutron Energy Cutoff
Cut:n 1j 0.1
c analog neutron transport
phys:n 1j 14
phys:p
sdef pos=0 0 0 erg=14.0 vec= 0 0 1 dir=d1
si1  -1 .93 1
sp1   0  0.0  1.0
c ********************
c begin material cards
c ********************
c Pure Carbon
c ****************************************
m400000 6000 -0.00012025173117667788 7000 -0.00012025173117667788 14000 -0.9997594965376466 
m400001 6000 -0.0012862982536446085 7000 -0.0012862982536446085 14000 -0.9974274034927108 
m400002 6000 -0.0040168854793530325 7000 -0.0040168854793530325 14000 -0.9919662290412938 
m400003 6000 -0.005718848252020109 7000 -0.005718848252020109 14000 -0.9885623034959597 
m400004 6000 -0.006194582989343146 7000 -0.006194582989343146 14000 -0.9876108340213132 
m400005 6000 -0.00010473638988114684 7000 -0.00010473638988114684 14000 -0.9997905272202376 
m400006 6000 -0.0015495441906795714 7000 -0.0015495441906795714 14000 -0.996900911618641 
m400007 6000 -0.004163888897265755 7000 -0.004163888897265755 14000 -0.9916722222054684 
m400008 6000 -0.005689130985557298 7000 -0.005689130985557298 14000 -0.9886217380288853 
m400009 6000 -0.0062468229645016755 7000 -0.0062468229645016755 14000 -0.9875063540709966 
m400010 6000 -0.0001706182260826826 7000 -0.0001706182260826826 14000 -0.9996587635478345 
m400011 6000 -0.0014828662168799502 7000 -0.0014828662168799502 14000 -0.99703426756624 
m400012 6000 -0.004003314279983596 7000 -0.004003314279983596 14000 -0.991993371440033 
m400013 6000 -0.005794358968207481 7000 -0.005794358968207481 14000 -0.9884112820635852 
m400014 6000 -0.006247912571641406 7000 -0.006247912571641406 14000 -0.9875041748567174 
m400015 6000 -8.245461236667093e-05 7000 -8.245461236667093e-05 14000 -0.9998350907752668 
m400016 6000 -0.0014505300360945683 7000 -0.0014505300360945683 14000 -0.9970989399278107 
m400017 6000 -0.004029166699000589 7000 -0.004029166699000589 14000 -0.9919416666019986 
m400018 6000 -0.005620937277305432 7000 -0.005620937277305432 14000 -0.9887581254453892 
m400019 6000 -0.006227604105314093 7000 -0.006227604105314093 14000 -0.9875447917893719 
m400020 6000 -0.00010148746098127202 7000 -0.00010148746098127202 14000 -0.9997970250780374 
m400021 6000 -0.0017455838563390674 7000 -0.0017455838563390674 14000 -0.9965088322873218 
m400022 6000 -0.003975766519742536 7000 -0.003975766519742536 14000 -0.9920484669605149 
m400023 6000 -0.005701346139963994 7000 -0.005701346139963994 14000 -0.9885973077200723 
m400024 6000 -0.006261408590845237 7000 -0.006261408590845237 14000 -0.9874771828183095 
m400025 6000 -6.602693877515135e-05 7000 -6.602693877515135e-05 14000 -0.9998679461224497 
m400026 6000 -0.0010849283578920307 7000 -0.0010849283578920307 14000 -0.9978301432842157 
m400027 6000 -0.003851024446129497 7000 -0.003851024446129497 14000 -0.9922979511077411 
m400028 6000 -0.0055848335667575 7000 -0.0055848335667575 14000 -0.988830332866485 
m400029 6000 -0.006263986268159969 7000 -0.006263986268159969 14000 -0.9874720274636799 
m400030 6000 -7.500957802148296e-05 7000 -7.500957802148296e-05 14000 -0.9998499808439569 
m400031 6000 -0.0016328075052497858 7000 -0.0016328075052497858 14000 -0.9967343849895003 
m400032 6000 -0.004074113550278007 7000 -0.004074113550278007 14000 -0.991851772899444 
m400033 6000 -0.005740665240867468 7000 -0.005740665240867468 14000 -0.9885186695182653 
m400034 6000 -0.006223538185801328 7000 -0.006223538185801328 14000 -0.9875529236283973 
m400035 6000 -0.00011418851347021808 7000 -0.00011418851347021808 14000 -0.9997716229730597 
m400036 6000 -0.001481097241475842 7000 -0.001481097241475842 14000 -0.9970378055170482 
m400037 6000 -0.004038581032000202 7000 -0.004038581032000202 14000 -0.9919228379359996 
m400038 6000 -0.005751927252968581 7000 -0.005751927252968581 14000 -0.9884961454940625 
m400039 6000 -0.006225561120435627 7000 -0.006225561120435627 14000 -0.9875488777591286 
m400040 6000 -0.00010103350494092575 7000 -0.00010103350494092575 14000 -0.999797932990118 
m400041 6000 -0.001592629658759598 7000 -0.001592629658759598 14000 -0.9968147406824809 
m400042 6000 -0.0039394939184471565 7000 -0.0039394939184471565 14000 -0.992121012163106 
m400043 6000 -0.005583309656274369 7000 -0.005583309656274369 14000 -0.9888333806874511 
m400044 6000 -0.00620290834873816 7000 -0.00620290834873816 14000 -0.9875941833025239 
m400045 6000 -0.00010316764094997765 7000 -0.00010316764094997765 14000 -0.9997936647181 
m400046 6000 -0.0015780349136234647 7000 -0.0015780349136234647 14000 -0.996843930172753 
m400047 6000 -0.004388451956632382 7000 -0.004388451956632382 14000 -0.9912230960867352 
m400048 6000 -0.005801147654188757 7000 -0.005801147654188757 14000 -0.9883977046916226 
m400049 6000 -0.006253484614640405 7000 -0.006253484614640405 14000 -0.9874930307707195 
m400050 6000 -0.00012979202278158038 7000 -0.00012979202278158038 14000 -0.999740415954437 
m400051 6000 -0.0018201811658018782 7000 -0.0018201811658018782 14000 -0.9963596376683962 
m400052 6000 -0.003951072513054856 7000 -0.003951072513054856 14000 -0.9920978549738902 
m400053 6000 -0.005766934200290806 7000 -0.005766934200290806 14000 -0.988466131599419 
m400054 6000 -0.006211624109737809 7000 -0.006211624109737809 14000 -0.9875767517805244 
m400055 6000 -8.199300919372807e-05 7000 -8.199300919372807e-05 14000 -0.9998360139816124 
m400056 6000 -0.0013020846276934237 7000 -0.0013020846276934237 14000 -0.9973958307446129 
m400057 6000 -0.00425832987941992 7000 -0.00425832987941992 14000 -0.9914833402411602 
m400058 6000 -0.005786716518688439 7000 -0.005786716518688439 14000 -0.9884265669626228 
m400059 6000 -0.006241801497535512 7000 -0.006241801497535512 14000 -0.987516397004929 
m400060 6000 -0.0001164879978017885 7000 -0.0001164879978017885 14000 -0.9997670240043965 
m400061 6000 -0.001764213456048966 7000 -0.001764213456048966 14000 -0.9964715730879022 
m400062 6000 -0.0041568049647741625 7000 -0.0041568049647741625 14000 -0.9916863900704515 
m400063 6000 -0.005674543877923487 7000 -0.005674543877923487 14000 -0.9886509122441528 
m400064 6000 -0.006226738874401435 7000 -0.006226738874401435 14000 -0.987546522251197 
m400065 6000 -0.00010543564040346089 7000 -0.00010543564040346089 14000 -0.999789128719193 
m400066 6000 -0.0012613428737614301 7000 -0.0012613428737614301 14000 -0.9974773142524771 
m400067 6000 -0.003915036848958439 7000 -0.003915036848958439 14000 -0.9921699263020831 
m400068 6000 -0.005677304102885462 7000 -0.005677304102885462 14000 -0.9886453917942294 
m400069 6000 -0.006246740824182224 7000 -0.006246740824182224 14000 -0.9875065183516355 
m400070 6000 -9.006676765632387e-05 7000 -9.006676765632387e-05 14000 -0.9998198664646872 
m400071 6000 -0.0013674899784885807 7000 -0.0013674899784885807 14000 -0.9972650200430231 
m400072 6000 -0.004210130090246544 7000 -0.004210130090246544 14000 -0.9915797398195069 
m400073 6000 -0.0057766622733677365 7000 -0.0057766622733677365 14000 -0.9884466754532647 
m400074 6000 -0.006245243591379041 7000 -0.006245243591379041 14000 -0.987509512817242 
m400075 6000 -4.456876382557177e-05 7000 -4.456876382557177e-05 14000 -0.9999108624723491 
m400076 6000 -0.0014416169428770715 7000 -0.0014416169428770715 14000 -0.9971167661142458 
m400077 6000 -0.004334450962032199 7000 -0.004334450962032199 14000 -0.9913310980759357 
m400078 6000 -0.0056520238012133924 7000 -0.0056520238012133924 14000 -0.9886959523975729 
m400079 6000 -0.006229207090868304 7000 -0.006229207090868304 14000 -0.9875415858182633 
m400080 6000 -8.476957536493045e-05 7000 -8.476957536493045e-05 14000 -0.9998304608492703 
m400081 6000 -0.0013149863898194287 7000 -0.0013149863898194287 14000 -0.9973700272203613 
m400082 6000 -0.004046864064545551 7000 -0.004046864064545551 14000 -0.9919062718709091 
m400083 6000 -0.005644533460864448 7000 -0.005644533460864448 14000 -0.9887109330782711 
m400084 6000 -0.006228652136560539 7000 -0.006228652136560539 14000 -0.9875426957268786 
m400085 6000 -9.589098383578361e-05 7000 -9.589098383578361e-05 14000 -0.9998082180323284 
m400086 6000 -0.001375048990433414 7000 -0.001375048990433414 14000 -0.9972499020191329 
m400087 6000 -0.004127460092200995 7000 -0.004127460092200995 14000 -0.9917450798155982 
m400088 6000 -0.0056277788801045135 7000 -0.0056277788801045135 14000 -0.9887444422397905 
m400089 6000 -0.006263794178204023 7000 -0.006263794178204023 14000 -0.9874724116435922 
m400090 6000 -0.0001600972965722648 7000 -0.0001600972965722648 14000 -0.9996798054068557 
m400091 6000 -0.0014751732008977192 7000 -0.0014751732008977192 14000 -0.9970496535982045 
m400092 6000 -0.003993525186454027 7000 -0.003993525186454027 14000 -0.9920129496270919 
m400093 6000 -0.005654901798720892 7000 -0.005654901798720892 14000 -0.9886901964025583 
m400094 6000 -0.006233347341584844 7000 -0.006233347341584844 14000 -0.9875333053168304 
m400095 6000 -0.00011914129051277135 7000 -0.00011914129051277135 14000 -0.9997617174189745 
m400096 6000 -0.0018392685412549226 7000 -0.0018392685412549226 14000 -0.9963214629174901 
m400097 6000 -0.0038474588956668985 7000 -0.0038474588956668985 14000 -0.9923050822086661 
m400098 6000 -0.005595922392588167 7000 -0.005595922392588167 14000 -0.9888081552148238 
m400099 6000 -0.00626955323667187 7000 -0.00626955323667187 14000 -0.9874608935266562 
m400100 6000 -0.00011310903740943913 7000 -0.00011310903740943913 14000 -0.9997737819251811 
m400101 6000 -0.0015208923974715553 7000 -0.0015208923974715553 14000 -0.9969582152050569 
m400102 6000 -0.003827481282680663 7000 -0.003827481282680663 14000 -0.9923450374346386 
m400103 6000 -0.005633337241755791 7000 -0.005633337241755791 14000 -0.9887333255164886 
m400104 6000 -0.006248002502754008 7000 -0.006248002502754008 14000 -0.9875039949944919 
m400105 6000 -0.000143762821882449 7000 -0.000143762821882449 14000 -0.9997124743562351 
m400106 6000 -0.0013053721267257735 7000 -0.0013053721267257735 14000 -0.9973892557465482 
m400107 6000 -0.003797768065391525 7000 -0.003797768065391525 14000 -0.9924044638692164 
m400108 6000 -0.005680434096250777 7000 -0.005680434096250777 14000 -0.9886391318074985 
m400109 6000 -0.00620290422157018 7000 -0.00620290422157018 14000 -0.9875941915568598 
m400110 6000 -0.00010687899034360582 7000 -0.00010687899034360582 14000 -0.9997862420193129 
m400111 6000 -0.0013807654314810442 7000 -0.0013807654314810442 14000 -0.9972384691370375 
m400112 6000 -0.0038135928057868224 7000 -0.0038135928057868224 14000 -0.9923728143884266 
m400113 6000 -0.005602745912406552 7000 -0.005602745912406552 14000 -0.9887945081751869 
m400114 6000 -0.006230448946800872 7000 -0.006230448946800872 14000 -0.9875391021063986 
m400115 6000 -0.00012813933268099008 7000 -0.00012813933268099008 14000 -0.9997437213346381 
m400116 6000 -0.0016150749310918607 7000 -0.0016150749310918607 14000 -0.9967698501378163 
m400117 6000 -0.004191433378812965 7000 -0.004191433378812965 14000 -0.9916171332423737 
m400118 6000 -0.005649604826175762 7000 -0.005649604826175762 14000 -0.9887007903476481 
m400119 6000 -0.006264019664561809 7000 -0.006264019664561809 14000 -0.9874719606708766 
m400120 6000 -0.00013149282517372406 7000 -0.00013149282517372406 14000 -0.9997370143496525 
m400121 6000 -0.001588882848113808 7000 -0.001588882848113808 14000 -0.9968222343037723 
m400122 6000 -0.00386022115186209 7000 -0.00386022115186209 14000 -0.9922795576962758 
m400123 6000 -0.005590612576766687 7000 -0.005590612576766687 14000 -0.9888187748464664 
m400124 6000 -0.006243016396340359 7000 -0.006243016396340359 14000 -0.9875139672073192 
c **********************************
c PE+Pb, dens=4.78 g/cm3
m2      6000    -0.04286 $Carbon
        1001    -0.00714 $Hydrogen
        82000   -0.95000 $Lead
c **********************************
m3    1001 -0.048535 $Boric acid
      5010 -0.034981
      5011 -0.139923
      8016 -0.776561
c **********************************
m4    82000 1 $Lead
c **********************************
m5 26000 1 $Iron
c **********************************
m6     13027   -1.000 $ Aluminum
c **********************************
c  SS-304 (8.00 g/cm3), #298 in PNNL Compendium
m7   006000.50c -0.0004000
     014000.60c -0.0050000
     015031.50c -0.0002300
     016000.60c -0.0001500
     024000.50c -0.1899981
     025055.60c -0.0099999
     026000.50c -0.7017229
     028000.50c -0.0924991
c ****************************************
c       LaBr detector
c ****************************************
m8       35079    -0.2946       $ Br79
         35081    -0.3069       $ Br81
         57139    -0.3485       $ La139
         58140    -0.0500       $ Ce140
c ************ air den=1.15e-3g/cc
m12     8016 -0.23
        7014 -0.77
c ************ Rubber Natural den=0.92 g/cc
m13     1001 -0.118371  $weight fraction
        6000 -0.881629
c
c end material cards
c
rand seed=8674536546524321 $different initial random #; seed# - any less 18 digits
c
c ********** begin tallies *********************
fc78 *********Broadened Pulse Height Tally Sum of Detectors 1,2 & 3 ***********
e78 0 1e-5 932i 8.4295
F78:p (101)
FT78 GEB -0.026198 0.059551 -0.037176
fc18 *********Unbroadened Pulse Height Tally Sum of Detectors 1,2 & 3 ***********
e18 0 1e-5 932i 8.4295
F18:p (101)
c ***********************************
c mplot tal 78 freq 10000
nps 1e9
