c CAS DETECTOR
c w/ Shielding in Place and Wheels
c
c CELL CARDS
c
c @@@@@@@@@@ Detectors @@@@@@@@@@@@@@@@@
c
101 8 -5.08 -21 imp:n,p 1 $LaBr Detector #1 Active Region
c
c @@@@@@@@@ Shielding @@@@@@@@@@@@@@@@@
c
121 2 -4.78 -31 imp:n,p 1 $PE_Pb
122 4 -11.29 -32 imp:n,p 1 $Pb1
123 4 -11.29 -33 imp:n,p 1 $Pb2
124 4 -11.29 -34 imp:n,p 1 $Pb3
125 4 -11.29 -35 imp:n,p 1 $Pb4
126 4 -11.29 -36 imp:n,p 1 $Pb5
127 4 -11.29 -37 imp:n,p 1 $Pb6
128 3 -1.5 -38 imp:n,p 1 $BA1
129 3 -1.5 -39 imp:n,p 1 $BA2
130 6 -2.7 -40 imp:n,p 1 $Al
131 7 -7.92 301 -302 303 -304 imp:n,p 1 $Fe-tube
132 5 -7.8 -401 imp:n,p 1 $Fe
133 5 -7.8 -402 imp:n,p 1 $Fe
c @@@@@@@@@@ Wheels @@@@@@@@@@@@@@@@@
c
21 13 -0.92 -41 42 imp:n,p 1 $Wheel 1
211 13 -0.92 -421 422 imp:n,p 1 $Wheel 1
212 13 -0.92 -423 424 imp:n,p 1 $Wheel 1
22 13 -0.92 -43 44 imp:n,p 1 $Wheel 2
221 13 -0.92 -441 442 imp:n,p 1 $Wheel 2
222 13 -0.92 -443 444 imp:n,p 1 $Wheel 2
23 13 -0.92 -45 46 imp:n,p 1 $Wheel 3
231 13 -0.92 -461 462 imp:n,p 1 $Wheel 3
232 13 -0.92 -463 464 imp:n,p 1 $Wheel 3
24 13 -0.92 -47 48 imp:n,p 1 $Wheel 4
241 13 -0.92 -481 482 imp:n,p 1 $Wheel 4
242 13 -0.92 -483 484 imp:n,p 1 $Wheel 4
c
c @@@@@@@@@@ SOIL VOLUME @@@@@@@@@@@
c
300000 400000 -2.156 20010 -20011 20020 -20021 20030 -20031 imp:n,p 1
300001 400001 -2.156 20010 -20011 20020 -20021 20031 -20032 imp:n,p 1
300002 400002 -2.156 20010 -20011 20020 -20021 20032 -20033 imp:n,p 1
300003 400003 -2.156 20010 -20011 20020 -20021 20033 -20034 imp:n,p 1
300004 400004 -2.156 20010 -20011 20020 -20021 20034 -20035 imp:n,p 1
300005 400005 -2.156 20011 -20012 20020 -20021 20030 -20031 imp:n,p 1
300006 400006 -2.156 20011 -20012 20020 -20021 20031 -20032 imp:n,p 1
300007 400007 -2.156 20011 -20012 20020 -20021 20032 -20033 imp:n,p 1
300008 400008 -2.156 20011 -20012 20020 -20021 20033 -20034 imp:n,p 1
300009 400009 -2.156 20011 -20012 20020 -20021 20034 -20035 imp:n,p 1
300010 400010 -2.156 20012 -20013 20020 -20021 20030 -20031 imp:n,p 1
300011 400011 -2.156 20012 -20013 20020 -20021 20031 -20032 imp:n,p 1
300012 400012 -2.156 20012 -20013 20020 -20021 20032 -20033 imp:n,p 1
300013 400013 -2.156 20012 -20013 20020 -20021 20033 -20034 imp:n,p 1
300014 400014 -2.156 20012 -20013 20020 -20021 20034 -20035 imp:n,p 1
300015 400015 -2.156 20013 -20014 20020 -20021 20030 -20031 imp:n,p 1
300016 400016 -2.156 20013 -20014 20020 -20021 20031 -20032 imp:n,p 1
300017 400017 -2.156 20013 -20014 20020 -20021 20032 -20033 imp:n,p 1
300018 400018 -2.156 20013 -20014 20020 -20021 20033 -20034 imp:n,p 1
300019 400019 -2.156 20013 -20014 20020 -20021 20034 -20035 imp:n,p 1
300020 400020 -2.156 20014 -20015 20020 -20021 20030 -20031 imp:n,p 1
300021 400021 -2.156 20014 -20015 20020 -20021 20031 -20032 imp:n,p 1
300022 400022 -2.156 20014 -20015 20020 -20021 20032 -20033 imp:n,p 1
300023 400023 -2.156 20014 -20015 20020 -20021 20033 -20034 imp:n,p 1
300024 400024 -2.156 20014 -20015 20020 -20021 20034 -20035 imp:n,p 1
300025 400025 -2.156 20010 -20011 20021 -20022 20030 -20031 imp:n,p 1
300026 400026 -2.156 20010 -20011 20021 -20022 20031 -20032 imp:n,p 1
300027 400027 -2.156 20010 -20011 20021 -20022 20032 -20033 imp:n,p 1
300028 400028 -2.156 20010 -20011 20021 -20022 20033 -20034 imp:n,p 1
300029 400029 -2.156 20010 -20011 20021 -20022 20034 -20035 imp:n,p 1
300030 400030 -2.156 20011 -20012 20021 -20022 20030 -20031 imp:n,p 1
300031 400031 -2.156 20011 -20012 20021 -20022 20031 -20032 imp:n,p 1
300032 400032 -2.156 20011 -20012 20021 -20022 20032 -20033 imp:n,p 1
300033 400033 -2.156 20011 -20012 20021 -20022 20033 -20034 imp:n,p 1
300034 400034 -2.156 20011 -20012 20021 -20022 20034 -20035 imp:n,p 1
300035 400035 -2.156 20012 -20013 20021 -20022 20030 -20031 imp:n,p 1
300036 400036 -2.156 20012 -20013 20021 -20022 20031 -20032 imp:n,p 1
300037 400037 -2.156 20012 -20013 20021 -20022 20032 -20033 imp:n,p 1
300038 400038 -2.156 20012 -20013 20021 -20022 20033 -20034 imp:n,p 1
300039 400039 -2.156 20012 -20013 20021 -20022 20034 -20035 imp:n,p 1
300040 400040 -2.156 20013 -20014 20021 -20022 20030 -20031 imp:n,p 1
300041 400041 -2.156 20013 -20014 20021 -20022 20031 -20032 imp:n,p 1
300042 400042 -2.156 20013 -20014 20021 -20022 20032 -20033 imp:n,p 1
300043 400043 -2.156 20013 -20014 20021 -20022 20033 -20034 imp:n,p 1
300044 400044 -2.156 20013 -20014 20021 -20022 20034 -20035 imp:n,p 1
300045 400045 -2.156 20014 -20015 20021 -20022 20030 -20031 imp:n,p 1
300046 400046 -2.156 20014 -20015 20021 -20022 20031 -20032 imp:n,p 1
300047 400047 -2.156 20014 -20015 20021 -20022 20032 -20033 imp:n,p 1
300048 400048 -2.156 20014 -20015 20021 -20022 20033 -20034 imp:n,p 1
300049 400049 -2.156 20014 -20015 20021 -20022 20034 -20035 imp:n,p 1
300050 400050 -2.156 20010 -20011 20022 -20023 20030 -20031 imp:n,p 1
300051 400051 -2.156 20010 -20011 20022 -20023 20031 -20032 imp:n,p 1
300052 400052 -2.156 20010 -20011 20022 -20023 20032 -20033 imp:n,p 1
300053 400053 -2.156 20010 -20011 20022 -20023 20033 -20034 imp:n,p 1
300054 400054 -2.156 20010 -20011 20022 -20023 20034 -20035 imp:n,p 1
300055 400055 -2.156 20011 -20012 20022 -20023 20030 -20031 imp:n,p 1
300056 400056 -2.156 20011 -20012 20022 -20023 20031 -20032 imp:n,p 1
300057 400057 -2.156 20011 -20012 20022 -20023 20032 -20033 imp:n,p 1
300058 400058 -2.156 20011 -20012 20022 -20023 20033 -20034 imp:n,p 1
300059 400059 -2.156 20011 -20012 20022 -20023 20034 -20035 imp:n,p 1
300060 400060 -2.156 20012 -20013 20022 -20023 20030 -20031 imp:n,p 1
300061 400061 -2.156 20012 -20013 20022 -20023 20031 -20032 imp:n,p 1
300062 400062 -2.156 20012 -20013 20022 -20023 20032 -20033 imp:n,p 1
300063 400063 -2.156 20012 -20013 20022 -20023 20033 -20034 imp:n,p 1
300064 400064 -2.156 20012 -20013 20022 -20023 20034 -20035 imp:n,p 1
300065 400065 -2.156 20013 -20014 20022 -20023 20030 -20031 imp:n,p 1
300066 400066 -2.156 20013 -20014 20022 -20023 20031 -20032 imp:n,p 1
300067 400067 -2.156 20013 -20014 20022 -20023 20032 -20033 imp:n,p 1
300068 400068 -2.156 20013 -20014 20022 -20023 20033 -20034 imp:n,p 1
300069 400069 -2.156 20013 -20014 20022 -20023 20034 -20035 imp:n,p 1
300070 400070 -2.156 20014 -20015 20022 -20023 20030 -20031 imp:n,p 1
300071 400071 -2.156 20014 -20015 20022 -20023 20031 -20032 imp:n,p 1
300072 400072 -2.156 20014 -20015 20022 -20023 20032 -20033 imp:n,p 1
300073 400073 -2.156 20014 -20015 20022 -20023 20033 -20034 imp:n,p 1
300074 400074 -2.156 20014 -20015 20022 -20023 20034 -20035 imp:n,p 1
300075 400075 -2.156 20010 -20011 20023 -20024 20030 -20031 imp:n,p 1
300076 400076 -2.156 20010 -20011 20023 -20024 20031 -20032 imp:n,p 1
300077 400077 -2.156 20010 -20011 20023 -20024 20032 -20033 imp:n,p 1
300078 400078 -2.156 20010 -20011 20023 -20024 20033 -20034 imp:n,p 1
300079 400079 -2.156 20010 -20011 20023 -20024 20034 -20035 imp:n,p 1
300080 400080 -2.156 20011 -20012 20023 -20024 20030 -20031 imp:n,p 1
300081 400081 -2.156 20011 -20012 20023 -20024 20031 -20032 imp:n,p 1
300082 400082 -2.156 20011 -20012 20023 -20024 20032 -20033 imp:n,p 1
300083 400083 -2.156 20011 -20012 20023 -20024 20033 -20034 imp:n,p 1
300084 400084 -2.156 20011 -20012 20023 -20024 20034 -20035 imp:n,p 1
300085 400085 -2.156 20012 -20013 20023 -20024 20030 -20031 imp:n,p 1
300086 400086 -2.156 20012 -20013 20023 -20024 20031 -20032 imp:n,p 1
300087 400087 -2.156 20012 -20013 20023 -20024 20032 -20033 imp:n,p 1
300088 400088 -2.156 20012 -20013 20023 -20024 20033 -20034 imp:n,p 1
300089 400089 -2.156 20012 -20013 20023 -20024 20034 -20035 imp:n,p 1
300090 400090 -2.156 20013 -20014 20023 -20024 20030 -20031 imp:n,p 1
300091 400091 -2.156 20013 -20014 20023 -20024 20031 -20032 imp:n,p 1
300092 400092 -2.156 20013 -20014 20023 -20024 20032 -20033 imp:n,p 1
300093 400093 -2.156 20013 -20014 20023 -20024 20033 -20034 imp:n,p 1
300094 400094 -2.156 20013 -20014 20023 -20024 20034 -20035 imp:n,p 1
300095 400095 -2.156 20014 -20015 20023 -20024 20030 -20031 imp:n,p 1
300096 400096 -2.156 20014 -20015 20023 -20024 20031 -20032 imp:n,p 1
300097 400097 -2.156 20014 -20015 20023 -20024 20032 -20033 imp:n,p 1
300098 400098 -2.156 20014 -20015 20023 -20024 20033 -20034 imp:n,p 1
300099 400099 -2.156 20014 -20015 20023 -20024 20034 -20035 imp:n,p 1
300100 400100 -2.156 20010 -20011 20024 -20025 20030 -20031 imp:n,p 1
300101 400101 -2.156 20010 -20011 20024 -20025 20031 -20032 imp:n,p 1
300102 400102 -2.156 20010 -20011 20024 -20025 20032 -20033 imp:n,p 1
300103 400103 -2.156 20010 -20011 20024 -20025 20033 -20034 imp:n,p 1
300104 400104 -2.156 20010 -20011 20024 -20025 20034 -20035 imp:n,p 1
300105 400105 -2.156 20011 -20012 20024 -20025 20030 -20031 imp:n,p 1
300106 400106 -2.156 20011 -20012 20024 -20025 20031 -20032 imp:n,p 1
300107 400107 -2.156 20011 -20012 20024 -20025 20032 -20033 imp:n,p 1
300108 400108 -2.156 20011 -20012 20024 -20025 20033 -20034 imp:n,p 1
300109 400109 -2.156 20011 -20012 20024 -20025 20034 -20035 imp:n,p 1
300110 400110 -2.156 20012 -20013 20024 -20025 20030 -20031 imp:n,p 1
300111 400111 -2.156 20012 -20013 20024 -20025 20031 -20032 imp:n,p 1
300112 400112 -2.156 20012 -20013 20024 -20025 20032 -20033 imp:n,p 1
300113 400113 -2.156 20012 -20013 20024 -20025 20033 -20034 imp:n,p 1
300114 400114 -2.156 20012 -20013 20024 -20025 20034 -20035 imp:n,p 1
300115 400115 -2.156 20013 -20014 20024 -20025 20030 -20031 imp:n,p 1
300116 400116 -2.156 20013 -20014 20024 -20025 20031 -20032 imp:n,p 1
300117 400117 -2.156 20013 -20014 20024 -20025 20032 -20033 imp:n,p 1
300118 400118 -2.156 20013 -20014 20024 -20025 20033 -20034 imp:n,p 1
300119 400119 -2.156 20013 -20014 20024 -20025 20034 -20035 imp:n,p 1
300120 400120 -2.156 20014 -20015 20024 -20025 20030 -20031 imp:n,p 1
300121 400121 -2.156 20014 -20015 20024 -20025 20031 -20032 imp:n,p 1
300122 400122 -2.156 20014 -20015 20024 -20025 20032 -20033 imp:n,p 1
300123 400123 -2.156 20014 -20015 20024 -20025 20033 -20034 imp:n,p 1
300124 400124 -2.156 20014 -20015 20024 -20025 20034 -20035 imp:n,p 1
c
30 12 -0.00129 -200 #101 #121 #122 #123 #124 #125 #126 #127 #128 #129 #130 #131 #132 #133
        #21 #211 #212 #22 #221 #222 #23 #231 #232 #24 #241 #242 #20 imp:n,p 1 $Rest of the World
31 0 200 imp:n,p 0 $Outside world

c SURFACE CARDS
c
c Sample Volume
20010 px -56.0
20011 px -33.59999999999991
20012 px -11.199999999999818
20013 px 11.199999999999818
20014 px 33.59999999999991
20015 px 56.0
20020 py -45.0
20021 py -27.0
20022 py -9.0
20023 py 9.0
20024 py 27.0
20025 py 45.0
20030 pz 92.0
20031 pz 82.0
20032 pz 72.0
20033 pz 62.0
20034 pz 52.0
20035 pz 42.0
c Active Detector Region
21 rcc 56  -5.0 -1.0   0.0 20.3 0.0   4.5 $Detector 1 Base center, Hx,Hy,Hz, radius
c Shielding Surfaces
c Shielding Pb
31 rpp 19 29 -7.5 7.5 -11 9 $PbPE xmin xmax ymin ymax zmin zmax
32 rpp 9 19 4 9 -11 9 $Pb xmin xmax ymin ymax zmin zmax
33 rpp 9 19 -9 -4 -11 9 $Pb xmin xmax ymin ymax zmin zmax
34 rpp 19 29 7.5 12.5 -11 9 $Pb xmin xmax ymin ymax zmin zmax
35 rpp 19 29 -12.5 -7.5 -11 9 $Pb xmin xmax ymin ymax zmin zmax
36 rpp 29 34 -15 15 -11 9 $Pb xmin xmax ymin ymax zmin zmax
37 rpp 9 19 -4 4 4 9 $Pb xmin xmax ymin ymax zmin zmax
38 rpp -26 26 18 28 -11 9 $BA1 xmin xmax ymin ymax zmin zmax
39 rpp -26 26 -28 -18 -11 9 $BA2 xmin xmax ymin ymax zmin zmax
40 rpp -65 65 -28 28 10 10.5 $Al xmin xmax ymin ymax zmin zmax
401 rpp -27 27 29 34 -11 9 $Fe xmin xmax ymin ymax zmin zmax
402 rpp -27 27 -34 -29 -11 9 $Fe xmin xmax ymin ymax zmin zmax
301 px -20
302 px 18
303 cx 3.71
304 cx 3.81
c Wheels Surfaces
c 23/10.5-12 turf tires, 22.6 lb rubber
c diameter 29cm, tread width 25cm, and sidewall height 13.76 cm
c set thickness of all sides 1.3 cm (s.t. weight is 22.6 lb)
41 rcc -2 77 8   0.0 25 0.0 29 $wheel 1 outer tread surface
42 rcc -2 77 8   0.0 25 0.0 27.7 $wheel 1 inner tread surface
421 rcc -2 75.7 8   0.0 1.3 0.0 29 $wheel 1 outside sidewall exterior
422 rcc -2 75.7 8   0.0 1.3 0.0 15.24 $wheel 1 outside sidewall interior
423 rcc -2 102 8   0.0 1.3 0.0 29 $wheel 1 inside sidewall exterior
424 rcc -2 102 8   0.0 1.3 0.0 15.24 $wheel 1 inside sidewall interior
43 rcc 68 77 8   0.0 25 0.0 29 $wheel 2
44 rcc 68 77 8   0.0 25 0.0 27.7
441 rcc 68 75.7 8   0.0 1.3 0.0 29
442 rcc 68 75.7 8   0.0 1.3 0.0 15.24
443 rcc 68 102 8   0.0 1.3 0.0 29
444 rcc 68 102 8   0.0 1.3 0.0 15.24
45 rcc -2 -77 8   0.0 -25 0.0 29 $wheel 3
46 rcc -2 -77 8   0.0 -25 0.0 27.7
461 rcc -2 -75.7 8   0.0 -1.3 0.0 29
462 rcc -2 -75.7 8   0.0 -1.3 0.0 15.24
463 rcc -2 -102 8   0.0 -1.3 0.0 29
464 rcc -2 -102 8   0.0 -1.3 0.0 15.24
47 rcc 68 -77 8   0.0 -25 0.0 29 $wheel 4
48 rcc 68 -77 8   0.0 -25 0.0 27.7
481 rcc 68 -75.7 8   0.0 -1.3 0.0 29
482 rcc 68 -75.7 8   0.0 -1.3 0.0 15.24
483 rcc 68 -102 8   0.0 -1.3 0.0 29
484 rcc 68 -102 8   0.0 -1.3 0.0 15.24
200 so 800    $sphere of 800cm centered at origin
c

c DATA CARDS
mode n p
c dump every hr
prdmp -60 -60 -1
c 100 keV Neutron Energy Cutoff
Cut:n 1j 0.1
c analog neutron transport
phys:n 1j 14
phys:p
sdef pos=0 0 0 erg=14.0 vec= 0 0 1 dir=d1
si1  -1 .93 1
sp1   0  0.0  1.0
c ********************
c begin material cards
c ********************
c Pure Carbon
c ****************************************
m400000 6000 -8.762863744208543e-05 7000 -8.762863744208543e-05 14000 -0.9998247427251158 
m400001 6000 -0.0015490358460221038 7000 -0.0015490358460221038 14000 -0.996901928307956 
m400002 6000 -0.003969029731215922 7000 -0.003969029731215922 14000 -0.992061940537568 
m400003 6000 -0.0056652359882161975 7000 -0.0056652359882161975 14000 -0.9886695280235674 
m400004 6000 -0.0063157605710289725 7000 -0.0063157605710289725 14000 -0.9873684788579419 
m400005 6000 -0.00015605327491099747 7000 -0.00015605327491099747 14000 -0.999687893450178 
m400006 6000 -0.0013825161402195672 7000 -0.0013825161402195672 14000 -0.9972349677195608 
m400007 6000 -0.004262650887125867 7000 -0.004262650887125867 14000 -0.9914746982257483 
m400008 6000 -0.005699814058099028 7000 -0.005699814058099028 14000 -0.9886003718838018 
m400009 6000 -0.00629360982239143 7000 -0.00629360982239143 14000 -0.9874127803552168 
m400010 6000 -9.362135426612237e-05 7000 -9.362135426612237e-05 14000 -0.9998127572914677 
m400011 6000 -0.0015140882336635506 7000 -0.0015140882336635506 14000 -0.996971823532673 
m400012 6000 -0.0037626420832481845 7000 -0.0037626420832481845 14000 -0.9924747158335034 
m400013 6000 -0.005825674242919109 7000 -0.005825674242919109 14000 -0.9883486515141616 
m400014 6000 -0.006347067447677172 7000 -0.006347067447677172 14000 -0.9873058651046459 
m400015 6000 -0.00011667806728462898 7000 -0.00011667806728462898 14000 -0.9997666438654308 
m400016 6000 -0.001663204562581083 7000 -0.001663204562581083 14000 -0.996673590874838 
m400017 6000 -0.0036681814693154454 7000 -0.0036681814693154454 14000 -0.9926636370613692 
m400018 6000 -0.005776223346786109 7000 -0.005776223346786109 14000 -0.9884475533064276 
m400019 6000 -0.0063401233338598794 7000 -0.0063401233338598794 14000 -0.9873197533322805 
m400020 6000 -7.005508904495622e-05 7000 -7.005508904495622e-05 14000 -0.9998598898219102 
m400021 6000 -0.0010575991689168375 7000 -0.0010575991689168375 14000 -0.9978848016621664 
m400022 6000 -0.003957917821633489 7000 -0.003957917821633489 14000 -0.992084164356733 
m400023 6000 -0.005594096948846593 7000 -0.005594096948846593 14000 -0.9888118061023069 
m400024 6000 -0.006348061988331367 7000 -0.006348061988331367 14000 -0.9873038760233374 
m400025 6000 -5.2842694406017266e-05 7000 -5.2842694406017266e-05 14000 -0.9998943146111878 
m400026 6000 -0.0014559743666258324 7000 -0.0014559743666258324 14000 -0.9970880512667485 
m400027 6000 -0.003645823848627203 7000 -0.003645823848627203 14000 -0.9927083523027456 
m400028 6000 -0.005796028983431671 7000 -0.005796028983431671 14000 -0.9884079420331369 
m400029 6000 -0.006305911456383666 7000 -0.006305911456383666 14000 -0.9873881770872329 
m400030 6000 -9.66839533490826e-05 7000 -9.66839533490826e-05 14000 -0.9998066320933018 
m400031 6000 -0.001571558075153325 7000 -0.001571558075153325 14000 -0.9968568838496931 
m400032 6000 -0.003975708116675318 7000 -0.003975708116675318 14000 -0.9920485837666493 
m400033 6000 -0.005837633936316118 7000 -0.005837633936316118 14000 -0.9883247321273682 
m400034 6000 -0.006372742674984679 7000 -0.006372742674984679 14000 -0.9872545146500308 
m400035 6000 -7.625387607407417e-05 7000 -7.625387607407417e-05 14000 -0.9998474922478517 
m400036 6000 -0.0016698460673135083 7000 -0.0016698460673135083 14000 -0.996660307865373 
m400037 6000 -0.003973528341978216 7000 -0.003973528341978216 14000 -0.9920529433160435 
m400038 6000 -0.005877687639995088 7000 -0.005877687639995088 14000 -0.9882446247200102 
m400039 6000 -0.006338427943124583 7000 -0.006338427943124583 14000 -0.9873231441137506 
m400040 6000 -0.00014637186595596884 7000 -0.00014637186595596884 14000 -0.999707256268088 
m400041 6000 -0.0014359912266667235 7000 -0.0014359912266667235 14000 -0.9971280175466668 
m400042 6000 -0.003953811845002552 7000 -0.003953811845002552 14000 -0.9920923763099944 
m400043 6000 -0.005711816309705186 7000 -0.005711816309705186 14000 -0.9885763673805897 
m400044 6000 -0.006342437183195321 7000 -0.006342437183195321 14000 -0.9873151256336092 
m400045 6000 -0.00020075948423045915 7000 -0.00020075948423045915 14000 -0.999598481031539 
m400046 6000 -0.002126634928873998 7000 -0.002126634928873998 14000 -0.9957467301422518 
m400047 6000 -0.0036509602591942325 7000 -0.0036509602591942325 14000 -0.9926980794816113 
m400048 6000 -0.005825691746842736 7000 -0.005825691746842736 14000 -0.9883486165063147 
m400049 6000 -0.006338096238677555 7000 -0.006338096238677555 14000 -0.9873238075226447 
m400050 6000 -6.239678242743984e-05 7000 -6.239678242743984e-05 14000 -0.9998752064351452 
m400051 6000 -0.0017702481619943707 7000 -0.0017702481619943707 14000 -0.9964595036760113 
m400052 6000 -0.004250777752830015 7000 -0.004250777752830015 14000 -0.9914984444943399 
m400053 6000 -0.005856322832023445 7000 -0.005856322832023445 14000 -0.9882873543359532 
m400054 6000 -0.006345324229643572 7000 -0.006345324229643572 14000 -0.9873093515407129 
m400055 6000 -0.00013125138037834696 7000 -0.00013125138037834696 14000 -0.9997374972392433 
m400056 6000 -0.001213571506371133 7000 -0.001213571506371133 14000 -0.997572856987258 
m400057 6000 -0.004104683387971701 7000 -0.004104683387971701 14000 -0.9917906332240569 
m400058 6000 -0.005726644645456905 7000 -0.005726644645456905 14000 -0.9885467107090865 
m400059 6000 -0.006394871963291704 7000 -0.006394871963291704 14000 -0.9872102560734167 
m400060 6000 -0.00015922455468783653 7000 -0.00015922455468783653 14000 -0.9996815508906244 
m400061 6000 -0.001736279734446914 7000 -0.001736279734446914 14000 -0.9965274405311062 
m400062 6000 -0.003972259780613087 7000 -0.003972259780613087 14000 -0.9920554804387737 
m400063 6000 -0.005830635758943656 7000 -0.005830635758943656 14000 -0.9883387284821125 
m400064 6000 -0.006351261812792231 7000 -0.006351261812792231 14000 -0.9872974763744159 
m400065 6000 -0.00011576425270437205 7000 -0.00011576425270437205 14000 -0.9997684714945915 
m400066 6000 -0.0019620498859739817 7000 -0.0019620498859739817 14000 -0.9960759002280518 
m400067 6000 -0.004172085135967266 7000 -0.004172085135967266 14000 -0.9916558297280657 
m400068 6000 -0.005656786457125866 7000 -0.005656786457125866 14000 -0.9886864270857483 
m400069 6000 -0.006328694094426659 7000 -0.006328694094426659 14000 -0.9873426118111468 
m400070 6000 -0.00013132395465099788 7000 -0.00013132395465099788 14000 -0.999737352090698 
m400071 6000 -0.001422940490989475 7000 -0.001422940490989475 14000 -0.9971541190180211 
m400072 6000 -0.00408425469823545 7000 -0.00408425469823545 14000 -0.9918314906035293 
m400073 6000 -0.005745392461633825 7000 -0.005745392461633825 14000 -0.9885092150767324 
m400074 6000 -0.006315216004755276 7000 -0.006315216004755276 14000 -0.9873695679904894 
m400075 6000 -8.753511451818307e-05 7000 -8.753511451818307e-05 14000 -0.9998249297709636 
m400076 6000 -0.0014819654788010889 7000 -0.0014819654788010889 14000 -0.997036069042398 
m400077 6000 -0.0040456997922660946 7000 -0.0040456997922660946 14000 -0.9919086004154678 
m400078 6000 -0.0058912373014088585 7000 -0.0058912373014088585 14000 -0.9882175253971822 
m400079 6000 -0.006339159387781456 7000 -0.006339159387781456 14000 -0.9873216812244372 
m400080 6000 -0.00010793145640066525 7000 -0.00010793145640066525 14000 -0.9997841370871987 
m400081 6000 -0.00166435746603926 7000 -0.00166435746603926 14000 -0.9966712850679216 
m400082 6000 -0.003993877974753394 7000 -0.003993877974753394 14000 -0.9920122440504935 
m400083 6000 -0.005916057466852737 7000 -0.005916057466852737 14000 -0.9881678850662946 
m400084 6000 -0.006358286191355983 7000 -0.006358286191355983 14000 -0.9872834276172882 
m400085 6000 -0.0001485196802110873 7000 -0.0001485196802110873 14000 -0.9997029606395779 
m400086 6000 -0.0013392968611145742 7000 -0.0013392968611145742 14000 -0.997321406277771 
m400087 6000 -0.0038235417021023933 7000 -0.0038235417021023933 14000 -0.9923529165957948 
m400088 6000 -0.005844653925967013 7000 -0.005844653925967013 14000 -0.9883106921480657 
m400089 6000 -0.006386905506442403 7000 -0.006386905506442403 14000 -0.987226188987115 
m400090 6000 -0.00012609008473265593 7000 -0.00012609008473265593 14000 -0.9997478198305346 
m400091 6000 -0.0019459099577752935 7000 -0.0019459099577752935 14000 -0.9961081800844493 
m400092 6000 -0.0038682185279446607 7000 -0.0038682185279446607 14000 -0.9922635629441112 
m400093 6000 -0.005704853876977266 7000 -0.005704853876977266 14000 -0.9885902922460456 
m400094 6000 -0.006350787025826928 7000 -0.006350787025826928 14000 -0.987298425948346 
m400095 6000 -9.019887509470757e-05 7000 -9.019887509470757e-05 14000 -0.9998196022498107 
m400096 6000 -0.0014593568599610082 7000 -0.0014593568599610082 14000 -0.997081286280078 
m400097 6000 -0.004030001336300338 7000 -0.004030001336300338 14000 -0.9919399973273991 
m400098 6000 -0.005696060001046115 7000 -0.005696060001046115 14000 -0.9886078799979078 
m400099 6000 -0.006336598670989718 7000 -0.006336598670989718 14000 -0.9873268026580208 
m400100 6000 -8.051307546788518e-05 7000 -8.051307546788518e-05 14000 -0.9998389738490642 
m400101 6000 -0.001433773825791463 7000 -0.001433773825791463 14000 -0.9971324523484171 
m400102 6000 -0.003875727829011109 7000 -0.003875727829011109 14000 -0.992248544341978 
m400103 6000 -0.005669119446650904 7000 -0.005669119446650904 14000 -0.9886617611066982 
m400104 6000 -0.006368093276147619 7000 -0.006368093276147619 14000 -0.9872638134477049 
m400105 6000 -0.00015052579452650973 7000 -0.00015052579452650973 14000 -0.9996989484109469 
m400106 6000 -0.0014394551684108884 7000 -0.0014394551684108884 14000 -0.9971210896631785 
m400107 6000 -0.0041117595838851325 7000 -0.0041117595838851325 14000 -0.9917764808322298 
m400108 6000 -0.005613292499736295 7000 -0.005613292499736295 14000 -0.988773415000527 
m400109 6000 -0.006348970109904634 7000 -0.006348970109904634 14000 -0.9873020597801907 
m400110 6000 -8.619284172083477e-05 7000 -8.619284172083477e-05 14000 -0.9998276143165583 
m400111 6000 -0.0015336894055692832 7000 -0.0015336894055692832 14000 -0.9969326211888615 
m400112 6000 -0.003979353847176184 7000 -0.003979353847176184 14000 -0.9920412923056476 
m400113 6000 -0.005758827730988808 7000 -0.005758827730988808 14000 -0.9884823445380226 
m400114 6000 -0.006295742585074989 7000 -0.006295742585074989 14000 -0.9874085148298503 
m400115 6000 -0.00013116844224210305 7000 -0.00013116844224210305 14000 -0.9997376631155157 
m400116 6000 -0.0012033714801452941 7000 -0.0012033714801452941 14000 -0.9975932570397095 
m400117 6000 -0.003859690975367708 7000 -0.003859690975367708 14000 -0.9922806180492646 
m400118 6000 -0.0058574453898801344 7000 -0.0058574453898801344 14000 -0.9882851092202398 
m400119 6000 -0.006273439499702425 7000 -0.006273439499702425 14000 -0.9874531210005952 
m400120 6000 -0.0001551613730233866 7000 -0.0001551613730233866 14000 -0.9996896772539533 
m400121 6000 -0.0012940311404102082 7000 -0.0012940311404102082 14000 -0.9974119377191795 
m400122 6000 -0.0041615383495993245 7000 -0.0041615383495993245 14000 -0.9916769233008015 
m400123 6000 -0.005654265150295707 7000 -0.005654265150295707 14000 -0.9886914696994086 
m400124 6000 -0.006326927358185155 7000 -0.006326927358185155 14000 -0.9873461452836294 
c **********************************
c PE+Pb, dens=4.78 g/cm3
m2      6000    -0.04286 $Carbon
        1001    -0.00714 $Hydrogen
        82000   -0.95000 $Lead
c **********************************
m3    1001 -0.048535 $Boric acid
      5010 -0.034981
      5011 -0.139923
      8016 -0.776561
c **********************************
m4    82000 1 $Lead
c **********************************
m5 26000 1 $Iron
c **********************************
m6     13027   -1.000 $ Aluminum
c **********************************
c  SS-304 (8.00 g/cm3), #298 in PNNL Compendium
m7   006000.50c -0.0004000
     014000.60c -0.0050000
     015031.50c -0.0002300
     016000.60c -0.0001500
     024000.50c -0.1899981
     025055.60c -0.0099999
     026000.50c -0.7017229
     028000.50c -0.0924991
c ****************************************
c       LaBr detector
c ****************************************
m8       35079    -0.2946       $ Br79
         35081    -0.3069       $ Br81
         57139    -0.3485       $ La139
         58140    -0.0500       $ Ce140
c ************ air den=1.15e-3g/cc
m12     8016 -0.23
        7014 -0.77
c ************ Rubber Natural den=0.92 g/cc
m13     1001 -0.118371  $weight fraction
        6000 -0.881629
c
c end material cards
c
rand seed=8674536546524321 $different initial random #; seed# - any less 18 digits
c
c ********** begin tallies *********************
fc78 *********Broadened Pulse Height Tally Sum of Detectors 1,2 & 3 ***********
e78 0 1e-5 932i 8.4295
F78:p (101)
FT78 GEB -0.026198 0.059551 -0.037176
fc18 *********Unbroadened Pulse Height Tally Sum of Detectors 1,2 & 3 ***********
e18 0 1e-5 932i 8.4295
F18:p (101)
c ***********************************
c mplot tal 78 freq 10000
nps 1e9
