c CAS DETECTOR
c w/ Shielding in Place and Wheels
c
c CELL CARDS
c
c @@@@@@@@@@ Detectors @@@@@@@@@@@@@@@@@
c
101 8 -5.08 -21 imp:n,p 1 $LaBr Detector #1 Active Region
c
c @@@@@@@@@ Shielding @@@@@@@@@@@@@@@@@
c
121 2 -4.78 -31 imp:n,p 1 $PE_Pb
122 4 -11.29 -32 imp:n,p 1 $Pb1
123 4 -11.29 -33 imp:n,p 1 $Pb2
124 4 -11.29 -34 imp:n,p 1 $Pb3
125 4 -11.29 -35 imp:n,p 1 $Pb4
126 4 -11.29 -36 imp:n,p 1 $Pb5
127 4 -11.29 -37 imp:n,p 1 $Pb6
128 3 -1.5 -38 imp:n,p 1 $BA1
129 3 -1.5 -39 imp:n,p 1 $BA2
130 6 -2.7 -40 imp:n,p 1 $Al
131 7 -7.92 301 -302 303 -304 imp:n,p 1 $Fe-tube
132 5 -7.8 -401 imp:n,p 1 $Fe
133 5 -7.8 -402 imp:n,p 1 $Fe
c @@@@@@@@@@ Wheels @@@@@@@@@@@@@@@@@
c
21 13 -0.92 -41 42 imp:n,p 1 $Wheel 1
211 13 -0.92 -421 422 imp:n,p 1 $Wheel 1
212 13 -0.92 -423 424 imp:n,p 1 $Wheel 1
22 13 -0.92 -43 44 imp:n,p 1 $Wheel 2
221 13 -0.92 -441 442 imp:n,p 1 $Wheel 2
222 13 -0.92 -443 444 imp:n,p 1 $Wheel 2
23 13 -0.92 -45 46 imp:n,p 1 $Wheel 3
231 13 -0.92 -461 462 imp:n,p 1 $Wheel 3
232 13 -0.92 -463 464 imp:n,p 1 $Wheel 3
24 13 -0.92 -47 48 imp:n,p 1 $Wheel 4
241 13 -0.92 -481 482 imp:n,p 1 $Wheel 4
242 13 -0.92 -483 484 imp:n,p 1 $Wheel 4
c
c @@@@@@@@@@ SOIL VOLUME @@@@@@@@@@@
c
300000 400000 -2.156 20010 -20011 20020 -20021 20030 -20031 imp:n,p 1
300001 400001 -2.156 20010 -20011 20020 -20021 20031 -20032 imp:n,p 1
300002 400002 -2.156 20010 -20011 20020 -20021 20032 -20033 imp:n,p 1
300003 400003 -2.156 20010 -20011 20020 -20021 20033 -20034 imp:n,p 1
300004 400004 -2.156 20010 -20011 20020 -20021 20034 -20035 imp:n,p 1
300005 400005 -2.156 20011 -20012 20020 -20021 20030 -20031 imp:n,p 1
300006 400006 -2.156 20011 -20012 20020 -20021 20031 -20032 imp:n,p 1
300007 400007 -2.156 20011 -20012 20020 -20021 20032 -20033 imp:n,p 1
300008 400008 -2.156 20011 -20012 20020 -20021 20033 -20034 imp:n,p 1
300009 400009 -2.156 20011 -20012 20020 -20021 20034 -20035 imp:n,p 1
300010 400010 -2.156 20012 -20013 20020 -20021 20030 -20031 imp:n,p 1
300011 400011 -2.156 20012 -20013 20020 -20021 20031 -20032 imp:n,p 1
300012 400012 -2.156 20012 -20013 20020 -20021 20032 -20033 imp:n,p 1
300013 400013 -2.156 20012 -20013 20020 -20021 20033 -20034 imp:n,p 1
300014 400014 -2.156 20012 -20013 20020 -20021 20034 -20035 imp:n,p 1
300015 400015 -2.156 20013 -20014 20020 -20021 20030 -20031 imp:n,p 1
300016 400016 -2.156 20013 -20014 20020 -20021 20031 -20032 imp:n,p 1
300017 400017 -2.156 20013 -20014 20020 -20021 20032 -20033 imp:n,p 1
300018 400018 -2.156 20013 -20014 20020 -20021 20033 -20034 imp:n,p 1
300019 400019 -2.156 20013 -20014 20020 -20021 20034 -20035 imp:n,p 1
300020 400020 -2.156 20014 -20015 20020 -20021 20030 -20031 imp:n,p 1
300021 400021 -2.156 20014 -20015 20020 -20021 20031 -20032 imp:n,p 1
300022 400022 -2.156 20014 -20015 20020 -20021 20032 -20033 imp:n,p 1
300023 400023 -2.156 20014 -20015 20020 -20021 20033 -20034 imp:n,p 1
300024 400024 -2.156 20014 -20015 20020 -20021 20034 -20035 imp:n,p 1
300025 400025 -2.156 20010 -20011 20021 -20022 20030 -20031 imp:n,p 1
300026 400026 -2.156 20010 -20011 20021 -20022 20031 -20032 imp:n,p 1
300027 400027 -2.156 20010 -20011 20021 -20022 20032 -20033 imp:n,p 1
300028 400028 -2.156 20010 -20011 20021 -20022 20033 -20034 imp:n,p 1
300029 400029 -2.156 20010 -20011 20021 -20022 20034 -20035 imp:n,p 1
300030 400030 -2.156 20011 -20012 20021 -20022 20030 -20031 imp:n,p 1
300031 400031 -2.156 20011 -20012 20021 -20022 20031 -20032 imp:n,p 1
300032 400032 -2.156 20011 -20012 20021 -20022 20032 -20033 imp:n,p 1
300033 400033 -2.156 20011 -20012 20021 -20022 20033 -20034 imp:n,p 1
300034 400034 -2.156 20011 -20012 20021 -20022 20034 -20035 imp:n,p 1
300035 400035 -2.156 20012 -20013 20021 -20022 20030 -20031 imp:n,p 1
300036 400036 -2.156 20012 -20013 20021 -20022 20031 -20032 imp:n,p 1
300037 400037 -2.156 20012 -20013 20021 -20022 20032 -20033 imp:n,p 1
300038 400038 -2.156 20012 -20013 20021 -20022 20033 -20034 imp:n,p 1
300039 400039 -2.156 20012 -20013 20021 -20022 20034 -20035 imp:n,p 1
300040 400040 -2.156 20013 -20014 20021 -20022 20030 -20031 imp:n,p 1
300041 400041 -2.156 20013 -20014 20021 -20022 20031 -20032 imp:n,p 1
300042 400042 -2.156 20013 -20014 20021 -20022 20032 -20033 imp:n,p 1
300043 400043 -2.156 20013 -20014 20021 -20022 20033 -20034 imp:n,p 1
300044 400044 -2.156 20013 -20014 20021 -20022 20034 -20035 imp:n,p 1
300045 400045 -2.156 20014 -20015 20021 -20022 20030 -20031 imp:n,p 1
300046 400046 -2.156 20014 -20015 20021 -20022 20031 -20032 imp:n,p 1
300047 400047 -2.156 20014 -20015 20021 -20022 20032 -20033 imp:n,p 1
300048 400048 -2.156 20014 -20015 20021 -20022 20033 -20034 imp:n,p 1
300049 400049 -2.156 20014 -20015 20021 -20022 20034 -20035 imp:n,p 1
300050 400050 -2.156 20010 -20011 20022 -20023 20030 -20031 imp:n,p 1
300051 400051 -2.156 20010 -20011 20022 -20023 20031 -20032 imp:n,p 1
300052 400052 -2.156 20010 -20011 20022 -20023 20032 -20033 imp:n,p 1
300053 400053 -2.156 20010 -20011 20022 -20023 20033 -20034 imp:n,p 1
300054 400054 -2.156 20010 -20011 20022 -20023 20034 -20035 imp:n,p 1
300055 400055 -2.156 20011 -20012 20022 -20023 20030 -20031 imp:n,p 1
300056 400056 -2.156 20011 -20012 20022 -20023 20031 -20032 imp:n,p 1
300057 400057 -2.156 20011 -20012 20022 -20023 20032 -20033 imp:n,p 1
300058 400058 -2.156 20011 -20012 20022 -20023 20033 -20034 imp:n,p 1
300059 400059 -2.156 20011 -20012 20022 -20023 20034 -20035 imp:n,p 1
300060 400060 -2.156 20012 -20013 20022 -20023 20030 -20031 imp:n,p 1
300061 400061 -2.156 20012 -20013 20022 -20023 20031 -20032 imp:n,p 1
300062 400062 -2.156 20012 -20013 20022 -20023 20032 -20033 imp:n,p 1
300063 400063 -2.156 20012 -20013 20022 -20023 20033 -20034 imp:n,p 1
300064 400064 -2.156 20012 -20013 20022 -20023 20034 -20035 imp:n,p 1
300065 400065 -2.156 20013 -20014 20022 -20023 20030 -20031 imp:n,p 1
300066 400066 -2.156 20013 -20014 20022 -20023 20031 -20032 imp:n,p 1
300067 400067 -2.156 20013 -20014 20022 -20023 20032 -20033 imp:n,p 1
300068 400068 -2.156 20013 -20014 20022 -20023 20033 -20034 imp:n,p 1
300069 400069 -2.156 20013 -20014 20022 -20023 20034 -20035 imp:n,p 1
300070 400070 -2.156 20014 -20015 20022 -20023 20030 -20031 imp:n,p 1
300071 400071 -2.156 20014 -20015 20022 -20023 20031 -20032 imp:n,p 1
300072 400072 -2.156 20014 -20015 20022 -20023 20032 -20033 imp:n,p 1
300073 400073 -2.156 20014 -20015 20022 -20023 20033 -20034 imp:n,p 1
300074 400074 -2.156 20014 -20015 20022 -20023 20034 -20035 imp:n,p 1
300075 400075 -2.156 20010 -20011 20023 -20024 20030 -20031 imp:n,p 1
300076 400076 -2.156 20010 -20011 20023 -20024 20031 -20032 imp:n,p 1
300077 400077 -2.156 20010 -20011 20023 -20024 20032 -20033 imp:n,p 1
300078 400078 -2.156 20010 -20011 20023 -20024 20033 -20034 imp:n,p 1
300079 400079 -2.156 20010 -20011 20023 -20024 20034 -20035 imp:n,p 1
300080 400080 -2.156 20011 -20012 20023 -20024 20030 -20031 imp:n,p 1
300081 400081 -2.156 20011 -20012 20023 -20024 20031 -20032 imp:n,p 1
300082 400082 -2.156 20011 -20012 20023 -20024 20032 -20033 imp:n,p 1
300083 400083 -2.156 20011 -20012 20023 -20024 20033 -20034 imp:n,p 1
300084 400084 -2.156 20011 -20012 20023 -20024 20034 -20035 imp:n,p 1
300085 400085 -2.156 20012 -20013 20023 -20024 20030 -20031 imp:n,p 1
300086 400086 -2.156 20012 -20013 20023 -20024 20031 -20032 imp:n,p 1
300087 400087 -2.156 20012 -20013 20023 -20024 20032 -20033 imp:n,p 1
300088 400088 -2.156 20012 -20013 20023 -20024 20033 -20034 imp:n,p 1
300089 400089 -2.156 20012 -20013 20023 -20024 20034 -20035 imp:n,p 1
300090 400090 -2.156 20013 -20014 20023 -20024 20030 -20031 imp:n,p 1
300091 400091 -2.156 20013 -20014 20023 -20024 20031 -20032 imp:n,p 1
300092 400092 -2.156 20013 -20014 20023 -20024 20032 -20033 imp:n,p 1
300093 400093 -2.156 20013 -20014 20023 -20024 20033 -20034 imp:n,p 1
300094 400094 -2.156 20013 -20014 20023 -20024 20034 -20035 imp:n,p 1
300095 400095 -2.156 20014 -20015 20023 -20024 20030 -20031 imp:n,p 1
300096 400096 -2.156 20014 -20015 20023 -20024 20031 -20032 imp:n,p 1
300097 400097 -2.156 20014 -20015 20023 -20024 20032 -20033 imp:n,p 1
300098 400098 -2.156 20014 -20015 20023 -20024 20033 -20034 imp:n,p 1
300099 400099 -2.156 20014 -20015 20023 -20024 20034 -20035 imp:n,p 1
300100 400100 -2.156 20010 -20011 20024 -20025 20030 -20031 imp:n,p 1
300101 400101 -2.156 20010 -20011 20024 -20025 20031 -20032 imp:n,p 1
300102 400102 -2.156 20010 -20011 20024 -20025 20032 -20033 imp:n,p 1
300103 400103 -2.156 20010 -20011 20024 -20025 20033 -20034 imp:n,p 1
300104 400104 -2.156 20010 -20011 20024 -20025 20034 -20035 imp:n,p 1
300105 400105 -2.156 20011 -20012 20024 -20025 20030 -20031 imp:n,p 1
300106 400106 -2.156 20011 -20012 20024 -20025 20031 -20032 imp:n,p 1
300107 400107 -2.156 20011 -20012 20024 -20025 20032 -20033 imp:n,p 1
300108 400108 -2.156 20011 -20012 20024 -20025 20033 -20034 imp:n,p 1
300109 400109 -2.156 20011 -20012 20024 -20025 20034 -20035 imp:n,p 1
300110 400110 -2.156 20012 -20013 20024 -20025 20030 -20031 imp:n,p 1
300111 400111 -2.156 20012 -20013 20024 -20025 20031 -20032 imp:n,p 1
300112 400112 -2.156 20012 -20013 20024 -20025 20032 -20033 imp:n,p 1
300113 400113 -2.156 20012 -20013 20024 -20025 20033 -20034 imp:n,p 1
300114 400114 -2.156 20012 -20013 20024 -20025 20034 -20035 imp:n,p 1
300115 400115 -2.156 20013 -20014 20024 -20025 20030 -20031 imp:n,p 1
300116 400116 -2.156 20013 -20014 20024 -20025 20031 -20032 imp:n,p 1
300117 400117 -2.156 20013 -20014 20024 -20025 20032 -20033 imp:n,p 1
300118 400118 -2.156 20013 -20014 20024 -20025 20033 -20034 imp:n,p 1
300119 400119 -2.156 20013 -20014 20024 -20025 20034 -20035 imp:n,p 1
300120 400120 -2.156 20014 -20015 20024 -20025 20030 -20031 imp:n,p 1
300121 400121 -2.156 20014 -20015 20024 -20025 20031 -20032 imp:n,p 1
300122 400122 -2.156 20014 -20015 20024 -20025 20032 -20033 imp:n,p 1
300123 400123 -2.156 20014 -20015 20024 -20025 20033 -20034 imp:n,p 1
300124 400124 -2.156 20014 -20015 20024 -20025 20034 -20035 imp:n,p 1
c
30 12 -0.00129 -200 #101 #121 #122 #123 #124 #125 #126 #127 #128 #129 #130 #131 #132 #133
        #21 #211 #212 #22 #221 #222 #23 #231 #232 #24 #241 #242 #20 imp:n,p 1 $Rest of the World
31 0 200 imp:n,p 0 $Outside world

c SURFACE CARDS
c
c Sample Volume
20010 px -56.0
20011 px -33.600000000000364
20012 px -11.199999999999818
20013 px 11.199999999999818
20014 px 33.600000000000364
20015 px 56.0
20020 py -45.0
20021 py -27.0
20022 py -9.0
20023 py 9.0
20024 py 27.0
20025 py 45.0
20030 pz 92.0
20031 pz 82.0
20032 pz 72.0
20033 pz 62.0
20034 pz 52.0
20035 pz 42.0
c Active Detector Region
21 rcc 56  -5.0 -1.0   0.0 20.3 0.0   4.5 $Detector 1 Base center, Hx,Hy,Hz, radius
c Shielding Surfaces
c Shielding Pb
31 rpp 19 29 -7.5 7.5 -11 9 $PbPE xmin xmax ymin ymax zmin zmax
32 rpp 9 19 4 9 -11 9 $Pb xmin xmax ymin ymax zmin zmax
33 rpp 9 19 -9 -4 -11 9 $Pb xmin xmax ymin ymax zmin zmax
34 rpp 19 29 7.5 12.5 -11 9 $Pb xmin xmax ymin ymax zmin zmax
35 rpp 19 29 -12.5 -7.5 -11 9 $Pb xmin xmax ymin ymax zmin zmax
36 rpp 29 34 -15 15 -11 9 $Pb xmin xmax ymin ymax zmin zmax
37 rpp 9 19 -4 4 4 9 $Pb xmin xmax ymin ymax zmin zmax
38 rpp -26 26 18 28 -11 9 $BA1 xmin xmax ymin ymax zmin zmax
39 rpp -26 26 -28 -18 -11 9 $BA2 xmin xmax ymin ymax zmin zmax
40 rpp -65 65 -28 28 10 10.5 $Al xmin xmax ymin ymax zmin zmax
401 rpp -27 27 29 34 -11 9 $Fe xmin xmax ymin ymax zmin zmax
402 rpp -27 27 -34 -29 -11 9 $Fe xmin xmax ymin ymax zmin zmax
301 px -20
302 px 18
303 cx 3.71
304 cx 3.81
c Wheels Surfaces
c 23/10.5-12 turf tires, 22.6 lb rubber
c diameter 29cm, tread width 25cm, and sidewall height 13.76 cm
c set thickness of all sides 1.3 cm (s.t. weight is 22.6 lb)
41 rcc -2 77 8   0.0 25 0.0 29 $wheel 1 outer tread surface
42 rcc -2 77 8   0.0 25 0.0 27.7 $wheel 1 inner tread surface
421 rcc -2 75.7 8   0.0 1.3 0.0 29 $wheel 1 outside sidewall exterior
422 rcc -2 75.7 8   0.0 1.3 0.0 15.24 $wheel 1 outside sidewall interior
423 rcc -2 102 8   0.0 1.3 0.0 29 $wheel 1 inside sidewall exterior
424 rcc -2 102 8   0.0 1.3 0.0 15.24 $wheel 1 inside sidewall interior
43 rcc 68 77 8   0.0 25 0.0 29 $wheel 2
44 rcc 68 77 8   0.0 25 0.0 27.7
441 rcc 68 75.7 8   0.0 1.3 0.0 29
442 rcc 68 75.7 8   0.0 1.3 0.0 15.24
443 rcc 68 102 8   0.0 1.3 0.0 29
444 rcc 68 102 8   0.0 1.3 0.0 15.24
45 rcc -2 -77 8   0.0 -25 0.0 29 $wheel 3
46 rcc -2 -77 8   0.0 -25 0.0 27.7
461 rcc -2 -75.7 8   0.0 -1.3 0.0 29
462 rcc -2 -75.7 8   0.0 -1.3 0.0 15.24
463 rcc -2 -102 8   0.0 -1.3 0.0 29
464 rcc -2 -102 8   0.0 -1.3 0.0 15.24
47 rcc 68 -77 8   0.0 -25 0.0 29 $wheel 4
48 rcc 68 -77 8   0.0 -25 0.0 27.7
481 rcc 68 -75.7 8   0.0 -1.3 0.0 29
482 rcc 68 -75.7 8   0.0 -1.3 0.0 15.24
483 rcc 68 -102 8   0.0 -1.3 0.0 29
484 rcc 68 -102 8   0.0 -1.3 0.0 15.24
200 so 800    $sphere of 800cm centered at origin
c

c DATA CARDS
mode n p
c dump every hr
prdmp -60 -60 -1
c 100 keV Neutron Energy Cutoff
Cut:n 1j 0.1
c analog neutron transport
phys:n 1j 14
phys:p
sdef pos=0 0 0 erg=14.0 vec= 0 0 1 dir=d1
si1  -1 .93 1
sp1   0  0.0  1.0
c ********************
c begin material cards
c ********************
c Pure Carbon
c ****************************************
m400000 6000 -0.00015444704063785245 7000 -0.00015444704063785245 14000 -0.9996911059187242 
m400001 6000 -0.0015102033193560727 7000 -0.0015102033193560727 14000 -0.9969795933612876 
m400002 6000 -0.00407160461960481 7000 -0.00407160461960481 14000 -0.9918567907607906 
m400003 6000 -0.005542277670250451 7000 -0.005542277670250451 14000 -0.9889154446594992 
m400004 6000 -0.006334931324588213 7000 -0.006334931324588213 14000 -0.9873301373508238 
m400005 6000 -0.00016397568475748722 7000 -0.00016397568475748722 14000 -0.9996720486304851 
m400006 6000 -0.0012868832116147756 7000 -0.0012868832116147756 14000 -0.9974262335767705 
m400007 6000 -0.004066345322272841 7000 -0.004066345322272841 14000 -0.9918673093554543 
m400008 6000 -0.005819552090940046 7000 -0.005819552090940046 14000 -0.9883608958181199 
m400009 6000 -0.0063303262474201675 7000 -0.0063303262474201675 14000 -0.9873393475051594 
m400010 6000 -7.089157189585603e-05 7000 -7.089157189585603e-05 14000 -0.9998582168562083 
m400011 6000 -0.0015723805257767693 7000 -0.0015723805257767693 14000 -0.9968552389484462 
m400012 6000 -0.003832073497913115 7000 -0.003832073497913115 14000 -0.992335853004174 
m400013 6000 -0.005855314179580807 7000 -0.005855314179580807 14000 -0.9882893716408383 
m400014 6000 -0.006333782821393702 7000 -0.006333782821393702 14000 -0.987332434357213 
m400015 6000 -0.0002810687184840647 7000 -0.0002810687184840647 14000 -0.9994378625630317 
m400016 6000 -0.0016770887637603336 7000 -0.0016770887637603336 14000 -0.9966458224724793 
m400017 6000 -0.004435954656538248 7000 -0.004435954656538248 14000 -0.9911280906869234 
m400018 6000 -0.005704916423579871 7000 -0.005704916423579871 14000 -0.9885901671528403 
m400019 6000 -0.0063178856335083826 7000 -0.0063178856335083826 14000 -0.9873642287329836 
m400020 6000 -0.00023903132741694133 7000 -0.00023903132741694133 14000 -0.9995219373451661 
m400021 6000 -0.001546483086107428 7000 -0.001546483086107428 14000 -0.9969070338277849 
m400022 6000 -0.004103677321772745 7000 -0.004103677321772745 14000 -0.9917926453564543 
m400023 6000 -0.005590067182673861 7000 -0.005590067182673861 14000 -0.9888198656346523 
m400024 6000 -0.006346998339135933 7000 -0.006346998339135933 14000 -0.987306003321728 
m400025 6000 -0.0002141960186107992 7000 -0.0002141960186107992 14000 -0.9995716079627783 
m400026 6000 -0.0017296723910508439 7000 -0.0017296723910508439 14000 -0.996540655217898 
m400027 6000 -0.00401893172493935 7000 -0.00401893172493935 14000 -0.9919621365501214 
m400028 6000 -0.005682787686478646 7000 -0.005682787686478646 14000 -0.9886344246270427 
m400029 6000 -0.006294757848967607 7000 -0.006294757848967607 14000 -0.9874104843020645 
m400030 6000 -8.098789023802421e-05 7000 -8.098789023802421e-05 14000 -0.999838024219524 
m400031 6000 -0.001510780179529319 7000 -0.001510780179529319 14000 -0.9969784396409415 
m400032 6000 -0.0038748446413936627 7000 -0.0038748446413936627 14000 -0.9922503107172125 
m400033 6000 -0.005804577048032397 7000 -0.005804577048032397 14000 -0.9883908459039354 
m400034 6000 -0.006307093810564243 7000 -0.006307093810564243 14000 -0.9873858123788715 
m400035 6000 -0.00011675517599648915 7000 -0.00011675517599648915 14000 -0.9997664896480072 
m400036 6000 -0.0017770113677117291 7000 -0.0017770113677117291 14000 -0.9964459772645763 
m400037 6000 -0.0038551853213501437 7000 -0.0038551853213501437 14000 -0.9922896293572996 
m400038 6000 -0.005688102779464474 7000 -0.005688102779464474 14000 -0.9886237944410711 
m400039 6000 -0.00633964148979026 7000 -0.00633964148979026 14000 -0.9873207170204195 
m400040 6000 -0.00011734485834166748 7000 -0.00011734485834166748 14000 -0.9997653102833168 
m400041 6000 -0.0015347075627812701 7000 -0.0015347075627812701 14000 -0.9969305848744376 
m400042 6000 -0.0039566460979254285 7000 -0.0039566460979254285 14000 -0.9920867078041492 
m400043 6000 -0.005633849390835613 7000 -0.005633849390835613 14000 -0.9887323012183287 
m400044 6000 -0.006334063827872799 7000 -0.006334063827872799 14000 -0.9873318723442545 
m400045 6000 -0.00011837658280996337 7000 -0.00011837658280996337 14000 -0.9997632468343801 
m400046 6000 -0.0017474293529195382 7000 -0.0017474293529195382 14000 -0.9965051412941608 
m400047 6000 -0.003973896273175444 7000 -0.003973896273175444 14000 -0.992052207453649 
m400048 6000 -0.00595487222576773 7000 -0.00595487222576773 14000 -0.9880902555484647 
m400049 6000 -0.0063302126359947464 7000 -0.0063302126359947464 14000 -0.9873395747280103 
m400050 6000 -0.0001785261817069864 7000 -0.0001785261817069864 14000 -0.999642947636586 
m400051 6000 -0.0017635413792042088 7000 -0.0017635413792042088 14000 -0.9964729172415916 
m400052 6000 -0.004221497205954814 7000 -0.004221497205954814 14000 -0.9915570055880906 
m400053 6000 -0.005749664851589778 7000 -0.005749664851589778 14000 -0.9885006702968205 
m400054 6000 -0.006385432189254584 7000 -0.006385432189254584 14000 -0.9872291356214912 
m400055 6000 -0.00010788912623925909 7000 -0.00010788912623925909 14000 -0.9997842217475214 
m400056 6000 -0.00147869224745642 7000 -0.00147869224745642 14000 -0.997042615505087 
m400057 6000 -0.004018607567219913 7000 -0.004018607567219913 14000 -0.99196278486556 
m400058 6000 -0.005770599592140345 7000 -0.005770599592140345 14000 -0.9884588008157195 
m400059 6000 -0.006357022622644536 7000 -0.006357022622644536 14000 -0.9872859547547108 
m400060 6000 -0.00012264876114203245 7000 -0.00012264876114203245 14000 -0.9997547024777159 
m400061 6000 -0.002014138832059621 7000 -0.002014138832059621 14000 -0.9959717223358808 
m400062 6000 -0.0037222125816507873 7000 -0.0037222125816507873 14000 -0.9925555748366989 
m400063 6000 -0.005724291909543576 7000 -0.005724291909543576 14000 -0.9885514161809128 
m400064 6000 -0.006350959306303651 7000 -0.006350959306303651 14000 -0.9872980813873927 
m400065 6000 -0.00013959377678514167 7000 -0.00013959377678514167 14000 -0.9997208124464297 
m400066 6000 -0.0015484881953601903 7000 -0.0015484881953601903 14000 -0.9969030236092794 
m400067 6000 -0.003938614930513069 7000 -0.003938614930513069 14000 -0.9921227701389738 
m400068 6000 -0.0058703666258722595 7000 -0.0058703666258722595 14000 -0.9882592667482557 
m400069 6000 -0.006342092758976162 7000 -0.006342092758976162 14000 -0.9873158144820475 
m400070 6000 -0.00012982257934101782 7000 -0.00012982257934101782 14000 -0.9997403548413181 
m400071 6000 -0.0017054980557991845 7000 -0.0017054980557991845 14000 -0.9965890038884018 
m400072 6000 -0.0038454235536081816 7000 -0.0038454235536081816 14000 -0.9923091528927838 
m400073 6000 -0.005853324635027523 7000 -0.005853324635027523 14000 -0.9882933507299448 
m400074 6000 -0.006265910918192626 7000 -0.006265910918192626 14000 -0.9874681781636145 
m400075 6000 -8.62346630710638e-05 7000 -8.62346630710638e-05 14000 -0.9998275306738578 
m400076 6000 -0.0019251370997660998 7000 -0.0019251370997660998 14000 -0.9961497258004677 
m400077 6000 -0.00430737774237486 7000 -0.00430737774237486 14000 -0.9913852445152501 
m400078 6000 -0.0057848372989697085 7000 -0.0057848372989697085 14000 -0.9884303254020607 
m400079 6000 -0.006320494066393587 7000 -0.006320494066393587 14000 -0.9873590118672126 
m400080 6000 -0.00019249813293962316 7000 -0.00019249813293962316 14000 -0.9996150037341208 
m400081 6000 -0.0017010798637942142 7000 -0.0017010798637942142 14000 -0.9965978402724117 
m400082 6000 -0.004122288018064607 7000 -0.004122288018064607 14000 -0.9917554239638704 
m400083 6000 -0.005838149176464303 7000 -0.005838149176464303 14000 -0.9883237016470713 
m400084 6000 -0.006355480104007133 7000 -0.006355480104007133 14000 -0.9872890397919853 
m400085 6000 -4.882249484975438e-05 7000 -4.882249484975438e-05 14000 -0.9999023550103004 
m400086 6000 -0.0015785828689844528 7000 -0.0015785828689844528 14000 -0.9968428342620311 
m400087 6000 -0.004053797692896277 7000 -0.004053797692896277 14000 -0.9918924046142075 
m400088 6000 -0.00587557100961803 7000 -0.00587557100961803 14000 -0.9882488579807641 
m400089 6000 -0.006344619037500181 7000 -0.006344619037500181 14000 -0.9873107619249996 
m400090 6000 -0.00011339209588696379 7000 -0.00011339209588696379 14000 -0.9997732158082261 
m400091 6000 -0.0017278933436168235 7000 -0.0017278933436168235 14000 -0.9965442133127662 
m400092 6000 -0.004290335178069602 7000 -0.004290335178069602 14000 -0.9914193296438608 
m400093 6000 -0.005759563471584619 7000 -0.005759563471584619 14000 -0.9884808730568305 
m400094 6000 -0.006296356146867802 7000 -0.006296356146867802 14000 -0.9874072877062646 
m400095 6000 -2.8089538282910932e-05 7000 -2.8089538282910932e-05 14000 -0.9999438209234343 
m400096 6000 -0.0014367278728644995 7000 -0.0014367278728644995 14000 -0.9971265442542709 
m400097 6000 -0.004031437812405469 7000 -0.004031437812405469 14000 -0.9919371243751892 
m400098 6000 -0.005724922531394069 7000 -0.005724922531394069 14000 -0.9885501549372117 
m400099 6000 -0.006313782281550222 7000 -0.006313782281550222 14000 -0.9873724354368992 
m400100 6000 -0.0001187034712997397 7000 -0.0001187034712997397 14000 -0.9997625930574003 
m400101 6000 -0.0015753013649835138 7000 -0.0015753013649835138 14000 -0.9968493972700329 
m400102 6000 -0.004097632730641303 7000 -0.004097632730641303 14000 -0.9918047345387174 
m400103 6000 -0.005736854029635884 7000 -0.005736854029635884 14000 -0.9885262919407285 
m400104 6000 -0.0062892717451045336 7000 -0.0062892717451045336 14000 -0.987421456509791 
m400105 6000 -8.870972281097295e-05 7000 -8.870972281097295e-05 14000 -0.9998225805543781 
m400106 6000 -0.0015562723042489234 7000 -0.0015562723042489234 14000 -0.9968874553915019 
m400107 6000 -0.0037969709529757146 7000 -0.0037969709529757146 14000 -0.9924060580940488 
m400108 6000 -0.00559649015327522 7000 -0.00559649015327522 14000 -0.9888070196934499 
m400109 6000 -0.006356069263711941 7000 -0.006356069263711941 14000 -0.987287861472576 
m400110 6000 -0.0001093469399531543 7000 -0.0001093469399531543 14000 -0.9997813061200937 
m400111 6000 -0.0015295629023219645 7000 -0.0015295629023219645 14000 -0.9969408741953564 
m400112 6000 -0.0039613876702527815 7000 -0.0039613876702527815 14000 -0.9920772246594944 
m400113 6000 -0.005739518281114156 7000 -0.005739518281114156 14000 -0.988520963437772 
m400114 6000 -0.006355554227962147 7000 -0.006355554227962147 14000 -0.9872888915440758 
m400115 6000 -0.00011616655572281774 7000 -0.00011616655572281774 14000 -0.9997676668885545 
m400116 6000 -0.0016544459648711793 7000 -0.0016544459648711793 14000 -0.9966911080702576 
m400117 6000 -0.003959875503364557 7000 -0.003959875503364557 14000 -0.9920802489932709 
m400118 6000 -0.005807213398309773 7000 -0.005807213398309773 14000 -0.9883855732033807 
m400119 6000 -0.006348172951401891 7000 -0.006348172951401891 14000 -0.9873036540971963 
m400120 6000 -0.00011724668265613923 7000 -0.00011724668265613923 14000 -0.9997655066346879 
m400121 6000 -0.0015184547494750656 7000 -0.0015184547494750656 14000 -0.9969630905010498 
m400122 6000 -0.0044475534600562925 7000 -0.0044475534600562925 14000 -0.9911048930798876 
m400123 6000 -0.005873274668579676 7000 -0.005873274668579676 14000 -0.9882534506628403 
m400124 6000 -0.0063557396851667055 7000 -0.0063557396851667055 14000 -0.9872885206296664 
c **********************************
c PE+Pb, dens=4.78 g/cm3
m2      6000    -0.04286 $Carbon
        1001    -0.00714 $Hydrogen
        82000   -0.95000 $Lead
c **********************************
m3    1001 -0.048535 $Boric acid
      5010 -0.034981
      5011 -0.139923
      8016 -0.776561
c **********************************
m4    82000 1 $Lead
c **********************************
m5 26000 1 $Iron
c **********************************
m6     13027   -1.000 $ Aluminum
c **********************************
c  SS-304 (8.00 g/cm3), #298 in PNNL Compendium
m7   006000.50c -0.0004000
     014000.60c -0.0050000
     015031.50c -0.0002300
     016000.60c -0.0001500
     024000.50c -0.1899981
     025055.60c -0.0099999
     026000.50c -0.7017229
     028000.50c -0.0924991
c ****************************************
c       LaBr detector
c ****************************************
m8       35079    -0.2946       $ Br79
         35081    -0.3069       $ Br81
         57139    -0.3485       $ La139
         58140    -0.0500       $ Ce140
c ************ air den=1.15e-3g/cc
m12     8016 -0.23
        7014 -0.77
c ************ Rubber Natural den=0.92 g/cc
m13     1001 -0.118371  $weight fraction
        6000 -0.881629
c
c end material cards
c
rand seed=8674536546524321 $different initial random #; seed# - any less 18 digits
c
c ********** begin tallies *********************
fc78 *********Broadened Pulse Height Tally Sum of Detectors 1,2 & 3 ***********
e78 0 1e-5 932i 8.4295
F78:p (101)
FT78 GEB -0.026198 0.059551 -0.037176
fc18 *********Unbroadened Pulse Height Tally Sum of Detectors 1,2 & 3 ***********
e18 0 1e-5 932i 8.4295
F18:p (101)
c ***********************************
c mplot tal 78 freq 10000
nps 1e9
