c CAS DETECTOR
c w/ Shielding in Place and Wheels
c
c CELL CARDS
c
c @@@@@@@@@@ Detectors @@@@@@@@@@@@@@@@@
c
101 8 -5.08 -21 imp:n,p 1 $LaBr Detector #1 Active Region
c
c @@@@@@@@@ Shielding @@@@@@@@@@@@@@@@@
c
121 2 -4.78 -31 imp:n,p 1 $PE_Pb
122 4 -11.29 -32 imp:n,p 1 $Pb1
123 4 -11.29 -33 imp:n,p 1 $Pb2
124 4 -11.29 -34 imp:n,p 1 $Pb3
125 4 -11.29 -35 imp:n,p 1 $Pb4
126 4 -11.29 -36 imp:n,p 1 $Pb5
127 4 -11.29 -37 imp:n,p 1 $Pb6
128 3 -1.5 -38 imp:n,p 1 $BA1
129 3 -1.5 -39 imp:n,p 1 $BA2
130 6 -2.7 -40 imp:n,p 1 $Al
131 7 -7.92 301 -302 303 -304 imp:n,p 1 $Fe-tube
132 5 -7.8 -401 imp:n,p 1 $Fe
133 5 -7.8 -402 imp:n,p 1 $Fe
c @@@@@@@@@@ Wheels @@@@@@@@@@@@@@@@@
c
21 13 -0.92 -41 42 imp:n,p 1 $Wheel 1
211 13 -0.92 -421 422 imp:n,p 1 $Wheel 1
212 13 -0.92 -423 424 imp:n,p 1 $Wheel 1
22 13 -0.92 -43 44 imp:n,p 1 $Wheel 2
221 13 -0.92 -441 442 imp:n,p 1 $Wheel 2
222 13 -0.92 -443 444 imp:n,p 1 $Wheel 2
23 13 -0.92 -45 46 imp:n,p 1 $Wheel 3
231 13 -0.92 -461 462 imp:n,p 1 $Wheel 3
232 13 -0.92 -463 464 imp:n,p 1 $Wheel 3
24 13 -0.92 -47 48 imp:n,p 1 $Wheel 4
241 13 -0.92 -481 482 imp:n,p 1 $Wheel 4
242 13 -0.92 -483 484 imp:n,p 1 $Wheel 4
c
c @@@@@@@@@@ SOIL VOLUME @@@@@@@@@@@
c
300000 400000 -2.156 20010 -20011 20020 -20021 20030 -20031 imp:n,p 1
300001 400001 -2.156 20010 -20011 20020 -20021 20031 -20032 imp:n,p 1
300002 400002 -2.156 20010 -20011 20020 -20021 20032 -20033 imp:n,p 1
300003 400003 -2.156 20010 -20011 20020 -20021 20033 -20034 imp:n,p 1
300004 400004 -2.156 20010 -20011 20020 -20021 20034 -20035 imp:n,p 1
300005 400005 -2.156 20011 -20012 20020 -20021 20030 -20031 imp:n,p 1
300006 400006 -2.156 20011 -20012 20020 -20021 20031 -20032 imp:n,p 1
300007 400007 -2.156 20011 -20012 20020 -20021 20032 -20033 imp:n,p 1
300008 400008 -2.156 20011 -20012 20020 -20021 20033 -20034 imp:n,p 1
300009 400009 -2.156 20011 -20012 20020 -20021 20034 -20035 imp:n,p 1
300010 400010 -2.156 20012 -20013 20020 -20021 20030 -20031 imp:n,p 1
300011 400011 -2.156 20012 -20013 20020 -20021 20031 -20032 imp:n,p 1
300012 400012 -2.156 20012 -20013 20020 -20021 20032 -20033 imp:n,p 1
300013 400013 -2.156 20012 -20013 20020 -20021 20033 -20034 imp:n,p 1
300014 400014 -2.156 20012 -20013 20020 -20021 20034 -20035 imp:n,p 1
300015 400015 -2.156 20013 -20014 20020 -20021 20030 -20031 imp:n,p 1
300016 400016 -2.156 20013 -20014 20020 -20021 20031 -20032 imp:n,p 1
300017 400017 -2.156 20013 -20014 20020 -20021 20032 -20033 imp:n,p 1
300018 400018 -2.156 20013 -20014 20020 -20021 20033 -20034 imp:n,p 1
300019 400019 -2.156 20013 -20014 20020 -20021 20034 -20035 imp:n,p 1
300020 400020 -2.156 20014 -20015 20020 -20021 20030 -20031 imp:n,p 1
300021 400021 -2.156 20014 -20015 20020 -20021 20031 -20032 imp:n,p 1
300022 400022 -2.156 20014 -20015 20020 -20021 20032 -20033 imp:n,p 1
300023 400023 -2.156 20014 -20015 20020 -20021 20033 -20034 imp:n,p 1
300024 400024 -2.156 20014 -20015 20020 -20021 20034 -20035 imp:n,p 1
300025 400025 -2.156 20010 -20011 20021 -20022 20030 -20031 imp:n,p 1
300026 400026 -2.156 20010 -20011 20021 -20022 20031 -20032 imp:n,p 1
300027 400027 -2.156 20010 -20011 20021 -20022 20032 -20033 imp:n,p 1
300028 400028 -2.156 20010 -20011 20021 -20022 20033 -20034 imp:n,p 1
300029 400029 -2.156 20010 -20011 20021 -20022 20034 -20035 imp:n,p 1
300030 400030 -2.156 20011 -20012 20021 -20022 20030 -20031 imp:n,p 1
300031 400031 -2.156 20011 -20012 20021 -20022 20031 -20032 imp:n,p 1
300032 400032 -2.156 20011 -20012 20021 -20022 20032 -20033 imp:n,p 1
300033 400033 -2.156 20011 -20012 20021 -20022 20033 -20034 imp:n,p 1
300034 400034 -2.156 20011 -20012 20021 -20022 20034 -20035 imp:n,p 1
300035 400035 -2.156 20012 -20013 20021 -20022 20030 -20031 imp:n,p 1
300036 400036 -2.156 20012 -20013 20021 -20022 20031 -20032 imp:n,p 1
300037 400037 -2.156 20012 -20013 20021 -20022 20032 -20033 imp:n,p 1
300038 400038 -2.156 20012 -20013 20021 -20022 20033 -20034 imp:n,p 1
300039 400039 -2.156 20012 -20013 20021 -20022 20034 -20035 imp:n,p 1
300040 400040 -2.156 20013 -20014 20021 -20022 20030 -20031 imp:n,p 1
300041 400041 -2.156 20013 -20014 20021 -20022 20031 -20032 imp:n,p 1
300042 400042 -2.156 20013 -20014 20021 -20022 20032 -20033 imp:n,p 1
300043 400043 -2.156 20013 -20014 20021 -20022 20033 -20034 imp:n,p 1
300044 400044 -2.156 20013 -20014 20021 -20022 20034 -20035 imp:n,p 1
300045 400045 -2.156 20014 -20015 20021 -20022 20030 -20031 imp:n,p 1
300046 400046 -2.156 20014 -20015 20021 -20022 20031 -20032 imp:n,p 1
300047 400047 -2.156 20014 -20015 20021 -20022 20032 -20033 imp:n,p 1
300048 400048 -2.156 20014 -20015 20021 -20022 20033 -20034 imp:n,p 1
300049 400049 -2.156 20014 -20015 20021 -20022 20034 -20035 imp:n,p 1
300050 400050 -2.156 20010 -20011 20022 -20023 20030 -20031 imp:n,p 1
300051 400051 -2.156 20010 -20011 20022 -20023 20031 -20032 imp:n,p 1
300052 400052 -2.156 20010 -20011 20022 -20023 20032 -20033 imp:n,p 1
300053 400053 -2.156 20010 -20011 20022 -20023 20033 -20034 imp:n,p 1
300054 400054 -2.156 20010 -20011 20022 -20023 20034 -20035 imp:n,p 1
300055 400055 -2.156 20011 -20012 20022 -20023 20030 -20031 imp:n,p 1
300056 400056 -2.156 20011 -20012 20022 -20023 20031 -20032 imp:n,p 1
300057 400057 -2.156 20011 -20012 20022 -20023 20032 -20033 imp:n,p 1
300058 400058 -2.156 20011 -20012 20022 -20023 20033 -20034 imp:n,p 1
300059 400059 -2.156 20011 -20012 20022 -20023 20034 -20035 imp:n,p 1
300060 400060 -2.156 20012 -20013 20022 -20023 20030 -20031 imp:n,p 1
300061 400061 -2.156 20012 -20013 20022 -20023 20031 -20032 imp:n,p 1
300062 400062 -2.156 20012 -20013 20022 -20023 20032 -20033 imp:n,p 1
300063 400063 -2.156 20012 -20013 20022 -20023 20033 -20034 imp:n,p 1
300064 400064 -2.156 20012 -20013 20022 -20023 20034 -20035 imp:n,p 1
300065 400065 -2.156 20013 -20014 20022 -20023 20030 -20031 imp:n,p 1
300066 400066 -2.156 20013 -20014 20022 -20023 20031 -20032 imp:n,p 1
300067 400067 -2.156 20013 -20014 20022 -20023 20032 -20033 imp:n,p 1
300068 400068 -2.156 20013 -20014 20022 -20023 20033 -20034 imp:n,p 1
300069 400069 -2.156 20013 -20014 20022 -20023 20034 -20035 imp:n,p 1
300070 400070 -2.156 20014 -20015 20022 -20023 20030 -20031 imp:n,p 1
300071 400071 -2.156 20014 -20015 20022 -20023 20031 -20032 imp:n,p 1
300072 400072 -2.156 20014 -20015 20022 -20023 20032 -20033 imp:n,p 1
300073 400073 -2.156 20014 -20015 20022 -20023 20033 -20034 imp:n,p 1
300074 400074 -2.156 20014 -20015 20022 -20023 20034 -20035 imp:n,p 1
300075 400075 -2.156 20010 -20011 20023 -20024 20030 -20031 imp:n,p 1
300076 400076 -2.156 20010 -20011 20023 -20024 20031 -20032 imp:n,p 1
300077 400077 -2.156 20010 -20011 20023 -20024 20032 -20033 imp:n,p 1
300078 400078 -2.156 20010 -20011 20023 -20024 20033 -20034 imp:n,p 1
300079 400079 -2.156 20010 -20011 20023 -20024 20034 -20035 imp:n,p 1
300080 400080 -2.156 20011 -20012 20023 -20024 20030 -20031 imp:n,p 1
300081 400081 -2.156 20011 -20012 20023 -20024 20031 -20032 imp:n,p 1
300082 400082 -2.156 20011 -20012 20023 -20024 20032 -20033 imp:n,p 1
300083 400083 -2.156 20011 -20012 20023 -20024 20033 -20034 imp:n,p 1
300084 400084 -2.156 20011 -20012 20023 -20024 20034 -20035 imp:n,p 1
300085 400085 -2.156 20012 -20013 20023 -20024 20030 -20031 imp:n,p 1
300086 400086 -2.156 20012 -20013 20023 -20024 20031 -20032 imp:n,p 1
300087 400087 -2.156 20012 -20013 20023 -20024 20032 -20033 imp:n,p 1
300088 400088 -2.156 20012 -20013 20023 -20024 20033 -20034 imp:n,p 1
300089 400089 -2.156 20012 -20013 20023 -20024 20034 -20035 imp:n,p 1
300090 400090 -2.156 20013 -20014 20023 -20024 20030 -20031 imp:n,p 1
300091 400091 -2.156 20013 -20014 20023 -20024 20031 -20032 imp:n,p 1
300092 400092 -2.156 20013 -20014 20023 -20024 20032 -20033 imp:n,p 1
300093 400093 -2.156 20013 -20014 20023 -20024 20033 -20034 imp:n,p 1
300094 400094 -2.156 20013 -20014 20023 -20024 20034 -20035 imp:n,p 1
300095 400095 -2.156 20014 -20015 20023 -20024 20030 -20031 imp:n,p 1
300096 400096 -2.156 20014 -20015 20023 -20024 20031 -20032 imp:n,p 1
300097 400097 -2.156 20014 -20015 20023 -20024 20032 -20033 imp:n,p 1
300098 400098 -2.156 20014 -20015 20023 -20024 20033 -20034 imp:n,p 1
300099 400099 -2.156 20014 -20015 20023 -20024 20034 -20035 imp:n,p 1
300100 400100 -2.156 20010 -20011 20024 -20025 20030 -20031 imp:n,p 1
300101 400101 -2.156 20010 -20011 20024 -20025 20031 -20032 imp:n,p 1
300102 400102 -2.156 20010 -20011 20024 -20025 20032 -20033 imp:n,p 1
300103 400103 -2.156 20010 -20011 20024 -20025 20033 -20034 imp:n,p 1
300104 400104 -2.156 20010 -20011 20024 -20025 20034 -20035 imp:n,p 1
300105 400105 -2.156 20011 -20012 20024 -20025 20030 -20031 imp:n,p 1
300106 400106 -2.156 20011 -20012 20024 -20025 20031 -20032 imp:n,p 1
300107 400107 -2.156 20011 -20012 20024 -20025 20032 -20033 imp:n,p 1
300108 400108 -2.156 20011 -20012 20024 -20025 20033 -20034 imp:n,p 1
300109 400109 -2.156 20011 -20012 20024 -20025 20034 -20035 imp:n,p 1
300110 400110 -2.156 20012 -20013 20024 -20025 20030 -20031 imp:n,p 1
300111 400111 -2.156 20012 -20013 20024 -20025 20031 -20032 imp:n,p 1
300112 400112 -2.156 20012 -20013 20024 -20025 20032 -20033 imp:n,p 1
300113 400113 -2.156 20012 -20013 20024 -20025 20033 -20034 imp:n,p 1
300114 400114 -2.156 20012 -20013 20024 -20025 20034 -20035 imp:n,p 1
300115 400115 -2.156 20013 -20014 20024 -20025 20030 -20031 imp:n,p 1
300116 400116 -2.156 20013 -20014 20024 -20025 20031 -20032 imp:n,p 1
300117 400117 -2.156 20013 -20014 20024 -20025 20032 -20033 imp:n,p 1
300118 400118 -2.156 20013 -20014 20024 -20025 20033 -20034 imp:n,p 1
300119 400119 -2.156 20013 -20014 20024 -20025 20034 -20035 imp:n,p 1
300120 400120 -2.156 20014 -20015 20024 -20025 20030 -20031 imp:n,p 1
300121 400121 -2.156 20014 -20015 20024 -20025 20031 -20032 imp:n,p 1
300122 400122 -2.156 20014 -20015 20024 -20025 20032 -20033 imp:n,p 1
300123 400123 -2.156 20014 -20015 20024 -20025 20033 -20034 imp:n,p 1
300124 400124 -2.156 20014 -20015 20024 -20025 20034 -20035 imp:n,p 1
c
30 12 -0.00129 -200 #101 #121 #122 #123 #124 #125 #126 #127 #128 #129 #130 #131 #132 #133
        #21 #211 #212 #22 #221 #222 #23 #231 #232 #24 #241 #242 #20 imp:n,p 1 $Rest of the World
31 0 200 imp:n,p 0 $Outside world

c SURFACE CARDS
c
c Sample Volume
20010 px -56.0
20011 px -33.600000000000364
20012 px -11.200000000000728
20013 px 11.200000000000728
20014 px 33.600000000000364
20015 px 56.0
20020 py -45.0
20021 py -27.0
20022 py -9.0
20023 py 9.0
20024 py 27.0
20025 py 45.0
20030 pz 92.0
20031 pz 82.0
20032 pz 72.0
20033 pz 62.0
20034 pz 52.0
20035 pz 42.0
c Active Detector Region
21 rcc 56  -5.0 -1.0   0.0 20.3 0.0   4.5 $Detector 1 Base center, Hx,Hy,Hz, radius
c Shielding Surfaces
c Shielding Pb
31 rpp 19 29 -7.5 7.5 -11 9 $PbPE xmin xmax ymin ymax zmin zmax
32 rpp 9 19 4 9 -11 9 $Pb xmin xmax ymin ymax zmin zmax
33 rpp 9 19 -9 -4 -11 9 $Pb xmin xmax ymin ymax zmin zmax
34 rpp 19 29 7.5 12.5 -11 9 $Pb xmin xmax ymin ymax zmin zmax
35 rpp 19 29 -12.5 -7.5 -11 9 $Pb xmin xmax ymin ymax zmin zmax
36 rpp 29 34 -15 15 -11 9 $Pb xmin xmax ymin ymax zmin zmax
37 rpp 9 19 -4 4 4 9 $Pb xmin xmax ymin ymax zmin zmax
38 rpp -26 26 18 28 -11 9 $BA1 xmin xmax ymin ymax zmin zmax
39 rpp -26 26 -28 -18 -11 9 $BA2 xmin xmax ymin ymax zmin zmax
40 rpp -65 65 -28 28 10 10.5 $Al xmin xmax ymin ymax zmin zmax
401 rpp -27 27 29 34 -11 9 $Fe xmin xmax ymin ymax zmin zmax
402 rpp -27 27 -34 -29 -11 9 $Fe xmin xmax ymin ymax zmin zmax
301 px -20
302 px 18
303 cx 3.71
304 cx 3.81
c Wheels Surfaces
c 23/10.5-12 turf tires, 22.6 lb rubber
c diameter 29cm, tread width 25cm, and sidewall height 13.76 cm
c set thickness of all sides 1.3 cm (s.t. weight is 22.6 lb)
41 rcc -2 77 8   0.0 25 0.0 29 $wheel 1 outer tread surface
42 rcc -2 77 8   0.0 25 0.0 27.7 $wheel 1 inner tread surface
421 rcc -2 75.7 8   0.0 1.3 0.0 29 $wheel 1 outside sidewall exterior
422 rcc -2 75.7 8   0.0 1.3 0.0 15.24 $wheel 1 outside sidewall interior
423 rcc -2 102 8   0.0 1.3 0.0 29 $wheel 1 inside sidewall exterior
424 rcc -2 102 8   0.0 1.3 0.0 15.24 $wheel 1 inside sidewall interior
43 rcc 68 77 8   0.0 25 0.0 29 $wheel 2
44 rcc 68 77 8   0.0 25 0.0 27.7
441 rcc 68 75.7 8   0.0 1.3 0.0 29
442 rcc 68 75.7 8   0.0 1.3 0.0 15.24
443 rcc 68 102 8   0.0 1.3 0.0 29
444 rcc 68 102 8   0.0 1.3 0.0 15.24
45 rcc -2 -77 8   0.0 -25 0.0 29 $wheel 3
46 rcc -2 -77 8   0.0 -25 0.0 27.7
461 rcc -2 -75.7 8   0.0 -1.3 0.0 29
462 rcc -2 -75.7 8   0.0 -1.3 0.0 15.24
463 rcc -2 -102 8   0.0 -1.3 0.0 29
464 rcc -2 -102 8   0.0 -1.3 0.0 15.24
47 rcc 68 -77 8   0.0 -25 0.0 29 $wheel 4
48 rcc 68 -77 8   0.0 -25 0.0 27.7
481 rcc 68 -75.7 8   0.0 -1.3 0.0 29
482 rcc 68 -75.7 8   0.0 -1.3 0.0 15.24
483 rcc 68 -102 8   0.0 -1.3 0.0 29
484 rcc 68 -102 8   0.0 -1.3 0.0 15.24
200 so 800    $sphere of 800cm centered at origin
c

c DATA CARDS
mode n p
c dump every hr
prdmp -60 -60 -1
c 100 keV Neutron Energy Cutoff
Cut:n 1j 0.1
c analog neutron transport
phys:n 1j 14
phys:p
sdef pos=0 0 0 erg=14.0 vec= 0 0 1 dir=d1
si1  -1 .93 1
sp1   0  0.0  1.0
c ********************
c begin material cards
c ********************
c Pure Carbon
c ****************************************
m400000 6000 -5.4798721548797897e-05 7000 -5.4798721548797897e-05 14000 -0.9998904025569025 
m400001 6000 -0.0018304636333768794 7000 -0.0018304636333768794 14000 -0.996339072733246 
m400002 6000 -0.004204486958838817 7000 -0.004204486958838817 14000 -0.9915910260823226 
m400003 6000 -0.005878197020200153 7000 -0.005878197020200153 14000 -0.9882436059595997 
m400004 6000 -0.006334382861145801 7000 -0.006334382861145801 14000 -0.9873312342777083 
m400005 6000 -0.000170506621496693 7000 -0.000170506621496693 14000 -0.9996589867570066 
m400006 6000 -0.0013755019290537585 7000 -0.0013755019290537585 14000 -0.9972489961418924 
m400007 6000 -0.004206838551183563 7000 -0.004206838551183563 14000 -0.9915863228976327 
m400008 6000 -0.0058354042018115984 7000 -0.0058354042018115984 14000 -0.9883291915963768 
m400009 6000 -0.0063120525257669554 7000 -0.0063120525257669554 14000 -0.9873758949484658 
m400010 6000 -2.7095339889435574e-05 7000 -2.7095339889435574e-05 14000 -0.9999458093202209 
m400011 6000 -0.0014718379462403102 7000 -0.0014718379462403102 14000 -0.9970563241075194 
m400012 6000 -0.003764584064400653 7000 -0.003764584064400653 14000 -0.9924708318711984 
m400013 6000 -0.005749250043346414 7000 -0.005749250043346414 14000 -0.9885014999133073 
m400014 6000 -0.0063089469343689305 7000 -0.0063089469343689305 14000 -0.9873821061312621 
m400015 6000 -0.0001774438036613965 7000 -0.0001774438036613965 14000 -0.9996451123926772 
m400016 6000 -0.001307380146219045 7000 -0.001307380146219045 14000 -0.9973852397075618 
m400017 6000 -0.00403509379815512 7000 -0.00403509379815512 14000 -0.9919298124036896 
m400018 6000 -0.005776460693839271 7000 -0.005776460693839271 14000 -0.9884470786123215 
m400019 6000 -0.006323729093253338 7000 -0.006323729093253338 14000 -0.9873525418134933 
m400020 6000 -8.421323540101437e-05 7000 -8.421323540101437e-05 14000 -0.9998315735291979 
m400021 6000 -0.0014024262440626104 7000 -0.0014024262440626104 14000 -0.9971951475118744 
m400022 6000 -0.004109630232164494 7000 -0.004109630232164494 14000 -0.9917807395356709 
m400023 6000 -0.005654535011814924 7000 -0.005654535011814924 14000 -0.9886909299763701 
m400024 6000 -0.006307141616862724 7000 -0.006307141616862724 14000 -0.9873857167662746 
m400025 6000 -0.00019584407477885306 7000 -0.00019584407477885306 14000 -0.9996083118504423 
m400026 6000 -0.001523011126332222 7000 -0.001523011126332222 14000 -0.9969539777473356 
m400027 6000 -0.0039028595458871513 7000 -0.0039028595458871513 14000 -0.9921942809082259 
m400028 6000 -0.005772298719654385 7000 -0.005772298719654385 14000 -0.9884554025606911 
m400029 6000 -0.006282082653146317 7000 -0.006282082653146317 14000 -0.9874358346937074 
m400030 6000 -0.00010948942167312671 7000 -0.00010948942167312671 14000 -0.9997810211566538 
m400031 6000 -0.0019254643422710086 7000 -0.0019254643422710086 14000 -0.9961490713154576 
m400032 6000 -0.003665560183158274 7000 -0.003665560183158274 14000 -0.9926688796336833 
m400033 6000 -0.005702758839616996 7000 -0.005702758839616996 14000 -0.988594482320766 
m400034 6000 -0.006340457514487042 7000 -0.006340457514487042 14000 -0.9873190849710258 
m400035 6000 -0.00014972666649093724 7000 -0.00014972666649093724 14000 -0.9997005466670181 
m400036 6000 -0.0018035701137286237 7000 -0.0018035701137286237 14000 -0.9963928597725427 
m400037 6000 -0.003957820760722925 7000 -0.003957820760722925 14000 -0.9920843584785544 
m400038 6000 -0.0056453158263695055 7000 -0.0056453158263695055 14000 -0.9887093683472611 
m400039 6000 -0.006354320242899614 7000 -0.006354320242899614 14000 -0.9872913595142008 
m400040 6000 -4.172606228045026e-05 7000 -4.172606228045026e-05 14000 -0.9999165478754389 
m400041 6000 -0.0010333871372073986 7000 -0.0010333871372073986 14000 -0.997933225725585 
m400042 6000 -0.0042325992504835905 7000 -0.0042325992504835905 14000 -0.9915348014990323 
m400043 6000 -0.0055428315552475535 7000 -0.0055428315552475535 14000 -0.988914336889505 
m400044 6000 -0.006366181923907207 7000 -0.006366181923907207 14000 -0.9872676361521856 
m400045 6000 -5.797529106941901e-05 7000 -5.797529106941901e-05 14000 -0.9998840494178611 
m400046 6000 -0.0017548678071156651 7000 -0.0017548678071156651 14000 -0.9964902643857688 
m400047 6000 -0.0038962649645414406 7000 -0.0038962649645414406 14000 -0.9922074700709171 
m400048 6000 -0.005722573996664074 7000 -0.005722573996664074 14000 -0.9885548520066717 
m400049 6000 -0.00631707472553841 7000 -0.00631707472553841 14000 -0.987365850548923 
m400050 6000 -0.00014072292681962877 7000 -0.00014072292681962877 14000 -0.9997185541463608 
m400051 6000 -0.0016058995898755215 7000 -0.0016058995898755215 14000 -0.9967882008202493 
m400052 6000 -0.0041314145430733 7000 -0.0041314145430733 14000 -0.9917371709138533 
m400053 6000 -0.005505002146348721 7000 -0.005505002146348721 14000 -0.9889899957073025 
m400054 6000 -0.006307395125834054 7000 -0.006307395125834054 14000 -0.9873852097483318 
m400055 6000 -0.0001295670292905516 7000 -0.0001295670292905516 14000 -0.999740865941419 
m400056 6000 -0.0012635208811800755 7000 -0.0012635208811800755 14000 -0.9974729582376399 
m400057 6000 -0.004245497460299169 7000 -0.004245497460299169 14000 -0.9915090050794017 
m400058 6000 -0.005781818444201942 7000 -0.005781818444201942 14000 -0.9884363631115959 
m400059 6000 -0.00632397241198418 7000 -0.00632397241198418 14000 -0.9873520551760315 
m400060 6000 -0.00010817095073181625 7000 -0.00010817095073181625 14000 -0.9997836580985364 
m400061 6000 -0.0011184319393253495 7000 -0.0011184319393253495 14000 -0.9977631361213493 
m400062 6000 -0.0037614325956532167 7000 -0.0037614325956532167 14000 -0.9924771348086938 
m400063 6000 -0.005645670531582128 7000 -0.005645670531582128 14000 -0.9887086589368357 
m400064 6000 -0.006303866337743825 7000 -0.006303866337743825 14000 -0.9873922673245122 
m400065 6000 -0.00012187439246527997 7000 -0.00012187439246527997 14000 -0.9997562512150695 
m400066 6000 -0.001811308786076469 7000 -0.001811308786076469 14000 -0.9963773824278469 
m400067 6000 -0.004030172916414425 7000 -0.004030172916414425 14000 -0.9919396541671713 
m400068 6000 -0.00571405865945389 7000 -0.00571405865945389 14000 -0.9885718826810925 
m400069 6000 -0.006273830137697323 7000 -0.006273830137697323 14000 -0.9874523397246056 
m400070 6000 -0.00022147957673506475 7000 -0.00022147957673506475 14000 -0.9995570408465296 
m400071 6000 -0.0015631188224443017 7000 -0.0015631188224443017 14000 -0.9968737623551117 
m400072 6000 -0.00407200823895589 7000 -0.00407200823895589 14000 -0.9918559835220883 
m400073 6000 -0.005732065474151429 7000 -0.005732065474151429 14000 -0.9885358690516971 
m400074 6000 -0.006288909839203486 7000 -0.006288909839203486 14000 -0.9874221803215927 
m400075 6000 -5.695239426207789e-05 7000 -5.695239426207789e-05 14000 -0.9998860952114758 
m400076 6000 -0.001120459350692029 7000 -0.001120459350692029 14000 -0.997759081298616 
m400077 6000 -0.004050658764774575 7000 -0.004050658764774575 14000 -0.9918986824704509 
m400078 6000 -0.0056864592893808245 7000 -0.0056864592893808245 14000 -0.9886270814212379 
m400079 6000 -0.006307354007125391 7000 -0.006307354007125391 14000 -0.9873852919857491 
m400080 6000 -8.873792823761846e-05 7000 -8.873792823761846e-05 14000 -0.9998225241435249 
m400081 6000 -0.0012694630692984673 7000 -0.0012694630692984673 14000 -0.9974610738614029 
m400082 6000 -0.0041280080944724575 7000 -0.0041280080944724575 14000 -0.9917439838110552 
m400083 6000 -0.005715145728512196 7000 -0.005715145728512196 14000 -0.9885697085429758 
m400084 6000 -0.006325242182411809 7000 -0.006325242182411809 14000 -0.9873495156351767 
m400085 6000 -0.00013937787134275721 7000 -0.00013937787134275721 14000 -0.9997212442573142 
m400086 6000 -0.0014383920022199947 7000 -0.0014383920022199947 14000 -0.9971232159955602 
m400087 6000 -0.004010695860680881 7000 -0.004010695860680881 14000 -0.9919786082786382 
m400088 6000 -0.005650374718019507 7000 -0.005650374718019507 14000 -0.9886992505639611 
m400089 6000 -0.006303610776523366 7000 -0.006303610776523366 14000 -0.9873927784469533 
m400090 6000 -0.00010582898952405729 7000 -0.00010582898952405729 14000 -0.999788342020952 
m400091 6000 -0.0018728665781024072 7000 -0.0018728665781024072 14000 -0.996254266843795 
m400092 6000 -0.004139296496841 7000 -0.004139296496841 14000 -0.9917214070063182 
m400093 6000 -0.005814004921453364 7000 -0.005814004921453364 14000 -0.9883719901570934 
m400094 6000 -0.006321603573843422 7000 -0.006321603573843422 14000 -0.9873567928523131 
m400095 6000 -5.644778847667344e-05 7000 -5.644778847667344e-05 14000 -0.9998871044230468 
m400096 6000 -0.0013817891561602438 7000 -0.0013817891561602438 14000 -0.9972364216876796 
m400097 6000 -0.0039886572575084794 7000 -0.0039886572575084794 14000 -0.9920226854849831 
m400098 6000 -0.005650424125415014 7000 -0.005650424125415014 14000 -0.9886991517491698 
m400099 6000 -0.0063070620096256245 7000 -0.0063070620096256245 14000 -0.9873858759807487 
m400100 6000 -8.022406292483725e-05 7000 -8.022406292483725e-05 14000 -0.9998395518741502 
m400101 6000 -0.0016200644540647607 7000 -0.0016200644540647607 14000 -0.9967598710918705 
m400102 6000 -0.004159156197742794 7000 -0.004159156197742794 14000 -0.9916816876045145 
m400103 6000 -0.005711738378882373 7000 -0.005711738378882373 14000 -0.9885765232422352 
m400104 6000 -0.006340538366524207 7000 -0.006340538366524207 14000 -0.9873189232669517 
m400105 6000 -0.00016418571412154018 7000 -0.00016418571412154018 14000 -0.999671628571757 
m400106 6000 -0.0014234377670713167 7000 -0.0014234377670713167 14000 -0.9971531244658571 
m400107 6000 -0.004170525170651203 7000 -0.004170525170651203 14000 -0.9916589496586978 
m400108 6000 -0.005872854174462211 7000 -0.005872854174462211 14000 -0.9882542916510758 
m400109 6000 -0.006314040274824796 7000 -0.006314040274824796 14000 -0.9873719194503504 
m400110 6000 -0.0001146147064891489 7000 -0.0001146147064891489 14000 -0.9997707705870217 
m400111 6000 -0.0017782615370336053 7000 -0.0017782615370336053 14000 -0.9964434769259327 
m400112 6000 -0.004016233494527998 7000 -0.004016233494527998 14000 -0.9919675330109441 
m400113 6000 -0.005860442601594188 7000 -0.005860442601594188 14000 -0.9882791147968116 
m400114 6000 -0.006248895001157467 7000 -0.006248895001157467 14000 -0.987502209997685 
m400115 6000 -0.0002135694913011639 7000 -0.0002135694913011639 14000 -0.9995728610173975 
m400116 6000 -0.0013109048847609966 7000 -0.0013109048847609966 14000 -0.9973781902304779 
m400117 6000 -0.004012055803775143 7000 -0.004012055803775143 14000 -0.9919758883924495 
m400118 6000 -0.005826435397296777 7000 -0.005826435397296777 14000 -0.9883471292054066 
m400119 6000 -0.006295078572338398 7000 -0.006295078572338398 14000 -0.9874098428553232 
m400120 6000 -0.00011139352279885422 7000 -0.00011139352279885422 14000 -0.9997772129544025 
m400121 6000 -0.0017656223769090449 7000 -0.0017656223769090449 14000 -0.9964687552461815 
m400122 6000 -0.003989055968103675 7000 -0.003989055968103675 14000 -0.9920218880637927 
m400123 6000 -0.0057290484085426065 7000 -0.0057290484085426065 14000 -0.9885419031829149 
m400124 6000 -0.006300359003366512 7000 -0.006300359003366512 14000 -0.9873992819932673 
c **********************************
c PE+Pb, dens=4.78 g/cm3
m2      6000    -0.04286 $Carbon
        1001    -0.00714 $Hydrogen
        82000   -0.95000 $Lead
c **********************************
m3    1001 -0.048535 $Boric acid
      5010 -0.034981
      5011 -0.139923
      8016 -0.776561
c **********************************
m4    82000 1 $Lead
c **********************************
m5 26000 1 $Iron
c **********************************
m6     13027   -1.000 $ Aluminum
c **********************************
c  SS-304 (8.00 g/cm3), #298 in PNNL Compendium
m7   006000.50c -0.0004000
     014000.60c -0.0050000
     015031.50c -0.0002300
     016000.60c -0.0001500
     024000.50c -0.1899981
     025055.60c -0.0099999
     026000.50c -0.7017229
     028000.50c -0.0924991
c ****************************************
c       LaBr detector
c ****************************************
m8       35079    -0.2946       $ Br79
         35081    -0.3069       $ Br81
         57139    -0.3485       $ La139
         58140    -0.0500       $ Ce140
c ************ air den=1.15e-3g/cc
m12     8016 -0.23
        7014 -0.77
c ************ Rubber Natural den=0.92 g/cc
m13     1001 -0.118371  $weight fraction
        6000 -0.881629
c
c end material cards
c
rand seed=8674536546524321 $different initial random #; seed# - any less 18 digits
c
c ********** begin tallies *********************
fc78 *********Broadened Pulse Height Tally Sum of Detectors 1,2 & 3 ***********
e78 0 1e-5 932i 8.4295
F78:p (101)
FT78 GEB -0.026198 0.059551 -0.037176
fc18 *********Unbroadened Pulse Height Tally Sum of Detectors 1,2 & 3 ***********
e18 0 1e-5 932i 8.4295
F18:p (101)
c ***********************************
c mplot tal 78 freq 10000
nps 1e9
