c CAS DETECTOR
c w/ Shielding in Place and Wheels
c
c CELL CARDS
c
c @@@@@@@@@@ Detectors @@@@@@@@@@@@@@@@@
c
101 8 -5.08 -21 imp:n,p 1 $LaBr Detector #1 Active Region
c
c @@@@@@@@@ Shielding @@@@@@@@@@@@@@@@@
c
121 2 -4.78 -31 imp:n,p 1 $PE_Pb
122 4 -11.29 -32 imp:n,p 1 $Pb1
123 4 -11.29 -33 imp:n,p 1 $Pb2
124 4 -11.29 -34 imp:n,p 1 $Pb3
125 4 -11.29 -35 imp:n,p 1 $Pb4
126 4 -11.29 -36 imp:n,p 1 $Pb5
127 4 -11.29 -37 imp:n,p 1 $Pb6
128 3 -1.5 -38 imp:n,p 1 $BA1
129 3 -1.5 -39 imp:n,p 1 $BA2
130 6 -2.7 -40 imp:n,p 1 $Al
131 7 -7.92 301 -302 303 -304 imp:n,p 1 $Fe-tube
132 5 -7.8 -401 imp:n,p 1 $Fe
133 5 -7.8 -402 imp:n,p 1 $Fe
c @@@@@@@@@@ Wheels @@@@@@@@@@@@@@@@@
c
21 13 -0.92 -41 42 imp:n,p 1 $Wheel 1
211 13 -0.92 -421 422 imp:n,p 1 $Wheel 1
212 13 -0.92 -423 424 imp:n,p 1 $Wheel 1
22 13 -0.92 -43 44 imp:n,p 1 $Wheel 2
221 13 -0.92 -441 442 imp:n,p 1 $Wheel 2
222 13 -0.92 -443 444 imp:n,p 1 $Wheel 2
23 13 -0.92 -45 46 imp:n,p 1 $Wheel 3
231 13 -0.92 -461 462 imp:n,p 1 $Wheel 3
232 13 -0.92 -463 464 imp:n,p 1 $Wheel 3
24 13 -0.92 -47 48 imp:n,p 1 $Wheel 4
241 13 -0.92 -481 482 imp:n,p 1 $Wheel 4
242 13 -0.92 -483 484 imp:n,p 1 $Wheel 4
c
c @@@@@@@@@@ SOIL VOLUME @@@@@@@@@@@
c
300000 400000 -2.156 20010 -20011 20020 -20021 20030 -20031 imp:n,p 1
300001 400001 -2.156 20010 -20011 20020 -20021 20031 -20032 imp:n,p 1
300002 400002 -2.156 20010 -20011 20020 -20021 20032 -20033 imp:n,p 1
300003 400003 -2.156 20010 -20011 20020 -20021 20033 -20034 imp:n,p 1
300004 400004 -2.156 20010 -20011 20020 -20021 20034 -20035 imp:n,p 1
300005 400005 -2.156 20011 -20012 20020 -20021 20030 -20031 imp:n,p 1
300006 400006 -2.156 20011 -20012 20020 -20021 20031 -20032 imp:n,p 1
300007 400007 -2.156 20011 -20012 20020 -20021 20032 -20033 imp:n,p 1
300008 400008 -2.156 20011 -20012 20020 -20021 20033 -20034 imp:n,p 1
300009 400009 -2.156 20011 -20012 20020 -20021 20034 -20035 imp:n,p 1
300010 400010 -2.156 20012 -20013 20020 -20021 20030 -20031 imp:n,p 1
300011 400011 -2.156 20012 -20013 20020 -20021 20031 -20032 imp:n,p 1
300012 400012 -2.156 20012 -20013 20020 -20021 20032 -20033 imp:n,p 1
300013 400013 -2.156 20012 -20013 20020 -20021 20033 -20034 imp:n,p 1
300014 400014 -2.156 20012 -20013 20020 -20021 20034 -20035 imp:n,p 1
300015 400015 -2.156 20013 -20014 20020 -20021 20030 -20031 imp:n,p 1
300016 400016 -2.156 20013 -20014 20020 -20021 20031 -20032 imp:n,p 1
300017 400017 -2.156 20013 -20014 20020 -20021 20032 -20033 imp:n,p 1
300018 400018 -2.156 20013 -20014 20020 -20021 20033 -20034 imp:n,p 1
300019 400019 -2.156 20013 -20014 20020 -20021 20034 -20035 imp:n,p 1
300020 400020 -2.156 20014 -20015 20020 -20021 20030 -20031 imp:n,p 1
300021 400021 -2.156 20014 -20015 20020 -20021 20031 -20032 imp:n,p 1
300022 400022 -2.156 20014 -20015 20020 -20021 20032 -20033 imp:n,p 1
300023 400023 -2.156 20014 -20015 20020 -20021 20033 -20034 imp:n,p 1
300024 400024 -2.156 20014 -20015 20020 -20021 20034 -20035 imp:n,p 1
300025 400025 -2.156 20010 -20011 20021 -20022 20030 -20031 imp:n,p 1
300026 400026 -2.156 20010 -20011 20021 -20022 20031 -20032 imp:n,p 1
300027 400027 -2.156 20010 -20011 20021 -20022 20032 -20033 imp:n,p 1
300028 400028 -2.156 20010 -20011 20021 -20022 20033 -20034 imp:n,p 1
300029 400029 -2.156 20010 -20011 20021 -20022 20034 -20035 imp:n,p 1
300030 400030 -2.156 20011 -20012 20021 -20022 20030 -20031 imp:n,p 1
300031 400031 -2.156 20011 -20012 20021 -20022 20031 -20032 imp:n,p 1
300032 400032 -2.156 20011 -20012 20021 -20022 20032 -20033 imp:n,p 1
300033 400033 -2.156 20011 -20012 20021 -20022 20033 -20034 imp:n,p 1
300034 400034 -2.156 20011 -20012 20021 -20022 20034 -20035 imp:n,p 1
300035 400035 -2.156 20012 -20013 20021 -20022 20030 -20031 imp:n,p 1
300036 400036 -2.156 20012 -20013 20021 -20022 20031 -20032 imp:n,p 1
300037 400037 -2.156 20012 -20013 20021 -20022 20032 -20033 imp:n,p 1
300038 400038 -2.156 20012 -20013 20021 -20022 20033 -20034 imp:n,p 1
300039 400039 -2.156 20012 -20013 20021 -20022 20034 -20035 imp:n,p 1
300040 400040 -2.156 20013 -20014 20021 -20022 20030 -20031 imp:n,p 1
300041 400041 -2.156 20013 -20014 20021 -20022 20031 -20032 imp:n,p 1
300042 400042 -2.156 20013 -20014 20021 -20022 20032 -20033 imp:n,p 1
300043 400043 -2.156 20013 -20014 20021 -20022 20033 -20034 imp:n,p 1
300044 400044 -2.156 20013 -20014 20021 -20022 20034 -20035 imp:n,p 1
300045 400045 -2.156 20014 -20015 20021 -20022 20030 -20031 imp:n,p 1
300046 400046 -2.156 20014 -20015 20021 -20022 20031 -20032 imp:n,p 1
300047 400047 -2.156 20014 -20015 20021 -20022 20032 -20033 imp:n,p 1
300048 400048 -2.156 20014 -20015 20021 -20022 20033 -20034 imp:n,p 1
300049 400049 -2.156 20014 -20015 20021 -20022 20034 -20035 imp:n,p 1
300050 400050 -2.156 20010 -20011 20022 -20023 20030 -20031 imp:n,p 1
300051 400051 -2.156 20010 -20011 20022 -20023 20031 -20032 imp:n,p 1
300052 400052 -2.156 20010 -20011 20022 -20023 20032 -20033 imp:n,p 1
300053 400053 -2.156 20010 -20011 20022 -20023 20033 -20034 imp:n,p 1
300054 400054 -2.156 20010 -20011 20022 -20023 20034 -20035 imp:n,p 1
300055 400055 -2.156 20011 -20012 20022 -20023 20030 -20031 imp:n,p 1
300056 400056 -2.156 20011 -20012 20022 -20023 20031 -20032 imp:n,p 1
300057 400057 -2.156 20011 -20012 20022 -20023 20032 -20033 imp:n,p 1
300058 400058 -2.156 20011 -20012 20022 -20023 20033 -20034 imp:n,p 1
300059 400059 -2.156 20011 -20012 20022 -20023 20034 -20035 imp:n,p 1
300060 400060 -2.156 20012 -20013 20022 -20023 20030 -20031 imp:n,p 1
300061 400061 -2.156 20012 -20013 20022 -20023 20031 -20032 imp:n,p 1
300062 400062 -2.156 20012 -20013 20022 -20023 20032 -20033 imp:n,p 1
300063 400063 -2.156 20012 -20013 20022 -20023 20033 -20034 imp:n,p 1
300064 400064 -2.156 20012 -20013 20022 -20023 20034 -20035 imp:n,p 1
300065 400065 -2.156 20013 -20014 20022 -20023 20030 -20031 imp:n,p 1
300066 400066 -2.156 20013 -20014 20022 -20023 20031 -20032 imp:n,p 1
300067 400067 -2.156 20013 -20014 20022 -20023 20032 -20033 imp:n,p 1
300068 400068 -2.156 20013 -20014 20022 -20023 20033 -20034 imp:n,p 1
300069 400069 -2.156 20013 -20014 20022 -20023 20034 -20035 imp:n,p 1
300070 400070 -2.156 20014 -20015 20022 -20023 20030 -20031 imp:n,p 1
300071 400071 -2.156 20014 -20015 20022 -20023 20031 -20032 imp:n,p 1
300072 400072 -2.156 20014 -20015 20022 -20023 20032 -20033 imp:n,p 1
300073 400073 -2.156 20014 -20015 20022 -20023 20033 -20034 imp:n,p 1
300074 400074 -2.156 20014 -20015 20022 -20023 20034 -20035 imp:n,p 1
300075 400075 -2.156 20010 -20011 20023 -20024 20030 -20031 imp:n,p 1
300076 400076 -2.156 20010 -20011 20023 -20024 20031 -20032 imp:n,p 1
300077 400077 -2.156 20010 -20011 20023 -20024 20032 -20033 imp:n,p 1
300078 400078 -2.156 20010 -20011 20023 -20024 20033 -20034 imp:n,p 1
300079 400079 -2.156 20010 -20011 20023 -20024 20034 -20035 imp:n,p 1
300080 400080 -2.156 20011 -20012 20023 -20024 20030 -20031 imp:n,p 1
300081 400081 -2.156 20011 -20012 20023 -20024 20031 -20032 imp:n,p 1
300082 400082 -2.156 20011 -20012 20023 -20024 20032 -20033 imp:n,p 1
300083 400083 -2.156 20011 -20012 20023 -20024 20033 -20034 imp:n,p 1
300084 400084 -2.156 20011 -20012 20023 -20024 20034 -20035 imp:n,p 1
300085 400085 -2.156 20012 -20013 20023 -20024 20030 -20031 imp:n,p 1
300086 400086 -2.156 20012 -20013 20023 -20024 20031 -20032 imp:n,p 1
300087 400087 -2.156 20012 -20013 20023 -20024 20032 -20033 imp:n,p 1
300088 400088 -2.156 20012 -20013 20023 -20024 20033 -20034 imp:n,p 1
300089 400089 -2.156 20012 -20013 20023 -20024 20034 -20035 imp:n,p 1
300090 400090 -2.156 20013 -20014 20023 -20024 20030 -20031 imp:n,p 1
300091 400091 -2.156 20013 -20014 20023 -20024 20031 -20032 imp:n,p 1
300092 400092 -2.156 20013 -20014 20023 -20024 20032 -20033 imp:n,p 1
300093 400093 -2.156 20013 -20014 20023 -20024 20033 -20034 imp:n,p 1
300094 400094 -2.156 20013 -20014 20023 -20024 20034 -20035 imp:n,p 1
300095 400095 -2.156 20014 -20015 20023 -20024 20030 -20031 imp:n,p 1
300096 400096 -2.156 20014 -20015 20023 -20024 20031 -20032 imp:n,p 1
300097 400097 -2.156 20014 -20015 20023 -20024 20032 -20033 imp:n,p 1
300098 400098 -2.156 20014 -20015 20023 -20024 20033 -20034 imp:n,p 1
300099 400099 -2.156 20014 -20015 20023 -20024 20034 -20035 imp:n,p 1
300100 400100 -2.156 20010 -20011 20024 -20025 20030 -20031 imp:n,p 1
300101 400101 -2.156 20010 -20011 20024 -20025 20031 -20032 imp:n,p 1
300102 400102 -2.156 20010 -20011 20024 -20025 20032 -20033 imp:n,p 1
300103 400103 -2.156 20010 -20011 20024 -20025 20033 -20034 imp:n,p 1
300104 400104 -2.156 20010 -20011 20024 -20025 20034 -20035 imp:n,p 1
300105 400105 -2.156 20011 -20012 20024 -20025 20030 -20031 imp:n,p 1
300106 400106 -2.156 20011 -20012 20024 -20025 20031 -20032 imp:n,p 1
300107 400107 -2.156 20011 -20012 20024 -20025 20032 -20033 imp:n,p 1
300108 400108 -2.156 20011 -20012 20024 -20025 20033 -20034 imp:n,p 1
300109 400109 -2.156 20011 -20012 20024 -20025 20034 -20035 imp:n,p 1
300110 400110 -2.156 20012 -20013 20024 -20025 20030 -20031 imp:n,p 1
300111 400111 -2.156 20012 -20013 20024 -20025 20031 -20032 imp:n,p 1
300112 400112 -2.156 20012 -20013 20024 -20025 20032 -20033 imp:n,p 1
300113 400113 -2.156 20012 -20013 20024 -20025 20033 -20034 imp:n,p 1
300114 400114 -2.156 20012 -20013 20024 -20025 20034 -20035 imp:n,p 1
300115 400115 -2.156 20013 -20014 20024 -20025 20030 -20031 imp:n,p 1
300116 400116 -2.156 20013 -20014 20024 -20025 20031 -20032 imp:n,p 1
300117 400117 -2.156 20013 -20014 20024 -20025 20032 -20033 imp:n,p 1
300118 400118 -2.156 20013 -20014 20024 -20025 20033 -20034 imp:n,p 1
300119 400119 -2.156 20013 -20014 20024 -20025 20034 -20035 imp:n,p 1
300120 400120 -2.156 20014 -20015 20024 -20025 20030 -20031 imp:n,p 1
300121 400121 -2.156 20014 -20015 20024 -20025 20031 -20032 imp:n,p 1
300122 400122 -2.156 20014 -20015 20024 -20025 20032 -20033 imp:n,p 1
300123 400123 -2.156 20014 -20015 20024 -20025 20033 -20034 imp:n,p 1
300124 400124 -2.156 20014 -20015 20024 -20025 20034 -20035 imp:n,p 1
c
30 12 -0.00129 -200 #101 #121 #122 #123 #124 #125 #126 #127 #128 #129 #130 #131 #132 #133
        #21 #211 #212 #22 #221 #222 #23 #231 #232 #24 #241 #242 #20 imp:n,p 1 $Rest of the World
31 0 200 imp:n,p 0 $Outside world

c SURFACE CARDS
c
c Sample Volume
20010 px -56.0
20011 px -33.600000000000364
20012 px -11.200000000000728
20013 px 11.200000000000728
20014 px 33.600000000000364
20015 px 56.0
20020 py -45.0
20021 py -27.0
20022 py -9.0
20023 py 9.0
20024 py 27.0
20025 py 45.0
20030 pz 92.0
20031 pz 82.0
20032 pz 72.0
20033 pz 62.0
20034 pz 52.0
20035 pz 42.0
c Active Detector Region
21 rcc 56  -5.0 -1.0   0.0 20.3 0.0   4.5 $Detector 1 Base center, Hx,Hy,Hz, radius
c Shielding Surfaces
c Shielding Pb
31 rpp 19 29 -7.5 7.5 -11 9 $PbPE xmin xmax ymin ymax zmin zmax
32 rpp 9 19 4 9 -11 9 $Pb xmin xmax ymin ymax zmin zmax
33 rpp 9 19 -9 -4 -11 9 $Pb xmin xmax ymin ymax zmin zmax
34 rpp 19 29 7.5 12.5 -11 9 $Pb xmin xmax ymin ymax zmin zmax
35 rpp 19 29 -12.5 -7.5 -11 9 $Pb xmin xmax ymin ymax zmin zmax
36 rpp 29 34 -15 15 -11 9 $Pb xmin xmax ymin ymax zmin zmax
37 rpp 9 19 -4 4 4 9 $Pb xmin xmax ymin ymax zmin zmax
38 rpp -26 26 18 28 -11 9 $BA1 xmin xmax ymin ymax zmin zmax
39 rpp -26 26 -28 -18 -11 9 $BA2 xmin xmax ymin ymax zmin zmax
40 rpp -65 65 -28 28 10 10.5 $Al xmin xmax ymin ymax zmin zmax
401 rpp -27 27 29 34 -11 9 $Fe xmin xmax ymin ymax zmin zmax
402 rpp -27 27 -34 -29 -11 9 $Fe xmin xmax ymin ymax zmin zmax
301 px -20
302 px 18
303 cx 3.71
304 cx 3.81
c Wheels Surfaces
c 23/10.5-12 turf tires, 22.6 lb rubber
c diameter 29cm, tread width 25cm, and sidewall height 13.76 cm
c set thickness of all sides 1.3 cm (s.t. weight is 22.6 lb)
41 rcc -2 77 8   0.0 25 0.0 29 $wheel 1 outer tread surface
42 rcc -2 77 8   0.0 25 0.0 27.7 $wheel 1 inner tread surface
421 rcc -2 75.7 8   0.0 1.3 0.0 29 $wheel 1 outside sidewall exterior
422 rcc -2 75.7 8   0.0 1.3 0.0 15.24 $wheel 1 outside sidewall interior
423 rcc -2 102 8   0.0 1.3 0.0 29 $wheel 1 inside sidewall exterior
424 rcc -2 102 8   0.0 1.3 0.0 15.24 $wheel 1 inside sidewall interior
43 rcc 68 77 8   0.0 25 0.0 29 $wheel 2
44 rcc 68 77 8   0.0 25 0.0 27.7
441 rcc 68 75.7 8   0.0 1.3 0.0 29
442 rcc 68 75.7 8   0.0 1.3 0.0 15.24
443 rcc 68 102 8   0.0 1.3 0.0 29
444 rcc 68 102 8   0.0 1.3 0.0 15.24
45 rcc -2 -77 8   0.0 -25 0.0 29 $wheel 3
46 rcc -2 -77 8   0.0 -25 0.0 27.7
461 rcc -2 -75.7 8   0.0 -1.3 0.0 29
462 rcc -2 -75.7 8   0.0 -1.3 0.0 15.24
463 rcc -2 -102 8   0.0 -1.3 0.0 29
464 rcc -2 -102 8   0.0 -1.3 0.0 15.24
47 rcc 68 -77 8   0.0 -25 0.0 29 $wheel 4
48 rcc 68 -77 8   0.0 -25 0.0 27.7
481 rcc 68 -75.7 8   0.0 -1.3 0.0 29
482 rcc 68 -75.7 8   0.0 -1.3 0.0 15.24
483 rcc 68 -102 8   0.0 -1.3 0.0 29
484 rcc 68 -102 8   0.0 -1.3 0.0 15.24
200 so 800    $sphere of 800cm centered at origin
c

c DATA CARDS
mode n p
c dump every hr
prdmp -60 -60 -1
c 100 keV Neutron Energy Cutoff
Cut:n 1j 0.1
c analog neutron transport
phys:n 1j 14
phys:p
sdef pos=0 0 0 erg=14.0 vec= 0 0 1 dir=d1
si1  -1 .93 1
sp1   0  0.0  1.0
c ********************
c begin material cards
c ********************
c Pure Carbon
c ****************************************
m400000 6000 -0.00010096078489805314 7000 -0.00010096078489805314 14000 -0.9997980784302039 
m400001 6000 -0.0012671174277688144 7000 -0.0012671174277688144 14000 -0.9974657651444626 
m400002 6000 -0.0040507760119618845 7000 -0.0040507760119618845 14000 -0.9918984479760762 
m400003 6000 -0.005788068592770226 7000 -0.005788068592770226 14000 -0.9884238628144594 
m400004 6000 -0.0062336159191690365 7000 -0.0062336159191690365 14000 -0.9875327681616622 
m400005 6000 -0.00012327551434361197 7000 -0.00012327551434361197 14000 -0.9997534489713127 
m400006 6000 -0.0015952933564953658 7000 -0.0015952933564953658 14000 -0.9968094132870092 
m400007 6000 -0.0039060304082897896 7000 -0.0039060304082897896 14000 -0.9921879391834203 
m400008 6000 -0.005839346820618395 7000 -0.005839346820618395 14000 -0.9883213063587633 
m400009 6000 -0.006293847663954445 7000 -0.006293847663954445 14000 -0.9874123046720912 
m400010 6000 -5.4430328823888514e-05 7000 -5.4430328823888514e-05 14000 -0.9998911393423522 
m400011 6000 -0.0013428180418835307 7000 -0.0013428180418835307 14000 -0.9973143639162332 
m400012 6000 -0.004224967125151876 7000 -0.004224967125151876 14000 -0.9915500657496963 
m400013 6000 -0.005615106655708832 7000 -0.005615106655708832 14000 -0.9887697866885823 
m400014 6000 -0.006251840097467853 7000 -0.006251840097467853 14000 -0.9874963198050639 
m400015 6000 -6.361432836644241e-05 7000 -6.361432836644241e-05 14000 -0.9998727713432671 
m400016 6000 -0.0016266644602576273 7000 -0.0016266644602576273 14000 -0.9967466710794849 
m400017 6000 -0.003955458931407243 7000 -0.003955458931407243 14000 -0.9920890821371855 
m400018 6000 -0.005671431038864864 7000 -0.005671431038864864 14000 -0.9886571379222703 
m400019 6000 -0.006275851856780954 7000 -0.006275851856780954 14000 -0.9874482962864377 
m400020 6000 -9.495965296928935e-05 7000 -9.495965296928935e-05 14000 -0.9998100806940613 
m400021 6000 -0.00154161343811263 7000 -0.00154161343811263 14000 -0.9969167731237749 
m400022 6000 -0.004061250040292083 7000 -0.004061250040292083 14000 -0.9918774999194158 
m400023 6000 -0.005697669519875561 7000 -0.005697669519875561 14000 -0.9886046609602489 
m400024 6000 -0.0062546903431072885 7000 -0.0062546903431072885 14000 -0.9874906193137855 
m400025 6000 -0.0001321551808272662 7000 -0.0001321551808272662 14000 -0.9997356896383455 
m400026 6000 -0.0013870706813831801 7000 -0.0013870706813831801 14000 -0.9972258586372337 
m400027 6000 -0.003924189893343545 7000 -0.003924189893343545 14000 -0.9921516202133129 
m400028 6000 -0.005736719382045 7000 -0.005736719382045 14000 -0.9885265612359098 
m400029 6000 -0.00623742918443362 7000 -0.00623742918443362 14000 -0.9875251416311329 
m400030 6000 -0.00014600117385238977 7000 -0.00014600117385238977 14000 -0.9997079976522953 
m400031 6000 -0.0013234620173894949 7000 -0.0013234620173894949 14000 -0.9973530759652212 
m400032 6000 -0.0039454328195323 7000 -0.0039454328195323 14000 -0.992109134360935 
m400033 6000 -0.005720436234047741 7000 -0.005720436234047741 14000 -0.9885591275319048 
m400034 6000 -0.006324939605193437 7000 -0.006324939605193437 14000 -0.9873501207896132 
m400035 6000 -0.00018034567363803183 7000 -0.00018034567363803183 14000 -0.9996393086527239 
m400036 6000 -0.0016119844770490239 7000 -0.0016119844770490239 14000 -0.9967760310459017 
m400037 6000 -0.00401021985591573 7000 -0.00401021985591573 14000 -0.9919795602881685 
m400038 6000 -0.00577673438885543 7000 -0.00577673438885543 14000 -0.9884465312222891 
m400039 6000 -0.006290477813100398 7000 -0.006290477813100398 14000 -0.9874190443737991 
m400040 6000 -0.0001554992847774848 7000 -0.0001554992847774848 14000 -0.9996890014304449 
m400041 6000 -0.001513638377477863 7000 -0.001513638377477863 14000 -0.9969727232450444 
m400042 6000 -0.0038471887109926806 7000 -0.0038471887109926806 14000 -0.9923056225780145 
m400043 6000 -0.005643585046824367 7000 -0.005643585046824367 14000 -0.9887128299063517 
m400044 6000 -0.006213944780084634 7000 -0.006213944780084634 14000 -0.9875721104398306 
m400045 6000 -0.0001288077447687922 7000 -0.0001288077447687922 14000 -0.9997423845104625 
m400046 6000 -0.0012880603370961138 7000 -0.0012880603370961138 14000 -0.9974238793258076 
m400047 6000 -0.004222046910431633 7000 -0.004222046910431633 14000 -0.9915559061791366 
m400048 6000 -0.005459584107055865 7000 -0.005459584107055865 14000 -0.9890808317858883 
m400049 6000 -0.006247591131841406 7000 -0.006247591131841406 14000 -0.9875048177363169 
m400050 6000 -0.00013194137236136332 7000 -0.00013194137236136332 14000 -0.9997361172552772 
m400051 6000 -0.0016671405827859847 7000 -0.0016671405827859847 14000 -0.9966657188344281 
m400052 6000 -0.003918432941234322 7000 -0.003918432941234322 14000 -0.9921631341175317 
m400053 6000 -0.00541297909357763 7000 -0.00541297909357763 14000 -0.9891740418128449 
m400054 6000 -0.00628974276116053 7000 -0.00628974276116053 14000 -0.9874205144776789 
m400055 6000 -0.00016078091167241154 7000 -0.00016078091167241154 14000 -0.9996784381766552 
m400056 6000 -0.001438685874682526 7000 -0.001438685874682526 14000 -0.9971226282506349 
m400057 6000 -0.004123675474535846 7000 -0.004123675474535846 14000 -0.9917526490509283 
m400058 6000 -0.005745803861454049 7000 -0.005745803861454049 14000 -0.988508392277092 
m400059 6000 -0.00627203543919915 7000 -0.00627203543919915 14000 -0.9874559291216017 
m400060 6000 -4.90526035219784e-05 7000 -4.90526035219784e-05 14000 -0.999901894792956 
m400061 6000 -0.001258545255553356 7000 -0.001258545255553356 14000 -0.9974829094888933 
m400062 6000 -0.0042308234979234974 7000 -0.0042308234979234974 14000 -0.991538353004153 
m400063 6000 -0.0057267493634744196 7000 -0.0057267493634744196 14000 -0.9885465012730513 
m400064 6000 -0.006302307950914022 7000 -0.006302307950914022 14000 -0.9873953840981723 
m400065 6000 -0.00011963601409857519 7000 -0.00011963601409857519 14000 -0.9997607279718028 
m400066 6000 -0.0014939607618219238 7000 -0.0014939607618219238 14000 -0.9970120784763563 
m400067 6000 -0.003937030221342657 7000 -0.003937030221342657 14000 -0.9921259395573147 
m400068 6000 -0.005780119801959679 7000 -0.005780119801959679 14000 -0.9884397603960804 
m400069 6000 -0.0063060576053714824 7000 -0.0063060576053714824 14000 -0.9873878847892573 
m400070 6000 -0.00010804279820582017 7000 -0.00010804279820582017 14000 -0.9997839144035884 
m400071 6000 -0.0015905829641622965 7000 -0.0015905829641622965 14000 -0.996818834071675 
m400072 6000 -0.0041538799947214945 7000 -0.0041538799947214945 14000 -0.9916922400105571 
m400073 6000 -0.005687124368080213 7000 -0.005687124368080213 14000 -0.9886257512638396 
m400074 6000 -0.006310519453250617 7000 -0.006310519453250617 14000 -0.9873789610934988 
m400075 6000 -0.00017427581652745258 7000 -0.00017427581652745258 14000 -0.9996514483669452 
m400076 6000 -0.00121717248767039 7000 -0.00121717248767039 14000 -0.9975656550246593 
m400077 6000 -0.003981535565940333 7000 -0.003981535565940333 14000 -0.9920369288681193 
m400078 6000 -0.005510592623100485 7000 -0.005510592623100485 14000 -0.9889788147537992 
m400079 6000 -0.006281088049798884 7000 -0.006281088049798884 14000 -0.9874378239004024 
m400080 6000 -7.39686749727993e-05 7000 -7.39686749727993e-05 14000 -0.9998520626500544 
m400081 6000 -0.0013786375533756281 7000 -0.0013786375533756281 14000 -0.9972427248932486 
m400082 6000 -0.004262474106643826 7000 -0.004262474106643826 14000 -0.9914750517867124 
m400083 6000 -0.005858738321367094 7000 -0.005858738321367094 14000 -0.9882825233572659 
m400084 6000 -0.006272253959812833 7000 -0.006272253959812833 14000 -0.9874554920803746 
m400085 6000 -0.00014367810960106754 7000 -0.00014367810960106754 14000 -0.9997126437807978 
m400086 6000 -0.0012804736202507818 7000 -0.0012804736202507818 14000 -0.9974390527594985 
m400087 6000 -0.003989996817924593 7000 -0.003989996817924593 14000 -0.9920200063641507 
m400088 6000 -0.005722379225544051 7000 -0.005722379225544051 14000 -0.9885552415489118 
m400089 6000 -0.006259403088159834 7000 -0.006259403088159834 14000 -0.9874811938236802 
m400090 6000 -0.000101684984880899 7000 -0.000101684984880899 14000 -0.9997966300302381 
m400091 6000 -0.0012997331388359549 7000 -0.0012997331388359549 14000 -0.997400533722328 
m400092 6000 -0.003928232151360702 7000 -0.003928232151360702 14000 -0.9921435356972786 
m400093 6000 -0.005894025689475221 7000 -0.005894025689475221 14000 -0.9882119486210499 
m400094 6000 -0.006249378016332891 7000 -0.006249378016332891 14000 -0.987501243967334 
m400095 6000 -0.0001354446063511776 7000 -0.0001354446063511776 14000 -0.9997291107872975 
m400096 6000 -0.0013816868261954582 7000 -0.0013816868261954582 14000 -0.9972366263476091 
m400097 6000 -0.004032191410466898 7000 -0.004032191410466898 14000 -0.9919356171790661 
m400098 6000 -0.005713351672715496 7000 -0.005713351672715496 14000 -0.9885732966545691 
m400099 6000 -0.006278639728521951 7000 -0.006278639728521951 14000 -0.9874427205429562 
m400100 6000 -0.0001648785005223215 7000 -0.0001648785005223215 14000 -0.9996702429989555 
m400101 6000 -0.0017242939983938268 7000 -0.0017242939983938268 14000 -0.9965514120032123 
m400102 6000 -0.004121295582169926 7000 -0.004121295582169926 14000 -0.9917574088356605 
m400103 6000 -0.005754978345062054 7000 -0.005754978345062054 14000 -0.9884900433098756 
m400104 6000 -0.006299517000561273 7000 -0.006299517000561273 14000 -0.9874009659988776 
m400105 6000 -8.947115253149264e-05 7000 -8.947115253149264e-05 14000 -0.999821057694937 
m400106 6000 -0.0015505906513580902 7000 -0.0015505906513580902 14000 -0.9968988186972837 
m400107 6000 -0.0038223334467978117 7000 -0.0038223334467978117 14000 -0.9923553331064043 
m400108 6000 -0.005704614039880802 7000 -0.005704614039880802 14000 -0.9885907719202386 
m400109 6000 -0.006250226189798259 7000 -0.006250226189798259 14000 -0.9874995476204035 
m400110 6000 -0.00012573842802109786 7000 -0.00012573842802109786 14000 -0.9997485231439578 
m400111 6000 -0.0017513935059712215 7000 -0.0017513935059712215 14000 -0.9964972129880575 
m400112 6000 -0.004065921372996357 7000 -0.004065921372996357 14000 -0.9918681572540073 
m400113 6000 -0.0056471531023793665 7000 -0.0056471531023793665 14000 -0.9887056937952413 
m400114 6000 -0.006267807438986513 7000 -0.006267807438986513 14000 -0.987464385122027 
m400115 6000 -0.00010451560731351556 7000 -0.00010451560731351556 14000 -0.9997909687853729 
m400116 6000 -0.001538391923554718 7000 -0.001538391923554718 14000 -0.9969232161528906 
m400117 6000 -0.004022153792635354 7000 -0.004022153792635354 14000 -0.9919556924147294 
m400118 6000 -0.005789669490017461 7000 -0.005789669490017461 14000 -0.9884206610199651 
m400119 6000 -0.006243592080350448 7000 -0.006243592080350448 14000 -0.9875128158392994 
m400120 6000 -6.664996045411342e-05 7000 -6.664996045411342e-05 14000 -0.9998667000790917 
m400121 6000 -0.0015501622877134066 7000 -0.0015501622877134066 14000 -0.9968996754245731 
m400122 6000 -0.004227979369114717 7000 -0.004227979369114717 14000 -0.9915440412617709 
m400123 6000 -0.005797452377240308 7000 -0.005797452377240308 14000 -0.9884050952455194 
m400124 6000 -0.006266255384398714 7000 -0.006266255384398714 14000 -0.9874674892312025 
c **********************************
c PE+Pb, dens=4.78 g/cm3
m2      6000    -0.04286 $Carbon
        1001    -0.00714 $Hydrogen
        82000   -0.95000 $Lead
c **********************************
m3    1001 -0.048535 $Boric acid
      5010 -0.034981
      5011 -0.139923
      8016 -0.776561
c **********************************
m4    82000 1 $Lead
c **********************************
m5 26000 1 $Iron
c **********************************
m6     13027   -1.000 $ Aluminum
c **********************************
c  SS-304 (8.00 g/cm3), #298 in PNNL Compendium
m7   006000.50c -0.0004000
     014000.60c -0.0050000
     015031.50c -0.0002300
     016000.60c -0.0001500
     024000.50c -0.1899981
     025055.60c -0.0099999
     026000.50c -0.7017229
     028000.50c -0.0924991
c ****************************************
c       LaBr detector
c ****************************************
m8       35079    -0.2946       $ Br79
         35081    -0.3069       $ Br81
         57139    -0.3485       $ La139
         58140    -0.0500       $ Ce140
c ************ air den=1.15e-3g/cc
m12     8016 -0.23
        7014 -0.77
c ************ Rubber Natural den=0.92 g/cc
m13     1001 -0.118371  $weight fraction
        6000 -0.881629
c
c end material cards
c
rand seed=8674536546524321 $different initial random #; seed# - any less 18 digits
c
c ********** begin tallies *********************
fc78 *********Broadened Pulse Height Tally Sum of Detectors 1,2 & 3 ***********
e78 0 1e-5 932i 8.4295
F78:p (101)
FT78 GEB -0.026198 0.059551 -0.037176
fc18 *********Unbroadened Pulse Height Tally Sum of Detectors 1,2 & 3 ***********
e18 0 1e-5 932i 8.4295
F18:p (101)
c ***********************************
c mplot tal 78 freq 10000
nps 1e9
