c CAS DETECTOR
c w/ Shielding in Place and Wheels
c
c CELL CARDS
c
c @@@@@@@@@@ Detectors @@@@@@@@@@@@@@@@@
c
101 8 -5.08 -21 imp:n,p 1 $LaBr Detector #1 Active Region
c
c @@@@@@@@@ Shielding @@@@@@@@@@@@@@@@@
c
121 2 -4.78 -31 imp:n,p 1 $PE_Pb
122 4 -11.29 -32 imp:n,p 1 $Pb1
123 4 -11.29 -33 imp:n,p 1 $Pb2
124 4 -11.29 -34 imp:n,p 1 $Pb3
125 4 -11.29 -35 imp:n,p 1 $Pb4
126 4 -11.29 -36 imp:n,p 1 $Pb5
127 4 -11.29 -37 imp:n,p 1 $Pb6
128 3 -1.5 -38 imp:n,p 1 $BA1
129 3 -1.5 -39 imp:n,p 1 $BA2
130 6 -2.7 -40 imp:n,p 1 $Al
131 7 -7.92 301 -302 303 -304 imp:n,p 1 $Fe-tube
132 5 -7.8 -401 imp:n,p 1 $Fe
133 5 -7.8 -402 imp:n,p 1 $Fe
c @@@@@@@@@@ Wheels @@@@@@@@@@@@@@@@@
c
21 13 -0.92 -41 42 imp:n,p 1 $Wheel 1
211 13 -0.92 -421 422 imp:n,p 1 $Wheel 1
212 13 -0.92 -423 424 imp:n,p 1 $Wheel 1
22 13 -0.92 -43 44 imp:n,p 1 $Wheel 2
221 13 -0.92 -441 442 imp:n,p 1 $Wheel 2
222 13 -0.92 -443 444 imp:n,p 1 $Wheel 2
23 13 -0.92 -45 46 imp:n,p 1 $Wheel 3
231 13 -0.92 -461 462 imp:n,p 1 $Wheel 3
232 13 -0.92 -463 464 imp:n,p 1 $Wheel 3
24 13 -0.92 -47 48 imp:n,p 1 $Wheel 4
241 13 -0.92 -481 482 imp:n,p 1 $Wheel 4
242 13 -0.92 -483 484 imp:n,p 1 $Wheel 4
c
c @@@@@@@@@@ SOIL VOLUME @@@@@@@@@@@
c
300000 400000 -2.156 20010 -20011 20020 -20021 20030 -20031 imp:n,p 1
300001 400001 -2.156 20010 -20011 20020 -20021 20031 -20032 imp:n,p 1
300002 400002 -2.156 20010 -20011 20020 -20021 20032 -20033 imp:n,p 1
300003 400003 -2.156 20010 -20011 20020 -20021 20033 -20034 imp:n,p 1
300004 400004 -2.156 20010 -20011 20020 -20021 20034 -20035 imp:n,p 1
300005 400005 -2.156 20011 -20012 20020 -20021 20030 -20031 imp:n,p 1
300006 400006 -2.156 20011 -20012 20020 -20021 20031 -20032 imp:n,p 1
300007 400007 -2.156 20011 -20012 20020 -20021 20032 -20033 imp:n,p 1
300008 400008 -2.156 20011 -20012 20020 -20021 20033 -20034 imp:n,p 1
300009 400009 -2.156 20011 -20012 20020 -20021 20034 -20035 imp:n,p 1
300010 400010 -2.156 20012 -20013 20020 -20021 20030 -20031 imp:n,p 1
300011 400011 -2.156 20012 -20013 20020 -20021 20031 -20032 imp:n,p 1
300012 400012 -2.156 20012 -20013 20020 -20021 20032 -20033 imp:n,p 1
300013 400013 -2.156 20012 -20013 20020 -20021 20033 -20034 imp:n,p 1
300014 400014 -2.156 20012 -20013 20020 -20021 20034 -20035 imp:n,p 1
300015 400015 -2.156 20013 -20014 20020 -20021 20030 -20031 imp:n,p 1
300016 400016 -2.156 20013 -20014 20020 -20021 20031 -20032 imp:n,p 1
300017 400017 -2.156 20013 -20014 20020 -20021 20032 -20033 imp:n,p 1
300018 400018 -2.156 20013 -20014 20020 -20021 20033 -20034 imp:n,p 1
300019 400019 -2.156 20013 -20014 20020 -20021 20034 -20035 imp:n,p 1
300020 400020 -2.156 20014 -20015 20020 -20021 20030 -20031 imp:n,p 1
300021 400021 -2.156 20014 -20015 20020 -20021 20031 -20032 imp:n,p 1
300022 400022 -2.156 20014 -20015 20020 -20021 20032 -20033 imp:n,p 1
300023 400023 -2.156 20014 -20015 20020 -20021 20033 -20034 imp:n,p 1
300024 400024 -2.156 20014 -20015 20020 -20021 20034 -20035 imp:n,p 1
300025 400025 -2.156 20010 -20011 20021 -20022 20030 -20031 imp:n,p 1
300026 400026 -2.156 20010 -20011 20021 -20022 20031 -20032 imp:n,p 1
300027 400027 -2.156 20010 -20011 20021 -20022 20032 -20033 imp:n,p 1
300028 400028 -2.156 20010 -20011 20021 -20022 20033 -20034 imp:n,p 1
300029 400029 -2.156 20010 -20011 20021 -20022 20034 -20035 imp:n,p 1
300030 400030 -2.156 20011 -20012 20021 -20022 20030 -20031 imp:n,p 1
300031 400031 -2.156 20011 -20012 20021 -20022 20031 -20032 imp:n,p 1
300032 400032 -2.156 20011 -20012 20021 -20022 20032 -20033 imp:n,p 1
300033 400033 -2.156 20011 -20012 20021 -20022 20033 -20034 imp:n,p 1
300034 400034 -2.156 20011 -20012 20021 -20022 20034 -20035 imp:n,p 1
300035 400035 -2.156 20012 -20013 20021 -20022 20030 -20031 imp:n,p 1
300036 400036 -2.156 20012 -20013 20021 -20022 20031 -20032 imp:n,p 1
300037 400037 -2.156 20012 -20013 20021 -20022 20032 -20033 imp:n,p 1
300038 400038 -2.156 20012 -20013 20021 -20022 20033 -20034 imp:n,p 1
300039 400039 -2.156 20012 -20013 20021 -20022 20034 -20035 imp:n,p 1
300040 400040 -2.156 20013 -20014 20021 -20022 20030 -20031 imp:n,p 1
300041 400041 -2.156 20013 -20014 20021 -20022 20031 -20032 imp:n,p 1
300042 400042 -2.156 20013 -20014 20021 -20022 20032 -20033 imp:n,p 1
300043 400043 -2.156 20013 -20014 20021 -20022 20033 -20034 imp:n,p 1
300044 400044 -2.156 20013 -20014 20021 -20022 20034 -20035 imp:n,p 1
300045 400045 -2.156 20014 -20015 20021 -20022 20030 -20031 imp:n,p 1
300046 400046 -2.156 20014 -20015 20021 -20022 20031 -20032 imp:n,p 1
300047 400047 -2.156 20014 -20015 20021 -20022 20032 -20033 imp:n,p 1
300048 400048 -2.156 20014 -20015 20021 -20022 20033 -20034 imp:n,p 1
300049 400049 -2.156 20014 -20015 20021 -20022 20034 -20035 imp:n,p 1
300050 400050 -2.156 20010 -20011 20022 -20023 20030 -20031 imp:n,p 1
300051 400051 -2.156 20010 -20011 20022 -20023 20031 -20032 imp:n,p 1
300052 400052 -2.156 20010 -20011 20022 -20023 20032 -20033 imp:n,p 1
300053 400053 -2.156 20010 -20011 20022 -20023 20033 -20034 imp:n,p 1
300054 400054 -2.156 20010 -20011 20022 -20023 20034 -20035 imp:n,p 1
300055 400055 -2.156 20011 -20012 20022 -20023 20030 -20031 imp:n,p 1
300056 400056 -2.156 20011 -20012 20022 -20023 20031 -20032 imp:n,p 1
300057 400057 -2.156 20011 -20012 20022 -20023 20032 -20033 imp:n,p 1
300058 400058 -2.156 20011 -20012 20022 -20023 20033 -20034 imp:n,p 1
300059 400059 -2.156 20011 -20012 20022 -20023 20034 -20035 imp:n,p 1
300060 400060 -2.156 20012 -20013 20022 -20023 20030 -20031 imp:n,p 1
300061 400061 -2.156 20012 -20013 20022 -20023 20031 -20032 imp:n,p 1
300062 400062 -2.156 20012 -20013 20022 -20023 20032 -20033 imp:n,p 1
300063 400063 -2.156 20012 -20013 20022 -20023 20033 -20034 imp:n,p 1
300064 400064 -2.156 20012 -20013 20022 -20023 20034 -20035 imp:n,p 1
300065 400065 -2.156 20013 -20014 20022 -20023 20030 -20031 imp:n,p 1
300066 400066 -2.156 20013 -20014 20022 -20023 20031 -20032 imp:n,p 1
300067 400067 -2.156 20013 -20014 20022 -20023 20032 -20033 imp:n,p 1
300068 400068 -2.156 20013 -20014 20022 -20023 20033 -20034 imp:n,p 1
300069 400069 -2.156 20013 -20014 20022 -20023 20034 -20035 imp:n,p 1
300070 400070 -2.156 20014 -20015 20022 -20023 20030 -20031 imp:n,p 1
300071 400071 -2.156 20014 -20015 20022 -20023 20031 -20032 imp:n,p 1
300072 400072 -2.156 20014 -20015 20022 -20023 20032 -20033 imp:n,p 1
300073 400073 -2.156 20014 -20015 20022 -20023 20033 -20034 imp:n,p 1
300074 400074 -2.156 20014 -20015 20022 -20023 20034 -20035 imp:n,p 1
300075 400075 -2.156 20010 -20011 20023 -20024 20030 -20031 imp:n,p 1
300076 400076 -2.156 20010 -20011 20023 -20024 20031 -20032 imp:n,p 1
300077 400077 -2.156 20010 -20011 20023 -20024 20032 -20033 imp:n,p 1
300078 400078 -2.156 20010 -20011 20023 -20024 20033 -20034 imp:n,p 1
300079 400079 -2.156 20010 -20011 20023 -20024 20034 -20035 imp:n,p 1
300080 400080 -2.156 20011 -20012 20023 -20024 20030 -20031 imp:n,p 1
300081 400081 -2.156 20011 -20012 20023 -20024 20031 -20032 imp:n,p 1
300082 400082 -2.156 20011 -20012 20023 -20024 20032 -20033 imp:n,p 1
300083 400083 -2.156 20011 -20012 20023 -20024 20033 -20034 imp:n,p 1
300084 400084 -2.156 20011 -20012 20023 -20024 20034 -20035 imp:n,p 1
300085 400085 -2.156 20012 -20013 20023 -20024 20030 -20031 imp:n,p 1
300086 400086 -2.156 20012 -20013 20023 -20024 20031 -20032 imp:n,p 1
300087 400087 -2.156 20012 -20013 20023 -20024 20032 -20033 imp:n,p 1
300088 400088 -2.156 20012 -20013 20023 -20024 20033 -20034 imp:n,p 1
300089 400089 -2.156 20012 -20013 20023 -20024 20034 -20035 imp:n,p 1
300090 400090 -2.156 20013 -20014 20023 -20024 20030 -20031 imp:n,p 1
300091 400091 -2.156 20013 -20014 20023 -20024 20031 -20032 imp:n,p 1
300092 400092 -2.156 20013 -20014 20023 -20024 20032 -20033 imp:n,p 1
300093 400093 -2.156 20013 -20014 20023 -20024 20033 -20034 imp:n,p 1
300094 400094 -2.156 20013 -20014 20023 -20024 20034 -20035 imp:n,p 1
300095 400095 -2.156 20014 -20015 20023 -20024 20030 -20031 imp:n,p 1
300096 400096 -2.156 20014 -20015 20023 -20024 20031 -20032 imp:n,p 1
300097 400097 -2.156 20014 -20015 20023 -20024 20032 -20033 imp:n,p 1
300098 400098 -2.156 20014 -20015 20023 -20024 20033 -20034 imp:n,p 1
300099 400099 -2.156 20014 -20015 20023 -20024 20034 -20035 imp:n,p 1
300100 400100 -2.156 20010 -20011 20024 -20025 20030 -20031 imp:n,p 1
300101 400101 -2.156 20010 -20011 20024 -20025 20031 -20032 imp:n,p 1
300102 400102 -2.156 20010 -20011 20024 -20025 20032 -20033 imp:n,p 1
300103 400103 -2.156 20010 -20011 20024 -20025 20033 -20034 imp:n,p 1
300104 400104 -2.156 20010 -20011 20024 -20025 20034 -20035 imp:n,p 1
300105 400105 -2.156 20011 -20012 20024 -20025 20030 -20031 imp:n,p 1
300106 400106 -2.156 20011 -20012 20024 -20025 20031 -20032 imp:n,p 1
300107 400107 -2.156 20011 -20012 20024 -20025 20032 -20033 imp:n,p 1
300108 400108 -2.156 20011 -20012 20024 -20025 20033 -20034 imp:n,p 1
300109 400109 -2.156 20011 -20012 20024 -20025 20034 -20035 imp:n,p 1
300110 400110 -2.156 20012 -20013 20024 -20025 20030 -20031 imp:n,p 1
300111 400111 -2.156 20012 -20013 20024 -20025 20031 -20032 imp:n,p 1
300112 400112 -2.156 20012 -20013 20024 -20025 20032 -20033 imp:n,p 1
300113 400113 -2.156 20012 -20013 20024 -20025 20033 -20034 imp:n,p 1
300114 400114 -2.156 20012 -20013 20024 -20025 20034 -20035 imp:n,p 1
300115 400115 -2.156 20013 -20014 20024 -20025 20030 -20031 imp:n,p 1
300116 400116 -2.156 20013 -20014 20024 -20025 20031 -20032 imp:n,p 1
300117 400117 -2.156 20013 -20014 20024 -20025 20032 -20033 imp:n,p 1
300118 400118 -2.156 20013 -20014 20024 -20025 20033 -20034 imp:n,p 1
300119 400119 -2.156 20013 -20014 20024 -20025 20034 -20035 imp:n,p 1
300120 400120 -2.156 20014 -20015 20024 -20025 20030 -20031 imp:n,p 1
300121 400121 -2.156 20014 -20015 20024 -20025 20031 -20032 imp:n,p 1
300122 400122 -2.156 20014 -20015 20024 -20025 20032 -20033 imp:n,p 1
300123 400123 -2.156 20014 -20015 20024 -20025 20033 -20034 imp:n,p 1
300124 400124 -2.156 20014 -20015 20024 -20025 20034 -20035 imp:n,p 1
c
30 12 -0.00129 -200 #101 #121 #122 #123 #124 #125 #126 #127 #128 #129 #130 #131 #132 #133
        #21 #211 #212 #22 #221 #222 #23 #231 #232 #24 #241 #242 #20 imp:n,p 1 $Rest of the World
31 0 200 imp:n,p 0 $Outside world

c SURFACE CARDS
c
c Sample Volume
20010 px -56.0
20011 px -33.600000000000364
20012 px -11.200000000000728
20013 px 11.200000000000728
20014 px 33.599999999998545
20015 px 56.0
20020 py -45.0
20021 py -27.0
20022 py -9.0
20023 py 9.0
20024 py 27.0
20025 py 45.0
20030 pz 92.0
20031 pz 82.0
20032 pz 72.0
20033 pz 62.0
20034 pz 52.0
20035 pz 42.0
c Active Detector Region
21 rcc 56  -5.0 -1.0   0.0 20.3 0.0   4.5 $Detector 1 Base center, Hx,Hy,Hz, radius
c Shielding Surfaces
c Shielding Pb
31 rpp 19 29 -7.5 7.5 -11 9 $PbPE xmin xmax ymin ymax zmin zmax
32 rpp 9 19 4 9 -11 9 $Pb xmin xmax ymin ymax zmin zmax
33 rpp 9 19 -9 -4 -11 9 $Pb xmin xmax ymin ymax zmin zmax
34 rpp 19 29 7.5 12.5 -11 9 $Pb xmin xmax ymin ymax zmin zmax
35 rpp 19 29 -12.5 -7.5 -11 9 $Pb xmin xmax ymin ymax zmin zmax
36 rpp 29 34 -15 15 -11 9 $Pb xmin xmax ymin ymax zmin zmax
37 rpp 9 19 -4 4 4 9 $Pb xmin xmax ymin ymax zmin zmax
38 rpp -26 26 18 28 -11 9 $BA1 xmin xmax ymin ymax zmin zmax
39 rpp -26 26 -28 -18 -11 9 $BA2 xmin xmax ymin ymax zmin zmax
40 rpp -65 65 -28 28 10 10.5 $Al xmin xmax ymin ymax zmin zmax
401 rpp -27 27 29 34 -11 9 $Fe xmin xmax ymin ymax zmin zmax
402 rpp -27 27 -34 -29 -11 9 $Fe xmin xmax ymin ymax zmin zmax
301 px -20
302 px 18
303 cx 3.71
304 cx 3.81
c Wheels Surfaces
c 23/10.5-12 turf tires, 22.6 lb rubber
c diameter 29cm, tread width 25cm, and sidewall height 13.76 cm
c set thickness of all sides 1.3 cm (s.t. weight is 22.6 lb)
41 rcc -2 77 8   0.0 25 0.0 29 $wheel 1 outer tread surface
42 rcc -2 77 8   0.0 25 0.0 27.7 $wheel 1 inner tread surface
421 rcc -2 75.7 8   0.0 1.3 0.0 29 $wheel 1 outside sidewall exterior
422 rcc -2 75.7 8   0.0 1.3 0.0 15.24 $wheel 1 outside sidewall interior
423 rcc -2 102 8   0.0 1.3 0.0 29 $wheel 1 inside sidewall exterior
424 rcc -2 102 8   0.0 1.3 0.0 15.24 $wheel 1 inside sidewall interior
43 rcc 68 77 8   0.0 25 0.0 29 $wheel 2
44 rcc 68 77 8   0.0 25 0.0 27.7
441 rcc 68 75.7 8   0.0 1.3 0.0 29
442 rcc 68 75.7 8   0.0 1.3 0.0 15.24
443 rcc 68 102 8   0.0 1.3 0.0 29
444 rcc 68 102 8   0.0 1.3 0.0 15.24
45 rcc -2 -77 8   0.0 -25 0.0 29 $wheel 3
46 rcc -2 -77 8   0.0 -25 0.0 27.7
461 rcc -2 -75.7 8   0.0 -1.3 0.0 29
462 rcc -2 -75.7 8   0.0 -1.3 0.0 15.24
463 rcc -2 -102 8   0.0 -1.3 0.0 29
464 rcc -2 -102 8   0.0 -1.3 0.0 15.24
47 rcc 68 -77 8   0.0 -25 0.0 29 $wheel 4
48 rcc 68 -77 8   0.0 -25 0.0 27.7
481 rcc 68 -75.7 8   0.0 -1.3 0.0 29
482 rcc 68 -75.7 8   0.0 -1.3 0.0 15.24
483 rcc 68 -102 8   0.0 -1.3 0.0 29
484 rcc 68 -102 8   0.0 -1.3 0.0 15.24
200 so 800    $sphere of 800cm centered at origin
c

c DATA CARDS
mode n p
c dump every hr
prdmp -60 -60 -1
c 100 keV Neutron Energy Cutoff
Cut:n 1j 0.1
c analog neutron transport
phys:n 1j 14
phys:p
sdef pos=0 0 0 erg=14.0 vec= 0 0 1 dir=d1
si1  -1 .93 1
sp1   0  0.0  1.0
c ********************
c begin material cards
c ********************
c Pure Carbon
c ****************************************
m400000 6000 -0.0001820958788398183 7000 -0.0001820958788398183 14000 -0.9996358082423202 
m400001 6000 -0.0017546035526626242 7000 -0.0017546035526626242 14000 -0.9964907928946748 
m400002 6000 -0.0040873929989136025 7000 -0.0040873929989136025 14000 -0.9918252140021732 
m400003 6000 -0.005906702930495266 7000 -0.005906702930495266 14000 -0.9881865941390096 
m400004 6000 -0.006493365526660949 7000 -0.006493365526660949 14000 -0.9870132689466782 
m400005 6000 -9.530839357373768e-05 7000 -9.530839357373768e-05 14000 -0.9998093832128525 
m400006 6000 -0.0015105902116902845 7000 -0.0015105902116902845 14000 -0.9969788195766195 
m400007 6000 -0.004173607025776245 7000 -0.004173607025776245 14000 -0.9916527859484476 
m400008 6000 -0.0058544032089584185 7000 -0.0058544032089584185 14000 -0.9882911935820833 
m400009 6000 -0.006511685589145167 7000 -0.006511685589145167 14000 -0.9869766288217094 
m400010 6000 -0.00015480780921634847 7000 -0.00015480780921634847 14000 -0.9996903843815673 
m400011 6000 -0.0017674145526012247 7000 -0.0017674145526012247 14000 -0.9964651708947976 
m400012 6000 -0.004166905235230833 7000 -0.004166905235230833 14000 -0.9916661895295378 
m400013 6000 -0.0059800255577251845 7000 -0.0059800255577251845 14000 -0.9880399488845495 
m400014 6000 -0.0065104303321418845 7000 -0.0065104303321418845 14000 -0.9869791393357161 
m400015 6000 -0.00021045631668669087 7000 -0.00021045631668669087 14000 -0.9995790873666266 
m400016 6000 -0.0019329269745731773 7000 -0.0019329269745731773 14000 -0.9961341460508535 
m400017 6000 -0.004152434239071386 7000 -0.004152434239071386 14000 -0.9916951315218574 
m400018 6000 -0.005973647343944939 7000 -0.005973647343944939 14000 -0.9880527053121101 
m400019 6000 -0.00650656696512114 7000 -0.00650656696512114 14000 -0.9869868660697578 
m400020 6000 -0.0001570199215340324 7000 -0.0001570199215340324 14000 -0.9996859601569319 
m400021 6000 -0.0017473812576201191 7000 -0.0017473812576201191 14000 -0.9965052374847597 
m400022 6000 -0.00423267698968436 7000 -0.00423267698968436 14000 -0.9915346460206313 
m400023 6000 -0.006044608205583426 7000 -0.006044608205583426 14000 -0.9879107835888332 
m400024 6000 -0.0065287713450656645 7000 -0.0065287713450656645 14000 -0.9869424573098685 
m400025 6000 -0.00010714894548444083 7000 -0.00010714894548444083 14000 -0.9997857021090311 
m400026 6000 -0.0016344447930867645 7000 -0.0016344447930867645 14000 -0.9967311104138267 
m400027 6000 -0.003978664623151559 7000 -0.003978664623151559 14000 -0.9920426707536966 
m400028 6000 -0.005904736106802641 7000 -0.005904736106802641 14000 -0.9881905277863945 
m400029 6000 -0.006535166000370716 7000 -0.006535166000370716 14000 -0.9869296679992585 
m400030 6000 -0.00032029982154779953 7000 -0.00032029982154779953 14000 -0.9993594003569044 
m400031 6000 -0.0018742689065119594 7000 -0.0018742689065119594 14000 -0.9962514621869762 
m400032 6000 -0.004369982369244508 7000 -0.004369982369244508 14000 -0.9912600352615115 
m400033 6000 -0.005694936061504396 7000 -0.005694936061504396 14000 -0.9886101278769914 
m400034 6000 -0.0064980051909959095 7000 -0.0064980051909959095 14000 -0.9870039896180081 
m400035 6000 -0.000267311768848255 7000 -0.000267311768848255 14000 -0.9994653764623034 
m400036 6000 -0.0011793677174009199 7000 -0.0011793677174009199 14000 -0.9976412645651979 
m400037 6000 -0.004040481521092998 7000 -0.004040481521092998 14000 -0.9919190369578138 
m400038 6000 -0.005923217466451141 7000 -0.005923217466451141 14000 -0.9881535650670976 
m400039 6000 -0.0064747281641942215 7000 -0.0064747281641942215 14000 -0.9870505436716114 
m400040 6000 -0.00026342950395705076 7000 -0.00026342950395705076 14000 -0.999473140992086 
m400041 6000 -0.0018293634203689374 7000 -0.0018293634203689374 14000 -0.9963412731592619 
m400042 6000 -0.004069769451685572 7000 -0.004069769451685572 14000 -0.991860461096629 
m400043 6000 -0.006016963844566951 7000 -0.006016963844566951 14000 -0.987966072310866 
m400044 6000 -0.006470921442816596 7000 -0.006470921442816596 14000 -0.987058157114367 
m400045 6000 -0.00019513331762356612 7000 -0.00019513331762356612 14000 -0.9996097333647528 
m400046 6000 -0.001853851237044076 7000 -0.001853851237044076 14000 -0.9962922975259119 
m400047 6000 -0.004037521963465571 7000 -0.004037521963465571 14000 -0.9919249560730689 
m400048 6000 -0.006029451438109984 7000 -0.006029451438109984 14000 -0.9879410971237798 
m400049 6000 -0.006505601348315103 7000 -0.006505601348315103 14000 -0.9869887973033697 
m400050 6000 -6.594348547084636e-05 7000 -6.594348547084636e-05 14000 -0.9998681130290583 
m400051 6000 -0.0018820132705492266 7000 -0.0018820132705492266 14000 -0.9962359734589018 
m400052 6000 -0.004021548975323131 7000 -0.004021548975323131 14000 -0.9919569020493537 
m400053 6000 -0.005848592483312467 7000 -0.005848592483312467 14000 -0.9883028150333751 
m400054 6000 -0.00653543674957894 7000 -0.00653543674957894 14000 -0.9869291265008425 
m400055 6000 -0.0001510283227157584 7000 -0.0001510283227157584 14000 -0.9996979433545683 
m400056 6000 -0.0016286913977449995 7000 -0.0016286913977449995 14000 -0.9967426172045099 
m400057 6000 -0.003959257735190346 7000 -0.003959257735190346 14000 -0.9920814845296195 
m400058 6000 -0.00590734563679651 7000 -0.00590734563679651 14000 -0.9881853087264066 
m400059 6000 -0.0065215135564581205 7000 -0.0065215135564581205 14000 -0.9869569728870838 
m400060 6000 -0.0001724306385495468 7000 -0.0001724306385495468 14000 -0.9996551387229009 
m400061 6000 -0.0015663442472777197 7000 -0.0015663442472777197 14000 -0.9968673115054445 
m400062 6000 -0.0041384395842412975 7000 -0.0041384395842412975 14000 -0.9917231208315177 
m400063 6000 -0.005980115881553012 7000 -0.005980115881553012 14000 -0.9880397682368941 
m400064 6000 -0.006530493441986322 7000 -0.006530493441986322 14000 -0.9869390131160273 
m400065 6000 -0.00018255638973774038 7000 -0.00018255638973774038 14000 -0.9996348872205246 
m400066 6000 -0.0021618911915962306 7000 -0.0021618911915962306 14000 -0.9956762176168076 
m400067 6000 -0.003981738382709475 7000 -0.003981738382709475 14000 -0.992036523234581 
m400068 6000 -0.005957795290422821 7000 -0.005957795290422821 14000 -0.9880844094191543 
m400069 6000 -0.006506269788370166 7000 -0.006506269788370166 14000 -0.9869874604232599 
m400070 6000 -0.000125389437357761 7000 -0.000125389437357761 14000 -0.9997492211252844 
m400071 6000 -0.0019271279244170191 7000 -0.0019271279244170191 14000 -0.996145744151166 
m400072 6000 -0.004096909061125636 7000 -0.004096909061125636 14000 -0.9918061818777492 
m400073 6000 -0.006074568746429025 7000 -0.006074568746429025 14000 -0.9878508625071423 
m400074 6000 -0.006500551696244849 7000 -0.006500551696244849 14000 -0.9869988966075102 
m400075 6000 -0.00015182766701938227 7000 -0.00015182766701938227 14000 -0.999696344665961 
m400076 6000 -0.0018136627550928582 7000 -0.0018136627550928582 14000 -0.9963726744898141 
m400077 6000 -0.004304828066987879 7000 -0.004304828066987879 14000 -0.9913903438660243 
m400078 6000 -0.005850470909911092 7000 -0.005850470909911092 14000 -0.9882990581801779 
m400079 6000 -0.006529082897988568 7000 -0.006529082897988568 14000 -0.9869418342040231 
m400080 6000 -0.00016260249356700988 7000 -0.00016260249356700988 14000 -0.9996747950128659 
m400081 6000 -0.0017919119219202465 7000 -0.0017919119219202465 14000 -0.9964161761561595 
m400082 6000 -0.003993023321095223 7000 -0.003993023321095223 14000 -0.9920139533578096 
m400083 6000 -0.005906025127628164 7000 -0.005906025127628164 14000 -0.9881879497447437 
m400084 6000 -0.00649825086405461 7000 -0.00649825086405461 14000 -0.9870034982718908 
m400085 6000 -9.911981996323323e-05 7000 -9.911981996323323e-05 14000 -0.9998017603600735 
m400086 6000 -0.0016336524455254791 7000 -0.0016336524455254791 14000 -0.9967326951089488 
m400087 6000 -0.0040241706916752315 7000 -0.0040241706916752315 14000 -0.9919516586166498 
m400088 6000 -0.006041233661262233 7000 -0.006041233661262233 14000 -0.9879175326774755 
m400089 6000 -0.0065036862115771445 7000 -0.0065036862115771445 14000 -0.986992627576846 
m400090 6000 -0.00011048244905810864 7000 -0.00011048244905810864 14000 -0.9997790351018837 
m400091 6000 -0.001518026238035731 7000 -0.001518026238035731 14000 -0.9969639475239285 
m400092 6000 -0.004018961602052912 7000 -0.004018961602052912 14000 -0.9919620767958941 
m400093 6000 -0.005921777438973127 7000 -0.005921777438973127 14000 -0.9881564451220538 
m400094 6000 -0.006508531621273036 7000 -0.006508531621273036 14000 -0.9869829367574541 
m400095 6000 -0.00015073988022766202 7000 -0.00015073988022766202 14000 -0.9996985202395448 
m400096 6000 -0.0019197411718930072 7000 -0.0019197411718930072 14000 -0.9961605176562139 
m400097 6000 -0.0044979502885287145 7000 -0.0044979502885287145 14000 -0.9910040994229428 
m400098 6000 -0.005852838022651198 7000 -0.005852838022651198 14000 -0.9882943239546974 
m400099 6000 -0.006528771003158641 7000 -0.006528771003158641 14000 -0.9869424579936826 
m400100 6000 -0.0002102095093464626 7000 -0.0002102095093464626 14000 -0.9995795809813073 
m400101 6000 -0.0014265168054477767 7000 -0.0014265168054477767 14000 -0.9971469663891047 
m400102 6000 -0.003979803461991182 7000 -0.003979803461991182 14000 -0.9920403930760177 
m400103 6000 -0.0061178253707392495 7000 -0.0061178253707392495 14000 -0.9877643492585213 
m400104 6000 -0.006479667215715901 7000 -0.006479667215715901 14000 -0.9870406655685684 
m400105 6000 -0.0002135900312565483 7000 -0.0002135900312565483 14000 -0.9995728199374869 
m400106 6000 -0.0015857337110219188 7000 -0.0015857337110219188 14000 -0.9968285325779561 
m400107 6000 -0.004359215255715446 7000 -0.004359215255715446 14000 -0.9912815694885689 
m400108 6000 -0.005925321118981448 7000 -0.005925321118981448 14000 -0.9881493577620367 
m400109 6000 -0.006484742689046069 7000 -0.006484742689046069 14000 -0.9870305146219078 
m400110 6000 -0.0002200871031412007 7000 -0.0002200871031412007 14000 -0.9995598257937175 
m400111 6000 -0.0022394548954206813 7000 -0.0022394548954206813 14000 -0.9955210902091587 
m400112 6000 -0.004523444783358377 7000 -0.004523444783358377 14000 -0.9909531104332829 
m400113 6000 -0.006123649705787304 7000 -0.006123649705787304 14000 -0.9877527005884252 
m400114 6000 -0.0065078724002654185 7000 -0.0065078724002654185 14000 -0.9869842551994691 
m400115 6000 -0.00018549933545024592 7000 -0.00018549933545024592 14000 -0.9996290013290995 
m400116 6000 -0.001548240631118431 7000 -0.001548240631118431 14000 -0.9969035187377632 
m400117 6000 -0.00415832652440147 7000 -0.00415832652440147 14000 -0.9916833469511971 
m400118 6000 -0.005911536626721935 7000 -0.005911536626721935 14000 -0.988176926746556 
m400119 6000 -0.006487365242897992 7000 -0.006487365242897992 14000 -0.9870252695142038 
m400120 6000 -0.00015059734773164183 7000 -0.00015059734773164183 14000 -0.9996988053045367 
m400121 6000 -0.0015945701524909645 7000 -0.0015945701524909645 14000 -0.996810859695018 
m400122 6000 -0.004535118537216981 7000 -0.004535118537216981 14000 -0.9909297629255659 
m400123 6000 -0.005924686518915634 7000 -0.005924686518915634 14000 -0.9881506269621687 
m400124 6000 -0.006514597191196456 7000 -0.006514597191196456 14000 -0.9869708056176064 
c **********************************
c PE+Pb, dens=4.78 g/cm3
m2      6000    -0.04286 $Carbon
        1001    -0.00714 $Hydrogen
        82000   -0.95000 $Lead
c **********************************
m3    1001 -0.048535 $Boric acid
      5010 -0.034981
      5011 -0.139923
      8016 -0.776561
c **********************************
m4    82000 1 $Lead
c **********************************
m5 26000 1 $Iron
c **********************************
m6     13027   -1.000 $ Aluminum
c **********************************
c  SS-304 (8.00 g/cm3), #298 in PNNL Compendium
m7   006000.50c -0.0004000
     014000.60c -0.0050000
     015031.50c -0.0002300
     016000.60c -0.0001500
     024000.50c -0.1899981
     025055.60c -0.0099999
     026000.50c -0.7017229
     028000.50c -0.0924991
c ****************************************
c       LaBr detector
c ****************************************
m8       35079    -0.2946       $ Br79
         35081    -0.3069       $ Br81
         57139    -0.3485       $ La139
         58140    -0.0500       $ Ce140
c ************ air den=1.15e-3g/cc
m12     8016 -0.23
        7014 -0.77
c ************ Rubber Natural den=0.92 g/cc
m13     1001 -0.118371  $weight fraction
        6000 -0.881629
c
c end material cards
c
rand seed=8674536546524321 $different initial random #; seed# - any less 18 digits
c
c ********** begin tallies *********************
fc78 *********Broadened Pulse Height Tally Sum of Detectors 1,2 & 3 ***********
e78 0 1e-5 932i 8.4295
F78:p (101)
FT78 GEB -0.026198 0.059551 -0.037176
fc18 *********Unbroadened Pulse Height Tally Sum of Detectors 1,2 & 3 ***********
e18 0 1e-5 932i 8.4295
F18:p (101)
c ***********************************
c mplot tal 78 freq 10000
nps 1e9
