c CAS DETECTOR
c w/ Shielding in Place and Wheels
c
c CELL CARDS
c
c @@@@@@@@@@ Detectors @@@@@@@@@@@@@@@@@
c
101 8 -5.08 -21 imp:n,p 1 $LaBr Detector #1 Active Region
c
c @@@@@@@@@ Shielding @@@@@@@@@@@@@@@@@
c
121 2 -4.78 -31 imp:n,p 1 $PE_Pb
122 4 -11.29 -32 imp:n,p 1 $Pb1
123 4 -11.29 -33 imp:n,p 1 $Pb2
124 4 -11.29 -34 imp:n,p 1 $Pb3
125 4 -11.29 -35 imp:n,p 1 $Pb4
126 4 -11.29 -36 imp:n,p 1 $Pb5
127 4 -11.29 -37 imp:n,p 1 $Pb6
128 3 -1.5 -38 imp:n,p 1 $BA1
129 3 -1.5 -39 imp:n,p 1 $BA2
130 6 -2.7 -40 imp:n,p 1 $Al
131 7 -7.92 301 -302 303 -304 imp:n,p 1 $Fe-tube
132 5 -7.8 -401 imp:n,p 1 $Fe
133 5 -7.8 -402 imp:n,p 1 $Fe
c @@@@@@@@@@ Wheels @@@@@@@@@@@@@@@@@
c
21 13 -0.92 -41 42 imp:n,p 1 $Wheel 1
211 13 -0.92 -421 422 imp:n,p 1 $Wheel 1
212 13 -0.92 -423 424 imp:n,p 1 $Wheel 1
22 13 -0.92 -43 44 imp:n,p 1 $Wheel 2
221 13 -0.92 -441 442 imp:n,p 1 $Wheel 2
222 13 -0.92 -443 444 imp:n,p 1 $Wheel 2
23 13 -0.92 -45 46 imp:n,p 1 $Wheel 3
231 13 -0.92 -461 462 imp:n,p 1 $Wheel 3
232 13 -0.92 -463 464 imp:n,p 1 $Wheel 3
24 13 -0.92 -47 48 imp:n,p 1 $Wheel 4
241 13 -0.92 -481 482 imp:n,p 1 $Wheel 4
242 13 -0.92 -483 484 imp:n,p 1 $Wheel 4
c
c @@@@@@@@@@ SOIL VOLUME @@@@@@@@@@@
c
300000 400000 -2.156 20010 -20011 20020 -20021 20030 -20031 imp:n,p 1
300001 400001 -2.156 20010 -20011 20020 -20021 20031 -20032 imp:n,p 1
300002 400002 -2.156 20010 -20011 20020 -20021 20032 -20033 imp:n,p 1
300003 400003 -2.156 20010 -20011 20020 -20021 20033 -20034 imp:n,p 1
300004 400004 -2.156 20010 -20011 20020 -20021 20034 -20035 imp:n,p 1
300005 400005 -2.156 20011 -20012 20020 -20021 20030 -20031 imp:n,p 1
300006 400006 -2.156 20011 -20012 20020 -20021 20031 -20032 imp:n,p 1
300007 400007 -2.156 20011 -20012 20020 -20021 20032 -20033 imp:n,p 1
300008 400008 -2.156 20011 -20012 20020 -20021 20033 -20034 imp:n,p 1
300009 400009 -2.156 20011 -20012 20020 -20021 20034 -20035 imp:n,p 1
300010 400010 -2.156 20012 -20013 20020 -20021 20030 -20031 imp:n,p 1
300011 400011 -2.156 20012 -20013 20020 -20021 20031 -20032 imp:n,p 1
300012 400012 -2.156 20012 -20013 20020 -20021 20032 -20033 imp:n,p 1
300013 400013 -2.156 20012 -20013 20020 -20021 20033 -20034 imp:n,p 1
300014 400014 -2.156 20012 -20013 20020 -20021 20034 -20035 imp:n,p 1
300015 400015 -2.156 20013 -20014 20020 -20021 20030 -20031 imp:n,p 1
300016 400016 -2.156 20013 -20014 20020 -20021 20031 -20032 imp:n,p 1
300017 400017 -2.156 20013 -20014 20020 -20021 20032 -20033 imp:n,p 1
300018 400018 -2.156 20013 -20014 20020 -20021 20033 -20034 imp:n,p 1
300019 400019 -2.156 20013 -20014 20020 -20021 20034 -20035 imp:n,p 1
300020 400020 -2.156 20014 -20015 20020 -20021 20030 -20031 imp:n,p 1
300021 400021 -2.156 20014 -20015 20020 -20021 20031 -20032 imp:n,p 1
300022 400022 -2.156 20014 -20015 20020 -20021 20032 -20033 imp:n,p 1
300023 400023 -2.156 20014 -20015 20020 -20021 20033 -20034 imp:n,p 1
300024 400024 -2.156 20014 -20015 20020 -20021 20034 -20035 imp:n,p 1
300025 400025 -2.156 20010 -20011 20021 -20022 20030 -20031 imp:n,p 1
300026 400026 -2.156 20010 -20011 20021 -20022 20031 -20032 imp:n,p 1
300027 400027 -2.156 20010 -20011 20021 -20022 20032 -20033 imp:n,p 1
300028 400028 -2.156 20010 -20011 20021 -20022 20033 -20034 imp:n,p 1
300029 400029 -2.156 20010 -20011 20021 -20022 20034 -20035 imp:n,p 1
300030 400030 -2.156 20011 -20012 20021 -20022 20030 -20031 imp:n,p 1
300031 400031 -2.156 20011 -20012 20021 -20022 20031 -20032 imp:n,p 1
300032 400032 -2.156 20011 -20012 20021 -20022 20032 -20033 imp:n,p 1
300033 400033 -2.156 20011 -20012 20021 -20022 20033 -20034 imp:n,p 1
300034 400034 -2.156 20011 -20012 20021 -20022 20034 -20035 imp:n,p 1
300035 400035 -2.156 20012 -20013 20021 -20022 20030 -20031 imp:n,p 1
300036 400036 -2.156 20012 -20013 20021 -20022 20031 -20032 imp:n,p 1
300037 400037 -2.156 20012 -20013 20021 -20022 20032 -20033 imp:n,p 1
300038 400038 -2.156 20012 -20013 20021 -20022 20033 -20034 imp:n,p 1
300039 400039 -2.156 20012 -20013 20021 -20022 20034 -20035 imp:n,p 1
300040 400040 -2.156 20013 -20014 20021 -20022 20030 -20031 imp:n,p 1
300041 400041 -2.156 20013 -20014 20021 -20022 20031 -20032 imp:n,p 1
300042 400042 -2.156 20013 -20014 20021 -20022 20032 -20033 imp:n,p 1
300043 400043 -2.156 20013 -20014 20021 -20022 20033 -20034 imp:n,p 1
300044 400044 -2.156 20013 -20014 20021 -20022 20034 -20035 imp:n,p 1
300045 400045 -2.156 20014 -20015 20021 -20022 20030 -20031 imp:n,p 1
300046 400046 -2.156 20014 -20015 20021 -20022 20031 -20032 imp:n,p 1
300047 400047 -2.156 20014 -20015 20021 -20022 20032 -20033 imp:n,p 1
300048 400048 -2.156 20014 -20015 20021 -20022 20033 -20034 imp:n,p 1
300049 400049 -2.156 20014 -20015 20021 -20022 20034 -20035 imp:n,p 1
300050 400050 -2.156 20010 -20011 20022 -20023 20030 -20031 imp:n,p 1
300051 400051 -2.156 20010 -20011 20022 -20023 20031 -20032 imp:n,p 1
300052 400052 -2.156 20010 -20011 20022 -20023 20032 -20033 imp:n,p 1
300053 400053 -2.156 20010 -20011 20022 -20023 20033 -20034 imp:n,p 1
300054 400054 -2.156 20010 -20011 20022 -20023 20034 -20035 imp:n,p 1
300055 400055 -2.156 20011 -20012 20022 -20023 20030 -20031 imp:n,p 1
300056 400056 -2.156 20011 -20012 20022 -20023 20031 -20032 imp:n,p 1
300057 400057 -2.156 20011 -20012 20022 -20023 20032 -20033 imp:n,p 1
300058 400058 -2.156 20011 -20012 20022 -20023 20033 -20034 imp:n,p 1
300059 400059 -2.156 20011 -20012 20022 -20023 20034 -20035 imp:n,p 1
300060 400060 -2.156 20012 -20013 20022 -20023 20030 -20031 imp:n,p 1
300061 400061 -2.156 20012 -20013 20022 -20023 20031 -20032 imp:n,p 1
300062 400062 -2.156 20012 -20013 20022 -20023 20032 -20033 imp:n,p 1
300063 400063 -2.156 20012 -20013 20022 -20023 20033 -20034 imp:n,p 1
300064 400064 -2.156 20012 -20013 20022 -20023 20034 -20035 imp:n,p 1
300065 400065 -2.156 20013 -20014 20022 -20023 20030 -20031 imp:n,p 1
300066 400066 -2.156 20013 -20014 20022 -20023 20031 -20032 imp:n,p 1
300067 400067 -2.156 20013 -20014 20022 -20023 20032 -20033 imp:n,p 1
300068 400068 -2.156 20013 -20014 20022 -20023 20033 -20034 imp:n,p 1
300069 400069 -2.156 20013 -20014 20022 -20023 20034 -20035 imp:n,p 1
300070 400070 -2.156 20014 -20015 20022 -20023 20030 -20031 imp:n,p 1
300071 400071 -2.156 20014 -20015 20022 -20023 20031 -20032 imp:n,p 1
300072 400072 -2.156 20014 -20015 20022 -20023 20032 -20033 imp:n,p 1
300073 400073 -2.156 20014 -20015 20022 -20023 20033 -20034 imp:n,p 1
300074 400074 -2.156 20014 -20015 20022 -20023 20034 -20035 imp:n,p 1
300075 400075 -2.156 20010 -20011 20023 -20024 20030 -20031 imp:n,p 1
300076 400076 -2.156 20010 -20011 20023 -20024 20031 -20032 imp:n,p 1
300077 400077 -2.156 20010 -20011 20023 -20024 20032 -20033 imp:n,p 1
300078 400078 -2.156 20010 -20011 20023 -20024 20033 -20034 imp:n,p 1
300079 400079 -2.156 20010 -20011 20023 -20024 20034 -20035 imp:n,p 1
300080 400080 -2.156 20011 -20012 20023 -20024 20030 -20031 imp:n,p 1
300081 400081 -2.156 20011 -20012 20023 -20024 20031 -20032 imp:n,p 1
300082 400082 -2.156 20011 -20012 20023 -20024 20032 -20033 imp:n,p 1
300083 400083 -2.156 20011 -20012 20023 -20024 20033 -20034 imp:n,p 1
300084 400084 -2.156 20011 -20012 20023 -20024 20034 -20035 imp:n,p 1
300085 400085 -2.156 20012 -20013 20023 -20024 20030 -20031 imp:n,p 1
300086 400086 -2.156 20012 -20013 20023 -20024 20031 -20032 imp:n,p 1
300087 400087 -2.156 20012 -20013 20023 -20024 20032 -20033 imp:n,p 1
300088 400088 -2.156 20012 -20013 20023 -20024 20033 -20034 imp:n,p 1
300089 400089 -2.156 20012 -20013 20023 -20024 20034 -20035 imp:n,p 1
300090 400090 -2.156 20013 -20014 20023 -20024 20030 -20031 imp:n,p 1
300091 400091 -2.156 20013 -20014 20023 -20024 20031 -20032 imp:n,p 1
300092 400092 -2.156 20013 -20014 20023 -20024 20032 -20033 imp:n,p 1
300093 400093 -2.156 20013 -20014 20023 -20024 20033 -20034 imp:n,p 1
300094 400094 -2.156 20013 -20014 20023 -20024 20034 -20035 imp:n,p 1
300095 400095 -2.156 20014 -20015 20023 -20024 20030 -20031 imp:n,p 1
300096 400096 -2.156 20014 -20015 20023 -20024 20031 -20032 imp:n,p 1
300097 400097 -2.156 20014 -20015 20023 -20024 20032 -20033 imp:n,p 1
300098 400098 -2.156 20014 -20015 20023 -20024 20033 -20034 imp:n,p 1
300099 400099 -2.156 20014 -20015 20023 -20024 20034 -20035 imp:n,p 1
300100 400100 -2.156 20010 -20011 20024 -20025 20030 -20031 imp:n,p 1
300101 400101 -2.156 20010 -20011 20024 -20025 20031 -20032 imp:n,p 1
300102 400102 -2.156 20010 -20011 20024 -20025 20032 -20033 imp:n,p 1
300103 400103 -2.156 20010 -20011 20024 -20025 20033 -20034 imp:n,p 1
300104 400104 -2.156 20010 -20011 20024 -20025 20034 -20035 imp:n,p 1
300105 400105 -2.156 20011 -20012 20024 -20025 20030 -20031 imp:n,p 1
300106 400106 -2.156 20011 -20012 20024 -20025 20031 -20032 imp:n,p 1
300107 400107 -2.156 20011 -20012 20024 -20025 20032 -20033 imp:n,p 1
300108 400108 -2.156 20011 -20012 20024 -20025 20033 -20034 imp:n,p 1
300109 400109 -2.156 20011 -20012 20024 -20025 20034 -20035 imp:n,p 1
300110 400110 -2.156 20012 -20013 20024 -20025 20030 -20031 imp:n,p 1
300111 400111 -2.156 20012 -20013 20024 -20025 20031 -20032 imp:n,p 1
300112 400112 -2.156 20012 -20013 20024 -20025 20032 -20033 imp:n,p 1
300113 400113 -2.156 20012 -20013 20024 -20025 20033 -20034 imp:n,p 1
300114 400114 -2.156 20012 -20013 20024 -20025 20034 -20035 imp:n,p 1
300115 400115 -2.156 20013 -20014 20024 -20025 20030 -20031 imp:n,p 1
300116 400116 -2.156 20013 -20014 20024 -20025 20031 -20032 imp:n,p 1
300117 400117 -2.156 20013 -20014 20024 -20025 20032 -20033 imp:n,p 1
300118 400118 -2.156 20013 -20014 20024 -20025 20033 -20034 imp:n,p 1
300119 400119 -2.156 20013 -20014 20024 -20025 20034 -20035 imp:n,p 1
300120 400120 -2.156 20014 -20015 20024 -20025 20030 -20031 imp:n,p 1
300121 400121 -2.156 20014 -20015 20024 -20025 20031 -20032 imp:n,p 1
300122 400122 -2.156 20014 -20015 20024 -20025 20032 -20033 imp:n,p 1
300123 400123 -2.156 20014 -20015 20024 -20025 20033 -20034 imp:n,p 1
300124 400124 -2.156 20014 -20015 20024 -20025 20034 -20035 imp:n,p 1
c
30 12 -0.00129 -200 #101 #121 #122 #123 #124 #125 #126 #127 #128 #129 #130 #131 #132 #133
        #21 #211 #212 #22 #221 #222 #23 #231 #232 #24 #241 #242 #20 imp:n,p 1 $Rest of the World
31 0 200 imp:n,p 0 $Outside world

c SURFACE CARDS
c
c Sample Volume
20010 px -56.0
20011 px -33.600000000000364
20012 px -11.199999999999818
20013 px 11.199999999999818
20014 px 33.600000000000364
20015 px 56.0
20020 py -45.0
20021 py -27.0
20022 py -9.0
20023 py 9.0
20024 py 27.0
20025 py 45.0
20030 pz 92.0
20031 pz 82.0
20032 pz 72.0
20033 pz 62.0
20034 pz 52.0
20035 pz 42.0
c Active Detector Region
21 rcc 56  -5.0 -1.0   0.0 20.3 0.0   4.5 $Detector 1 Base center, Hx,Hy,Hz, radius
c Shielding Surfaces
c Shielding Pb
31 rpp 19 29 -7.5 7.5 -11 9 $PbPE xmin xmax ymin ymax zmin zmax
32 rpp 9 19 4 9 -11 9 $Pb xmin xmax ymin ymax zmin zmax
33 rpp 9 19 -9 -4 -11 9 $Pb xmin xmax ymin ymax zmin zmax
34 rpp 19 29 7.5 12.5 -11 9 $Pb xmin xmax ymin ymax zmin zmax
35 rpp 19 29 -12.5 -7.5 -11 9 $Pb xmin xmax ymin ymax zmin zmax
36 rpp 29 34 -15 15 -11 9 $Pb xmin xmax ymin ymax zmin zmax
37 rpp 9 19 -4 4 4 9 $Pb xmin xmax ymin ymax zmin zmax
38 rpp -26 26 18 28 -11 9 $BA1 xmin xmax ymin ymax zmin zmax
39 rpp -26 26 -28 -18 -11 9 $BA2 xmin xmax ymin ymax zmin zmax
40 rpp -65 65 -28 28 10 10.5 $Al xmin xmax ymin ymax zmin zmax
401 rpp -27 27 29 34 -11 9 $Fe xmin xmax ymin ymax zmin zmax
402 rpp -27 27 -34 -29 -11 9 $Fe xmin xmax ymin ymax zmin zmax
301 px -20
302 px 18
303 cx 3.71
304 cx 3.81
c Wheels Surfaces
c 23/10.5-12 turf tires, 22.6 lb rubber
c diameter 29cm, tread width 25cm, and sidewall height 13.76 cm
c set thickness of all sides 1.3 cm (s.t. weight is 22.6 lb)
41 rcc -2 77 8   0.0 25 0.0 29 $wheel 1 outer tread surface
42 rcc -2 77 8   0.0 25 0.0 27.7 $wheel 1 inner tread surface
421 rcc -2 75.7 8   0.0 1.3 0.0 29 $wheel 1 outside sidewall exterior
422 rcc -2 75.7 8   0.0 1.3 0.0 15.24 $wheel 1 outside sidewall interior
423 rcc -2 102 8   0.0 1.3 0.0 29 $wheel 1 inside sidewall exterior
424 rcc -2 102 8   0.0 1.3 0.0 15.24 $wheel 1 inside sidewall interior
43 rcc 68 77 8   0.0 25 0.0 29 $wheel 2
44 rcc 68 77 8   0.0 25 0.0 27.7
441 rcc 68 75.7 8   0.0 1.3 0.0 29
442 rcc 68 75.7 8   0.0 1.3 0.0 15.24
443 rcc 68 102 8   0.0 1.3 0.0 29
444 rcc 68 102 8   0.0 1.3 0.0 15.24
45 rcc -2 -77 8   0.0 -25 0.0 29 $wheel 3
46 rcc -2 -77 8   0.0 -25 0.0 27.7
461 rcc -2 -75.7 8   0.0 -1.3 0.0 29
462 rcc -2 -75.7 8   0.0 -1.3 0.0 15.24
463 rcc -2 -102 8   0.0 -1.3 0.0 29
464 rcc -2 -102 8   0.0 -1.3 0.0 15.24
47 rcc 68 -77 8   0.0 -25 0.0 29 $wheel 4
48 rcc 68 -77 8   0.0 -25 0.0 27.7
481 rcc 68 -75.7 8   0.0 -1.3 0.0 29
482 rcc 68 -75.7 8   0.0 -1.3 0.0 15.24
483 rcc 68 -102 8   0.0 -1.3 0.0 29
484 rcc 68 -102 8   0.0 -1.3 0.0 15.24
200 so 800    $sphere of 800cm centered at origin
c

c DATA CARDS
mode n p
c dump every hr
prdmp -60 -60 -1
c 100 keV Neutron Energy Cutoff
Cut:n 1j 0.1
c analog neutron transport
phys:n 1j 14
phys:p
sdef pos=0 0 0 erg=14.0 vec= 0 0 1 dir=d1
si1  -1 .93 1
sp1   0  0.0  1.0
c ********************
c begin material cards
c ********************
c Pure Carbon
c ****************************************
m400000 6000 -0.0001630171395731915 7000 -0.0001630171395731915 14000 -0.9996739657208538 
m400001 6000 -0.0021135996321768585 7000 -0.0021135996321768585 14000 -0.9957728007356461 
m400002 6000 -0.004432156470947865 7000 -0.004432156470947865 14000 -0.9911356870581042 
m400003 6000 -0.00617022302358877 7000 -0.00617022302358877 14000 -0.9876595539528225 
m400004 6000 -0.006594694390880105 7000 -0.006594694390880105 14000 -0.98681061121824 
m400005 6000 -0.0001530143390762365 7000 -0.0001530143390762365 14000 -0.9996939713218476 
m400006 6000 -0.0019667643940791996 7000 -0.0019667643940791996 14000 -0.9960664712118416 
m400007 6000 -0.004213598187581237 7000 -0.004213598187581237 14000 -0.9915728036248376 
m400008 6000 -0.005929253345885574 7000 -0.005929253345885574 14000 -0.988141493308229 
m400009 6000 -0.006632145923022184 7000 -0.006632145923022184 14000 -0.9867357081539554 
m400010 6000 -0.00024109737151688338 7000 -0.00024109737151688338 14000 -0.9995178052569663 
m400011 6000 -0.0014478085831473152 7000 -0.0014478085831473152 14000 -0.9971043828337058 
m400012 6000 -0.004121412359794711 7000 -0.004121412359794711 14000 -0.9917571752804107 
m400013 6000 -0.00611326519673853 7000 -0.00611326519673853 14000 -0.9877734696065229 
m400014 6000 -0.006601222888411196 7000 -0.006601222888411196 14000 -0.9867975542231775 
m400015 6000 -0.00017143304443264487 7000 -0.00017143304443264487 14000 -0.9996571339111349 
m400016 6000 -0.001641067735536263 7000 -0.001641067735536263 14000 -0.9967178645289274 
m400017 6000 -0.004248229361008848 7000 -0.004248229361008848 14000 -0.9915035412779826 
m400018 6000 -0.00620004578163424 7000 -0.00620004578163424 14000 -0.9875999084367312 
m400019 6000 -0.006629628588937327 7000 -0.006629628588937327 14000 -0.9867407428221253 
m400020 6000 -0.00015957607782438336 7000 -0.00015957607782438336 14000 -0.9996808478443512 
m400021 6000 -0.001748284561587374 7000 -0.001748284561587374 14000 -0.9965034308768251 
m400022 6000 -0.004596879086581008 7000 -0.004596879086581008 14000 -0.990806241826838 
m400023 6000 -0.005849930076738899 7000 -0.005849930076738899 14000 -0.9883001398465224 
m400024 6000 -0.006631572501062135 7000 -0.006631572501062135 14000 -0.9867368549978757 
m400025 6000 -0.00013296555665938438 7000 -0.00013296555665938438 14000 -0.999734068886681 
m400026 6000 -0.0017125803936256902 7000 -0.0017125803936256902 14000 -0.9965748392127486 
m400027 6000 -0.004284208500259704 7000 -0.004284208500259704 14000 -0.9914315829994805 
m400028 6000 -0.005956326643128319 7000 -0.005956326643128319 14000 -0.9880873467137435 
m400029 6000 -0.006639225531994692 7000 -0.006639225531994692 14000 -0.9867215489360105 
m400030 6000 -0.00013569430998885065 7000 -0.00013569430998885065 14000 -0.9997286113800223 
m400031 6000 -0.0017468379580617528 7000 -0.0017468379580617528 14000 -0.9965063240838764 
m400032 6000 -0.004557783986323459 7000 -0.004557783986323459 14000 -0.9908844320273531 
m400033 6000 -0.005993526076244697 7000 -0.005993526076244697 14000 -0.9880129478475108 
m400034 6000 -0.00664842855679499 7000 -0.00664842855679499 14000 -0.9867031428864104 
m400035 6000 -0.00010969027495293648 7000 -0.00010969027495293648 14000 -0.999780619450094 
m400036 6000 -0.0017685938921431698 7000 -0.0017685938921431698 14000 -0.9964628122157135 
m400037 6000 -0.004722130405538426 7000 -0.004722130405538426 14000 -0.9905557391889229 
m400038 6000 -0.006055841519671725 7000 -0.006055841519671725 14000 -0.9878883169606566 
m400039 6000 -0.006620261861960614 7000 -0.006620261861960614 14000 -0.9867594762760791 
m400040 6000 -9.33473204058822e-05 7000 -9.33473204058822e-05 14000 -0.9998133053591883 
m400041 6000 -0.0017405789041083609 7000 -0.0017405789041083609 14000 -0.9965188421917833 
m400042 6000 -0.004585207697473425 7000 -0.004585207697473425 14000 -0.9908295846050531 
m400043 6000 -0.006089445624501763 7000 -0.006089445624501763 14000 -0.9878211087509965 
m400044 6000 -0.00663437399852551 7000 -0.00663437399852551 14000 -0.9867312520029486 
m400045 6000 -0.00019563961933944266 7000 -0.00019563961933944266 14000 -0.999608720761321 
m400046 6000 -0.0017249460341155632 7000 -0.0017249460341155632 14000 -0.9965501079317689 
m400047 6000 -0.0041230912225442146 7000 -0.0041230912225442146 14000 -0.9917538175549113 
m400048 6000 -0.005751198681493932 7000 -0.005751198681493932 14000 -0.988497602637012 
m400049 6000 -0.006660588737342326 7000 -0.006660588737342326 14000 -0.9866788225253152 
m400050 6000 -0.00014788223412927825 7000 -0.00014788223412927825 14000 -0.9997042355317415 
m400051 6000 -0.0018743275647036184 7000 -0.0018743275647036184 14000 -0.996251344870593 
m400052 6000 -0.003883887092272454 7000 -0.003883887092272454 14000 -0.992232225815455 
m400053 6000 -0.006055087404110597 7000 -0.006055087404110597 14000 -0.9878898251917786 
m400054 6000 -0.006607878561943353 7000 -0.006607878561943353 14000 -0.9867842428761133 
m400055 6000 -0.00011944397514810506 7000 -0.00011944397514810506 14000 -0.9997611120497036 
m400056 6000 -0.0015185880609729324 7000 -0.0015185880609729324 14000 -0.9969628238780546 
m400057 6000 -0.004217170494568923 7000 -0.004217170494568923 14000 -0.9915656590108621 
m400058 6000 -0.005973059649002829 7000 -0.005973059649002829 14000 -0.9880538807019944 
m400059 6000 -0.00663466428058219 7000 -0.00663466428058219 14000 -0.9867306714388359 
m400060 6000 -9.725242487056895e-05 7000 -9.725242487056895e-05 14000 -0.999805495150259 
m400061 6000 -0.0015196507370984008 7000 -0.0015196507370984008 14000 -0.9969606985258033 
m400062 6000 -0.004373818962761142 7000 -0.004373818962761142 14000 -0.9912523620744774 
m400063 6000 -0.005999212788232393 7000 -0.005999212788232393 14000 -0.9880015744235354 
m400064 6000 -0.006655916574969819 7000 -0.006655916574969819 14000 -0.9866881668500607 
m400065 6000 -0.00014721608937994535 7000 -0.00014721608937994535 14000 -0.9997055678212401 
m400066 6000 -0.0015559656676912518 7000 -0.0015559656676912518 14000 -0.9968880686646178 
m400067 6000 -0.0045022071625676965 7000 -0.0045022071625676965 14000 -0.9909955856748648 
m400068 6000 -0.006086397495364956 7000 -0.006086397495364956 14000 -0.9878272050092701 
m400069 6000 -0.006628855466736181 7000 -0.006628855466736181 14000 -0.9867422890665277 
m400070 6000 -0.000196869043079771 7000 -0.000196869043079771 14000 -0.9996062619138404 
m400071 6000 -0.0019488281202429069 7000 -0.0019488281202429069 14000 -0.9961023437595145 
m400072 6000 -0.004551291827726163 7000 -0.004551291827726163 14000 -0.990897416344548 
m400073 6000 -0.006125576473038698 7000 -0.006125576473038698 14000 -0.9877488470539226 
m400074 6000 -0.006643686913584762 7000 -0.006643686913584762 14000 -0.9867126261728305 
m400075 6000 -8.062642907940868e-05 7000 -8.062642907940868e-05 14000 -0.9998387471418413 
m400076 6000 -0.0018417399564176486 7000 -0.0018417399564176486 14000 -0.9963165200871648 
m400077 6000 -0.0038572743446727465 7000 -0.0038572743446727465 14000 -0.9922854513106543 
m400078 6000 -0.006192410916219006 7000 -0.006192410916219006 14000 -0.987615178167562 
m400079 6000 -0.006629358778915033 7000 -0.006629358778915033 14000 -0.9867412824421699 
m400080 6000 -0.00016535827522883476 7000 -0.00016535827522883476 14000 -0.9996692834495424 
m400081 6000 -0.0016785406355346597 7000 -0.0016785406355346597 14000 -0.9966429187289306 
m400082 6000 -0.004320349638853727 7000 -0.004320349638853727 14000 -0.991359300722293 
m400083 6000 -0.0063403167928064615 7000 -0.0063403167928064615 14000 -0.9873193664143873 
m400084 6000 -0.00664705789564207 7000 -0.00664705789564207 14000 -0.9867058842087155 
m400085 6000 -0.00022452699695733438 7000 -0.00022452699695733438 14000 -0.9995509460060853 
m400086 6000 -0.0016127374582053727 7000 -0.0016127374582053727 14000 -0.9967745250835892 
m400087 6000 -0.00437630707359854 7000 -0.00437630707359854 14000 -0.9912473858528027 
m400088 6000 -0.006204084239884434 7000 -0.006204084239884434 14000 -0.9875918315202312 
m400089 6000 -0.006631648240383224 7000 -0.006631648240383224 14000 -0.9867367035192336 
m400090 6000 -0.0002200820646792759 7000 -0.0002200820646792759 14000 -0.9995598358706413 
m400091 6000 -0.0018546300454166875 7000 -0.0018546300454166875 14000 -0.9962907399091666 
m400092 6000 -0.004219836295670099 7000 -0.004219836295670099 14000 -0.99156032740866 
m400093 6000 -0.005940645270896963 7000 -0.005940645270896963 14000 -0.9881187094582061 
m400094 6000 -0.006636800099376204 7000 -0.006636800099376204 14000 -0.9867263998012477 
m400095 6000 -0.00019560287077052599 7000 -0.00019560287077052599 14000 -0.999608794258459 
m400096 6000 -0.002103800094235882 7000 -0.002103800094235882 14000 -0.9957923998115282 
m400097 6000 -0.0044794531127630086 7000 -0.0044794531127630086 14000 -0.991041093774474 
m400098 6000 -0.0061385157150839285 7000 -0.0061385157150839285 14000 -0.987722968569832 
m400099 6000 -0.006633060213483057 7000 -0.006633060213483057 14000 -0.9867338795730337 
m400100 6000 -0.0002780525506276527 7000 -0.0002780525506276527 14000 -0.9994438948987446 
m400101 6000 -0.0018554738029875379 7000 -0.0018554738029875379 14000 -0.9962890523940247 
m400102 6000 -0.004338128191660229 7000 -0.004338128191660229 14000 -0.9913237436166797 
m400103 6000 -0.006041019909891996 7000 -0.006041019909891996 14000 -0.987917960180216 
m400104 6000 -0.00663278334486064 7000 -0.00663278334486064 14000 -0.986734433310279 
m400105 6000 -0.00021595001998231335 7000 -0.00021595001998231335 14000 -0.9995680999600353 
m400106 6000 -0.0021388172091691368 7000 -0.0021388172091691368 14000 -0.9957223655816618 
m400107 6000 -0.004243228661762826 7000 -0.004243228661762826 14000 -0.9915135426764743 
m400108 6000 -0.005912559845696368 7000 -0.005912559845696368 14000 -0.9881748803086077 
m400109 6000 -0.006641193459669185 7000 -0.006641193459669185 14000 -0.9867176130806619 
m400110 6000 -0.00013904261718819611 7000 -0.00013904261718819611 14000 -0.9997219147656238 
m400111 6000 -0.001788315464976159 7000 -0.001788315464976159 14000 -0.9964233690700476 
m400112 6000 -0.004284268206438202 7000 -0.004284268206438202 14000 -0.9914314635871235 
m400113 6000 -0.006182226933413383 7000 -0.006182226933413383 14000 -0.987635546133173 
m400114 6000 -0.006653479262696748 7000 -0.006653479262696748 14000 -0.9866930414746063 
m400115 6000 -0.00018150121596103457 7000 -0.00018150121596103457 14000 -0.999636997568078 
m400116 6000 -0.0016581478143954914 7000 -0.0016581478143954914 14000 -0.996683704371209 
m400117 6000 -0.004207187723976216 7000 -0.004207187723976216 14000 -0.9915856245520475 
m400118 6000 -0.00608540390608216 7000 -0.00608540390608216 14000 -0.9878291921878356 
m400119 6000 -0.0066376256924860965 7000 -0.0066376256924860965 14000 -0.9867247486150278 
m400120 6000 -0.00027536992953177276 7000 -0.00027536992953177276 14000 -0.9994492601409367 
m400121 6000 -0.002168255637897191 7000 -0.002168255637897191 14000 -0.9956634887242055 
m400122 6000 -0.004267478063031077 7000 -0.004267478063031077 14000 -0.9914650438739377 
m400123 6000 -0.0059407189331856305 7000 -0.0059407189331856305 14000 -0.9881185621336287 
m400124 6000 -0.006612770644070084 7000 -0.006612770644070084 14000 -0.9867744587118601 
c **********************************
c PE+Pb, dens=4.78 g/cm3
m2      6000    -0.04286 $Carbon
        1001    -0.00714 $Hydrogen
        82000   -0.95000 $Lead
c **********************************
m3    1001 -0.048535 $Boric acid
      5010 -0.034981
      5011 -0.139923
      8016 -0.776561
c **********************************
m4    82000 1 $Lead
c **********************************
m5 26000 1 $Iron
c **********************************
m6     13027   -1.000 $ Aluminum
c **********************************
c  SS-304 (8.00 g/cm3), #298 in PNNL Compendium
m7   006000.50c -0.0004000
     014000.60c -0.0050000
     015031.50c -0.0002300
     016000.60c -0.0001500
     024000.50c -0.1899981
     025055.60c -0.0099999
     026000.50c -0.7017229
     028000.50c -0.0924991
c ****************************************
c       LaBr detector
c ****************************************
m8       35079    -0.2946       $ Br79
         35081    -0.3069       $ Br81
         57139    -0.3485       $ La139
         58140    -0.0500       $ Ce140
c ************ air den=1.15e-3g/cc
m12     8016 -0.23
        7014 -0.77
c ************ Rubber Natural den=0.92 g/cc
m13     1001 -0.118371  $weight fraction
        6000 -0.881629
c
c end material cards
c
rand seed=8674536546524321 $different initial random #; seed# - any less 18 digits
c
c ********** begin tallies *********************
fc78 *********Broadened Pulse Height Tally Sum of Detectors 1,2 & 3 ***********
e78 0 1e-5 932i 8.4295
F78:p (101)
FT78 GEB -0.026198 0.059551 -0.037176
fc18 *********Unbroadened Pulse Height Tally Sum of Detectors 1,2 & 3 ***********
e18 0 1e-5 932i 8.4295
F18:p (101)
c ***********************************
c mplot tal 78 freq 10000
nps 1e9
