c CAS DETECTOR
c w/ Shielding in Place and Wheels
c
c CELL CARDS
c
c @@@@@@@@@@ Detectors @@@@@@@@@@@@@@@@@
c
101 8 -5.08 -21 imp:n,p 1 $LaBr Detector #1 Active Region
c
c @@@@@@@@@ Shielding @@@@@@@@@@@@@@@@@
c
121 2 -4.78 -31 imp:n,p 1 $PE_Pb
122 4 -11.29 -32 imp:n,p 1 $Pb1
123 4 -11.29 -33 imp:n,p 1 $Pb2
124 4 -11.29 -34 imp:n,p 1 $Pb3
125 4 -11.29 -35 imp:n,p 1 $Pb4
126 4 -11.29 -36 imp:n,p 1 $Pb5
127 4 -11.29 -37 imp:n,p 1 $Pb6
128 3 -1.5 -38 imp:n,p 1 $BA1
129 3 -1.5 -39 imp:n,p 1 $BA2
130 6 -2.7 -40 imp:n,p 1 $Al
131 7 -7.92 301 -302 303 -304 imp:n,p 1 $Fe-tube
132 5 -7.8 -401 imp:n,p 1 $Fe
133 5 -7.8 -402 imp:n,p 1 $Fe
c @@@@@@@@@@ Wheels @@@@@@@@@@@@@@@@@
c
21 13 -0.92 -41 42 imp:n,p 1 $Wheel 1
211 13 -0.92 -421 422 imp:n,p 1 $Wheel 1
212 13 -0.92 -423 424 imp:n,p 1 $Wheel 1
22 13 -0.92 -43 44 imp:n,p 1 $Wheel 2
221 13 -0.92 -441 442 imp:n,p 1 $Wheel 2
222 13 -0.92 -443 444 imp:n,p 1 $Wheel 2
23 13 -0.92 -45 46 imp:n,p 1 $Wheel 3
231 13 -0.92 -461 462 imp:n,p 1 $Wheel 3
232 13 -0.92 -463 464 imp:n,p 1 $Wheel 3
24 13 -0.92 -47 48 imp:n,p 1 $Wheel 4
241 13 -0.92 -481 482 imp:n,p 1 $Wheel 4
242 13 -0.92 -483 484 imp:n,p 1 $Wheel 4
c
c @@@@@@@@@@ SOIL VOLUME @@@@@@@@@@@
c
300000 400000 -2.156 20010 -20011 20020 -20021 20030 -20031 imp:n,p 1
300001 400001 -2.156 20010 -20011 20020 -20021 20031 -20032 imp:n,p 1
300002 400002 -2.156 20010 -20011 20020 -20021 20032 -20033 imp:n,p 1
300003 400003 -2.156 20010 -20011 20020 -20021 20033 -20034 imp:n,p 1
300004 400004 -2.156 20010 -20011 20020 -20021 20034 -20035 imp:n,p 1
300005 400005 -2.156 20011 -20012 20020 -20021 20030 -20031 imp:n,p 1
300006 400006 -2.156 20011 -20012 20020 -20021 20031 -20032 imp:n,p 1
300007 400007 -2.156 20011 -20012 20020 -20021 20032 -20033 imp:n,p 1
300008 400008 -2.156 20011 -20012 20020 -20021 20033 -20034 imp:n,p 1
300009 400009 -2.156 20011 -20012 20020 -20021 20034 -20035 imp:n,p 1
300010 400010 -2.156 20012 -20013 20020 -20021 20030 -20031 imp:n,p 1
300011 400011 -2.156 20012 -20013 20020 -20021 20031 -20032 imp:n,p 1
300012 400012 -2.156 20012 -20013 20020 -20021 20032 -20033 imp:n,p 1
300013 400013 -2.156 20012 -20013 20020 -20021 20033 -20034 imp:n,p 1
300014 400014 -2.156 20012 -20013 20020 -20021 20034 -20035 imp:n,p 1
300015 400015 -2.156 20013 -20014 20020 -20021 20030 -20031 imp:n,p 1
300016 400016 -2.156 20013 -20014 20020 -20021 20031 -20032 imp:n,p 1
300017 400017 -2.156 20013 -20014 20020 -20021 20032 -20033 imp:n,p 1
300018 400018 -2.156 20013 -20014 20020 -20021 20033 -20034 imp:n,p 1
300019 400019 -2.156 20013 -20014 20020 -20021 20034 -20035 imp:n,p 1
300020 400020 -2.156 20014 -20015 20020 -20021 20030 -20031 imp:n,p 1
300021 400021 -2.156 20014 -20015 20020 -20021 20031 -20032 imp:n,p 1
300022 400022 -2.156 20014 -20015 20020 -20021 20032 -20033 imp:n,p 1
300023 400023 -2.156 20014 -20015 20020 -20021 20033 -20034 imp:n,p 1
300024 400024 -2.156 20014 -20015 20020 -20021 20034 -20035 imp:n,p 1
300025 400025 -2.156 20010 -20011 20021 -20022 20030 -20031 imp:n,p 1
300026 400026 -2.156 20010 -20011 20021 -20022 20031 -20032 imp:n,p 1
300027 400027 -2.156 20010 -20011 20021 -20022 20032 -20033 imp:n,p 1
300028 400028 -2.156 20010 -20011 20021 -20022 20033 -20034 imp:n,p 1
300029 400029 -2.156 20010 -20011 20021 -20022 20034 -20035 imp:n,p 1
300030 400030 -2.156 20011 -20012 20021 -20022 20030 -20031 imp:n,p 1
300031 400031 -2.156 20011 -20012 20021 -20022 20031 -20032 imp:n,p 1
300032 400032 -2.156 20011 -20012 20021 -20022 20032 -20033 imp:n,p 1
300033 400033 -2.156 20011 -20012 20021 -20022 20033 -20034 imp:n,p 1
300034 400034 -2.156 20011 -20012 20021 -20022 20034 -20035 imp:n,p 1
300035 400035 -2.156 20012 -20013 20021 -20022 20030 -20031 imp:n,p 1
300036 400036 -2.156 20012 -20013 20021 -20022 20031 -20032 imp:n,p 1
300037 400037 -2.156 20012 -20013 20021 -20022 20032 -20033 imp:n,p 1
300038 400038 -2.156 20012 -20013 20021 -20022 20033 -20034 imp:n,p 1
300039 400039 -2.156 20012 -20013 20021 -20022 20034 -20035 imp:n,p 1
300040 400040 -2.156 20013 -20014 20021 -20022 20030 -20031 imp:n,p 1
300041 400041 -2.156 20013 -20014 20021 -20022 20031 -20032 imp:n,p 1
300042 400042 -2.156 20013 -20014 20021 -20022 20032 -20033 imp:n,p 1
300043 400043 -2.156 20013 -20014 20021 -20022 20033 -20034 imp:n,p 1
300044 400044 -2.156 20013 -20014 20021 -20022 20034 -20035 imp:n,p 1
300045 400045 -2.156 20014 -20015 20021 -20022 20030 -20031 imp:n,p 1
300046 400046 -2.156 20014 -20015 20021 -20022 20031 -20032 imp:n,p 1
300047 400047 -2.156 20014 -20015 20021 -20022 20032 -20033 imp:n,p 1
300048 400048 -2.156 20014 -20015 20021 -20022 20033 -20034 imp:n,p 1
300049 400049 -2.156 20014 -20015 20021 -20022 20034 -20035 imp:n,p 1
300050 400050 -2.156 20010 -20011 20022 -20023 20030 -20031 imp:n,p 1
300051 400051 -2.156 20010 -20011 20022 -20023 20031 -20032 imp:n,p 1
300052 400052 -2.156 20010 -20011 20022 -20023 20032 -20033 imp:n,p 1
300053 400053 -2.156 20010 -20011 20022 -20023 20033 -20034 imp:n,p 1
300054 400054 -2.156 20010 -20011 20022 -20023 20034 -20035 imp:n,p 1
300055 400055 -2.156 20011 -20012 20022 -20023 20030 -20031 imp:n,p 1
300056 400056 -2.156 20011 -20012 20022 -20023 20031 -20032 imp:n,p 1
300057 400057 -2.156 20011 -20012 20022 -20023 20032 -20033 imp:n,p 1
300058 400058 -2.156 20011 -20012 20022 -20023 20033 -20034 imp:n,p 1
300059 400059 -2.156 20011 -20012 20022 -20023 20034 -20035 imp:n,p 1
300060 400060 -2.156 20012 -20013 20022 -20023 20030 -20031 imp:n,p 1
300061 400061 -2.156 20012 -20013 20022 -20023 20031 -20032 imp:n,p 1
300062 400062 -2.156 20012 -20013 20022 -20023 20032 -20033 imp:n,p 1
300063 400063 -2.156 20012 -20013 20022 -20023 20033 -20034 imp:n,p 1
300064 400064 -2.156 20012 -20013 20022 -20023 20034 -20035 imp:n,p 1
300065 400065 -2.156 20013 -20014 20022 -20023 20030 -20031 imp:n,p 1
300066 400066 -2.156 20013 -20014 20022 -20023 20031 -20032 imp:n,p 1
300067 400067 -2.156 20013 -20014 20022 -20023 20032 -20033 imp:n,p 1
300068 400068 -2.156 20013 -20014 20022 -20023 20033 -20034 imp:n,p 1
300069 400069 -2.156 20013 -20014 20022 -20023 20034 -20035 imp:n,p 1
300070 400070 -2.156 20014 -20015 20022 -20023 20030 -20031 imp:n,p 1
300071 400071 -2.156 20014 -20015 20022 -20023 20031 -20032 imp:n,p 1
300072 400072 -2.156 20014 -20015 20022 -20023 20032 -20033 imp:n,p 1
300073 400073 -2.156 20014 -20015 20022 -20023 20033 -20034 imp:n,p 1
300074 400074 -2.156 20014 -20015 20022 -20023 20034 -20035 imp:n,p 1
300075 400075 -2.156 20010 -20011 20023 -20024 20030 -20031 imp:n,p 1
300076 400076 -2.156 20010 -20011 20023 -20024 20031 -20032 imp:n,p 1
300077 400077 -2.156 20010 -20011 20023 -20024 20032 -20033 imp:n,p 1
300078 400078 -2.156 20010 -20011 20023 -20024 20033 -20034 imp:n,p 1
300079 400079 -2.156 20010 -20011 20023 -20024 20034 -20035 imp:n,p 1
300080 400080 -2.156 20011 -20012 20023 -20024 20030 -20031 imp:n,p 1
300081 400081 -2.156 20011 -20012 20023 -20024 20031 -20032 imp:n,p 1
300082 400082 -2.156 20011 -20012 20023 -20024 20032 -20033 imp:n,p 1
300083 400083 -2.156 20011 -20012 20023 -20024 20033 -20034 imp:n,p 1
300084 400084 -2.156 20011 -20012 20023 -20024 20034 -20035 imp:n,p 1
300085 400085 -2.156 20012 -20013 20023 -20024 20030 -20031 imp:n,p 1
300086 400086 -2.156 20012 -20013 20023 -20024 20031 -20032 imp:n,p 1
300087 400087 -2.156 20012 -20013 20023 -20024 20032 -20033 imp:n,p 1
300088 400088 -2.156 20012 -20013 20023 -20024 20033 -20034 imp:n,p 1
300089 400089 -2.156 20012 -20013 20023 -20024 20034 -20035 imp:n,p 1
300090 400090 -2.156 20013 -20014 20023 -20024 20030 -20031 imp:n,p 1
300091 400091 -2.156 20013 -20014 20023 -20024 20031 -20032 imp:n,p 1
300092 400092 -2.156 20013 -20014 20023 -20024 20032 -20033 imp:n,p 1
300093 400093 -2.156 20013 -20014 20023 -20024 20033 -20034 imp:n,p 1
300094 400094 -2.156 20013 -20014 20023 -20024 20034 -20035 imp:n,p 1
300095 400095 -2.156 20014 -20015 20023 -20024 20030 -20031 imp:n,p 1
300096 400096 -2.156 20014 -20015 20023 -20024 20031 -20032 imp:n,p 1
300097 400097 -2.156 20014 -20015 20023 -20024 20032 -20033 imp:n,p 1
300098 400098 -2.156 20014 -20015 20023 -20024 20033 -20034 imp:n,p 1
300099 400099 -2.156 20014 -20015 20023 -20024 20034 -20035 imp:n,p 1
300100 400100 -2.156 20010 -20011 20024 -20025 20030 -20031 imp:n,p 1
300101 400101 -2.156 20010 -20011 20024 -20025 20031 -20032 imp:n,p 1
300102 400102 -2.156 20010 -20011 20024 -20025 20032 -20033 imp:n,p 1
300103 400103 -2.156 20010 -20011 20024 -20025 20033 -20034 imp:n,p 1
300104 400104 -2.156 20010 -20011 20024 -20025 20034 -20035 imp:n,p 1
300105 400105 -2.156 20011 -20012 20024 -20025 20030 -20031 imp:n,p 1
300106 400106 -2.156 20011 -20012 20024 -20025 20031 -20032 imp:n,p 1
300107 400107 -2.156 20011 -20012 20024 -20025 20032 -20033 imp:n,p 1
300108 400108 -2.156 20011 -20012 20024 -20025 20033 -20034 imp:n,p 1
300109 400109 -2.156 20011 -20012 20024 -20025 20034 -20035 imp:n,p 1
300110 400110 -2.156 20012 -20013 20024 -20025 20030 -20031 imp:n,p 1
300111 400111 -2.156 20012 -20013 20024 -20025 20031 -20032 imp:n,p 1
300112 400112 -2.156 20012 -20013 20024 -20025 20032 -20033 imp:n,p 1
300113 400113 -2.156 20012 -20013 20024 -20025 20033 -20034 imp:n,p 1
300114 400114 -2.156 20012 -20013 20024 -20025 20034 -20035 imp:n,p 1
300115 400115 -2.156 20013 -20014 20024 -20025 20030 -20031 imp:n,p 1
300116 400116 -2.156 20013 -20014 20024 -20025 20031 -20032 imp:n,p 1
300117 400117 -2.156 20013 -20014 20024 -20025 20032 -20033 imp:n,p 1
300118 400118 -2.156 20013 -20014 20024 -20025 20033 -20034 imp:n,p 1
300119 400119 -2.156 20013 -20014 20024 -20025 20034 -20035 imp:n,p 1
300120 400120 -2.156 20014 -20015 20024 -20025 20030 -20031 imp:n,p 1
300121 400121 -2.156 20014 -20015 20024 -20025 20031 -20032 imp:n,p 1
300122 400122 -2.156 20014 -20015 20024 -20025 20032 -20033 imp:n,p 1
300123 400123 -2.156 20014 -20015 20024 -20025 20033 -20034 imp:n,p 1
300124 400124 -2.156 20014 -20015 20024 -20025 20034 -20035 imp:n,p 1
c
30 12 -0.00129 -200 #101 #121 #122 #123 #124 #125 #126 #127 #128 #129 #130 #131 #132 #133
        #21 #211 #212 #22 #221 #222 #23 #231 #232 #24 #241 #242 #20 imp:n,p 1 $Rest of the World
31 0 200 imp:n,p 0 $Outside world

c SURFACE CARDS
c
c Sample Volume
20010 px -56.0
20011 px -33.600000000000364
20012 px -11.199999999999818
20013 px 11.199999999999818
20014 px 33.600000000000364
20015 px 56.0
20020 py -45.0
20021 py -27.0
20022 py -9.0
20023 py 9.0
20024 py 27.0
20025 py 45.0
20030 pz 92.0
20031 pz 82.0
20032 pz 72.0
20033 pz 62.0
20034 pz 52.0
20035 pz 42.0
c Active Detector Region
21 rcc 56  -5.0 -1.0   0.0 20.3 0.0   4.5 $Detector 1 Base center, Hx,Hy,Hz, radius
c Shielding Surfaces
c Shielding Pb
31 rpp 19 29 -7.5 7.5 -11 9 $PbPE xmin xmax ymin ymax zmin zmax
32 rpp 9 19 4 9 -11 9 $Pb xmin xmax ymin ymax zmin zmax
33 rpp 9 19 -9 -4 -11 9 $Pb xmin xmax ymin ymax zmin zmax
34 rpp 19 29 7.5 12.5 -11 9 $Pb xmin xmax ymin ymax zmin zmax
35 rpp 19 29 -12.5 -7.5 -11 9 $Pb xmin xmax ymin ymax zmin zmax
36 rpp 29 34 -15 15 -11 9 $Pb xmin xmax ymin ymax zmin zmax
37 rpp 9 19 -4 4 4 9 $Pb xmin xmax ymin ymax zmin zmax
38 rpp -26 26 18 28 -11 9 $BA1 xmin xmax ymin ymax zmin zmax
39 rpp -26 26 -28 -18 -11 9 $BA2 xmin xmax ymin ymax zmin zmax
40 rpp -65 65 -28 28 10 10.5 $Al xmin xmax ymin ymax zmin zmax
401 rpp -27 27 29 34 -11 9 $Fe xmin xmax ymin ymax zmin zmax
402 rpp -27 27 -34 -29 -11 9 $Fe xmin xmax ymin ymax zmin zmax
301 px -20
302 px 18
303 cx 3.71
304 cx 3.81
c Wheels Surfaces
c 23/10.5-12 turf tires, 22.6 lb rubber
c diameter 29cm, tread width 25cm, and sidewall height 13.76 cm
c set thickness of all sides 1.3 cm (s.t. weight is 22.6 lb)
41 rcc -2 77 8   0.0 25 0.0 29 $wheel 1 outer tread surface
42 rcc -2 77 8   0.0 25 0.0 27.7 $wheel 1 inner tread surface
421 rcc -2 75.7 8   0.0 1.3 0.0 29 $wheel 1 outside sidewall exterior
422 rcc -2 75.7 8   0.0 1.3 0.0 15.24 $wheel 1 outside sidewall interior
423 rcc -2 102 8   0.0 1.3 0.0 29 $wheel 1 inside sidewall exterior
424 rcc -2 102 8   0.0 1.3 0.0 15.24 $wheel 1 inside sidewall interior
43 rcc 68 77 8   0.0 25 0.0 29 $wheel 2
44 rcc 68 77 8   0.0 25 0.0 27.7
441 rcc 68 75.7 8   0.0 1.3 0.0 29
442 rcc 68 75.7 8   0.0 1.3 0.0 15.24
443 rcc 68 102 8   0.0 1.3 0.0 29
444 rcc 68 102 8   0.0 1.3 0.0 15.24
45 rcc -2 -77 8   0.0 -25 0.0 29 $wheel 3
46 rcc -2 -77 8   0.0 -25 0.0 27.7
461 rcc -2 -75.7 8   0.0 -1.3 0.0 29
462 rcc -2 -75.7 8   0.0 -1.3 0.0 15.24
463 rcc -2 -102 8   0.0 -1.3 0.0 29
464 rcc -2 -102 8   0.0 -1.3 0.0 15.24
47 rcc 68 -77 8   0.0 -25 0.0 29 $wheel 4
48 rcc 68 -77 8   0.0 -25 0.0 27.7
481 rcc 68 -75.7 8   0.0 -1.3 0.0 29
482 rcc 68 -75.7 8   0.0 -1.3 0.0 15.24
483 rcc 68 -102 8   0.0 -1.3 0.0 29
484 rcc 68 -102 8   0.0 -1.3 0.0 15.24
200 so 800    $sphere of 800cm centered at origin
c

c DATA CARDS
mode n p
c dump every hr
prdmp -60 -60 -1
c 100 keV Neutron Energy Cutoff
Cut:n 1j 0.1
c analog neutron transport
phys:n 1j 14
phys:p
sdef pos=0 0 0 erg=14.0 vec= 0 0 1 dir=d1
si1  -1 .93 1
sp1   0  0.0  1.0
c ********************
c begin material cards
c ********************
c Pure Carbon
c ****************************************
m400000 6000 -0.000251535883988025 7000 -0.000251535883988025 14000 -0.9994969282320239 
m400001 6000 -0.002016116458511357 7000 -0.002016116458511357 14000 -0.9959677670829774 
m400002 6000 -0.004634680949713393 7000 -0.004634680949713393 14000 -0.990730638100573 
m400003 6000 -0.006343787681207976 7000 -0.006343787681207976 14000 -0.9873124246375842 
m400004 6000 -0.0068538583430492375 7000 -0.0068538583430492375 14000 -0.9862922833139014 
m400005 6000 -0.00027123785607225623 7000 -0.00027123785607225623 14000 -0.9994575242878554 
m400006 6000 -0.0016381046839841528 7000 -0.0016381046839841528 14000 -0.9967237906320312 
m400007 6000 -0.004934381408212401 7000 -0.004934381408212401 14000 -0.9901312371835751 
m400008 6000 -0.00621864994465276 7000 -0.00621864994465276 14000 -0.9875627001106945 
m400009 6000 -0.0068124722557978325 7000 -0.0068124722557978325 14000 -0.9863750554884043 
m400010 6000 -0.00024644358679565465 7000 -0.00024644358679565465 14000 -0.9995071128264086 
m400011 6000 -0.002051176069804349 7000 -0.002051176069804349 14000 -0.9958976478603913 
m400012 6000 -0.004628223646949936 7000 -0.004628223646949936 14000 -0.9907435527061004 
m400013 6000 -0.006100896449288023 7000 -0.006100896449288023 14000 -0.9877982071014242 
m400014 6000 -0.006825909810675878 7000 -0.006825909810675878 14000 -0.9863481803786485 
m400015 6000 -0.0001795824529979294 7000 -0.0001795824529979294 14000 -0.9996408350940041 
m400016 6000 -0.0018236783224617886 7000 -0.0018236783224617886 14000 -0.9963526433550765 
m400017 6000 -0.004791540923828985 7000 -0.004791540923828985 14000 -0.9904169181523421 
m400018 6000 -0.006155317626537491 7000 -0.006155317626537491 14000 -0.9876893647469251 
m400019 6000 -0.00685224396568173 7000 -0.00685224396568173 14000 -0.9862955120686362 
m400020 6000 -0.00014639958953728446 7000 -0.00014639958953728446 14000 -0.9997072008209256 
m400021 6000 -0.0018072478372838298 7000 -0.0018072478372838298 14000 -0.9963855043254326 
m400022 6000 -0.004808096947484927 7000 -0.004808096947484927 14000 -0.9903838061050301 
m400023 6000 -0.006331649897336609 7000 -0.006331649897336609 14000 -0.9873367002053267 
m400024 6000 -0.006833664191248447 7000 -0.006833664191248447 14000 -0.9863326716175033 
m400025 6000 -0.00032670026741385487 7000 -0.00032670026741385487 14000 -0.9993465994651721 
m400026 6000 -0.002101895546402758 7000 -0.002101895546402758 14000 -0.9957962089071946 
m400027 6000 -0.004512616919876638 7000 -0.004512616919876638 14000 -0.9909747661602468 
m400028 6000 -0.006271741768214459 7000 -0.006271741768214459 14000 -0.9874565164635714 
m400029 6000 -0.006838655598813993 7000 -0.006838655598813993 14000 -0.9863226888023721 
m400030 6000 -0.00024505609359900556 7000 -0.00024505609359900556 14000 -0.9995098878128019 
m400031 6000 -0.001706018809041176 7000 -0.001706018809041176 14000 -0.9965879623819177 
m400032 6000 -0.00437031912271538 7000 -0.00437031912271538 14000 -0.9912593617545692 
m400033 6000 -0.006293976993464412 7000 -0.006293976993464412 14000 -0.9874120460130711 
m400034 6000 -0.006864039507842962 7000 -0.006864039507842962 14000 -0.9862719209843144 
m400035 6000 -0.00027513313944028706 7000 -0.00027513313944028706 14000 -0.9994497337211194 
m400036 6000 -0.0019403361514484427 7000 -0.0019403361514484427 14000 -0.996119327697103 
m400037 6000 -0.00455562667334667 7000 -0.00455562667334667 14000 -0.9908887466533066 
m400038 6000 -0.006141048697752596 7000 -0.006141048697752596 14000 -0.9877179026044947 
m400039 6000 -0.006802486810768544 7000 -0.006802486810768544 14000 -0.9863950263784628 
m400040 6000 -0.00025412890328396347 7000 -0.00025412890328396347 14000 -0.9994917421934321 
m400041 6000 -0.0020774034584072213 7000 -0.0020774034584072213 14000 -0.9958451930831853 
m400042 6000 -0.004673524635594137 7000 -0.004673524635594137 14000 -0.9906529507288117 
m400043 6000 -0.006175933468949224 7000 -0.006175933468949224 14000 -0.9876481330621014 
m400044 6000 -0.006816047969644816 7000 -0.006816047969644816 14000 -0.9863679040607103 
m400045 6000 -0.00027125290964462176 7000 -0.00027125290964462176 14000 -0.9994574941807106 
m400046 6000 -0.0022085078924586722 7000 -0.0022085078924586722 14000 -0.9955829842150825 
m400047 6000 -0.003997685290377763 7000 -0.003997685290377763 14000 -0.9920046294192444 
m400048 6000 -0.006138748935602293 7000 -0.006138748935602293 14000 -0.9877225021287954 
m400049 6000 -0.006849759912314806 7000 -0.006849759912314806 14000 -0.9863004801753706 
m400050 6000 -0.00022264255920704913 7000 -0.00022264255920704913 14000 -0.999554714881586 
m400051 6000 -0.0018365498892496319 7000 -0.0018365498892496319 14000 -0.9963269002215006 
m400052 6000 -0.0047321581905131315 7000 -0.0047321581905131315 14000 -0.9905356836189739 
m400053 6000 -0.0062137902689270745 7000 -0.0062137902689270745 14000 -0.9875724194621458 
m400054 6000 -0.0068307652329983705 7000 -0.0068307652329983705 14000 -0.9863384695340034 
m400055 6000 -0.0002321982618798555 7000 -0.0002321982618798555 14000 -0.9995356034762404 
m400056 6000 -0.0014804160028507327 7000 -0.0014804160028507327 14000 -0.9970391679942988 
m400057 6000 -0.005060623061022914 7000 -0.005060623061022914 14000 -0.9898787538779544 
m400058 6000 -0.006307205295157052 7000 -0.006307205295157052 14000 -0.987385589409686 
m400059 6000 -0.006877973640567084 7000 -0.006877973640567084 14000 -0.9862440527188657 
m400060 6000 -0.0002519597694193822 7000 -0.0002519597694193822 14000 -0.9994960804611611 
m400061 6000 -0.0017355599146081835 7000 -0.0017355599146081835 14000 -0.9965288801707837 
m400062 6000 -0.00469182459099983 7000 -0.00469182459099983 14000 -0.9906163508180008 
m400063 6000 -0.006428581102773259 7000 -0.006428581102773259 14000 -0.9871428377944536 
m400064 6000 -0.006818289039300254 7000 -0.006818289039300254 14000 -0.9863634219213998 
m400065 6000 -0.00026465385203209 7000 -0.00026465385203209 14000 -0.9994706922959358 
m400066 6000 -0.001863226452364604 7000 -0.001863226452364604 14000 -0.9962735470952708 
m400067 6000 -0.003963139241030871 7000 -0.003963139241030871 14000 -0.9920737215179384 
m400068 6000 -0.006171185899013531 7000 -0.006171185899013531 14000 -0.987657628201973 
m400069 6000 -0.006852878376029336 7000 -0.006852878376029336 14000 -0.9862942432479415 
m400070 6000 -0.0002579768968760596 7000 -0.0002579768968760596 14000 -0.999484046206248 
m400071 6000 -0.0020289257888250613 7000 -0.0020289257888250613 14000 -0.9959421484223501 
m400072 6000 -0.004483123063850752 7000 -0.004483123063850752 14000 -0.9910337538722986 
m400073 6000 -0.006184781483823268 7000 -0.006184781483823268 14000 -0.9876304370323535 
m400074 6000 -0.0068384123004171585 7000 -0.0068384123004171585 14000 -0.9863231753991658 
m400075 6000 -0.00016890865214657148 7000 -0.00016890865214657148 14000 -0.9996621826957067 
m400076 6000 -0.0018609547939117798 7000 -0.0018609547939117798 14000 -0.9962780904121766 
m400077 6000 -0.004692154730403882 7000 -0.004692154730403882 14000 -0.9906156905391923 
m400078 6000 -0.006410889600811709 7000 -0.006410889600811709 14000 -0.9871782207983765 
m400079 6000 -0.0068586357160336795 7000 -0.0068586357160336795 14000 -0.9862827285679324 
m400080 6000 -0.0002123250106322886 7000 -0.0002123250106322886 14000 -0.9995753499787355 
m400081 6000 -0.0018316706288910773 7000 -0.0018316706288910773 14000 -0.9963366587422178 
m400082 6000 -0.004641765949182658 7000 -0.004641765949182658 14000 -0.990716468101635 
m400083 6000 -0.006271015116343076 7000 -0.006271015116343076 14000 -0.9874579697673137 
m400084 6000 -0.0068317461816757765 7000 -0.0068317461816757765 14000 -0.9863365076366486 
m400085 6000 -0.00023668707233445547 7000 -0.00023668707233445547 14000 -0.999526625855331 
m400086 6000 -0.0013603063051304911 7000 -0.0013603063051304911 14000 -0.9972793873897392 
m400087 6000 -0.0046390514877454265 7000 -0.0046390514877454265 14000 -0.9907218970245093 
m400088 6000 -0.006243720174222728 7000 -0.006243720174222728 14000 -0.9875125596515548 
m400089 6000 -0.006861246000678636 7000 -0.006861246000678636 14000 -0.986277507998643 
m400090 6000 -0.00024127460102691325 7000 -0.00024127460102691325 14000 -0.9995174507979463 
m400091 6000 -0.0019941716394680452 7000 -0.0019941716394680452 14000 -0.9960116567210641 
m400092 6000 -0.004469561349286449 7000 -0.004469561349286449 14000 -0.9910608773014273 
m400093 6000 -0.006201370674876427 7000 -0.006201370674876427 14000 -0.9875972586502471 
m400094 6000 -0.00686180429756749 7000 -0.00686180429756749 14000 -0.9862763914048651 
m400095 6000 -0.0002476899302703273 7000 -0.0002476899302703273 14000 -0.9995046201394591 
m400096 6000 -0.0022989364209405846 7000 -0.0022989364209405846 14000 -0.9954021271581187 
m400097 6000 -0.0048609651816685666 7000 -0.0048609651816685666 14000 -0.9902780696366627 
m400098 6000 -0.006415327516173999 7000 -0.006415327516173999 14000 -0.9871693449676516 
m400099 6000 -0.00683390211771572 7000 -0.00683390211771572 14000 -0.9863321957645684 
m400100 6000 -0.00023796461543491629 7000 -0.00023796461543491629 14000 -0.9995240707691302 
m400101 6000 -0.0019259824150421653 7000 -0.0019259824150421653 14000 -0.9961480351699157 
m400102 6000 -0.004486445991965965 7000 -0.004486445991965965 14000 -0.9910271080160677 
m400103 6000 -0.006474202468857676 7000 -0.006474202468857676 14000 -0.9870515950622841 
m400104 6000 -0.006838793148702666 7000 -0.006838793148702666 14000 -0.9863224137025949 
m400105 6000 -0.0003794444878113328 7000 -0.0003794444878113328 14000 -0.9992411110243773 
m400106 6000 -0.0020557513760716913 7000 -0.0020557513760716913 14000 -0.9958884972478564 
m400107 6000 -0.004438425037771706 7000 -0.004438425037771706 14000 -0.9911231499244567 
m400108 6000 -0.006290085306355443 7000 -0.006290085306355443 14000 -0.9874198293872892 
m400109 6000 -0.006852995618437144 7000 -0.006852995618437144 14000 -0.9862940087631258 
m400110 6000 -0.00027122422521856827 7000 -0.00027122422521856827 14000 -0.9994575515495628 
m400111 6000 -0.0020731075251289224 7000 -0.0020731075251289224 14000 -0.9958537849497425 
m400112 6000 -0.004721255063938929 7000 -0.004721255063938929 14000 -0.9905574898721222 
m400113 6000 -0.006116218074390957 7000 -0.006116218074390957 14000 -0.9877675638512179 
m400114 6000 -0.0068576904313325604 7000 -0.0068576904313325604 14000 -0.9862846191373346 
m400115 6000 -0.00018359311950209755 7000 -0.00018359311950209755 14000 -0.9996328137609959 
m400116 6000 -0.0021886757608295428 7000 -0.0021886757608295428 14000 -0.9956226484783407 
m400117 6000 -0.004175054431774358 7000 -0.004175054431774358 14000 -0.9916498911364513 
m400118 6000 -0.006322628456413242 7000 -0.006322628456413242 14000 -0.9873547430871735 
m400119 6000 -0.006770800179502767 7000 -0.006770800179502767 14000 -0.9864583996409949 
m400120 6000 -0.00027798425157912537 7000 -0.00027798425157912537 14000 -0.9994440314968419 
m400121 6000 -0.001406838055700975 7000 -0.001406838055700975 14000 -0.9971863238885986 
m400122 6000 -0.004855605030362281 7000 -0.004855605030362281 14000 -0.9902887899392754 
m400123 6000 -0.00646949233330063 7000 -0.00646949233330063 14000 -0.9870610153333991 
m400124 6000 -0.0068848738071232264 7000 -0.0068848738071232264 14000 -0.9862302523857533 
c **********************************
c PE+Pb, dens=4.78 g/cm3
m2      6000    -0.04286 $Carbon
        1001    -0.00714 $Hydrogen
        82000   -0.95000 $Lead
c **********************************
m3    1001 -0.048535 $Boric acid
      5010 -0.034981
      5011 -0.139923
      8016 -0.776561
c **********************************
m4    82000 1 $Lead
c **********************************
m5 26000 1 $Iron
c **********************************
m6     13027   -1.000 $ Aluminum
c **********************************
c  SS-304 (8.00 g/cm3), #298 in PNNL Compendium
m7   006000.50c -0.0004000
     014000.60c -0.0050000
     015031.50c -0.0002300
     016000.60c -0.0001500
     024000.50c -0.1899981
     025055.60c -0.0099999
     026000.50c -0.7017229
     028000.50c -0.0924991
c ****************************************
c       LaBr detector
c ****************************************
m8       35079    -0.2946       $ Br79
         35081    -0.3069       $ Br81
         57139    -0.3485       $ La139
         58140    -0.0500       $ Ce140
c ************ air den=1.15e-3g/cc
m12     8016 -0.23
        7014 -0.77
c ************ Rubber Natural den=0.92 g/cc
m13     1001 -0.118371  $weight fraction
        6000 -0.881629
c
c end material cards
c
rand seed=8674536546524321 $different initial random #; seed# - any less 18 digits
c
c ********** begin tallies *********************
fc78 *********Broadened Pulse Height Tally Sum of Detectors 1,2 & 3 ***********
e78 0 1e-5 932i 8.4295
F78:p (101)
FT78 GEB -0.026198 0.059551 -0.037176
fc18 *********Unbroadened Pulse Height Tally Sum of Detectors 1,2 & 3 ***********
e18 0 1e-5 932i 8.4295
F18:p (101)
c ***********************************
c mplot tal 78 freq 10000
nps 1e9
