c CAS DETECTOR
c w/ Shielding in Place and Wheels
c
c CELL CARDS
c
c @@@@@@@@@@ Detectors @@@@@@@@@@@@@@@@@
c
101 8 -5.08 -21 imp:n,p 1 $LaBr Detector #1 Active Region
c
c @@@@@@@@@ Shielding @@@@@@@@@@@@@@@@@
c
121 2 -4.78 -31 imp:n,p 1 $PE_Pb
122 4 -11.29 -32 imp:n,p 1 $Pb1
123 4 -11.29 -33 imp:n,p 1 $Pb2
124 4 -11.29 -34 imp:n,p 1 $Pb3
125 4 -11.29 -35 imp:n,p 1 $Pb4
126 4 -11.29 -36 imp:n,p 1 $Pb5
127 4 -11.29 -37 imp:n,p 1 $Pb6
128 3 -1.5 -38 imp:n,p 1 $BA1
129 3 -1.5 -39 imp:n,p 1 $BA2
130 6 -2.7 -40 imp:n,p 1 $Al
131 7 -7.92 301 -302 303 -304 imp:n,p 1 $Fe-tube
132 5 -7.8 -401 imp:n,p 1 $Fe
133 5 -7.8 -402 imp:n,p 1 $Fe
c @@@@@@@@@@ Wheels @@@@@@@@@@@@@@@@@
c
21 13 -0.92 -41 42 imp:n,p 1 $Wheel 1
211 13 -0.92 -421 422 imp:n,p 1 $Wheel 1
212 13 -0.92 -423 424 imp:n,p 1 $Wheel 1
22 13 -0.92 -43 44 imp:n,p 1 $Wheel 2
221 13 -0.92 -441 442 imp:n,p 1 $Wheel 2
222 13 -0.92 -443 444 imp:n,p 1 $Wheel 2
23 13 -0.92 -45 46 imp:n,p 1 $Wheel 3
231 13 -0.92 -461 462 imp:n,p 1 $Wheel 3
232 13 -0.92 -463 464 imp:n,p 1 $Wheel 3
24 13 -0.92 -47 48 imp:n,p 1 $Wheel 4
241 13 -0.92 -481 482 imp:n,p 1 $Wheel 4
242 13 -0.92 -483 484 imp:n,p 1 $Wheel 4
c
c @@@@@@@@@@ SOIL VOLUME @@@@@@@@@@@
c
300000 400000 -2.156 20010 -20011 20020 -20021 20030 -20031 imp:n,p 1
300001 400001 -2.156 20010 -20011 20020 -20021 20031 -20032 imp:n,p 1
300002 400002 -2.156 20010 -20011 20020 -20021 20032 -20033 imp:n,p 1
300003 400003 -2.156 20010 -20011 20020 -20021 20033 -20034 imp:n,p 1
300004 400004 -2.156 20010 -20011 20020 -20021 20034 -20035 imp:n,p 1
300005 400005 -2.156 20011 -20012 20020 -20021 20030 -20031 imp:n,p 1
300006 400006 -2.156 20011 -20012 20020 -20021 20031 -20032 imp:n,p 1
300007 400007 -2.156 20011 -20012 20020 -20021 20032 -20033 imp:n,p 1
300008 400008 -2.156 20011 -20012 20020 -20021 20033 -20034 imp:n,p 1
300009 400009 -2.156 20011 -20012 20020 -20021 20034 -20035 imp:n,p 1
300010 400010 -2.156 20012 -20013 20020 -20021 20030 -20031 imp:n,p 1
300011 400011 -2.156 20012 -20013 20020 -20021 20031 -20032 imp:n,p 1
300012 400012 -2.156 20012 -20013 20020 -20021 20032 -20033 imp:n,p 1
300013 400013 -2.156 20012 -20013 20020 -20021 20033 -20034 imp:n,p 1
300014 400014 -2.156 20012 -20013 20020 -20021 20034 -20035 imp:n,p 1
300015 400015 -2.156 20013 -20014 20020 -20021 20030 -20031 imp:n,p 1
300016 400016 -2.156 20013 -20014 20020 -20021 20031 -20032 imp:n,p 1
300017 400017 -2.156 20013 -20014 20020 -20021 20032 -20033 imp:n,p 1
300018 400018 -2.156 20013 -20014 20020 -20021 20033 -20034 imp:n,p 1
300019 400019 -2.156 20013 -20014 20020 -20021 20034 -20035 imp:n,p 1
300020 400020 -2.156 20014 -20015 20020 -20021 20030 -20031 imp:n,p 1
300021 400021 -2.156 20014 -20015 20020 -20021 20031 -20032 imp:n,p 1
300022 400022 -2.156 20014 -20015 20020 -20021 20032 -20033 imp:n,p 1
300023 400023 -2.156 20014 -20015 20020 -20021 20033 -20034 imp:n,p 1
300024 400024 -2.156 20014 -20015 20020 -20021 20034 -20035 imp:n,p 1
300025 400025 -2.156 20010 -20011 20021 -20022 20030 -20031 imp:n,p 1
300026 400026 -2.156 20010 -20011 20021 -20022 20031 -20032 imp:n,p 1
300027 400027 -2.156 20010 -20011 20021 -20022 20032 -20033 imp:n,p 1
300028 400028 -2.156 20010 -20011 20021 -20022 20033 -20034 imp:n,p 1
300029 400029 -2.156 20010 -20011 20021 -20022 20034 -20035 imp:n,p 1
300030 400030 -2.156 20011 -20012 20021 -20022 20030 -20031 imp:n,p 1
300031 400031 -2.156 20011 -20012 20021 -20022 20031 -20032 imp:n,p 1
300032 400032 -2.156 20011 -20012 20021 -20022 20032 -20033 imp:n,p 1
300033 400033 -2.156 20011 -20012 20021 -20022 20033 -20034 imp:n,p 1
300034 400034 -2.156 20011 -20012 20021 -20022 20034 -20035 imp:n,p 1
300035 400035 -2.156 20012 -20013 20021 -20022 20030 -20031 imp:n,p 1
300036 400036 -2.156 20012 -20013 20021 -20022 20031 -20032 imp:n,p 1
300037 400037 -2.156 20012 -20013 20021 -20022 20032 -20033 imp:n,p 1
300038 400038 -2.156 20012 -20013 20021 -20022 20033 -20034 imp:n,p 1
300039 400039 -2.156 20012 -20013 20021 -20022 20034 -20035 imp:n,p 1
300040 400040 -2.156 20013 -20014 20021 -20022 20030 -20031 imp:n,p 1
300041 400041 -2.156 20013 -20014 20021 -20022 20031 -20032 imp:n,p 1
300042 400042 -2.156 20013 -20014 20021 -20022 20032 -20033 imp:n,p 1
300043 400043 -2.156 20013 -20014 20021 -20022 20033 -20034 imp:n,p 1
300044 400044 -2.156 20013 -20014 20021 -20022 20034 -20035 imp:n,p 1
300045 400045 -2.156 20014 -20015 20021 -20022 20030 -20031 imp:n,p 1
300046 400046 -2.156 20014 -20015 20021 -20022 20031 -20032 imp:n,p 1
300047 400047 -2.156 20014 -20015 20021 -20022 20032 -20033 imp:n,p 1
300048 400048 -2.156 20014 -20015 20021 -20022 20033 -20034 imp:n,p 1
300049 400049 -2.156 20014 -20015 20021 -20022 20034 -20035 imp:n,p 1
300050 400050 -2.156 20010 -20011 20022 -20023 20030 -20031 imp:n,p 1
300051 400051 -2.156 20010 -20011 20022 -20023 20031 -20032 imp:n,p 1
300052 400052 -2.156 20010 -20011 20022 -20023 20032 -20033 imp:n,p 1
300053 400053 -2.156 20010 -20011 20022 -20023 20033 -20034 imp:n,p 1
300054 400054 -2.156 20010 -20011 20022 -20023 20034 -20035 imp:n,p 1
300055 400055 -2.156 20011 -20012 20022 -20023 20030 -20031 imp:n,p 1
300056 400056 -2.156 20011 -20012 20022 -20023 20031 -20032 imp:n,p 1
300057 400057 -2.156 20011 -20012 20022 -20023 20032 -20033 imp:n,p 1
300058 400058 -2.156 20011 -20012 20022 -20023 20033 -20034 imp:n,p 1
300059 400059 -2.156 20011 -20012 20022 -20023 20034 -20035 imp:n,p 1
300060 400060 -2.156 20012 -20013 20022 -20023 20030 -20031 imp:n,p 1
300061 400061 -2.156 20012 -20013 20022 -20023 20031 -20032 imp:n,p 1
300062 400062 -2.156 20012 -20013 20022 -20023 20032 -20033 imp:n,p 1
300063 400063 -2.156 20012 -20013 20022 -20023 20033 -20034 imp:n,p 1
300064 400064 -2.156 20012 -20013 20022 -20023 20034 -20035 imp:n,p 1
300065 400065 -2.156 20013 -20014 20022 -20023 20030 -20031 imp:n,p 1
300066 400066 -2.156 20013 -20014 20022 -20023 20031 -20032 imp:n,p 1
300067 400067 -2.156 20013 -20014 20022 -20023 20032 -20033 imp:n,p 1
300068 400068 -2.156 20013 -20014 20022 -20023 20033 -20034 imp:n,p 1
300069 400069 -2.156 20013 -20014 20022 -20023 20034 -20035 imp:n,p 1
300070 400070 -2.156 20014 -20015 20022 -20023 20030 -20031 imp:n,p 1
300071 400071 -2.156 20014 -20015 20022 -20023 20031 -20032 imp:n,p 1
300072 400072 -2.156 20014 -20015 20022 -20023 20032 -20033 imp:n,p 1
300073 400073 -2.156 20014 -20015 20022 -20023 20033 -20034 imp:n,p 1
300074 400074 -2.156 20014 -20015 20022 -20023 20034 -20035 imp:n,p 1
300075 400075 -2.156 20010 -20011 20023 -20024 20030 -20031 imp:n,p 1
300076 400076 -2.156 20010 -20011 20023 -20024 20031 -20032 imp:n,p 1
300077 400077 -2.156 20010 -20011 20023 -20024 20032 -20033 imp:n,p 1
300078 400078 -2.156 20010 -20011 20023 -20024 20033 -20034 imp:n,p 1
300079 400079 -2.156 20010 -20011 20023 -20024 20034 -20035 imp:n,p 1
300080 400080 -2.156 20011 -20012 20023 -20024 20030 -20031 imp:n,p 1
300081 400081 -2.156 20011 -20012 20023 -20024 20031 -20032 imp:n,p 1
300082 400082 -2.156 20011 -20012 20023 -20024 20032 -20033 imp:n,p 1
300083 400083 -2.156 20011 -20012 20023 -20024 20033 -20034 imp:n,p 1
300084 400084 -2.156 20011 -20012 20023 -20024 20034 -20035 imp:n,p 1
300085 400085 -2.156 20012 -20013 20023 -20024 20030 -20031 imp:n,p 1
300086 400086 -2.156 20012 -20013 20023 -20024 20031 -20032 imp:n,p 1
300087 400087 -2.156 20012 -20013 20023 -20024 20032 -20033 imp:n,p 1
300088 400088 -2.156 20012 -20013 20023 -20024 20033 -20034 imp:n,p 1
300089 400089 -2.156 20012 -20013 20023 -20024 20034 -20035 imp:n,p 1
300090 400090 -2.156 20013 -20014 20023 -20024 20030 -20031 imp:n,p 1
300091 400091 -2.156 20013 -20014 20023 -20024 20031 -20032 imp:n,p 1
300092 400092 -2.156 20013 -20014 20023 -20024 20032 -20033 imp:n,p 1
300093 400093 -2.156 20013 -20014 20023 -20024 20033 -20034 imp:n,p 1
300094 400094 -2.156 20013 -20014 20023 -20024 20034 -20035 imp:n,p 1
300095 400095 -2.156 20014 -20015 20023 -20024 20030 -20031 imp:n,p 1
300096 400096 -2.156 20014 -20015 20023 -20024 20031 -20032 imp:n,p 1
300097 400097 -2.156 20014 -20015 20023 -20024 20032 -20033 imp:n,p 1
300098 400098 -2.156 20014 -20015 20023 -20024 20033 -20034 imp:n,p 1
300099 400099 -2.156 20014 -20015 20023 -20024 20034 -20035 imp:n,p 1
300100 400100 -2.156 20010 -20011 20024 -20025 20030 -20031 imp:n,p 1
300101 400101 -2.156 20010 -20011 20024 -20025 20031 -20032 imp:n,p 1
300102 400102 -2.156 20010 -20011 20024 -20025 20032 -20033 imp:n,p 1
300103 400103 -2.156 20010 -20011 20024 -20025 20033 -20034 imp:n,p 1
300104 400104 -2.156 20010 -20011 20024 -20025 20034 -20035 imp:n,p 1
300105 400105 -2.156 20011 -20012 20024 -20025 20030 -20031 imp:n,p 1
300106 400106 -2.156 20011 -20012 20024 -20025 20031 -20032 imp:n,p 1
300107 400107 -2.156 20011 -20012 20024 -20025 20032 -20033 imp:n,p 1
300108 400108 -2.156 20011 -20012 20024 -20025 20033 -20034 imp:n,p 1
300109 400109 -2.156 20011 -20012 20024 -20025 20034 -20035 imp:n,p 1
300110 400110 -2.156 20012 -20013 20024 -20025 20030 -20031 imp:n,p 1
300111 400111 -2.156 20012 -20013 20024 -20025 20031 -20032 imp:n,p 1
300112 400112 -2.156 20012 -20013 20024 -20025 20032 -20033 imp:n,p 1
300113 400113 -2.156 20012 -20013 20024 -20025 20033 -20034 imp:n,p 1
300114 400114 -2.156 20012 -20013 20024 -20025 20034 -20035 imp:n,p 1
300115 400115 -2.156 20013 -20014 20024 -20025 20030 -20031 imp:n,p 1
300116 400116 -2.156 20013 -20014 20024 -20025 20031 -20032 imp:n,p 1
300117 400117 -2.156 20013 -20014 20024 -20025 20032 -20033 imp:n,p 1
300118 400118 -2.156 20013 -20014 20024 -20025 20033 -20034 imp:n,p 1
300119 400119 -2.156 20013 -20014 20024 -20025 20034 -20035 imp:n,p 1
300120 400120 -2.156 20014 -20015 20024 -20025 20030 -20031 imp:n,p 1
300121 400121 -2.156 20014 -20015 20024 -20025 20031 -20032 imp:n,p 1
300122 400122 -2.156 20014 -20015 20024 -20025 20032 -20033 imp:n,p 1
300123 400123 -2.156 20014 -20015 20024 -20025 20033 -20034 imp:n,p 1
300124 400124 -2.156 20014 -20015 20024 -20025 20034 -20035 imp:n,p 1
c
30 12 -0.00129 -200 #101 #121 #122 #123 #124 #125 #126 #127 #128 #129 #130 #131 #132 #133
        #21 #211 #212 #22 #221 #222 #23 #231 #232 #24 #241 #242 #20 imp:n,p 1 $Rest of the World
31 0 200 imp:n,p 0 $Outside world

c SURFACE CARDS
c
c Sample Volume
20010 px -56.0
20011 px -33.600000000000364
20012 px -11.199999999999818
20013 px 11.199999999999818
20014 px 33.600000000000364
20015 px 56.0
20020 py -45.0
20021 py -27.0
20022 py -9.0
20023 py 9.0
20024 py 27.0
20025 py 45.0
20030 pz 92.0
20031 pz 82.0
20032 pz 72.0
20033 pz 62.0
20034 pz 52.0
20035 pz 42.0
c Active Detector Region
21 rcc 56  -5.0 -1.0   0.0 20.3 0.0   4.5 $Detector 1 Base center, Hx,Hy,Hz, radius
c Shielding Surfaces
c Shielding Pb
31 rpp 19 29 -7.5 7.5 -11 9 $PbPE xmin xmax ymin ymax zmin zmax
32 rpp 9 19 4 9 -11 9 $Pb xmin xmax ymin ymax zmin zmax
33 rpp 9 19 -9 -4 -11 9 $Pb xmin xmax ymin ymax zmin zmax
34 rpp 19 29 7.5 12.5 -11 9 $Pb xmin xmax ymin ymax zmin zmax
35 rpp 19 29 -12.5 -7.5 -11 9 $Pb xmin xmax ymin ymax zmin zmax
36 rpp 29 34 -15 15 -11 9 $Pb xmin xmax ymin ymax zmin zmax
37 rpp 9 19 -4 4 4 9 $Pb xmin xmax ymin ymax zmin zmax
38 rpp -26 26 18 28 -11 9 $BA1 xmin xmax ymin ymax zmin zmax
39 rpp -26 26 -28 -18 -11 9 $BA2 xmin xmax ymin ymax zmin zmax
40 rpp -65 65 -28 28 10 10.5 $Al xmin xmax ymin ymax zmin zmax
401 rpp -27 27 29 34 -11 9 $Fe xmin xmax ymin ymax zmin zmax
402 rpp -27 27 -34 -29 -11 9 $Fe xmin xmax ymin ymax zmin zmax
301 px -20
302 px 18
303 cx 3.71
304 cx 3.81
c Wheels Surfaces
c 23/10.5-12 turf tires, 22.6 lb rubber
c diameter 29cm, tread width 25cm, and sidewall height 13.76 cm
c set thickness of all sides 1.3 cm (s.t. weight is 22.6 lb)
41 rcc -2 77 8   0.0 25 0.0 29 $wheel 1 outer tread surface
42 rcc -2 77 8   0.0 25 0.0 27.7 $wheel 1 inner tread surface
421 rcc -2 75.7 8   0.0 1.3 0.0 29 $wheel 1 outside sidewall exterior
422 rcc -2 75.7 8   0.0 1.3 0.0 15.24 $wheel 1 outside sidewall interior
423 rcc -2 102 8   0.0 1.3 0.0 29 $wheel 1 inside sidewall exterior
424 rcc -2 102 8   0.0 1.3 0.0 15.24 $wheel 1 inside sidewall interior
43 rcc 68 77 8   0.0 25 0.0 29 $wheel 2
44 rcc 68 77 8   0.0 25 0.0 27.7
441 rcc 68 75.7 8   0.0 1.3 0.0 29
442 rcc 68 75.7 8   0.0 1.3 0.0 15.24
443 rcc 68 102 8   0.0 1.3 0.0 29
444 rcc 68 102 8   0.0 1.3 0.0 15.24
45 rcc -2 -77 8   0.0 -25 0.0 29 $wheel 3
46 rcc -2 -77 8   0.0 -25 0.0 27.7
461 rcc -2 -75.7 8   0.0 -1.3 0.0 29
462 rcc -2 -75.7 8   0.0 -1.3 0.0 15.24
463 rcc -2 -102 8   0.0 -1.3 0.0 29
464 rcc -2 -102 8   0.0 -1.3 0.0 15.24
47 rcc 68 -77 8   0.0 -25 0.0 29 $wheel 4
48 rcc 68 -77 8   0.0 -25 0.0 27.7
481 rcc 68 -75.7 8   0.0 -1.3 0.0 29
482 rcc 68 -75.7 8   0.0 -1.3 0.0 15.24
483 rcc 68 -102 8   0.0 -1.3 0.0 29
484 rcc 68 -102 8   0.0 -1.3 0.0 15.24
200 so 800    $sphere of 800cm centered at origin
c

c DATA CARDS
mode n p
c dump every hr
prdmp -60 -60 -1
c 100 keV Neutron Energy Cutoff
Cut:n 1j 0.1
c analog neutron transport
phys:n 1j 14
phys:p
sdef pos=0 0 0 erg=14.0 vec= 0 0 1 dir=d1
si1  -1 .93 1
sp1   0  0.0  1.0
c ********************
c begin material cards
c ********************
c Pure Carbon
c ****************************************
m400000 6000 -0.00025657913727616293 7000 -0.00025657913727616293 14000 -0.9994868417254476 
m400001 6000 -0.0023388120760901294 7000 -0.0023388120760901294 14000 -0.9953223758478199 
m400002 6000 -0.004731025063121275 7000 -0.004731025063121275 14000 -0.9905379498737577 
m400003 6000 -0.006599719445395572 7000 -0.006599719445395572 14000 -0.986800561109209 
m400004 6000 -0.007145266052443775 7000 -0.007145266052443775 14000 -0.9857094678951124 
m400005 6000 -0.00033912756518294574 7000 -0.00033912756518294574 14000 -0.9993217448696341 
m400006 6000 -0.0018785290409793955 7000 -0.0018785290409793955 14000 -0.996242941918041 
m400007 6000 -0.004970531835040374 7000 -0.004970531835040374 14000 -0.9900589363299191 
m400008 6000 -0.006589431823899823 7000 -0.006589431823899823 14000 -0.9868211363522001 
m400009 6000 -0.0070684870268002 7000 -0.0070684870268002 14000 -0.9858630259463997 
m400010 6000 -0.0003087579995700096 7000 -0.0003087579995700096 14000 -0.9993824840008599 
m400011 6000 -0.0022587319188616633 7000 -0.0022587319188616633 14000 -0.9954825361622767 
m400012 6000 -0.004708291116803385 7000 -0.004708291116803385 14000 -0.9905834177663934 
m400013 6000 -0.006399927614811983 7000 -0.006399927614811983 14000 -0.987200144770376 
m400014 6000 -0.007104716405200602 7000 -0.007104716405200602 14000 -0.9857905671895986 
m400015 6000 -0.0004944360531178776 7000 -0.0004944360531178776 14000 -0.9990111278937642 
m400016 6000 -0.0018246339725025173 7000 -0.0018246339725025173 14000 -0.9963507320549952 
m400017 6000 -0.004860395276625854 7000 -0.004860395276625854 14000 -0.9902792094467481 
m400018 6000 -0.006619516481036255 7000 -0.006619516481036255 14000 -0.9867609670379278 
m400019 6000 -0.007128576555562759 7000 -0.007128576555562759 14000 -0.9857428468888745 
m400020 6000 -0.00019124376910508684 7000 -0.00019124376910508684 14000 -0.9996175124617899 
m400021 6000 -0.001874259340283355 7000 -0.001874259340283355 14000 -0.9962514813194335 
m400022 6000 -0.004695768367743411 7000 -0.004695768367743411 14000 -0.990608463264513 
m400023 6000 -0.006357973071650879 7000 -0.006357973071650879 14000 -0.9872840538566982 
m400024 6000 -0.007098235562869598 7000 -0.007098235562869598 14000 -0.9858035288742607 
m400025 6000 -0.00037299059718173924 7000 -0.00037299059718173924 14000 -0.9992540188056367 
m400026 6000 -0.002252459025088763 7000 -0.002252459025088763 14000 -0.9954950819498224 
m400027 6000 -0.004959312255731295 7000 -0.004959312255731295 14000 -0.9900813754885374 
m400028 6000 -0.006659381896375359 7000 -0.006659381896375359 14000 -0.9866812362072496 
m400029 6000 -0.007095115902325756 7000 -0.007095115902325756 14000 -0.9858097681953484 
m400030 6000 -0.00020419071795035743 7000 -0.00020419071795035743 14000 -0.9995916185640994 
m400031 6000 -0.002266748280486702 7000 -0.002266748280486702 14000 -0.9954665034390265 
m400032 6000 -0.004788638784277742 7000 -0.004788638784277742 14000 -0.9904227224314446 
m400033 6000 -0.006556910204302937 7000 -0.006556910204302937 14000 -0.9868861795913942 
m400034 6000 -0.00707920270219193 7000 -0.00707920270219193 14000 -0.985841594595616 
m400035 6000 -0.00035106366061926403 7000 -0.00035106366061926403 14000 -0.9992978726787612 
m400036 6000 -0.0020719272090098735 7000 -0.0020719272090098735 14000 -0.9958561455819802 
m400037 6000 -0.004807228866684592 7000 -0.004807228866684592 14000 -0.9903855422666307 
m400038 6000 -0.006618909299772379 7000 -0.006618909299772379 14000 -0.9867621814004552 
m400039 6000 -0.007113336503144519 7000 -0.007113336503144519 14000 -0.9857733269937107 
m400040 6000 -0.0002603245047213188 7000 -0.0002603245047213188 14000 -0.9994793509905571 
m400041 6000 -0.002001604054791479 7000 -0.002001604054791479 14000 -0.9959967918904168 
m400042 6000 -0.004824787790607936 7000 -0.004824787790607936 14000 -0.9903504244187841 
m400043 6000 -0.006721474144100546 7000 -0.006721474144100546 14000 -0.9865570517117992 
m400044 6000 -0.007117698195221321 7000 -0.007117698195221321 14000 -0.9857646036095573 
m400045 6000 -0.00034933706157316174 7000 -0.00034933706157316174 14000 -0.9993013258768535 
m400046 6000 -0.0023228386374221817 7000 -0.0023228386374221817 14000 -0.9953543227251557 
m400047 6000 -0.004544693499412971 7000 -0.004544693499412971 14000 -0.9909106130011743 
m400048 6000 -0.006686910357967068 7000 -0.006686910357967068 14000 -0.9866261792840656 
m400049 6000 -0.007101157768165977 7000 -0.007101157768165977 14000 -0.9857976844636681 
m400050 6000 -0.0004714213250623856 7000 -0.0004714213250623856 14000 -0.9990571573498752 
m400051 6000 -0.0026048868853234684 7000 -0.0026048868853234684 14000 -0.9947902262293533 
m400052 6000 -0.004801642949196467 7000 -0.004801642949196467 14000 -0.9903967141016072 
m400053 6000 -0.006467962929450007 7000 -0.006467962929450007 14000 -0.9870640741410999 
m400054 6000 -0.007079412971374758 7000 -0.007079412971374758 14000 -0.9858411740572508 
m400055 6000 -0.0002651104908717618 7000 -0.0002651104908717618 14000 -0.9994697790182566 
m400056 6000 -0.0023249321686166697 7000 -0.0023249321686166697 14000 -0.9953501356627666 
m400057 6000 -0.004620084272506581 7000 -0.004620084272506581 14000 -0.9907598314549868 
m400058 6000 -0.006449633076905571 7000 -0.006449633076905571 14000 -0.9871007338461888 
m400059 6000 -0.007115180173010197 7000 -0.007115180173010197 14000 -0.9857696396539797 
m400060 6000 -0.0002641357158056942 7000 -0.0002641357158056942 14000 -0.9994717285683885 
m400061 6000 -0.002399713395590925 7000 -0.002399713395590925 14000 -0.995200573208818 
m400062 6000 -0.004713279817397252 7000 -0.004713279817397252 14000 -0.9905734403652056 
m400063 6000 -0.006484851341788551 7000 -0.006484851341788551 14000 -0.9870302973164228 
m400064 6000 -0.0070833361839272545 7000 -0.0070833361839272545 14000 -0.9858333276321457 
m400065 6000 -0.0003608597335232657 7000 -0.0003608597335232657 14000 -0.9992782805329533 
m400066 6000 -0.0020110065669317655 7000 -0.0020110065669317655 14000 -0.9959779868661367 
m400067 6000 -0.004899440018877814 7000 -0.004899440018877814 14000 -0.9902011199622445 
m400068 6000 -0.006465559178286265 7000 -0.006465559178286265 14000 -0.9870688816434271 
m400069 6000 -0.007104284665325089 7000 -0.007104284665325089 14000 -0.98579143066935 
m400070 6000 -0.00013989953842046655 7000 -0.00013989953842046655 14000 -0.999720200923159 
m400071 6000 -0.0025332355107047645 7000 -0.0025332355107047645 14000 -0.9949335289785904 
m400072 6000 -0.0046885439332946125 7000 -0.0046885439332946125 14000 -0.9906229121334111 
m400073 6000 -0.006496876882131393 7000 -0.006496876882131393 14000 -0.9870062462357376 
m400074 6000 -0.007113524852655911 7000 -0.007113524852655911 14000 -0.9857729502946881 
m400075 6000 -0.00043129875085426406 7000 -0.00043129875085426406 14000 -0.9991374024982913 
m400076 6000 -0.0017145491528703215 7000 -0.0017145491528703215 14000 -0.9965709016942591 
m400077 6000 -0.004874971996414714 7000 -0.004874971996414714 14000 -0.9902500560071704 
m400078 6000 -0.006495543033704473 7000 -0.006495543033704473 14000 -0.9870089139325912 
m400079 6000 -0.007105979551417136 7000 -0.007105979551417136 14000 -0.9857880408971659 
m400080 6000 -0.00015006548814526532 7000 -0.00015006548814526532 14000 -0.9996998690237094 
m400081 6000 -0.002277748139353809 7000 -0.002277748139353809 14000 -0.9954445037212923 
m400082 6000 -0.004998390662237045 7000 -0.004998390662237045 14000 -0.990003218675526 
m400083 6000 -0.00658651516870629 7000 -0.00658651516870629 14000 -0.9868269696625873 
m400084 6000 -0.007102183406293069 7000 -0.007102183406293069 14000 -0.9857956331874143 
m400085 6000 -0.0003599188513549684 7000 -0.0003599188513549684 14000 -0.99928016229729 
m400086 6000 -0.0021549746390777443 7000 -0.0021549746390777443 14000 -0.9956900507218447 
m400087 6000 -0.004603650595096303 7000 -0.004603650595096303 14000 -0.9907926988098074 
m400088 6000 -0.006536602500715225 7000 -0.006536602500715225 14000 -0.9869267949985696 
m400089 6000 -0.007113561996458192 7000 -0.007113561996458192 14000 -0.9857728760070834 
m400090 6000 -0.00024289966834666846 7000 -0.00024289966834666846 14000 -0.9995142006633067 
m400091 6000 -0.0020551327106283126 7000 -0.0020551327106283126 14000 -0.9958897345787436 
m400092 6000 -0.004706025856186812 7000 -0.004706025856186812 14000 -0.9905879482876264 
m400093 6000 -0.00644056579381112 7000 -0.00644056579381112 14000 -0.9871188684123778 
m400094 6000 -0.0071146111402190446 7000 -0.0071146111402190446 14000 -0.9857707777195618 
m400095 6000 -0.00026668092886512136 7000 -0.00026668092886512136 14000 -0.9994666381422697 
m400096 6000 -0.0022936523957521548 7000 -0.0022936523957521548 14000 -0.995412695208496 
m400097 6000 -0.004883415008495904 7000 -0.004883415008495904 14000 -0.990233169983008 
m400098 6000 -0.006428198175948378 7000 -0.006428198175948378 14000 -0.9871436036481033 
m400099 6000 -0.007054687504640588 7000 -0.007054687504640588 14000 -0.9858906249907189 
m400100 6000 -0.0002756238477981176 7000 -0.0002756238477981176 14000 -0.999448752304404 
m400101 6000 -0.0024924421178211505 7000 -0.0024924421178211505 14000 -0.9950151157643581 
m400102 6000 -0.00463649951834378 7000 -0.00463649951834378 14000 -0.9907270009633125 
m400103 6000 -0.006806425863708604 7000 -0.006806425863708604 14000 -0.986387148272583 
m400104 6000 -0.007115431176308163 7000 -0.007115431176308163 14000 -0.9857691376473836 
m400105 6000 -0.00020427567506638625 7000 -0.00020427567506638625 14000 -0.9995914486498672 
m400106 6000 -0.002279288829446072 7000 -0.002279288829446072 14000 -0.9954414223411078 
m400107 6000 -0.004679122949618946 7000 -0.004679122949618946 14000 -0.9906417541007617 
m400108 6000 -0.0063575364927852185 7000 -0.0063575364927852185 14000 -0.9872849270144293 
m400109 6000 -0.007074898151665092 7000 -0.007074898151665092 14000 -0.9858502036966701 
m400110 6000 -0.00033949779382538 7000 -0.00033949779382538 14000 -0.9993210044123493 
m400111 6000 -0.00209925191955601 7000 -0.00209925191955601 14000 -0.9958014961608879 
m400112 6000 -0.0050216358259484095 7000 -0.0050216358259484095 14000 -0.9899567283481032 
m400113 6000 -0.006571727261540012 7000 -0.006571727261540012 14000 -0.9868565454769198 
m400114 6000 -0.0070724693664195246 7000 -0.0070724693664195246 14000 -0.9858550612671607 
m400115 6000 -0.0002555145608436775 7000 -0.0002555145608436775 14000 -0.9994889708783125 
m400116 6000 -0.002263197771648963 7000 -0.002263197771648963 14000 -0.9954736044567022 
m400117 6000 -0.005080424017181815 7000 -0.005080424017181815 14000 -0.9898391519656364 
m400118 6000 -0.006576150399510356 7000 -0.006576150399510356 14000 -0.9868476992009795 
m400119 6000 -0.007100820085893442 7000 -0.007100820085893442 14000 -0.985798359828213 
m400120 6000 -0.00029015071937338305 7000 -0.00029015071937338305 14000 -0.9994196985612532 
m400121 6000 -0.001838220115616045 7000 -0.001838220115616045 14000 -0.996323559768768 
m400122 6000 -0.004869426379094451 7000 -0.004869426379094451 14000 -0.9902611472418111 
m400123 6000 -0.006524187446451915 7000 -0.006524187446451915 14000 -0.9869516251070963 
m400124 6000 -0.007163302343601341 7000 -0.007163302343601341 14000 -0.9856733953127973 
c **********************************
c PE+Pb, dens=4.78 g/cm3
m2      6000    -0.04286 $Carbon
        1001    -0.00714 $Hydrogen
        82000   -0.95000 $Lead
c **********************************
m3    1001 -0.048535 $Boric acid
      5010 -0.034981
      5011 -0.139923
      8016 -0.776561
c **********************************
m4    82000 1 $Lead
c **********************************
m5 26000 1 $Iron
c **********************************
m6     13027   -1.000 $ Aluminum
c **********************************
c  SS-304 (8.00 g/cm3), #298 in PNNL Compendium
m7   006000.50c -0.0004000
     014000.60c -0.0050000
     015031.50c -0.0002300
     016000.60c -0.0001500
     024000.50c -0.1899981
     025055.60c -0.0099999
     026000.50c -0.7017229
     028000.50c -0.0924991
c ****************************************
c       LaBr detector
c ****************************************
m8       35079    -0.2946       $ Br79
         35081    -0.3069       $ Br81
         57139    -0.3485       $ La139
         58140    -0.0500       $ Ce140
c ************ air den=1.15e-3g/cc
m12     8016 -0.23
        7014 -0.77
c ************ Rubber Natural den=0.92 g/cc
m13     1001 -0.118371  $weight fraction
        6000 -0.881629
c
c end material cards
c
rand seed=8674536546524321 $different initial random #; seed# - any less 18 digits
c
c ********** begin tallies *********************
fc78 *********Broadened Pulse Height Tally Sum of Detectors 1,2 & 3 ***********
e78 0 1e-5 932i 8.4295
F78:p (101)
FT78 GEB -0.026198 0.059551 -0.037176
fc18 *********Unbroadened Pulse Height Tally Sum of Detectors 1,2 & 3 ***********
e18 0 1e-5 932i 8.4295
F18:p (101)
c ***********************************
c mplot tal 78 freq 10000
nps 1e9
