c CAS DETECTOR
c w/ Shielding in Place and Wheels
c
c CELL CARDS
c
c @@@@@@@@@@ Detectors @@@@@@@@@@@@@@@@@
c
101 8 -5.08 -21 imp:n,p 1 $LaBr Detector #1 Active Region
c
c @@@@@@@@@ Shielding @@@@@@@@@@@@@@@@@
c
121 2 -4.78 -31 imp:n,p 1 $PE_Pb
122 4 -11.29 -32 imp:n,p 1 $Pb1
123 4 -11.29 -33 imp:n,p 1 $Pb2
124 4 -11.29 -34 imp:n,p 1 $Pb3
125 4 -11.29 -35 imp:n,p 1 $Pb4
126 4 -11.29 -36 imp:n,p 1 $Pb5
127 4 -11.29 -37 imp:n,p 1 $Pb6
128 3 -1.5 -38 imp:n,p 1 $BA1
129 3 -1.5 -39 imp:n,p 1 $BA2
130 6 -2.7 -40 imp:n,p 1 $Al
131 7 -7.92 301 -302 303 -304 imp:n,p 1 $Fe-tube
132 5 -7.8 -401 imp:n,p 1 $Fe
133 5 -7.8 -402 imp:n,p 1 $Fe
c @@@@@@@@@@ Wheels @@@@@@@@@@@@@@@@@
c
21 13 -0.92 -41 42 imp:n,p 1 $Wheel 1
211 13 -0.92 -421 422 imp:n,p 1 $Wheel 1
212 13 -0.92 -423 424 imp:n,p 1 $Wheel 1
22 13 -0.92 -43 44 imp:n,p 1 $Wheel 2
221 13 -0.92 -441 442 imp:n,p 1 $Wheel 2
222 13 -0.92 -443 444 imp:n,p 1 $Wheel 2
23 13 -0.92 -45 46 imp:n,p 1 $Wheel 3
231 13 -0.92 -461 462 imp:n,p 1 $Wheel 3
232 13 -0.92 -463 464 imp:n,p 1 $Wheel 3
24 13 -0.92 -47 48 imp:n,p 1 $Wheel 4
241 13 -0.92 -481 482 imp:n,p 1 $Wheel 4
242 13 -0.92 -483 484 imp:n,p 1 $Wheel 4
c
c @@@@@@@@@@ SOIL VOLUME @@@@@@@@@@@
c
300000 400000 -2.156 20010 -20011 20020 -20021 20030 -20031 imp:n,p 1
300001 400001 -2.156 20010 -20011 20020 -20021 20031 -20032 imp:n,p 1
300002 400002 -2.156 20010 -20011 20020 -20021 20032 -20033 imp:n,p 1
300003 400003 -2.156 20010 -20011 20020 -20021 20033 -20034 imp:n,p 1
300004 400004 -2.156 20010 -20011 20020 -20021 20034 -20035 imp:n,p 1
300005 400005 -2.156 20011 -20012 20020 -20021 20030 -20031 imp:n,p 1
300006 400006 -2.156 20011 -20012 20020 -20021 20031 -20032 imp:n,p 1
300007 400007 -2.156 20011 -20012 20020 -20021 20032 -20033 imp:n,p 1
300008 400008 -2.156 20011 -20012 20020 -20021 20033 -20034 imp:n,p 1
300009 400009 -2.156 20011 -20012 20020 -20021 20034 -20035 imp:n,p 1
300010 400010 -2.156 20012 -20013 20020 -20021 20030 -20031 imp:n,p 1
300011 400011 -2.156 20012 -20013 20020 -20021 20031 -20032 imp:n,p 1
300012 400012 -2.156 20012 -20013 20020 -20021 20032 -20033 imp:n,p 1
300013 400013 -2.156 20012 -20013 20020 -20021 20033 -20034 imp:n,p 1
300014 400014 -2.156 20012 -20013 20020 -20021 20034 -20035 imp:n,p 1
300015 400015 -2.156 20013 -20014 20020 -20021 20030 -20031 imp:n,p 1
300016 400016 -2.156 20013 -20014 20020 -20021 20031 -20032 imp:n,p 1
300017 400017 -2.156 20013 -20014 20020 -20021 20032 -20033 imp:n,p 1
300018 400018 -2.156 20013 -20014 20020 -20021 20033 -20034 imp:n,p 1
300019 400019 -2.156 20013 -20014 20020 -20021 20034 -20035 imp:n,p 1
300020 400020 -2.156 20014 -20015 20020 -20021 20030 -20031 imp:n,p 1
300021 400021 -2.156 20014 -20015 20020 -20021 20031 -20032 imp:n,p 1
300022 400022 -2.156 20014 -20015 20020 -20021 20032 -20033 imp:n,p 1
300023 400023 -2.156 20014 -20015 20020 -20021 20033 -20034 imp:n,p 1
300024 400024 -2.156 20014 -20015 20020 -20021 20034 -20035 imp:n,p 1
300025 400025 -2.156 20010 -20011 20021 -20022 20030 -20031 imp:n,p 1
300026 400026 -2.156 20010 -20011 20021 -20022 20031 -20032 imp:n,p 1
300027 400027 -2.156 20010 -20011 20021 -20022 20032 -20033 imp:n,p 1
300028 400028 -2.156 20010 -20011 20021 -20022 20033 -20034 imp:n,p 1
300029 400029 -2.156 20010 -20011 20021 -20022 20034 -20035 imp:n,p 1
300030 400030 -2.156 20011 -20012 20021 -20022 20030 -20031 imp:n,p 1
300031 400031 -2.156 20011 -20012 20021 -20022 20031 -20032 imp:n,p 1
300032 400032 -2.156 20011 -20012 20021 -20022 20032 -20033 imp:n,p 1
300033 400033 -2.156 20011 -20012 20021 -20022 20033 -20034 imp:n,p 1
300034 400034 -2.156 20011 -20012 20021 -20022 20034 -20035 imp:n,p 1
300035 400035 -2.156 20012 -20013 20021 -20022 20030 -20031 imp:n,p 1
300036 400036 -2.156 20012 -20013 20021 -20022 20031 -20032 imp:n,p 1
300037 400037 -2.156 20012 -20013 20021 -20022 20032 -20033 imp:n,p 1
300038 400038 -2.156 20012 -20013 20021 -20022 20033 -20034 imp:n,p 1
300039 400039 -2.156 20012 -20013 20021 -20022 20034 -20035 imp:n,p 1
300040 400040 -2.156 20013 -20014 20021 -20022 20030 -20031 imp:n,p 1
300041 400041 -2.156 20013 -20014 20021 -20022 20031 -20032 imp:n,p 1
300042 400042 -2.156 20013 -20014 20021 -20022 20032 -20033 imp:n,p 1
300043 400043 -2.156 20013 -20014 20021 -20022 20033 -20034 imp:n,p 1
300044 400044 -2.156 20013 -20014 20021 -20022 20034 -20035 imp:n,p 1
300045 400045 -2.156 20014 -20015 20021 -20022 20030 -20031 imp:n,p 1
300046 400046 -2.156 20014 -20015 20021 -20022 20031 -20032 imp:n,p 1
300047 400047 -2.156 20014 -20015 20021 -20022 20032 -20033 imp:n,p 1
300048 400048 -2.156 20014 -20015 20021 -20022 20033 -20034 imp:n,p 1
300049 400049 -2.156 20014 -20015 20021 -20022 20034 -20035 imp:n,p 1
300050 400050 -2.156 20010 -20011 20022 -20023 20030 -20031 imp:n,p 1
300051 400051 -2.156 20010 -20011 20022 -20023 20031 -20032 imp:n,p 1
300052 400052 -2.156 20010 -20011 20022 -20023 20032 -20033 imp:n,p 1
300053 400053 -2.156 20010 -20011 20022 -20023 20033 -20034 imp:n,p 1
300054 400054 -2.156 20010 -20011 20022 -20023 20034 -20035 imp:n,p 1
300055 400055 -2.156 20011 -20012 20022 -20023 20030 -20031 imp:n,p 1
300056 400056 -2.156 20011 -20012 20022 -20023 20031 -20032 imp:n,p 1
300057 400057 -2.156 20011 -20012 20022 -20023 20032 -20033 imp:n,p 1
300058 400058 -2.156 20011 -20012 20022 -20023 20033 -20034 imp:n,p 1
300059 400059 -2.156 20011 -20012 20022 -20023 20034 -20035 imp:n,p 1
300060 400060 -2.156 20012 -20013 20022 -20023 20030 -20031 imp:n,p 1
300061 400061 -2.156 20012 -20013 20022 -20023 20031 -20032 imp:n,p 1
300062 400062 -2.156 20012 -20013 20022 -20023 20032 -20033 imp:n,p 1
300063 400063 -2.156 20012 -20013 20022 -20023 20033 -20034 imp:n,p 1
300064 400064 -2.156 20012 -20013 20022 -20023 20034 -20035 imp:n,p 1
300065 400065 -2.156 20013 -20014 20022 -20023 20030 -20031 imp:n,p 1
300066 400066 -2.156 20013 -20014 20022 -20023 20031 -20032 imp:n,p 1
300067 400067 -2.156 20013 -20014 20022 -20023 20032 -20033 imp:n,p 1
300068 400068 -2.156 20013 -20014 20022 -20023 20033 -20034 imp:n,p 1
300069 400069 -2.156 20013 -20014 20022 -20023 20034 -20035 imp:n,p 1
300070 400070 -2.156 20014 -20015 20022 -20023 20030 -20031 imp:n,p 1
300071 400071 -2.156 20014 -20015 20022 -20023 20031 -20032 imp:n,p 1
300072 400072 -2.156 20014 -20015 20022 -20023 20032 -20033 imp:n,p 1
300073 400073 -2.156 20014 -20015 20022 -20023 20033 -20034 imp:n,p 1
300074 400074 -2.156 20014 -20015 20022 -20023 20034 -20035 imp:n,p 1
300075 400075 -2.156 20010 -20011 20023 -20024 20030 -20031 imp:n,p 1
300076 400076 -2.156 20010 -20011 20023 -20024 20031 -20032 imp:n,p 1
300077 400077 -2.156 20010 -20011 20023 -20024 20032 -20033 imp:n,p 1
300078 400078 -2.156 20010 -20011 20023 -20024 20033 -20034 imp:n,p 1
300079 400079 -2.156 20010 -20011 20023 -20024 20034 -20035 imp:n,p 1
300080 400080 -2.156 20011 -20012 20023 -20024 20030 -20031 imp:n,p 1
300081 400081 -2.156 20011 -20012 20023 -20024 20031 -20032 imp:n,p 1
300082 400082 -2.156 20011 -20012 20023 -20024 20032 -20033 imp:n,p 1
300083 400083 -2.156 20011 -20012 20023 -20024 20033 -20034 imp:n,p 1
300084 400084 -2.156 20011 -20012 20023 -20024 20034 -20035 imp:n,p 1
300085 400085 -2.156 20012 -20013 20023 -20024 20030 -20031 imp:n,p 1
300086 400086 -2.156 20012 -20013 20023 -20024 20031 -20032 imp:n,p 1
300087 400087 -2.156 20012 -20013 20023 -20024 20032 -20033 imp:n,p 1
300088 400088 -2.156 20012 -20013 20023 -20024 20033 -20034 imp:n,p 1
300089 400089 -2.156 20012 -20013 20023 -20024 20034 -20035 imp:n,p 1
300090 400090 -2.156 20013 -20014 20023 -20024 20030 -20031 imp:n,p 1
300091 400091 -2.156 20013 -20014 20023 -20024 20031 -20032 imp:n,p 1
300092 400092 -2.156 20013 -20014 20023 -20024 20032 -20033 imp:n,p 1
300093 400093 -2.156 20013 -20014 20023 -20024 20033 -20034 imp:n,p 1
300094 400094 -2.156 20013 -20014 20023 -20024 20034 -20035 imp:n,p 1
300095 400095 -2.156 20014 -20015 20023 -20024 20030 -20031 imp:n,p 1
300096 400096 -2.156 20014 -20015 20023 -20024 20031 -20032 imp:n,p 1
300097 400097 -2.156 20014 -20015 20023 -20024 20032 -20033 imp:n,p 1
300098 400098 -2.156 20014 -20015 20023 -20024 20033 -20034 imp:n,p 1
300099 400099 -2.156 20014 -20015 20023 -20024 20034 -20035 imp:n,p 1
300100 400100 -2.156 20010 -20011 20024 -20025 20030 -20031 imp:n,p 1
300101 400101 -2.156 20010 -20011 20024 -20025 20031 -20032 imp:n,p 1
300102 400102 -2.156 20010 -20011 20024 -20025 20032 -20033 imp:n,p 1
300103 400103 -2.156 20010 -20011 20024 -20025 20033 -20034 imp:n,p 1
300104 400104 -2.156 20010 -20011 20024 -20025 20034 -20035 imp:n,p 1
300105 400105 -2.156 20011 -20012 20024 -20025 20030 -20031 imp:n,p 1
300106 400106 -2.156 20011 -20012 20024 -20025 20031 -20032 imp:n,p 1
300107 400107 -2.156 20011 -20012 20024 -20025 20032 -20033 imp:n,p 1
300108 400108 -2.156 20011 -20012 20024 -20025 20033 -20034 imp:n,p 1
300109 400109 -2.156 20011 -20012 20024 -20025 20034 -20035 imp:n,p 1
300110 400110 -2.156 20012 -20013 20024 -20025 20030 -20031 imp:n,p 1
300111 400111 -2.156 20012 -20013 20024 -20025 20031 -20032 imp:n,p 1
300112 400112 -2.156 20012 -20013 20024 -20025 20032 -20033 imp:n,p 1
300113 400113 -2.156 20012 -20013 20024 -20025 20033 -20034 imp:n,p 1
300114 400114 -2.156 20012 -20013 20024 -20025 20034 -20035 imp:n,p 1
300115 400115 -2.156 20013 -20014 20024 -20025 20030 -20031 imp:n,p 1
300116 400116 -2.156 20013 -20014 20024 -20025 20031 -20032 imp:n,p 1
300117 400117 -2.156 20013 -20014 20024 -20025 20032 -20033 imp:n,p 1
300118 400118 -2.156 20013 -20014 20024 -20025 20033 -20034 imp:n,p 1
300119 400119 -2.156 20013 -20014 20024 -20025 20034 -20035 imp:n,p 1
300120 400120 -2.156 20014 -20015 20024 -20025 20030 -20031 imp:n,p 1
300121 400121 -2.156 20014 -20015 20024 -20025 20031 -20032 imp:n,p 1
300122 400122 -2.156 20014 -20015 20024 -20025 20032 -20033 imp:n,p 1
300123 400123 -2.156 20014 -20015 20024 -20025 20033 -20034 imp:n,p 1
300124 400124 -2.156 20014 -20015 20024 -20025 20034 -20035 imp:n,p 1
c
30 12 -0.00129 -200 #101 #121 #122 #123 #124 #125 #126 #127 #128 #129 #130 #131 #132 #133
        #21 #211 #212 #22 #221 #222 #23 #231 #232 #24 #241 #242 #20 imp:n,p 1 $Rest of the World
31 0 200 imp:n,p 0 $Outside world

c SURFACE CARDS
c
c Sample Volume
20010 px -56.0
20011 px -33.600000000000364
20012 px -11.200000000000728
20013 px 11.200000000000728
20014 px 33.600000000000364
20015 px 56.0
20020 py -45.0
20021 py -27.0
20022 py -9.0
20023 py 9.0
20024 py 27.0
20025 py 45.0
20030 pz 92.0
20031 pz 82.0
20032 pz 72.0
20033 pz 62.0
20034 pz 52.0
20035 pz 42.0
c Active Detector Region
21 rcc 56  -5.0 -1.0   0.0 20.3 0.0   4.5 $Detector 1 Base center, Hx,Hy,Hz, radius
c Shielding Surfaces
c Shielding Pb
31 rpp 19 29 -7.5 7.5 -11 9 $PbPE xmin xmax ymin ymax zmin zmax
32 rpp 9 19 4 9 -11 9 $Pb xmin xmax ymin ymax zmin zmax
33 rpp 9 19 -9 -4 -11 9 $Pb xmin xmax ymin ymax zmin zmax
34 rpp 19 29 7.5 12.5 -11 9 $Pb xmin xmax ymin ymax zmin zmax
35 rpp 19 29 -12.5 -7.5 -11 9 $Pb xmin xmax ymin ymax zmin zmax
36 rpp 29 34 -15 15 -11 9 $Pb xmin xmax ymin ymax zmin zmax
37 rpp 9 19 -4 4 4 9 $Pb xmin xmax ymin ymax zmin zmax
38 rpp -26 26 18 28 -11 9 $BA1 xmin xmax ymin ymax zmin zmax
39 rpp -26 26 -28 -18 -11 9 $BA2 xmin xmax ymin ymax zmin zmax
40 rpp -65 65 -28 28 10 10.5 $Al xmin xmax ymin ymax zmin zmax
401 rpp -27 27 29 34 -11 9 $Fe xmin xmax ymin ymax zmin zmax
402 rpp -27 27 -34 -29 -11 9 $Fe xmin xmax ymin ymax zmin zmax
301 px -20
302 px 18
303 cx 3.71
304 cx 3.81
c Wheels Surfaces
c 23/10.5-12 turf tires, 22.6 lb rubber
c diameter 29cm, tread width 25cm, and sidewall height 13.76 cm
c set thickness of all sides 1.3 cm (s.t. weight is 22.6 lb)
41 rcc -2 77 8   0.0 25 0.0 29 $wheel 1 outer tread surface
42 rcc -2 77 8   0.0 25 0.0 27.7 $wheel 1 inner tread surface
421 rcc -2 75.7 8   0.0 1.3 0.0 29 $wheel 1 outside sidewall exterior
422 rcc -2 75.7 8   0.0 1.3 0.0 15.24 $wheel 1 outside sidewall interior
423 rcc -2 102 8   0.0 1.3 0.0 29 $wheel 1 inside sidewall exterior
424 rcc -2 102 8   0.0 1.3 0.0 15.24 $wheel 1 inside sidewall interior
43 rcc 68 77 8   0.0 25 0.0 29 $wheel 2
44 rcc 68 77 8   0.0 25 0.0 27.7
441 rcc 68 75.7 8   0.0 1.3 0.0 29
442 rcc 68 75.7 8   0.0 1.3 0.0 15.24
443 rcc 68 102 8   0.0 1.3 0.0 29
444 rcc 68 102 8   0.0 1.3 0.0 15.24
45 rcc -2 -77 8   0.0 -25 0.0 29 $wheel 3
46 rcc -2 -77 8   0.0 -25 0.0 27.7
461 rcc -2 -75.7 8   0.0 -1.3 0.0 29
462 rcc -2 -75.7 8   0.0 -1.3 0.0 15.24
463 rcc -2 -102 8   0.0 -1.3 0.0 29
464 rcc -2 -102 8   0.0 -1.3 0.0 15.24
47 rcc 68 -77 8   0.0 -25 0.0 29 $wheel 4
48 rcc 68 -77 8   0.0 -25 0.0 27.7
481 rcc 68 -75.7 8   0.0 -1.3 0.0 29
482 rcc 68 -75.7 8   0.0 -1.3 0.0 15.24
483 rcc 68 -102 8   0.0 -1.3 0.0 29
484 rcc 68 -102 8   0.0 -1.3 0.0 15.24
200 so 800    $sphere of 800cm centered at origin
c

c DATA CARDS
mode n p
c dump every hr
prdmp -60 -60 -1
c 100 keV Neutron Energy Cutoff
Cut:n 1j 0.1
c analog neutron transport
phys:n 1j 14
phys:p
sdef pos=0 0 0 erg=14.0 vec= 0 0 1 dir=d1
si1  -1 .93 1
sp1   0  0.0  1.0
c ********************
c begin material cards
c ********************
c Pure Carbon
c ****************************************
m400000 6000 -0.0004243811300967393 7000 -0.0004243811300967393 14000 -0.9991512377398065 
m400001 6000 -0.001693365202193106 7000 -0.001693365202193106 14000 -0.9966132695956138 
m400002 6000 -0.004488021958941464 7000 -0.004488021958941464 14000 -0.9910239560821171 
m400003 6000 -0.006545021924621827 7000 -0.006545021924621827 14000 -0.9869099561507564 
m400004 6000 -0.007126403839152659 7000 -0.007126403839152659 14000 -0.9857471923216947 
m400005 6000 -0.0003856729300438043 7000 -0.0003856729300438043 14000 -0.9992286541399128 
m400006 6000 -0.00168467806866262 7000 -0.00168467806866262 14000 -0.9966306438626747 
m400007 6000 -0.004830481182558552 7000 -0.004830481182558552 14000 -0.990339037634883 
m400008 6000 -0.0065067953871478235 7000 -0.0065067953871478235 14000 -0.9869864092257046 
m400009 6000 -0.007163037610690994 7000 -0.007163037610690994 14000 -0.985673924778618 
m400010 6000 -0.0002628638964831444 7000 -0.0002628638964831444 14000 -0.9994742722070338 
m400011 6000 -0.0019322765338171085 7000 -0.0019322765338171085 14000 -0.9961354469323657 
m400012 6000 -0.00470967259331369 7000 -0.00470967259331369 14000 -0.9905806548133725 
m400013 6000 -0.0066557098407573016 7000 -0.0066557098407573016 14000 -0.9866885803184856 
m400014 6000 -0.0071762989739683515 7000 -0.0071762989739683515 14000 -0.985647402052063 
m400015 6000 -0.00040022065663370093 7000 -0.00040022065663370093 14000 -0.9991995586867326 
m400016 6000 -0.001923035062236199 7000 -0.001923035062236199 14000 -0.9961539298755275 
m400017 6000 -0.005110753390748319 7000 -0.005110753390748319 14000 -0.9897784932185033 
m400018 6000 -0.00664638173356047 7000 -0.00664638173356047 14000 -0.9867072365328791 
m400019 6000 -0.007146029935368277 7000 -0.007146029935368277 14000 -0.9857079401292637 
m400020 6000 -0.0003790076343547985 7000 -0.0003790076343547985 14000 -0.9992419847312903 
m400021 6000 -0.0018327183441693407 7000 -0.0018327183441693407 14000 -0.9963345633116616 
m400022 6000 -0.005061366427783031 7000 -0.005061366427783031 14000 -0.9898772671444338 
m400023 6000 -0.006674497731748343 7000 -0.006674497731748343 14000 -0.9866510045365036 
m400024 6000 -0.007149941982879338 7000 -0.007149941982879338 14000 -0.9857001160342413 
m400025 6000 -0.00035559929514234476 7000 -0.00035559929514234476 14000 -0.9992888014097153 
m400026 6000 -0.0027345254639240726 7000 -0.0027345254639240726 14000 -0.9945309490721521 
m400027 6000 -0.004819434981134727 7000 -0.004819434981134727 14000 -0.9903611300377306 
m400028 6000 -0.00649724044419833 7000 -0.00649724044419833 14000 -0.9870055191116033 
m400029 6000 -0.007199142761081749 7000 -0.007199142761081749 14000 -0.9856017144778366 
m400030 6000 -0.00031385154594005296 7000 -0.00031385154594005296 14000 -0.9993722969081201 
m400031 6000 -0.002035221642885825 7000 -0.002035221642885825 14000 -0.9959295567142283 
m400032 6000 -0.0045399572746822915 7000 -0.0045399572746822915 14000 -0.9909200854506355 
m400033 6000 -0.006761103444468265 7000 -0.006761103444468265 14000 -0.9864777931110632 
m400034 6000 -0.007145069184191577 7000 -0.007145069184191577 14000 -0.9857098616316167 
m400035 6000 -0.0004795726801142747 7000 -0.0004795726801142747 14000 -0.9990408546397714 
m400036 6000 -0.0024181405012520985 7000 -0.0024181405012520985 14000 -0.9951637189974957 
m400037 6000 -0.004721148684632338 7000 -0.004721148684632338 14000 -0.9905577026307354 
m400038 6000 -0.006729609470424959 7000 -0.006729609470424959 14000 -0.9865407810591498 
m400039 6000 -0.007183710110440915 7000 -0.007183710110440915 14000 -0.9856325797791182 
m400040 6000 -0.0003396748717833817 7000 -0.0003396748717833817 14000 -0.9993206502564332 
m400041 6000 -0.0022773946721487506 7000 -0.0022773946721487506 14000 -0.9954452106557027 
m400042 6000 -0.005119261089274918 7000 -0.005119261089274918 14000 -0.98976147782145 
m400043 6000 -0.0066314970500661085 7000 -0.0066314970500661085 14000 -0.9867370058998678 
m400044 6000 -0.00720631697044086 7000 -0.00720631697044086 14000 -0.9855873660591183 
m400045 6000 -0.0004951581316105327 7000 -0.0004951581316105327 14000 -0.999009683736779 
m400046 6000 -0.0019242700333763044 7000 -0.0019242700333763044 14000 -0.9961514599332476 
m400047 6000 -0.004954578608373869 7000 -0.004954578608373869 14000 -0.9900908427832519 
m400048 6000 -0.006452954155384346 7000 -0.006452954155384346 14000 -0.9870940916892311 
m400049 6000 -0.0071433446474268155 7000 -0.0071433446474268155 14000 -0.9857133107051463 
m400050 6000 -0.0003449240366177519 7000 -0.0003449240366177519 14000 -0.9993101519267645 
m400051 6000 -0.0024093925209668745 7000 -0.0024093925209668745 14000 -0.9951812149580662 
m400052 6000 -0.004793759687083762 7000 -0.004793759687083762 14000 -0.9904124806258326 
m400053 6000 -0.006567315301033018 7000 -0.006567315301033018 14000 -0.9868653693979341 
m400054 6000 -0.007113413974653596 7000 -0.007113413974653596 14000 -0.9857731720506929 
m400055 6000 -0.0003317125203660275 7000 -0.0003317125203660275 14000 -0.9993365749592681 
m400056 6000 -0.0018561580380788763 7000 -0.0018561580380788763 14000 -0.996287683923842 
m400057 6000 -0.004853246372161031 7000 -0.004853246372161031 14000 -0.990293507255678 
m400058 6000 -0.006550282560145534 7000 -0.006550282560145534 14000 -0.9868994348797087 
m400059 6000 -0.007169145676972969 7000 -0.007169145676972969 14000 -0.9856617086460541 
m400060 6000 -0.0002634576931410645 7000 -0.0002634576931410645 14000 -0.9994730846137179 
m400061 6000 -0.00187252862383783 7000 -0.00187252862383783 14000 -0.9962549427523243 
m400062 6000 -0.004531646719419216 7000 -0.004531646719419216 14000 -0.9909367065611617 
m400063 6000 -0.006673264259519827 7000 -0.006673264259519827 14000 -0.9866534714809603 
m400064 6000 -0.007162554133396032 7000 -0.007162554133396032 14000 -0.9856748917332078 
m400065 6000 -0.0002373491707810746 7000 -0.0002373491707810746 14000 -0.9995253016584377 
m400066 6000 -0.0024566466393007034 7000 -0.0024566466393007034 14000 -0.9950867067213985 
m400067 6000 -0.005178195652901024 7000 -0.005178195652901024 14000 -0.9896436086941979 
m400068 6000 -0.006552264929848157 7000 -0.006552264929848157 14000 -0.9868954701403037 
m400069 6000 -0.007172601362729824 7000 -0.007172601362729824 14000 -0.9856547972745401 
m400070 6000 -0.00015816040759538395 7000 -0.00015816040759538395 14000 -0.9996836791848093 
m400071 6000 -0.0023082707836745067 7000 -0.0023082707836745067 14000 -0.9953834584326509 
m400072 6000 -0.004561842268150813 7000 -0.004561842268150813 14000 -0.9908763154636984 
m400073 6000 -0.006640029787406608 7000 -0.006640029787406608 14000 -0.9867199404251867 
m400074 6000 -0.007150554846596908 7000 -0.007150554846596908 14000 -0.985698890306806 
m400075 6000 -0.0003774012620485753 7000 -0.0003774012620485753 14000 -0.9992451974759028 
m400076 6000 -0.0025205455815299044 7000 -0.0025205455815299044 14000 -0.99495890883694 
m400077 6000 -0.004994852334410837 7000 -0.004994852334410837 14000 -0.9900102953311785 
m400078 6000 -0.006531411688871008 7000 -0.006531411688871008 14000 -0.9869371766222582 
m400079 6000 -0.007222456155117674 7000 -0.007222456155117674 14000 -0.9855550876897646 
m400080 6000 -0.0004449087710487051 7000 -0.0004449087710487051 14000 -0.9991101824579023 
m400081 6000 -0.0025244788769060666 7000 -0.0025244788769060666 14000 -0.9949510422461878 
m400082 6000 -0.004963299273353918 7000 -0.004963299273353918 14000 -0.9900734014532923 
m400083 6000 -0.006759206020183994 7000 -0.006759206020183994 14000 -0.9864815879596321 
m400084 6000 -0.00717203553282508 7000 -0.00717203553282508 14000 -0.9856559289343501 
m400085 6000 -0.00039317451231373515 7000 -0.00039317451231373515 14000 -0.9992136509753725 
m400086 6000 -0.00258925332828664 7000 -0.00258925332828664 14000 -0.994821493343427 
m400087 6000 -0.005222930537050116 7000 -0.005222930537050116 14000 -0.9895541389258997 
m400088 6000 -0.006740165106726442 7000 -0.006740165106726442 14000 -0.9865196697865473 
m400089 6000 -0.007157678267658088 7000 -0.007157678267658088 14000 -0.985684643464684 
m400090 6000 -0.00030684474179073877 7000 -0.00030684474179073877 14000 -0.9993863105164184 
m400091 6000 -0.0024939253750017303 7000 -0.0024939253750017303 14000 -0.995012149249996 
m400092 6000 -0.005276195386399261 7000 -0.005276195386399261 14000 -0.9894476092272017 
m400093 6000 -0.006525432809052976 7000 -0.006525432809052976 14000 -0.9869491343818941 
m400094 6000 -0.00719751825232531 7000 -0.00719751825232531 14000 -0.9856049634953493 
m400095 6000 -0.000273859501882602 7000 -0.000273859501882602 14000 -0.9994522809962347 
m400096 6000 -0.001582945998669586 7000 -0.001582945998669586 14000 -0.9968341080026611 
m400097 6000 -0.004911606697071565 7000 -0.004911606697071565 14000 -0.9901767866058568 
m400098 6000 -0.006743400776352038 7000 -0.006743400776352038 14000 -0.9865131984472956 
m400099 6000 -0.007165033644928244 7000 -0.007165033644928244 14000 -0.9856699327101434 
m400100 6000 -0.0004125557341811063 7000 -0.0004125557341811063 14000 -0.9991748885316376 
m400101 6000 -0.002401321651683044 7000 -0.002401321651683044 14000 -0.995197356696634 
m400102 6000 -0.00496095722224403 7000 -0.00496095722224403 14000 -0.9900780855555119 
m400103 6000 -0.006387289049694888 7000 -0.006387289049694888 14000 -0.9872254219006105 
m400104 6000 -0.007209741763056044 7000 -0.007209741763056044 14000 -0.9855805164738882 
m400105 6000 -0.00043323811443538376 7000 -0.00043323811443538376 14000 -0.9991335237711293 
m400106 6000 -0.0022592327936986367 7000 -0.0022592327936986367 14000 -0.9954815344126022 
m400107 6000 -0.0051402288606916206 7000 -0.0051402288606916206 14000 -0.9897195422786166 
m400108 6000 -0.006611963414291525 7000 -0.006611963414291525 14000 -0.9867760731714172 
m400109 6000 -0.0071793073820807345 7000 -0.0071793073820807345 14000 -0.9856413852358388 
m400110 6000 -0.0002781668036572498 7000 -0.0002781668036572498 14000 -0.9994436663926857 
m400111 6000 -0.0018819426477311798 7000 -0.0018819426477311798 14000 -0.9962361147045375 
m400112 6000 -0.004791033874672227 7000 -0.004791033874672227 14000 -0.9904179322506554 
m400113 6000 -0.006525541132113804 7000 -0.006525541132113804 14000 -0.9869489177357725 
m400114 6000 -0.007154714529220046 7000 -0.007154714529220046 14000 -0.9856905709415598 
m400115 6000 -0.0004319299246290388 7000 -0.0004319299246290388 14000 -0.9991361401507419 
m400116 6000 -0.0018239986115832923 7000 -0.0018239986115832923 14000 -0.9963520027768336 
m400117 6000 -0.0045553826571992535 7000 -0.0045553826571992535 14000 -0.9908892346856013 
m400118 6000 -0.006521127307197546 7000 -0.006521127307197546 14000 -0.9869577453856049 
m400119 6000 -0.007144389542949528 7000 -0.007144389542949528 14000 -0.9857112209141009 
m400120 6000 -0.00030051755057051185 7000 -0.00030051755057051185 14000 -0.9993989648988588 
m400121 6000 -0.0018525982209675912 7000 -0.0018525982209675912 14000 -0.9962948035580648 
m400122 6000 -0.004854599806456639 7000 -0.004854599806456639 14000 -0.9902908003870867 
m400123 6000 -0.006620349595904454 7000 -0.006620349595904454 14000 -0.9867593008081913 
m400124 6000 -0.007153314633123331 7000 -0.007153314633123331 14000 -0.9856933707337534 
c **********************************
c PE+Pb, dens=4.78 g/cm3
m2      6000    -0.04286 $Carbon
        1001    -0.00714 $Hydrogen
        82000   -0.95000 $Lead
c **********************************
m3    1001 -0.048535 $Boric acid
      5010 -0.034981
      5011 -0.139923
      8016 -0.776561
c **********************************
m4    82000 1 $Lead
c **********************************
m5 26000 1 $Iron
c **********************************
m6     13027   -1.000 $ Aluminum
c **********************************
c  SS-304 (8.00 g/cm3), #298 in PNNL Compendium
m7   006000.50c -0.0004000
     014000.60c -0.0050000
     015031.50c -0.0002300
     016000.60c -0.0001500
     024000.50c -0.1899981
     025055.60c -0.0099999
     026000.50c -0.7017229
     028000.50c -0.0924991
c ****************************************
c       LaBr detector
c ****************************************
m8       35079    -0.2946       $ Br79
         35081    -0.3069       $ Br81
         57139    -0.3485       $ La139
         58140    -0.0500       $ Ce140
c ************ air den=1.15e-3g/cc
m12     8016 -0.23
        7014 -0.77
c ************ Rubber Natural den=0.92 g/cc
m13     1001 -0.118371  $weight fraction
        6000 -0.881629
c
c end material cards
c
rand seed=8674536546524321 $different initial random #; seed# - any less 18 digits
c
c ********** begin tallies *********************
fc78 *********Broadened Pulse Height Tally Sum of Detectors 1,2 & 3 ***********
e78 0 1e-5 932i 8.4295
F78:p (101)
FT78 GEB -0.026198 0.059551 -0.037176
fc18 *********Unbroadened Pulse Height Tally Sum of Detectors 1,2 & 3 ***********
e18 0 1e-5 932i 8.4295
F18:p (101)
c ***********************************
c mplot tal 78 freq 10000
nps 1e9
