c CAS DETECTOR
c w/ Shielding in Place and Wheels
c
c CELL CARDS
c
c @@@@@@@@@@ Detectors @@@@@@@@@@@@@@@@@
c
101 8 -5.08 -21 imp:n,p 1 $LaBr Detector #1 Active Region
c
c @@@@@@@@@ Shielding @@@@@@@@@@@@@@@@@
c
121 2 -4.78 -31 imp:n,p 1 $PE_Pb
122 4 -11.29 -32 imp:n,p 1 $Pb1
123 4 -11.29 -33 imp:n,p 1 $Pb2
124 4 -11.29 -34 imp:n,p 1 $Pb3
125 4 -11.29 -35 imp:n,p 1 $Pb4
126 4 -11.29 -36 imp:n,p 1 $Pb5
127 4 -11.29 -37 imp:n,p 1 $Pb6
128 3 -1.5 -38 imp:n,p 1 $BA1
129 3 -1.5 -39 imp:n,p 1 $BA2
130 6 -2.7 -40 imp:n,p 1 $Al
131 7 -7.92 301 -302 303 -304 imp:n,p 1 $Fe-tube
132 5 -7.8 -401 imp:n,p 1 $Fe
133 5 -7.8 -402 imp:n,p 1 $Fe
c @@@@@@@@@@ Wheels @@@@@@@@@@@@@@@@@
c
21 13 -0.92 -41 42 imp:n,p 1 $Wheel 1
211 13 -0.92 -421 422 imp:n,p 1 $Wheel 1
212 13 -0.92 -423 424 imp:n,p 1 $Wheel 1
22 13 -0.92 -43 44 imp:n,p 1 $Wheel 2
221 13 -0.92 -441 442 imp:n,p 1 $Wheel 2
222 13 -0.92 -443 444 imp:n,p 1 $Wheel 2
23 13 -0.92 -45 46 imp:n,p 1 $Wheel 3
231 13 -0.92 -461 462 imp:n,p 1 $Wheel 3
232 13 -0.92 -463 464 imp:n,p 1 $Wheel 3
24 13 -0.92 -47 48 imp:n,p 1 $Wheel 4
241 13 -0.92 -481 482 imp:n,p 1 $Wheel 4
242 13 -0.92 -483 484 imp:n,p 1 $Wheel 4
c
c @@@@@@@@@@ SOIL VOLUME @@@@@@@@@@@
c
300000 400000 -2.156 20010 -20011 20020 -20021 20030 -20031 imp:n,p 1
300001 400001 -2.156 20010 -20011 20020 -20021 20031 -20032 imp:n,p 1
300002 400002 -2.156 20010 -20011 20020 -20021 20032 -20033 imp:n,p 1
300003 400003 -2.156 20010 -20011 20020 -20021 20033 -20034 imp:n,p 1
300004 400004 -2.156 20010 -20011 20020 -20021 20034 -20035 imp:n,p 1
300005 400005 -2.156 20011 -20012 20020 -20021 20030 -20031 imp:n,p 1
300006 400006 -2.156 20011 -20012 20020 -20021 20031 -20032 imp:n,p 1
300007 400007 -2.156 20011 -20012 20020 -20021 20032 -20033 imp:n,p 1
300008 400008 -2.156 20011 -20012 20020 -20021 20033 -20034 imp:n,p 1
300009 400009 -2.156 20011 -20012 20020 -20021 20034 -20035 imp:n,p 1
300010 400010 -2.156 20012 -20013 20020 -20021 20030 -20031 imp:n,p 1
300011 400011 -2.156 20012 -20013 20020 -20021 20031 -20032 imp:n,p 1
300012 400012 -2.156 20012 -20013 20020 -20021 20032 -20033 imp:n,p 1
300013 400013 -2.156 20012 -20013 20020 -20021 20033 -20034 imp:n,p 1
300014 400014 -2.156 20012 -20013 20020 -20021 20034 -20035 imp:n,p 1
300015 400015 -2.156 20013 -20014 20020 -20021 20030 -20031 imp:n,p 1
300016 400016 -2.156 20013 -20014 20020 -20021 20031 -20032 imp:n,p 1
300017 400017 -2.156 20013 -20014 20020 -20021 20032 -20033 imp:n,p 1
300018 400018 -2.156 20013 -20014 20020 -20021 20033 -20034 imp:n,p 1
300019 400019 -2.156 20013 -20014 20020 -20021 20034 -20035 imp:n,p 1
300020 400020 -2.156 20014 -20015 20020 -20021 20030 -20031 imp:n,p 1
300021 400021 -2.156 20014 -20015 20020 -20021 20031 -20032 imp:n,p 1
300022 400022 -2.156 20014 -20015 20020 -20021 20032 -20033 imp:n,p 1
300023 400023 -2.156 20014 -20015 20020 -20021 20033 -20034 imp:n,p 1
300024 400024 -2.156 20014 -20015 20020 -20021 20034 -20035 imp:n,p 1
300025 400025 -2.156 20010 -20011 20021 -20022 20030 -20031 imp:n,p 1
300026 400026 -2.156 20010 -20011 20021 -20022 20031 -20032 imp:n,p 1
300027 400027 -2.156 20010 -20011 20021 -20022 20032 -20033 imp:n,p 1
300028 400028 -2.156 20010 -20011 20021 -20022 20033 -20034 imp:n,p 1
300029 400029 -2.156 20010 -20011 20021 -20022 20034 -20035 imp:n,p 1
300030 400030 -2.156 20011 -20012 20021 -20022 20030 -20031 imp:n,p 1
300031 400031 -2.156 20011 -20012 20021 -20022 20031 -20032 imp:n,p 1
300032 400032 -2.156 20011 -20012 20021 -20022 20032 -20033 imp:n,p 1
300033 400033 -2.156 20011 -20012 20021 -20022 20033 -20034 imp:n,p 1
300034 400034 -2.156 20011 -20012 20021 -20022 20034 -20035 imp:n,p 1
300035 400035 -2.156 20012 -20013 20021 -20022 20030 -20031 imp:n,p 1
300036 400036 -2.156 20012 -20013 20021 -20022 20031 -20032 imp:n,p 1
300037 400037 -2.156 20012 -20013 20021 -20022 20032 -20033 imp:n,p 1
300038 400038 -2.156 20012 -20013 20021 -20022 20033 -20034 imp:n,p 1
300039 400039 -2.156 20012 -20013 20021 -20022 20034 -20035 imp:n,p 1
300040 400040 -2.156 20013 -20014 20021 -20022 20030 -20031 imp:n,p 1
300041 400041 -2.156 20013 -20014 20021 -20022 20031 -20032 imp:n,p 1
300042 400042 -2.156 20013 -20014 20021 -20022 20032 -20033 imp:n,p 1
300043 400043 -2.156 20013 -20014 20021 -20022 20033 -20034 imp:n,p 1
300044 400044 -2.156 20013 -20014 20021 -20022 20034 -20035 imp:n,p 1
300045 400045 -2.156 20014 -20015 20021 -20022 20030 -20031 imp:n,p 1
300046 400046 -2.156 20014 -20015 20021 -20022 20031 -20032 imp:n,p 1
300047 400047 -2.156 20014 -20015 20021 -20022 20032 -20033 imp:n,p 1
300048 400048 -2.156 20014 -20015 20021 -20022 20033 -20034 imp:n,p 1
300049 400049 -2.156 20014 -20015 20021 -20022 20034 -20035 imp:n,p 1
300050 400050 -2.156 20010 -20011 20022 -20023 20030 -20031 imp:n,p 1
300051 400051 -2.156 20010 -20011 20022 -20023 20031 -20032 imp:n,p 1
300052 400052 -2.156 20010 -20011 20022 -20023 20032 -20033 imp:n,p 1
300053 400053 -2.156 20010 -20011 20022 -20023 20033 -20034 imp:n,p 1
300054 400054 -2.156 20010 -20011 20022 -20023 20034 -20035 imp:n,p 1
300055 400055 -2.156 20011 -20012 20022 -20023 20030 -20031 imp:n,p 1
300056 400056 -2.156 20011 -20012 20022 -20023 20031 -20032 imp:n,p 1
300057 400057 -2.156 20011 -20012 20022 -20023 20032 -20033 imp:n,p 1
300058 400058 -2.156 20011 -20012 20022 -20023 20033 -20034 imp:n,p 1
300059 400059 -2.156 20011 -20012 20022 -20023 20034 -20035 imp:n,p 1
300060 400060 -2.156 20012 -20013 20022 -20023 20030 -20031 imp:n,p 1
300061 400061 -2.156 20012 -20013 20022 -20023 20031 -20032 imp:n,p 1
300062 400062 -2.156 20012 -20013 20022 -20023 20032 -20033 imp:n,p 1
300063 400063 -2.156 20012 -20013 20022 -20023 20033 -20034 imp:n,p 1
300064 400064 -2.156 20012 -20013 20022 -20023 20034 -20035 imp:n,p 1
300065 400065 -2.156 20013 -20014 20022 -20023 20030 -20031 imp:n,p 1
300066 400066 -2.156 20013 -20014 20022 -20023 20031 -20032 imp:n,p 1
300067 400067 -2.156 20013 -20014 20022 -20023 20032 -20033 imp:n,p 1
300068 400068 -2.156 20013 -20014 20022 -20023 20033 -20034 imp:n,p 1
300069 400069 -2.156 20013 -20014 20022 -20023 20034 -20035 imp:n,p 1
300070 400070 -2.156 20014 -20015 20022 -20023 20030 -20031 imp:n,p 1
300071 400071 -2.156 20014 -20015 20022 -20023 20031 -20032 imp:n,p 1
300072 400072 -2.156 20014 -20015 20022 -20023 20032 -20033 imp:n,p 1
300073 400073 -2.156 20014 -20015 20022 -20023 20033 -20034 imp:n,p 1
300074 400074 -2.156 20014 -20015 20022 -20023 20034 -20035 imp:n,p 1
300075 400075 -2.156 20010 -20011 20023 -20024 20030 -20031 imp:n,p 1
300076 400076 -2.156 20010 -20011 20023 -20024 20031 -20032 imp:n,p 1
300077 400077 -2.156 20010 -20011 20023 -20024 20032 -20033 imp:n,p 1
300078 400078 -2.156 20010 -20011 20023 -20024 20033 -20034 imp:n,p 1
300079 400079 -2.156 20010 -20011 20023 -20024 20034 -20035 imp:n,p 1
300080 400080 -2.156 20011 -20012 20023 -20024 20030 -20031 imp:n,p 1
300081 400081 -2.156 20011 -20012 20023 -20024 20031 -20032 imp:n,p 1
300082 400082 -2.156 20011 -20012 20023 -20024 20032 -20033 imp:n,p 1
300083 400083 -2.156 20011 -20012 20023 -20024 20033 -20034 imp:n,p 1
300084 400084 -2.156 20011 -20012 20023 -20024 20034 -20035 imp:n,p 1
300085 400085 -2.156 20012 -20013 20023 -20024 20030 -20031 imp:n,p 1
300086 400086 -2.156 20012 -20013 20023 -20024 20031 -20032 imp:n,p 1
300087 400087 -2.156 20012 -20013 20023 -20024 20032 -20033 imp:n,p 1
300088 400088 -2.156 20012 -20013 20023 -20024 20033 -20034 imp:n,p 1
300089 400089 -2.156 20012 -20013 20023 -20024 20034 -20035 imp:n,p 1
300090 400090 -2.156 20013 -20014 20023 -20024 20030 -20031 imp:n,p 1
300091 400091 -2.156 20013 -20014 20023 -20024 20031 -20032 imp:n,p 1
300092 400092 -2.156 20013 -20014 20023 -20024 20032 -20033 imp:n,p 1
300093 400093 -2.156 20013 -20014 20023 -20024 20033 -20034 imp:n,p 1
300094 400094 -2.156 20013 -20014 20023 -20024 20034 -20035 imp:n,p 1
300095 400095 -2.156 20014 -20015 20023 -20024 20030 -20031 imp:n,p 1
300096 400096 -2.156 20014 -20015 20023 -20024 20031 -20032 imp:n,p 1
300097 400097 -2.156 20014 -20015 20023 -20024 20032 -20033 imp:n,p 1
300098 400098 -2.156 20014 -20015 20023 -20024 20033 -20034 imp:n,p 1
300099 400099 -2.156 20014 -20015 20023 -20024 20034 -20035 imp:n,p 1
300100 400100 -2.156 20010 -20011 20024 -20025 20030 -20031 imp:n,p 1
300101 400101 -2.156 20010 -20011 20024 -20025 20031 -20032 imp:n,p 1
300102 400102 -2.156 20010 -20011 20024 -20025 20032 -20033 imp:n,p 1
300103 400103 -2.156 20010 -20011 20024 -20025 20033 -20034 imp:n,p 1
300104 400104 -2.156 20010 -20011 20024 -20025 20034 -20035 imp:n,p 1
300105 400105 -2.156 20011 -20012 20024 -20025 20030 -20031 imp:n,p 1
300106 400106 -2.156 20011 -20012 20024 -20025 20031 -20032 imp:n,p 1
300107 400107 -2.156 20011 -20012 20024 -20025 20032 -20033 imp:n,p 1
300108 400108 -2.156 20011 -20012 20024 -20025 20033 -20034 imp:n,p 1
300109 400109 -2.156 20011 -20012 20024 -20025 20034 -20035 imp:n,p 1
300110 400110 -2.156 20012 -20013 20024 -20025 20030 -20031 imp:n,p 1
300111 400111 -2.156 20012 -20013 20024 -20025 20031 -20032 imp:n,p 1
300112 400112 -2.156 20012 -20013 20024 -20025 20032 -20033 imp:n,p 1
300113 400113 -2.156 20012 -20013 20024 -20025 20033 -20034 imp:n,p 1
300114 400114 -2.156 20012 -20013 20024 -20025 20034 -20035 imp:n,p 1
300115 400115 -2.156 20013 -20014 20024 -20025 20030 -20031 imp:n,p 1
300116 400116 -2.156 20013 -20014 20024 -20025 20031 -20032 imp:n,p 1
300117 400117 -2.156 20013 -20014 20024 -20025 20032 -20033 imp:n,p 1
300118 400118 -2.156 20013 -20014 20024 -20025 20033 -20034 imp:n,p 1
300119 400119 -2.156 20013 -20014 20024 -20025 20034 -20035 imp:n,p 1
300120 400120 -2.156 20014 -20015 20024 -20025 20030 -20031 imp:n,p 1
300121 400121 -2.156 20014 -20015 20024 -20025 20031 -20032 imp:n,p 1
300122 400122 -2.156 20014 -20015 20024 -20025 20032 -20033 imp:n,p 1
300123 400123 -2.156 20014 -20015 20024 -20025 20033 -20034 imp:n,p 1
300124 400124 -2.156 20014 -20015 20024 -20025 20034 -20035 imp:n,p 1
c
30 12 -0.00129 -200 #101 #121 #122 #123 #124 #125 #126 #127 #128 #129 #130 #131 #132 #133
        #21 #211 #212 #22 #221 #222 #23 #231 #232 #24 #241 #242 #20 imp:n,p 1 $Rest of the World
31 0 200 imp:n,p 0 $Outside world

c SURFACE CARDS
c
c Sample Volume
20010 px -56.0
20011 px -33.600000000000364
20012 px -11.199999999999818
20013 px 11.199999999999818
20014 px 33.59999999999991
20015 px 56.0
20020 py -45.0
20021 py -27.0
20022 py -9.0
20023 py 9.0
20024 py 27.0
20025 py 45.0
20030 pz 92.0
20031 pz 82.0
20032 pz 72.0
20033 pz 62.0
20034 pz 52.0
20035 pz 42.0
c Active Detector Region
21 rcc 56  -5.0 -1.0   0.0 20.3 0.0   4.5 $Detector 1 Base center, Hx,Hy,Hz, radius
c Shielding Surfaces
c Shielding Pb
31 rpp 19 29 -7.5 7.5 -11 9 $PbPE xmin xmax ymin ymax zmin zmax
32 rpp 9 19 4 9 -11 9 $Pb xmin xmax ymin ymax zmin zmax
33 rpp 9 19 -9 -4 -11 9 $Pb xmin xmax ymin ymax zmin zmax
34 rpp 19 29 7.5 12.5 -11 9 $Pb xmin xmax ymin ymax zmin zmax
35 rpp 19 29 -12.5 -7.5 -11 9 $Pb xmin xmax ymin ymax zmin zmax
36 rpp 29 34 -15 15 -11 9 $Pb xmin xmax ymin ymax zmin zmax
37 rpp 9 19 -4 4 4 9 $Pb xmin xmax ymin ymax zmin zmax
38 rpp -26 26 18 28 -11 9 $BA1 xmin xmax ymin ymax zmin zmax
39 rpp -26 26 -28 -18 -11 9 $BA2 xmin xmax ymin ymax zmin zmax
40 rpp -65 65 -28 28 10 10.5 $Al xmin xmax ymin ymax zmin zmax
401 rpp -27 27 29 34 -11 9 $Fe xmin xmax ymin ymax zmin zmax
402 rpp -27 27 -34 -29 -11 9 $Fe xmin xmax ymin ymax zmin zmax
301 px -20
302 px 18
303 cx 3.71
304 cx 3.81
c Wheels Surfaces
c 23/10.5-12 turf tires, 22.6 lb rubber
c diameter 29cm, tread width 25cm, and sidewall height 13.76 cm
c set thickness of all sides 1.3 cm (s.t. weight is 22.6 lb)
41 rcc -2 77 8   0.0 25 0.0 29 $wheel 1 outer tread surface
42 rcc -2 77 8   0.0 25 0.0 27.7 $wheel 1 inner tread surface
421 rcc -2 75.7 8   0.0 1.3 0.0 29 $wheel 1 outside sidewall exterior
422 rcc -2 75.7 8   0.0 1.3 0.0 15.24 $wheel 1 outside sidewall interior
423 rcc -2 102 8   0.0 1.3 0.0 29 $wheel 1 inside sidewall exterior
424 rcc -2 102 8   0.0 1.3 0.0 15.24 $wheel 1 inside sidewall interior
43 rcc 68 77 8   0.0 25 0.0 29 $wheel 2
44 rcc 68 77 8   0.0 25 0.0 27.7
441 rcc 68 75.7 8   0.0 1.3 0.0 29
442 rcc 68 75.7 8   0.0 1.3 0.0 15.24
443 rcc 68 102 8   0.0 1.3 0.0 29
444 rcc 68 102 8   0.0 1.3 0.0 15.24
45 rcc -2 -77 8   0.0 -25 0.0 29 $wheel 3
46 rcc -2 -77 8   0.0 -25 0.0 27.7
461 rcc -2 -75.7 8   0.0 -1.3 0.0 29
462 rcc -2 -75.7 8   0.0 -1.3 0.0 15.24
463 rcc -2 -102 8   0.0 -1.3 0.0 29
464 rcc -2 -102 8   0.0 -1.3 0.0 15.24
47 rcc 68 -77 8   0.0 -25 0.0 29 $wheel 4
48 rcc 68 -77 8   0.0 -25 0.0 27.7
481 rcc 68 -75.7 8   0.0 -1.3 0.0 29
482 rcc 68 -75.7 8   0.0 -1.3 0.0 15.24
483 rcc 68 -102 8   0.0 -1.3 0.0 29
484 rcc 68 -102 8   0.0 -1.3 0.0 15.24
200 so 800    $sphere of 800cm centered at origin
c

c DATA CARDS
mode n p
c dump every hr
prdmp -60 -60 -1
c 100 keV Neutron Energy Cutoff
Cut:n 1j 0.1
c analog neutron transport
phys:n 1j 14
phys:p
sdef pos=0 0 0 erg=14.0 vec= 0 0 1 dir=d1
si1  -1 .93 1
sp1   0  0.0  1.0
c ********************
c begin material cards
c ********************
c Pure Carbon
c ****************************************
m400000 6000 -0.004061185691375284 7000 -0.004061185691375284 14000 -0.9918776286172495 
m400001 6000 -0.0031606383173100054 7000 -0.0031606383173100054 14000 -0.9936787233653799 
m400002 6000 -0.0038364748473364834 7000 -0.0038364748473364834 14000 -0.992327050305327 
m400003 6000 -0.0062307570593829196 7000 -0.0062307570593829196 14000 -0.9875384858812342 
m400004 6000 -0.009475666349169975 7000 -0.009475666349169975 14000 -0.9810486673016601 
m400005 6000 -0.003845294838682664 7000 -0.003845294838682664 14000 -0.9923094103226343 
m400006 6000 -0.0031999962683666445 7000 -0.0031999962683666445 14000 -0.9936000074632669 
m400007 6000 -0.0036056318941201843 7000 -0.0036056318941201843 14000 -0.9927887362117594 
m400008 6000 -0.005970446125480847 7000 -0.005970446125480847 14000 -0.9880591077490384 
m400009 6000 -0.00936872304823523 7000 -0.00936872304823523 14000 -0.9812625539035297 
m400010 6000 -0.004137368674146511 7000 -0.004137368674146511 14000 -0.9917252626517071 
m400011 6000 -0.003256096138721532 7000 -0.003256096138721532 14000 -0.9934878077225568 
m400012 6000 -0.003946052561027036 7000 -0.003946052561027036 14000 -0.992107894877946 
m400013 6000 -0.00560497821095104 7000 -0.00560497821095104 14000 -0.9887900435780981 
m400014 6000 -0.0094527566045248 7000 -0.0094527566045248 14000 -0.9810944867909503 
m400015 6000 -0.003911055470736111 7000 -0.003911055470736111 14000 -0.9921778890585279 
m400016 6000 -0.0031908352700456095 7000 -0.0031908352700456095 14000 -0.9936183294599088 
m400017 6000 -0.0037776735854709253 7000 -0.0037776735854709253 14000 -0.9924446528290582 
m400018 6000 -0.005673811538975464 7000 -0.005673811538975464 14000 -0.9886523769220493 
m400019 6000 -0.00870214389721227 7000 -0.00870214389721227 14000 -0.9825957122055755 
m400020 6000 -0.004126662034531736 7000 -0.004126662034531736 14000 -0.9917466759309365 
m400021 6000 -0.003210199182922922 7000 -0.003210199182922922 14000 -0.9935796016341542 
m400022 6000 -0.003601217591657173 7000 -0.003601217591657173 14000 -0.9927975648166856 
m400023 6000 -0.005615014023959825 7000 -0.005615014023959825 14000 -0.9887699719520804 
m400024 6000 -0.00916215230829608 7000 -0.00916215230829608 14000 -0.9816756953834078 
m400025 6000 -0.004144028424776583 7000 -0.004144028424776583 14000 -0.991711943150447 
m400026 6000 -0.0031766595575328438 7000 -0.0031766595575328438 14000 -0.9936466808849344 
m400027 6000 -0.003757869787062914 7000 -0.003757869787062914 14000 -0.9924842604258743 
m400028 6000 -0.005325409205768061 7000 -0.005325409205768061 14000 -0.989349181588464 
m400029 6000 -0.008594663575636716 7000 -0.008594663575636716 14000 -0.9828106728487265 
m400030 6000 -0.004022284589313415 7000 -0.004022284589313415 14000 -0.9919554308213735 
m400031 6000 -0.0031705627657988285 7000 -0.0031705627657988285 14000 -0.9936588744684027 
m400032 6000 -0.003886792099287947 7000 -0.003886792099287947 14000 -0.9922264158014237 
m400033 6000 -0.005520839379200675 7000 -0.005520839379200675 14000 -0.9889583212415987 
m400034 6000 -0.009153008588570766 7000 -0.009153008588570766 14000 -0.9816939828228587 
m400035 6000 -0.004086410285963266 7000 -0.004086410285963266 14000 -0.991827179428073 
m400036 6000 -0.0032044224887313915 7000 -0.0032044224887313915 14000 -0.9935911550225371 
m400037 6000 -0.00381769687421679 7000 -0.00381769687421679 14000 -0.9923646062515664 
m400038 6000 -0.0056726431245615015 7000 -0.0056726431245615015 14000 -0.988654713750877 
m400039 6000 -0.008837812033858777 7000 -0.008837812033858777 14000 -0.9823243759322828 
m400040 6000 -0.004184417282823755 7000 -0.004184417282823755 14000 -0.9916311654343525 
m400041 6000 -0.0031637717691263617 7000 -0.0031637717691263617 14000 -0.9936724564617474 
m400042 6000 -0.003900527549978555 7000 -0.003900527549978555 14000 -0.9921989449000431 
m400043 6000 -0.005751204221916162 7000 -0.005751204221916162 14000 -0.9884975915561679 
m400044 6000 -0.009052914575917994 7000 -0.009052914575917994 14000 -0.981894170848164 
m400045 6000 -0.003900434767451637 7000 -0.003900434767451637 14000 -0.992199130465097 
m400046 6000 -0.003164485637822952 7000 -0.003164485637822952 14000 -0.993671028724354 
m400047 6000 -0.003869235495539218 7000 -0.003869235495539218 14000 -0.9922615290089215 
m400048 6000 -0.006174687005688396 7000 -0.006174687005688396 14000 -0.987650625988623 
m400049 6000 -0.009383761485343018 7000 -0.009383761485343018 14000 -0.9812324770293139 
m400050 6000 -0.004178137678125402 7000 -0.004178137678125402 14000 -0.9916437246437491 
m400051 6000 -0.003232053136784998 7000 -0.003232053136784998 14000 -0.99353589372643 
m400052 6000 -0.0036875288584415455 7000 -0.0036875288584415455 14000 -0.9926249422831167 
m400053 6000 -0.00590401955944619 7000 -0.00590401955944619 14000 -0.9881919608811076 
m400054 6000 -0.009375477697726495 7000 -0.009375477697726495 14000 -0.9812490446045472 
m400055 6000 -0.004049444524800899 7000 -0.004049444524800899 14000 -0.9919011109503982 
m400056 6000 -0.0032212008226753758 7000 -0.0032212008226753758 14000 -0.9935575983546492 
m400057 6000 -0.003697911653167804 7000 -0.003697911653167804 14000 -0.9926041766936643 
m400058 6000 -0.0060334282795402126 7000 -0.0060334282795402126 14000 -0.9879331434409199 
m400059 6000 -0.009081343318985545 7000 -0.009081343318985545 14000 -0.9818373133620288 
m400060 6000 -0.00431861009596777 7000 -0.00431861009596777 14000 -0.9913627798080645 
m400061 6000 -0.0032331957648493977 7000 -0.0032331957648493977 14000 -0.9935336084703015 
m400062 6000 -0.003887550954165857 7000 -0.003887550954165857 14000 -0.9922248980916681 
m400063 6000 -0.005961526844794548 7000 -0.005961526844794548 14000 -0.988076946310411 
m400064 6000 -0.008886033609904927 7000 -0.008886033609904927 14000 -0.9822279327801904 
m400065 6000 -0.0037751530933029477 7000 -0.0037751530933029477 14000 -0.9924496938133945 
m400066 6000 -0.0032449024167458635 7000 -0.0032449024167458635 14000 -0.9935101951665085 
m400067 6000 -0.003775622202548718 7000 -0.003775622202548718 14000 -0.9924487555949026 
m400068 6000 -0.005878583162973878 7000 -0.005878583162973878 14000 -0.9882428336740524 
m400069 6000 -0.008581822755355266 7000 -0.008581822755355266 14000 -0.9828363544892895 
m400070 6000 -0.00398632662270031 7000 -0.00398632662270031 14000 -0.9920273467545997 
m400071 6000 -0.003229025302641095 7000 -0.003229025302641095 14000 -0.9935419493947176 
m400072 6000 -0.003996063209226044 7000 -0.003996063209226044 14000 -0.9920078735815483 
m400073 6000 -0.005706907624106206 7000 -0.005706907624106206 14000 -0.9885861847517877 
m400074 6000 -0.009259654853826764 7000 -0.009259654853826764 14000 -0.9814806902923466 
m400075 6000 -0.003982209077106463 7000 -0.003982209077106463 14000 -0.992035581845787 
m400076 6000 -0.0031760570870686612 7000 -0.0031760570870686612 14000 -0.9936478858258628 
m400077 6000 -0.0039396576745215845 7000 -0.0039396576745215845 14000 -0.9921206846509567 
m400078 6000 -0.005605326731073794 7000 -0.005605326731073794 14000 -0.9887893465378523 
m400079 6000 -0.009313785962138575 7000 -0.009313785962138575 14000 -0.9813724280757229 
m400080 6000 -0.0040428808541955776 7000 -0.0040428808541955776 14000 -0.991914238291609 
m400081 6000 -0.0031696024237702564 7000 -0.0031696024237702564 14000 -0.9936607951524595 
m400082 6000 -0.003746456259216855 7000 -0.003746456259216855 14000 -0.9925070874815664 
m400083 6000 -0.00597947569507709 7000 -0.00597947569507709 14000 -0.9880410486098457 
m400084 6000 -0.009230621436497128 7000 -0.009230621436497128 14000 -0.9815387571270056 
m400085 6000 -0.004234204533713425 7000 -0.004234204533713425 14000 -0.9915315909325728 
m400086 6000 -0.0031953777976031243 7000 -0.0031953777976031243 14000 -0.9936092444047935 
m400087 6000 -0.003859994437368736 7000 -0.003859994437368736 14000 -0.9922800111252623 
m400088 6000 -0.0057825201279607975 7000 -0.0057825201279607975 14000 -0.9884349597440781 
m400089 6000 -0.009343205746321616 7000 -0.009343205746321616 14000 -0.9813135885073566 
m400090 6000 -0.004056929685278982 7000 -0.004056929685278982 14000 -0.9918861406294418 
m400091 6000 -0.003161284836865351 7000 -0.003161284836865351 14000 -0.9936774303262693 
m400092 6000 -0.003812797170654337 7000 -0.003812797170654337 14000 -0.9923744056586915 
m400093 6000 -0.005421292067591868 7000 -0.005421292067591868 14000 -0.9891574158648163 
m400094 6000 -0.008968391215892409 7000 -0.008968391215892409 14000 -0.9820632175682156 
m400095 6000 -0.003897357174788123 7000 -0.003897357174788123 14000 -0.9922052856504239 
m400096 6000 -0.0031932307180831403 7000 -0.0031932307180831403 14000 -0.9936135385638337 
m400097 6000 -0.003831523721723321 7000 -0.003831523721723321 14000 -0.9923369525565535 
m400098 6000 -0.005807598355255761 7000 -0.005807598355255761 14000 -0.9883848032894883 
m400099 6000 -0.009064009201337818 7000 -0.009064009201337818 14000 -0.9818719815973246 
m400100 6000 -0.0038749620590044363 7000 -0.0038749620590044363 14000 -0.9922500758819908 
m400101 6000 -0.00313599515787791 7000 -0.00313599515787791 14000 -0.9937280096842441 
m400102 6000 -0.0037522337405342995 7000 -0.0037522337405342995 14000 -0.9924955325189315 
m400103 6000 -0.005581535872884371 7000 -0.005581535872884371 14000 -0.9888369282542314 
m400104 6000 -0.009039403214625461 7000 -0.009039403214625461 14000 -0.9819211935707489 
m400105 6000 -0.004172667410686025 7000 -0.004172667410686025 14000 -0.9916546651786278 
m400106 6000 -0.003259728002864827 7000 -0.003259728002864827 14000 -0.9934805439942703 
m400107 6000 -0.0038050120524094743 7000 -0.0038050120524094743 14000 -0.992389975895181 
m400108 6000 -0.00572420669463736 7000 -0.00572420669463736 14000 -0.9885515866107252 
m400109 6000 -0.009299172994225035 7000 -0.009299172994225035 14000 -0.98140165401155 
m400110 6000 -0.004006421388186255 7000 -0.004006421388186255 14000 -0.9919871572236272 
m400111 6000 -0.0031873973469087186 7000 -0.0031873973469087186 14000 -0.9936252053061826 
m400112 6000 -0.0036828763546930708 7000 -0.0036828763546930708 14000 -0.9926342472906139 
m400113 6000 -0.006007531408752252 7000 -0.006007531408752252 14000 -0.9879849371824954 
m400114 6000 -0.008286489664242898 7000 -0.008286489664242898 14000 -0.9834270206715142 
m400115 6000 -0.004137781992656181 7000 -0.004137781992656181 14000 -0.9917244360146875 
m400116 6000 -0.0031766813774389063 7000 -0.0031766813774389063 14000 -0.9936466372451223 
m400117 6000 -0.003866257640252549 7000 -0.003866257640252549 14000 -0.9922674847194948 
m400118 6000 -0.0055789707438318025 7000 -0.0055789707438318025 14000 -0.9888420585123363 
m400119 6000 -0.008872431465957217 7000 -0.008872431465957217 14000 -0.9822551370680856 
m400120 6000 -0.004014488797744046 7000 -0.004014488797744046 14000 -0.9919710224045117 
m400121 6000 -0.0031363612262957424 7000 -0.0031363612262957424 14000 -0.9937272775474084 
m400122 6000 -0.0038743428899280443 7000 -0.0038743428899280443 14000 -0.9922513142201435 
m400123 6000 -0.006026853716423522 7000 -0.006026853716423522 14000 -0.9879462925671532 
m400124 6000 -0.008856131006019232 7000 -0.008856131006019232 14000 -0.9822877379879614 
c **********************************
c PE+Pb, dens=4.78 g/cm3
m2      6000    -0.04286 $Carbon
        1001    -0.00714 $Hydrogen
        82000   -0.95000 $Lead
c **********************************
m3    1001 -0.048535 $Boric acid
      5010 -0.034981
      5011 -0.139923
      8016 -0.776561
c **********************************
m4    82000 1 $Lead
c **********************************
m5 26000 1 $Iron
c **********************************
m6     13027   -1.000 $ Aluminum
c **********************************
c  SS-304 (8.00 g/cm3), #298 in PNNL Compendium
m7   006000.50c -0.0004000
     014000.60c -0.0050000
     015031.50c -0.0002300
     016000.60c -0.0001500
     024000.50c -0.1899981
     025055.60c -0.0099999
     026000.50c -0.7017229
     028000.50c -0.0924991
c ****************************************
c       LaBr detector
c ****************************************
m8       35079    -0.2946       $ Br79
         35081    -0.3069       $ Br81
         57139    -0.3485       $ La139
         58140    -0.0500       $ Ce140
c ************ air den=1.15e-3g/cc
m12     8016 -0.23
        7014 -0.77
c ************ Rubber Natural den=0.92 g/cc
m13     1001 -0.118371  $weight fraction
        6000 -0.881629
c
c end material cards
c
rand seed=8674536546524321 $different initial random #; seed# - any less 18 digits
c
c ********** begin tallies *********************
fc78 *********Broadened Pulse Height Tally Sum of Detectors 1,2 & 3 ***********
e78 0 1e-5 932i 8.4295
F78:p (101)
FT78 GEB -0.026198 0.059551 -0.037176
fc18 *********Unbroadened Pulse Height Tally Sum of Detectors 1,2 & 3 ***********
e18 0 1e-5 932i 8.4295
F18:p (101)
c ***********************************
c mplot tal 78 freq 10000
nps 1e9
