c CAS DETECTOR
c w/ Shielding in Place and Wheels
c
c CELL CARDS
c
c @@@@@@@@@@ Detectors @@@@@@@@@@@@@@@@@
c
101 8 -5.08 -21 imp:n,p 1 $LaBr Detector #1 Active Region
c
c @@@@@@@@@ Shielding @@@@@@@@@@@@@@@@@
c
121 2 -4.78 -31 imp:n,p 1 $PE_Pb
122 4 -11.29 -32 imp:n,p 1 $Pb1
123 4 -11.29 -33 imp:n,p 1 $Pb2
124 4 -11.29 -34 imp:n,p 1 $Pb3
125 4 -11.29 -35 imp:n,p 1 $Pb4
126 4 -11.29 -36 imp:n,p 1 $Pb5
127 4 -11.29 -37 imp:n,p 1 $Pb6
128 3 -1.5 -38 imp:n,p 1 $BA1
129 3 -1.5 -39 imp:n,p 1 $BA2
130 6 -2.7 -40 imp:n,p 1 $Al
131 7 -7.92 301 -302 303 -304 imp:n,p 1 $Fe-tube
132 5 -7.8 -401 imp:n,p 1 $Fe
133 5 -7.8 -402 imp:n,p 1 $Fe
c @@@@@@@@@@ Wheels @@@@@@@@@@@@@@@@@
c
21 13 -0.92 -41 42 imp:n,p 1 $Wheel 1
211 13 -0.92 -421 422 imp:n,p 1 $Wheel 1
212 13 -0.92 -423 424 imp:n,p 1 $Wheel 1
22 13 -0.92 -43 44 imp:n,p 1 $Wheel 2
221 13 -0.92 -441 442 imp:n,p 1 $Wheel 2
222 13 -0.92 -443 444 imp:n,p 1 $Wheel 2
23 13 -0.92 -45 46 imp:n,p 1 $Wheel 3
231 13 -0.92 -461 462 imp:n,p 1 $Wheel 3
232 13 -0.92 -463 464 imp:n,p 1 $Wheel 3
24 13 -0.92 -47 48 imp:n,p 1 $Wheel 4
241 13 -0.92 -481 482 imp:n,p 1 $Wheel 4
242 13 -0.92 -483 484 imp:n,p 1 $Wheel 4
c
c @@@@@@@@@@ SOIL VOLUME @@@@@@@@@@@
c
300000 400000 -2.156 20010 -20011 20020 -20021 20030 -20031 imp:n,p 1
300001 400001 -2.156 20010 -20011 20020 -20021 20031 -20032 imp:n,p 1
300002 400002 -2.156 20010 -20011 20020 -20021 20032 -20033 imp:n,p 1
300003 400003 -2.156 20010 -20011 20020 -20021 20033 -20034 imp:n,p 1
300004 400004 -2.156 20010 -20011 20020 -20021 20034 -20035 imp:n,p 1
300005 400005 -2.156 20011 -20012 20020 -20021 20030 -20031 imp:n,p 1
300006 400006 -2.156 20011 -20012 20020 -20021 20031 -20032 imp:n,p 1
300007 400007 -2.156 20011 -20012 20020 -20021 20032 -20033 imp:n,p 1
300008 400008 -2.156 20011 -20012 20020 -20021 20033 -20034 imp:n,p 1
300009 400009 -2.156 20011 -20012 20020 -20021 20034 -20035 imp:n,p 1
300010 400010 -2.156 20012 -20013 20020 -20021 20030 -20031 imp:n,p 1
300011 400011 -2.156 20012 -20013 20020 -20021 20031 -20032 imp:n,p 1
300012 400012 -2.156 20012 -20013 20020 -20021 20032 -20033 imp:n,p 1
300013 400013 -2.156 20012 -20013 20020 -20021 20033 -20034 imp:n,p 1
300014 400014 -2.156 20012 -20013 20020 -20021 20034 -20035 imp:n,p 1
300015 400015 -2.156 20013 -20014 20020 -20021 20030 -20031 imp:n,p 1
300016 400016 -2.156 20013 -20014 20020 -20021 20031 -20032 imp:n,p 1
300017 400017 -2.156 20013 -20014 20020 -20021 20032 -20033 imp:n,p 1
300018 400018 -2.156 20013 -20014 20020 -20021 20033 -20034 imp:n,p 1
300019 400019 -2.156 20013 -20014 20020 -20021 20034 -20035 imp:n,p 1
300020 400020 -2.156 20014 -20015 20020 -20021 20030 -20031 imp:n,p 1
300021 400021 -2.156 20014 -20015 20020 -20021 20031 -20032 imp:n,p 1
300022 400022 -2.156 20014 -20015 20020 -20021 20032 -20033 imp:n,p 1
300023 400023 -2.156 20014 -20015 20020 -20021 20033 -20034 imp:n,p 1
300024 400024 -2.156 20014 -20015 20020 -20021 20034 -20035 imp:n,p 1
300025 400025 -2.156 20010 -20011 20021 -20022 20030 -20031 imp:n,p 1
300026 400026 -2.156 20010 -20011 20021 -20022 20031 -20032 imp:n,p 1
300027 400027 -2.156 20010 -20011 20021 -20022 20032 -20033 imp:n,p 1
300028 400028 -2.156 20010 -20011 20021 -20022 20033 -20034 imp:n,p 1
300029 400029 -2.156 20010 -20011 20021 -20022 20034 -20035 imp:n,p 1
300030 400030 -2.156 20011 -20012 20021 -20022 20030 -20031 imp:n,p 1
300031 400031 -2.156 20011 -20012 20021 -20022 20031 -20032 imp:n,p 1
300032 400032 -2.156 20011 -20012 20021 -20022 20032 -20033 imp:n,p 1
300033 400033 -2.156 20011 -20012 20021 -20022 20033 -20034 imp:n,p 1
300034 400034 -2.156 20011 -20012 20021 -20022 20034 -20035 imp:n,p 1
300035 400035 -2.156 20012 -20013 20021 -20022 20030 -20031 imp:n,p 1
300036 400036 -2.156 20012 -20013 20021 -20022 20031 -20032 imp:n,p 1
300037 400037 -2.156 20012 -20013 20021 -20022 20032 -20033 imp:n,p 1
300038 400038 -2.156 20012 -20013 20021 -20022 20033 -20034 imp:n,p 1
300039 400039 -2.156 20012 -20013 20021 -20022 20034 -20035 imp:n,p 1
300040 400040 -2.156 20013 -20014 20021 -20022 20030 -20031 imp:n,p 1
300041 400041 -2.156 20013 -20014 20021 -20022 20031 -20032 imp:n,p 1
300042 400042 -2.156 20013 -20014 20021 -20022 20032 -20033 imp:n,p 1
300043 400043 -2.156 20013 -20014 20021 -20022 20033 -20034 imp:n,p 1
300044 400044 -2.156 20013 -20014 20021 -20022 20034 -20035 imp:n,p 1
300045 400045 -2.156 20014 -20015 20021 -20022 20030 -20031 imp:n,p 1
300046 400046 -2.156 20014 -20015 20021 -20022 20031 -20032 imp:n,p 1
300047 400047 -2.156 20014 -20015 20021 -20022 20032 -20033 imp:n,p 1
300048 400048 -2.156 20014 -20015 20021 -20022 20033 -20034 imp:n,p 1
300049 400049 -2.156 20014 -20015 20021 -20022 20034 -20035 imp:n,p 1
300050 400050 -2.156 20010 -20011 20022 -20023 20030 -20031 imp:n,p 1
300051 400051 -2.156 20010 -20011 20022 -20023 20031 -20032 imp:n,p 1
300052 400052 -2.156 20010 -20011 20022 -20023 20032 -20033 imp:n,p 1
300053 400053 -2.156 20010 -20011 20022 -20023 20033 -20034 imp:n,p 1
300054 400054 -2.156 20010 -20011 20022 -20023 20034 -20035 imp:n,p 1
300055 400055 -2.156 20011 -20012 20022 -20023 20030 -20031 imp:n,p 1
300056 400056 -2.156 20011 -20012 20022 -20023 20031 -20032 imp:n,p 1
300057 400057 -2.156 20011 -20012 20022 -20023 20032 -20033 imp:n,p 1
300058 400058 -2.156 20011 -20012 20022 -20023 20033 -20034 imp:n,p 1
300059 400059 -2.156 20011 -20012 20022 -20023 20034 -20035 imp:n,p 1
300060 400060 -2.156 20012 -20013 20022 -20023 20030 -20031 imp:n,p 1
300061 400061 -2.156 20012 -20013 20022 -20023 20031 -20032 imp:n,p 1
300062 400062 -2.156 20012 -20013 20022 -20023 20032 -20033 imp:n,p 1
300063 400063 -2.156 20012 -20013 20022 -20023 20033 -20034 imp:n,p 1
300064 400064 -2.156 20012 -20013 20022 -20023 20034 -20035 imp:n,p 1
300065 400065 -2.156 20013 -20014 20022 -20023 20030 -20031 imp:n,p 1
300066 400066 -2.156 20013 -20014 20022 -20023 20031 -20032 imp:n,p 1
300067 400067 -2.156 20013 -20014 20022 -20023 20032 -20033 imp:n,p 1
300068 400068 -2.156 20013 -20014 20022 -20023 20033 -20034 imp:n,p 1
300069 400069 -2.156 20013 -20014 20022 -20023 20034 -20035 imp:n,p 1
300070 400070 -2.156 20014 -20015 20022 -20023 20030 -20031 imp:n,p 1
300071 400071 -2.156 20014 -20015 20022 -20023 20031 -20032 imp:n,p 1
300072 400072 -2.156 20014 -20015 20022 -20023 20032 -20033 imp:n,p 1
300073 400073 -2.156 20014 -20015 20022 -20023 20033 -20034 imp:n,p 1
300074 400074 -2.156 20014 -20015 20022 -20023 20034 -20035 imp:n,p 1
300075 400075 -2.156 20010 -20011 20023 -20024 20030 -20031 imp:n,p 1
300076 400076 -2.156 20010 -20011 20023 -20024 20031 -20032 imp:n,p 1
300077 400077 -2.156 20010 -20011 20023 -20024 20032 -20033 imp:n,p 1
300078 400078 -2.156 20010 -20011 20023 -20024 20033 -20034 imp:n,p 1
300079 400079 -2.156 20010 -20011 20023 -20024 20034 -20035 imp:n,p 1
300080 400080 -2.156 20011 -20012 20023 -20024 20030 -20031 imp:n,p 1
300081 400081 -2.156 20011 -20012 20023 -20024 20031 -20032 imp:n,p 1
300082 400082 -2.156 20011 -20012 20023 -20024 20032 -20033 imp:n,p 1
300083 400083 -2.156 20011 -20012 20023 -20024 20033 -20034 imp:n,p 1
300084 400084 -2.156 20011 -20012 20023 -20024 20034 -20035 imp:n,p 1
300085 400085 -2.156 20012 -20013 20023 -20024 20030 -20031 imp:n,p 1
300086 400086 -2.156 20012 -20013 20023 -20024 20031 -20032 imp:n,p 1
300087 400087 -2.156 20012 -20013 20023 -20024 20032 -20033 imp:n,p 1
300088 400088 -2.156 20012 -20013 20023 -20024 20033 -20034 imp:n,p 1
300089 400089 -2.156 20012 -20013 20023 -20024 20034 -20035 imp:n,p 1
300090 400090 -2.156 20013 -20014 20023 -20024 20030 -20031 imp:n,p 1
300091 400091 -2.156 20013 -20014 20023 -20024 20031 -20032 imp:n,p 1
300092 400092 -2.156 20013 -20014 20023 -20024 20032 -20033 imp:n,p 1
300093 400093 -2.156 20013 -20014 20023 -20024 20033 -20034 imp:n,p 1
300094 400094 -2.156 20013 -20014 20023 -20024 20034 -20035 imp:n,p 1
300095 400095 -2.156 20014 -20015 20023 -20024 20030 -20031 imp:n,p 1
300096 400096 -2.156 20014 -20015 20023 -20024 20031 -20032 imp:n,p 1
300097 400097 -2.156 20014 -20015 20023 -20024 20032 -20033 imp:n,p 1
300098 400098 -2.156 20014 -20015 20023 -20024 20033 -20034 imp:n,p 1
300099 400099 -2.156 20014 -20015 20023 -20024 20034 -20035 imp:n,p 1
300100 400100 -2.156 20010 -20011 20024 -20025 20030 -20031 imp:n,p 1
300101 400101 -2.156 20010 -20011 20024 -20025 20031 -20032 imp:n,p 1
300102 400102 -2.156 20010 -20011 20024 -20025 20032 -20033 imp:n,p 1
300103 400103 -2.156 20010 -20011 20024 -20025 20033 -20034 imp:n,p 1
300104 400104 -2.156 20010 -20011 20024 -20025 20034 -20035 imp:n,p 1
300105 400105 -2.156 20011 -20012 20024 -20025 20030 -20031 imp:n,p 1
300106 400106 -2.156 20011 -20012 20024 -20025 20031 -20032 imp:n,p 1
300107 400107 -2.156 20011 -20012 20024 -20025 20032 -20033 imp:n,p 1
300108 400108 -2.156 20011 -20012 20024 -20025 20033 -20034 imp:n,p 1
300109 400109 -2.156 20011 -20012 20024 -20025 20034 -20035 imp:n,p 1
300110 400110 -2.156 20012 -20013 20024 -20025 20030 -20031 imp:n,p 1
300111 400111 -2.156 20012 -20013 20024 -20025 20031 -20032 imp:n,p 1
300112 400112 -2.156 20012 -20013 20024 -20025 20032 -20033 imp:n,p 1
300113 400113 -2.156 20012 -20013 20024 -20025 20033 -20034 imp:n,p 1
300114 400114 -2.156 20012 -20013 20024 -20025 20034 -20035 imp:n,p 1
300115 400115 -2.156 20013 -20014 20024 -20025 20030 -20031 imp:n,p 1
300116 400116 -2.156 20013 -20014 20024 -20025 20031 -20032 imp:n,p 1
300117 400117 -2.156 20013 -20014 20024 -20025 20032 -20033 imp:n,p 1
300118 400118 -2.156 20013 -20014 20024 -20025 20033 -20034 imp:n,p 1
300119 400119 -2.156 20013 -20014 20024 -20025 20034 -20035 imp:n,p 1
300120 400120 -2.156 20014 -20015 20024 -20025 20030 -20031 imp:n,p 1
300121 400121 -2.156 20014 -20015 20024 -20025 20031 -20032 imp:n,p 1
300122 400122 -2.156 20014 -20015 20024 -20025 20032 -20033 imp:n,p 1
300123 400123 -2.156 20014 -20015 20024 -20025 20033 -20034 imp:n,p 1
300124 400124 -2.156 20014 -20015 20024 -20025 20034 -20035 imp:n,p 1
c
30 12 -0.00129 -200 #101 #121 #122 #123 #124 #125 #126 #127 #128 #129 #130 #131 #132 #133
        #21 #211 #212 #22 #221 #222 #23 #231 #232 #24 #241 #242 #20 imp:n,p 1 $Rest of the World
31 0 200 imp:n,p 0 $Outside world

c SURFACE CARDS
c
c Sample Volume
20010 px -56.0
20011 px -33.600000000000364
20012 px -11.200000000000728
20013 px 11.200000000000728
20014 px 33.600000000000364
20015 px 56.0
20020 py -45.0
20021 py -27.0
20022 py -9.0
20023 py 9.0
20024 py 27.0
20025 py 45.0
20030 pz 92.0
20031 pz 82.0
20032 pz 72.0
20033 pz 62.0
20034 pz 52.0
20035 pz 42.0
c Active Detector Region
21 rcc 56  -5.0 -1.0   0.0 20.3 0.0   4.5 $Detector 1 Base center, Hx,Hy,Hz, radius
c Shielding Surfaces
c Shielding Pb
31 rpp 19 29 -7.5 7.5 -11 9 $PbPE xmin xmax ymin ymax zmin zmax
32 rpp 9 19 4 9 -11 9 $Pb xmin xmax ymin ymax zmin zmax
33 rpp 9 19 -9 -4 -11 9 $Pb xmin xmax ymin ymax zmin zmax
34 rpp 19 29 7.5 12.5 -11 9 $Pb xmin xmax ymin ymax zmin zmax
35 rpp 19 29 -12.5 -7.5 -11 9 $Pb xmin xmax ymin ymax zmin zmax
36 rpp 29 34 -15 15 -11 9 $Pb xmin xmax ymin ymax zmin zmax
37 rpp 9 19 -4 4 4 9 $Pb xmin xmax ymin ymax zmin zmax
38 rpp -26 26 18 28 -11 9 $BA1 xmin xmax ymin ymax zmin zmax
39 rpp -26 26 -28 -18 -11 9 $BA2 xmin xmax ymin ymax zmin zmax
40 rpp -65 65 -28 28 10 10.5 $Al xmin xmax ymin ymax zmin zmax
401 rpp -27 27 29 34 -11 9 $Fe xmin xmax ymin ymax zmin zmax
402 rpp -27 27 -34 -29 -11 9 $Fe xmin xmax ymin ymax zmin zmax
301 px -20
302 px 18
303 cx 3.71
304 cx 3.81
c Wheels Surfaces
c 23/10.5-12 turf tires, 22.6 lb rubber
c diameter 29cm, tread width 25cm, and sidewall height 13.76 cm
c set thickness of all sides 1.3 cm (s.t. weight is 22.6 lb)
41 rcc -2 77 8   0.0 25 0.0 29 $wheel 1 outer tread surface
42 rcc -2 77 8   0.0 25 0.0 27.7 $wheel 1 inner tread surface
421 rcc -2 75.7 8   0.0 1.3 0.0 29 $wheel 1 outside sidewall exterior
422 rcc -2 75.7 8   0.0 1.3 0.0 15.24 $wheel 1 outside sidewall interior
423 rcc -2 102 8   0.0 1.3 0.0 29 $wheel 1 inside sidewall exterior
424 rcc -2 102 8   0.0 1.3 0.0 15.24 $wheel 1 inside sidewall interior
43 rcc 68 77 8   0.0 25 0.0 29 $wheel 2
44 rcc 68 77 8   0.0 25 0.0 27.7
441 rcc 68 75.7 8   0.0 1.3 0.0 29
442 rcc 68 75.7 8   0.0 1.3 0.0 15.24
443 rcc 68 102 8   0.0 1.3 0.0 29
444 rcc 68 102 8   0.0 1.3 0.0 15.24
45 rcc -2 -77 8   0.0 -25 0.0 29 $wheel 3
46 rcc -2 -77 8   0.0 -25 0.0 27.7
461 rcc -2 -75.7 8   0.0 -1.3 0.0 29
462 rcc -2 -75.7 8   0.0 -1.3 0.0 15.24
463 rcc -2 -102 8   0.0 -1.3 0.0 29
464 rcc -2 -102 8   0.0 -1.3 0.0 15.24
47 rcc 68 -77 8   0.0 -25 0.0 29 $wheel 4
48 rcc 68 -77 8   0.0 -25 0.0 27.7
481 rcc 68 -75.7 8   0.0 -1.3 0.0 29
482 rcc 68 -75.7 8   0.0 -1.3 0.0 15.24
483 rcc 68 -102 8   0.0 -1.3 0.0 29
484 rcc 68 -102 8   0.0 -1.3 0.0 15.24
200 so 800    $sphere of 800cm centered at origin
c

c DATA CARDS
mode n p
c dump every hr
prdmp -60 -60 -1
c 100 keV Neutron Energy Cutoff
Cut:n 1j 0.1
c analog neutron transport
phys:n 1j 14
phys:p
sdef pos=0 0 0 erg=14.0 vec= 0 0 1 dir=d1
si1  -1 .93 1
sp1   0  0.0  1.0
c ********************
c begin material cards
c ********************
c Pure Carbon
c ****************************************
m400000 6000 -0.0039620154604335 7000 -0.0039620154604335 14000 -0.992075969079133 
m400001 6000 -0.0032880180728007214 7000 -0.0032880180728007214 14000 -0.9934239638543987 
m400002 6000 -0.0038904356317373996 7000 -0.0038904356317373996 14000 -0.9922191287365254 
m400003 6000 -0.005849110386333657 7000 -0.005849110386333657 14000 -0.9883017792273329 
m400004 6000 -0.009141406611705677 7000 -0.009141406611705677 14000 -0.9817171867765887 
m400005 6000 -0.004020288647545349 7000 -0.004020288647545349 14000 -0.9919594227049093 
m400006 6000 -0.003302985232108872 7000 -0.003302985232108872 14000 -0.9933940295357822 
m400007 6000 -0.003705910776977691 7000 -0.003705910776977691 14000 -0.9925881784460446 
m400008 6000 -0.005537257045469494 7000 -0.005537257045469494 14000 -0.9889254859090613 
m400009 6000 -0.008957347405417539 7000 -0.008957347405417539 14000 -0.9820853051891646 
m400010 6000 -0.00421278000581852 7000 -0.00421278000581852 14000 -0.9915744399883628 
m400011 6000 -0.0032201349235076197 7000 -0.0032201349235076197 14000 -0.9935597301529849 
m400012 6000 -0.003992461227213061 7000 -0.003992461227213061 14000 -0.9920150775455738 
m400013 6000 -0.005765271783544496 7000 -0.005765271783544496 14000 -0.9884694564329106 
m400014 6000 -0.009130310953259774 7000 -0.009130310953259774 14000 -0.9817393780934807 
m400015 6000 -0.004292617000575786 7000 -0.004292617000575786 14000 -0.9914147659988484 
m400016 6000 -0.003242052473155923 7000 -0.003242052473155923 14000 -0.993515895053688 
m400017 6000 -0.0038175857414138397 7000 -0.0038175857414138397 14000 -0.9923648285171721 
m400018 6000 -0.005767150825976969 7000 -0.005767150825976969 14000 -0.988465698348046 
m400019 6000 -0.009338486387042745 7000 -0.009338486387042745 14000 -0.981323027225915 
m400020 6000 -0.00402254108219242 7000 -0.00402254108219242 14000 -0.991954917835615 
m400021 6000 -0.003274704883435939 7000 -0.003274704883435939 14000 -0.9934505902331281 
m400022 6000 -0.003760016627085137 7000 -0.003760016627085137 14000 -0.9924799667458295 
m400023 6000 -0.005688642721050292 7000 -0.005688642721050292 14000 -0.9886227145578992 
m400024 6000 -0.009446968279435137 7000 -0.009446968279435137 14000 -0.9811060634411297 
m400025 6000 -0.004134674345850897 7000 -0.004134674345850897 14000 -0.9917306513082979 
m400026 6000 -0.0032406773668349743 7000 -0.0032406773668349743 14000 -0.99351864526633 
m400027 6000 -0.0037854709957758446 7000 -0.0037854709957758446 14000 -0.992429058008448 
m400028 6000 -0.005658253201841975 7000 -0.005658253201841975 14000 -0.9886834935963162 
m400029 6000 -0.00967874969790772 7000 -0.00967874969790772 14000 -0.9806425006041849 
m400030 6000 -0.0038508486043008377 7000 -0.0038508486043008377 14000 -0.9922983027913982 
m400031 6000 -0.003280514078856511 7000 -0.003280514078856511 14000 -0.9934389718422868 
m400032 6000 -0.0038978527944359357 7000 -0.0038978527944359357 14000 -0.9922042944111277 
m400033 6000 -0.0058050885117070265 7000 -0.0058050885117070265 14000 -0.9883898229765861 
m400034 6000 -0.008750043492293795 7000 -0.008750043492293795 14000 -0.9824999130154127 
m400035 6000 -0.004028793990155441 7000 -0.004028793990155441 14000 -0.9919424120196889 
m400036 6000 -0.0032089866680463063 7000 -0.0032089866680463063 14000 -0.993582026663907 
m400037 6000 -0.0036670498146512713 7000 -0.0036670498146512713 14000 -0.9926659003706978 
m400038 6000 -0.005803187436572667 7000 -0.005803187436572667 14000 -0.9883936251268546 
m400039 6000 -0.00950667172733518 7000 -0.00950667172733518 14000 -0.9809866565453299 
m400040 6000 -0.004096950288221317 7000 -0.004096950288221317 14000 -0.9918060994235576 
m400041 6000 -0.0032209418423702492 7000 -0.0032209418423702492 14000 -0.9935581163152594 
m400042 6000 -0.003745276101080324 7000 -0.003745276101080324 14000 -0.9925094477978391 
m400043 6000 -0.0058272986354533885 7000 -0.0058272986354533885 14000 -0.9883454027290935 
m400044 6000 -0.009580883987995687 7000 -0.009580883987995687 14000 -0.9808382320240083 
m400045 6000 -0.004211532819234983 7000 -0.004211532819234983 14000 -0.9915769343615299 
m400046 6000 -0.0032500160056005882 7000 -0.0032500160056005882 14000 -0.9934999679887988 
m400047 6000 -0.00394230430112527 7000 -0.00394230430112527 14000 -0.9921153913977495 
m400048 6000 -0.005826569239620346 7000 -0.005826569239620346 14000 -0.9883468615207595 
m400049 6000 -0.00917110146315906 7000 -0.00917110146315906 14000 -0.9816577970736824 
m400050 6000 -0.0040771996268702685 7000 -0.0040771996268702685 14000 -0.9918456007462596 
m400051 6000 -0.003259044246487517 7000 -0.003259044246487517 14000 -0.9934819115070249 
m400052 6000 -0.0038746647126192374 7000 -0.0038746647126192374 14000 -0.9922506705747617 
m400053 6000 -0.005577649794678369 7000 -0.005577649794678369 14000 -0.9888447004106433 
m400054 6000 -0.00927337048569345 7000 -0.00927337048569345 14000 -0.9814532590286131 
m400055 6000 -0.004008534560320615 7000 -0.004008534560320615 14000 -0.991982930879359 
m400056 6000 -0.0032991711428751016 7000 -0.0032991711428751016 14000 -0.9934016577142499 
m400057 6000 -0.0037992893637714053 7000 -0.0037992893637714053 14000 -0.9924014212724573 
m400058 6000 -0.005865050078750746 7000 -0.005865050078750746 14000 -0.9882698998424985 
m400059 6000 -0.009017252381436452 7000 -0.009017252381436452 14000 -0.9819654952371271 
m400060 6000 -0.004056840775373699 7000 -0.004056840775373699 14000 -0.9918863184492527 
m400061 6000 -0.003188737244124942 7000 -0.003188737244124942 14000 -0.9936225255117505 
m400062 6000 -0.003791823933042633 7000 -0.003791823933042633 14000 -0.9924163521339149 
m400063 6000 -0.005576790612727221 7000 -0.005576790612727221 14000 -0.9888464187745458 
m400064 6000 -0.009678667876189807 7000 -0.009678667876189807 14000 -0.9806426642476203 
m400065 6000 -0.0037338159911168133 7000 -0.0037338159911168133 14000 -0.9925323680177659 
m400066 6000 -0.0032257203066576685 7000 -0.0032257203066576685 14000 -0.9935485593866845 
m400067 6000 -0.003724575640999495 7000 -0.003724575640999495 14000 -0.9925508487180009 
m400068 6000 -0.005511637196088155 7000 -0.005511637196088155 14000 -0.9889767256078232 
m400069 6000 -0.009686820654371087 7000 -0.009686820654371087 14000 -0.9806263586912576 
m400070 6000 -0.003876221263646036 7000 -0.003876221263646036 14000 -0.9922475574727083 
m400071 6000 -0.0032568635248351636 7000 -0.0032568635248351636 14000 -0.9934862729503295 
m400072 6000 -0.0038137197910317337 7000 -0.0038137197910317337 14000 -0.9923725604179365 
m400073 6000 -0.005818611350783851 7000 -0.005818611350783851 14000 -0.9883627772984324 
m400074 6000 -0.009499542167994682 7000 -0.009499542167994682 14000 -0.9810009156640105 
m400075 6000 -0.003880448865183232 7000 -0.003880448865183232 14000 -0.9922391022696334 
m400076 6000 -0.00327101278393718 7000 -0.00327101278393718 14000 -0.9934579744321254 
m400077 6000 -0.003947136611862834 7000 -0.003947136611862834 14000 -0.9921057267762743 
m400078 6000 -0.005994905343547926 7000 -0.005994905343547926 14000 -0.9880101893129043 
m400079 6000 -0.00952862644435636 7000 -0.00952862644435636 14000 -0.9809427471112869 
m400080 6000 -0.003830959132528866 7000 -0.003830959132528866 14000 -0.9923380817349425 
m400081 6000 -0.003260021606935234 7000 -0.003260021606935234 14000 -0.9934799567861299 
m400082 6000 -0.003681125067305906 7000 -0.003681125067305906 14000 -0.9926377498653883 
m400083 6000 -0.005667230373942238 7000 -0.005667230373942238 14000 -0.9886655392521159 
m400084 6000 -0.009225434624134037 7000 -0.009225434624134037 14000 -0.9815491307517319 
m400085 6000 -0.004179034723096905 7000 -0.004179034723096905 14000 -0.9916419305538063 
m400086 6000 -0.0032784722793142 7000 -0.0032784722793142 14000 -0.9934430554413712 
m400087 6000 -0.003877307500189382 7000 -0.003877307500189382 14000 -0.9922453849996217 
m400088 6000 -0.005689468587693437 7000 -0.005689468587693437 14000 -0.9886210628246134 
m400089 6000 -0.009563155163080529 7000 -0.009563155163080529 14000 -0.9808736896738387 
m400090 6000 -0.004207521306205384 7000 -0.004207521306205384 14000 -0.9915849573875893 
m400091 6000 -0.003264418767990432 7000 -0.003264418767990432 14000 -0.9934711624640191 
m400092 6000 -0.003758420225248788 7000 -0.003758420225248788 14000 -0.9924831595495023 
m400093 6000 -0.006017793015349292 7000 -0.006017793015349292 14000 -0.9879644139693012 
m400094 6000 -0.009452378496682668 7000 -0.009452378496682668 14000 -0.981095243006635 
m400095 6000 -0.004093521697590025 7000 -0.004093521697590025 14000 -0.9918129566048198 
m400096 6000 -0.0032212344236188396 7000 -0.0032212344236188396 14000 -0.9935575311527622 
m400097 6000 -0.0038690215452254666 7000 -0.0038690215452254666 14000 -0.992261956909549 
m400098 6000 -0.005785275017358527 7000 -0.005785275017358527 14000 -0.9884294499652831 
m400099 6000 -0.008989863575266367 7000 -0.008989863575266367 14000 -0.9820202728494671 
m400100 6000 -0.004210628482596748 7000 -0.004210628482596748 14000 -0.9915787430348066 
m400101 6000 -0.00323685125330407 7000 -0.00323685125330407 14000 -0.9935262974933914 
m400102 6000 -0.003867228001900122 7000 -0.003867228001900122 14000 -0.9922655439961998 
m400103 6000 -0.0057737711680554285 7000 -0.0057737711680554285 14000 -0.988452457663889 
m400104 6000 -0.009449718943368183 7000 -0.009449718943368183 14000 -0.9811005621132636 
m400105 6000 -0.004252929615787158 7000 -0.004252929615787158 14000 -0.9914941407684253 
m400106 6000 -0.003245233365202604 7000 -0.003245233365202604 14000 -0.9935095332695947 
m400107 6000 -0.0037539520643932794 7000 -0.0037539520643932794 14000 -0.9924920958712132 
m400108 6000 -0.005345990176678684 7000 -0.005345990176678684 14000 -0.9893080196466425 
m400109 6000 -0.009268830615662874 7000 -0.009268830615662874 14000 -0.9814623387686745 
m400110 6000 -0.004207720657871363 7000 -0.004207720657871363 14000 -0.9915845586842572 
m400111 6000 -0.003195790624607868 7000 -0.003195790624607868 14000 -0.9936084187507841 
m400112 6000 -0.0038350151794984983 7000 -0.0038350151794984983 14000 -0.9923299696410028 
m400113 6000 -0.005814791678489122 7000 -0.005814791678489122 14000 -0.9883704166430215 
m400114 6000 -0.009270124391005238 7000 -0.009270124391005238 14000 -0.9814597512179895 
m400115 6000 -0.004224182134000452 7000 -0.004224182134000452 14000 -0.991551635731999 
m400116 6000 -0.0032554961477658777 7000 -0.0032554961477658777 14000 -0.9934890077044681 
m400117 6000 -0.003811531274041162 7000 -0.003811531274041162 14000 -0.9923769374519174 
m400118 6000 -0.005643604948328372 7000 -0.005643604948328372 14000 -0.9887127901033432 
m400119 6000 -0.008977006868415148 7000 -0.008977006868415148 14000 -0.9820459862631696 
m400120 6000 -0.003951162902786099 7000 -0.003951162902786099 14000 -0.992097674194428 
m400121 6000 -0.0032361772253898234 7000 -0.0032361772253898234 14000 -0.9935276455492204 
m400122 6000 -0.0038092649542236495 7000 -0.0038092649542236495 14000 -0.9923814700915528 
m400123 6000 -0.0061020644063173955 7000 -0.0061020644063173955 14000 -0.9877958711873654 
m400124 6000 -0.008763690335407496 7000 -0.008763690335407496 14000 -0.982472619329185 
c **********************************
c PE+Pb, dens=4.78 g/cm3
m2      6000    -0.04286 $Carbon
        1001    -0.00714 $Hydrogen
        82000   -0.95000 $Lead
c **********************************
m3    1001 -0.048535 $Boric acid
      5010 -0.034981
      5011 -0.139923
      8016 -0.776561
c **********************************
m4    82000 1 $Lead
c **********************************
m5 26000 1 $Iron
c **********************************
m6     13027   -1.000 $ Aluminum
c **********************************
c  SS-304 (8.00 g/cm3), #298 in PNNL Compendium
m7   006000.50c -0.0004000
     014000.60c -0.0050000
     015031.50c -0.0002300
     016000.60c -0.0001500
     024000.50c -0.1899981
     025055.60c -0.0099999
     026000.50c -0.7017229
     028000.50c -0.0924991
c ****************************************
c       LaBr detector
c ****************************************
m8       35079    -0.2946       $ Br79
         35081    -0.3069       $ Br81
         57139    -0.3485       $ La139
         58140    -0.0500       $ Ce140
c ************ air den=1.15e-3g/cc
m12     8016 -0.23
        7014 -0.77
c ************ Rubber Natural den=0.92 g/cc
m13     1001 -0.118371  $weight fraction
        6000 -0.881629
c
c end material cards
c
rand seed=8674536546524321 $different initial random #; seed# - any less 18 digits
c
c ********** begin tallies *********************
fc78 *********Broadened Pulse Height Tally Sum of Detectors 1,2 & 3 ***********
e78 0 1e-5 932i 8.4295
F78:p (101)
FT78 GEB -0.026198 0.059551 -0.037176
fc18 *********Unbroadened Pulse Height Tally Sum of Detectors 1,2 & 3 ***********
e18 0 1e-5 932i 8.4295
F18:p (101)
c ***********************************
c mplot tal 78 freq 10000
nps 1e9
