c CAS DETECTOR
c w/ Shielding in Place and Wheels
c
c CELL CARDS
c
c @@@@@@@@@@ Detectors @@@@@@@@@@@@@@@@@
c
101 8 -5.08 -21 imp:n,p 1 $LaBr Detector #1 Active Region
c
c @@@@@@@@@ Shielding @@@@@@@@@@@@@@@@@
c
121 2 -4.78 -31 imp:n,p 1 $PE_Pb
122 4 -11.29 -32 imp:n,p 1 $Pb1
123 4 -11.29 -33 imp:n,p 1 $Pb2
124 4 -11.29 -34 imp:n,p 1 $Pb3
125 4 -11.29 -35 imp:n,p 1 $Pb4
126 4 -11.29 -36 imp:n,p 1 $Pb5
127 4 -11.29 -37 imp:n,p 1 $Pb6
128 3 -1.5 -38 imp:n,p 1 $BA1
129 3 -1.5 -39 imp:n,p 1 $BA2
130 6 -2.7 -40 imp:n,p 1 $Al
131 7 -7.92 301 -302 303 -304 imp:n,p 1 $Fe-tube
132 5 -7.8 -401 imp:n,p 1 $Fe
133 5 -7.8 -402 imp:n,p 1 $Fe
c @@@@@@@@@@ Wheels @@@@@@@@@@@@@@@@@
c
21 13 -0.92 -41 42 imp:n,p 1 $Wheel 1
211 13 -0.92 -421 422 imp:n,p 1 $Wheel 1
212 13 -0.92 -423 424 imp:n,p 1 $Wheel 1
22 13 -0.92 -43 44 imp:n,p 1 $Wheel 2
221 13 -0.92 -441 442 imp:n,p 1 $Wheel 2
222 13 -0.92 -443 444 imp:n,p 1 $Wheel 2
23 13 -0.92 -45 46 imp:n,p 1 $Wheel 3
231 13 -0.92 -461 462 imp:n,p 1 $Wheel 3
232 13 -0.92 -463 464 imp:n,p 1 $Wheel 3
24 13 -0.92 -47 48 imp:n,p 1 $Wheel 4
241 13 -0.92 -481 482 imp:n,p 1 $Wheel 4
242 13 -0.92 -483 484 imp:n,p 1 $Wheel 4
c
c @@@@@@@@@@ SOIL VOLUME @@@@@@@@@@@
c
300000 400000 -2.156 20010 -20011 20020 -20021 20030 -20031 imp:n,p 1
300001 400001 -2.156 20010 -20011 20020 -20021 20031 -20032 imp:n,p 1
300002 400002 -2.156 20010 -20011 20020 -20021 20032 -20033 imp:n,p 1
300003 400003 -2.156 20010 -20011 20020 -20021 20033 -20034 imp:n,p 1
300004 400004 -2.156 20010 -20011 20020 -20021 20034 -20035 imp:n,p 1
300005 400005 -2.156 20011 -20012 20020 -20021 20030 -20031 imp:n,p 1
300006 400006 -2.156 20011 -20012 20020 -20021 20031 -20032 imp:n,p 1
300007 400007 -2.156 20011 -20012 20020 -20021 20032 -20033 imp:n,p 1
300008 400008 -2.156 20011 -20012 20020 -20021 20033 -20034 imp:n,p 1
300009 400009 -2.156 20011 -20012 20020 -20021 20034 -20035 imp:n,p 1
300010 400010 -2.156 20012 -20013 20020 -20021 20030 -20031 imp:n,p 1
300011 400011 -2.156 20012 -20013 20020 -20021 20031 -20032 imp:n,p 1
300012 400012 -2.156 20012 -20013 20020 -20021 20032 -20033 imp:n,p 1
300013 400013 -2.156 20012 -20013 20020 -20021 20033 -20034 imp:n,p 1
300014 400014 -2.156 20012 -20013 20020 -20021 20034 -20035 imp:n,p 1
300015 400015 -2.156 20013 -20014 20020 -20021 20030 -20031 imp:n,p 1
300016 400016 -2.156 20013 -20014 20020 -20021 20031 -20032 imp:n,p 1
300017 400017 -2.156 20013 -20014 20020 -20021 20032 -20033 imp:n,p 1
300018 400018 -2.156 20013 -20014 20020 -20021 20033 -20034 imp:n,p 1
300019 400019 -2.156 20013 -20014 20020 -20021 20034 -20035 imp:n,p 1
300020 400020 -2.156 20014 -20015 20020 -20021 20030 -20031 imp:n,p 1
300021 400021 -2.156 20014 -20015 20020 -20021 20031 -20032 imp:n,p 1
300022 400022 -2.156 20014 -20015 20020 -20021 20032 -20033 imp:n,p 1
300023 400023 -2.156 20014 -20015 20020 -20021 20033 -20034 imp:n,p 1
300024 400024 -2.156 20014 -20015 20020 -20021 20034 -20035 imp:n,p 1
300025 400025 -2.156 20010 -20011 20021 -20022 20030 -20031 imp:n,p 1
300026 400026 -2.156 20010 -20011 20021 -20022 20031 -20032 imp:n,p 1
300027 400027 -2.156 20010 -20011 20021 -20022 20032 -20033 imp:n,p 1
300028 400028 -2.156 20010 -20011 20021 -20022 20033 -20034 imp:n,p 1
300029 400029 -2.156 20010 -20011 20021 -20022 20034 -20035 imp:n,p 1
300030 400030 -2.156 20011 -20012 20021 -20022 20030 -20031 imp:n,p 1
300031 400031 -2.156 20011 -20012 20021 -20022 20031 -20032 imp:n,p 1
300032 400032 -2.156 20011 -20012 20021 -20022 20032 -20033 imp:n,p 1
300033 400033 -2.156 20011 -20012 20021 -20022 20033 -20034 imp:n,p 1
300034 400034 -2.156 20011 -20012 20021 -20022 20034 -20035 imp:n,p 1
300035 400035 -2.156 20012 -20013 20021 -20022 20030 -20031 imp:n,p 1
300036 400036 -2.156 20012 -20013 20021 -20022 20031 -20032 imp:n,p 1
300037 400037 -2.156 20012 -20013 20021 -20022 20032 -20033 imp:n,p 1
300038 400038 -2.156 20012 -20013 20021 -20022 20033 -20034 imp:n,p 1
300039 400039 -2.156 20012 -20013 20021 -20022 20034 -20035 imp:n,p 1
300040 400040 -2.156 20013 -20014 20021 -20022 20030 -20031 imp:n,p 1
300041 400041 -2.156 20013 -20014 20021 -20022 20031 -20032 imp:n,p 1
300042 400042 -2.156 20013 -20014 20021 -20022 20032 -20033 imp:n,p 1
300043 400043 -2.156 20013 -20014 20021 -20022 20033 -20034 imp:n,p 1
300044 400044 -2.156 20013 -20014 20021 -20022 20034 -20035 imp:n,p 1
300045 400045 -2.156 20014 -20015 20021 -20022 20030 -20031 imp:n,p 1
300046 400046 -2.156 20014 -20015 20021 -20022 20031 -20032 imp:n,p 1
300047 400047 -2.156 20014 -20015 20021 -20022 20032 -20033 imp:n,p 1
300048 400048 -2.156 20014 -20015 20021 -20022 20033 -20034 imp:n,p 1
300049 400049 -2.156 20014 -20015 20021 -20022 20034 -20035 imp:n,p 1
300050 400050 -2.156 20010 -20011 20022 -20023 20030 -20031 imp:n,p 1
300051 400051 -2.156 20010 -20011 20022 -20023 20031 -20032 imp:n,p 1
300052 400052 -2.156 20010 -20011 20022 -20023 20032 -20033 imp:n,p 1
300053 400053 -2.156 20010 -20011 20022 -20023 20033 -20034 imp:n,p 1
300054 400054 -2.156 20010 -20011 20022 -20023 20034 -20035 imp:n,p 1
300055 400055 -2.156 20011 -20012 20022 -20023 20030 -20031 imp:n,p 1
300056 400056 -2.156 20011 -20012 20022 -20023 20031 -20032 imp:n,p 1
300057 400057 -2.156 20011 -20012 20022 -20023 20032 -20033 imp:n,p 1
300058 400058 -2.156 20011 -20012 20022 -20023 20033 -20034 imp:n,p 1
300059 400059 -2.156 20011 -20012 20022 -20023 20034 -20035 imp:n,p 1
300060 400060 -2.156 20012 -20013 20022 -20023 20030 -20031 imp:n,p 1
300061 400061 -2.156 20012 -20013 20022 -20023 20031 -20032 imp:n,p 1
300062 400062 -2.156 20012 -20013 20022 -20023 20032 -20033 imp:n,p 1
300063 400063 -2.156 20012 -20013 20022 -20023 20033 -20034 imp:n,p 1
300064 400064 -2.156 20012 -20013 20022 -20023 20034 -20035 imp:n,p 1
300065 400065 -2.156 20013 -20014 20022 -20023 20030 -20031 imp:n,p 1
300066 400066 -2.156 20013 -20014 20022 -20023 20031 -20032 imp:n,p 1
300067 400067 -2.156 20013 -20014 20022 -20023 20032 -20033 imp:n,p 1
300068 400068 -2.156 20013 -20014 20022 -20023 20033 -20034 imp:n,p 1
300069 400069 -2.156 20013 -20014 20022 -20023 20034 -20035 imp:n,p 1
300070 400070 -2.156 20014 -20015 20022 -20023 20030 -20031 imp:n,p 1
300071 400071 -2.156 20014 -20015 20022 -20023 20031 -20032 imp:n,p 1
300072 400072 -2.156 20014 -20015 20022 -20023 20032 -20033 imp:n,p 1
300073 400073 -2.156 20014 -20015 20022 -20023 20033 -20034 imp:n,p 1
300074 400074 -2.156 20014 -20015 20022 -20023 20034 -20035 imp:n,p 1
300075 400075 -2.156 20010 -20011 20023 -20024 20030 -20031 imp:n,p 1
300076 400076 -2.156 20010 -20011 20023 -20024 20031 -20032 imp:n,p 1
300077 400077 -2.156 20010 -20011 20023 -20024 20032 -20033 imp:n,p 1
300078 400078 -2.156 20010 -20011 20023 -20024 20033 -20034 imp:n,p 1
300079 400079 -2.156 20010 -20011 20023 -20024 20034 -20035 imp:n,p 1
300080 400080 -2.156 20011 -20012 20023 -20024 20030 -20031 imp:n,p 1
300081 400081 -2.156 20011 -20012 20023 -20024 20031 -20032 imp:n,p 1
300082 400082 -2.156 20011 -20012 20023 -20024 20032 -20033 imp:n,p 1
300083 400083 -2.156 20011 -20012 20023 -20024 20033 -20034 imp:n,p 1
300084 400084 -2.156 20011 -20012 20023 -20024 20034 -20035 imp:n,p 1
300085 400085 -2.156 20012 -20013 20023 -20024 20030 -20031 imp:n,p 1
300086 400086 -2.156 20012 -20013 20023 -20024 20031 -20032 imp:n,p 1
300087 400087 -2.156 20012 -20013 20023 -20024 20032 -20033 imp:n,p 1
300088 400088 -2.156 20012 -20013 20023 -20024 20033 -20034 imp:n,p 1
300089 400089 -2.156 20012 -20013 20023 -20024 20034 -20035 imp:n,p 1
300090 400090 -2.156 20013 -20014 20023 -20024 20030 -20031 imp:n,p 1
300091 400091 -2.156 20013 -20014 20023 -20024 20031 -20032 imp:n,p 1
300092 400092 -2.156 20013 -20014 20023 -20024 20032 -20033 imp:n,p 1
300093 400093 -2.156 20013 -20014 20023 -20024 20033 -20034 imp:n,p 1
300094 400094 -2.156 20013 -20014 20023 -20024 20034 -20035 imp:n,p 1
300095 400095 -2.156 20014 -20015 20023 -20024 20030 -20031 imp:n,p 1
300096 400096 -2.156 20014 -20015 20023 -20024 20031 -20032 imp:n,p 1
300097 400097 -2.156 20014 -20015 20023 -20024 20032 -20033 imp:n,p 1
300098 400098 -2.156 20014 -20015 20023 -20024 20033 -20034 imp:n,p 1
300099 400099 -2.156 20014 -20015 20023 -20024 20034 -20035 imp:n,p 1
300100 400100 -2.156 20010 -20011 20024 -20025 20030 -20031 imp:n,p 1
300101 400101 -2.156 20010 -20011 20024 -20025 20031 -20032 imp:n,p 1
300102 400102 -2.156 20010 -20011 20024 -20025 20032 -20033 imp:n,p 1
300103 400103 -2.156 20010 -20011 20024 -20025 20033 -20034 imp:n,p 1
300104 400104 -2.156 20010 -20011 20024 -20025 20034 -20035 imp:n,p 1
300105 400105 -2.156 20011 -20012 20024 -20025 20030 -20031 imp:n,p 1
300106 400106 -2.156 20011 -20012 20024 -20025 20031 -20032 imp:n,p 1
300107 400107 -2.156 20011 -20012 20024 -20025 20032 -20033 imp:n,p 1
300108 400108 -2.156 20011 -20012 20024 -20025 20033 -20034 imp:n,p 1
300109 400109 -2.156 20011 -20012 20024 -20025 20034 -20035 imp:n,p 1
300110 400110 -2.156 20012 -20013 20024 -20025 20030 -20031 imp:n,p 1
300111 400111 -2.156 20012 -20013 20024 -20025 20031 -20032 imp:n,p 1
300112 400112 -2.156 20012 -20013 20024 -20025 20032 -20033 imp:n,p 1
300113 400113 -2.156 20012 -20013 20024 -20025 20033 -20034 imp:n,p 1
300114 400114 -2.156 20012 -20013 20024 -20025 20034 -20035 imp:n,p 1
300115 400115 -2.156 20013 -20014 20024 -20025 20030 -20031 imp:n,p 1
300116 400116 -2.156 20013 -20014 20024 -20025 20031 -20032 imp:n,p 1
300117 400117 -2.156 20013 -20014 20024 -20025 20032 -20033 imp:n,p 1
300118 400118 -2.156 20013 -20014 20024 -20025 20033 -20034 imp:n,p 1
300119 400119 -2.156 20013 -20014 20024 -20025 20034 -20035 imp:n,p 1
300120 400120 -2.156 20014 -20015 20024 -20025 20030 -20031 imp:n,p 1
300121 400121 -2.156 20014 -20015 20024 -20025 20031 -20032 imp:n,p 1
300122 400122 -2.156 20014 -20015 20024 -20025 20032 -20033 imp:n,p 1
300123 400123 -2.156 20014 -20015 20024 -20025 20033 -20034 imp:n,p 1
300124 400124 -2.156 20014 -20015 20024 -20025 20034 -20035 imp:n,p 1
c
30 12 -0.00129 -200 #101 #121 #122 #123 #124 #125 #126 #127 #128 #129 #130 #131 #132 #133
        #21 #211 #212 #22 #221 #222 #23 #231 #232 #24 #241 #242 #20 imp:n,p 1 $Rest of the World
31 0 200 imp:n,p 0 $Outside world

c SURFACE CARDS
c
c Sample Volume
20010 px -56.0
20011 px -33.600000000000364
20012 px -11.200000000000728
20013 px 11.200000000000728
20014 px 33.600000000000364
20015 px 56.0
20020 py -45.0
20021 py -27.0
20022 py -9.0
20023 py 9.0
20024 py 27.0
20025 py 45.0
20030 pz 92.0
20031 pz 82.0
20032 pz 72.0
20033 pz 62.0
20034 pz 52.0
20035 pz 42.0
c Active Detector Region
21 rcc 56  -5.0 -1.0   0.0 20.3 0.0   4.5 $Detector 1 Base center, Hx,Hy,Hz, radius
c Shielding Surfaces
c Shielding Pb
31 rpp 19 29 -7.5 7.5 -11 9 $PbPE xmin xmax ymin ymax zmin zmax
32 rpp 9 19 4 9 -11 9 $Pb xmin xmax ymin ymax zmin zmax
33 rpp 9 19 -9 -4 -11 9 $Pb xmin xmax ymin ymax zmin zmax
34 rpp 19 29 7.5 12.5 -11 9 $Pb xmin xmax ymin ymax zmin zmax
35 rpp 19 29 -12.5 -7.5 -11 9 $Pb xmin xmax ymin ymax zmin zmax
36 rpp 29 34 -15 15 -11 9 $Pb xmin xmax ymin ymax zmin zmax
37 rpp 9 19 -4 4 4 9 $Pb xmin xmax ymin ymax zmin zmax
38 rpp -26 26 18 28 -11 9 $BA1 xmin xmax ymin ymax zmin zmax
39 rpp -26 26 -28 -18 -11 9 $BA2 xmin xmax ymin ymax zmin zmax
40 rpp -65 65 -28 28 10 10.5 $Al xmin xmax ymin ymax zmin zmax
401 rpp -27 27 29 34 -11 9 $Fe xmin xmax ymin ymax zmin zmax
402 rpp -27 27 -34 -29 -11 9 $Fe xmin xmax ymin ymax zmin zmax
301 px -20
302 px 18
303 cx 3.71
304 cx 3.81
c Wheels Surfaces
c 23/10.5-12 turf tires, 22.6 lb rubber
c diameter 29cm, tread width 25cm, and sidewall height 13.76 cm
c set thickness of all sides 1.3 cm (s.t. weight is 22.6 lb)
41 rcc -2 77 8   0.0 25 0.0 29 $wheel 1 outer tread surface
42 rcc -2 77 8   0.0 25 0.0 27.7 $wheel 1 inner tread surface
421 rcc -2 75.7 8   0.0 1.3 0.0 29 $wheel 1 outside sidewall exterior
422 rcc -2 75.7 8   0.0 1.3 0.0 15.24 $wheel 1 outside sidewall interior
423 rcc -2 102 8   0.0 1.3 0.0 29 $wheel 1 inside sidewall exterior
424 rcc -2 102 8   0.0 1.3 0.0 15.24 $wheel 1 inside sidewall interior
43 rcc 68 77 8   0.0 25 0.0 29 $wheel 2
44 rcc 68 77 8   0.0 25 0.0 27.7
441 rcc 68 75.7 8   0.0 1.3 0.0 29
442 rcc 68 75.7 8   0.0 1.3 0.0 15.24
443 rcc 68 102 8   0.0 1.3 0.0 29
444 rcc 68 102 8   0.0 1.3 0.0 15.24
45 rcc -2 -77 8   0.0 -25 0.0 29 $wheel 3
46 rcc -2 -77 8   0.0 -25 0.0 27.7
461 rcc -2 -75.7 8   0.0 -1.3 0.0 29
462 rcc -2 -75.7 8   0.0 -1.3 0.0 15.24
463 rcc -2 -102 8   0.0 -1.3 0.0 29
464 rcc -2 -102 8   0.0 -1.3 0.0 15.24
47 rcc 68 -77 8   0.0 -25 0.0 29 $wheel 4
48 rcc 68 -77 8   0.0 -25 0.0 27.7
481 rcc 68 -75.7 8   0.0 -1.3 0.0 29
482 rcc 68 -75.7 8   0.0 -1.3 0.0 15.24
483 rcc 68 -102 8   0.0 -1.3 0.0 29
484 rcc 68 -102 8   0.0 -1.3 0.0 15.24
200 so 800    $sphere of 800cm centered at origin
c

c DATA CARDS
mode n p
c dump every hr
prdmp -60 -60 -1
c 100 keV Neutron Energy Cutoff
Cut:n 1j 0.1
c analog neutron transport
phys:n 1j 14
phys:p
sdef pos=0 0 0 erg=14.0 vec= 0 0 1 dir=d1
si1  -1 .93 1
sp1   0  0.0  1.0
c ********************
c begin material cards
c ********************
c Pure Carbon
c ****************************************
m400000 6000 -0.004282797232549401 7000 -0.004282797232549401 14000 -0.9914344055349014 
m400001 6000 -0.003205502861244624 7000 -0.003205502861244624 14000 -0.9935889942775106 
m400002 6000 -0.003743664522684459 7000 -0.003743664522684459 14000 -0.9925126709546309 
m400003 6000 -0.005989704534062101 7000 -0.005989704534062101 14000 -0.9880205909318758 
m400004 6000 -0.009232226614933167 7000 -0.009232226614933167 14000 -0.9815355467701337 
m400005 6000 -0.003982302491032284 7000 -0.003982302491032284 14000 -0.9920353950179356 
m400006 6000 -0.003244387557603825 7000 -0.003244387557603825 14000 -0.9935112248847926 
m400007 6000 -0.0038716008032241354 7000 -0.0038716008032241354 14000 -0.9922567983935519 
m400008 6000 -0.005806900920367877 7000 -0.005806900920367877 14000 -0.9883861981592641 
m400009 6000 -0.00892381325729855 7000 -0.00892381325729855 14000 -0.9821523734854032 
m400010 6000 -0.004143199167821944 7000 -0.004143199167821944 14000 -0.991713601664356 
m400011 6000 -0.003233861655360831 7000 -0.003233861655360831 14000 -0.9935322766892781 
m400012 6000 -0.0038989606825769797 7000 -0.0038989606825769797 14000 -0.992202078634846 
m400013 6000 -0.005994783001130072 7000 -0.005994783001130072 14000 -0.9880104339977395 
m400014 6000 -0.009230530456958154 7000 -0.009230530456958154 14000 -0.9815389390860836 
m400015 6000 -0.004237223579099968 7000 -0.004237223579099968 14000 -0.9915255528418 
m400016 6000 -0.003136757505502772 7000 -0.003136757505502772 14000 -0.9937264849889942 
m400017 6000 -0.0038594286507407753 7000 -0.0038594286507407753 14000 -0.9922811426985183 
m400018 6000 -0.005660950193227415 7000 -0.005660950193227415 14000 -0.9886780996135454 
m400019 6000 -0.008829775217626552 7000 -0.008829775217626552 14000 -0.9823404495647468 
m400020 6000 -0.004184808920660275 7000 -0.004184808920660275 14000 -0.9916303821586794 
m400021 6000 -0.0032033654562257487 7000 -0.0032033654562257487 14000 -0.993593269087549 
m400022 6000 -0.003789359454563833 7000 -0.003789359454563833 14000 -0.9924212810908725 
m400023 6000 -0.005941316715395179 7000 -0.005941316715395179 14000 -0.9881173665692099 
m400024 6000 -0.009501589140289552 7000 -0.009501589140289552 14000 -0.9809968217194209 
m400025 6000 -0.004051854137226673 7000 -0.004051854137226673 14000 -0.9918962917255467 
m400026 6000 -0.003211876726074168 7000 -0.003211876726074168 14000 -0.9935762465478516 
m400027 6000 -0.0036719240692240918 7000 -0.0036719240692240918 14000 -0.9926561518615518 
m400028 6000 -0.005952233247377984 7000 -0.005952233247377984 14000 -0.9880955335052443 
m400029 6000 -0.00933833545889486 7000 -0.00933833545889486 14000 -0.9813233290822102 
m400030 6000 -0.003937105441333712 7000 -0.003937105441333712 14000 -0.9921257891173328 
m400031 6000 -0.003171393264814275 7000 -0.003171393264814275 14000 -0.9936572134703716 
m400032 6000 -0.0037280564752893604 7000 -0.0037280564752893604 14000 -0.9925438870494212 
m400033 6000 -0.005672341952717854 7000 -0.005672341952717854 14000 -0.9886553160945643 
m400034 6000 -0.009262369033599234 7000 -0.009262369033599234 14000 -0.9814752619328014 
m400035 6000 -0.003995294744111159 7000 -0.003995294744111159 14000 -0.9920094105117775 
m400036 6000 -0.0032725373214013164 7000 -0.0032725373214013164 14000 -0.9934549253571974 
m400037 6000 -0.003792721765068374 7000 -0.003792721765068374 14000 -0.9924145564698634 
m400038 6000 -0.0059292998444549164 7000 -0.0059292998444549164 14000 -0.9881414003110904 
m400039 6000 -0.009639111963981086 7000 -0.009639111963981086 14000 -0.980721776072038 
m400040 6000 -0.004355808669940539 7000 -0.004355808669940539 14000 -0.9912883826601189 
m400041 6000 -0.0032174028645880863 7000 -0.0032174028645880863 14000 -0.9935651942708238 
m400042 6000 -0.003812965006101174 7000 -0.003812965006101174 14000 -0.9923740699877981 
m400043 6000 -0.005037218594127881 7000 -0.005037218594127881 14000 -0.9899255628117443 
m400044 6000 -0.008972588984057445 7000 -0.008972588984057445 14000 -0.9820548220318854 
m400045 6000 -0.003917463375398819 7000 -0.003917463375398819 14000 -0.9921650732492024 
m400046 6000 -0.0031662345048504973 7000 -0.0031662345048504973 14000 -0.993667530990299 
m400047 6000 -0.0037706753948267696 7000 -0.0037706753948267696 14000 -0.9924586492103462 
m400048 6000 -0.005727228590559063 7000 -0.005727228590559063 14000 -0.988545542818882 
m400049 6000 -0.008797772466805054 7000 -0.008797772466805054 14000 -0.98240445506639 
m400050 6000 -0.004143734138806644 7000 -0.004143734138806644 14000 -0.9917125317223868 
m400051 6000 -0.003211349566410886 7000 -0.003211349566410886 14000 -0.9935773008671781 
m400052 6000 -0.003720228402672176 7000 -0.003720228402672176 14000 -0.9925595431946556 
m400053 6000 -0.005870267628574939 7000 -0.005870267628574939 14000 -0.9882594647428499 
m400054 6000 -0.008909068508962763 7000 -0.008909068508962763 14000 -0.9821818629820741 
m400055 6000 -0.003961867393097737 7000 -0.003961867393097737 14000 -0.9920762652138043 
m400056 6000 -0.0032026388533316526 7000 -0.0032026388533316526 14000 -0.9935947222933369 
m400057 6000 -0.0035763581903768076 7000 -0.0035763581903768076 14000 -0.9928472836192468 
m400058 6000 -0.006023343326262112 7000 -0.006023343326262112 14000 -0.9879533133474752 
m400059 6000 -0.00886254721114115 7000 -0.00886254721114115 14000 -0.9822749055777177 
m400060 6000 -0.003879870272779727 7000 -0.003879870272779727 14000 -0.9922402594544407 
m400061 6000 -0.0032293755138126557 7000 -0.0032293755138126557 14000 -0.9935412489723747 
m400062 6000 -0.0036944871636643783 7000 -0.0036944871636643783 14000 -0.9926110256726711 
m400063 6000 -0.0056367466169371504 7000 -0.0056367466169371504 14000 -0.9887265067661258 
m400064 6000 -0.009113534311523145 7000 -0.009113534311523145 14000 -0.9817729313769535 
m400065 6000 -0.003839898109068866 7000 -0.003839898109068866 14000 -0.9923202037818623 
m400066 6000 -0.003182283807949675 7000 -0.003182283807949675 14000 -0.9936354323841006 
m400067 6000 -0.003929511553280207 7000 -0.003929511553280207 14000 -0.9921409768934397 
m400068 6000 -0.005677595019323137 7000 -0.005677595019323137 14000 -0.988644809961354 
m400069 6000 -0.009144374572351843 7000 -0.009144374572351843 14000 -0.9817112508552964 
m400070 6000 -0.00413965756120516 7000 -0.00413965756120516 14000 -0.9917206848775898 
m400071 6000 -0.0031844154779482638 7000 -0.0031844154779482638 14000 -0.9936311690441039 
m400072 6000 -0.0037774712644000476 7000 -0.0037774712644000476 14000 -0.9924450574711998 
m400073 6000 -0.005639814060523147 7000 -0.005639814060523147 14000 -0.9887203718789537 
m400074 6000 -0.0094110904926655 7000 -0.0094110904926655 14000 -0.9811778190146688 
m400075 6000 -0.004042531811957662 7000 -0.004042531811957662 14000 -0.9919149363760846 
m400076 6000 -0.0031719444696455172 7000 -0.0031719444696455172 14000 -0.9936561110607088 
m400077 6000 -0.0037223166798044166 7000 -0.0037223166798044166 14000 -0.9925553666403911 
m400078 6000 -0.005446199544227443 7000 -0.005446199544227443 14000 -0.9891076009115451 
m400079 6000 -0.009363892048310141 7000 -0.009363892048310141 14000 -0.9812722159033794 
m400080 6000 -0.003932747743075867 7000 -0.003932747743075867 14000 -0.9921345045138483 
m400081 6000 -0.0031479233240149286 7000 -0.0031479233240149286 14000 -0.99370415335197 
m400082 6000 -0.0037054822028231415 7000 -0.0037054822028231415 14000 -0.992589035594354 
m400083 6000 -0.005597612637658511 7000 -0.005597612637658511 14000 -0.9888047747246829 
m400084 6000 -0.00935121879888639 7000 -0.00935121879888639 14000 -0.9812975624022273 
m400085 6000 -0.004077330972330271 7000 -0.004077330972330271 14000 -0.9918453380553397 
m400086 6000 -0.0032106086920878196 7000 -0.0032106086920878196 14000 -0.9935787826158244 
m400087 6000 -0.0038237204553571336 7000 -0.0038237204553571336 14000 -0.9923525590892857 
m400088 6000 -0.005579184668986328 7000 -0.005579184668986328 14000 -0.9888416306620271 
m400089 6000 -0.009251296848503206 7000 -0.009251296848503206 14000 -0.9814974063029936 
m400090 6000 -0.0040586335657218885 7000 -0.0040586335657218885 14000 -0.9918827328685562 
m400091 6000 -0.0032185821164139807 7000 -0.0032185821164139807 14000 -0.9935628357671716 
m400092 6000 -0.0037545787909055595 7000 -0.0037545787909055595 14000 -0.9924908424181885 
m400093 6000 -0.005250811252319631 7000 -0.005250811252319631 14000 -0.9894983774953607 
m400094 6000 -0.009348820630008046 7000 -0.009348820630008046 14000 -0.9813023587399838 
m400095 6000 -0.004171406420051463 7000 -0.004171406420051463 14000 -0.9916571871598973 
m400096 6000 -0.0031815435625910577 7000 -0.0031815435625910577 14000 -0.9936369128748178 
m400097 6000 -0.0038413573863176308 7000 -0.0038413573863176308 14000 -0.9923172852273643 
m400098 6000 -0.006343254368506608 7000 -0.006343254368506608 14000 -0.9873134912629866 
m400099 6000 -0.009438428058820255 7000 -0.009438428058820255 14000 -0.9811231438823595 
m400100 6000 -0.003943882424192278 7000 -0.003943882424192278 14000 -0.9921122351516154 
m400101 6000 -0.003242754364033727 7000 -0.003242754364033727 14000 -0.9935144912719328 
m400102 6000 -0.003831080601289965 7000 -0.003831080601289965 14000 -0.9923378387974198 
m400103 6000 -0.0059379856787558135 7000 -0.0059379856787558135 14000 -0.988124028642488 
m400104 6000 -0.009081340193478065 7000 -0.009081340193478065 14000 -0.9818373196130439 
m400105 6000 -0.0039801206378020735 7000 -0.0039801206378020735 14000 -0.9920397587243959 
m400106 6000 -0.0030902061641808047 7000 -0.0030902061641808047 14000 -0.9938195876716384 
m400107 6000 -0.0038664133045624794 7000 -0.0038664133045624794 14000 -0.9922671733908751 
m400108 6000 -0.00580865909843887 7000 -0.00580865909843887 14000 -0.9883826818031222 
m400109 6000 -0.008890153572797073 7000 -0.008890153572797073 14000 -0.9822196928544059 
m400110 6000 -0.003912542052033374 7000 -0.003912542052033374 14000 -0.9921749158959328 
m400111 6000 -0.00319714583012449 7000 -0.00319714583012449 14000 -0.9936057083397511 
m400112 6000 -0.003877949483880189 7000 -0.003877949483880189 14000 -0.9922441010322397 
m400113 6000 -0.0061454590376374876 7000 -0.0061454590376374876 14000 -0.9877090819247253 
m400114 6000 -0.00944370795417218 7000 -0.00944370795417218 14000 -0.9811125840916557 
m400115 6000 -0.003754669642913245 7000 -0.003754669642913245 14000 -0.9924906607141731 
m400116 6000 -0.0031877532395421905 7000 -0.0031877532395421905 14000 -0.9936244935209156 
m400117 6000 -0.0037000042128943257 7000 -0.0037000042128943257 14000 -0.9925999915742107 
m400118 6000 -0.005923458789335649 7000 -0.005923458789335649 14000 -0.988153082421329 
m400119 6000 -0.009453562983551952 7000 -0.009453562983551952 14000 -0.9810928740328958 
m400120 6000 -0.004097287747508303 7000 -0.004097287747508303 14000 -0.9918054245049833 
m400121 6000 -0.0031700164979213243 7000 -0.0031700164979213243 14000 -0.9936599670041575 
m400122 6000 -0.003741392519305109 7000 -0.003741392519305109 14000 -0.9925172149613899 
m400123 6000 -0.005878566457368007 7000 -0.005878566457368007 14000 -0.9882428670852641 
m400124 6000 -0.009281209325632506 7000 -0.009281209325632506 14000 -0.981437581348735 
c **********************************
c PE+Pb, dens=4.78 g/cm3
m2      6000    -0.04286 $Carbon
        1001    -0.00714 $Hydrogen
        82000   -0.95000 $Lead
c **********************************
m3    1001 -0.048535 $Boric acid
      5010 -0.034981
      5011 -0.139923
      8016 -0.776561
c **********************************
m4    82000 1 $Lead
c **********************************
m5 26000 1 $Iron
c **********************************
m6     13027   -1.000 $ Aluminum
c **********************************
c  SS-304 (8.00 g/cm3), #298 in PNNL Compendium
m7   006000.50c -0.0004000
     014000.60c -0.0050000
     015031.50c -0.0002300
     016000.60c -0.0001500
     024000.50c -0.1899981
     025055.60c -0.0099999
     026000.50c -0.7017229
     028000.50c -0.0924991
c ****************************************
c       LaBr detector
c ****************************************
m8       35079    -0.2946       $ Br79
         35081    -0.3069       $ Br81
         57139    -0.3485       $ La139
         58140    -0.0500       $ Ce140
c ************ air den=1.15e-3g/cc
m12     8016 -0.23
        7014 -0.77
c ************ Rubber Natural den=0.92 g/cc
m13     1001 -0.118371  $weight fraction
        6000 -0.881629
c
c end material cards
c
rand seed=8674536546524321 $different initial random #; seed# - any less 18 digits
c
c ********** begin tallies *********************
fc78 *********Broadened Pulse Height Tally Sum of Detectors 1,2 & 3 ***********
e78 0 1e-5 932i 8.4295
F78:p (101)
FT78 GEB -0.026198 0.059551 -0.037176
fc18 *********Unbroadened Pulse Height Tally Sum of Detectors 1,2 & 3 ***********
e18 0 1e-5 932i 8.4295
F18:p (101)
c ***********************************
c mplot tal 78 freq 10000
nps 1e9
