c CAS DETECTOR
c w/ Shielding in Place and Wheels
c
c CELL CARDS
c
c @@@@@@@@@@ Detectors @@@@@@@@@@@@@@@@@
c
101 8 -5.08 -21 imp:n,p 1 $LaBr Detector #1 Active Region
c
c @@@@@@@@@ Shielding @@@@@@@@@@@@@@@@@
c
121 2 -4.78 -31 imp:n,p 1 $PE_Pb
122 4 -11.29 -32 imp:n,p 1 $Pb1
123 4 -11.29 -33 imp:n,p 1 $Pb2
124 4 -11.29 -34 imp:n,p 1 $Pb3
125 4 -11.29 -35 imp:n,p 1 $Pb4
126 4 -11.29 -36 imp:n,p 1 $Pb5
127 4 -11.29 -37 imp:n,p 1 $Pb6
128 3 -1.5 -38 imp:n,p 1 $BA1
129 3 -1.5 -39 imp:n,p 1 $BA2
130 6 -2.7 -40 imp:n,p 1 $Al
131 7 -7.92 301 -302 303 -304 imp:n,p 1 $Fe-tube
132 5 -7.8 -401 imp:n,p 1 $Fe
133 5 -7.8 -402 imp:n,p 1 $Fe
c @@@@@@@@@@ Wheels @@@@@@@@@@@@@@@@@
c
21 13 -0.92 -41 42 imp:n,p 1 $Wheel 1
211 13 -0.92 -421 422 imp:n,p 1 $Wheel 1
212 13 -0.92 -423 424 imp:n,p 1 $Wheel 1
22 13 -0.92 -43 44 imp:n,p 1 $Wheel 2
221 13 -0.92 -441 442 imp:n,p 1 $Wheel 2
222 13 -0.92 -443 444 imp:n,p 1 $Wheel 2
23 13 -0.92 -45 46 imp:n,p 1 $Wheel 3
231 13 -0.92 -461 462 imp:n,p 1 $Wheel 3
232 13 -0.92 -463 464 imp:n,p 1 $Wheel 3
24 13 -0.92 -47 48 imp:n,p 1 $Wheel 4
241 13 -0.92 -481 482 imp:n,p 1 $Wheel 4
242 13 -0.92 -483 484 imp:n,p 1 $Wheel 4
c
c @@@@@@@@@@ SOIL VOLUME @@@@@@@@@@@
c
300000 400000 -2.156 20010 -20011 20020 -20021 20030 -20031 imp:n,p 1
300001 400001 -2.156 20010 -20011 20020 -20021 20031 -20032 imp:n,p 1
300002 400002 -2.156 20010 -20011 20020 -20021 20032 -20033 imp:n,p 1
300003 400003 -2.156 20010 -20011 20020 -20021 20033 -20034 imp:n,p 1
300004 400004 -2.156 20010 -20011 20020 -20021 20034 -20035 imp:n,p 1
300005 400005 -2.156 20011 -20012 20020 -20021 20030 -20031 imp:n,p 1
300006 400006 -2.156 20011 -20012 20020 -20021 20031 -20032 imp:n,p 1
300007 400007 -2.156 20011 -20012 20020 -20021 20032 -20033 imp:n,p 1
300008 400008 -2.156 20011 -20012 20020 -20021 20033 -20034 imp:n,p 1
300009 400009 -2.156 20011 -20012 20020 -20021 20034 -20035 imp:n,p 1
300010 400010 -2.156 20012 -20013 20020 -20021 20030 -20031 imp:n,p 1
300011 400011 -2.156 20012 -20013 20020 -20021 20031 -20032 imp:n,p 1
300012 400012 -2.156 20012 -20013 20020 -20021 20032 -20033 imp:n,p 1
300013 400013 -2.156 20012 -20013 20020 -20021 20033 -20034 imp:n,p 1
300014 400014 -2.156 20012 -20013 20020 -20021 20034 -20035 imp:n,p 1
300015 400015 -2.156 20013 -20014 20020 -20021 20030 -20031 imp:n,p 1
300016 400016 -2.156 20013 -20014 20020 -20021 20031 -20032 imp:n,p 1
300017 400017 -2.156 20013 -20014 20020 -20021 20032 -20033 imp:n,p 1
300018 400018 -2.156 20013 -20014 20020 -20021 20033 -20034 imp:n,p 1
300019 400019 -2.156 20013 -20014 20020 -20021 20034 -20035 imp:n,p 1
300020 400020 -2.156 20014 -20015 20020 -20021 20030 -20031 imp:n,p 1
300021 400021 -2.156 20014 -20015 20020 -20021 20031 -20032 imp:n,p 1
300022 400022 -2.156 20014 -20015 20020 -20021 20032 -20033 imp:n,p 1
300023 400023 -2.156 20014 -20015 20020 -20021 20033 -20034 imp:n,p 1
300024 400024 -2.156 20014 -20015 20020 -20021 20034 -20035 imp:n,p 1
300025 400025 -2.156 20010 -20011 20021 -20022 20030 -20031 imp:n,p 1
300026 400026 -2.156 20010 -20011 20021 -20022 20031 -20032 imp:n,p 1
300027 400027 -2.156 20010 -20011 20021 -20022 20032 -20033 imp:n,p 1
300028 400028 -2.156 20010 -20011 20021 -20022 20033 -20034 imp:n,p 1
300029 400029 -2.156 20010 -20011 20021 -20022 20034 -20035 imp:n,p 1
300030 400030 -2.156 20011 -20012 20021 -20022 20030 -20031 imp:n,p 1
300031 400031 -2.156 20011 -20012 20021 -20022 20031 -20032 imp:n,p 1
300032 400032 -2.156 20011 -20012 20021 -20022 20032 -20033 imp:n,p 1
300033 400033 -2.156 20011 -20012 20021 -20022 20033 -20034 imp:n,p 1
300034 400034 -2.156 20011 -20012 20021 -20022 20034 -20035 imp:n,p 1
300035 400035 -2.156 20012 -20013 20021 -20022 20030 -20031 imp:n,p 1
300036 400036 -2.156 20012 -20013 20021 -20022 20031 -20032 imp:n,p 1
300037 400037 -2.156 20012 -20013 20021 -20022 20032 -20033 imp:n,p 1
300038 400038 -2.156 20012 -20013 20021 -20022 20033 -20034 imp:n,p 1
300039 400039 -2.156 20012 -20013 20021 -20022 20034 -20035 imp:n,p 1
300040 400040 -2.156 20013 -20014 20021 -20022 20030 -20031 imp:n,p 1
300041 400041 -2.156 20013 -20014 20021 -20022 20031 -20032 imp:n,p 1
300042 400042 -2.156 20013 -20014 20021 -20022 20032 -20033 imp:n,p 1
300043 400043 -2.156 20013 -20014 20021 -20022 20033 -20034 imp:n,p 1
300044 400044 -2.156 20013 -20014 20021 -20022 20034 -20035 imp:n,p 1
300045 400045 -2.156 20014 -20015 20021 -20022 20030 -20031 imp:n,p 1
300046 400046 -2.156 20014 -20015 20021 -20022 20031 -20032 imp:n,p 1
300047 400047 -2.156 20014 -20015 20021 -20022 20032 -20033 imp:n,p 1
300048 400048 -2.156 20014 -20015 20021 -20022 20033 -20034 imp:n,p 1
300049 400049 -2.156 20014 -20015 20021 -20022 20034 -20035 imp:n,p 1
300050 400050 -2.156 20010 -20011 20022 -20023 20030 -20031 imp:n,p 1
300051 400051 -2.156 20010 -20011 20022 -20023 20031 -20032 imp:n,p 1
300052 400052 -2.156 20010 -20011 20022 -20023 20032 -20033 imp:n,p 1
300053 400053 -2.156 20010 -20011 20022 -20023 20033 -20034 imp:n,p 1
300054 400054 -2.156 20010 -20011 20022 -20023 20034 -20035 imp:n,p 1
300055 400055 -2.156 20011 -20012 20022 -20023 20030 -20031 imp:n,p 1
300056 400056 -2.156 20011 -20012 20022 -20023 20031 -20032 imp:n,p 1
300057 400057 -2.156 20011 -20012 20022 -20023 20032 -20033 imp:n,p 1
300058 400058 -2.156 20011 -20012 20022 -20023 20033 -20034 imp:n,p 1
300059 400059 -2.156 20011 -20012 20022 -20023 20034 -20035 imp:n,p 1
300060 400060 -2.156 20012 -20013 20022 -20023 20030 -20031 imp:n,p 1
300061 400061 -2.156 20012 -20013 20022 -20023 20031 -20032 imp:n,p 1
300062 400062 -2.156 20012 -20013 20022 -20023 20032 -20033 imp:n,p 1
300063 400063 -2.156 20012 -20013 20022 -20023 20033 -20034 imp:n,p 1
300064 400064 -2.156 20012 -20013 20022 -20023 20034 -20035 imp:n,p 1
300065 400065 -2.156 20013 -20014 20022 -20023 20030 -20031 imp:n,p 1
300066 400066 -2.156 20013 -20014 20022 -20023 20031 -20032 imp:n,p 1
300067 400067 -2.156 20013 -20014 20022 -20023 20032 -20033 imp:n,p 1
300068 400068 -2.156 20013 -20014 20022 -20023 20033 -20034 imp:n,p 1
300069 400069 -2.156 20013 -20014 20022 -20023 20034 -20035 imp:n,p 1
300070 400070 -2.156 20014 -20015 20022 -20023 20030 -20031 imp:n,p 1
300071 400071 -2.156 20014 -20015 20022 -20023 20031 -20032 imp:n,p 1
300072 400072 -2.156 20014 -20015 20022 -20023 20032 -20033 imp:n,p 1
300073 400073 -2.156 20014 -20015 20022 -20023 20033 -20034 imp:n,p 1
300074 400074 -2.156 20014 -20015 20022 -20023 20034 -20035 imp:n,p 1
300075 400075 -2.156 20010 -20011 20023 -20024 20030 -20031 imp:n,p 1
300076 400076 -2.156 20010 -20011 20023 -20024 20031 -20032 imp:n,p 1
300077 400077 -2.156 20010 -20011 20023 -20024 20032 -20033 imp:n,p 1
300078 400078 -2.156 20010 -20011 20023 -20024 20033 -20034 imp:n,p 1
300079 400079 -2.156 20010 -20011 20023 -20024 20034 -20035 imp:n,p 1
300080 400080 -2.156 20011 -20012 20023 -20024 20030 -20031 imp:n,p 1
300081 400081 -2.156 20011 -20012 20023 -20024 20031 -20032 imp:n,p 1
300082 400082 -2.156 20011 -20012 20023 -20024 20032 -20033 imp:n,p 1
300083 400083 -2.156 20011 -20012 20023 -20024 20033 -20034 imp:n,p 1
300084 400084 -2.156 20011 -20012 20023 -20024 20034 -20035 imp:n,p 1
300085 400085 -2.156 20012 -20013 20023 -20024 20030 -20031 imp:n,p 1
300086 400086 -2.156 20012 -20013 20023 -20024 20031 -20032 imp:n,p 1
300087 400087 -2.156 20012 -20013 20023 -20024 20032 -20033 imp:n,p 1
300088 400088 -2.156 20012 -20013 20023 -20024 20033 -20034 imp:n,p 1
300089 400089 -2.156 20012 -20013 20023 -20024 20034 -20035 imp:n,p 1
300090 400090 -2.156 20013 -20014 20023 -20024 20030 -20031 imp:n,p 1
300091 400091 -2.156 20013 -20014 20023 -20024 20031 -20032 imp:n,p 1
300092 400092 -2.156 20013 -20014 20023 -20024 20032 -20033 imp:n,p 1
300093 400093 -2.156 20013 -20014 20023 -20024 20033 -20034 imp:n,p 1
300094 400094 -2.156 20013 -20014 20023 -20024 20034 -20035 imp:n,p 1
300095 400095 -2.156 20014 -20015 20023 -20024 20030 -20031 imp:n,p 1
300096 400096 -2.156 20014 -20015 20023 -20024 20031 -20032 imp:n,p 1
300097 400097 -2.156 20014 -20015 20023 -20024 20032 -20033 imp:n,p 1
300098 400098 -2.156 20014 -20015 20023 -20024 20033 -20034 imp:n,p 1
300099 400099 -2.156 20014 -20015 20023 -20024 20034 -20035 imp:n,p 1
300100 400100 -2.156 20010 -20011 20024 -20025 20030 -20031 imp:n,p 1
300101 400101 -2.156 20010 -20011 20024 -20025 20031 -20032 imp:n,p 1
300102 400102 -2.156 20010 -20011 20024 -20025 20032 -20033 imp:n,p 1
300103 400103 -2.156 20010 -20011 20024 -20025 20033 -20034 imp:n,p 1
300104 400104 -2.156 20010 -20011 20024 -20025 20034 -20035 imp:n,p 1
300105 400105 -2.156 20011 -20012 20024 -20025 20030 -20031 imp:n,p 1
300106 400106 -2.156 20011 -20012 20024 -20025 20031 -20032 imp:n,p 1
300107 400107 -2.156 20011 -20012 20024 -20025 20032 -20033 imp:n,p 1
300108 400108 -2.156 20011 -20012 20024 -20025 20033 -20034 imp:n,p 1
300109 400109 -2.156 20011 -20012 20024 -20025 20034 -20035 imp:n,p 1
300110 400110 -2.156 20012 -20013 20024 -20025 20030 -20031 imp:n,p 1
300111 400111 -2.156 20012 -20013 20024 -20025 20031 -20032 imp:n,p 1
300112 400112 -2.156 20012 -20013 20024 -20025 20032 -20033 imp:n,p 1
300113 400113 -2.156 20012 -20013 20024 -20025 20033 -20034 imp:n,p 1
300114 400114 -2.156 20012 -20013 20024 -20025 20034 -20035 imp:n,p 1
300115 400115 -2.156 20013 -20014 20024 -20025 20030 -20031 imp:n,p 1
300116 400116 -2.156 20013 -20014 20024 -20025 20031 -20032 imp:n,p 1
300117 400117 -2.156 20013 -20014 20024 -20025 20032 -20033 imp:n,p 1
300118 400118 -2.156 20013 -20014 20024 -20025 20033 -20034 imp:n,p 1
300119 400119 -2.156 20013 -20014 20024 -20025 20034 -20035 imp:n,p 1
300120 400120 -2.156 20014 -20015 20024 -20025 20030 -20031 imp:n,p 1
300121 400121 -2.156 20014 -20015 20024 -20025 20031 -20032 imp:n,p 1
300122 400122 -2.156 20014 -20015 20024 -20025 20032 -20033 imp:n,p 1
300123 400123 -2.156 20014 -20015 20024 -20025 20033 -20034 imp:n,p 1
300124 400124 -2.156 20014 -20015 20024 -20025 20034 -20035 imp:n,p 1
c
30 12 -0.00129 -200 #101 #121 #122 #123 #124 #125 #126 #127 #128 #129 #130 #131 #132 #133
        #21 #211 #212 #22 #221 #222 #23 #231 #232 #24 #241 #242 #20 imp:n,p 1 $Rest of the World
31 0 200 imp:n,p 0 $Outside world

c SURFACE CARDS
c
c Sample Volume
20010 px -56.0
20011 px -33.600000000000364
20012 px -11.199999999999818
20013 px 11.199999999999818
20014 px 33.600000000000364
20015 px 56.0
20020 py -45.0
20021 py -27.0
20022 py -9.0
20023 py 9.0
20024 py 27.0
20025 py 45.0
20030 pz 92.0
20031 pz 82.0
20032 pz 72.0
20033 pz 62.0
20034 pz 52.0
20035 pz 42.0
c Active Detector Region
21 rcc 56  -5.0 -1.0   0.0 20.3 0.0   4.5 $Detector 1 Base center, Hx,Hy,Hz, radius
c Shielding Surfaces
c Shielding Pb
31 rpp 19 29 -7.5 7.5 -11 9 $PbPE xmin xmax ymin ymax zmin zmax
32 rpp 9 19 4 9 -11 9 $Pb xmin xmax ymin ymax zmin zmax
33 rpp 9 19 -9 -4 -11 9 $Pb xmin xmax ymin ymax zmin zmax
34 rpp 19 29 7.5 12.5 -11 9 $Pb xmin xmax ymin ymax zmin zmax
35 rpp 19 29 -12.5 -7.5 -11 9 $Pb xmin xmax ymin ymax zmin zmax
36 rpp 29 34 -15 15 -11 9 $Pb xmin xmax ymin ymax zmin zmax
37 rpp 9 19 -4 4 4 9 $Pb xmin xmax ymin ymax zmin zmax
38 rpp -26 26 18 28 -11 9 $BA1 xmin xmax ymin ymax zmin zmax
39 rpp -26 26 -28 -18 -11 9 $BA2 xmin xmax ymin ymax zmin zmax
40 rpp -65 65 -28 28 10 10.5 $Al xmin xmax ymin ymax zmin zmax
401 rpp -27 27 29 34 -11 9 $Fe xmin xmax ymin ymax zmin zmax
402 rpp -27 27 -34 -29 -11 9 $Fe xmin xmax ymin ymax zmin zmax
301 px -20
302 px 18
303 cx 3.71
304 cx 3.81
c Wheels Surfaces
c 23/10.5-12 turf tires, 22.6 lb rubber
c diameter 29cm, tread width 25cm, and sidewall height 13.76 cm
c set thickness of all sides 1.3 cm (s.t. weight is 22.6 lb)
41 rcc -2 77 8   0.0 25 0.0 29 $wheel 1 outer tread surface
42 rcc -2 77 8   0.0 25 0.0 27.7 $wheel 1 inner tread surface
421 rcc -2 75.7 8   0.0 1.3 0.0 29 $wheel 1 outside sidewall exterior
422 rcc -2 75.7 8   0.0 1.3 0.0 15.24 $wheel 1 outside sidewall interior
423 rcc -2 102 8   0.0 1.3 0.0 29 $wheel 1 inside sidewall exterior
424 rcc -2 102 8   0.0 1.3 0.0 15.24 $wheel 1 inside sidewall interior
43 rcc 68 77 8   0.0 25 0.0 29 $wheel 2
44 rcc 68 77 8   0.0 25 0.0 27.7
441 rcc 68 75.7 8   0.0 1.3 0.0 29
442 rcc 68 75.7 8   0.0 1.3 0.0 15.24
443 rcc 68 102 8   0.0 1.3 0.0 29
444 rcc 68 102 8   0.0 1.3 0.0 15.24
45 rcc -2 -77 8   0.0 -25 0.0 29 $wheel 3
46 rcc -2 -77 8   0.0 -25 0.0 27.7
461 rcc -2 -75.7 8   0.0 -1.3 0.0 29
462 rcc -2 -75.7 8   0.0 -1.3 0.0 15.24
463 rcc -2 -102 8   0.0 -1.3 0.0 29
464 rcc -2 -102 8   0.0 -1.3 0.0 15.24
47 rcc 68 -77 8   0.0 -25 0.0 29 $wheel 4
48 rcc 68 -77 8   0.0 -25 0.0 27.7
481 rcc 68 -75.7 8   0.0 -1.3 0.0 29
482 rcc 68 -75.7 8   0.0 -1.3 0.0 15.24
483 rcc 68 -102 8   0.0 -1.3 0.0 29
484 rcc 68 -102 8   0.0 -1.3 0.0 15.24
200 so 800    $sphere of 800cm centered at origin
c

c DATA CARDS
mode n p
c dump every hr
prdmp -60 -60 -1
c 100 keV Neutron Energy Cutoff
Cut:n 1j 0.1
c analog neutron transport
phys:n 1j 14
phys:p
sdef pos=0 0 0 erg=14.0 vec= 0 0 1 dir=d1
si1  -1 .93 1
sp1   0  0.0  1.0
c ********************
c begin material cards
c ********************
c Pure Carbon
c ****************************************
m400000 6000 -0.003985607343560585 7000 -0.003985607343560585 14000 -0.992028785312879 
m400001 6000 -0.0031659825849777497 7000 -0.0031659825849777497 14000 -0.9936680348300447 
m400002 6000 -0.0037417912166357093 7000 -0.0037417912166357093 14000 -0.9925164175667287 
m400003 6000 -0.005820470287765162 7000 -0.005820470287765162 14000 -0.9883590594244696 
m400004 6000 -0.009715143978713942 7000 -0.009715143978713942 14000 -0.9805697120425723 
m400005 6000 -0.004172974066524476 7000 -0.004172974066524476 14000 -0.9916540518669507 
m400006 6000 -0.0031449363222238297 7000 -0.0031449363222238297 14000 -0.9937101273555525 
m400007 6000 -0.0037235274979747495 7000 -0.0037235274979747495 14000 -0.9925529450040504 
m400008 6000 -0.0056076274066556445 7000 -0.0056076274066556445 14000 -0.9887847451866891 
m400009 6000 -0.009079108268399297 7000 -0.009079108268399297 14000 -0.9818417834632013 
m400010 6000 -0.004031588252121953 7000 -0.004031588252121953 14000 -0.9919368234957558 
m400011 6000 -0.0031970727358980456 7000 -0.0031970727358980456 14000 -0.9936058545282038 
m400012 6000 -0.003815296186449406 7000 -0.003815296186449406 14000 -0.9923694076271009 
m400013 6000 -0.005796519804421098 7000 -0.005796519804421098 14000 -0.9884069603911577 
m400014 6000 -0.009196005380438547 7000 -0.009196005380438547 14000 -0.9816079892391226 
m400015 6000 -0.003943180943064398 7000 -0.003943180943064398 14000 -0.9921136381138712 
m400016 6000 -0.0032311697154233697 7000 -0.0032311697154233697 14000 -0.993537660569153 
m400017 6000 -0.003746907516580655 7000 -0.003746907516580655 14000 -0.9925061849668387 
m400018 6000 -0.005972891927764416 7000 -0.005972891927764416 14000 -0.9880542161444714 
m400019 6000 -0.009178529333860494 7000 -0.009178529333860494 14000 -0.9816429413322788 
m400020 6000 -0.004000929181411468 7000 -0.004000929181411468 14000 -0.991998141637177 
m400021 6000 -0.0031860537342088173 7000 -0.0031860537342088173 14000 -0.9936278925315825 
m400022 6000 -0.003820321912722419 7000 -0.003820321912722419 14000 -0.9923593561745551 
m400023 6000 -0.005629935565383559 7000 -0.005629935565383559 14000 -0.9887401288692332 
m400024 6000 -0.009951581749422123 7000 -0.009951581749422123 14000 -0.9800968365011561 
m400025 6000 -0.00387737211778928 7000 -0.00387737211778928 14000 -0.9922452557644215 
m400026 6000 -0.0032017194383965595 7000 -0.0032017194383965595 14000 -0.9935965611232072 
m400027 6000 -0.003793765854470005 7000 -0.003793765854470005 14000 -0.9924124682910602 
m400028 6000 -0.006006432823377678 7000 -0.006006432823377678 14000 -0.9879871343532447 
m400029 6000 -0.009263514094426814 7000 -0.009263514094426814 14000 -0.9814729718111462 
m400030 6000 -0.0038977155984569307 7000 -0.0038977155984569307 14000 -0.9922045688030862 
m400031 6000 -0.003176121408571644 7000 -0.003176121408571644 14000 -0.9936477571828568 
m400032 6000 -0.003761578464700748 7000 -0.003761578464700748 14000 -0.9924768430705985 
m400033 6000 -0.005972888182624526 7000 -0.005972888182624526 14000 -0.9880542236347509 
m400034 6000 -0.00885963395255792 7000 -0.00885963395255792 14000 -0.9822807320948841 
m400035 6000 -0.0039346768757689225 7000 -0.0039346768757689225 14000 -0.9921306462484623 
m400036 6000 -0.003206657750333923 7000 -0.003206657750333923 14000 -0.9935866844993321 
m400037 6000 -0.003948535825275206 7000 -0.003948535825275206 14000 -0.9921029283494497 
m400038 6000 -0.005632329568842139 7000 -0.005632329568842139 14000 -0.9887353408623157 
m400039 6000 -0.009326397652429746 7000 -0.009326397652429746 14000 -0.9813472046951407 
m400040 6000 -0.004185401973166447 7000 -0.004185401973166447 14000 -0.9916291960536671 
m400041 6000 -0.003191962221043472 7000 -0.003191962221043472 14000 -0.993616075557913 
m400042 6000 -0.0038370744191446094 7000 -0.0038370744191446094 14000 -0.9923258511617108 
m400043 6000 -0.006018017518832424 7000 -0.006018017518832424 14000 -0.987963964962335 
m400044 6000 -0.009273616343918982 7000 -0.009273616343918982 14000 -0.9814527673121621 
m400045 6000 -0.004060818629262592 7000 -0.004060818629262592 14000 -0.9918783627414751 
m400046 6000 -0.0031884793141824675 7000 -0.0031884793141824675 14000 -0.9936230413716349 
m400047 6000 -0.0036065563651089382 7000 -0.0036065563651089382 14000 -0.9927868872697823 
m400048 6000 -0.006193305047983027 7000 -0.006193305047983027 14000 -0.987613389904034 
m400049 6000 -0.009265037616402497 7000 -0.009265037616402497 14000 -0.9814699247671949 
m400050 6000 -0.003891735350003492 7000 -0.003891735350003492 14000 -0.9922165292999929 
m400051 6000 -0.003205705998287159 7000 -0.003205705998287159 14000 -0.9935885880034258 
m400052 6000 -0.0037994959337450695 7000 -0.0037994959337450695 14000 -0.9924010081325099 
m400053 6000 -0.0052856419471274 7000 -0.0052856419471274 14000 -0.9894287161057451 
m400054 6000 -0.009097406313819563 7000 -0.009097406313819563 14000 -0.981805187372361 
m400055 6000 -0.0038309835606923116 7000 -0.0038309835606923116 14000 -0.9923380328786149 
m400056 6000 -0.0032034863726382763 7000 -0.0032034863726382763 14000 -0.9935930272547233 
m400057 6000 -0.003701787210756972 7000 -0.003701787210756972 14000 -0.9925964255784863 
m400058 6000 -0.005857972718434444 7000 -0.005857972718434444 14000 -0.9882840545631311 
m400059 6000 -0.009629257906297803 7000 -0.009629257906297803 14000 -0.9807414841874043 
m400060 6000 -0.003948421357472227 7000 -0.003948421357472227 14000 -0.9921031572850559 
m400061 6000 -0.003164592555725658 7000 -0.003164592555725658 14000 -0.9936708148885484 
m400062 6000 -0.003857951231731537 7000 -0.003857951231731537 14000 -0.9922840975365371 
m400063 6000 -0.005823735961157682 7000 -0.005823735961157682 14000 -0.9883525280776846 
m400064 6000 -0.00951353441118982 7000 -0.00951353441118982 14000 -0.9809729311776203 
m400065 6000 -0.004035462413056885 7000 -0.004035462413056885 14000 -0.9919290751738865 
m400066 6000 -0.0031869668911555936 7000 -0.0031869668911555936 14000 -0.9936260662176889 
m400067 6000 -0.003733265669774286 7000 -0.003733265669774286 14000 -0.9925334686604512 
m400068 6000 -0.005718266367003816 7000 -0.005718266367003816 14000 -0.9885634672659924 
m400069 6000 -0.009231207669392852 7000 -0.009231207669392852 14000 -0.9815375846612142 
m400070 6000 -0.00398997072114763 7000 -0.00398997072114763 14000 -0.9920200585577045 
m400071 6000 -0.0031287537959364255 7000 -0.0031287537959364255 14000 -0.9937424924081272 
m400072 6000 -0.003962705480927461 7000 -0.003962705480927461 14000 -0.9920745890381453 
m400073 6000 -0.005655427369497587 7000 -0.005655427369497587 14000 -0.9886891452610045 
m400074 6000 -0.009174768357584939 7000 -0.009174768357584939 14000 -0.9816504632848296 
m400075 6000 -0.004168688807649069 7000 -0.004168688807649069 14000 -0.9916626223847019 
m400076 6000 -0.0031922686612302705 7000 -0.0031922686612302705 14000 -0.9936154626775394 
m400077 6000 -0.003969543685592745 7000 -0.003969543685592745 14000 -0.9920609126288145 
m400078 6000 -0.005568944124235666 7000 -0.005568944124235666 14000 -0.9888621117515289 
m400079 6000 -0.0095580334785755 7000 -0.0095580334785755 14000 -0.9808839330428489 
m400080 6000 -0.0038404373389529234 7000 -0.0038404373389529234 14000 -0.9923191253220942 
m400081 6000 -0.0031560199626058444 7000 -0.0031560199626058444 14000 -0.9936879600747882 
m400082 6000 -0.003822172083176056 7000 -0.003822172083176056 14000 -0.9923556558336477 
m400083 6000 -0.006234020696033504 7000 -0.006234020696033504 14000 -0.9875319586079331 
m400084 6000 -0.009736056475221792 7000 -0.009736056475221792 14000 -0.9805278870495562 
m400085 6000 -0.003794854222680121 7000 -0.003794854222680121 14000 -0.9924102915546399 
m400086 6000 -0.003238053229894014 7000 -0.003238053229894014 14000 -0.9935238935402119 
m400087 6000 -0.00367495681443516 7000 -0.00367495681443516 14000 -0.99265008637113 
m400088 6000 -0.005500643975312283 7000 -0.005500643975312283 14000 -0.9889987120493751 
m400089 6000 -0.010193921786702677 7000 -0.010193921786702677 14000 -0.9796121564265949 
m400090 6000 -0.004052920760957307 7000 -0.004052920760957307 14000 -0.9918941584780855 
m400091 6000 -0.0032514279696826613 7000 -0.0032514279696826613 14000 -0.9934971440606347 
m400092 6000 -0.003686746010264472 7000 -0.003686746010264472 14000 -0.992626507979471 
m400093 6000 -0.005792144771395233 7000 -0.005792144771395233 14000 -0.9884157104572094 
m400094 6000 -0.00851158086404486 7000 -0.00851158086404486 14000 -0.9829768382719102 
m400095 6000 -0.003954770106928469 7000 -0.003954770106928469 14000 -0.992090459786143 
m400096 6000 -0.003184020636380202 7000 -0.003184020636380202 14000 -0.9936319587272396 
m400097 6000 -0.0035998726206747773 7000 -0.0035998726206747773 14000 -0.9928002547586506 
m400098 6000 -0.005765989321351726 7000 -0.005765989321351726 14000 -0.9884680213572962 
m400099 6000 -0.00875046833024366 7000 -0.00875046833024366 14000 -0.9824990633395123 
m400100 6000 -0.0038794306288917084 7000 -0.0038794306288917084 14000 -0.9922411387422164 
m400101 6000 -0.0032126945646280642 7000 -0.0032126945646280642 14000 -0.993574610870744 
m400102 6000 -0.0036734275059270537 7000 -0.0036734275059270537 14000 -0.9926531449881459 
m400103 6000 -0.00574522544041176 7000 -0.00574522544041176 14000 -0.9885095491191764 
m400104 6000 -0.008555366789861883 7000 -0.008555366789861883 14000 -0.9828892664202762 
m400105 6000 -0.003856119737556799 7000 -0.003856119737556799 14000 -0.9922877605248863 
m400106 6000 -0.0031459611140606425 7000 -0.0031459611140606425 14000 -0.9937080777718783 
m400107 6000 -0.0035675490443431994 7000 -0.0035675490443431994 14000 -0.9928649019113136 
m400108 6000 -0.005877063817867412 7000 -0.005877063817867412 14000 -0.9882458723642651 
m400109 6000 -0.009661650923493737 7000 -0.009661650923493737 14000 -0.9806766981530121 
m400110 6000 -0.003975969298703588 7000 -0.003975969298703588 14000 -0.9920480614025929 
m400111 6000 -0.003178585091729108 7000 -0.003178585091729108 14000 -0.993642829816542 
m400112 6000 -0.0038757257110318983 7000 -0.0038757257110318983 14000 -0.9922485485779363 
m400113 6000 -0.005905184063362566 7000 -0.005905184063362566 14000 -0.9881896318732744 
m400114 6000 -0.009259234533256328 7000 -0.009259234533256328 14000 -0.9814815309334874 
m400115 6000 -0.0041605887385906155 7000 -0.0041605887385906155 14000 -0.9916788225228188 
m400116 6000 -0.0031355860479046044 7000 -0.0031355860479046044 14000 -0.9937288279041908 
m400117 6000 -0.003785284976173491 7000 -0.003785284976173491 14000 -0.9924294300476533 
m400118 6000 -0.005789203485386027 7000 -0.005789203485386027 14000 -0.988421593029228 
m400119 6000 -0.008222745227972639 7000 -0.008222745227972639 14000 -0.9835545095440545 
m400120 6000 -0.00409635261247619 7000 -0.00409635261247619 14000 -0.991807294775048 
m400121 6000 -0.003239661905598936 7000 -0.003239661905598936 14000 -0.993520676188802 
m400122 6000 -0.003784343273400383 7000 -0.003784343273400383 14000 -0.9924313134531991 
m400123 6000 -0.005804175028219946 7000 -0.005804175028219946 14000 -0.9883916499435599 
m400124 6000 -0.008872705640591701 7000 -0.008872705640591701 14000 -0.9822545887188163 
c **********************************
c PE+Pb, dens=4.78 g/cm3
m2      6000    -0.04286 $Carbon
        1001    -0.00714 $Hydrogen
        82000   -0.95000 $Lead
c **********************************
m3    1001 -0.048535 $Boric acid
      5010 -0.034981
      5011 -0.139923
      8016 -0.776561
c **********************************
m4    82000 1 $Lead
c **********************************
m5 26000 1 $Iron
c **********************************
m6     13027   -1.000 $ Aluminum
c **********************************
c  SS-304 (8.00 g/cm3), #298 in PNNL Compendium
m7   006000.50c -0.0004000
     014000.60c -0.0050000
     015031.50c -0.0002300
     016000.60c -0.0001500
     024000.50c -0.1899981
     025055.60c -0.0099999
     026000.50c -0.7017229
     028000.50c -0.0924991
c ****************************************
c       LaBr detector
c ****************************************
m8       35079    -0.2946       $ Br79
         35081    -0.3069       $ Br81
         57139    -0.3485       $ La139
         58140    -0.0500       $ Ce140
c ************ air den=1.15e-3g/cc
m12     8016 -0.23
        7014 -0.77
c ************ Rubber Natural den=0.92 g/cc
m13     1001 -0.118371  $weight fraction
        6000 -0.881629
c
c end material cards
c
rand seed=8674536546524321 $different initial random #; seed# - any less 18 digits
c
c ********** begin tallies *********************
fc78 *********Broadened Pulse Height Tally Sum of Detectors 1,2 & 3 ***********
e78 0 1e-5 932i 8.4295
F78:p (101)
FT78 GEB -0.026198 0.059551 -0.037176
fc18 *********Unbroadened Pulse Height Tally Sum of Detectors 1,2 & 3 ***********
e18 0 1e-5 932i 8.4295
F18:p (101)
c ***********************************
c mplot tal 78 freq 10000
nps 1e9
