c CAS DETECTOR
c w/ Shielding in Place and Wheels
c
c CELL CARDS
c
c @@@@@@@@@@ Detectors @@@@@@@@@@@@@@@@@
c
101 8 -5.08 -21 imp:n,p 1 $LaBr Detector #1 Active Region
c
c @@@@@@@@@ Shielding @@@@@@@@@@@@@@@@@
c
121 2 -4.78 -31 imp:n,p 1 $PE_Pb
122 4 -11.29 -32 imp:n,p 1 $Pb1
123 4 -11.29 -33 imp:n,p 1 $Pb2
124 4 -11.29 -34 imp:n,p 1 $Pb3
125 4 -11.29 -35 imp:n,p 1 $Pb4
126 4 -11.29 -36 imp:n,p 1 $Pb5
127 4 -11.29 -37 imp:n,p 1 $Pb6
128 3 -1.5 -38 imp:n,p 1 $BA1
129 3 -1.5 -39 imp:n,p 1 $BA2
130 6 -2.7 -40 imp:n,p 1 $Al
131 7 -7.92 301 -302 303 -304 imp:n,p 1 $Fe-tube
132 5 -7.8 -401 imp:n,p 1 $Fe
133 5 -7.8 -402 imp:n,p 1 $Fe
c @@@@@@@@@@ Wheels @@@@@@@@@@@@@@@@@
c
21 13 -0.92 -41 42 imp:n,p 1 $Wheel 1
211 13 -0.92 -421 422 imp:n,p 1 $Wheel 1
212 13 -0.92 -423 424 imp:n,p 1 $Wheel 1
22 13 -0.92 -43 44 imp:n,p 1 $Wheel 2
221 13 -0.92 -441 442 imp:n,p 1 $Wheel 2
222 13 -0.92 -443 444 imp:n,p 1 $Wheel 2
23 13 -0.92 -45 46 imp:n,p 1 $Wheel 3
231 13 -0.92 -461 462 imp:n,p 1 $Wheel 3
232 13 -0.92 -463 464 imp:n,p 1 $Wheel 3
24 13 -0.92 -47 48 imp:n,p 1 $Wheel 4
241 13 -0.92 -481 482 imp:n,p 1 $Wheel 4
242 13 -0.92 -483 484 imp:n,p 1 $Wheel 4
c
c @@@@@@@@@@ SOIL VOLUME @@@@@@@@@@@
c
300000 400000 -2.156 20010 -20011 20020 -20021 20030 -20031 imp:n,p 1
300001 400001 -2.156 20010 -20011 20020 -20021 20031 -20032 imp:n,p 1
300002 400002 -2.156 20010 -20011 20020 -20021 20032 -20033 imp:n,p 1
300003 400003 -2.156 20010 -20011 20020 -20021 20033 -20034 imp:n,p 1
300004 400004 -2.156 20010 -20011 20020 -20021 20034 -20035 imp:n,p 1
300005 400005 -2.156 20011 -20012 20020 -20021 20030 -20031 imp:n,p 1
300006 400006 -2.156 20011 -20012 20020 -20021 20031 -20032 imp:n,p 1
300007 400007 -2.156 20011 -20012 20020 -20021 20032 -20033 imp:n,p 1
300008 400008 -2.156 20011 -20012 20020 -20021 20033 -20034 imp:n,p 1
300009 400009 -2.156 20011 -20012 20020 -20021 20034 -20035 imp:n,p 1
300010 400010 -2.156 20012 -20013 20020 -20021 20030 -20031 imp:n,p 1
300011 400011 -2.156 20012 -20013 20020 -20021 20031 -20032 imp:n,p 1
300012 400012 -2.156 20012 -20013 20020 -20021 20032 -20033 imp:n,p 1
300013 400013 -2.156 20012 -20013 20020 -20021 20033 -20034 imp:n,p 1
300014 400014 -2.156 20012 -20013 20020 -20021 20034 -20035 imp:n,p 1
300015 400015 -2.156 20013 -20014 20020 -20021 20030 -20031 imp:n,p 1
300016 400016 -2.156 20013 -20014 20020 -20021 20031 -20032 imp:n,p 1
300017 400017 -2.156 20013 -20014 20020 -20021 20032 -20033 imp:n,p 1
300018 400018 -2.156 20013 -20014 20020 -20021 20033 -20034 imp:n,p 1
300019 400019 -2.156 20013 -20014 20020 -20021 20034 -20035 imp:n,p 1
300020 400020 -2.156 20014 -20015 20020 -20021 20030 -20031 imp:n,p 1
300021 400021 -2.156 20014 -20015 20020 -20021 20031 -20032 imp:n,p 1
300022 400022 -2.156 20014 -20015 20020 -20021 20032 -20033 imp:n,p 1
300023 400023 -2.156 20014 -20015 20020 -20021 20033 -20034 imp:n,p 1
300024 400024 -2.156 20014 -20015 20020 -20021 20034 -20035 imp:n,p 1
300025 400025 -2.156 20010 -20011 20021 -20022 20030 -20031 imp:n,p 1
300026 400026 -2.156 20010 -20011 20021 -20022 20031 -20032 imp:n,p 1
300027 400027 -2.156 20010 -20011 20021 -20022 20032 -20033 imp:n,p 1
300028 400028 -2.156 20010 -20011 20021 -20022 20033 -20034 imp:n,p 1
300029 400029 -2.156 20010 -20011 20021 -20022 20034 -20035 imp:n,p 1
300030 400030 -2.156 20011 -20012 20021 -20022 20030 -20031 imp:n,p 1
300031 400031 -2.156 20011 -20012 20021 -20022 20031 -20032 imp:n,p 1
300032 400032 -2.156 20011 -20012 20021 -20022 20032 -20033 imp:n,p 1
300033 400033 -2.156 20011 -20012 20021 -20022 20033 -20034 imp:n,p 1
300034 400034 -2.156 20011 -20012 20021 -20022 20034 -20035 imp:n,p 1
300035 400035 -2.156 20012 -20013 20021 -20022 20030 -20031 imp:n,p 1
300036 400036 -2.156 20012 -20013 20021 -20022 20031 -20032 imp:n,p 1
300037 400037 -2.156 20012 -20013 20021 -20022 20032 -20033 imp:n,p 1
300038 400038 -2.156 20012 -20013 20021 -20022 20033 -20034 imp:n,p 1
300039 400039 -2.156 20012 -20013 20021 -20022 20034 -20035 imp:n,p 1
300040 400040 -2.156 20013 -20014 20021 -20022 20030 -20031 imp:n,p 1
300041 400041 -2.156 20013 -20014 20021 -20022 20031 -20032 imp:n,p 1
300042 400042 -2.156 20013 -20014 20021 -20022 20032 -20033 imp:n,p 1
300043 400043 -2.156 20013 -20014 20021 -20022 20033 -20034 imp:n,p 1
300044 400044 -2.156 20013 -20014 20021 -20022 20034 -20035 imp:n,p 1
300045 400045 -2.156 20014 -20015 20021 -20022 20030 -20031 imp:n,p 1
300046 400046 -2.156 20014 -20015 20021 -20022 20031 -20032 imp:n,p 1
300047 400047 -2.156 20014 -20015 20021 -20022 20032 -20033 imp:n,p 1
300048 400048 -2.156 20014 -20015 20021 -20022 20033 -20034 imp:n,p 1
300049 400049 -2.156 20014 -20015 20021 -20022 20034 -20035 imp:n,p 1
300050 400050 -2.156 20010 -20011 20022 -20023 20030 -20031 imp:n,p 1
300051 400051 -2.156 20010 -20011 20022 -20023 20031 -20032 imp:n,p 1
300052 400052 -2.156 20010 -20011 20022 -20023 20032 -20033 imp:n,p 1
300053 400053 -2.156 20010 -20011 20022 -20023 20033 -20034 imp:n,p 1
300054 400054 -2.156 20010 -20011 20022 -20023 20034 -20035 imp:n,p 1
300055 400055 -2.156 20011 -20012 20022 -20023 20030 -20031 imp:n,p 1
300056 400056 -2.156 20011 -20012 20022 -20023 20031 -20032 imp:n,p 1
300057 400057 -2.156 20011 -20012 20022 -20023 20032 -20033 imp:n,p 1
300058 400058 -2.156 20011 -20012 20022 -20023 20033 -20034 imp:n,p 1
300059 400059 -2.156 20011 -20012 20022 -20023 20034 -20035 imp:n,p 1
300060 400060 -2.156 20012 -20013 20022 -20023 20030 -20031 imp:n,p 1
300061 400061 -2.156 20012 -20013 20022 -20023 20031 -20032 imp:n,p 1
300062 400062 -2.156 20012 -20013 20022 -20023 20032 -20033 imp:n,p 1
300063 400063 -2.156 20012 -20013 20022 -20023 20033 -20034 imp:n,p 1
300064 400064 -2.156 20012 -20013 20022 -20023 20034 -20035 imp:n,p 1
300065 400065 -2.156 20013 -20014 20022 -20023 20030 -20031 imp:n,p 1
300066 400066 -2.156 20013 -20014 20022 -20023 20031 -20032 imp:n,p 1
300067 400067 -2.156 20013 -20014 20022 -20023 20032 -20033 imp:n,p 1
300068 400068 -2.156 20013 -20014 20022 -20023 20033 -20034 imp:n,p 1
300069 400069 -2.156 20013 -20014 20022 -20023 20034 -20035 imp:n,p 1
300070 400070 -2.156 20014 -20015 20022 -20023 20030 -20031 imp:n,p 1
300071 400071 -2.156 20014 -20015 20022 -20023 20031 -20032 imp:n,p 1
300072 400072 -2.156 20014 -20015 20022 -20023 20032 -20033 imp:n,p 1
300073 400073 -2.156 20014 -20015 20022 -20023 20033 -20034 imp:n,p 1
300074 400074 -2.156 20014 -20015 20022 -20023 20034 -20035 imp:n,p 1
300075 400075 -2.156 20010 -20011 20023 -20024 20030 -20031 imp:n,p 1
300076 400076 -2.156 20010 -20011 20023 -20024 20031 -20032 imp:n,p 1
300077 400077 -2.156 20010 -20011 20023 -20024 20032 -20033 imp:n,p 1
300078 400078 -2.156 20010 -20011 20023 -20024 20033 -20034 imp:n,p 1
300079 400079 -2.156 20010 -20011 20023 -20024 20034 -20035 imp:n,p 1
300080 400080 -2.156 20011 -20012 20023 -20024 20030 -20031 imp:n,p 1
300081 400081 -2.156 20011 -20012 20023 -20024 20031 -20032 imp:n,p 1
300082 400082 -2.156 20011 -20012 20023 -20024 20032 -20033 imp:n,p 1
300083 400083 -2.156 20011 -20012 20023 -20024 20033 -20034 imp:n,p 1
300084 400084 -2.156 20011 -20012 20023 -20024 20034 -20035 imp:n,p 1
300085 400085 -2.156 20012 -20013 20023 -20024 20030 -20031 imp:n,p 1
300086 400086 -2.156 20012 -20013 20023 -20024 20031 -20032 imp:n,p 1
300087 400087 -2.156 20012 -20013 20023 -20024 20032 -20033 imp:n,p 1
300088 400088 -2.156 20012 -20013 20023 -20024 20033 -20034 imp:n,p 1
300089 400089 -2.156 20012 -20013 20023 -20024 20034 -20035 imp:n,p 1
300090 400090 -2.156 20013 -20014 20023 -20024 20030 -20031 imp:n,p 1
300091 400091 -2.156 20013 -20014 20023 -20024 20031 -20032 imp:n,p 1
300092 400092 -2.156 20013 -20014 20023 -20024 20032 -20033 imp:n,p 1
300093 400093 -2.156 20013 -20014 20023 -20024 20033 -20034 imp:n,p 1
300094 400094 -2.156 20013 -20014 20023 -20024 20034 -20035 imp:n,p 1
300095 400095 -2.156 20014 -20015 20023 -20024 20030 -20031 imp:n,p 1
300096 400096 -2.156 20014 -20015 20023 -20024 20031 -20032 imp:n,p 1
300097 400097 -2.156 20014 -20015 20023 -20024 20032 -20033 imp:n,p 1
300098 400098 -2.156 20014 -20015 20023 -20024 20033 -20034 imp:n,p 1
300099 400099 -2.156 20014 -20015 20023 -20024 20034 -20035 imp:n,p 1
300100 400100 -2.156 20010 -20011 20024 -20025 20030 -20031 imp:n,p 1
300101 400101 -2.156 20010 -20011 20024 -20025 20031 -20032 imp:n,p 1
300102 400102 -2.156 20010 -20011 20024 -20025 20032 -20033 imp:n,p 1
300103 400103 -2.156 20010 -20011 20024 -20025 20033 -20034 imp:n,p 1
300104 400104 -2.156 20010 -20011 20024 -20025 20034 -20035 imp:n,p 1
300105 400105 -2.156 20011 -20012 20024 -20025 20030 -20031 imp:n,p 1
300106 400106 -2.156 20011 -20012 20024 -20025 20031 -20032 imp:n,p 1
300107 400107 -2.156 20011 -20012 20024 -20025 20032 -20033 imp:n,p 1
300108 400108 -2.156 20011 -20012 20024 -20025 20033 -20034 imp:n,p 1
300109 400109 -2.156 20011 -20012 20024 -20025 20034 -20035 imp:n,p 1
300110 400110 -2.156 20012 -20013 20024 -20025 20030 -20031 imp:n,p 1
300111 400111 -2.156 20012 -20013 20024 -20025 20031 -20032 imp:n,p 1
300112 400112 -2.156 20012 -20013 20024 -20025 20032 -20033 imp:n,p 1
300113 400113 -2.156 20012 -20013 20024 -20025 20033 -20034 imp:n,p 1
300114 400114 -2.156 20012 -20013 20024 -20025 20034 -20035 imp:n,p 1
300115 400115 -2.156 20013 -20014 20024 -20025 20030 -20031 imp:n,p 1
300116 400116 -2.156 20013 -20014 20024 -20025 20031 -20032 imp:n,p 1
300117 400117 -2.156 20013 -20014 20024 -20025 20032 -20033 imp:n,p 1
300118 400118 -2.156 20013 -20014 20024 -20025 20033 -20034 imp:n,p 1
300119 400119 -2.156 20013 -20014 20024 -20025 20034 -20035 imp:n,p 1
300120 400120 -2.156 20014 -20015 20024 -20025 20030 -20031 imp:n,p 1
300121 400121 -2.156 20014 -20015 20024 -20025 20031 -20032 imp:n,p 1
300122 400122 -2.156 20014 -20015 20024 -20025 20032 -20033 imp:n,p 1
300123 400123 -2.156 20014 -20015 20024 -20025 20033 -20034 imp:n,p 1
300124 400124 -2.156 20014 -20015 20024 -20025 20034 -20035 imp:n,p 1
c
30 12 -0.00129 -200 #101 #121 #122 #123 #124 #125 #126 #127 #128 #129 #130 #131 #132 #133
        #21 #211 #212 #22 #221 #222 #23 #231 #232 #24 #241 #242 #20 imp:n,p 1 $Rest of the World
31 0 200 imp:n,p 0 $Outside world

c SURFACE CARDS
c
c Sample Volume
20010 px -56.0
20011 px -33.600000000000364
20012 px -11.200000000000728
20013 px 11.200000000000728
20014 px 33.600000000000364
20015 px 56.0
20020 py -45.0
20021 py -27.0
20022 py -9.0
20023 py 9.0
20024 py 27.0
20025 py 45.0
20030 pz 92.0
20031 pz 82.0
20032 pz 72.0
20033 pz 62.0
20034 pz 52.0
20035 pz 42.0
c Active Detector Region
21 rcc 56  -5.0 -1.0   0.0 20.3 0.0   4.5 $Detector 1 Base center, Hx,Hy,Hz, radius
c Shielding Surfaces
c Shielding Pb
31 rpp 19 29 -7.5 7.5 -11 9 $PbPE xmin xmax ymin ymax zmin zmax
32 rpp 9 19 4 9 -11 9 $Pb xmin xmax ymin ymax zmin zmax
33 rpp 9 19 -9 -4 -11 9 $Pb xmin xmax ymin ymax zmin zmax
34 rpp 19 29 7.5 12.5 -11 9 $Pb xmin xmax ymin ymax zmin zmax
35 rpp 19 29 -12.5 -7.5 -11 9 $Pb xmin xmax ymin ymax zmin zmax
36 rpp 29 34 -15 15 -11 9 $Pb xmin xmax ymin ymax zmin zmax
37 rpp 9 19 -4 4 4 9 $Pb xmin xmax ymin ymax zmin zmax
38 rpp -26 26 18 28 -11 9 $BA1 xmin xmax ymin ymax zmin zmax
39 rpp -26 26 -28 -18 -11 9 $BA2 xmin xmax ymin ymax zmin zmax
40 rpp -65 65 -28 28 10 10.5 $Al xmin xmax ymin ymax zmin zmax
401 rpp -27 27 29 34 -11 9 $Fe xmin xmax ymin ymax zmin zmax
402 rpp -27 27 -34 -29 -11 9 $Fe xmin xmax ymin ymax zmin zmax
301 px -20
302 px 18
303 cx 3.71
304 cx 3.81
c Wheels Surfaces
c 23/10.5-12 turf tires, 22.6 lb rubber
c diameter 29cm, tread width 25cm, and sidewall height 13.76 cm
c set thickness of all sides 1.3 cm (s.t. weight is 22.6 lb)
41 rcc -2 77 8   0.0 25 0.0 29 $wheel 1 outer tread surface
42 rcc -2 77 8   0.0 25 0.0 27.7 $wheel 1 inner tread surface
421 rcc -2 75.7 8   0.0 1.3 0.0 29 $wheel 1 outside sidewall exterior
422 rcc -2 75.7 8   0.0 1.3 0.0 15.24 $wheel 1 outside sidewall interior
423 rcc -2 102 8   0.0 1.3 0.0 29 $wheel 1 inside sidewall exterior
424 rcc -2 102 8   0.0 1.3 0.0 15.24 $wheel 1 inside sidewall interior
43 rcc 68 77 8   0.0 25 0.0 29 $wheel 2
44 rcc 68 77 8   0.0 25 0.0 27.7
441 rcc 68 75.7 8   0.0 1.3 0.0 29
442 rcc 68 75.7 8   0.0 1.3 0.0 15.24
443 rcc 68 102 8   0.0 1.3 0.0 29
444 rcc 68 102 8   0.0 1.3 0.0 15.24
45 rcc -2 -77 8   0.0 -25 0.0 29 $wheel 3
46 rcc -2 -77 8   0.0 -25 0.0 27.7
461 rcc -2 -75.7 8   0.0 -1.3 0.0 29
462 rcc -2 -75.7 8   0.0 -1.3 0.0 15.24
463 rcc -2 -102 8   0.0 -1.3 0.0 29
464 rcc -2 -102 8   0.0 -1.3 0.0 15.24
47 rcc 68 -77 8   0.0 -25 0.0 29 $wheel 4
48 rcc 68 -77 8   0.0 -25 0.0 27.7
481 rcc 68 -75.7 8   0.0 -1.3 0.0 29
482 rcc 68 -75.7 8   0.0 -1.3 0.0 15.24
483 rcc 68 -102 8   0.0 -1.3 0.0 29
484 rcc 68 -102 8   0.0 -1.3 0.0 15.24
200 so 800    $sphere of 800cm centered at origin
c

c DATA CARDS
mode n p
c dump every hr
prdmp -60 -60 -1
c 100 keV Neutron Energy Cutoff
Cut:n 1j 0.1
c analog neutron transport
phys:n 1j 14
phys:p
sdef pos=0 0 0 erg=14.0 vec= 0 0 1 dir=d1
si1  -1 .93 1
sp1   0  0.0  1.0
c ********************
c begin material cards
c ********************
c Pure Carbon
c ****************************************
m400000 6000 -0.0038366680045178576 7000 -0.0038366680045178576 14000 -0.9923266639909646 
m400001 6000 -0.0030766640059117 7000 -0.0030766640059117 14000 -0.9938466719881762 
m400002 6000 -0.00369471492402495 7000 -0.00369471492402495 14000 -0.9926105701519501 
m400003 6000 -0.005479707406919149 7000 -0.005479707406919149 14000 -0.9890405851861616 
m400004 6000 -0.00915792231813283 7000 -0.00915792231813283 14000 -0.9816841553637343 
m400005 6000 -0.003989984653886189 7000 -0.003989984653886189 14000 -0.9920200306922279 
m400006 6000 -0.0030995509593207933 7000 -0.0030995509593207933 14000 -0.9938008980813585 
m400007 6000 -0.0036973509117357245 7000 -0.0036973509117357245 14000 -0.9926052981765285 
m400008 6000 -0.00538515844187616 7000 -0.00538515844187616 14000 -0.9892296831162478 
m400009 6000 -0.008543840753683233 7000 -0.008543840753683233 14000 -0.9829123184926337 
m400010 6000 -0.003799407707201318 7000 -0.003799407707201318 14000 -0.9924011845855973 
m400011 6000 -0.0030379179190550983 7000 -0.0030379179190550983 14000 -0.9939241641618896 
m400012 6000 -0.003640972781455104 7000 -0.003640972781455104 14000 -0.9927180544370902 
m400013 6000 -0.005754295981259542 7000 -0.005754295981259542 14000 -0.988491408037481 
m400014 6000 -0.009173322201180594 7000 -0.009173322201180594 14000 -0.9816533555976386 
m400015 6000 -0.003984178659788347 7000 -0.003984178659788347 14000 -0.9920316426804231 
m400016 6000 -0.0031472777715174927 7000 -0.0031472777715174927 14000 -0.9937054444569654 
m400017 6000 -0.0036869477402248084 7000 -0.0036869477402248084 14000 -0.9926261045195507 
m400018 6000 -0.005753249345204663 7000 -0.005753249345204663 14000 -0.9884935013095907 
m400019 6000 -0.008940222217495358 7000 -0.008940222217495358 14000 -0.9821195555650093 
m400020 6000 -0.0038373131904368657 7000 -0.0038373131904368657 14000 -0.9923253736191263 
m400021 6000 -0.003027694191571344 7000 -0.003027694191571344 14000 -0.993944611616857 
m400022 6000 -0.003479271852326318 7000 -0.003479271852326318 14000 -0.9930414562953475 
m400023 6000 -0.005453079758208 7000 -0.005453079758208 14000 -0.9890938404835837 
m400024 6000 -0.009125963903397857 7000 -0.009125963903397857 14000 -0.9817480721932041 
m400025 6000 -0.0035971199156183196 7000 -0.0035971199156183196 14000 -0.9928057601687634 
m400026 6000 -0.003124775186246242 7000 -0.003124775186246242 14000 -0.9937504496275075 
m400027 6000 -0.003572903363883461 7000 -0.003572903363883461 14000 -0.9928541932722331 
m400028 6000 -0.005843360776828688 7000 -0.005843360776828688 14000 -0.9883132784463423 
m400029 6000 -0.009207125738802294 7000 -0.009207125738802294 14000 -0.9815857485223956 
m400030 6000 -0.0037884511035951867 7000 -0.0037884511035951867 14000 -0.9924230977928096 
m400031 6000 -0.0030027058354094556 7000 -0.0030027058354094556 14000 -0.993994588329181 
m400032 6000 -0.003925411892870252 7000 -0.003925411892870252 14000 -0.9921491762142598 
m400033 6000 -0.00557338971153483 7000 -0.00557338971153483 14000 -0.9888532205769306 
m400034 6000 -0.009450767316476812 7000 -0.009450767316476812 14000 -0.9810984653670465 
m400035 6000 -0.003773051967720776 7000 -0.003773051967720776 14000 -0.9924538960645581 
m400036 6000 -0.0031463358340271565 7000 -0.0031463358340271565 14000 -0.9937073283319457 
m400037 6000 -0.003690161082586811 7000 -0.003690161082586811 14000 -0.9926196778348263 
m400038 6000 -0.005526536174101736 7000 -0.005526536174101736 14000 -0.9889469276517966 
m400039 6000 -0.008113982695561546 7000 -0.008113982695561546 14000 -0.9837720346088765 
m400040 6000 -0.0037882195205846338 7000 -0.0037882195205846338 14000 -0.9924235609588308 
m400041 6000 -0.0030857154169117024 7000 -0.0030857154169117024 14000 -0.9938285691661768 
m400042 6000 -0.003730741089818777 7000 -0.003730741089818777 14000 -0.9925385178203625 
m400043 6000 -0.005327786886485407 7000 -0.005327786886485407 14000 -0.9893444262270293 
m400044 6000 -0.00989341449414077 7000 -0.00989341449414077 14000 -0.9802131710117183 
m400045 6000 -0.0038924317557630073 7000 -0.0038924317557630073 14000 -0.9922151364884739 
m400046 6000 -0.003072357238014758 7000 -0.003072357238014758 14000 -0.9938552855239705 
m400047 6000 -0.0037720707165616444 7000 -0.0037720707165616444 14000 -0.9924558585668767 
m400048 6000 -0.0057015959992281415 7000 -0.0057015959992281415 14000 -0.9885968080015439 
m400049 6000 -0.009019535677096648 7000 -0.009019535677096648 14000 -0.9819609286458065 
m400050 6000 -0.003954446661668626 7000 -0.003954446661668626 14000 -0.9920911066766626 
m400051 6000 -0.0030957971187643425 7000 -0.0030957971187643425 14000 -0.9938084057624712 
m400052 6000 -0.003535529287381593 7000 -0.003535529287381593 14000 -0.9929289414252368 
m400053 6000 -0.005664275418023047 7000 -0.005664275418023047 14000 -0.9886714491639538 
m400054 6000 -0.009355010833884219 7000 -0.009355010833884219 14000 -0.9812899783322314 
m400055 6000 -0.004061629180330611 7000 -0.004061629180330611 14000 -0.991876741639339 
m400056 6000 -0.0030964734732336517 7000 -0.0030964734732336517 14000 -0.9938070530535328 
m400057 6000 -0.0037999947852554393 7000 -0.0037999947852554393 14000 -0.9924000104294892 
m400058 6000 -0.005706519203942586 7000 -0.005706519203942586 14000 -0.9885869615921153 
m400059 6000 -0.008869115826025273 7000 -0.008869115826025273 14000 -0.9822617683479494 
m400060 6000 -0.003789245224238265 7000 -0.003789245224238265 14000 -0.9924215095515234 
m400061 6000 -0.0030695099416743286 7000 -0.0030695099416743286 14000 -0.9938609801166512 
m400062 6000 -0.0038386320342098466 7000 -0.0038386320342098466 14000 -0.9923227359315803 
m400063 6000 -0.005519669062502386 7000 -0.005519669062502386 14000 -0.9889606618749954 
m400064 6000 -0.00905752179721506 7000 -0.00905752179721506 14000 -0.9818849564055699 
m400065 6000 -0.003937792998488632 7000 -0.003937792998488632 14000 -0.992124414003023 
m400066 6000 -0.003140300008612814 7000 -0.003140300008612814 14000 -0.9937193999827744 
m400067 6000 -0.003596528644844162 7000 -0.003596528644844162 14000 -0.9928069427103118 
m400068 6000 -0.0055473489521418295 7000 -0.0055473489521418295 14000 -0.988905302095716 
m400069 6000 -0.00883234226707911 7000 -0.00883234226707911 14000 -0.9823353154658421 
m400070 6000 -0.003840432028222665 7000 -0.003840432028222665 14000 -0.9923191359435548 
m400071 6000 -0.003066696748472534 7000 -0.003066696748472534 14000 -0.9938666065030552 
m400072 6000 -0.003712282858742519 7000 -0.003712282858742519 14000 -0.9925754342825148 
m400073 6000 -0.005923212938453985 7000 -0.005923212938453985 14000 -0.9881535741230922 
m400074 6000 -0.008762935510469633 7000 -0.008762935510469633 14000 -0.9824741289790611 
m400075 6000 -0.0037546739967185354 7000 -0.0037546739967185354 14000 -0.992490652006563 
m400076 6000 -0.0030008845336918022 7000 -0.0030008845336918022 14000 -0.9939982309326163 
m400077 6000 -0.0037372671047758267 7000 -0.0037372671047758267 14000 -0.9925254657904482 
m400078 6000 -0.005366958830994751 7000 -0.005366958830994751 14000 -0.9892660823380102 
m400079 6000 -0.008432343202910995 7000 -0.008432343202910995 14000 -0.9831353135941783 
m400080 6000 -0.0038257471533280157 7000 -0.0038257471533280157 14000 -0.9923485056933439 
m400081 6000 -0.0030551987964581766 7000 -0.0030551987964581766 14000 -0.9938896024070837 
m400082 6000 -0.0035753130833168895 7000 -0.0035753130833168895 14000 -0.9928493738333664 
m400083 6000 -0.005690098612951893 7000 -0.005690098612951893 14000 -0.9886198027740963 
m400084 6000 -0.008685025741933897 7000 -0.008685025741933897 14000 -0.9826299485161323 
m400085 6000 -0.0041794296787437775 7000 -0.0041794296787437775 14000 -0.9916411406425126 
m400086 6000 -0.0030682570314195627 7000 -0.0030682570314195627 14000 -0.9938634859371611 
m400087 6000 -0.0036218390632905112 7000 -0.0036218390632905112 14000 -0.9927563218734189 
m400088 6000 -0.00557121452119871 7000 -0.00557121452119871 14000 -0.9888575709576025 
m400089 6000 -0.008571403983044585 7000 -0.008571403983044585 14000 -0.9828571920339109 
m400090 6000 -0.003940977350866677 7000 -0.003940977350866677 14000 -0.9921180452982667 
m400091 6000 -0.0030643585433835618 7000 -0.0030643585433835618 14000 -0.9938712829132328 
m400092 6000 -0.0035113570791294206 7000 -0.0035113570791294206 14000 -0.992977285841741 
m400093 6000 -0.005754630837917076 7000 -0.005754630837917076 14000 -0.9884907383241661 
m400094 6000 -0.008594713026216836 7000 -0.008594713026216836 14000 -0.9828105739475668 
m400095 6000 -0.003977874266120642 7000 -0.003977874266120642 14000 -0.9920442514677587 
m400096 6000 -0.0030387337285503273 7000 -0.0030387337285503273 14000 -0.993922532542899 
m400097 6000 -0.003684959330421309 7000 -0.003684959330421309 14000 -0.9926300813391574 
m400098 6000 -0.005697564269098668 7000 -0.005697564269098668 14000 -0.9886048714618026 
m400099 6000 -0.008754416255290906 7000 -0.008754416255290906 14000 -0.9824911674894181 
m400100 6000 -0.0038910648538217265 7000 -0.0038910648538217265 14000 -0.9922178702923564 
m400101 6000 -0.0030612960529925732 7000 -0.0030612960529925732 14000 -0.9938774078940149 
m400102 6000 -0.003721429665796897 7000 -0.003721429665796897 14000 -0.9925571406684061 
m400103 6000 -0.005493942646584277 7000 -0.005493942646584277 14000 -0.9890121147068315 
m400104 6000 -0.009190444799774716 7000 -0.009190444799774716 14000 -0.9816191104004504 
m400105 6000 -0.0039061932239190396 7000 -0.0039061932239190396 14000 -0.992187613552162 
m400106 6000 -0.0030962601166997184 7000 -0.0030962601166997184 14000 -0.9938074797666008 
m400107 6000 -0.0037626482216899498 7000 -0.0037626482216899498 14000 -0.9924747035566202 
m400108 6000 -0.005880814647050835 7000 -0.005880814647050835 14000 -0.9882383707058982 
m400109 6000 -0.008959031485767854 7000 -0.008959031485767854 14000 -0.9820819370284642 
m400110 6000 -0.0039828219660959785 7000 -0.0039828219660959785 14000 -0.9920343560678079 
m400111 6000 -0.0030362130853163723 7000 -0.0030362130853163723 14000 -0.993927573829367 
m400112 6000 -0.0035840474103834953 7000 -0.0035840474103834953 14000 -0.992831905179233 
m400113 6000 -0.0055437434874061504 7000 -0.0055437434874061504 14000 -0.9889125130251873 
m400114 6000 -0.009124339131049031 7000 -0.009124339131049031 14000 -0.9817513217379021 
m400115 6000 -0.0037389420470791057 7000 -0.0037389420470791057 14000 -0.9925221159058418 
m400116 6000 -0.0030540597404985536 7000 -0.0030540597404985536 14000 -0.9938918805190027 
m400117 6000 -0.003399545707125205 7000 -0.003399545707125205 14000 -0.9932009085857492 
m400118 6000 -0.005313750439607735 7000 -0.005313750439607735 14000 -0.9893724991207844 
m400119 6000 -0.00948364246054295 7000 -0.00948364246054295 14000 -0.9810327150789141 
m400120 6000 -0.003780604271169667 7000 -0.003780604271169667 14000 -0.9924387914576606 
m400121 6000 -0.0031059945626520143 7000 -0.0031059945626520143 14000 -0.9937880108746958 
m400122 6000 -0.0035959078545868316 7000 -0.0035959078545868316 14000 -0.9928081842908264 
m400123 6000 -0.005433394922980057 7000 -0.005433394922980057 14000 -0.9891332101540402 
m400124 6000 -0.009520823411432901 7000 -0.009520823411432901 14000 -0.9809583531771344 
c **********************************
c PE+Pb, dens=4.78 g/cm3
m2      6000    -0.04286 $Carbon
        1001    -0.00714 $Hydrogen
        82000   -0.95000 $Lead
c **********************************
m3    1001 -0.048535 $Boric acid
      5010 -0.034981
      5011 -0.139923
      8016 -0.776561
c **********************************
m4    82000 1 $Lead
c **********************************
m5 26000 1 $Iron
c **********************************
m6     13027   -1.000 $ Aluminum
c **********************************
c  SS-304 (8.00 g/cm3), #298 in PNNL Compendium
m7   006000.50c -0.0004000
     014000.60c -0.0050000
     015031.50c -0.0002300
     016000.60c -0.0001500
     024000.50c -0.1899981
     025055.60c -0.0099999
     026000.50c -0.7017229
     028000.50c -0.0924991
c ****************************************
c       LaBr detector
c ****************************************
m8       35079    -0.2946       $ Br79
         35081    -0.3069       $ Br81
         57139    -0.3485       $ La139
         58140    -0.0500       $ Ce140
c ************ air den=1.15e-3g/cc
m12     8016 -0.23
        7014 -0.77
c ************ Rubber Natural den=0.92 g/cc
m13     1001 -0.118371  $weight fraction
        6000 -0.881629
c
c end material cards
c
rand seed=8674536546524321 $different initial random #; seed# - any less 18 digits
c
c ********** begin tallies *********************
fc78 *********Broadened Pulse Height Tally Sum of Detectors 1,2 & 3 ***********
e78 0 1e-5 932i 8.4295
F78:p (101)
FT78 GEB -0.026198 0.059551 -0.037176
fc18 *********Unbroadened Pulse Height Tally Sum of Detectors 1,2 & 3 ***********
e18 0 1e-5 932i 8.4295
F18:p (101)
c ***********************************
c mplot tal 78 freq 10000
nps 1e9
