c CAS DETECTOR
c w/ Shielding in Place and Wheels
c
c CELL CARDS
c
c @@@@@@@@@@ Detectors @@@@@@@@@@@@@@@@@
c
101 8 -5.08 -21 imp:n,p 1 $LaBr Detector #1 Active Region
c
c @@@@@@@@@ Shielding @@@@@@@@@@@@@@@@@
c
121 2 -4.78 -31 imp:n,p 1 $PE_Pb
122 4 -11.29 -32 imp:n,p 1 $Pb1
123 4 -11.29 -33 imp:n,p 1 $Pb2
124 4 -11.29 -34 imp:n,p 1 $Pb3
125 4 -11.29 -35 imp:n,p 1 $Pb4
126 4 -11.29 -36 imp:n,p 1 $Pb5
127 4 -11.29 -37 imp:n,p 1 $Pb6
128 3 -1.5 -38 imp:n,p 1 $BA1
129 3 -1.5 -39 imp:n,p 1 $BA2
130 6 -2.7 -40 imp:n,p 1 $Al
131 7 -7.92 301 -302 303 -304 imp:n,p 1 $Fe-tube
132 5 -7.8 -401 imp:n,p 1 $Fe
133 5 -7.8 -402 imp:n,p 1 $Fe
c @@@@@@@@@@ Wheels @@@@@@@@@@@@@@@@@
c
21 13 -0.92 -41 42 imp:n,p 1 $Wheel 1
211 13 -0.92 -421 422 imp:n,p 1 $Wheel 1
212 13 -0.92 -423 424 imp:n,p 1 $Wheel 1
22 13 -0.92 -43 44 imp:n,p 1 $Wheel 2
221 13 -0.92 -441 442 imp:n,p 1 $Wheel 2
222 13 -0.92 -443 444 imp:n,p 1 $Wheel 2
23 13 -0.92 -45 46 imp:n,p 1 $Wheel 3
231 13 -0.92 -461 462 imp:n,p 1 $Wheel 3
232 13 -0.92 -463 464 imp:n,p 1 $Wheel 3
24 13 -0.92 -47 48 imp:n,p 1 $Wheel 4
241 13 -0.92 -481 482 imp:n,p 1 $Wheel 4
242 13 -0.92 -483 484 imp:n,p 1 $Wheel 4
c
c @@@@@@@@@@ SOIL VOLUME @@@@@@@@@@@
c
300000 400000 -2.156 20010 -20011 20020 -20021 20030 -20031 imp:n,p 1
300001 400001 -2.156 20010 -20011 20020 -20021 20031 -20032 imp:n,p 1
300002 400002 -2.156 20010 -20011 20020 -20021 20032 -20033 imp:n,p 1
300003 400003 -2.156 20010 -20011 20020 -20021 20033 -20034 imp:n,p 1
300004 400004 -2.156 20010 -20011 20020 -20021 20034 -20035 imp:n,p 1
300005 400005 -2.156 20011 -20012 20020 -20021 20030 -20031 imp:n,p 1
300006 400006 -2.156 20011 -20012 20020 -20021 20031 -20032 imp:n,p 1
300007 400007 -2.156 20011 -20012 20020 -20021 20032 -20033 imp:n,p 1
300008 400008 -2.156 20011 -20012 20020 -20021 20033 -20034 imp:n,p 1
300009 400009 -2.156 20011 -20012 20020 -20021 20034 -20035 imp:n,p 1
300010 400010 -2.156 20012 -20013 20020 -20021 20030 -20031 imp:n,p 1
300011 400011 -2.156 20012 -20013 20020 -20021 20031 -20032 imp:n,p 1
300012 400012 -2.156 20012 -20013 20020 -20021 20032 -20033 imp:n,p 1
300013 400013 -2.156 20012 -20013 20020 -20021 20033 -20034 imp:n,p 1
300014 400014 -2.156 20012 -20013 20020 -20021 20034 -20035 imp:n,p 1
300015 400015 -2.156 20013 -20014 20020 -20021 20030 -20031 imp:n,p 1
300016 400016 -2.156 20013 -20014 20020 -20021 20031 -20032 imp:n,p 1
300017 400017 -2.156 20013 -20014 20020 -20021 20032 -20033 imp:n,p 1
300018 400018 -2.156 20013 -20014 20020 -20021 20033 -20034 imp:n,p 1
300019 400019 -2.156 20013 -20014 20020 -20021 20034 -20035 imp:n,p 1
300020 400020 -2.156 20014 -20015 20020 -20021 20030 -20031 imp:n,p 1
300021 400021 -2.156 20014 -20015 20020 -20021 20031 -20032 imp:n,p 1
300022 400022 -2.156 20014 -20015 20020 -20021 20032 -20033 imp:n,p 1
300023 400023 -2.156 20014 -20015 20020 -20021 20033 -20034 imp:n,p 1
300024 400024 -2.156 20014 -20015 20020 -20021 20034 -20035 imp:n,p 1
300025 400025 -2.156 20010 -20011 20021 -20022 20030 -20031 imp:n,p 1
300026 400026 -2.156 20010 -20011 20021 -20022 20031 -20032 imp:n,p 1
300027 400027 -2.156 20010 -20011 20021 -20022 20032 -20033 imp:n,p 1
300028 400028 -2.156 20010 -20011 20021 -20022 20033 -20034 imp:n,p 1
300029 400029 -2.156 20010 -20011 20021 -20022 20034 -20035 imp:n,p 1
300030 400030 -2.156 20011 -20012 20021 -20022 20030 -20031 imp:n,p 1
300031 400031 -2.156 20011 -20012 20021 -20022 20031 -20032 imp:n,p 1
300032 400032 -2.156 20011 -20012 20021 -20022 20032 -20033 imp:n,p 1
300033 400033 -2.156 20011 -20012 20021 -20022 20033 -20034 imp:n,p 1
300034 400034 -2.156 20011 -20012 20021 -20022 20034 -20035 imp:n,p 1
300035 400035 -2.156 20012 -20013 20021 -20022 20030 -20031 imp:n,p 1
300036 400036 -2.156 20012 -20013 20021 -20022 20031 -20032 imp:n,p 1
300037 400037 -2.156 20012 -20013 20021 -20022 20032 -20033 imp:n,p 1
300038 400038 -2.156 20012 -20013 20021 -20022 20033 -20034 imp:n,p 1
300039 400039 -2.156 20012 -20013 20021 -20022 20034 -20035 imp:n,p 1
300040 400040 -2.156 20013 -20014 20021 -20022 20030 -20031 imp:n,p 1
300041 400041 -2.156 20013 -20014 20021 -20022 20031 -20032 imp:n,p 1
300042 400042 -2.156 20013 -20014 20021 -20022 20032 -20033 imp:n,p 1
300043 400043 -2.156 20013 -20014 20021 -20022 20033 -20034 imp:n,p 1
300044 400044 -2.156 20013 -20014 20021 -20022 20034 -20035 imp:n,p 1
300045 400045 -2.156 20014 -20015 20021 -20022 20030 -20031 imp:n,p 1
300046 400046 -2.156 20014 -20015 20021 -20022 20031 -20032 imp:n,p 1
300047 400047 -2.156 20014 -20015 20021 -20022 20032 -20033 imp:n,p 1
300048 400048 -2.156 20014 -20015 20021 -20022 20033 -20034 imp:n,p 1
300049 400049 -2.156 20014 -20015 20021 -20022 20034 -20035 imp:n,p 1
300050 400050 -2.156 20010 -20011 20022 -20023 20030 -20031 imp:n,p 1
300051 400051 -2.156 20010 -20011 20022 -20023 20031 -20032 imp:n,p 1
300052 400052 -2.156 20010 -20011 20022 -20023 20032 -20033 imp:n,p 1
300053 400053 -2.156 20010 -20011 20022 -20023 20033 -20034 imp:n,p 1
300054 400054 -2.156 20010 -20011 20022 -20023 20034 -20035 imp:n,p 1
300055 400055 -2.156 20011 -20012 20022 -20023 20030 -20031 imp:n,p 1
300056 400056 -2.156 20011 -20012 20022 -20023 20031 -20032 imp:n,p 1
300057 400057 -2.156 20011 -20012 20022 -20023 20032 -20033 imp:n,p 1
300058 400058 -2.156 20011 -20012 20022 -20023 20033 -20034 imp:n,p 1
300059 400059 -2.156 20011 -20012 20022 -20023 20034 -20035 imp:n,p 1
300060 400060 -2.156 20012 -20013 20022 -20023 20030 -20031 imp:n,p 1
300061 400061 -2.156 20012 -20013 20022 -20023 20031 -20032 imp:n,p 1
300062 400062 -2.156 20012 -20013 20022 -20023 20032 -20033 imp:n,p 1
300063 400063 -2.156 20012 -20013 20022 -20023 20033 -20034 imp:n,p 1
300064 400064 -2.156 20012 -20013 20022 -20023 20034 -20035 imp:n,p 1
300065 400065 -2.156 20013 -20014 20022 -20023 20030 -20031 imp:n,p 1
300066 400066 -2.156 20013 -20014 20022 -20023 20031 -20032 imp:n,p 1
300067 400067 -2.156 20013 -20014 20022 -20023 20032 -20033 imp:n,p 1
300068 400068 -2.156 20013 -20014 20022 -20023 20033 -20034 imp:n,p 1
300069 400069 -2.156 20013 -20014 20022 -20023 20034 -20035 imp:n,p 1
300070 400070 -2.156 20014 -20015 20022 -20023 20030 -20031 imp:n,p 1
300071 400071 -2.156 20014 -20015 20022 -20023 20031 -20032 imp:n,p 1
300072 400072 -2.156 20014 -20015 20022 -20023 20032 -20033 imp:n,p 1
300073 400073 -2.156 20014 -20015 20022 -20023 20033 -20034 imp:n,p 1
300074 400074 -2.156 20014 -20015 20022 -20023 20034 -20035 imp:n,p 1
300075 400075 -2.156 20010 -20011 20023 -20024 20030 -20031 imp:n,p 1
300076 400076 -2.156 20010 -20011 20023 -20024 20031 -20032 imp:n,p 1
300077 400077 -2.156 20010 -20011 20023 -20024 20032 -20033 imp:n,p 1
300078 400078 -2.156 20010 -20011 20023 -20024 20033 -20034 imp:n,p 1
300079 400079 -2.156 20010 -20011 20023 -20024 20034 -20035 imp:n,p 1
300080 400080 -2.156 20011 -20012 20023 -20024 20030 -20031 imp:n,p 1
300081 400081 -2.156 20011 -20012 20023 -20024 20031 -20032 imp:n,p 1
300082 400082 -2.156 20011 -20012 20023 -20024 20032 -20033 imp:n,p 1
300083 400083 -2.156 20011 -20012 20023 -20024 20033 -20034 imp:n,p 1
300084 400084 -2.156 20011 -20012 20023 -20024 20034 -20035 imp:n,p 1
300085 400085 -2.156 20012 -20013 20023 -20024 20030 -20031 imp:n,p 1
300086 400086 -2.156 20012 -20013 20023 -20024 20031 -20032 imp:n,p 1
300087 400087 -2.156 20012 -20013 20023 -20024 20032 -20033 imp:n,p 1
300088 400088 -2.156 20012 -20013 20023 -20024 20033 -20034 imp:n,p 1
300089 400089 -2.156 20012 -20013 20023 -20024 20034 -20035 imp:n,p 1
300090 400090 -2.156 20013 -20014 20023 -20024 20030 -20031 imp:n,p 1
300091 400091 -2.156 20013 -20014 20023 -20024 20031 -20032 imp:n,p 1
300092 400092 -2.156 20013 -20014 20023 -20024 20032 -20033 imp:n,p 1
300093 400093 -2.156 20013 -20014 20023 -20024 20033 -20034 imp:n,p 1
300094 400094 -2.156 20013 -20014 20023 -20024 20034 -20035 imp:n,p 1
300095 400095 -2.156 20014 -20015 20023 -20024 20030 -20031 imp:n,p 1
300096 400096 -2.156 20014 -20015 20023 -20024 20031 -20032 imp:n,p 1
300097 400097 -2.156 20014 -20015 20023 -20024 20032 -20033 imp:n,p 1
300098 400098 -2.156 20014 -20015 20023 -20024 20033 -20034 imp:n,p 1
300099 400099 -2.156 20014 -20015 20023 -20024 20034 -20035 imp:n,p 1
300100 400100 -2.156 20010 -20011 20024 -20025 20030 -20031 imp:n,p 1
300101 400101 -2.156 20010 -20011 20024 -20025 20031 -20032 imp:n,p 1
300102 400102 -2.156 20010 -20011 20024 -20025 20032 -20033 imp:n,p 1
300103 400103 -2.156 20010 -20011 20024 -20025 20033 -20034 imp:n,p 1
300104 400104 -2.156 20010 -20011 20024 -20025 20034 -20035 imp:n,p 1
300105 400105 -2.156 20011 -20012 20024 -20025 20030 -20031 imp:n,p 1
300106 400106 -2.156 20011 -20012 20024 -20025 20031 -20032 imp:n,p 1
300107 400107 -2.156 20011 -20012 20024 -20025 20032 -20033 imp:n,p 1
300108 400108 -2.156 20011 -20012 20024 -20025 20033 -20034 imp:n,p 1
300109 400109 -2.156 20011 -20012 20024 -20025 20034 -20035 imp:n,p 1
300110 400110 -2.156 20012 -20013 20024 -20025 20030 -20031 imp:n,p 1
300111 400111 -2.156 20012 -20013 20024 -20025 20031 -20032 imp:n,p 1
300112 400112 -2.156 20012 -20013 20024 -20025 20032 -20033 imp:n,p 1
300113 400113 -2.156 20012 -20013 20024 -20025 20033 -20034 imp:n,p 1
300114 400114 -2.156 20012 -20013 20024 -20025 20034 -20035 imp:n,p 1
300115 400115 -2.156 20013 -20014 20024 -20025 20030 -20031 imp:n,p 1
300116 400116 -2.156 20013 -20014 20024 -20025 20031 -20032 imp:n,p 1
300117 400117 -2.156 20013 -20014 20024 -20025 20032 -20033 imp:n,p 1
300118 400118 -2.156 20013 -20014 20024 -20025 20033 -20034 imp:n,p 1
300119 400119 -2.156 20013 -20014 20024 -20025 20034 -20035 imp:n,p 1
300120 400120 -2.156 20014 -20015 20024 -20025 20030 -20031 imp:n,p 1
300121 400121 -2.156 20014 -20015 20024 -20025 20031 -20032 imp:n,p 1
300122 400122 -2.156 20014 -20015 20024 -20025 20032 -20033 imp:n,p 1
300123 400123 -2.156 20014 -20015 20024 -20025 20033 -20034 imp:n,p 1
300124 400124 -2.156 20014 -20015 20024 -20025 20034 -20035 imp:n,p 1
c
30 12 -0.00129 -200 #101 #121 #122 #123 #124 #125 #126 #127 #128 #129 #130 #131 #132 #133
        #21 #211 #212 #22 #221 #222 #23 #231 #232 #24 #241 #242 #20 imp:n,p 1 $Rest of the World
31 0 200 imp:n,p 0 $Outside world

c SURFACE CARDS
c
c Sample Volume
20010 px -56.0
20011 px -33.600000000000364
20012 px -11.199999999999818
20013 px 11.199999999999818
20014 px 33.600000000000364
20015 px 56.0
20020 py -45.0
20021 py -27.0
20022 py -9.0
20023 py 9.0
20024 py 27.0
20025 py 45.0
20030 pz 92.0
20031 pz 82.0
20032 pz 72.0
20033 pz 62.0
20034 pz 52.0
20035 pz 42.0
c Active Detector Region
21 rcc 56  -5.0 -1.0   0.0 20.3 0.0   4.5 $Detector 1 Base center, Hx,Hy,Hz, radius
c Shielding Surfaces
c Shielding Pb
31 rpp 19 29 -7.5 7.5 -11 9 $PbPE xmin xmax ymin ymax zmin zmax
32 rpp 9 19 4 9 -11 9 $Pb xmin xmax ymin ymax zmin zmax
33 rpp 9 19 -9 -4 -11 9 $Pb xmin xmax ymin ymax zmin zmax
34 rpp 19 29 7.5 12.5 -11 9 $Pb xmin xmax ymin ymax zmin zmax
35 rpp 19 29 -12.5 -7.5 -11 9 $Pb xmin xmax ymin ymax zmin zmax
36 rpp 29 34 -15 15 -11 9 $Pb xmin xmax ymin ymax zmin zmax
37 rpp 9 19 -4 4 4 9 $Pb xmin xmax ymin ymax zmin zmax
38 rpp -26 26 18 28 -11 9 $BA1 xmin xmax ymin ymax zmin zmax
39 rpp -26 26 -28 -18 -11 9 $BA2 xmin xmax ymin ymax zmin zmax
40 rpp -65 65 -28 28 10 10.5 $Al xmin xmax ymin ymax zmin zmax
401 rpp -27 27 29 34 -11 9 $Fe xmin xmax ymin ymax zmin zmax
402 rpp -27 27 -34 -29 -11 9 $Fe xmin xmax ymin ymax zmin zmax
301 px -20
302 px 18
303 cx 3.71
304 cx 3.81
c Wheels Surfaces
c 23/10.5-12 turf tires, 22.6 lb rubber
c diameter 29cm, tread width 25cm, and sidewall height 13.76 cm
c set thickness of all sides 1.3 cm (s.t. weight is 22.6 lb)
41 rcc -2 77 8   0.0 25 0.0 29 $wheel 1 outer tread surface
42 rcc -2 77 8   0.0 25 0.0 27.7 $wheel 1 inner tread surface
421 rcc -2 75.7 8   0.0 1.3 0.0 29 $wheel 1 outside sidewall exterior
422 rcc -2 75.7 8   0.0 1.3 0.0 15.24 $wheel 1 outside sidewall interior
423 rcc -2 102 8   0.0 1.3 0.0 29 $wheel 1 inside sidewall exterior
424 rcc -2 102 8   0.0 1.3 0.0 15.24 $wheel 1 inside sidewall interior
43 rcc 68 77 8   0.0 25 0.0 29 $wheel 2
44 rcc 68 77 8   0.0 25 0.0 27.7
441 rcc 68 75.7 8   0.0 1.3 0.0 29
442 rcc 68 75.7 8   0.0 1.3 0.0 15.24
443 rcc 68 102 8   0.0 1.3 0.0 29
444 rcc 68 102 8   0.0 1.3 0.0 15.24
45 rcc -2 -77 8   0.0 -25 0.0 29 $wheel 3
46 rcc -2 -77 8   0.0 -25 0.0 27.7
461 rcc -2 -75.7 8   0.0 -1.3 0.0 29
462 rcc -2 -75.7 8   0.0 -1.3 0.0 15.24
463 rcc -2 -102 8   0.0 -1.3 0.0 29
464 rcc -2 -102 8   0.0 -1.3 0.0 15.24
47 rcc 68 -77 8   0.0 -25 0.0 29 $wheel 4
48 rcc 68 -77 8   0.0 -25 0.0 27.7
481 rcc 68 -75.7 8   0.0 -1.3 0.0 29
482 rcc 68 -75.7 8   0.0 -1.3 0.0 15.24
483 rcc 68 -102 8   0.0 -1.3 0.0 29
484 rcc 68 -102 8   0.0 -1.3 0.0 15.24
200 so 800    $sphere of 800cm centered at origin
c

c DATA CARDS
mode n p
c dump every hr
prdmp -60 -60 -1
c 100 keV Neutron Energy Cutoff
Cut:n 1j 0.1
c analog neutron transport
phys:n 1j 14
phys:p
sdef pos=0 0 0 erg=14.0 vec= 0 0 1 dir=d1
si1  -1 .93 1
sp1   0  0.0  1.0
c ********************
c begin material cards
c ********************
c Pure Carbon
c ****************************************
m400000 6000 -0.0038883587820273268 7000 -0.0038883587820273268 14000 -0.9922232824359455 
m400001 6000 -0.0030745216163397676 7000 -0.0030745216163397676 14000 -0.9938509567673205 
m400002 6000 -0.003621142510802851 7000 -0.003621142510802851 14000 -0.9927577149783942 
m400003 6000 -0.005401828741028637 7000 -0.005401828741028637 14000 -0.9891963425179428 
m400004 6000 -0.009487502894530054 7000 -0.009487502894530054 14000 -0.9810249942109397 
m400005 6000 -0.0036055132082531095 7000 -0.0036055132082531095 14000 -0.9927889735834934 
m400006 6000 -0.0031121140018424364 7000 -0.0031121140018424364 14000 -0.9937757719963151 
m400007 6000 -0.003548068597106255 7000 -0.003548068597106255 14000 -0.9929038628057874 
m400008 6000 -0.005850402384256825 7000 -0.005850402384256825 14000 -0.9882991952314865 
m400009 6000 -0.009221979621508412 7000 -0.009221979621508412 14000 -0.9815560407569833 
m400010 6000 -0.004416765851841561 7000 -0.004416765851841561 14000 -0.9911664682963169 
m400011 6000 -0.003091664974430536 7000 -0.003091664974430536 14000 -0.9938166700511388 
m400012 6000 -0.0038115318908995732 7000 -0.0038115318908995732 14000 -0.992376936218201 
m400013 6000 -0.0057257221048355065 7000 -0.0057257221048355065 14000 -0.9885485557903287 
m400014 6000 -0.008850374710672348 7000 -0.008850374710672348 14000 -0.9822992505786554 
m400015 6000 -0.0038672101279685045 7000 -0.0038672101279685045 14000 -0.9922655797440627 
m400016 6000 -0.0030879556283747054 7000 -0.0030879556283747054 14000 -0.9938240887432506 
m400017 6000 -0.0034813990640046627 7000 -0.0034813990640046627 14000 -0.9930372018719906 
m400018 6000 -0.0054560760002638495 7000 -0.0054560760002638495 14000 -0.9890878479994721 
m400019 6000 -0.008760876837814523 7000 -0.008760876837814523 14000 -0.9824782463243709 
m400020 6000 -0.003998474471948137 7000 -0.003998474471948137 14000 -0.9920030510561039 
m400021 6000 -0.0030886767805468297 7000 -0.0030886767805468297 14000 -0.9938226464389062 
m400022 6000 -0.0036772431788808665 7000 -0.0036772431788808665 14000 -0.9926455136422377 
m400023 6000 -0.005637666470995661 7000 -0.005637666470995661 14000 -0.9887246670580087 
m400024 6000 -0.00961654192997988 7000 -0.00961654192997988 14000 -0.9807669161400402 
m400025 6000 -0.003947581523498222 7000 -0.003947581523498222 14000 -0.9921048369530037 
m400026 6000 -0.0030900933221396924 7000 -0.0030900933221396924 14000 -0.9938198133557204 
m400027 6000 -0.0035861602804306996 7000 -0.0035861602804306996 14000 -0.9928276794391385 
m400028 6000 -0.00519882935017708 7000 -0.00519882935017708 14000 -0.9896023412996459 
m400029 6000 -0.009178079326790716 7000 -0.009178079326790716 14000 -0.9816438413464187 
m400030 6000 -0.0038059798243815705 7000 -0.0038059798243815705 14000 -0.9923880403512371 
m400031 6000 -0.003076863879142133 7000 -0.003076863879142133 14000 -0.9938462722417156 
m400032 6000 -0.0036813877117507915 7000 -0.0036813877117507915 14000 -0.9926372245764989 
m400033 6000 -0.0060114140980424 7000 -0.0060114140980424 14000 -0.9879771718039154 
m400034 6000 -0.009469712365210372 7000 -0.009469712365210372 14000 -0.981060575269579 
m400035 6000 -0.003893711811966817 7000 -0.003893711811966817 14000 -0.9922125763760669 
m400036 6000 -0.003081296545938324 7000 -0.003081296545938324 14000 -0.9938374069081235 
m400037 6000 -0.0035998553245841936 7000 -0.0035998553245841936 14000 -0.9928002893508316 
m400038 6000 -0.005831146609586019 7000 -0.005831146609586019 14000 -0.9883377067808283 
m400039 6000 -0.00891859685611054 7000 -0.00891859685611054 14000 -0.9821628062877792 
m400040 6000 -0.003767109848791623 7000 -0.003767109848791623 14000 -0.9924657803024166 
m400041 6000 -0.0031007445191584245 7000 -0.0031007445191584245 14000 -0.9937985109616829 
m400042 6000 -0.0037200152629208137 7000 -0.0037200152629208137 14000 -0.9925599694741579 
m400043 6000 -0.0056355383214016464 7000 -0.0056355383214016464 14000 -0.988728923357197 
m400044 6000 -0.008845541960538182 7000 -0.008845541960538182 14000 -0.9823089160789235 
m400045 6000 -0.0040339668264778505 7000 -0.0040339668264778505 14000 -0.9919320663470442 
m400046 6000 -0.0030983415415572584 7000 -0.0030983415415572584 14000 -0.9938033169168855 
m400047 6000 -0.0037453430146978405 7000 -0.0037453430146978405 14000 -0.9925093139706043 
m400048 6000 -0.005509432263340148 7000 -0.005509432263340148 14000 -0.9889811354733195 
m400049 6000 -0.009040085367280331 7000 -0.009040085367280331 14000 -0.9819198292654395 
m400050 6000 -0.003900438266042167 7000 -0.003900438266042167 14000 -0.9921991234679157 
m400051 6000 -0.0031308019618029328 7000 -0.0031308019618029328 14000 -0.9937383960763939 
m400052 6000 -0.003673115458981913 7000 -0.003673115458981913 14000 -0.9926537690820362 
m400053 6000 -0.005816637497925742 7000 -0.005816637497925742 14000 -0.9883667250041488 
m400054 6000 -0.008799980796984231 7000 -0.008799980796984231 14000 -0.9824000384060311 
m400055 6000 -0.004022152309437766 7000 -0.004022152309437766 14000 -0.9919556953811244 
m400056 6000 -0.00305479889956087 7000 -0.00305479889956087 14000 -0.9938904022008782 
m400057 6000 -0.003932603859816229 7000 -0.003932603859816229 14000 -0.9921347922803679 
m400058 6000 -0.005668308798339079 7000 -0.005668308798339079 14000 -0.9886633824033221 
m400059 6000 -0.009122614705761778 7000 -0.009122614705761778 14000 -0.9817547705884764 
m400060 6000 -0.0040392876017720705 7000 -0.0040392876017720705 14000 -0.991921424796456 
m400061 6000 -0.003081182403582306 7000 -0.003081182403582306 14000 -0.9938376351928352 
m400062 6000 -0.003678267599761035 7000 -0.003678267599761035 14000 -0.992643464800478 
m400063 6000 -0.0055573466900572886 7000 -0.0055573466900572886 14000 -0.9888853066198858 
m400064 6000 -0.00900544413806539 7000 -0.00900544413806539 14000 -0.9819891117238692 
m400065 6000 -0.003842374421897389 7000 -0.003842374421897389 14000 -0.9923152511562054 
m400066 6000 -0.0030802954914019116 7000 -0.0030802954914019116 14000 -0.9938394090171961 
m400067 6000 -0.0036209962383012 7000 -0.0036209962383012 14000 -0.9927580075233976 
m400068 6000 -0.005832880404881973 7000 -0.005832880404881973 14000 -0.9883342391902363 
m400069 6000 -0.009057794488373395 7000 -0.009057794488373395 14000 -0.9818844110232532 
m400070 6000 -0.004170082483233778 7000 -0.004170082483233778 14000 -0.9916598350335323 
m400071 6000 -0.0030982522053851643 7000 -0.0030982522053851643 14000 -0.9938034955892293 
m400072 6000 -0.003754455990211518 7000 -0.003754455990211518 14000 -0.9924910880195771 
m400073 6000 -0.00568947335229806 7000 -0.00568947335229806 14000 -0.9886210532954042 
m400074 6000 -0.009104296080411273 7000 -0.009104296080411273 14000 -0.9817914078391776 
m400075 6000 -0.0038122831650481 7000 -0.0038122831650481 14000 -0.992375433669904 
m400076 6000 -0.003109157324363857 7000 -0.003109157324363857 14000 -0.9937816853512723 
m400077 6000 -0.00366052795977109 7000 -0.00366052795977109 14000 -0.9926789440804581 
m400078 6000 -0.005742045538433064 7000 -0.005742045538433064 14000 -0.988515908923134 
m400079 6000 -0.00868310280218242 7000 -0.00868310280218242 14000 -0.9826337943956353 
m400080 6000 -0.0042997946115530036 7000 -0.0042997946115530036 14000 -0.9914004107768943 
m400081 6000 -0.0030803329771921656 7000 -0.0030803329771921656 14000 -0.9938393340456154 
m400082 6000 -0.0037537620661379834 7000 -0.0037537620661379834 14000 -0.9924924758677243 
m400083 6000 -0.0056121686971501135 7000 -0.0056121686971501135 14000 -0.9887756626056998 
m400084 6000 -0.008855065319735213 7000 -0.008855065319735213 14000 -0.9822898693605298 
m400085 6000 -0.0038362153778352596 7000 -0.0038362153778352596 14000 -0.9923275692443295 
m400086 6000 -0.0030545462964304774 7000 -0.0030545462964304774 14000 -0.9938909074071388 
m400087 6000 -0.0035812617338279646 7000 -0.0035812617338279646 14000 -0.9928374765323441 
m400088 6000 -0.0057846044054525 7000 -0.0057846044054525 14000 -0.988430791189095 
m400089 6000 -0.009402330417085446 7000 -0.009402330417085446 14000 -0.9811953391658289 
m400090 6000 -0.003793455356611027 7000 -0.003793455356611027 14000 -0.992413089286778 
m400091 6000 -0.0031426384006900303 7000 -0.0031426384006900303 14000 -0.9937147231986198 
m400092 6000 -0.0036818087480746404 7000 -0.0036818087480746404 14000 -0.9926363825038506 
m400093 6000 -0.005561177629935731 7000 -0.005561177629935731 14000 -0.9888776447401285 
m400094 6000 -0.009998941318692391 7000 -0.009998941318692391 14000 -0.9800021173626153 
m400095 6000 -0.0038476950729535555 7000 -0.0038476950729535555 14000 -0.9923046098540932 
m400096 6000 -0.0031194760791008695 7000 -0.0031194760791008695 14000 -0.9937610478417983 
m400097 6000 -0.003771642685163497 7000 -0.003771642685163497 14000 -0.9924567146296728 
m400098 6000 -0.005797295482200292 7000 -0.005797295482200292 14000 -0.9884054090355991 
m400099 6000 -0.009133219476570097 7000 -0.009133219476570097 14000 -0.9817335610468598 
m400100 6000 -0.0039636888696588 7000 -0.0039636888696588 14000 -0.992072622260682 
m400101 6000 -0.003102755592442344 7000 -0.003102755592442344 14000 -0.9937944888151153 
m400102 6000 -0.003654144254157717 7000 -0.003654144254157717 14000 -0.9926917114916841 
m400103 6000 -0.005605937857710837 7000 -0.005605937857710837 14000 -0.9887881242845783 
m400104 6000 -0.009131529060702269 7000 -0.009131529060702269 14000 -0.9817369418785953 
m400105 6000 -0.003875204586177412 7000 -0.003875204586177412 14000 -0.9922495908276452 
m400106 6000 -0.0030631998564839423 7000 -0.0030631998564839423 14000 -0.9938736002870319 
m400107 6000 -0.0036334402799259704 7000 -0.0036334402799259704 14000 -0.9927331194401481 
m400108 6000 -0.005448259634772944 7000 -0.005448259634772944 14000 -0.9891034807304544 
m400109 6000 -0.008588741679159935 7000 -0.008588741679159935 14000 -0.9828225166416796 
m400110 6000 -0.004028232697085189 7000 -0.004028232697085189 14000 -0.9919435346058294 
m400111 6000 -0.0030375205187211317 7000 -0.0030375205187211317 14000 -0.9939249589625578 
m400112 6000 -0.003598681340197646 7000 -0.003598681340197646 14000 -0.9928026373196048 
m400113 6000 -0.0057857722329783465 7000 -0.0057857722329783465 14000 -0.9884284555340433 
m400114 6000 -0.009106231903426628 7000 -0.009106231903426628 14000 -0.9817875361931472 
m400115 6000 -0.0041566831984813915 7000 -0.0041566831984813915 14000 -0.991686633603037 
m400116 6000 -0.003126078486830762 7000 -0.003126078486830762 14000 -0.9937478430263387 
m400117 6000 -0.003630170218831527 7000 -0.003630170218831527 14000 -0.9927396595623371 
m400118 6000 -0.005757985345202658 7000 -0.005757985345202658 14000 -0.9884840293095947 
m400119 6000 -0.008929034216025769 7000 -0.008929034216025769 14000 -0.9821419315679482 
m400120 6000 -0.004046273911954052 7000 -0.004046273911954052 14000 -0.9919074521760917 
m400121 6000 -0.00305025117264183 7000 -0.00305025117264183 14000 -0.9938994976547161 
m400122 6000 -0.00356785556415373 7000 -0.00356785556415373 14000 -0.9928642888716926 
m400123 6000 -0.005865861454534122 7000 -0.005865861454534122 14000 -0.9882682770909318 
m400124 6000 -0.009145846985480684 7000 -0.009145846985480684 14000 -0.9817083060290385 
c **********************************
c PE+Pb, dens=4.78 g/cm3
m2      6000    -0.04286 $Carbon
        1001    -0.00714 $Hydrogen
        82000   -0.95000 $Lead
c **********************************
m3    1001 -0.048535 $Boric acid
      5010 -0.034981
      5011 -0.139923
      8016 -0.776561
c **********************************
m4    82000 1 $Lead
c **********************************
m5 26000 1 $Iron
c **********************************
m6     13027   -1.000 $ Aluminum
c **********************************
c  SS-304 (8.00 g/cm3), #298 in PNNL Compendium
m7   006000.50c -0.0004000
     014000.60c -0.0050000
     015031.50c -0.0002300
     016000.60c -0.0001500
     024000.50c -0.1899981
     025055.60c -0.0099999
     026000.50c -0.7017229
     028000.50c -0.0924991
c ****************************************
c       LaBr detector
c ****************************************
m8       35079    -0.2946       $ Br79
         35081    -0.3069       $ Br81
         57139    -0.3485       $ La139
         58140    -0.0500       $ Ce140
c ************ air den=1.15e-3g/cc
m12     8016 -0.23
        7014 -0.77
c ************ Rubber Natural den=0.92 g/cc
m13     1001 -0.118371  $weight fraction
        6000 -0.881629
c
c end material cards
c
rand seed=8674536546524321 $different initial random #; seed# - any less 18 digits
c
c ********** begin tallies *********************
fc78 *********Broadened Pulse Height Tally Sum of Detectors 1,2 & 3 ***********
e78 0 1e-5 932i 8.4295
F78:p (101)
FT78 GEB -0.026198 0.059551 -0.037176
fc18 *********Unbroadened Pulse Height Tally Sum of Detectors 1,2 & 3 ***********
e18 0 1e-5 932i 8.4295
F18:p (101)
c ***********************************
c mplot tal 78 freq 10000
nps 1e9
