c CAS DETECTOR
c w/ Shielding in Place and Wheels
c
c CELL CARDS
c
c @@@@@@@@@@ Detectors @@@@@@@@@@@@@@@@@
c
101 8 -5.08 -21 imp:n,p 1 $LaBr Detector #1 Active Region
c
c @@@@@@@@@ Shielding @@@@@@@@@@@@@@@@@
c
121 2 -4.78 -31 imp:n,p 1 $PE_Pb
122 4 -11.29 -32 imp:n,p 1 $Pb1
123 4 -11.29 -33 imp:n,p 1 $Pb2
124 4 -11.29 -34 imp:n,p 1 $Pb3
125 4 -11.29 -35 imp:n,p 1 $Pb4
126 4 -11.29 -36 imp:n,p 1 $Pb5
127 4 -11.29 -37 imp:n,p 1 $Pb6
128 3 -1.5 -38 imp:n,p 1 $BA1
129 3 -1.5 -39 imp:n,p 1 $BA2
130 6 -2.7 -40 imp:n,p 1 $Al
131 7 -7.92 301 -302 303 -304 imp:n,p 1 $Fe-tube
132 5 -7.8 -401 imp:n,p 1 $Fe
133 5 -7.8 -402 imp:n,p 1 $Fe
c @@@@@@@@@@ Wheels @@@@@@@@@@@@@@@@@
c
21 13 -0.92 -41 42 imp:n,p 1 $Wheel 1
211 13 -0.92 -421 422 imp:n,p 1 $Wheel 1
212 13 -0.92 -423 424 imp:n,p 1 $Wheel 1
22 13 -0.92 -43 44 imp:n,p 1 $Wheel 2
221 13 -0.92 -441 442 imp:n,p 1 $Wheel 2
222 13 -0.92 -443 444 imp:n,p 1 $Wheel 2
23 13 -0.92 -45 46 imp:n,p 1 $Wheel 3
231 13 -0.92 -461 462 imp:n,p 1 $Wheel 3
232 13 -0.92 -463 464 imp:n,p 1 $Wheel 3
24 13 -0.92 -47 48 imp:n,p 1 $Wheel 4
241 13 -0.92 -481 482 imp:n,p 1 $Wheel 4
242 13 -0.92 -483 484 imp:n,p 1 $Wheel 4
c
c @@@@@@@@@@ SOIL VOLUME @@@@@@@@@@@
c
300000 400000 -2.156 20010 -20011 20020 -20021 20030 -20031 imp:n,p 1
300001 400001 -2.156 20010 -20011 20020 -20021 20031 -20032 imp:n,p 1
300002 400002 -2.156 20010 -20011 20020 -20021 20032 -20033 imp:n,p 1
300003 400003 -2.156 20010 -20011 20020 -20021 20033 -20034 imp:n,p 1
300004 400004 -2.156 20010 -20011 20020 -20021 20034 -20035 imp:n,p 1
300005 400005 -2.156 20011 -20012 20020 -20021 20030 -20031 imp:n,p 1
300006 400006 -2.156 20011 -20012 20020 -20021 20031 -20032 imp:n,p 1
300007 400007 -2.156 20011 -20012 20020 -20021 20032 -20033 imp:n,p 1
300008 400008 -2.156 20011 -20012 20020 -20021 20033 -20034 imp:n,p 1
300009 400009 -2.156 20011 -20012 20020 -20021 20034 -20035 imp:n,p 1
300010 400010 -2.156 20012 -20013 20020 -20021 20030 -20031 imp:n,p 1
300011 400011 -2.156 20012 -20013 20020 -20021 20031 -20032 imp:n,p 1
300012 400012 -2.156 20012 -20013 20020 -20021 20032 -20033 imp:n,p 1
300013 400013 -2.156 20012 -20013 20020 -20021 20033 -20034 imp:n,p 1
300014 400014 -2.156 20012 -20013 20020 -20021 20034 -20035 imp:n,p 1
300015 400015 -2.156 20013 -20014 20020 -20021 20030 -20031 imp:n,p 1
300016 400016 -2.156 20013 -20014 20020 -20021 20031 -20032 imp:n,p 1
300017 400017 -2.156 20013 -20014 20020 -20021 20032 -20033 imp:n,p 1
300018 400018 -2.156 20013 -20014 20020 -20021 20033 -20034 imp:n,p 1
300019 400019 -2.156 20013 -20014 20020 -20021 20034 -20035 imp:n,p 1
300020 400020 -2.156 20014 -20015 20020 -20021 20030 -20031 imp:n,p 1
300021 400021 -2.156 20014 -20015 20020 -20021 20031 -20032 imp:n,p 1
300022 400022 -2.156 20014 -20015 20020 -20021 20032 -20033 imp:n,p 1
300023 400023 -2.156 20014 -20015 20020 -20021 20033 -20034 imp:n,p 1
300024 400024 -2.156 20014 -20015 20020 -20021 20034 -20035 imp:n,p 1
300025 400025 -2.156 20010 -20011 20021 -20022 20030 -20031 imp:n,p 1
300026 400026 -2.156 20010 -20011 20021 -20022 20031 -20032 imp:n,p 1
300027 400027 -2.156 20010 -20011 20021 -20022 20032 -20033 imp:n,p 1
300028 400028 -2.156 20010 -20011 20021 -20022 20033 -20034 imp:n,p 1
300029 400029 -2.156 20010 -20011 20021 -20022 20034 -20035 imp:n,p 1
300030 400030 -2.156 20011 -20012 20021 -20022 20030 -20031 imp:n,p 1
300031 400031 -2.156 20011 -20012 20021 -20022 20031 -20032 imp:n,p 1
300032 400032 -2.156 20011 -20012 20021 -20022 20032 -20033 imp:n,p 1
300033 400033 -2.156 20011 -20012 20021 -20022 20033 -20034 imp:n,p 1
300034 400034 -2.156 20011 -20012 20021 -20022 20034 -20035 imp:n,p 1
300035 400035 -2.156 20012 -20013 20021 -20022 20030 -20031 imp:n,p 1
300036 400036 -2.156 20012 -20013 20021 -20022 20031 -20032 imp:n,p 1
300037 400037 -2.156 20012 -20013 20021 -20022 20032 -20033 imp:n,p 1
300038 400038 -2.156 20012 -20013 20021 -20022 20033 -20034 imp:n,p 1
300039 400039 -2.156 20012 -20013 20021 -20022 20034 -20035 imp:n,p 1
300040 400040 -2.156 20013 -20014 20021 -20022 20030 -20031 imp:n,p 1
300041 400041 -2.156 20013 -20014 20021 -20022 20031 -20032 imp:n,p 1
300042 400042 -2.156 20013 -20014 20021 -20022 20032 -20033 imp:n,p 1
300043 400043 -2.156 20013 -20014 20021 -20022 20033 -20034 imp:n,p 1
300044 400044 -2.156 20013 -20014 20021 -20022 20034 -20035 imp:n,p 1
300045 400045 -2.156 20014 -20015 20021 -20022 20030 -20031 imp:n,p 1
300046 400046 -2.156 20014 -20015 20021 -20022 20031 -20032 imp:n,p 1
300047 400047 -2.156 20014 -20015 20021 -20022 20032 -20033 imp:n,p 1
300048 400048 -2.156 20014 -20015 20021 -20022 20033 -20034 imp:n,p 1
300049 400049 -2.156 20014 -20015 20021 -20022 20034 -20035 imp:n,p 1
300050 400050 -2.156 20010 -20011 20022 -20023 20030 -20031 imp:n,p 1
300051 400051 -2.156 20010 -20011 20022 -20023 20031 -20032 imp:n,p 1
300052 400052 -2.156 20010 -20011 20022 -20023 20032 -20033 imp:n,p 1
300053 400053 -2.156 20010 -20011 20022 -20023 20033 -20034 imp:n,p 1
300054 400054 -2.156 20010 -20011 20022 -20023 20034 -20035 imp:n,p 1
300055 400055 -2.156 20011 -20012 20022 -20023 20030 -20031 imp:n,p 1
300056 400056 -2.156 20011 -20012 20022 -20023 20031 -20032 imp:n,p 1
300057 400057 -2.156 20011 -20012 20022 -20023 20032 -20033 imp:n,p 1
300058 400058 -2.156 20011 -20012 20022 -20023 20033 -20034 imp:n,p 1
300059 400059 -2.156 20011 -20012 20022 -20023 20034 -20035 imp:n,p 1
300060 400060 -2.156 20012 -20013 20022 -20023 20030 -20031 imp:n,p 1
300061 400061 -2.156 20012 -20013 20022 -20023 20031 -20032 imp:n,p 1
300062 400062 -2.156 20012 -20013 20022 -20023 20032 -20033 imp:n,p 1
300063 400063 -2.156 20012 -20013 20022 -20023 20033 -20034 imp:n,p 1
300064 400064 -2.156 20012 -20013 20022 -20023 20034 -20035 imp:n,p 1
300065 400065 -2.156 20013 -20014 20022 -20023 20030 -20031 imp:n,p 1
300066 400066 -2.156 20013 -20014 20022 -20023 20031 -20032 imp:n,p 1
300067 400067 -2.156 20013 -20014 20022 -20023 20032 -20033 imp:n,p 1
300068 400068 -2.156 20013 -20014 20022 -20023 20033 -20034 imp:n,p 1
300069 400069 -2.156 20013 -20014 20022 -20023 20034 -20035 imp:n,p 1
300070 400070 -2.156 20014 -20015 20022 -20023 20030 -20031 imp:n,p 1
300071 400071 -2.156 20014 -20015 20022 -20023 20031 -20032 imp:n,p 1
300072 400072 -2.156 20014 -20015 20022 -20023 20032 -20033 imp:n,p 1
300073 400073 -2.156 20014 -20015 20022 -20023 20033 -20034 imp:n,p 1
300074 400074 -2.156 20014 -20015 20022 -20023 20034 -20035 imp:n,p 1
300075 400075 -2.156 20010 -20011 20023 -20024 20030 -20031 imp:n,p 1
300076 400076 -2.156 20010 -20011 20023 -20024 20031 -20032 imp:n,p 1
300077 400077 -2.156 20010 -20011 20023 -20024 20032 -20033 imp:n,p 1
300078 400078 -2.156 20010 -20011 20023 -20024 20033 -20034 imp:n,p 1
300079 400079 -2.156 20010 -20011 20023 -20024 20034 -20035 imp:n,p 1
300080 400080 -2.156 20011 -20012 20023 -20024 20030 -20031 imp:n,p 1
300081 400081 -2.156 20011 -20012 20023 -20024 20031 -20032 imp:n,p 1
300082 400082 -2.156 20011 -20012 20023 -20024 20032 -20033 imp:n,p 1
300083 400083 -2.156 20011 -20012 20023 -20024 20033 -20034 imp:n,p 1
300084 400084 -2.156 20011 -20012 20023 -20024 20034 -20035 imp:n,p 1
300085 400085 -2.156 20012 -20013 20023 -20024 20030 -20031 imp:n,p 1
300086 400086 -2.156 20012 -20013 20023 -20024 20031 -20032 imp:n,p 1
300087 400087 -2.156 20012 -20013 20023 -20024 20032 -20033 imp:n,p 1
300088 400088 -2.156 20012 -20013 20023 -20024 20033 -20034 imp:n,p 1
300089 400089 -2.156 20012 -20013 20023 -20024 20034 -20035 imp:n,p 1
300090 400090 -2.156 20013 -20014 20023 -20024 20030 -20031 imp:n,p 1
300091 400091 -2.156 20013 -20014 20023 -20024 20031 -20032 imp:n,p 1
300092 400092 -2.156 20013 -20014 20023 -20024 20032 -20033 imp:n,p 1
300093 400093 -2.156 20013 -20014 20023 -20024 20033 -20034 imp:n,p 1
300094 400094 -2.156 20013 -20014 20023 -20024 20034 -20035 imp:n,p 1
300095 400095 -2.156 20014 -20015 20023 -20024 20030 -20031 imp:n,p 1
300096 400096 -2.156 20014 -20015 20023 -20024 20031 -20032 imp:n,p 1
300097 400097 -2.156 20014 -20015 20023 -20024 20032 -20033 imp:n,p 1
300098 400098 -2.156 20014 -20015 20023 -20024 20033 -20034 imp:n,p 1
300099 400099 -2.156 20014 -20015 20023 -20024 20034 -20035 imp:n,p 1
300100 400100 -2.156 20010 -20011 20024 -20025 20030 -20031 imp:n,p 1
300101 400101 -2.156 20010 -20011 20024 -20025 20031 -20032 imp:n,p 1
300102 400102 -2.156 20010 -20011 20024 -20025 20032 -20033 imp:n,p 1
300103 400103 -2.156 20010 -20011 20024 -20025 20033 -20034 imp:n,p 1
300104 400104 -2.156 20010 -20011 20024 -20025 20034 -20035 imp:n,p 1
300105 400105 -2.156 20011 -20012 20024 -20025 20030 -20031 imp:n,p 1
300106 400106 -2.156 20011 -20012 20024 -20025 20031 -20032 imp:n,p 1
300107 400107 -2.156 20011 -20012 20024 -20025 20032 -20033 imp:n,p 1
300108 400108 -2.156 20011 -20012 20024 -20025 20033 -20034 imp:n,p 1
300109 400109 -2.156 20011 -20012 20024 -20025 20034 -20035 imp:n,p 1
300110 400110 -2.156 20012 -20013 20024 -20025 20030 -20031 imp:n,p 1
300111 400111 -2.156 20012 -20013 20024 -20025 20031 -20032 imp:n,p 1
300112 400112 -2.156 20012 -20013 20024 -20025 20032 -20033 imp:n,p 1
300113 400113 -2.156 20012 -20013 20024 -20025 20033 -20034 imp:n,p 1
300114 400114 -2.156 20012 -20013 20024 -20025 20034 -20035 imp:n,p 1
300115 400115 -2.156 20013 -20014 20024 -20025 20030 -20031 imp:n,p 1
300116 400116 -2.156 20013 -20014 20024 -20025 20031 -20032 imp:n,p 1
300117 400117 -2.156 20013 -20014 20024 -20025 20032 -20033 imp:n,p 1
300118 400118 -2.156 20013 -20014 20024 -20025 20033 -20034 imp:n,p 1
300119 400119 -2.156 20013 -20014 20024 -20025 20034 -20035 imp:n,p 1
300120 400120 -2.156 20014 -20015 20024 -20025 20030 -20031 imp:n,p 1
300121 400121 -2.156 20014 -20015 20024 -20025 20031 -20032 imp:n,p 1
300122 400122 -2.156 20014 -20015 20024 -20025 20032 -20033 imp:n,p 1
300123 400123 -2.156 20014 -20015 20024 -20025 20033 -20034 imp:n,p 1
300124 400124 -2.156 20014 -20015 20024 -20025 20034 -20035 imp:n,p 1
c
30 12 -0.00129 -200 #101 #121 #122 #123 #124 #125 #126 #127 #128 #129 #130 #131 #132 #133
        #21 #211 #212 #22 #221 #222 #23 #231 #232 #24 #241 #242 #20 imp:n,p 1 $Rest of the World
31 0 200 imp:n,p 0 $Outside world

c SURFACE CARDS
c
c Sample Volume
20010 px -56.0
20011 px -33.600000000000364
20012 px -11.200000000000728
20013 px 11.200000000000728
20014 px 33.600000000000364
20015 px 56.0
20020 py -45.0
20021 py -27.0
20022 py -9.0
20023 py 9.0
20024 py 27.0
20025 py 45.0
20030 pz 92.0
20031 pz 82.0
20032 pz 72.0
20033 pz 62.0
20034 pz 52.0
20035 pz 42.0
c Active Detector Region
21 rcc 56  -5.0 -1.0   0.0 20.3 0.0   4.5 $Detector 1 Base center, Hx,Hy,Hz, radius
c Shielding Surfaces
c Shielding Pb
31 rpp 19 29 -7.5 7.5 -11 9 $PbPE xmin xmax ymin ymax zmin zmax
32 rpp 9 19 4 9 -11 9 $Pb xmin xmax ymin ymax zmin zmax
33 rpp 9 19 -9 -4 -11 9 $Pb xmin xmax ymin ymax zmin zmax
34 rpp 19 29 7.5 12.5 -11 9 $Pb xmin xmax ymin ymax zmin zmax
35 rpp 19 29 -12.5 -7.5 -11 9 $Pb xmin xmax ymin ymax zmin zmax
36 rpp 29 34 -15 15 -11 9 $Pb xmin xmax ymin ymax zmin zmax
37 rpp 9 19 -4 4 4 9 $Pb xmin xmax ymin ymax zmin zmax
38 rpp -26 26 18 28 -11 9 $BA1 xmin xmax ymin ymax zmin zmax
39 rpp -26 26 -28 -18 -11 9 $BA2 xmin xmax ymin ymax zmin zmax
40 rpp -65 65 -28 28 10 10.5 $Al xmin xmax ymin ymax zmin zmax
401 rpp -27 27 29 34 -11 9 $Fe xmin xmax ymin ymax zmin zmax
402 rpp -27 27 -34 -29 -11 9 $Fe xmin xmax ymin ymax zmin zmax
301 px -20
302 px 18
303 cx 3.71
304 cx 3.81
c Wheels Surfaces
c 23/10.5-12 turf tires, 22.6 lb rubber
c diameter 29cm, tread width 25cm, and sidewall height 13.76 cm
c set thickness of all sides 1.3 cm (s.t. weight is 22.6 lb)
41 rcc -2 77 8   0.0 25 0.0 29 $wheel 1 outer tread surface
42 rcc -2 77 8   0.0 25 0.0 27.7 $wheel 1 inner tread surface
421 rcc -2 75.7 8   0.0 1.3 0.0 29 $wheel 1 outside sidewall exterior
422 rcc -2 75.7 8   0.0 1.3 0.0 15.24 $wheel 1 outside sidewall interior
423 rcc -2 102 8   0.0 1.3 0.0 29 $wheel 1 inside sidewall exterior
424 rcc -2 102 8   0.0 1.3 0.0 15.24 $wheel 1 inside sidewall interior
43 rcc 68 77 8   0.0 25 0.0 29 $wheel 2
44 rcc 68 77 8   0.0 25 0.0 27.7
441 rcc 68 75.7 8   0.0 1.3 0.0 29
442 rcc 68 75.7 8   0.0 1.3 0.0 15.24
443 rcc 68 102 8   0.0 1.3 0.0 29
444 rcc 68 102 8   0.0 1.3 0.0 15.24
45 rcc -2 -77 8   0.0 -25 0.0 29 $wheel 3
46 rcc -2 -77 8   0.0 -25 0.0 27.7
461 rcc -2 -75.7 8   0.0 -1.3 0.0 29
462 rcc -2 -75.7 8   0.0 -1.3 0.0 15.24
463 rcc -2 -102 8   0.0 -1.3 0.0 29
464 rcc -2 -102 8   0.0 -1.3 0.0 15.24
47 rcc 68 -77 8   0.0 -25 0.0 29 $wheel 4
48 rcc 68 -77 8   0.0 -25 0.0 27.7
481 rcc 68 -75.7 8   0.0 -1.3 0.0 29
482 rcc 68 -75.7 8   0.0 -1.3 0.0 15.24
483 rcc 68 -102 8   0.0 -1.3 0.0 29
484 rcc 68 -102 8   0.0 -1.3 0.0 15.24
200 so 800    $sphere of 800cm centered at origin
c

c DATA CARDS
mode n p
c dump every hr
prdmp -60 -60 -1
c 100 keV Neutron Energy Cutoff
Cut:n 1j 0.1
c analog neutron transport
phys:n 1j 14
phys:p
sdef pos=0 0 0 erg=14.0 vec= 0 0 1 dir=d1
si1  -1 .93 1
sp1   0  0.0  1.0
c ********************
c begin material cards
c ********************
c Pure Carbon
c ****************************************
m400000 6000 -0.0038776976454904383 7000 -0.0038776976454904383 14000 -0.9922446047090192 
m400001 6000 -0.0032203891245001833 7000 -0.0032203891245001833 14000 -0.9935592217509999 
m400002 6000 -0.00359040077438538 7000 -0.00359040077438538 14000 -0.9928191984512289 
m400003 6000 -0.005386526727668412 7000 -0.005386526727668412 14000 -0.9892269465446631 
m400004 6000 -0.009540315468845893 7000 -0.009540315468845893 14000 -0.9809193690623081 
m400005 6000 -0.004109157388242231 7000 -0.004109157388242231 14000 -0.9917816852235154 
m400006 6000 -0.0031709916335445356 7000 -0.0031709916335445356 14000 -0.9936580167329109 
m400007 6000 -0.003739463471418855 7000 -0.003739463471418855 14000 -0.9925210730571621 
m400008 6000 -0.0053636437948976524 7000 -0.0053636437948976524 14000 -0.9892727124102046 
m400009 6000 -0.009424566155563217 7000 -0.009424566155563217 14000 -0.9811508676888736 
m400010 6000 -0.003914569910088084 7000 -0.003914569910088084 14000 -0.9921708601798236 
m400011 6000 -0.0031714880126289865 7000 -0.0031714880126289865 14000 -0.9936570239747421 
m400012 6000 -0.0038500586934164106 7000 -0.0038500586934164106 14000 -0.9922998826131674 
m400013 6000 -0.005931266552879678 7000 -0.005931266552879678 14000 -0.9881374668942411 
m400014 6000 -0.00886069648762381 7000 -0.00886069648762381 14000 -0.9822786070247522 
m400015 6000 -0.003996265381391498 7000 -0.003996265381391498 14000 -0.9920074692372169 
m400016 6000 -0.003145905848836294 7000 -0.003145905848836294 14000 -0.9937081883023278 
m400017 6000 -0.0037374378434130336 7000 -0.0037374378434130336 14000 -0.9925251243131744 
m400018 6000 -0.005505716240291265 7000 -0.005505716240291265 14000 -0.9889885675194173 
m400019 6000 -0.0092599559406084 7000 -0.0092599559406084 14000 -0.9814800881187832 
m400020 6000 -0.0039033150826005753 7000 -0.0039033150826005753 14000 -0.9921933698347993 
m400021 6000 -0.0031201945613608005 7000 -0.0031201945613608005 14000 -0.9937596108772783 
m400022 6000 -0.003816411329814956 7000 -0.003816411329814956 14000 -0.99236717734037 
m400023 6000 -0.005973008889956115 7000 -0.005973008889956115 14000 -0.9880539822200878 
m400024 6000 -0.009309558768259505 7000 -0.009309558768259505 14000 -0.9813808824634812 
m400025 6000 -0.004205411479220799 7000 -0.004205411479220799 14000 -0.9915891770415582 
m400026 6000 -0.0031626483862414053 7000 -0.0031626483862414053 14000 -0.9936747032275168 
m400027 6000 -0.0037881188928948154 7000 -0.0037881188928948154 14000 -0.9924237622142104 
m400028 6000 -0.005855048879533764 7000 -0.005855048879533764 14000 -0.9882899022409327 
m400029 6000 -0.009185657970211753 7000 -0.009185657970211753 14000 -0.9816286840595767 
m400030 6000 -0.004026997795382817 7000 -0.004026997795382817 14000 -0.9919460044092345 
m400031 6000 -0.0031363792809531426 7000 -0.0031363792809531426 14000 -0.9937272414380938 
m400032 6000 -0.00362931000762459 7000 -0.00362931000762459 14000 -0.9927413799847506 
m400033 6000 -0.0055964397984043434 7000 -0.0055964397984043434 14000 -0.988807120403191 
m400034 6000 -0.008761069896423905 7000 -0.008761069896423905 14000 -0.9824778602071524 
m400035 6000 -0.003942619786088186 7000 -0.003942619786088186 14000 -0.9921147604278238 
m400036 6000 -0.0031901935908884133 7000 -0.0031901935908884133 14000 -0.9936196128182236 
m400037 6000 -0.003571701881002186 7000 -0.003571701881002186 14000 -0.9928565962379956 
m400038 6000 -0.005527645092994355 7000 -0.005527645092994355 14000 -0.9889447098140117 
m400039 6000 -0.009550635551958576 7000 -0.009550635551958576 14000 -0.9808987288960829 
m400040 6000 -0.004024677158465746 7000 -0.004024677158465746 14000 -0.9919506456830686 
m400041 6000 -0.003224608844536458 7000 -0.003224608844536458 14000 -0.9935507823109276 
m400042 6000 -0.003756707150352532 7000 -0.003756707150352532 14000 -0.992486585699295 
m400043 6000 -0.005598195193697444 7000 -0.005598195193697444 14000 -0.988803609612605 
m400044 6000 -0.00887306212401395 7000 -0.00887306212401395 14000 -0.9822538757519722 
m400045 6000 -0.003894671447131267 7000 -0.003894671447131267 14000 -0.9922106571057373 
m400046 6000 -0.0031366260218108877 7000 -0.0031366260218108877 14000 -0.9937267479563786 
m400047 6000 -0.003865145146289535 7000 -0.003865145146289535 14000 -0.9922697097074211 
m400048 6000 -0.005858845794643324 7000 -0.005858845794643324 14000 -0.9882823084107132 
m400049 6000 -0.00965070180609511 7000 -0.00965070180609511 14000 -0.9806985963878097 
m400050 6000 -0.00405849315801744 7000 -0.00405849315801744 14000 -0.9918830136839651 
m400051 6000 -0.0032149340162171847 7000 -0.0032149340162171847 14000 -0.9935701319675655 
m400052 6000 -0.0035120207472307983 7000 -0.0035120207472307983 14000 -0.9929759585055383 
m400053 6000 -0.005506068276178984 7000 -0.005506068276178984 14000 -0.9889878634476423 
m400054 6000 -0.008857852112471582 7000 -0.008857852112471582 14000 -0.9822842957750573 
m400055 6000 -0.004127908717002697 7000 -0.004127908717002697 14000 -0.9917441825659948 
m400056 6000 -0.0031756046340126864 7000 -0.0031756046340126864 14000 -0.9936487907319749 
m400057 6000 -0.0037230416989379816 7000 -0.0037230416989379816 14000 -0.992553916602124 
m400058 6000 -0.005882361284482828 7000 -0.005882361284482828 14000 -0.9882352774310346 
m400059 6000 -0.009185034197669148 7000 -0.009185034197669148 14000 -0.9816299316046617 
m400060 6000 -0.004209809095411483 7000 -0.004209809095411483 14000 -0.9915803818091772 
m400061 6000 -0.00315490978077003 7000 -0.00315490978077003 14000 -0.9936901804384597 
m400062 6000 -0.0038604592647091705 7000 -0.0038604592647091705 14000 -0.9922790814705816 
m400063 6000 -0.005514678685010566 7000 -0.005514678685010566 14000 -0.988970642629979 
m400064 6000 -0.009249819492507298 7000 -0.009249819492507298 14000 -0.9815003610149854 
m400065 6000 -0.004090991511086989 7000 -0.004090991511086989 14000 -0.991818016977826 
m400066 6000 -0.0031431276927330015 7000 -0.0031431276927330015 14000 -0.9937137446145341 
m400067 6000 -0.003718899285657486 7000 -0.003718899285657486 14000 -0.9925622014286847 
m400068 6000 -0.0056546993583163315 7000 -0.0056546993583163315 14000 -0.9886906012833672 
m400069 6000 -0.009840558750848834 7000 -0.009840558750848834 14000 -0.9803188824983026 
m400070 6000 -0.003972179751057329 7000 -0.003972179751057329 14000 -0.9920556404978855 
m400071 6000 -0.0031481420036900236 7000 -0.0031481420036900236 14000 -0.9937037159926203 
m400072 6000 -0.0036990730044033117 7000 -0.0036990730044033117 14000 -0.9926018539911933 
m400073 6000 -0.005690934083007658 7000 -0.005690934083007658 14000 -0.9886181318339848 
m400074 6000 -0.008816664360845682 7000 -0.008816664360845682 14000 -0.9823666712783088 
m400075 6000 -0.004289982252843074 7000 -0.004289982252843074 14000 -0.9914200354943142 
m400076 6000 -0.0031771337272075272 7000 -0.0031771337272075272 14000 -0.9936457325455847 
m400077 6000 -0.0038694578501873196 7000 -0.0038694578501873196 14000 -0.9922610842996251 
m400078 6000 -0.00560136588412916 7000 -0.00560136588412916 14000 -0.9887972682317419 
m400079 6000 -0.009132418904960136 7000 -0.009132418904960136 14000 -0.9817351621900795 
m400080 6000 -0.004015547364680183 7000 -0.004015547364680183 14000 -0.9919689052706395 
m400081 6000 -0.003170481859133227 7000 -0.003170481859133227 14000 -0.9936590362817331 
m400082 6000 -0.003937681262704556 7000 -0.003937681262704556 14000 -0.9921246374745911 
m400083 6000 -0.006014005194297838 7000 -0.006014005194297838 14000 -0.9879719896114042 
m400084 6000 -0.008831912376224802 7000 -0.008831912376224802 14000 -0.9823361752475505 
m400085 6000 -0.004021405169140234 7000 -0.004021405169140234 14000 -0.9919571896617192 
m400086 6000 -0.0030790968787662337 7000 -0.0030790968787662337 14000 -0.9938418062424672 
m400087 6000 -0.003660423788251987 7000 -0.003660423788251987 14000 -0.992679152423496 
m400088 6000 -0.005403631407183521 7000 -0.005403631407183521 14000 -0.9891927371856333 
m400089 6000 -0.00881795382626583 7000 -0.00881795382626583 14000 -0.9823640923474685 
m400090 6000 -0.003840546840572652 7000 -0.003840546840572652 14000 -0.9923189063188549 
m400091 6000 -0.003106862018118871 7000 -0.003106862018118871 14000 -0.9937862759637622 
m400092 6000 -0.0037080832719973557 7000 -0.0037080832719973557 14000 -0.9925838334560053 
m400093 6000 -0.005634741082723232 7000 -0.005634741082723232 14000 -0.9887305178345536 
m400094 6000 -0.008181395261546983 7000 -0.008181395261546983 14000 -0.9836372094769059 
m400095 6000 -0.00403319330279668 7000 -0.00403319330279668 14000 -0.9919336133944067 
m400096 6000 -0.003153364139927994 7000 -0.003153364139927994 14000 -0.9936932717201438 
m400097 6000 -0.0037961911194000384 7000 -0.0037961911194000384 14000 -0.9924076177612001 
m400098 6000 -0.005803069967678918 7000 -0.005803069967678918 14000 -0.9883938600646422 
m400099 6000 -0.008761954893209262 7000 -0.008761954893209262 14000 -0.9824760902135816 
m400100 6000 -0.004075440543127612 7000 -0.004075440543127612 14000 -0.9918491189137444 
m400101 6000 -0.0031633090587727094 7000 -0.0031633090587727094 14000 -0.9936733818824542 
m400102 6000 -0.0038036964708539735 7000 -0.0038036964708539735 14000 -0.9923926070582921 
m400103 6000 -0.0055258350430383045 7000 -0.0055258350430383045 14000 -0.9889483299139233 
m400104 6000 -0.0097330228012639 7000 -0.0097330228012639 14000 -0.9805339543974724 
m400105 6000 -0.003933455669511622 7000 -0.003933455669511622 14000 -0.9921330886609766 
m400106 6000 -0.0031144433385837276 7000 -0.0031144433385837276 14000 -0.9937711133228322 
m400107 6000 -0.00384568239581351 7000 -0.00384568239581351 14000 -0.992308635208373 
m400108 6000 -0.005975201456749853 7000 -0.005975201456749853 14000 -0.9880495970865003 
m400109 6000 -0.009054195451907459 7000 -0.009054195451907459 14000 -0.9818916090961851 
m400110 6000 -0.003941683520796601 7000 -0.003941683520796601 14000 -0.9921166329584068 
m400111 6000 -0.003153576999961104 7000 -0.003153576999961104 14000 -0.9936928460000778 
m400112 6000 -0.0038103182768849412 7000 -0.0038103182768849412 14000 -0.9923793634462301 
m400113 6000 -0.005951601948738542 7000 -0.005951601948738542 14000 -0.9880967961025228 
m400114 6000 -0.008820096461953513 7000 -0.008820096461953513 14000 -0.982359807076093 
m400115 6000 -0.003976192728860742 7000 -0.003976192728860742 14000 -0.9920476145422783 
m400116 6000 -0.0031459901364212367 7000 -0.0031459901364212367 14000 -0.9937080197271575 
m400117 6000 -0.003931137615335027 7000 -0.003931137615335027 14000 -0.9921377247693299 
m400118 6000 -0.005644835708199069 7000 -0.005644835708199069 14000 -0.9887103285836019 
m400119 6000 -0.008817063280945132 7000 -0.008817063280945132 14000 -0.9823658734381098 
m400120 6000 -0.003960316374118619 7000 -0.003960316374118619 14000 -0.9920793672517632 
m400121 6000 -0.003153501829019705 7000 -0.003153501829019705 14000 -0.9936929963419607 
m400122 6000 -0.003822393353607182 7000 -0.003822393353607182 14000 -0.9923552132927855 
m400123 6000 -0.005830527212596606 7000 -0.005830527212596606 14000 -0.9883389455748065 
m400124 6000 -0.009184240836875093 7000 -0.009184240836875093 14000 -0.98163151832625 
c **********************************
c PE+Pb, dens=4.78 g/cm3
m2      6000    -0.04286 $Carbon
        1001    -0.00714 $Hydrogen
        82000   -0.95000 $Lead
c **********************************
m3    1001 -0.048535 $Boric acid
      5010 -0.034981
      5011 -0.139923
      8016 -0.776561
c **********************************
m4    82000 1 $Lead
c **********************************
m5 26000 1 $Iron
c **********************************
m6     13027   -1.000 $ Aluminum
c **********************************
c  SS-304 (8.00 g/cm3), #298 in PNNL Compendium
m7   006000.50c -0.0004000
     014000.60c -0.0050000
     015031.50c -0.0002300
     016000.60c -0.0001500
     024000.50c -0.1899981
     025055.60c -0.0099999
     026000.50c -0.7017229
     028000.50c -0.0924991
c ****************************************
c       LaBr detector
c ****************************************
m8       35079    -0.2946       $ Br79
         35081    -0.3069       $ Br81
         57139    -0.3485       $ La139
         58140    -0.0500       $ Ce140
c ************ air den=1.15e-3g/cc
m12     8016 -0.23
        7014 -0.77
c ************ Rubber Natural den=0.92 g/cc
m13     1001 -0.118371  $weight fraction
        6000 -0.881629
c
c end material cards
c
rand seed=8674536546524321 $different initial random #; seed# - any less 18 digits
c
c ********** begin tallies *********************
fc78 *********Broadened Pulse Height Tally Sum of Detectors 1,2 & 3 ***********
e78 0 1e-5 932i 8.4295
F78:p (101)
FT78 GEB -0.026198 0.059551 -0.037176
fc18 *********Unbroadened Pulse Height Tally Sum of Detectors 1,2 & 3 ***********
e18 0 1e-5 932i 8.4295
F18:p (101)
c ***********************************
c mplot tal 78 freq 10000
nps 1e9
