c CAS DETECTOR
c w/ Shielding in Place and Wheels
c
c CELL CARDS
c
c @@@@@@@@@@ Detectors @@@@@@@@@@@@@@@@@
c
101 8 -5.08 -21 imp:n,p 1 $LaBr Detector #1 Active Region
c
c @@@@@@@@@ Shielding @@@@@@@@@@@@@@@@@
c
121 2 -4.78 -31 imp:n,p 1 $PE_Pb
122 4 -11.29 -32 imp:n,p 1 $Pb1
123 4 -11.29 -33 imp:n,p 1 $Pb2
124 4 -11.29 -34 imp:n,p 1 $Pb3
125 4 -11.29 -35 imp:n,p 1 $Pb4
126 4 -11.29 -36 imp:n,p 1 $Pb5
127 4 -11.29 -37 imp:n,p 1 $Pb6
128 3 -1.5 -38 imp:n,p 1 $BA1
129 3 -1.5 -39 imp:n,p 1 $BA2
130 6 -2.7 -40 imp:n,p 1 $Al
131 7 -7.92 301 -302 303 -304 imp:n,p 1 $Fe-tube
132 5 -7.8 -401 imp:n,p 1 $Fe
133 5 -7.8 -402 imp:n,p 1 $Fe
c @@@@@@@@@@ Wheels @@@@@@@@@@@@@@@@@
c
21 13 -0.92 -41 42 imp:n,p 1 $Wheel 1
211 13 -0.92 -421 422 imp:n,p 1 $Wheel 1
212 13 -0.92 -423 424 imp:n,p 1 $Wheel 1
22 13 -0.92 -43 44 imp:n,p 1 $Wheel 2
221 13 -0.92 -441 442 imp:n,p 1 $Wheel 2
222 13 -0.92 -443 444 imp:n,p 1 $Wheel 2
23 13 -0.92 -45 46 imp:n,p 1 $Wheel 3
231 13 -0.92 -461 462 imp:n,p 1 $Wheel 3
232 13 -0.92 -463 464 imp:n,p 1 $Wheel 3
24 13 -0.92 -47 48 imp:n,p 1 $Wheel 4
241 13 -0.92 -481 482 imp:n,p 1 $Wheel 4
242 13 -0.92 -483 484 imp:n,p 1 $Wheel 4
c
c @@@@@@@@@@ SOIL VOLUME @@@@@@@@@@@
c
300000 400000 -2.156 20010 -20011 20020 -20021 20030 -20031 imp:n,p 1
300001 400001 -2.156 20010 -20011 20020 -20021 20031 -20032 imp:n,p 1
300002 400002 -2.156 20010 -20011 20020 -20021 20032 -20033 imp:n,p 1
300003 400003 -2.156 20010 -20011 20020 -20021 20033 -20034 imp:n,p 1
300004 400004 -2.156 20010 -20011 20020 -20021 20034 -20035 imp:n,p 1
300005 400005 -2.156 20011 -20012 20020 -20021 20030 -20031 imp:n,p 1
300006 400006 -2.156 20011 -20012 20020 -20021 20031 -20032 imp:n,p 1
300007 400007 -2.156 20011 -20012 20020 -20021 20032 -20033 imp:n,p 1
300008 400008 -2.156 20011 -20012 20020 -20021 20033 -20034 imp:n,p 1
300009 400009 -2.156 20011 -20012 20020 -20021 20034 -20035 imp:n,p 1
300010 400010 -2.156 20012 -20013 20020 -20021 20030 -20031 imp:n,p 1
300011 400011 -2.156 20012 -20013 20020 -20021 20031 -20032 imp:n,p 1
300012 400012 -2.156 20012 -20013 20020 -20021 20032 -20033 imp:n,p 1
300013 400013 -2.156 20012 -20013 20020 -20021 20033 -20034 imp:n,p 1
300014 400014 -2.156 20012 -20013 20020 -20021 20034 -20035 imp:n,p 1
300015 400015 -2.156 20013 -20014 20020 -20021 20030 -20031 imp:n,p 1
300016 400016 -2.156 20013 -20014 20020 -20021 20031 -20032 imp:n,p 1
300017 400017 -2.156 20013 -20014 20020 -20021 20032 -20033 imp:n,p 1
300018 400018 -2.156 20013 -20014 20020 -20021 20033 -20034 imp:n,p 1
300019 400019 -2.156 20013 -20014 20020 -20021 20034 -20035 imp:n,p 1
300020 400020 -2.156 20014 -20015 20020 -20021 20030 -20031 imp:n,p 1
300021 400021 -2.156 20014 -20015 20020 -20021 20031 -20032 imp:n,p 1
300022 400022 -2.156 20014 -20015 20020 -20021 20032 -20033 imp:n,p 1
300023 400023 -2.156 20014 -20015 20020 -20021 20033 -20034 imp:n,p 1
300024 400024 -2.156 20014 -20015 20020 -20021 20034 -20035 imp:n,p 1
300025 400025 -2.156 20010 -20011 20021 -20022 20030 -20031 imp:n,p 1
300026 400026 -2.156 20010 -20011 20021 -20022 20031 -20032 imp:n,p 1
300027 400027 -2.156 20010 -20011 20021 -20022 20032 -20033 imp:n,p 1
300028 400028 -2.156 20010 -20011 20021 -20022 20033 -20034 imp:n,p 1
300029 400029 -2.156 20010 -20011 20021 -20022 20034 -20035 imp:n,p 1
300030 400030 -2.156 20011 -20012 20021 -20022 20030 -20031 imp:n,p 1
300031 400031 -2.156 20011 -20012 20021 -20022 20031 -20032 imp:n,p 1
300032 400032 -2.156 20011 -20012 20021 -20022 20032 -20033 imp:n,p 1
300033 400033 -2.156 20011 -20012 20021 -20022 20033 -20034 imp:n,p 1
300034 400034 -2.156 20011 -20012 20021 -20022 20034 -20035 imp:n,p 1
300035 400035 -2.156 20012 -20013 20021 -20022 20030 -20031 imp:n,p 1
300036 400036 -2.156 20012 -20013 20021 -20022 20031 -20032 imp:n,p 1
300037 400037 -2.156 20012 -20013 20021 -20022 20032 -20033 imp:n,p 1
300038 400038 -2.156 20012 -20013 20021 -20022 20033 -20034 imp:n,p 1
300039 400039 -2.156 20012 -20013 20021 -20022 20034 -20035 imp:n,p 1
300040 400040 -2.156 20013 -20014 20021 -20022 20030 -20031 imp:n,p 1
300041 400041 -2.156 20013 -20014 20021 -20022 20031 -20032 imp:n,p 1
300042 400042 -2.156 20013 -20014 20021 -20022 20032 -20033 imp:n,p 1
300043 400043 -2.156 20013 -20014 20021 -20022 20033 -20034 imp:n,p 1
300044 400044 -2.156 20013 -20014 20021 -20022 20034 -20035 imp:n,p 1
300045 400045 -2.156 20014 -20015 20021 -20022 20030 -20031 imp:n,p 1
300046 400046 -2.156 20014 -20015 20021 -20022 20031 -20032 imp:n,p 1
300047 400047 -2.156 20014 -20015 20021 -20022 20032 -20033 imp:n,p 1
300048 400048 -2.156 20014 -20015 20021 -20022 20033 -20034 imp:n,p 1
300049 400049 -2.156 20014 -20015 20021 -20022 20034 -20035 imp:n,p 1
300050 400050 -2.156 20010 -20011 20022 -20023 20030 -20031 imp:n,p 1
300051 400051 -2.156 20010 -20011 20022 -20023 20031 -20032 imp:n,p 1
300052 400052 -2.156 20010 -20011 20022 -20023 20032 -20033 imp:n,p 1
300053 400053 -2.156 20010 -20011 20022 -20023 20033 -20034 imp:n,p 1
300054 400054 -2.156 20010 -20011 20022 -20023 20034 -20035 imp:n,p 1
300055 400055 -2.156 20011 -20012 20022 -20023 20030 -20031 imp:n,p 1
300056 400056 -2.156 20011 -20012 20022 -20023 20031 -20032 imp:n,p 1
300057 400057 -2.156 20011 -20012 20022 -20023 20032 -20033 imp:n,p 1
300058 400058 -2.156 20011 -20012 20022 -20023 20033 -20034 imp:n,p 1
300059 400059 -2.156 20011 -20012 20022 -20023 20034 -20035 imp:n,p 1
300060 400060 -2.156 20012 -20013 20022 -20023 20030 -20031 imp:n,p 1
300061 400061 -2.156 20012 -20013 20022 -20023 20031 -20032 imp:n,p 1
300062 400062 -2.156 20012 -20013 20022 -20023 20032 -20033 imp:n,p 1
300063 400063 -2.156 20012 -20013 20022 -20023 20033 -20034 imp:n,p 1
300064 400064 -2.156 20012 -20013 20022 -20023 20034 -20035 imp:n,p 1
300065 400065 -2.156 20013 -20014 20022 -20023 20030 -20031 imp:n,p 1
300066 400066 -2.156 20013 -20014 20022 -20023 20031 -20032 imp:n,p 1
300067 400067 -2.156 20013 -20014 20022 -20023 20032 -20033 imp:n,p 1
300068 400068 -2.156 20013 -20014 20022 -20023 20033 -20034 imp:n,p 1
300069 400069 -2.156 20013 -20014 20022 -20023 20034 -20035 imp:n,p 1
300070 400070 -2.156 20014 -20015 20022 -20023 20030 -20031 imp:n,p 1
300071 400071 -2.156 20014 -20015 20022 -20023 20031 -20032 imp:n,p 1
300072 400072 -2.156 20014 -20015 20022 -20023 20032 -20033 imp:n,p 1
300073 400073 -2.156 20014 -20015 20022 -20023 20033 -20034 imp:n,p 1
300074 400074 -2.156 20014 -20015 20022 -20023 20034 -20035 imp:n,p 1
300075 400075 -2.156 20010 -20011 20023 -20024 20030 -20031 imp:n,p 1
300076 400076 -2.156 20010 -20011 20023 -20024 20031 -20032 imp:n,p 1
300077 400077 -2.156 20010 -20011 20023 -20024 20032 -20033 imp:n,p 1
300078 400078 -2.156 20010 -20011 20023 -20024 20033 -20034 imp:n,p 1
300079 400079 -2.156 20010 -20011 20023 -20024 20034 -20035 imp:n,p 1
300080 400080 -2.156 20011 -20012 20023 -20024 20030 -20031 imp:n,p 1
300081 400081 -2.156 20011 -20012 20023 -20024 20031 -20032 imp:n,p 1
300082 400082 -2.156 20011 -20012 20023 -20024 20032 -20033 imp:n,p 1
300083 400083 -2.156 20011 -20012 20023 -20024 20033 -20034 imp:n,p 1
300084 400084 -2.156 20011 -20012 20023 -20024 20034 -20035 imp:n,p 1
300085 400085 -2.156 20012 -20013 20023 -20024 20030 -20031 imp:n,p 1
300086 400086 -2.156 20012 -20013 20023 -20024 20031 -20032 imp:n,p 1
300087 400087 -2.156 20012 -20013 20023 -20024 20032 -20033 imp:n,p 1
300088 400088 -2.156 20012 -20013 20023 -20024 20033 -20034 imp:n,p 1
300089 400089 -2.156 20012 -20013 20023 -20024 20034 -20035 imp:n,p 1
300090 400090 -2.156 20013 -20014 20023 -20024 20030 -20031 imp:n,p 1
300091 400091 -2.156 20013 -20014 20023 -20024 20031 -20032 imp:n,p 1
300092 400092 -2.156 20013 -20014 20023 -20024 20032 -20033 imp:n,p 1
300093 400093 -2.156 20013 -20014 20023 -20024 20033 -20034 imp:n,p 1
300094 400094 -2.156 20013 -20014 20023 -20024 20034 -20035 imp:n,p 1
300095 400095 -2.156 20014 -20015 20023 -20024 20030 -20031 imp:n,p 1
300096 400096 -2.156 20014 -20015 20023 -20024 20031 -20032 imp:n,p 1
300097 400097 -2.156 20014 -20015 20023 -20024 20032 -20033 imp:n,p 1
300098 400098 -2.156 20014 -20015 20023 -20024 20033 -20034 imp:n,p 1
300099 400099 -2.156 20014 -20015 20023 -20024 20034 -20035 imp:n,p 1
300100 400100 -2.156 20010 -20011 20024 -20025 20030 -20031 imp:n,p 1
300101 400101 -2.156 20010 -20011 20024 -20025 20031 -20032 imp:n,p 1
300102 400102 -2.156 20010 -20011 20024 -20025 20032 -20033 imp:n,p 1
300103 400103 -2.156 20010 -20011 20024 -20025 20033 -20034 imp:n,p 1
300104 400104 -2.156 20010 -20011 20024 -20025 20034 -20035 imp:n,p 1
300105 400105 -2.156 20011 -20012 20024 -20025 20030 -20031 imp:n,p 1
300106 400106 -2.156 20011 -20012 20024 -20025 20031 -20032 imp:n,p 1
300107 400107 -2.156 20011 -20012 20024 -20025 20032 -20033 imp:n,p 1
300108 400108 -2.156 20011 -20012 20024 -20025 20033 -20034 imp:n,p 1
300109 400109 -2.156 20011 -20012 20024 -20025 20034 -20035 imp:n,p 1
300110 400110 -2.156 20012 -20013 20024 -20025 20030 -20031 imp:n,p 1
300111 400111 -2.156 20012 -20013 20024 -20025 20031 -20032 imp:n,p 1
300112 400112 -2.156 20012 -20013 20024 -20025 20032 -20033 imp:n,p 1
300113 400113 -2.156 20012 -20013 20024 -20025 20033 -20034 imp:n,p 1
300114 400114 -2.156 20012 -20013 20024 -20025 20034 -20035 imp:n,p 1
300115 400115 -2.156 20013 -20014 20024 -20025 20030 -20031 imp:n,p 1
300116 400116 -2.156 20013 -20014 20024 -20025 20031 -20032 imp:n,p 1
300117 400117 -2.156 20013 -20014 20024 -20025 20032 -20033 imp:n,p 1
300118 400118 -2.156 20013 -20014 20024 -20025 20033 -20034 imp:n,p 1
300119 400119 -2.156 20013 -20014 20024 -20025 20034 -20035 imp:n,p 1
300120 400120 -2.156 20014 -20015 20024 -20025 20030 -20031 imp:n,p 1
300121 400121 -2.156 20014 -20015 20024 -20025 20031 -20032 imp:n,p 1
300122 400122 -2.156 20014 -20015 20024 -20025 20032 -20033 imp:n,p 1
300123 400123 -2.156 20014 -20015 20024 -20025 20033 -20034 imp:n,p 1
300124 400124 -2.156 20014 -20015 20024 -20025 20034 -20035 imp:n,p 1
c
30 12 -0.00129 -200 #101 #121 #122 #123 #124 #125 #126 #127 #128 #129 #130 #131 #132 #133
        #21 #211 #212 #22 #221 #222 #23 #231 #232 #24 #241 #242 #20 imp:n,p 1 $Rest of the World
31 0 200 imp:n,p 0 $Outside world

c SURFACE CARDS
c
c Sample Volume
20010 px -56.0
20011 px -33.600000000000364
20012 px -11.199999999999818
20013 px 11.199999999999818
20014 px 33.600000000000364
20015 px 56.0
20020 py -45.0
20021 py -27.0
20022 py -9.0
20023 py 9.0
20024 py 27.0
20025 py 45.0
20030 pz 92.0
20031 pz 82.0
20032 pz 72.0
20033 pz 62.0
20034 pz 52.0
20035 pz 42.0
c Active Detector Region
21 rcc 56  -5.0 -1.0   0.0 20.3 0.0   4.5 $Detector 1 Base center, Hx,Hy,Hz, radius
c Shielding Surfaces
c Shielding Pb
31 rpp 19 29 -7.5 7.5 -11 9 $PbPE xmin xmax ymin ymax zmin zmax
32 rpp 9 19 4 9 -11 9 $Pb xmin xmax ymin ymax zmin zmax
33 rpp 9 19 -9 -4 -11 9 $Pb xmin xmax ymin ymax zmin zmax
34 rpp 19 29 7.5 12.5 -11 9 $Pb xmin xmax ymin ymax zmin zmax
35 rpp 19 29 -12.5 -7.5 -11 9 $Pb xmin xmax ymin ymax zmin zmax
36 rpp 29 34 -15 15 -11 9 $Pb xmin xmax ymin ymax zmin zmax
37 rpp 9 19 -4 4 4 9 $Pb xmin xmax ymin ymax zmin zmax
38 rpp -26 26 18 28 -11 9 $BA1 xmin xmax ymin ymax zmin zmax
39 rpp -26 26 -28 -18 -11 9 $BA2 xmin xmax ymin ymax zmin zmax
40 rpp -65 65 -28 28 10 10.5 $Al xmin xmax ymin ymax zmin zmax
401 rpp -27 27 29 34 -11 9 $Fe xmin xmax ymin ymax zmin zmax
402 rpp -27 27 -34 -29 -11 9 $Fe xmin xmax ymin ymax zmin zmax
301 px -20
302 px 18
303 cx 3.71
304 cx 3.81
c Wheels Surfaces
c 23/10.5-12 turf tires, 22.6 lb rubber
c diameter 29cm, tread width 25cm, and sidewall height 13.76 cm
c set thickness of all sides 1.3 cm (s.t. weight is 22.6 lb)
41 rcc -2 77 8   0.0 25 0.0 29 $wheel 1 outer tread surface
42 rcc -2 77 8   0.0 25 0.0 27.7 $wheel 1 inner tread surface
421 rcc -2 75.7 8   0.0 1.3 0.0 29 $wheel 1 outside sidewall exterior
422 rcc -2 75.7 8   0.0 1.3 0.0 15.24 $wheel 1 outside sidewall interior
423 rcc -2 102 8   0.0 1.3 0.0 29 $wheel 1 inside sidewall exterior
424 rcc -2 102 8   0.0 1.3 0.0 15.24 $wheel 1 inside sidewall interior
43 rcc 68 77 8   0.0 25 0.0 29 $wheel 2
44 rcc 68 77 8   0.0 25 0.0 27.7
441 rcc 68 75.7 8   0.0 1.3 0.0 29
442 rcc 68 75.7 8   0.0 1.3 0.0 15.24
443 rcc 68 102 8   0.0 1.3 0.0 29
444 rcc 68 102 8   0.0 1.3 0.0 15.24
45 rcc -2 -77 8   0.0 -25 0.0 29 $wheel 3
46 rcc -2 -77 8   0.0 -25 0.0 27.7
461 rcc -2 -75.7 8   0.0 -1.3 0.0 29
462 rcc -2 -75.7 8   0.0 -1.3 0.0 15.24
463 rcc -2 -102 8   0.0 -1.3 0.0 29
464 rcc -2 -102 8   0.0 -1.3 0.0 15.24
47 rcc 68 -77 8   0.0 -25 0.0 29 $wheel 4
48 rcc 68 -77 8   0.0 -25 0.0 27.7
481 rcc 68 -75.7 8   0.0 -1.3 0.0 29
482 rcc 68 -75.7 8   0.0 -1.3 0.0 15.24
483 rcc 68 -102 8   0.0 -1.3 0.0 29
484 rcc 68 -102 8   0.0 -1.3 0.0 15.24
200 so 800    $sphere of 800cm centered at origin
c

c DATA CARDS
mode n p
c dump every hr
prdmp -60 -60 -1
c 100 keV Neutron Energy Cutoff
Cut:n 1j 0.1
c analog neutron transport
phys:n 1j 14
phys:p
sdef pos=0 0 0 erg=14.0 vec= 0 0 1 dir=d1
si1  -1 .93 1
sp1   0  0.0  1.0
c ********************
c begin material cards
c ********************
c Pure Carbon
c ****************************************
m400000 6000 -0.004003043415981286 7000 -0.004003043415981286 14000 -0.9919939131680374 
m400001 6000 -0.0031150902610967337 7000 -0.0031150902610967337 14000 -0.9937698194778066 
m400002 6000 -0.0035133868192114342 7000 -0.0035133868192114342 14000 -0.992973226361577 
m400003 6000 -0.005581984656204528 7000 -0.005581984656204528 14000 -0.988836030687591 
m400004 6000 -0.009005061581340575 7000 -0.009005061581340575 14000 -0.9819898768373188 
m400005 6000 -0.004027891511398746 7000 -0.004027891511398746 14000 -0.9919442169772025 
m400006 6000 -0.003124898406731866 7000 -0.003124898406731866 14000 -0.9937502031865361 
m400007 6000 -0.003752515152427574 7000 -0.003752515152427574 14000 -0.9924949696951448 
m400008 6000 -0.005501948562444979 7000 -0.005501948562444979 14000 -0.9889961028751104 
m400009 6000 -0.00906131247956125 7000 -0.00906131247956125 14000 -0.981877375040878 
m400010 6000 -0.003962263437077441 7000 -0.003962263437077441 14000 -0.992075473125845 
m400011 6000 -0.003155626728067284 7000 -0.003155626728067284 14000 -0.9936887465438652 
m400012 6000 -0.003672920862678766 7000 -0.003672920862678766 14000 -0.9926541582746421 
m400013 6000 -0.005950966979315661 7000 -0.005950966979315661 14000 -0.988098066041369 
m400014 6000 -0.008323699856266336 7000 -0.008323699856266336 14000 -0.9833526002874672 
m400015 6000 -0.00395198276088752 7000 -0.00395198276088752 14000 -0.992096034478225 
m400016 6000 -0.0030898504276670956 7000 -0.0030898504276670956 14000 -0.9938202991446655 
m400017 6000 -0.0037213695671735134 7000 -0.0037213695671735134 14000 -0.9925572608656529 
m400018 6000 -0.005570666886409996 7000 -0.005570666886409996 14000 -0.9888586662271802 
m400019 6000 -0.009467286387455386 7000 -0.009467286387455386 14000 -0.9810654272250892 
m400020 6000 -0.0040978834699678 7000 -0.0040978834699678 14000 -0.9918042330600642 
m400021 6000 -0.0031552622749115057 7000 -0.0031552622749115057 14000 -0.9936894754501769 
m400022 6000 -0.003672269215944502 7000 -0.003672269215944502 14000 -0.9926554615681112 
m400023 6000 -0.005767591426854432 7000 -0.005767591426854432 14000 -0.9884648171462912 
m400024 6000 -0.009469959489305292 7000 -0.009469959489305292 14000 -0.9810600810213898 
m400025 6000 -0.003986935195306679 7000 -0.003986935195306679 14000 -0.9920261296093866 
m400026 6000 -0.003097949677250038 7000 -0.003097949677250038 14000 -0.9938041006455002 
m400027 6000 -0.003918888590818026 7000 -0.003918888590818026 14000 -0.992162222818364 
m400028 6000 -0.005959791346648534 7000 -0.005959791346648534 14000 -0.9880804173067029 
m400029 6000 -0.00904528677424056 7000 -0.00904528677424056 14000 -0.981909426451519 
m400030 6000 -0.00397822753707421 7000 -0.00397822753707421 14000 -0.9920435449258517 
m400031 6000 -0.0031239106725560505 7000 -0.0031239106725560505 14000 -0.9937521786548881 
m400032 6000 -0.003617617060564638 7000 -0.003617617060564638 14000 -0.9927647658788711 
m400033 6000 -0.005453940811065626 7000 -0.005453940811065626 14000 -0.9890921183778687 
m400034 6000 -0.008917250139965919 7000 -0.008917250139965919 14000 -0.9821654997200683 
m400035 6000 -0.003950324985582806 7000 -0.003950324985582806 14000 -0.9920993500288344 
m400036 6000 -0.0031831949220555776 7000 -0.0031831949220555776 14000 -0.9936336101558887 
m400037 6000 -0.003824184389621641 7000 -0.003824184389621641 14000 -0.9923516312207568 
m400038 6000 -0.005875498850851249 7000 -0.005875498850851249 14000 -0.9882490022982977 
m400039 6000 -0.009092905878488884 7000 -0.009092905878488884 14000 -0.981814188243022 
m400040 6000 -0.0041338613647323216 7000 -0.0041338613647323216 14000 -0.9917322772705351 
m400041 6000 -0.0031564186454510184 7000 -0.0031564186454510184 14000 -0.9936871627090978 
m400042 6000 -0.003668356240793871 7000 -0.003668356240793871 14000 -0.9926632875184125 
m400043 6000 -0.005551758539126242 7000 -0.005551758539126242 14000 -0.9888964829217476 
m400044 6000 -0.008486429413924839 7000 -0.008486429413924839 14000 -0.9830271411721503 
m400045 6000 -0.0040157680382936125 7000 -0.0040157680382936125 14000 -0.9919684639234129 
m400046 6000 -0.0031021642746309765 7000 -0.0031021642746309765 14000 -0.9937956714507382 
m400047 6000 -0.0036350302361896126 7000 -0.0036350302361896126 14000 -0.9927299395276209 
m400048 6000 -0.005879116038028134 7000 -0.005879116038028134 14000 -0.9882417679239434 
m400049 6000 -0.008775952553241022 7000 -0.008775952553241022 14000 -0.9824480948935179 
m400050 6000 -0.0041010640737840715 7000 -0.0041010640737840715 14000 -0.9917978718524322 
m400051 6000 -0.003050681330885369 7000 -0.003050681330885369 14000 -0.9938986373382294 
m400052 6000 -0.003679208509322661 7000 -0.003679208509322661 14000 -0.992641582981355 
m400053 6000 -0.00562664061618513 7000 -0.00562664061618513 14000 -0.9887467187676298 
m400054 6000 -0.009290075253913956 7000 -0.009290075253913956 14000 -0.9814198494921722 
m400055 6000 -0.003903127027993824 7000 -0.003903127027993824 14000 -0.9921937459440128 
m400056 6000 -0.003103013985732116 7000 -0.003103013985732116 14000 -0.9937939720285359 
m400057 6000 -0.0036843520811051 7000 -0.0036843520811051 14000 -0.9926312958377896 
m400058 6000 -0.005868568283149711 7000 -0.005868568283149711 14000 -0.9882628634337003 
m400059 6000 -0.008693089885250478 7000 -0.008693089885250478 14000 -0.9826138202294991 
m400060 6000 -0.0041878298735109785 7000 -0.0041878298735109785 14000 -0.991624340252978 
m400061 6000 -0.003102201561748967 7000 -0.003102201561748967 14000 -0.9937955968765024 
m400062 6000 -0.003966458328494214 7000 -0.003966458328494214 14000 -0.9920670833430114 
m400063 6000 -0.0057660199443771544 7000 -0.0057660199443771544 14000 -0.9884679601112459 
m400064 6000 -0.009600987068061001 7000 -0.009600987068061001 14000 -0.9807980258638778 
m400065 6000 -0.0038784710675195903 7000 -0.0038784710675195903 14000 -0.9922430578649606 
m400066 6000 -0.003160801785305811 7000 -0.003160801785305811 14000 -0.9936783964293885 
m400067 6000 -0.0037663975662464992 7000 -0.0037663975662464992 14000 -0.9924672048675073 
m400068 6000 -0.005528337312732561 7000 -0.005528337312732561 14000 -0.9889433253745348 
m400069 6000 -0.008714097454136892 7000 -0.008714097454136892 14000 -0.9825718050917264 
m400070 6000 -0.0038400967012323707 7000 -0.0038400967012323707 14000 -0.9923198065975353 
m400071 6000 -0.0031602953745925037 7000 -0.0031602953745925037 14000 -0.9936794092508151 
m400072 6000 -0.0037565177887366064 7000 -0.0037565177887366064 14000 -0.9924869644225269 
m400073 6000 -0.0054342585310267035 7000 -0.0054342585310267035 14000 -0.9891314829379467 
m400074 6000 -0.008633199459177102 7000 -0.008633199459177102 14000 -0.9827336010816459 
m400075 6000 -0.004129049696301872 7000 -0.004129049696301872 14000 -0.9917419006073961 
m400076 6000 -0.0031482400155859935 7000 -0.0031482400155859935 14000 -0.993703519968828 
m400077 6000 -0.003763452754954732 7000 -0.003763452754954732 14000 -0.9924730944900908 
m400078 6000 -0.0056939411795328895 7000 -0.0056939411795328895 14000 -0.9886121176409342 
m400079 6000 -0.009318199440734212 7000 -0.009318199440734212 14000 -0.9813636011185316 
m400080 6000 -0.0040932685290135315 7000 -0.0040932685290135315 14000 -0.9918134629419731 
m400081 6000 -0.0030693661252795008 7000 -0.0030693661252795008 14000 -0.9938612677494412 
m400082 6000 -0.0037107267859423465 7000 -0.0037107267859423465 14000 -0.9925785464281154 
m400083 6000 -0.005606746332762941 7000 -0.005606746332762941 14000 -0.988786507334474 
m400084 6000 -0.008855770602471431 7000 -0.008855770602471431 14000 -0.9822884587950571 
m400085 6000 -0.004137917892055061 7000 -0.004137917892055061 14000 -0.9917241642158899 
m400086 6000 -0.003149238262723828 7000 -0.003149238262723828 14000 -0.9937015234745522 
m400087 6000 -0.0038509728514942772 7000 -0.0038509728514942772 14000 -0.9922980542970117 
m400088 6000 -0.005926694130507118 7000 -0.005926694130507118 14000 -0.988146611738986 
m400089 6000 -0.008571688947317567 7000 -0.008571688947317567 14000 -0.9828566221053648 
m400090 6000 -0.004208326419395539 7000 -0.004208326419395539 14000 -0.9915833471612087 
m400091 6000 -0.0030842209005673845 7000 -0.0030842209005673845 14000 -0.9938315581988652 
m400092 6000 -0.003522061015975073 7000 -0.003522061015975073 14000 -0.9929558779680498 
m400093 6000 -0.005751400029760874 7000 -0.005751400029760874 14000 -0.9884971999404784 
m400094 6000 -0.008956076252823348 7000 -0.008956076252823348 14000 -0.9820878474943534 
m400095 6000 -0.003840986647335472 7000 -0.003840986647335472 14000 -0.9923180267053291 
m400096 6000 -0.003196061923332319 7000 -0.003196061923332319 14000 -0.9936078761533351 
m400097 6000 -0.003720504402664882 7000 -0.003720504402664882 14000 -0.9925589911946703 
m400098 6000 -0.005537567008370781 7000 -0.005537567008370781 14000 -0.9889248659832585 
m400099 6000 -0.009676418169161363 7000 -0.009676418169161363 14000 -0.9806471636616773 
m400100 6000 -0.003704148114830513 7000 -0.003704148114830513 14000 -0.9925917037703388 
m400101 6000 -0.0031500620036992045 7000 -0.0031500620036992045 14000 -0.9936998759926016 
m400102 6000 -0.0037953596271789493 7000 -0.0037953596271789493 14000 -0.992409280745642 
m400103 6000 -0.005552051546737024 7000 -0.005552051546737024 14000 -0.9888958969065258 
m400104 6000 -0.009426988486616487 7000 -0.009426988486616487 14000 -0.9811460230267671 
m400105 6000 -0.004075586465850436 7000 -0.004075586465850436 14000 -0.9918488270682991 
m400106 6000 -0.00310750150003086 7000 -0.00310750150003086 14000 -0.9937849969999384 
m400107 6000 -0.0036288784957413138 7000 -0.0036288784957413138 14000 -0.9927422430085175 
m400108 6000 -0.005803331476580448 7000 -0.005803331476580448 14000 -0.9883933370468391 
m400109 6000 -0.009229642022190421 7000 -0.009229642022190421 14000 -0.9815407159556192 
m400110 6000 -0.004203807009917015 7000 -0.004203807009917015 14000 -0.9915923859801659 
m400111 6000 -0.0031088917828359297 7000 -0.0031088917828359297 14000 -0.993782216434328 
m400112 6000 -0.003828918003840302 7000 -0.003828918003840302 14000 -0.9923421639923194 
m400113 6000 -0.005463386997140817 7000 -0.005463386997140817 14000 -0.9890732260057185 
m400114 6000 -0.009305643851723656 7000 -0.009305643851723656 14000 -0.9813887122965526 
m400115 6000 -0.004086784124601777 7000 -0.004086784124601777 14000 -0.9918264317507964 
m400116 6000 -0.0031413448209149358 7000 -0.0031413448209149358 14000 -0.99371731035817 
m400117 6000 -0.0038322163811232773 7000 -0.0038322163811232773 14000 -0.9923355672377534 
m400118 6000 -0.005611330633032861 7000 -0.005611330633032861 14000 -0.9887773387339344 
m400119 6000 -0.009208424115764322 7000 -0.009208424115764322 14000 -0.981583151768471 
m400120 6000 -0.004173345842584903 7000 -0.004173345842584903 14000 -0.9916533083148302 
m400121 6000 -0.003135951424097019 7000 -0.003135951424097019 14000 -0.9937280971518065 
m400122 6000 -0.0037791075862380315 7000 -0.0037791075862380315 14000 -0.9924417848275242 
m400123 6000 -0.005808974812935198 7000 -0.005808974812935198 14000 -0.9883820503741296 
m400124 6000 -0.00872957385818453 7000 -0.00872957385818453 14000 -0.9825408522836306 
c **********************************
c PE+Pb, dens=4.78 g/cm3
m2      6000    -0.04286 $Carbon
        1001    -0.00714 $Hydrogen
        82000   -0.95000 $Lead
c **********************************
m3    1001 -0.048535 $Boric acid
      5010 -0.034981
      5011 -0.139923
      8016 -0.776561
c **********************************
m4    82000 1 $Lead
c **********************************
m5 26000 1 $Iron
c **********************************
m6     13027   -1.000 $ Aluminum
c **********************************
c  SS-304 (8.00 g/cm3), #298 in PNNL Compendium
m7   006000.50c -0.0004000
     014000.60c -0.0050000
     015031.50c -0.0002300
     016000.60c -0.0001500
     024000.50c -0.1899981
     025055.60c -0.0099999
     026000.50c -0.7017229
     028000.50c -0.0924991
c ****************************************
c       LaBr detector
c ****************************************
m8       35079    -0.2946       $ Br79
         35081    -0.3069       $ Br81
         57139    -0.3485       $ La139
         58140    -0.0500       $ Ce140
c ************ air den=1.15e-3g/cc
m12     8016 -0.23
        7014 -0.77
c ************ Rubber Natural den=0.92 g/cc
m13     1001 -0.118371  $weight fraction
        6000 -0.881629
c
c end material cards
c
rand seed=8674536546524321 $different initial random #; seed# - any less 18 digits
c
c ********** begin tallies *********************
fc78 *********Broadened Pulse Height Tally Sum of Detectors 1,2 & 3 ***********
e78 0 1e-5 932i 8.4295
F78:p (101)
FT78 GEB -0.026198 0.059551 -0.037176
fc18 *********Unbroadened Pulse Height Tally Sum of Detectors 1,2 & 3 ***********
e18 0 1e-5 932i 8.4295
F18:p (101)
c ***********************************
c mplot tal 78 freq 10000
nps 1e9
