c CAS DETECTOR
c w/ Shielding in Place and Wheels
c
c CELL CARDS
c
c @@@@@@@@@@ Detectors @@@@@@@@@@@@@@@@@
c
101 8 -5.08 -21 imp:n,p 1 $LaBr Detector #1 Active Region
c
c @@@@@@@@@ Shielding @@@@@@@@@@@@@@@@@
c
121 2 -4.78 -31 imp:n,p 1 $PE_Pb
122 4 -11.29 -32 imp:n,p 1 $Pb1
123 4 -11.29 -33 imp:n,p 1 $Pb2
124 4 -11.29 -34 imp:n,p 1 $Pb3
125 4 -11.29 -35 imp:n,p 1 $Pb4
126 4 -11.29 -36 imp:n,p 1 $Pb5
127 4 -11.29 -37 imp:n,p 1 $Pb6
128 3 -1.5 -38 imp:n,p 1 $BA1
129 3 -1.5 -39 imp:n,p 1 $BA2
130 6 -2.7 -40 imp:n,p 1 $Al
131 7 -7.92 301 -302 303 -304 imp:n,p 1 $Fe-tube
132 5 -7.8 -401 imp:n,p 1 $Fe
133 5 -7.8 -402 imp:n,p 1 $Fe
c @@@@@@@@@@ Wheels @@@@@@@@@@@@@@@@@
c
21 13 -0.92 -41 42 imp:n,p 1 $Wheel 1
211 13 -0.92 -421 422 imp:n,p 1 $Wheel 1
212 13 -0.92 -423 424 imp:n,p 1 $Wheel 1
22 13 -0.92 -43 44 imp:n,p 1 $Wheel 2
221 13 -0.92 -441 442 imp:n,p 1 $Wheel 2
222 13 -0.92 -443 444 imp:n,p 1 $Wheel 2
23 13 -0.92 -45 46 imp:n,p 1 $Wheel 3
231 13 -0.92 -461 462 imp:n,p 1 $Wheel 3
232 13 -0.92 -463 464 imp:n,p 1 $Wheel 3
24 13 -0.92 -47 48 imp:n,p 1 $Wheel 4
241 13 -0.92 -481 482 imp:n,p 1 $Wheel 4
242 13 -0.92 -483 484 imp:n,p 1 $Wheel 4
c
c @@@@@@@@@@ SOIL VOLUME @@@@@@@@@@@
c
300000 400000 -2.156 20010 -20011 20020 -20021 20030 -20031 imp:n,p 1
300001 400001 -2.156 20010 -20011 20020 -20021 20031 -20032 imp:n,p 1
300002 400002 -2.156 20010 -20011 20020 -20021 20032 -20033 imp:n,p 1
300003 400003 -2.156 20010 -20011 20020 -20021 20033 -20034 imp:n,p 1
300004 400004 -2.156 20010 -20011 20020 -20021 20034 -20035 imp:n,p 1
300005 400005 -2.156 20011 -20012 20020 -20021 20030 -20031 imp:n,p 1
300006 400006 -2.156 20011 -20012 20020 -20021 20031 -20032 imp:n,p 1
300007 400007 -2.156 20011 -20012 20020 -20021 20032 -20033 imp:n,p 1
300008 400008 -2.156 20011 -20012 20020 -20021 20033 -20034 imp:n,p 1
300009 400009 -2.156 20011 -20012 20020 -20021 20034 -20035 imp:n,p 1
300010 400010 -2.156 20012 -20013 20020 -20021 20030 -20031 imp:n,p 1
300011 400011 -2.156 20012 -20013 20020 -20021 20031 -20032 imp:n,p 1
300012 400012 -2.156 20012 -20013 20020 -20021 20032 -20033 imp:n,p 1
300013 400013 -2.156 20012 -20013 20020 -20021 20033 -20034 imp:n,p 1
300014 400014 -2.156 20012 -20013 20020 -20021 20034 -20035 imp:n,p 1
300015 400015 -2.156 20013 -20014 20020 -20021 20030 -20031 imp:n,p 1
300016 400016 -2.156 20013 -20014 20020 -20021 20031 -20032 imp:n,p 1
300017 400017 -2.156 20013 -20014 20020 -20021 20032 -20033 imp:n,p 1
300018 400018 -2.156 20013 -20014 20020 -20021 20033 -20034 imp:n,p 1
300019 400019 -2.156 20013 -20014 20020 -20021 20034 -20035 imp:n,p 1
300020 400020 -2.156 20014 -20015 20020 -20021 20030 -20031 imp:n,p 1
300021 400021 -2.156 20014 -20015 20020 -20021 20031 -20032 imp:n,p 1
300022 400022 -2.156 20014 -20015 20020 -20021 20032 -20033 imp:n,p 1
300023 400023 -2.156 20014 -20015 20020 -20021 20033 -20034 imp:n,p 1
300024 400024 -2.156 20014 -20015 20020 -20021 20034 -20035 imp:n,p 1
300025 400025 -2.156 20010 -20011 20021 -20022 20030 -20031 imp:n,p 1
300026 400026 -2.156 20010 -20011 20021 -20022 20031 -20032 imp:n,p 1
300027 400027 -2.156 20010 -20011 20021 -20022 20032 -20033 imp:n,p 1
300028 400028 -2.156 20010 -20011 20021 -20022 20033 -20034 imp:n,p 1
300029 400029 -2.156 20010 -20011 20021 -20022 20034 -20035 imp:n,p 1
300030 400030 -2.156 20011 -20012 20021 -20022 20030 -20031 imp:n,p 1
300031 400031 -2.156 20011 -20012 20021 -20022 20031 -20032 imp:n,p 1
300032 400032 -2.156 20011 -20012 20021 -20022 20032 -20033 imp:n,p 1
300033 400033 -2.156 20011 -20012 20021 -20022 20033 -20034 imp:n,p 1
300034 400034 -2.156 20011 -20012 20021 -20022 20034 -20035 imp:n,p 1
300035 400035 -2.156 20012 -20013 20021 -20022 20030 -20031 imp:n,p 1
300036 400036 -2.156 20012 -20013 20021 -20022 20031 -20032 imp:n,p 1
300037 400037 -2.156 20012 -20013 20021 -20022 20032 -20033 imp:n,p 1
300038 400038 -2.156 20012 -20013 20021 -20022 20033 -20034 imp:n,p 1
300039 400039 -2.156 20012 -20013 20021 -20022 20034 -20035 imp:n,p 1
300040 400040 -2.156 20013 -20014 20021 -20022 20030 -20031 imp:n,p 1
300041 400041 -2.156 20013 -20014 20021 -20022 20031 -20032 imp:n,p 1
300042 400042 -2.156 20013 -20014 20021 -20022 20032 -20033 imp:n,p 1
300043 400043 -2.156 20013 -20014 20021 -20022 20033 -20034 imp:n,p 1
300044 400044 -2.156 20013 -20014 20021 -20022 20034 -20035 imp:n,p 1
300045 400045 -2.156 20014 -20015 20021 -20022 20030 -20031 imp:n,p 1
300046 400046 -2.156 20014 -20015 20021 -20022 20031 -20032 imp:n,p 1
300047 400047 -2.156 20014 -20015 20021 -20022 20032 -20033 imp:n,p 1
300048 400048 -2.156 20014 -20015 20021 -20022 20033 -20034 imp:n,p 1
300049 400049 -2.156 20014 -20015 20021 -20022 20034 -20035 imp:n,p 1
300050 400050 -2.156 20010 -20011 20022 -20023 20030 -20031 imp:n,p 1
300051 400051 -2.156 20010 -20011 20022 -20023 20031 -20032 imp:n,p 1
300052 400052 -2.156 20010 -20011 20022 -20023 20032 -20033 imp:n,p 1
300053 400053 -2.156 20010 -20011 20022 -20023 20033 -20034 imp:n,p 1
300054 400054 -2.156 20010 -20011 20022 -20023 20034 -20035 imp:n,p 1
300055 400055 -2.156 20011 -20012 20022 -20023 20030 -20031 imp:n,p 1
300056 400056 -2.156 20011 -20012 20022 -20023 20031 -20032 imp:n,p 1
300057 400057 -2.156 20011 -20012 20022 -20023 20032 -20033 imp:n,p 1
300058 400058 -2.156 20011 -20012 20022 -20023 20033 -20034 imp:n,p 1
300059 400059 -2.156 20011 -20012 20022 -20023 20034 -20035 imp:n,p 1
300060 400060 -2.156 20012 -20013 20022 -20023 20030 -20031 imp:n,p 1
300061 400061 -2.156 20012 -20013 20022 -20023 20031 -20032 imp:n,p 1
300062 400062 -2.156 20012 -20013 20022 -20023 20032 -20033 imp:n,p 1
300063 400063 -2.156 20012 -20013 20022 -20023 20033 -20034 imp:n,p 1
300064 400064 -2.156 20012 -20013 20022 -20023 20034 -20035 imp:n,p 1
300065 400065 -2.156 20013 -20014 20022 -20023 20030 -20031 imp:n,p 1
300066 400066 -2.156 20013 -20014 20022 -20023 20031 -20032 imp:n,p 1
300067 400067 -2.156 20013 -20014 20022 -20023 20032 -20033 imp:n,p 1
300068 400068 -2.156 20013 -20014 20022 -20023 20033 -20034 imp:n,p 1
300069 400069 -2.156 20013 -20014 20022 -20023 20034 -20035 imp:n,p 1
300070 400070 -2.156 20014 -20015 20022 -20023 20030 -20031 imp:n,p 1
300071 400071 -2.156 20014 -20015 20022 -20023 20031 -20032 imp:n,p 1
300072 400072 -2.156 20014 -20015 20022 -20023 20032 -20033 imp:n,p 1
300073 400073 -2.156 20014 -20015 20022 -20023 20033 -20034 imp:n,p 1
300074 400074 -2.156 20014 -20015 20022 -20023 20034 -20035 imp:n,p 1
300075 400075 -2.156 20010 -20011 20023 -20024 20030 -20031 imp:n,p 1
300076 400076 -2.156 20010 -20011 20023 -20024 20031 -20032 imp:n,p 1
300077 400077 -2.156 20010 -20011 20023 -20024 20032 -20033 imp:n,p 1
300078 400078 -2.156 20010 -20011 20023 -20024 20033 -20034 imp:n,p 1
300079 400079 -2.156 20010 -20011 20023 -20024 20034 -20035 imp:n,p 1
300080 400080 -2.156 20011 -20012 20023 -20024 20030 -20031 imp:n,p 1
300081 400081 -2.156 20011 -20012 20023 -20024 20031 -20032 imp:n,p 1
300082 400082 -2.156 20011 -20012 20023 -20024 20032 -20033 imp:n,p 1
300083 400083 -2.156 20011 -20012 20023 -20024 20033 -20034 imp:n,p 1
300084 400084 -2.156 20011 -20012 20023 -20024 20034 -20035 imp:n,p 1
300085 400085 -2.156 20012 -20013 20023 -20024 20030 -20031 imp:n,p 1
300086 400086 -2.156 20012 -20013 20023 -20024 20031 -20032 imp:n,p 1
300087 400087 -2.156 20012 -20013 20023 -20024 20032 -20033 imp:n,p 1
300088 400088 -2.156 20012 -20013 20023 -20024 20033 -20034 imp:n,p 1
300089 400089 -2.156 20012 -20013 20023 -20024 20034 -20035 imp:n,p 1
300090 400090 -2.156 20013 -20014 20023 -20024 20030 -20031 imp:n,p 1
300091 400091 -2.156 20013 -20014 20023 -20024 20031 -20032 imp:n,p 1
300092 400092 -2.156 20013 -20014 20023 -20024 20032 -20033 imp:n,p 1
300093 400093 -2.156 20013 -20014 20023 -20024 20033 -20034 imp:n,p 1
300094 400094 -2.156 20013 -20014 20023 -20024 20034 -20035 imp:n,p 1
300095 400095 -2.156 20014 -20015 20023 -20024 20030 -20031 imp:n,p 1
300096 400096 -2.156 20014 -20015 20023 -20024 20031 -20032 imp:n,p 1
300097 400097 -2.156 20014 -20015 20023 -20024 20032 -20033 imp:n,p 1
300098 400098 -2.156 20014 -20015 20023 -20024 20033 -20034 imp:n,p 1
300099 400099 -2.156 20014 -20015 20023 -20024 20034 -20035 imp:n,p 1
300100 400100 -2.156 20010 -20011 20024 -20025 20030 -20031 imp:n,p 1
300101 400101 -2.156 20010 -20011 20024 -20025 20031 -20032 imp:n,p 1
300102 400102 -2.156 20010 -20011 20024 -20025 20032 -20033 imp:n,p 1
300103 400103 -2.156 20010 -20011 20024 -20025 20033 -20034 imp:n,p 1
300104 400104 -2.156 20010 -20011 20024 -20025 20034 -20035 imp:n,p 1
300105 400105 -2.156 20011 -20012 20024 -20025 20030 -20031 imp:n,p 1
300106 400106 -2.156 20011 -20012 20024 -20025 20031 -20032 imp:n,p 1
300107 400107 -2.156 20011 -20012 20024 -20025 20032 -20033 imp:n,p 1
300108 400108 -2.156 20011 -20012 20024 -20025 20033 -20034 imp:n,p 1
300109 400109 -2.156 20011 -20012 20024 -20025 20034 -20035 imp:n,p 1
300110 400110 -2.156 20012 -20013 20024 -20025 20030 -20031 imp:n,p 1
300111 400111 -2.156 20012 -20013 20024 -20025 20031 -20032 imp:n,p 1
300112 400112 -2.156 20012 -20013 20024 -20025 20032 -20033 imp:n,p 1
300113 400113 -2.156 20012 -20013 20024 -20025 20033 -20034 imp:n,p 1
300114 400114 -2.156 20012 -20013 20024 -20025 20034 -20035 imp:n,p 1
300115 400115 -2.156 20013 -20014 20024 -20025 20030 -20031 imp:n,p 1
300116 400116 -2.156 20013 -20014 20024 -20025 20031 -20032 imp:n,p 1
300117 400117 -2.156 20013 -20014 20024 -20025 20032 -20033 imp:n,p 1
300118 400118 -2.156 20013 -20014 20024 -20025 20033 -20034 imp:n,p 1
300119 400119 -2.156 20013 -20014 20024 -20025 20034 -20035 imp:n,p 1
300120 400120 -2.156 20014 -20015 20024 -20025 20030 -20031 imp:n,p 1
300121 400121 -2.156 20014 -20015 20024 -20025 20031 -20032 imp:n,p 1
300122 400122 -2.156 20014 -20015 20024 -20025 20032 -20033 imp:n,p 1
300123 400123 -2.156 20014 -20015 20024 -20025 20033 -20034 imp:n,p 1
300124 400124 -2.156 20014 -20015 20024 -20025 20034 -20035 imp:n,p 1
c
30 12 -0.00129 -200 #101 #121 #122 #123 #124 #125 #126 #127 #128 #129 #130 #131 #132 #133
        #21 #211 #212 #22 #221 #222 #23 #231 #232 #24 #241 #242 #20 imp:n,p 1 $Rest of the World
31 0 200 imp:n,p 0 $Outside world

c SURFACE CARDS
c
c Sample Volume
20010 px -56.0
20011 px -33.600000000000364
20012 px -11.199999999999818
20013 px 11.199999999999818
20014 px 33.600000000000364
20015 px 56.0
20020 py -45.0
20021 py -27.0
20022 py -9.0
20023 py 9.0
20024 py 27.0
20025 py 45.0
20030 pz 92.0
20031 pz 82.0
20032 pz 72.0
20033 pz 62.0
20034 pz 52.0
20035 pz 42.0
c Active Detector Region
21 rcc 56  -5.0 -1.0   0.0 20.3 0.0   4.5 $Detector 1 Base center, Hx,Hy,Hz, radius
c Shielding Surfaces
c Shielding Pb
31 rpp 19 29 -7.5 7.5 -11 9 $PbPE xmin xmax ymin ymax zmin zmax
32 rpp 9 19 4 9 -11 9 $Pb xmin xmax ymin ymax zmin zmax
33 rpp 9 19 -9 -4 -11 9 $Pb xmin xmax ymin ymax zmin zmax
34 rpp 19 29 7.5 12.5 -11 9 $Pb xmin xmax ymin ymax zmin zmax
35 rpp 19 29 -12.5 -7.5 -11 9 $Pb xmin xmax ymin ymax zmin zmax
36 rpp 29 34 -15 15 -11 9 $Pb xmin xmax ymin ymax zmin zmax
37 rpp 9 19 -4 4 4 9 $Pb xmin xmax ymin ymax zmin zmax
38 rpp -26 26 18 28 -11 9 $BA1 xmin xmax ymin ymax zmin zmax
39 rpp -26 26 -28 -18 -11 9 $BA2 xmin xmax ymin ymax zmin zmax
40 rpp -65 65 -28 28 10 10.5 $Al xmin xmax ymin ymax zmin zmax
401 rpp -27 27 29 34 -11 9 $Fe xmin xmax ymin ymax zmin zmax
402 rpp -27 27 -34 -29 -11 9 $Fe xmin xmax ymin ymax zmin zmax
301 px -20
302 px 18
303 cx 3.71
304 cx 3.81
c Wheels Surfaces
c 23/10.5-12 turf tires, 22.6 lb rubber
c diameter 29cm, tread width 25cm, and sidewall height 13.76 cm
c set thickness of all sides 1.3 cm (s.t. weight is 22.6 lb)
41 rcc -2 77 8   0.0 25 0.0 29 $wheel 1 outer tread surface
42 rcc -2 77 8   0.0 25 0.0 27.7 $wheel 1 inner tread surface
421 rcc -2 75.7 8   0.0 1.3 0.0 29 $wheel 1 outside sidewall exterior
422 rcc -2 75.7 8   0.0 1.3 0.0 15.24 $wheel 1 outside sidewall interior
423 rcc -2 102 8   0.0 1.3 0.0 29 $wheel 1 inside sidewall exterior
424 rcc -2 102 8   0.0 1.3 0.0 15.24 $wheel 1 inside sidewall interior
43 rcc 68 77 8   0.0 25 0.0 29 $wheel 2
44 rcc 68 77 8   0.0 25 0.0 27.7
441 rcc 68 75.7 8   0.0 1.3 0.0 29
442 rcc 68 75.7 8   0.0 1.3 0.0 15.24
443 rcc 68 102 8   0.0 1.3 0.0 29
444 rcc 68 102 8   0.0 1.3 0.0 15.24
45 rcc -2 -77 8   0.0 -25 0.0 29 $wheel 3
46 rcc -2 -77 8   0.0 -25 0.0 27.7
461 rcc -2 -75.7 8   0.0 -1.3 0.0 29
462 rcc -2 -75.7 8   0.0 -1.3 0.0 15.24
463 rcc -2 -102 8   0.0 -1.3 0.0 29
464 rcc -2 -102 8   0.0 -1.3 0.0 15.24
47 rcc 68 -77 8   0.0 -25 0.0 29 $wheel 4
48 rcc 68 -77 8   0.0 -25 0.0 27.7
481 rcc 68 -75.7 8   0.0 -1.3 0.0 29
482 rcc 68 -75.7 8   0.0 -1.3 0.0 15.24
483 rcc 68 -102 8   0.0 -1.3 0.0 29
484 rcc 68 -102 8   0.0 -1.3 0.0 15.24
200 so 800    $sphere of 800cm centered at origin
c

c DATA CARDS
mode n p
c dump every hr
prdmp -60 -60 -1
c 100 keV Neutron Energy Cutoff
Cut:n 1j 0.1
c analog neutron transport
phys:n 1j 14
phys:p
sdef pos=0 0 0 erg=14.0 vec= 0 0 1 dir=d1
si1  -1 .93 1
sp1   0  0.0  1.0
c ********************
c begin material cards
c ********************
c Pure Carbon
c ****************************************
m400000 6000 -0.0037000263921749973 7000 -0.0037000263921749973 14000 -0.9925999472156497 
m400001 6000 -0.003104144755647255 7000 -0.003104144755647255 14000 -0.9937917104887053 
m400002 6000 -0.0037014214595200235 7000 -0.0037014214595200235 14000 -0.99259715708096 
m400003 6000 -0.005977024106546268 7000 -0.005977024106546268 14000 -0.9880459517869071 
m400004 6000 -0.009018402109530163 7000 -0.009018402109530163 14000 -0.9819631957809396 
m400005 6000 -0.003912499307074442 7000 -0.003912499307074442 14000 -0.9921750013858509 
m400006 6000 -0.0031181167824334494 7000 -0.0031181167824334494 14000 -0.9937637664351331 
m400007 6000 -0.003613529839572614 7000 -0.003613529839572614 14000 -0.9927729403208546 
m400008 6000 -0.0055432939573266974 7000 -0.0055432939573266974 14000 -0.9889134120853464 
m400009 6000 -0.008844170147358301 7000 -0.008844170147358301 14000 -0.9823116597052836 
m400010 6000 -0.003988526972329084 7000 -0.003988526972329084 14000 -0.9920229460553418 
m400011 6000 -0.003091610450442392 7000 -0.003091610450442392 14000 -0.9938167790991155 
m400012 6000 -0.003504472556542692 7000 -0.003504472556542692 14000 -0.9929910548869144 
m400013 6000 -0.005410224905871608 7000 -0.005410224905871608 14000 -0.989179550188257 
m400014 6000 -0.00923733663679197 7000 -0.00923733663679197 14000 -0.981525326726416 
m400015 6000 -0.00405353621311697 7000 -0.00405353621311697 14000 -0.9918929275737659 
m400016 6000 -0.003127336246475496 7000 -0.003127336246475496 14000 -0.993745327507049 
m400017 6000 -0.0035889834913328572 7000 -0.0035889834913328572 14000 -0.9928220330173343 
m400018 6000 -0.00532323422523873 7000 -0.00532323422523873 14000 -0.9893535315495228 
m400019 6000 -0.008994130877115711 7000 -0.008994130877115711 14000 -0.9820117382457684 
m400020 6000 -0.0039044381872429647 7000 -0.0039044381872429647 14000 -0.9921911236255143 
m400021 6000 -0.0031125757761484335 7000 -0.0031125757761484335 14000 -0.9937748484477029 
m400022 6000 -0.0039189774131481135 7000 -0.0039189774131481135 14000 -0.992162045173704 
m400023 6000 -0.005747277991915033 7000 -0.005747277991915033 14000 -0.9885054440161696 
m400024 6000 -0.009068975960321558 7000 -0.009068975960321558 14000 -0.9818620480793571 
m400025 6000 -0.004009852007990806 7000 -0.004009852007990806 14000 -0.9919802959840185 
m400026 6000 -0.0031343550923061563 7000 -0.0031343550923061563 14000 -0.9937312898153877 
m400027 6000 -0.0037463517745636365 7000 -0.0037463517745636365 14000 -0.9925072964508729 
m400028 6000 -0.005819548738481761 7000 -0.005819548738481761 14000 -0.9883609025230368 
m400029 6000 -0.008621119082507617 7000 -0.008621119082507617 14000 -0.982757761834985 
m400030 6000 -0.0039013390446407076 7000 -0.0039013390446407076 14000 -0.9921973219107185 
m400031 6000 -0.003103225589655376 7000 -0.003103225589655376 14000 -0.9937935488206894 
m400032 6000 -0.003951632063271995 7000 -0.003951632063271995 14000 -0.9920967358734558 
m400033 6000 -0.0053948501463889345 7000 -0.0053948501463889345 14000 -0.9892102997072221 
m400034 6000 -0.008468900344941674 7000 -0.008468900344941674 14000 -0.9830621993101168 
m400035 6000 -0.0037471030307532744 7000 -0.0037471030307532744 14000 -0.9925057939384934 
m400036 6000 -0.003147130264112718 7000 -0.003147130264112718 14000 -0.9937057394717747 
m400037 6000 -0.0037067180964586205 7000 -0.0037067180964586205 14000 -0.992586563807083 
m400038 6000 -0.00508552909083279 7000 -0.00508552909083279 14000 -0.9898289418183341 
m400039 6000 -0.008982100055595806 7000 -0.008982100055595806 14000 -0.9820357998888085 
m400040 6000 -0.004154406276271264 7000 -0.004154406276271264 14000 -0.9916911874474574 
m400041 6000 -0.003183933471851505 7000 -0.003183933471851505 14000 -0.9936321330562966 
m400042 6000 -0.0038520981350445155 7000 -0.0038520981350445155 14000 -0.9922958037299112 
m400043 6000 -0.0057318097308844355 7000 -0.0057318097308844355 14000 -0.9885363805382313 
m400044 6000 -0.009101779418754485 7000 -0.009101779418754485 14000 -0.9817964411624911 
m400045 6000 -0.003931348942602913 7000 -0.003931348942602913 14000 -0.9921373021147941 
m400046 6000 -0.0031439351688880516 7000 -0.0031439351688880516 14000 -0.9937121296622239 
m400047 6000 -0.00359759057771242 7000 -0.00359759057771242 14000 -0.992804818844575 
m400048 6000 -0.005169659720660533 7000 -0.005169659720660533 14000 -0.9896606805586791 
m400049 6000 -0.008626051199180227 7000 -0.008626051199180227 14000 -0.9827478976016393 
m400050 6000 -0.004023153010566183 7000 -0.004023153010566183 14000 -0.9919536939788681 
m400051 6000 -0.0030896711827761146 7000 -0.0030896711827761146 14000 -0.9938206576344482 
m400052 6000 -0.00350870931275848 7000 -0.00350870931275848 14000 -0.9929825813744833 
m400053 6000 -0.005948948125984184 7000 -0.005948948125984184 14000 -0.9881021037480315 
m400054 6000 -0.009383039309053013 7000 -0.009383039309053013 14000 -0.9812339213818939 
m400055 6000 -0.003910456265086487 7000 -0.003910456265086487 14000 -0.9921790874698272 
m400056 6000 -0.0031603713424349666 7000 -0.0031603713424349666 14000 -0.9936792573151301 
m400057 6000 -0.003961477231734234 7000 -0.003961477231734234 14000 -0.9920770455365314 
m400058 6000 -0.005473989672792502 7000 -0.005473989672792502 14000 -0.989052020654415 
m400059 6000 -0.009248038431157214 7000 -0.009248038431157214 14000 -0.9815039231376858 
m400060 6000 -0.004044446812581859 7000 -0.004044446812581859 14000 -0.991911106374836 
m400061 6000 -0.0031131052847287845 7000 -0.0031131052847287845 14000 -0.9937737894305425 
m400062 6000 -0.00374576071003824 7000 -0.00374576071003824 14000 -0.9925084785799236 
m400063 6000 -0.005922633946930053 7000 -0.005922633946930053 14000 -0.9881547321061401 
m400064 6000 -0.008886586596813044 7000 -0.008886586596813044 14000 -0.9822268268063736 
m400065 6000 -0.004149415847214819 7000 -0.004149415847214819 14000 -0.9917011683055703 
m400066 6000 -0.00313888703605835 7000 -0.00313888703605835 14000 -0.9937222259278833 
m400067 6000 -0.003697560291969064 7000 -0.003697560291969064 14000 -0.9926048794160616 
m400068 6000 -0.005845306413668796 7000 -0.005845306413668796 14000 -0.988309387172662 
m400069 6000 -0.008404166822249677 7000 -0.008404166822249677 14000 -0.9831916663555004 
m400070 6000 -0.0043054601841997706 7000 -0.0043054601841997706 14000 -0.9913890796316005 
m400071 6000 -0.003111415681440464 7000 -0.003111415681440464 14000 -0.9937771686371191 
m400072 6000 -0.003647752490618033 7000 -0.003647752490618033 14000 -0.9927044950187641 
m400073 6000 -0.0060516309089436475 7000 -0.0060516309089436475 14000 -0.987896738182113 
m400074 6000 -0.009143427761948743 7000 -0.009143427761948743 14000 -0.9817131444761027 
m400075 6000 -0.003735552588919777 7000 -0.003735552588919777 14000 -0.9925288948221607 
m400076 6000 -0.0031046742398678964 7000 -0.0031046742398678964 14000 -0.9937906515202641 
m400077 6000 -0.003775545939734821 7000 -0.003775545939734821 14000 -0.9924489081205303 
m400078 6000 -0.00555816263787929 7000 -0.00555816263787929 14000 -0.9888836747242413 
m400079 6000 -0.008524616993873956 7000 -0.008524616993873956 14000 -0.9829507660122521 
m400080 6000 -0.0036747107660523876 7000 -0.0036747107660523876 14000 -0.9926505784678955 
m400081 6000 -0.0031598421536904657 7000 -0.0031598421536904657 14000 -0.993680315692619 
m400082 6000 -0.0036826171431175963 7000 -0.0036826171431175963 14000 -0.992634765713765 
m400083 6000 -0.0056466756916205944 7000 -0.0056466756916205944 14000 -0.9887066486167586 
m400084 6000 -0.008879931839303447 7000 -0.008879931839303447 14000 -0.9822401363213931 
m400085 6000 -0.003793647497991415 7000 -0.003793647497991415 14000 -0.9924127050040171 
m400086 6000 -0.003040495081675665 7000 -0.003040495081675665 14000 -0.9939190098366488 
m400087 6000 -0.003763421154798106 7000 -0.003763421154798106 14000 -0.9924731576904038 
m400088 6000 -0.005294421332909324 7000 -0.005294421332909324 14000 -0.9894111573341811 
m400089 6000 -0.009041972861240002 7000 -0.009041972861240002 14000 -0.9819160542775203 
m400090 6000 -0.004178864573823226 7000 -0.004178864573823226 14000 -0.9916422708523536 
m400091 6000 -0.0031058372763218306 7000 -0.0031058372763218306 14000 -0.9937883254473564 
m400092 6000 -0.0036235278369824543 7000 -0.0036235278369824543 14000 -0.9927529443260349 
m400093 6000 -0.005422996559611676 7000 -0.005422996559611676 14000 -0.9891540068807767 
m400094 6000 -0.008631508601043386 7000 -0.008631508601043386 14000 -0.982736982797913 
m400095 6000 -0.004025296911440557 7000 -0.004025296911440557 14000 -0.9919494061771189 
m400096 6000 -0.0031498183131779033 7000 -0.0031498183131779033 14000 -0.993700363373644 
m400097 6000 -0.00361891974812733 7000 -0.00361891974812733 14000 -0.9927621605037454 
m400098 6000 -0.005779196744414694 7000 -0.005779196744414694 14000 -0.9884416065111706 
m400099 6000 -0.008996011631989051 7000 -0.008996011631989051 14000 -0.9820079767360221 
m400100 6000 -0.00424974603604267 7000 -0.00424974603604267 14000 -0.9915005079279144 
m400101 6000 -0.003153348172492978 7000 -0.003153348172492978 14000 -0.9936933036550141 
m400102 6000 -0.0036111494733891817 7000 -0.0036111494733891817 14000 -0.9927777010532214 
m400103 6000 -0.005928720936391064 7000 -0.005928720936391064 14000 -0.988142558127218 
m400104 6000 -0.008964296022565316 7000 -0.008964296022565316 14000 -0.9820714079548694 
m400105 6000 -0.0040621298839135294 7000 -0.0040621298839135294 14000 -0.9918757402321726 
m400106 6000 -0.0031548787049030143 7000 -0.0031548787049030143 14000 -0.993690242590194 
m400107 6000 -0.003699881476936061 7000 -0.003699881476936061 14000 -0.9926002370461281 
m400108 6000 -0.005661878492791142 7000 -0.005661878492791142 14000 -0.9886762430144178 
m400109 6000 -0.009352498343976915 7000 -0.009352498343976915 14000 -0.9812950033120461 
m400110 6000 -0.004181269059158447 7000 -0.004181269059158447 14000 -0.9916374618816829 
m400111 6000 -0.0031019268030931958 7000 -0.0031019268030931958 14000 -0.9937961463938138 
m400112 6000 -0.003785219570696619 7000 -0.003785219570696619 14000 -0.9924295608586067 
m400113 6000 -0.00532391638712616 7000 -0.00532391638712616 14000 -0.9893521672257477 
m400114 6000 -0.008491096704859966 7000 -0.008491096704859966 14000 -0.9830178065902798 
m400115 6000 -0.003992382721368161 7000 -0.003992382721368161 14000 -0.9920152345572637 
m400116 6000 -0.0030896816323959515 7000 -0.0030896816323959515 14000 -0.9938206367352084 
m400117 6000 -0.0036378640883864403 7000 -0.0036378640883864403 14000 -0.9927242718232273 
m400118 6000 -0.005231601946556348 7000 -0.005231601946556348 14000 -0.9895367961068873 
m400119 6000 -0.009143395817672754 7000 -0.009143395817672754 14000 -0.9817132083646546 
m400120 6000 -0.0037390028941690075 7000 -0.0037390028941690075 14000 -0.9925219942116621 
m400121 6000 -0.003123247552800759 7000 -0.003123247552800759 14000 -0.9937535048943984 
m400122 6000 -0.003730752047030603 7000 -0.003730752047030603 14000 -0.9925384959059387 
m400123 6000 -0.005798558410523508 7000 -0.005798558410523508 14000 -0.9884028831789529 
m400124 6000 -0.009676646551328716 7000 -0.009676646551328716 14000 -0.9806467068973425 
c **********************************
c PE+Pb, dens=4.78 g/cm3
m2      6000    -0.04286 $Carbon
        1001    -0.00714 $Hydrogen
        82000   -0.95000 $Lead
c **********************************
m3    1001 -0.048535 $Boric acid
      5010 -0.034981
      5011 -0.139923
      8016 -0.776561
c **********************************
m4    82000 1 $Lead
c **********************************
m5 26000 1 $Iron
c **********************************
m6     13027   -1.000 $ Aluminum
c **********************************
c  SS-304 (8.00 g/cm3), #298 in PNNL Compendium
m7   006000.50c -0.0004000
     014000.60c -0.0050000
     015031.50c -0.0002300
     016000.60c -0.0001500
     024000.50c -0.1899981
     025055.60c -0.0099999
     026000.50c -0.7017229
     028000.50c -0.0924991
c ****************************************
c       LaBr detector
c ****************************************
m8       35079    -0.2946       $ Br79
         35081    -0.3069       $ Br81
         57139    -0.3485       $ La139
         58140    -0.0500       $ Ce140
c ************ air den=1.15e-3g/cc
m12     8016 -0.23
        7014 -0.77
c ************ Rubber Natural den=0.92 g/cc
m13     1001 -0.118371  $weight fraction
        6000 -0.881629
c
c end material cards
c
rand seed=8674536546524321 $different initial random #; seed# - any less 18 digits
c
c ********** begin tallies *********************
fc78 *********Broadened Pulse Height Tally Sum of Detectors 1,2 & 3 ***********
e78 0 1e-5 932i 8.4295
F78:p (101)
FT78 GEB -0.026198 0.059551 -0.037176
fc18 *********Unbroadened Pulse Height Tally Sum of Detectors 1,2 & 3 ***********
e18 0 1e-5 932i 8.4295
F18:p (101)
c ***********************************
c mplot tal 78 freq 10000
nps 1e9
