c CAS DETECTOR
c w/ Shielding in Place and Wheels
c
c CELL CARDS
c
c @@@@@@@@@@ Detectors @@@@@@@@@@@@@@@@@
c
101 8 -5.08 -21 imp:n,p 1 $LaBr Detector #1 Active Region
c
c @@@@@@@@@ Shielding @@@@@@@@@@@@@@@@@
c
121 2 -4.78 -31 imp:n,p 1 $PE_Pb
122 4 -11.29 -32 imp:n,p 1 $Pb1
123 4 -11.29 -33 imp:n,p 1 $Pb2
124 4 -11.29 -34 imp:n,p 1 $Pb3
125 4 -11.29 -35 imp:n,p 1 $Pb4
126 4 -11.29 -36 imp:n,p 1 $Pb5
127 4 -11.29 -37 imp:n,p 1 $Pb6
128 3 -1.5 -38 imp:n,p 1 $BA1
129 3 -1.5 -39 imp:n,p 1 $BA2
130 6 -2.7 -40 imp:n,p 1 $Al
131 7 -7.92 301 -302 303 -304 imp:n,p 1 $Fe-tube
132 5 -7.8 -401 imp:n,p 1 $Fe
133 5 -7.8 -402 imp:n,p 1 $Fe
c @@@@@@@@@@ Wheels @@@@@@@@@@@@@@@@@
c
21 13 -0.92 -41 42 imp:n,p 1 $Wheel 1
211 13 -0.92 -421 422 imp:n,p 1 $Wheel 1
212 13 -0.92 -423 424 imp:n,p 1 $Wheel 1
22 13 -0.92 -43 44 imp:n,p 1 $Wheel 2
221 13 -0.92 -441 442 imp:n,p 1 $Wheel 2
222 13 -0.92 -443 444 imp:n,p 1 $Wheel 2
23 13 -0.92 -45 46 imp:n,p 1 $Wheel 3
231 13 -0.92 -461 462 imp:n,p 1 $Wheel 3
232 13 -0.92 -463 464 imp:n,p 1 $Wheel 3
24 13 -0.92 -47 48 imp:n,p 1 $Wheel 4
241 13 -0.92 -481 482 imp:n,p 1 $Wheel 4
242 13 -0.92 -483 484 imp:n,p 1 $Wheel 4
c
c @@@@@@@@@@ SOIL VOLUME @@@@@@@@@@@
c
300000 400000 -2.156 20010 -20011 20020 -20021 20030 -20031 imp:n,p 1
300001 400001 -2.156 20010 -20011 20020 -20021 20031 -20032 imp:n,p 1
300002 400002 -2.156 20010 -20011 20020 -20021 20032 -20033 imp:n,p 1
300003 400003 -2.156 20010 -20011 20020 -20021 20033 -20034 imp:n,p 1
300004 400004 -2.156 20010 -20011 20020 -20021 20034 -20035 imp:n,p 1
300005 400005 -2.156 20011 -20012 20020 -20021 20030 -20031 imp:n,p 1
300006 400006 -2.156 20011 -20012 20020 -20021 20031 -20032 imp:n,p 1
300007 400007 -2.156 20011 -20012 20020 -20021 20032 -20033 imp:n,p 1
300008 400008 -2.156 20011 -20012 20020 -20021 20033 -20034 imp:n,p 1
300009 400009 -2.156 20011 -20012 20020 -20021 20034 -20035 imp:n,p 1
300010 400010 -2.156 20012 -20013 20020 -20021 20030 -20031 imp:n,p 1
300011 400011 -2.156 20012 -20013 20020 -20021 20031 -20032 imp:n,p 1
300012 400012 -2.156 20012 -20013 20020 -20021 20032 -20033 imp:n,p 1
300013 400013 -2.156 20012 -20013 20020 -20021 20033 -20034 imp:n,p 1
300014 400014 -2.156 20012 -20013 20020 -20021 20034 -20035 imp:n,p 1
300015 400015 -2.156 20013 -20014 20020 -20021 20030 -20031 imp:n,p 1
300016 400016 -2.156 20013 -20014 20020 -20021 20031 -20032 imp:n,p 1
300017 400017 -2.156 20013 -20014 20020 -20021 20032 -20033 imp:n,p 1
300018 400018 -2.156 20013 -20014 20020 -20021 20033 -20034 imp:n,p 1
300019 400019 -2.156 20013 -20014 20020 -20021 20034 -20035 imp:n,p 1
300020 400020 -2.156 20014 -20015 20020 -20021 20030 -20031 imp:n,p 1
300021 400021 -2.156 20014 -20015 20020 -20021 20031 -20032 imp:n,p 1
300022 400022 -2.156 20014 -20015 20020 -20021 20032 -20033 imp:n,p 1
300023 400023 -2.156 20014 -20015 20020 -20021 20033 -20034 imp:n,p 1
300024 400024 -2.156 20014 -20015 20020 -20021 20034 -20035 imp:n,p 1
300025 400025 -2.156 20010 -20011 20021 -20022 20030 -20031 imp:n,p 1
300026 400026 -2.156 20010 -20011 20021 -20022 20031 -20032 imp:n,p 1
300027 400027 -2.156 20010 -20011 20021 -20022 20032 -20033 imp:n,p 1
300028 400028 -2.156 20010 -20011 20021 -20022 20033 -20034 imp:n,p 1
300029 400029 -2.156 20010 -20011 20021 -20022 20034 -20035 imp:n,p 1
300030 400030 -2.156 20011 -20012 20021 -20022 20030 -20031 imp:n,p 1
300031 400031 -2.156 20011 -20012 20021 -20022 20031 -20032 imp:n,p 1
300032 400032 -2.156 20011 -20012 20021 -20022 20032 -20033 imp:n,p 1
300033 400033 -2.156 20011 -20012 20021 -20022 20033 -20034 imp:n,p 1
300034 400034 -2.156 20011 -20012 20021 -20022 20034 -20035 imp:n,p 1
300035 400035 -2.156 20012 -20013 20021 -20022 20030 -20031 imp:n,p 1
300036 400036 -2.156 20012 -20013 20021 -20022 20031 -20032 imp:n,p 1
300037 400037 -2.156 20012 -20013 20021 -20022 20032 -20033 imp:n,p 1
300038 400038 -2.156 20012 -20013 20021 -20022 20033 -20034 imp:n,p 1
300039 400039 -2.156 20012 -20013 20021 -20022 20034 -20035 imp:n,p 1
300040 400040 -2.156 20013 -20014 20021 -20022 20030 -20031 imp:n,p 1
300041 400041 -2.156 20013 -20014 20021 -20022 20031 -20032 imp:n,p 1
300042 400042 -2.156 20013 -20014 20021 -20022 20032 -20033 imp:n,p 1
300043 400043 -2.156 20013 -20014 20021 -20022 20033 -20034 imp:n,p 1
300044 400044 -2.156 20013 -20014 20021 -20022 20034 -20035 imp:n,p 1
300045 400045 -2.156 20014 -20015 20021 -20022 20030 -20031 imp:n,p 1
300046 400046 -2.156 20014 -20015 20021 -20022 20031 -20032 imp:n,p 1
300047 400047 -2.156 20014 -20015 20021 -20022 20032 -20033 imp:n,p 1
300048 400048 -2.156 20014 -20015 20021 -20022 20033 -20034 imp:n,p 1
300049 400049 -2.156 20014 -20015 20021 -20022 20034 -20035 imp:n,p 1
300050 400050 -2.156 20010 -20011 20022 -20023 20030 -20031 imp:n,p 1
300051 400051 -2.156 20010 -20011 20022 -20023 20031 -20032 imp:n,p 1
300052 400052 -2.156 20010 -20011 20022 -20023 20032 -20033 imp:n,p 1
300053 400053 -2.156 20010 -20011 20022 -20023 20033 -20034 imp:n,p 1
300054 400054 -2.156 20010 -20011 20022 -20023 20034 -20035 imp:n,p 1
300055 400055 -2.156 20011 -20012 20022 -20023 20030 -20031 imp:n,p 1
300056 400056 -2.156 20011 -20012 20022 -20023 20031 -20032 imp:n,p 1
300057 400057 -2.156 20011 -20012 20022 -20023 20032 -20033 imp:n,p 1
300058 400058 -2.156 20011 -20012 20022 -20023 20033 -20034 imp:n,p 1
300059 400059 -2.156 20011 -20012 20022 -20023 20034 -20035 imp:n,p 1
300060 400060 -2.156 20012 -20013 20022 -20023 20030 -20031 imp:n,p 1
300061 400061 -2.156 20012 -20013 20022 -20023 20031 -20032 imp:n,p 1
300062 400062 -2.156 20012 -20013 20022 -20023 20032 -20033 imp:n,p 1
300063 400063 -2.156 20012 -20013 20022 -20023 20033 -20034 imp:n,p 1
300064 400064 -2.156 20012 -20013 20022 -20023 20034 -20035 imp:n,p 1
300065 400065 -2.156 20013 -20014 20022 -20023 20030 -20031 imp:n,p 1
300066 400066 -2.156 20013 -20014 20022 -20023 20031 -20032 imp:n,p 1
300067 400067 -2.156 20013 -20014 20022 -20023 20032 -20033 imp:n,p 1
300068 400068 -2.156 20013 -20014 20022 -20023 20033 -20034 imp:n,p 1
300069 400069 -2.156 20013 -20014 20022 -20023 20034 -20035 imp:n,p 1
300070 400070 -2.156 20014 -20015 20022 -20023 20030 -20031 imp:n,p 1
300071 400071 -2.156 20014 -20015 20022 -20023 20031 -20032 imp:n,p 1
300072 400072 -2.156 20014 -20015 20022 -20023 20032 -20033 imp:n,p 1
300073 400073 -2.156 20014 -20015 20022 -20023 20033 -20034 imp:n,p 1
300074 400074 -2.156 20014 -20015 20022 -20023 20034 -20035 imp:n,p 1
300075 400075 -2.156 20010 -20011 20023 -20024 20030 -20031 imp:n,p 1
300076 400076 -2.156 20010 -20011 20023 -20024 20031 -20032 imp:n,p 1
300077 400077 -2.156 20010 -20011 20023 -20024 20032 -20033 imp:n,p 1
300078 400078 -2.156 20010 -20011 20023 -20024 20033 -20034 imp:n,p 1
300079 400079 -2.156 20010 -20011 20023 -20024 20034 -20035 imp:n,p 1
300080 400080 -2.156 20011 -20012 20023 -20024 20030 -20031 imp:n,p 1
300081 400081 -2.156 20011 -20012 20023 -20024 20031 -20032 imp:n,p 1
300082 400082 -2.156 20011 -20012 20023 -20024 20032 -20033 imp:n,p 1
300083 400083 -2.156 20011 -20012 20023 -20024 20033 -20034 imp:n,p 1
300084 400084 -2.156 20011 -20012 20023 -20024 20034 -20035 imp:n,p 1
300085 400085 -2.156 20012 -20013 20023 -20024 20030 -20031 imp:n,p 1
300086 400086 -2.156 20012 -20013 20023 -20024 20031 -20032 imp:n,p 1
300087 400087 -2.156 20012 -20013 20023 -20024 20032 -20033 imp:n,p 1
300088 400088 -2.156 20012 -20013 20023 -20024 20033 -20034 imp:n,p 1
300089 400089 -2.156 20012 -20013 20023 -20024 20034 -20035 imp:n,p 1
300090 400090 -2.156 20013 -20014 20023 -20024 20030 -20031 imp:n,p 1
300091 400091 -2.156 20013 -20014 20023 -20024 20031 -20032 imp:n,p 1
300092 400092 -2.156 20013 -20014 20023 -20024 20032 -20033 imp:n,p 1
300093 400093 -2.156 20013 -20014 20023 -20024 20033 -20034 imp:n,p 1
300094 400094 -2.156 20013 -20014 20023 -20024 20034 -20035 imp:n,p 1
300095 400095 -2.156 20014 -20015 20023 -20024 20030 -20031 imp:n,p 1
300096 400096 -2.156 20014 -20015 20023 -20024 20031 -20032 imp:n,p 1
300097 400097 -2.156 20014 -20015 20023 -20024 20032 -20033 imp:n,p 1
300098 400098 -2.156 20014 -20015 20023 -20024 20033 -20034 imp:n,p 1
300099 400099 -2.156 20014 -20015 20023 -20024 20034 -20035 imp:n,p 1
300100 400100 -2.156 20010 -20011 20024 -20025 20030 -20031 imp:n,p 1
300101 400101 -2.156 20010 -20011 20024 -20025 20031 -20032 imp:n,p 1
300102 400102 -2.156 20010 -20011 20024 -20025 20032 -20033 imp:n,p 1
300103 400103 -2.156 20010 -20011 20024 -20025 20033 -20034 imp:n,p 1
300104 400104 -2.156 20010 -20011 20024 -20025 20034 -20035 imp:n,p 1
300105 400105 -2.156 20011 -20012 20024 -20025 20030 -20031 imp:n,p 1
300106 400106 -2.156 20011 -20012 20024 -20025 20031 -20032 imp:n,p 1
300107 400107 -2.156 20011 -20012 20024 -20025 20032 -20033 imp:n,p 1
300108 400108 -2.156 20011 -20012 20024 -20025 20033 -20034 imp:n,p 1
300109 400109 -2.156 20011 -20012 20024 -20025 20034 -20035 imp:n,p 1
300110 400110 -2.156 20012 -20013 20024 -20025 20030 -20031 imp:n,p 1
300111 400111 -2.156 20012 -20013 20024 -20025 20031 -20032 imp:n,p 1
300112 400112 -2.156 20012 -20013 20024 -20025 20032 -20033 imp:n,p 1
300113 400113 -2.156 20012 -20013 20024 -20025 20033 -20034 imp:n,p 1
300114 400114 -2.156 20012 -20013 20024 -20025 20034 -20035 imp:n,p 1
300115 400115 -2.156 20013 -20014 20024 -20025 20030 -20031 imp:n,p 1
300116 400116 -2.156 20013 -20014 20024 -20025 20031 -20032 imp:n,p 1
300117 400117 -2.156 20013 -20014 20024 -20025 20032 -20033 imp:n,p 1
300118 400118 -2.156 20013 -20014 20024 -20025 20033 -20034 imp:n,p 1
300119 400119 -2.156 20013 -20014 20024 -20025 20034 -20035 imp:n,p 1
300120 400120 -2.156 20014 -20015 20024 -20025 20030 -20031 imp:n,p 1
300121 400121 -2.156 20014 -20015 20024 -20025 20031 -20032 imp:n,p 1
300122 400122 -2.156 20014 -20015 20024 -20025 20032 -20033 imp:n,p 1
300123 400123 -2.156 20014 -20015 20024 -20025 20033 -20034 imp:n,p 1
300124 400124 -2.156 20014 -20015 20024 -20025 20034 -20035 imp:n,p 1
c
30 12 -0.00129 -200 #101 #121 #122 #123 #124 #125 #126 #127 #128 #129 #130 #131 #132 #133
        #21 #211 #212 #22 #221 #222 #23 #231 #232 #24 #241 #242 #20 imp:n,p 1 $Rest of the World
31 0 200 imp:n,p 0 $Outside world

c SURFACE CARDS
c
c Sample Volume
20010 px -56.0
20011 px -33.600000000000364
20012 px -11.200000000000728
20013 px 11.200000000000728
20014 px 33.600000000000364
20015 px 56.0
20020 py -45.0
20021 py -27.0
20022 py -9.0
20023 py 9.0
20024 py 27.0
20025 py 45.0
20030 pz 92.0
20031 pz 82.0
20032 pz 72.0
20033 pz 62.0
20034 pz 52.0
20035 pz 42.0
c Active Detector Region
21 rcc 56  -5.0 -1.0   0.0 20.3 0.0   4.5 $Detector 1 Base center, Hx,Hy,Hz, radius
c Shielding Surfaces
c Shielding Pb
31 rpp 19 29 -7.5 7.5 -11 9 $PbPE xmin xmax ymin ymax zmin zmax
32 rpp 9 19 4 9 -11 9 $Pb xmin xmax ymin ymax zmin zmax
33 rpp 9 19 -9 -4 -11 9 $Pb xmin xmax ymin ymax zmin zmax
34 rpp 19 29 7.5 12.5 -11 9 $Pb xmin xmax ymin ymax zmin zmax
35 rpp 19 29 -12.5 -7.5 -11 9 $Pb xmin xmax ymin ymax zmin zmax
36 rpp 29 34 -15 15 -11 9 $Pb xmin xmax ymin ymax zmin zmax
37 rpp 9 19 -4 4 4 9 $Pb xmin xmax ymin ymax zmin zmax
38 rpp -26 26 18 28 -11 9 $BA1 xmin xmax ymin ymax zmin zmax
39 rpp -26 26 -28 -18 -11 9 $BA2 xmin xmax ymin ymax zmin zmax
40 rpp -65 65 -28 28 10 10.5 $Al xmin xmax ymin ymax zmin zmax
401 rpp -27 27 29 34 -11 9 $Fe xmin xmax ymin ymax zmin zmax
402 rpp -27 27 -34 -29 -11 9 $Fe xmin xmax ymin ymax zmin zmax
301 px -20
302 px 18
303 cx 3.71
304 cx 3.81
c Wheels Surfaces
c 23/10.5-12 turf tires, 22.6 lb rubber
c diameter 29cm, tread width 25cm, and sidewall height 13.76 cm
c set thickness of all sides 1.3 cm (s.t. weight is 22.6 lb)
41 rcc -2 77 8   0.0 25 0.0 29 $wheel 1 outer tread surface
42 rcc -2 77 8   0.0 25 0.0 27.7 $wheel 1 inner tread surface
421 rcc -2 75.7 8   0.0 1.3 0.0 29 $wheel 1 outside sidewall exterior
422 rcc -2 75.7 8   0.0 1.3 0.0 15.24 $wheel 1 outside sidewall interior
423 rcc -2 102 8   0.0 1.3 0.0 29 $wheel 1 inside sidewall exterior
424 rcc -2 102 8   0.0 1.3 0.0 15.24 $wheel 1 inside sidewall interior
43 rcc 68 77 8   0.0 25 0.0 29 $wheel 2
44 rcc 68 77 8   0.0 25 0.0 27.7
441 rcc 68 75.7 8   0.0 1.3 0.0 29
442 rcc 68 75.7 8   0.0 1.3 0.0 15.24
443 rcc 68 102 8   0.0 1.3 0.0 29
444 rcc 68 102 8   0.0 1.3 0.0 15.24
45 rcc -2 -77 8   0.0 -25 0.0 29 $wheel 3
46 rcc -2 -77 8   0.0 -25 0.0 27.7
461 rcc -2 -75.7 8   0.0 -1.3 0.0 29
462 rcc -2 -75.7 8   0.0 -1.3 0.0 15.24
463 rcc -2 -102 8   0.0 -1.3 0.0 29
464 rcc -2 -102 8   0.0 -1.3 0.0 15.24
47 rcc 68 -77 8   0.0 -25 0.0 29 $wheel 4
48 rcc 68 -77 8   0.0 -25 0.0 27.7
481 rcc 68 -75.7 8   0.0 -1.3 0.0 29
482 rcc 68 -75.7 8   0.0 -1.3 0.0 15.24
483 rcc 68 -102 8   0.0 -1.3 0.0 29
484 rcc 68 -102 8   0.0 -1.3 0.0 15.24
200 so 800    $sphere of 800cm centered at origin
c

c DATA CARDS
mode n p
c dump every hr
prdmp -60 -60 -1
c 100 keV Neutron Energy Cutoff
Cut:n 1j 0.1
c analog neutron transport
phys:n 1j 14
phys:p
sdef pos=0 0 0 erg=14.0 vec= 0 0 1 dir=d1
si1  -1 .93 1
sp1   0  0.0  1.0
c ********************
c begin material cards
c ********************
c Pure Carbon
c ****************************************
m400000 6000 -0.0037530076305973188 7000 -0.0037530076305973188 14000 -0.9924939847388053 
m400001 6000 -0.00316867874845663 7000 -0.00316867874845663 14000 -0.9936626425030869 
m400002 6000 -0.003591414819089157 7000 -0.003591414819089157 14000 -0.9928171703618216 
m400003 6000 -0.005493666100878686 7000 -0.005493666100878686 14000 -0.9890126677982428 
m400004 6000 -0.00914849706209077 7000 -0.00914849706209077 14000 -0.981703005875818 
m400005 6000 -0.0040766855720371096 7000 -0.0040766855720371096 14000 -0.991846628855926 
m400006 6000 -0.0031172100600276105 7000 -0.0031172100600276105 14000 -0.9937655798799447 
m400007 6000 -0.0034303215954396044 7000 -0.0034303215954396044 14000 -0.9931393568091211 
m400008 6000 -0.005502542944466923 7000 -0.005502542944466923 14000 -0.9889949141110665 
m400009 6000 -0.009370392103195742 7000 -0.009370392103195742 14000 -0.9812592157936083 
m400010 6000 -0.004209520661600853 7000 -0.004209520661600853 14000 -0.9915809586767983 
m400011 6000 -0.003136800982117973 7000 -0.003136800982117973 14000 -0.993726398035764 
m400012 6000 -0.003783039102229291 7000 -0.003783039102229291 14000 -0.9924339217955415 
m400013 6000 -0.0056697619534530315 7000 -0.0056697619534530315 14000 -0.9886604760930937 
m400014 6000 -0.009009752824812322 7000 -0.009009752824812322 14000 -0.9819804943503747 
m400015 6000 -0.00409706703179191 7000 -0.00409706703179191 14000 -0.9918058659364161 
m400016 6000 -0.003164751445524603 7000 -0.003164751445524603 14000 -0.9936704971089508 
m400017 6000 -0.003668453011463437 7000 -0.003668453011463437 14000 -0.9926630939770726 
m400018 6000 -0.005878924003866196 7000 -0.005878924003866196 14000 -0.9882421519922676 
m400019 6000 -0.009286562786460197 7000 -0.009286562786460197 14000 -0.9814268744270794 
m400020 6000 -0.0038278994937377673 7000 -0.0038278994937377673 14000 -0.9923442010125249 
m400021 6000 -0.0031243106835192745 7000 -0.0031243106835192745 14000 -0.9937513786329617 
m400022 6000 -0.0038080040475340225 7000 -0.0038080040475340225 14000 -0.9923839919049321 
m400023 6000 -0.0056158219685502435 7000 -0.0056158219685502435 14000 -0.9887683560628996 
m400024 6000 -0.008942550069344156 7000 -0.008942550069344156 14000 -0.9821148998613122 
m400025 6000 -0.004011874028321916 7000 -0.004011874028321916 14000 -0.9919762519433561 
m400026 6000 -0.0031192263142217087 7000 -0.0031192263142217087 14000 -0.9937615473715566 
m400027 6000 -0.0038018084057093436 7000 -0.0038018084057093436 14000 -0.9923963831885818 
m400028 6000 -0.00565278241958945 7000 -0.00565278241958945 14000 -0.9886944351608213 
m400029 6000 -0.009084039852756408 7000 -0.009084039852756408 14000 -0.9818319202944873 
m400030 6000 -0.003930063584413593 7000 -0.003930063584413593 14000 -0.9921398728311729 
m400031 6000 -0.0030733223556367946 7000 -0.0030733223556367946 14000 -0.9938533552887262 
m400032 6000 -0.0035582239815223626 7000 -0.0035582239815223626 14000 -0.9928835520369552 
m400033 6000 -0.005720615194880759 7000 -0.005720615194880759 14000 -0.9885587696102383 
m400034 6000 -0.008671584007536575 7000 -0.008671584007536575 14000 -0.9826568319849271 
m400035 6000 -0.00403207252514924 7000 -0.00403207252514924 14000 -0.9919358549497018 
m400036 6000 -0.0031307476363635067 7000 -0.0031307476363635067 14000 -0.993738504727273 
m400037 6000 -0.003721398267776925 7000 -0.003721398267776925 14000 -0.9925572034644461 
m400038 6000 -0.005781894386775003 7000 -0.005781894386775003 14000 -0.9884362112264502 
m400039 6000 -0.009169192352454747 7000 -0.009169192352454747 14000 -0.9816616152950907 
m400040 6000 -0.0037728719674497133 7000 -0.0037728719674497133 14000 -0.9924542560651003 
m400041 6000 -0.003073655661770194 7000 -0.003073655661770194 14000 -0.9938526886764596 
m400042 6000 -0.0036660782096012644 7000 -0.0036660782096012644 14000 -0.9926678435807976 
m400043 6000 -0.005805361333596476 7000 -0.005805361333596476 14000 -0.9883892773328072 
m400044 6000 -0.008974780653674812 7000 -0.008974780653674812 14000 -0.9820504386926503 
m400045 6000 -0.004126733682590775 7000 -0.004126733682590775 14000 -0.9917465326348186 
m400046 6000 -0.0031352443702376354 7000 -0.0031352443702376354 14000 -0.9937295112595247 
m400047 6000 -0.0036858833480126617 7000 -0.0036858833480126617 14000 -0.9926282333039748 
m400048 6000 -0.005763391792320007 7000 -0.005763391792320007 14000 -0.9884732164153601 
m400049 6000 -0.008834147372167984 7000 -0.008834147372167984 14000 -0.982331705255664 
m400050 6000 -0.004010601154132958 7000 -0.004010601154132958 14000 -0.991978797691734 
m400051 6000 -0.0031541495283665057 7000 -0.0031541495283665057 14000 -0.9936917009432673 
m400052 6000 -0.0035342165223758394 7000 -0.0035342165223758394 14000 -0.9929315669552483 
m400053 6000 -0.0059696908729257 7000 -0.0059696908729257 14000 -0.9880606182541487 
m400054 6000 -0.009462386651796481 7000 -0.009462386651796481 14000 -0.9810752266964071 
m400055 6000 -0.003954051687217336 7000 -0.003954051687217336 14000 -0.9920918966255654 
m400056 6000 -0.0031061691846633105 7000 -0.0031061691846633105 14000 -0.9937876616306736 
m400057 6000 -0.003762652236095287 7000 -0.003762652236095287 14000 -0.9924746955278096 
m400058 6000 -0.005361978009815625 7000 -0.005361978009815625 14000 -0.9892760439803686 
m400059 6000 -0.00925777391783517 7000 -0.00925777391783517 14000 -0.9814844521643298 
m400060 6000 -0.004003115305846856 7000 -0.004003115305846856 14000 -0.9919937693883061 
m400061 6000 -0.0031421489645606566 7000 -0.0031421489645606566 14000 -0.9937157020708787 
m400062 6000 -0.00377386050156891 7000 -0.00377386050156891 14000 -0.9924522789968618 
m400063 6000 -0.005993689284998851 7000 -0.005993689284998851 14000 -0.9880126214300025 
m400064 6000 -0.009026629743318988 7000 -0.009026629743318988 14000 -0.981946740513362 
m400065 6000 -0.004136428978829274 7000 -0.004136428978829274 14000 -0.9917271420423412 
m400066 6000 -0.003106710442272509 7000 -0.003106710442272509 14000 -0.9937865791154549 
m400067 6000 -0.0035117888788252973 7000 -0.0035117888788252973 14000 -0.9929764222423492 
m400068 6000 -0.005835872575903199 7000 -0.005835872575903199 14000 -0.9883282548481936 
m400069 6000 -0.008789559969234872 7000 -0.008789559969234872 14000 -0.9824208800615304 
m400070 6000 -0.004023363124540557 7000 -0.004023363124540557 14000 -0.9919532737509187 
m400071 6000 -0.0031271013619374177 7000 -0.0031271013619374177 14000 -0.9937457972761252 
m400072 6000 -0.0036437904155737612 7000 -0.0036437904155737612 14000 -0.9927124191688524 
m400073 6000 -0.005502163335431291 7000 -0.005502163335431291 14000 -0.9889956733291376 
m400074 6000 -0.00864157599560085 7000 -0.00864157599560085 14000 -0.9827168480087981 
m400075 6000 -0.004241355968109252 7000 -0.004241355968109252 14000 -0.9915172880637817 
m400076 6000 -0.0032047902904950554 7000 -0.0032047902904950554 14000 -0.9935904194190097 
m400077 6000 -0.0037943545520637218 7000 -0.0037943545520637218 14000 -0.9924112908958724 
m400078 6000 -0.005301290235187424 7000 -0.005301290235187424 14000 -0.9893974195296252 
m400079 6000 -0.009024511871750358 7000 -0.009024511871750358 14000 -0.981950976256499 
m400080 6000 -0.004005794062083139 7000 -0.004005794062083139 14000 -0.9919884118758333 
m400081 6000 -0.0031253988594411985 7000 -0.0031253988594411985 14000 -0.9937492022811178 
m400082 6000 -0.0038275035853945665 7000 -0.0038275035853945665 14000 -0.992344992829211 
m400083 6000 -0.005882307262428482 7000 -0.005882307262428482 14000 -0.988235385475143 
m400084 6000 -0.009103486437230355 7000 -0.009103486437230355 14000 -0.9817930271255391 
m400085 6000 -0.0041816437151600185 7000 -0.0041816437151600185 14000 -0.99163671256968 
m400086 6000 -0.00308455897839196 7000 -0.00308455897839196 14000 -0.9938308820432159 
m400087 6000 -0.003480189408746509 7000 -0.003480189408746509 14000 -0.9930396211825067 
m400088 6000 -0.0054199594758343505 7000 -0.0054199594758343505 14000 -0.9891600810483315 
m400089 6000 -0.00894275325180376 7000 -0.00894275325180376 14000 -0.9821144934963923 
m400090 6000 -0.004088871466474465 7000 -0.004088871466474465 14000 -0.991822257067051 
m400091 6000 -0.0031450589093473457 7000 -0.0031450589093473457 14000 -0.9937098821813053 
m400092 6000 -0.0036733560710704377 7000 -0.0036733560710704377 14000 -0.9926532878578596 
m400093 6000 -0.00615300602340291 7000 -0.00615300602340291 14000 -0.9876939879531937 
m400094 6000 -0.00914581471531434 7000 -0.00914581471531434 14000 -0.9817083705693715 
m400095 6000 -0.004119452104237985 7000 -0.004119452104237985 14000 -0.9917610957915239 
m400096 6000 -0.0031448331136463697 7000 -0.0031448331136463697 14000 -0.9937103337727072 
m400097 6000 -0.003823176298069465 7000 -0.003823176298069465 14000 -0.992353647403861 
m400098 6000 -0.005610575145181977 7000 -0.005610575145181977 14000 -0.9887788497096364 
m400099 6000 -0.008752040462832615 7000 -0.008752040462832615 14000 -0.9824959190743346 
m400100 6000 -0.003947139901106686 7000 -0.003947139901106686 14000 -0.9921057201977868 
m400101 6000 -0.0030988932491924598 7000 -0.0030988932491924598 14000 -0.993802213501615 
m400102 6000 -0.003798951782841673 7000 -0.003798951782841673 14000 -0.992402096434317 
m400103 6000 -0.005631637197022004 7000 -0.005631637197022004 14000 -0.9887367256059559 
m400104 6000 -0.009849672381592072 7000 -0.009849672381592072 14000 -0.9803006552368154 
m400105 6000 -0.0038375314356163034 7000 -0.0038375314356163034 14000 -0.9923249371287675 
m400106 6000 -0.003184943905457207 7000 -0.003184943905457207 14000 -0.9936301121890858 
m400107 6000 -0.003784947560884836 7000 -0.003784947560884836 14000 -0.9924301048782306 
m400108 6000 -0.005729884763594024 7000 -0.005729884763594024 14000 -0.988540230472812 
m400109 6000 -0.00867253457279799 7000 -0.00867253457279799 14000 -0.9826549308544041 
m400110 6000 -0.004176931742538672 7000 -0.004176931742538672 14000 -0.9916461365149223 
m400111 6000 -0.0031183247398347707 7000 -0.0031183247398347707 14000 -0.9937633505203304 
m400112 6000 -0.0038050494516092483 7000 -0.0038050494516092483 14000 -0.9923899010967817 
m400113 6000 -0.006049011924797166 7000 -0.006049011924797166 14000 -0.9879019761504059 
m400114 6000 -0.008629259658414967 7000 -0.008629259658414967 14000 -0.9827414806831704 
m400115 6000 -0.0038944761856462124 7000 -0.0038944761856462124 14000 -0.9922110476287075 
m400116 6000 -0.003172513267894326 7000 -0.003172513267894326 14000 -0.9936549734642113 
m400117 6000 -0.003576364601087458 7000 -0.003576364601087458 14000 -0.9928472707978253 
m400118 6000 -0.00565996678393704 7000 -0.00565996678393704 14000 -0.9886800664321258 
m400119 6000 -0.009368359182457082 7000 -0.009368359182457082 14000 -0.9812632816350857 
m400120 6000 -0.003790075157595798 7000 -0.003790075157595798 14000 -0.9924198496848085 
m400121 6000 -0.003112563524720563 7000 -0.003112563524720563 14000 -0.9937748729505586 
m400122 6000 -0.0037139966742298896 7000 -0.0037139966742298896 14000 -0.9925720066515402 
m400123 6000 -0.005978923801061052 7000 -0.005978923801061052 14000 -0.9880421523978782 
m400124 6000 -0.00960458078255707 7000 -0.00960458078255707 14000 -0.9807908384348859 
c **********************************
c PE+Pb, dens=4.78 g/cm3
m2      6000    -0.04286 $Carbon
        1001    -0.00714 $Hydrogen
        82000   -0.95000 $Lead
c **********************************
m3    1001 -0.048535 $Boric acid
      5010 -0.034981
      5011 -0.139923
      8016 -0.776561
c **********************************
m4    82000 1 $Lead
c **********************************
m5 26000 1 $Iron
c **********************************
m6     13027   -1.000 $ Aluminum
c **********************************
c  SS-304 (8.00 g/cm3), #298 in PNNL Compendium
m7   006000.50c -0.0004000
     014000.60c -0.0050000
     015031.50c -0.0002300
     016000.60c -0.0001500
     024000.50c -0.1899981
     025055.60c -0.0099999
     026000.50c -0.7017229
     028000.50c -0.0924991
c ****************************************
c       LaBr detector
c ****************************************
m8       35079    -0.2946       $ Br79
         35081    -0.3069       $ Br81
         57139    -0.3485       $ La139
         58140    -0.0500       $ Ce140
c ************ air den=1.15e-3g/cc
m12     8016 -0.23
        7014 -0.77
c ************ Rubber Natural den=0.92 g/cc
m13     1001 -0.118371  $weight fraction
        6000 -0.881629
c
c end material cards
c
rand seed=8674536546524321 $different initial random #; seed# - any less 18 digits
c
c ********** begin tallies *********************
fc78 *********Broadened Pulse Height Tally Sum of Detectors 1,2 & 3 ***********
e78 0 1e-5 932i 8.4295
F78:p (101)
FT78 GEB -0.026198 0.059551 -0.037176
fc18 *********Unbroadened Pulse Height Tally Sum of Detectors 1,2 & 3 ***********
e18 0 1e-5 932i 8.4295
F18:p (101)
c ***********************************
c mplot tal 78 freq 10000
nps 1e9
