c CAS DETECTOR
c w/ Shielding in Place and Wheels
c
c CELL CARDS
c
c @@@@@@@@@@ Detectors @@@@@@@@@@@@@@@@@
c
101 8 -5.08 -21 imp:n,p 1 $LaBr Detector #1 Active Region
c
c @@@@@@@@@ Shielding @@@@@@@@@@@@@@@@@
c
121 2 -4.78 -31 imp:n,p 1 $PE_Pb
122 4 -11.29 -32 imp:n,p 1 $Pb1
123 4 -11.29 -33 imp:n,p 1 $Pb2
124 4 -11.29 -34 imp:n,p 1 $Pb3
125 4 -11.29 -35 imp:n,p 1 $Pb4
126 4 -11.29 -36 imp:n,p 1 $Pb5
127 4 -11.29 -37 imp:n,p 1 $Pb6
128 3 -1.5 -38 imp:n,p 1 $BA1
129 3 -1.5 -39 imp:n,p 1 $BA2
130 6 -2.7 -40 imp:n,p 1 $Al
131 7 -7.92 301 -302 303 -304 imp:n,p 1 $Fe-tube
132 5 -7.8 -401 imp:n,p 1 $Fe
133 5 -7.8 -402 imp:n,p 1 $Fe
c @@@@@@@@@@ Wheels @@@@@@@@@@@@@@@@@
c
21 13 -0.92 -41 42 imp:n,p 1 $Wheel 1
211 13 -0.92 -421 422 imp:n,p 1 $Wheel 1
212 13 -0.92 -423 424 imp:n,p 1 $Wheel 1
22 13 -0.92 -43 44 imp:n,p 1 $Wheel 2
221 13 -0.92 -441 442 imp:n,p 1 $Wheel 2
222 13 -0.92 -443 444 imp:n,p 1 $Wheel 2
23 13 -0.92 -45 46 imp:n,p 1 $Wheel 3
231 13 -0.92 -461 462 imp:n,p 1 $Wheel 3
232 13 -0.92 -463 464 imp:n,p 1 $Wheel 3
24 13 -0.92 -47 48 imp:n,p 1 $Wheel 4
241 13 -0.92 -481 482 imp:n,p 1 $Wheel 4
242 13 -0.92 -483 484 imp:n,p 1 $Wheel 4
c
c @@@@@@@@@@ SOIL VOLUME @@@@@@@@@@@
c
300000 400000 -2.156 20010 -20011 20020 -20021 20030 -20031 imp:n,p 1
300001 400001 -2.156 20010 -20011 20020 -20021 20031 -20032 imp:n,p 1
300002 400002 -2.156 20010 -20011 20020 -20021 20032 -20033 imp:n,p 1
300003 400003 -2.156 20010 -20011 20020 -20021 20033 -20034 imp:n,p 1
300004 400004 -2.156 20010 -20011 20020 -20021 20034 -20035 imp:n,p 1
300005 400005 -2.156 20011 -20012 20020 -20021 20030 -20031 imp:n,p 1
300006 400006 -2.156 20011 -20012 20020 -20021 20031 -20032 imp:n,p 1
300007 400007 -2.156 20011 -20012 20020 -20021 20032 -20033 imp:n,p 1
300008 400008 -2.156 20011 -20012 20020 -20021 20033 -20034 imp:n,p 1
300009 400009 -2.156 20011 -20012 20020 -20021 20034 -20035 imp:n,p 1
300010 400010 -2.156 20012 -20013 20020 -20021 20030 -20031 imp:n,p 1
300011 400011 -2.156 20012 -20013 20020 -20021 20031 -20032 imp:n,p 1
300012 400012 -2.156 20012 -20013 20020 -20021 20032 -20033 imp:n,p 1
300013 400013 -2.156 20012 -20013 20020 -20021 20033 -20034 imp:n,p 1
300014 400014 -2.156 20012 -20013 20020 -20021 20034 -20035 imp:n,p 1
300015 400015 -2.156 20013 -20014 20020 -20021 20030 -20031 imp:n,p 1
300016 400016 -2.156 20013 -20014 20020 -20021 20031 -20032 imp:n,p 1
300017 400017 -2.156 20013 -20014 20020 -20021 20032 -20033 imp:n,p 1
300018 400018 -2.156 20013 -20014 20020 -20021 20033 -20034 imp:n,p 1
300019 400019 -2.156 20013 -20014 20020 -20021 20034 -20035 imp:n,p 1
300020 400020 -2.156 20014 -20015 20020 -20021 20030 -20031 imp:n,p 1
300021 400021 -2.156 20014 -20015 20020 -20021 20031 -20032 imp:n,p 1
300022 400022 -2.156 20014 -20015 20020 -20021 20032 -20033 imp:n,p 1
300023 400023 -2.156 20014 -20015 20020 -20021 20033 -20034 imp:n,p 1
300024 400024 -2.156 20014 -20015 20020 -20021 20034 -20035 imp:n,p 1
300025 400025 -2.156 20010 -20011 20021 -20022 20030 -20031 imp:n,p 1
300026 400026 -2.156 20010 -20011 20021 -20022 20031 -20032 imp:n,p 1
300027 400027 -2.156 20010 -20011 20021 -20022 20032 -20033 imp:n,p 1
300028 400028 -2.156 20010 -20011 20021 -20022 20033 -20034 imp:n,p 1
300029 400029 -2.156 20010 -20011 20021 -20022 20034 -20035 imp:n,p 1
300030 400030 -2.156 20011 -20012 20021 -20022 20030 -20031 imp:n,p 1
300031 400031 -2.156 20011 -20012 20021 -20022 20031 -20032 imp:n,p 1
300032 400032 -2.156 20011 -20012 20021 -20022 20032 -20033 imp:n,p 1
300033 400033 -2.156 20011 -20012 20021 -20022 20033 -20034 imp:n,p 1
300034 400034 -2.156 20011 -20012 20021 -20022 20034 -20035 imp:n,p 1
300035 400035 -2.156 20012 -20013 20021 -20022 20030 -20031 imp:n,p 1
300036 400036 -2.156 20012 -20013 20021 -20022 20031 -20032 imp:n,p 1
300037 400037 -2.156 20012 -20013 20021 -20022 20032 -20033 imp:n,p 1
300038 400038 -2.156 20012 -20013 20021 -20022 20033 -20034 imp:n,p 1
300039 400039 -2.156 20012 -20013 20021 -20022 20034 -20035 imp:n,p 1
300040 400040 -2.156 20013 -20014 20021 -20022 20030 -20031 imp:n,p 1
300041 400041 -2.156 20013 -20014 20021 -20022 20031 -20032 imp:n,p 1
300042 400042 -2.156 20013 -20014 20021 -20022 20032 -20033 imp:n,p 1
300043 400043 -2.156 20013 -20014 20021 -20022 20033 -20034 imp:n,p 1
300044 400044 -2.156 20013 -20014 20021 -20022 20034 -20035 imp:n,p 1
300045 400045 -2.156 20014 -20015 20021 -20022 20030 -20031 imp:n,p 1
300046 400046 -2.156 20014 -20015 20021 -20022 20031 -20032 imp:n,p 1
300047 400047 -2.156 20014 -20015 20021 -20022 20032 -20033 imp:n,p 1
300048 400048 -2.156 20014 -20015 20021 -20022 20033 -20034 imp:n,p 1
300049 400049 -2.156 20014 -20015 20021 -20022 20034 -20035 imp:n,p 1
300050 400050 -2.156 20010 -20011 20022 -20023 20030 -20031 imp:n,p 1
300051 400051 -2.156 20010 -20011 20022 -20023 20031 -20032 imp:n,p 1
300052 400052 -2.156 20010 -20011 20022 -20023 20032 -20033 imp:n,p 1
300053 400053 -2.156 20010 -20011 20022 -20023 20033 -20034 imp:n,p 1
300054 400054 -2.156 20010 -20011 20022 -20023 20034 -20035 imp:n,p 1
300055 400055 -2.156 20011 -20012 20022 -20023 20030 -20031 imp:n,p 1
300056 400056 -2.156 20011 -20012 20022 -20023 20031 -20032 imp:n,p 1
300057 400057 -2.156 20011 -20012 20022 -20023 20032 -20033 imp:n,p 1
300058 400058 -2.156 20011 -20012 20022 -20023 20033 -20034 imp:n,p 1
300059 400059 -2.156 20011 -20012 20022 -20023 20034 -20035 imp:n,p 1
300060 400060 -2.156 20012 -20013 20022 -20023 20030 -20031 imp:n,p 1
300061 400061 -2.156 20012 -20013 20022 -20023 20031 -20032 imp:n,p 1
300062 400062 -2.156 20012 -20013 20022 -20023 20032 -20033 imp:n,p 1
300063 400063 -2.156 20012 -20013 20022 -20023 20033 -20034 imp:n,p 1
300064 400064 -2.156 20012 -20013 20022 -20023 20034 -20035 imp:n,p 1
300065 400065 -2.156 20013 -20014 20022 -20023 20030 -20031 imp:n,p 1
300066 400066 -2.156 20013 -20014 20022 -20023 20031 -20032 imp:n,p 1
300067 400067 -2.156 20013 -20014 20022 -20023 20032 -20033 imp:n,p 1
300068 400068 -2.156 20013 -20014 20022 -20023 20033 -20034 imp:n,p 1
300069 400069 -2.156 20013 -20014 20022 -20023 20034 -20035 imp:n,p 1
300070 400070 -2.156 20014 -20015 20022 -20023 20030 -20031 imp:n,p 1
300071 400071 -2.156 20014 -20015 20022 -20023 20031 -20032 imp:n,p 1
300072 400072 -2.156 20014 -20015 20022 -20023 20032 -20033 imp:n,p 1
300073 400073 -2.156 20014 -20015 20022 -20023 20033 -20034 imp:n,p 1
300074 400074 -2.156 20014 -20015 20022 -20023 20034 -20035 imp:n,p 1
300075 400075 -2.156 20010 -20011 20023 -20024 20030 -20031 imp:n,p 1
300076 400076 -2.156 20010 -20011 20023 -20024 20031 -20032 imp:n,p 1
300077 400077 -2.156 20010 -20011 20023 -20024 20032 -20033 imp:n,p 1
300078 400078 -2.156 20010 -20011 20023 -20024 20033 -20034 imp:n,p 1
300079 400079 -2.156 20010 -20011 20023 -20024 20034 -20035 imp:n,p 1
300080 400080 -2.156 20011 -20012 20023 -20024 20030 -20031 imp:n,p 1
300081 400081 -2.156 20011 -20012 20023 -20024 20031 -20032 imp:n,p 1
300082 400082 -2.156 20011 -20012 20023 -20024 20032 -20033 imp:n,p 1
300083 400083 -2.156 20011 -20012 20023 -20024 20033 -20034 imp:n,p 1
300084 400084 -2.156 20011 -20012 20023 -20024 20034 -20035 imp:n,p 1
300085 400085 -2.156 20012 -20013 20023 -20024 20030 -20031 imp:n,p 1
300086 400086 -2.156 20012 -20013 20023 -20024 20031 -20032 imp:n,p 1
300087 400087 -2.156 20012 -20013 20023 -20024 20032 -20033 imp:n,p 1
300088 400088 -2.156 20012 -20013 20023 -20024 20033 -20034 imp:n,p 1
300089 400089 -2.156 20012 -20013 20023 -20024 20034 -20035 imp:n,p 1
300090 400090 -2.156 20013 -20014 20023 -20024 20030 -20031 imp:n,p 1
300091 400091 -2.156 20013 -20014 20023 -20024 20031 -20032 imp:n,p 1
300092 400092 -2.156 20013 -20014 20023 -20024 20032 -20033 imp:n,p 1
300093 400093 -2.156 20013 -20014 20023 -20024 20033 -20034 imp:n,p 1
300094 400094 -2.156 20013 -20014 20023 -20024 20034 -20035 imp:n,p 1
300095 400095 -2.156 20014 -20015 20023 -20024 20030 -20031 imp:n,p 1
300096 400096 -2.156 20014 -20015 20023 -20024 20031 -20032 imp:n,p 1
300097 400097 -2.156 20014 -20015 20023 -20024 20032 -20033 imp:n,p 1
300098 400098 -2.156 20014 -20015 20023 -20024 20033 -20034 imp:n,p 1
300099 400099 -2.156 20014 -20015 20023 -20024 20034 -20035 imp:n,p 1
300100 400100 -2.156 20010 -20011 20024 -20025 20030 -20031 imp:n,p 1
300101 400101 -2.156 20010 -20011 20024 -20025 20031 -20032 imp:n,p 1
300102 400102 -2.156 20010 -20011 20024 -20025 20032 -20033 imp:n,p 1
300103 400103 -2.156 20010 -20011 20024 -20025 20033 -20034 imp:n,p 1
300104 400104 -2.156 20010 -20011 20024 -20025 20034 -20035 imp:n,p 1
300105 400105 -2.156 20011 -20012 20024 -20025 20030 -20031 imp:n,p 1
300106 400106 -2.156 20011 -20012 20024 -20025 20031 -20032 imp:n,p 1
300107 400107 -2.156 20011 -20012 20024 -20025 20032 -20033 imp:n,p 1
300108 400108 -2.156 20011 -20012 20024 -20025 20033 -20034 imp:n,p 1
300109 400109 -2.156 20011 -20012 20024 -20025 20034 -20035 imp:n,p 1
300110 400110 -2.156 20012 -20013 20024 -20025 20030 -20031 imp:n,p 1
300111 400111 -2.156 20012 -20013 20024 -20025 20031 -20032 imp:n,p 1
300112 400112 -2.156 20012 -20013 20024 -20025 20032 -20033 imp:n,p 1
300113 400113 -2.156 20012 -20013 20024 -20025 20033 -20034 imp:n,p 1
300114 400114 -2.156 20012 -20013 20024 -20025 20034 -20035 imp:n,p 1
300115 400115 -2.156 20013 -20014 20024 -20025 20030 -20031 imp:n,p 1
300116 400116 -2.156 20013 -20014 20024 -20025 20031 -20032 imp:n,p 1
300117 400117 -2.156 20013 -20014 20024 -20025 20032 -20033 imp:n,p 1
300118 400118 -2.156 20013 -20014 20024 -20025 20033 -20034 imp:n,p 1
300119 400119 -2.156 20013 -20014 20024 -20025 20034 -20035 imp:n,p 1
300120 400120 -2.156 20014 -20015 20024 -20025 20030 -20031 imp:n,p 1
300121 400121 -2.156 20014 -20015 20024 -20025 20031 -20032 imp:n,p 1
300122 400122 -2.156 20014 -20015 20024 -20025 20032 -20033 imp:n,p 1
300123 400123 -2.156 20014 -20015 20024 -20025 20033 -20034 imp:n,p 1
300124 400124 -2.156 20014 -20015 20024 -20025 20034 -20035 imp:n,p 1
c
30 12 -0.00129 -200 #101 #121 #122 #123 #124 #125 #126 #127 #128 #129 #130 #131 #132 #133
        #21 #211 #212 #22 #221 #222 #23 #231 #232 #24 #241 #242 #20 imp:n,p 1 $Rest of the World
31 0 200 imp:n,p 0 $Outside world

c SURFACE CARDS
c
c Sample Volume
20010 px -56.0
20011 px -33.600000000000364
20012 px -11.199999999999818
20013 px 11.199999999999818
20014 px 33.600000000000364
20015 px 56.0
20020 py -45.0
20021 py -27.0
20022 py -9.0
20023 py 9.0
20024 py 27.0
20025 py 45.0
20030 pz 92.0
20031 pz 82.0
20032 pz 72.0
20033 pz 62.0
20034 pz 52.0
20035 pz 42.0
c Active Detector Region
21 rcc 56  -5.0 -1.0   0.0 20.3 0.0   4.5 $Detector 1 Base center, Hx,Hy,Hz, radius
c Shielding Surfaces
c Shielding Pb
31 rpp 19 29 -7.5 7.5 -11 9 $PbPE xmin xmax ymin ymax zmin zmax
32 rpp 9 19 4 9 -11 9 $Pb xmin xmax ymin ymax zmin zmax
33 rpp 9 19 -9 -4 -11 9 $Pb xmin xmax ymin ymax zmin zmax
34 rpp 19 29 7.5 12.5 -11 9 $Pb xmin xmax ymin ymax zmin zmax
35 rpp 19 29 -12.5 -7.5 -11 9 $Pb xmin xmax ymin ymax zmin zmax
36 rpp 29 34 -15 15 -11 9 $Pb xmin xmax ymin ymax zmin zmax
37 rpp 9 19 -4 4 4 9 $Pb xmin xmax ymin ymax zmin zmax
38 rpp -26 26 18 28 -11 9 $BA1 xmin xmax ymin ymax zmin zmax
39 rpp -26 26 -28 -18 -11 9 $BA2 xmin xmax ymin ymax zmin zmax
40 rpp -65 65 -28 28 10 10.5 $Al xmin xmax ymin ymax zmin zmax
401 rpp -27 27 29 34 -11 9 $Fe xmin xmax ymin ymax zmin zmax
402 rpp -27 27 -34 -29 -11 9 $Fe xmin xmax ymin ymax zmin zmax
301 px -20
302 px 18
303 cx 3.71
304 cx 3.81
c Wheels Surfaces
c 23/10.5-12 turf tires, 22.6 lb rubber
c diameter 29cm, tread width 25cm, and sidewall height 13.76 cm
c set thickness of all sides 1.3 cm (s.t. weight is 22.6 lb)
41 rcc -2 77 8   0.0 25 0.0 29 $wheel 1 outer tread surface
42 rcc -2 77 8   0.0 25 0.0 27.7 $wheel 1 inner tread surface
421 rcc -2 75.7 8   0.0 1.3 0.0 29 $wheel 1 outside sidewall exterior
422 rcc -2 75.7 8   0.0 1.3 0.0 15.24 $wheel 1 outside sidewall interior
423 rcc -2 102 8   0.0 1.3 0.0 29 $wheel 1 inside sidewall exterior
424 rcc -2 102 8   0.0 1.3 0.0 15.24 $wheel 1 inside sidewall interior
43 rcc 68 77 8   0.0 25 0.0 29 $wheel 2
44 rcc 68 77 8   0.0 25 0.0 27.7
441 rcc 68 75.7 8   0.0 1.3 0.0 29
442 rcc 68 75.7 8   0.0 1.3 0.0 15.24
443 rcc 68 102 8   0.0 1.3 0.0 29
444 rcc 68 102 8   0.0 1.3 0.0 15.24
45 rcc -2 -77 8   0.0 -25 0.0 29 $wheel 3
46 rcc -2 -77 8   0.0 -25 0.0 27.7
461 rcc -2 -75.7 8   0.0 -1.3 0.0 29
462 rcc -2 -75.7 8   0.0 -1.3 0.0 15.24
463 rcc -2 -102 8   0.0 -1.3 0.0 29
464 rcc -2 -102 8   0.0 -1.3 0.0 15.24
47 rcc 68 -77 8   0.0 -25 0.0 29 $wheel 4
48 rcc 68 -77 8   0.0 -25 0.0 27.7
481 rcc 68 -75.7 8   0.0 -1.3 0.0 29
482 rcc 68 -75.7 8   0.0 -1.3 0.0 15.24
483 rcc 68 -102 8   0.0 -1.3 0.0 29
484 rcc 68 -102 8   0.0 -1.3 0.0 15.24
200 so 800    $sphere of 800cm centered at origin
c

c DATA CARDS
mode n p
c dump every hr
prdmp -60 -60 -1
c 100 keV Neutron Energy Cutoff
Cut:n 1j 0.1
c analog neutron transport
phys:n 1j 14
phys:p
sdef pos=0 0 0 erg=14.0 vec= 0 0 1 dir=d1
si1  -1 .93 1
sp1   0  0.0  1.0
c ********************
c begin material cards
c ********************
c Pure Carbon
c ****************************************
m400000 6000 -0.00382446952782966 7000 -0.00382446952782966 14000 -0.9923510609443408 
m400001 6000 -0.0030989101699511125 7000 -0.0030989101699511125 14000 -0.9938021796600978 
m400002 6000 -0.0035944759577553444 7000 -0.0035944759577553444 14000 -0.9928110480844893 
m400003 6000 -0.005685846431719424 7000 -0.005685846431719424 14000 -0.9886283071365612 
m400004 6000 -0.009027805557413237 7000 -0.009027805557413237 14000 -0.9819443888851735 
m400005 6000 -0.004039487586628799 7000 -0.004039487586628799 14000 -0.9919210248267426 
m400006 6000 -0.0030428465100625413 7000 -0.0030428465100625413 14000 -0.993914306979875 
m400007 6000 -0.003867187976786965 7000 -0.003867187976786965 14000 -0.9922656240464263 
m400008 6000 -0.005318756533500568 7000 -0.005318756533500568 14000 -0.9893624869329989 
m400009 6000 -0.008819270144178128 7000 -0.008819270144178128 14000 -0.9823614597116438 
m400010 6000 -0.003918529320513821 7000 -0.003918529320513821 14000 -0.9921629413589725 
m400011 6000 -0.003076244125917504 7000 -0.003076244125917504 14000 -0.993847511748165 
m400012 6000 -0.003591499282384982 7000 -0.003591499282384982 14000 -0.9928170014352301 
m400013 6000 -0.0052894847006964415 7000 -0.0052894847006964415 14000 -0.9894210305986073 
m400014 6000 -0.009143883853563522 7000 -0.009143883853563522 14000 -0.9817122322928727 
m400015 6000 -0.004039815130209416 7000 -0.004039815130209416 14000 -0.9919203697395811 
m400016 6000 -0.003108901787955016 7000 -0.003108901787955016 14000 -0.9937821964240898 
m400017 6000 -0.003451051911153113 7000 -0.003451051911153113 14000 -0.9930978961776937 
m400018 6000 -0.005259256109270264 7000 -0.005259256109270264 14000 -0.9894814877814595 
m400019 6000 -0.009131506983426801 7000 -0.009131506983426801 14000 -0.9817369860331463 
m400020 6000 -0.0038345632861583644 7000 -0.0038345632861583644 14000 -0.9923308734276833 
m400021 6000 -0.003063888354156352 7000 -0.003063888354156352 14000 -0.9938722232916871 
m400022 6000 -0.0035940386135991016 7000 -0.0035940386135991016 14000 -0.9928119227728013 
m400023 6000 -0.005509964307716378 7000 -0.005509964307716378 14000 -0.9889800713845672 
m400024 6000 -0.009190258441951496 7000 -0.009190258441951496 14000 -0.981619483116097 
m400025 6000 -0.003816192876230658 7000 -0.003816192876230658 14000 -0.9923676142475389 
m400026 6000 -0.0030457472979740162 7000 -0.0030457472979740162 14000 -0.9939085054040515 
m400027 6000 -0.0036783340505653957 7000 -0.0036783340505653957 14000 -0.9926433318988691 
m400028 6000 -0.005845725880739778 7000 -0.005845725880739778 14000 -0.9883085482385203 
m400029 6000 -0.009065463244806253 7000 -0.009065463244806253 14000 -0.9818690735103875 
m400030 6000 -0.0038228737271898024 7000 -0.0038228737271898024 14000 -0.9923542525456203 
m400031 6000 -0.0030391856912468772 7000 -0.0030391856912468772 14000 -0.9939216286175067 
m400032 6000 -0.0035357236834169074 7000 -0.0035357236834169074 14000 -0.9929285526331659 
m400033 6000 -0.005790028738398717 7000 -0.005790028738398717 14000 -0.9884199425232029 
m400034 6000 -0.009138454270760784 7000 -0.009138454270760784 14000 -0.9817230914584784 
m400035 6000 -0.004081436614689855 7000 -0.004081436614689855 14000 -0.9918371267706203 
m400036 6000 -0.0030620648167199354 7000 -0.0030620648167199354 14000 -0.9938758703665599 
m400037 6000 -0.0034753259508843374 7000 -0.0034753259508843374 14000 -0.9930493480982312 
m400038 6000 -0.0054751486736490575 7000 -0.0054751486736490575 14000 -0.9890497026527014 
m400039 6000 -0.009550764185584443 7000 -0.009550764185584443 14000 -0.9808984716288311 
m400040 6000 -0.0040051498057754285 7000 -0.0040051498057754285 14000 -0.9919897003884492 
m400041 6000 -0.0030405013819722526 7000 -0.0030405013819722526 14000 -0.9939189972360554 
m400042 6000 -0.0036050237715289646 7000 -0.0036050237715289646 14000 -0.9927899524569419 
m400043 6000 -0.0056801140010977105 7000 -0.0056801140010977105 14000 -0.9886397719978044 
m400044 6000 -0.008953927294613832 7000 -0.008953927294613832 14000 -0.982092145410772 
m400045 6000 -0.004084163460035365 7000 -0.004084163460035365 14000 -0.9918316730799291 
m400046 6000 -0.0030831123044658447 7000 -0.0030831123044658447 14000 -0.9938337753910687 
m400047 6000 -0.003736182376154448 7000 -0.003736182376154448 14000 -0.992527635247691 
m400048 6000 -0.005631391791259327 7000 -0.005631391791259327 14000 -0.9887372164174816 
m400049 6000 -0.008659710648401738 7000 -0.008659710648401738 14000 -0.9826805787031964 
m400050 6000 -0.0039047257294504245 7000 -0.0039047257294504245 14000 -0.992190548541099 
m400051 6000 -0.003086046333924682 7000 -0.003086046333924682 14000 -0.9938279073321507 
m400052 6000 -0.0035448702113876863 7000 -0.0035448702113876863 14000 -0.9929102595772246 
m400053 6000 -0.005787600592299783 7000 -0.005787600592299783 14000 -0.9884247988154002 
m400054 6000 -0.009280341158131202 7000 -0.009280341158131202 14000 -0.9814393176837375 
m400055 6000 -0.004047817798581231 7000 -0.004047817798581231 14000 -0.9919043644028379 
m400056 6000 -0.00300284800289249 7000 -0.00300284800289249 14000 -0.9939943039942151 
m400057 6000 -0.003586560104210034 7000 -0.003586560104210034 14000 -0.9928268797915801 
m400058 6000 -0.005807625774285793 7000 -0.005807625774285793 14000 -0.9883847484514284 
m400059 6000 -0.008993835596902958 7000 -0.008993835596902958 14000 -0.9820123288061938 
m400060 6000 -0.003964757831504629 7000 -0.003964757831504629 14000 -0.9920704843369909 
m400061 6000 -0.0030937444805347854 7000 -0.0030937444805347854 14000 -0.9938125110389306 
m400062 6000 -0.0037849752611174114 7000 -0.0037849752611174114 14000 -0.9924300494777653 
m400063 6000 -0.005562482915088302 7000 -0.005562482915088302 14000 -0.9888750341698234 
m400064 6000 -0.009137042281243422 7000 -0.009137042281243422 14000 -0.981725915437513 
m400065 6000 -0.0035645781480819023 7000 -0.0035645781480819023 14000 -0.9928708437038359 
m400066 6000 -0.003058878295361681 7000 -0.003058878295361681 14000 -0.9938822434092763 
m400067 6000 -0.0035935940507508114 7000 -0.0035935940507508114 14000 -0.9928128118984985 
m400068 6000 -0.005244751046832272 7000 -0.005244751046832272 14000 -0.9895104979063356 
m400069 6000 -0.00904113350054311 7000 -0.00904113350054311 14000 -0.9819177329989137 
m400070 6000 -0.004016685799819478 7000 -0.004016685799819478 14000 -0.9919666284003611 
m400071 6000 -0.0030480523698970035 7000 -0.0030480523698970035 14000 -0.9939038952602058 
m400072 6000 -0.0038147524601512177 7000 -0.0038147524601512177 14000 -0.9923704950796973 
m400073 6000 -0.005158732537604652 7000 -0.005158732537604652 14000 -0.9896825349247906 
m400074 6000 -0.008944422254641194 7000 -0.008944422254641194 14000 -0.9821111554907175 
m400075 6000 -0.003869623015804657 7000 -0.003869623015804657 14000 -0.9922607539683905 
m400076 6000 -0.0031284614906127465 7000 -0.0031284614906127465 14000 -0.9937430770187745 
m400077 6000 -0.0036714140212852926 7000 -0.0036714140212852926 14000 -0.992657171957429 
m400078 6000 -0.005997581883217342 7000 -0.005997581883217342 14000 -0.9880048362335653 
m400079 6000 -0.008691579665674059 7000 -0.008691579665674059 14000 -0.982616840668652 
m400080 6000 -0.0039005888860700138 7000 -0.0039005888860700138 14000 -0.9921988222278602 
m400081 6000 -0.003085799464538745 7000 -0.003085799464538745 14000 -0.9938284010709224 
m400082 6000 -0.0034141525375218436 7000 -0.0034141525375218436 14000 -0.9931716949249566 
m400083 6000 -0.005687455520298482 7000 -0.005687455520298482 14000 -0.9886250889594034 
m400084 6000 -0.008937252015105307 7000 -0.008937252015105307 14000 -0.9821254959697893 
m400085 6000 -0.003996559154863197 7000 -0.003996559154863197 14000 -0.9920068816902733 
m400086 6000 -0.0030774603610654737 7000 -0.0030774603610654737 14000 -0.993845079277869 
m400087 6000 -0.0034880272074960385 7000 -0.0034880272074960385 14000 -0.9930239455850078 
m400088 6000 -0.005601645247624048 7000 -0.005601645247624048 14000 -0.9887967095047516 
m400089 6000 -0.009098776152080492 7000 -0.009098776152080492 14000 -0.9818024476958391 
m400090 6000 -0.003701441799374997 7000 -0.003701441799374997 14000 -0.9925971164012498 
m400091 6000 -0.003078588380387347 7000 -0.003078588380387347 14000 -0.9938428232392253 
m400092 6000 -0.0035426845231868774 7000 -0.0035426845231868774 14000 -0.9929146309536263 
m400093 6000 -0.005777676807853441 7000 -0.005777676807853441 14000 -0.988444646384293 
m400094 6000 -0.008760224271182462 7000 -0.008760224271182462 14000 -0.9824795514576351 
m400095 6000 -0.004066842994140337 7000 -0.004066842994140337 14000 -0.9918663140117193 
m400096 6000 -0.0031137044934045318 7000 -0.0031137044934045318 14000 -0.9937725910131908 
m400097 6000 -0.0035708110642190837 7000 -0.0035708110642190837 14000 -0.9928583778715618 
m400098 6000 -0.005434211741789049 7000 -0.005434211741789049 14000 -0.9891315765164219 
m400099 6000 -0.00925622292804206 7000 -0.00925622292804206 14000 -0.9814875541439156 
m400100 6000 -0.004048594618143426 7000 -0.004048594618143426 14000 -0.9919028107637128 
m400101 6000 -0.0030648980306430297 7000 -0.0030648980306430297 14000 -0.9938702039387138 
m400102 6000 -0.0035807560183873733 7000 -0.0035807560183873733 14000 -0.992838487963225 
m400103 6000 -0.005819799787115809 7000 -0.005819799787115809 14000 -0.9883604004257681 
m400104 6000 -0.00856206310157315 7000 -0.00856206310157315 14000 -0.9828758737968535 
m400105 6000 -0.0039260991199316 7000 -0.0039260991199316 14000 -0.9921478017601365 
m400106 6000 -0.003026811925077472 7000 -0.003026811925077472 14000 -0.993946376149845 
m400107 6000 -0.0036764079773744796 7000 -0.0036764079773744796 14000 -0.992647184045251 
m400108 6000 -0.0052438981070798175 7000 -0.0052438981070798175 14000 -0.9895122037858406 
m400109 6000 -0.008880656682897862 7000 -0.008880656682897862 14000 -0.9822386866342044 
m400110 6000 -0.004063199794073599 7000 -0.004063199794073599 14000 -0.9918736004118529 
m400111 6000 -0.0030126772039534015 7000 -0.0030126772039534015 14000 -0.9939746455920929 
m400112 6000 -0.0037914503893995864 7000 -0.0037914503893995864 14000 -0.9924170992212008 
m400113 6000 -0.00581660535181265 7000 -0.00581660535181265 14000 -0.9883667892963749 
m400114 6000 -0.00938959755506656 7000 -0.00938959755506656 14000 -0.9812208048898667 
m400115 6000 -0.003680550743396055 7000 -0.003680550743396055 14000 -0.9926388985132084 
m400116 6000 -0.003060227106768518 7000 -0.003060227106768518 14000 -0.993879545786463 
m400117 6000 -0.0037325237205271472 7000 -0.0037325237205271472 14000 -0.9925349525589461 
m400118 6000 -0.005532783153794042 7000 -0.005532783153794042 14000 -0.9889344336924119 
m400119 6000 -0.008888077434695843 7000 -0.008888077434695843 14000 -0.9822238451306081 
m400120 6000 -0.0041602396404983345 7000 -0.0041602396404983345 14000 -0.9916795207190031 
m400121 6000 -0.0031001149615377905 7000 -0.0031001149615377905 14000 -0.9937997700769243 
m400122 6000 -0.0035200791892250945 7000 -0.0035200791892250945 14000 -0.9929598416215499 
m400123 6000 -0.005753629703724059 7000 -0.005753629703724059 14000 -0.9884927405925521 
m400124 6000 -0.008961103293536726 7000 -0.008961103293536726 14000 -0.9820777934129268 
c **********************************
c PE+Pb, dens=4.78 g/cm3
m2      6000    -0.04286 $Carbon
        1001    -0.00714 $Hydrogen
        82000   -0.95000 $Lead
c **********************************
m3    1001 -0.048535 $Boric acid
      5010 -0.034981
      5011 -0.139923
      8016 -0.776561
c **********************************
m4    82000 1 $Lead
c **********************************
m5 26000 1 $Iron
c **********************************
m6     13027   -1.000 $ Aluminum
c **********************************
c  SS-304 (8.00 g/cm3), #298 in PNNL Compendium
m7   006000.50c -0.0004000
     014000.60c -0.0050000
     015031.50c -0.0002300
     016000.60c -0.0001500
     024000.50c -0.1899981
     025055.60c -0.0099999
     026000.50c -0.7017229
     028000.50c -0.0924991
c ****************************************
c       LaBr detector
c ****************************************
m8       35079    -0.2946       $ Br79
         35081    -0.3069       $ Br81
         57139    -0.3485       $ La139
         58140    -0.0500       $ Ce140
c ************ air den=1.15e-3g/cc
m12     8016 -0.23
        7014 -0.77
c ************ Rubber Natural den=0.92 g/cc
m13     1001 -0.118371  $weight fraction
        6000 -0.881629
c
c end material cards
c
rand seed=8674536546524321 $different initial random #; seed# - any less 18 digits
c
c ********** begin tallies *********************
fc78 *********Broadened Pulse Height Tally Sum of Detectors 1,2 & 3 ***********
e78 0 1e-5 932i 8.4295
F78:p (101)
FT78 GEB -0.026198 0.059551 -0.037176
fc18 *********Unbroadened Pulse Height Tally Sum of Detectors 1,2 & 3 ***********
e18 0 1e-5 932i 8.4295
F18:p (101)
c ***********************************
c mplot tal 78 freq 10000
nps 1e9
