c CAS DETECTOR
c w/ Shielding in Place and Wheels
c
c CELL CARDS
c
c @@@@@@@@@@ Detectors @@@@@@@@@@@@@@@@@
c
101 8 -5.08 -21 imp:n,p 1 $LaBr Detector #1 Active Region
c
c @@@@@@@@@ Shielding @@@@@@@@@@@@@@@@@
c
121 2 -4.78 -31 imp:n,p 1 $PE_Pb
122 4 -11.29 -32 imp:n,p 1 $Pb1
123 4 -11.29 -33 imp:n,p 1 $Pb2
124 4 -11.29 -34 imp:n,p 1 $Pb3
125 4 -11.29 -35 imp:n,p 1 $Pb4
126 4 -11.29 -36 imp:n,p 1 $Pb5
127 4 -11.29 -37 imp:n,p 1 $Pb6
128 3 -1.5 -38 imp:n,p 1 $BA1
129 3 -1.5 -39 imp:n,p 1 $BA2
130 6 -2.7 -40 imp:n,p 1 $Al
131 7 -7.92 301 -302 303 -304 imp:n,p 1 $Fe-tube
132 5 -7.8 -401 imp:n,p 1 $Fe
133 5 -7.8 -402 imp:n,p 1 $Fe
c @@@@@@@@@@ Wheels @@@@@@@@@@@@@@@@@
c
21 13 -0.92 -41 42 imp:n,p 1 $Wheel 1
211 13 -0.92 -421 422 imp:n,p 1 $Wheel 1
212 13 -0.92 -423 424 imp:n,p 1 $Wheel 1
22 13 -0.92 -43 44 imp:n,p 1 $Wheel 2
221 13 -0.92 -441 442 imp:n,p 1 $Wheel 2
222 13 -0.92 -443 444 imp:n,p 1 $Wheel 2
23 13 -0.92 -45 46 imp:n,p 1 $Wheel 3
231 13 -0.92 -461 462 imp:n,p 1 $Wheel 3
232 13 -0.92 -463 464 imp:n,p 1 $Wheel 3
24 13 -0.92 -47 48 imp:n,p 1 $Wheel 4
241 13 -0.92 -481 482 imp:n,p 1 $Wheel 4
242 13 -0.92 -483 484 imp:n,p 1 $Wheel 4
c
c @@@@@@@@@@ SOIL VOLUME @@@@@@@@@@@
c
300000 400000 -2.156 20010 -20011 20020 -20021 20030 -20031 imp:n,p 1
300001 400001 -2.156 20010 -20011 20020 -20021 20031 -20032 imp:n,p 1
300002 400002 -2.156 20010 -20011 20020 -20021 20032 -20033 imp:n,p 1
300003 400003 -2.156 20010 -20011 20020 -20021 20033 -20034 imp:n,p 1
300004 400004 -2.156 20010 -20011 20020 -20021 20034 -20035 imp:n,p 1
300005 400005 -2.156 20011 -20012 20020 -20021 20030 -20031 imp:n,p 1
300006 400006 -2.156 20011 -20012 20020 -20021 20031 -20032 imp:n,p 1
300007 400007 -2.156 20011 -20012 20020 -20021 20032 -20033 imp:n,p 1
300008 400008 -2.156 20011 -20012 20020 -20021 20033 -20034 imp:n,p 1
300009 400009 -2.156 20011 -20012 20020 -20021 20034 -20035 imp:n,p 1
300010 400010 -2.156 20012 -20013 20020 -20021 20030 -20031 imp:n,p 1
300011 400011 -2.156 20012 -20013 20020 -20021 20031 -20032 imp:n,p 1
300012 400012 -2.156 20012 -20013 20020 -20021 20032 -20033 imp:n,p 1
300013 400013 -2.156 20012 -20013 20020 -20021 20033 -20034 imp:n,p 1
300014 400014 -2.156 20012 -20013 20020 -20021 20034 -20035 imp:n,p 1
300015 400015 -2.156 20013 -20014 20020 -20021 20030 -20031 imp:n,p 1
300016 400016 -2.156 20013 -20014 20020 -20021 20031 -20032 imp:n,p 1
300017 400017 -2.156 20013 -20014 20020 -20021 20032 -20033 imp:n,p 1
300018 400018 -2.156 20013 -20014 20020 -20021 20033 -20034 imp:n,p 1
300019 400019 -2.156 20013 -20014 20020 -20021 20034 -20035 imp:n,p 1
300020 400020 -2.156 20014 -20015 20020 -20021 20030 -20031 imp:n,p 1
300021 400021 -2.156 20014 -20015 20020 -20021 20031 -20032 imp:n,p 1
300022 400022 -2.156 20014 -20015 20020 -20021 20032 -20033 imp:n,p 1
300023 400023 -2.156 20014 -20015 20020 -20021 20033 -20034 imp:n,p 1
300024 400024 -2.156 20014 -20015 20020 -20021 20034 -20035 imp:n,p 1
300025 400025 -2.156 20010 -20011 20021 -20022 20030 -20031 imp:n,p 1
300026 400026 -2.156 20010 -20011 20021 -20022 20031 -20032 imp:n,p 1
300027 400027 -2.156 20010 -20011 20021 -20022 20032 -20033 imp:n,p 1
300028 400028 -2.156 20010 -20011 20021 -20022 20033 -20034 imp:n,p 1
300029 400029 -2.156 20010 -20011 20021 -20022 20034 -20035 imp:n,p 1
300030 400030 -2.156 20011 -20012 20021 -20022 20030 -20031 imp:n,p 1
300031 400031 -2.156 20011 -20012 20021 -20022 20031 -20032 imp:n,p 1
300032 400032 -2.156 20011 -20012 20021 -20022 20032 -20033 imp:n,p 1
300033 400033 -2.156 20011 -20012 20021 -20022 20033 -20034 imp:n,p 1
300034 400034 -2.156 20011 -20012 20021 -20022 20034 -20035 imp:n,p 1
300035 400035 -2.156 20012 -20013 20021 -20022 20030 -20031 imp:n,p 1
300036 400036 -2.156 20012 -20013 20021 -20022 20031 -20032 imp:n,p 1
300037 400037 -2.156 20012 -20013 20021 -20022 20032 -20033 imp:n,p 1
300038 400038 -2.156 20012 -20013 20021 -20022 20033 -20034 imp:n,p 1
300039 400039 -2.156 20012 -20013 20021 -20022 20034 -20035 imp:n,p 1
300040 400040 -2.156 20013 -20014 20021 -20022 20030 -20031 imp:n,p 1
300041 400041 -2.156 20013 -20014 20021 -20022 20031 -20032 imp:n,p 1
300042 400042 -2.156 20013 -20014 20021 -20022 20032 -20033 imp:n,p 1
300043 400043 -2.156 20013 -20014 20021 -20022 20033 -20034 imp:n,p 1
300044 400044 -2.156 20013 -20014 20021 -20022 20034 -20035 imp:n,p 1
300045 400045 -2.156 20014 -20015 20021 -20022 20030 -20031 imp:n,p 1
300046 400046 -2.156 20014 -20015 20021 -20022 20031 -20032 imp:n,p 1
300047 400047 -2.156 20014 -20015 20021 -20022 20032 -20033 imp:n,p 1
300048 400048 -2.156 20014 -20015 20021 -20022 20033 -20034 imp:n,p 1
300049 400049 -2.156 20014 -20015 20021 -20022 20034 -20035 imp:n,p 1
300050 400050 -2.156 20010 -20011 20022 -20023 20030 -20031 imp:n,p 1
300051 400051 -2.156 20010 -20011 20022 -20023 20031 -20032 imp:n,p 1
300052 400052 -2.156 20010 -20011 20022 -20023 20032 -20033 imp:n,p 1
300053 400053 -2.156 20010 -20011 20022 -20023 20033 -20034 imp:n,p 1
300054 400054 -2.156 20010 -20011 20022 -20023 20034 -20035 imp:n,p 1
300055 400055 -2.156 20011 -20012 20022 -20023 20030 -20031 imp:n,p 1
300056 400056 -2.156 20011 -20012 20022 -20023 20031 -20032 imp:n,p 1
300057 400057 -2.156 20011 -20012 20022 -20023 20032 -20033 imp:n,p 1
300058 400058 -2.156 20011 -20012 20022 -20023 20033 -20034 imp:n,p 1
300059 400059 -2.156 20011 -20012 20022 -20023 20034 -20035 imp:n,p 1
300060 400060 -2.156 20012 -20013 20022 -20023 20030 -20031 imp:n,p 1
300061 400061 -2.156 20012 -20013 20022 -20023 20031 -20032 imp:n,p 1
300062 400062 -2.156 20012 -20013 20022 -20023 20032 -20033 imp:n,p 1
300063 400063 -2.156 20012 -20013 20022 -20023 20033 -20034 imp:n,p 1
300064 400064 -2.156 20012 -20013 20022 -20023 20034 -20035 imp:n,p 1
300065 400065 -2.156 20013 -20014 20022 -20023 20030 -20031 imp:n,p 1
300066 400066 -2.156 20013 -20014 20022 -20023 20031 -20032 imp:n,p 1
300067 400067 -2.156 20013 -20014 20022 -20023 20032 -20033 imp:n,p 1
300068 400068 -2.156 20013 -20014 20022 -20023 20033 -20034 imp:n,p 1
300069 400069 -2.156 20013 -20014 20022 -20023 20034 -20035 imp:n,p 1
300070 400070 -2.156 20014 -20015 20022 -20023 20030 -20031 imp:n,p 1
300071 400071 -2.156 20014 -20015 20022 -20023 20031 -20032 imp:n,p 1
300072 400072 -2.156 20014 -20015 20022 -20023 20032 -20033 imp:n,p 1
300073 400073 -2.156 20014 -20015 20022 -20023 20033 -20034 imp:n,p 1
300074 400074 -2.156 20014 -20015 20022 -20023 20034 -20035 imp:n,p 1
300075 400075 -2.156 20010 -20011 20023 -20024 20030 -20031 imp:n,p 1
300076 400076 -2.156 20010 -20011 20023 -20024 20031 -20032 imp:n,p 1
300077 400077 -2.156 20010 -20011 20023 -20024 20032 -20033 imp:n,p 1
300078 400078 -2.156 20010 -20011 20023 -20024 20033 -20034 imp:n,p 1
300079 400079 -2.156 20010 -20011 20023 -20024 20034 -20035 imp:n,p 1
300080 400080 -2.156 20011 -20012 20023 -20024 20030 -20031 imp:n,p 1
300081 400081 -2.156 20011 -20012 20023 -20024 20031 -20032 imp:n,p 1
300082 400082 -2.156 20011 -20012 20023 -20024 20032 -20033 imp:n,p 1
300083 400083 -2.156 20011 -20012 20023 -20024 20033 -20034 imp:n,p 1
300084 400084 -2.156 20011 -20012 20023 -20024 20034 -20035 imp:n,p 1
300085 400085 -2.156 20012 -20013 20023 -20024 20030 -20031 imp:n,p 1
300086 400086 -2.156 20012 -20013 20023 -20024 20031 -20032 imp:n,p 1
300087 400087 -2.156 20012 -20013 20023 -20024 20032 -20033 imp:n,p 1
300088 400088 -2.156 20012 -20013 20023 -20024 20033 -20034 imp:n,p 1
300089 400089 -2.156 20012 -20013 20023 -20024 20034 -20035 imp:n,p 1
300090 400090 -2.156 20013 -20014 20023 -20024 20030 -20031 imp:n,p 1
300091 400091 -2.156 20013 -20014 20023 -20024 20031 -20032 imp:n,p 1
300092 400092 -2.156 20013 -20014 20023 -20024 20032 -20033 imp:n,p 1
300093 400093 -2.156 20013 -20014 20023 -20024 20033 -20034 imp:n,p 1
300094 400094 -2.156 20013 -20014 20023 -20024 20034 -20035 imp:n,p 1
300095 400095 -2.156 20014 -20015 20023 -20024 20030 -20031 imp:n,p 1
300096 400096 -2.156 20014 -20015 20023 -20024 20031 -20032 imp:n,p 1
300097 400097 -2.156 20014 -20015 20023 -20024 20032 -20033 imp:n,p 1
300098 400098 -2.156 20014 -20015 20023 -20024 20033 -20034 imp:n,p 1
300099 400099 -2.156 20014 -20015 20023 -20024 20034 -20035 imp:n,p 1
300100 400100 -2.156 20010 -20011 20024 -20025 20030 -20031 imp:n,p 1
300101 400101 -2.156 20010 -20011 20024 -20025 20031 -20032 imp:n,p 1
300102 400102 -2.156 20010 -20011 20024 -20025 20032 -20033 imp:n,p 1
300103 400103 -2.156 20010 -20011 20024 -20025 20033 -20034 imp:n,p 1
300104 400104 -2.156 20010 -20011 20024 -20025 20034 -20035 imp:n,p 1
300105 400105 -2.156 20011 -20012 20024 -20025 20030 -20031 imp:n,p 1
300106 400106 -2.156 20011 -20012 20024 -20025 20031 -20032 imp:n,p 1
300107 400107 -2.156 20011 -20012 20024 -20025 20032 -20033 imp:n,p 1
300108 400108 -2.156 20011 -20012 20024 -20025 20033 -20034 imp:n,p 1
300109 400109 -2.156 20011 -20012 20024 -20025 20034 -20035 imp:n,p 1
300110 400110 -2.156 20012 -20013 20024 -20025 20030 -20031 imp:n,p 1
300111 400111 -2.156 20012 -20013 20024 -20025 20031 -20032 imp:n,p 1
300112 400112 -2.156 20012 -20013 20024 -20025 20032 -20033 imp:n,p 1
300113 400113 -2.156 20012 -20013 20024 -20025 20033 -20034 imp:n,p 1
300114 400114 -2.156 20012 -20013 20024 -20025 20034 -20035 imp:n,p 1
300115 400115 -2.156 20013 -20014 20024 -20025 20030 -20031 imp:n,p 1
300116 400116 -2.156 20013 -20014 20024 -20025 20031 -20032 imp:n,p 1
300117 400117 -2.156 20013 -20014 20024 -20025 20032 -20033 imp:n,p 1
300118 400118 -2.156 20013 -20014 20024 -20025 20033 -20034 imp:n,p 1
300119 400119 -2.156 20013 -20014 20024 -20025 20034 -20035 imp:n,p 1
300120 400120 -2.156 20014 -20015 20024 -20025 20030 -20031 imp:n,p 1
300121 400121 -2.156 20014 -20015 20024 -20025 20031 -20032 imp:n,p 1
300122 400122 -2.156 20014 -20015 20024 -20025 20032 -20033 imp:n,p 1
300123 400123 -2.156 20014 -20015 20024 -20025 20033 -20034 imp:n,p 1
300124 400124 -2.156 20014 -20015 20024 -20025 20034 -20035 imp:n,p 1
c
30 12 -0.00129 -200 #101 #121 #122 #123 #124 #125 #126 #127 #128 #129 #130 #131 #132 #133
        #21 #211 #212 #22 #221 #222 #23 #231 #232 #24 #241 #242 #20 imp:n,p 1 $Rest of the World
31 0 200 imp:n,p 0 $Outside world

c SURFACE CARDS
c
c Sample Volume
20010 px -56.0
20011 px -33.600000000000364
20012 px -11.200000000000728
20013 px 11.200000000000728
20014 px 33.600000000000364
20015 px 56.0
20020 py -45.0
20021 py -27.0
20022 py -9.0
20023 py 9.0
20024 py 27.0
20025 py 45.0
20030 pz 92.0
20031 pz 82.0
20032 pz 72.0
20033 pz 62.0
20034 pz 52.0
20035 pz 42.0
c Active Detector Region
21 rcc 56  -5.0 -1.0   0.0 20.3 0.0   4.5 $Detector 1 Base center, Hx,Hy,Hz, radius
c Shielding Surfaces
c Shielding Pb
31 rpp 19 29 -7.5 7.5 -11 9 $PbPE xmin xmax ymin ymax zmin zmax
32 rpp 9 19 4 9 -11 9 $Pb xmin xmax ymin ymax zmin zmax
33 rpp 9 19 -9 -4 -11 9 $Pb xmin xmax ymin ymax zmin zmax
34 rpp 19 29 7.5 12.5 -11 9 $Pb xmin xmax ymin ymax zmin zmax
35 rpp 19 29 -12.5 -7.5 -11 9 $Pb xmin xmax ymin ymax zmin zmax
36 rpp 29 34 -15 15 -11 9 $Pb xmin xmax ymin ymax zmin zmax
37 rpp 9 19 -4 4 4 9 $Pb xmin xmax ymin ymax zmin zmax
38 rpp -26 26 18 28 -11 9 $BA1 xmin xmax ymin ymax zmin zmax
39 rpp -26 26 -28 -18 -11 9 $BA2 xmin xmax ymin ymax zmin zmax
40 rpp -65 65 -28 28 10 10.5 $Al xmin xmax ymin ymax zmin zmax
401 rpp -27 27 29 34 -11 9 $Fe xmin xmax ymin ymax zmin zmax
402 rpp -27 27 -34 -29 -11 9 $Fe xmin xmax ymin ymax zmin zmax
301 px -20
302 px 18
303 cx 3.71
304 cx 3.81
c Wheels Surfaces
c 23/10.5-12 turf tires, 22.6 lb rubber
c diameter 29cm, tread width 25cm, and sidewall height 13.76 cm
c set thickness of all sides 1.3 cm (s.t. weight is 22.6 lb)
41 rcc -2 77 8   0.0 25 0.0 29 $wheel 1 outer tread surface
42 rcc -2 77 8   0.0 25 0.0 27.7 $wheel 1 inner tread surface
421 rcc -2 75.7 8   0.0 1.3 0.0 29 $wheel 1 outside sidewall exterior
422 rcc -2 75.7 8   0.0 1.3 0.0 15.24 $wheel 1 outside sidewall interior
423 rcc -2 102 8   0.0 1.3 0.0 29 $wheel 1 inside sidewall exterior
424 rcc -2 102 8   0.0 1.3 0.0 15.24 $wheel 1 inside sidewall interior
43 rcc 68 77 8   0.0 25 0.0 29 $wheel 2
44 rcc 68 77 8   0.0 25 0.0 27.7
441 rcc 68 75.7 8   0.0 1.3 0.0 29
442 rcc 68 75.7 8   0.0 1.3 0.0 15.24
443 rcc 68 102 8   0.0 1.3 0.0 29
444 rcc 68 102 8   0.0 1.3 0.0 15.24
45 rcc -2 -77 8   0.0 -25 0.0 29 $wheel 3
46 rcc -2 -77 8   0.0 -25 0.0 27.7
461 rcc -2 -75.7 8   0.0 -1.3 0.0 29
462 rcc -2 -75.7 8   0.0 -1.3 0.0 15.24
463 rcc -2 -102 8   0.0 -1.3 0.0 29
464 rcc -2 -102 8   0.0 -1.3 0.0 15.24
47 rcc 68 -77 8   0.0 -25 0.0 29 $wheel 4
48 rcc 68 -77 8   0.0 -25 0.0 27.7
481 rcc 68 -75.7 8   0.0 -1.3 0.0 29
482 rcc 68 -75.7 8   0.0 -1.3 0.0 15.24
483 rcc 68 -102 8   0.0 -1.3 0.0 29
484 rcc 68 -102 8   0.0 -1.3 0.0 15.24
200 so 800    $sphere of 800cm centered at origin
c

c DATA CARDS
mode n p
c dump every hr
prdmp -60 -60 -1
c 100 keV Neutron Energy Cutoff
Cut:n 1j 0.1
c analog neutron transport
phys:n 1j 14
phys:p
sdef pos=0 0 0 erg=14.0 vec= 0 0 1 dir=d1
si1  -1 .93 1
sp1   0  0.0  1.0
c ********************
c begin material cards
c ********************
c Pure Carbon
c ****************************************
m400000 6000 -0.003974945307137549 7000 -0.003974945307137549 14000 -0.9920501093857251 
m400001 6000 -0.00307424370981942 7000 -0.00307424370981942 14000 -0.9938515125803608 
m400002 6000 -0.003533268422305424 7000 -0.003533268422305424 14000 -0.992933463155389 
m400003 6000 -0.005551776685310114 7000 -0.005551776685310114 14000 -0.9888964466293801 
m400004 6000 -0.009554067418164471 7000 -0.009554067418164471 14000 -0.9808918651636708 
m400005 6000 -0.003913729786867467 7000 -0.003913729786867467 14000 -0.9921725404262652 
m400006 6000 -0.0029706767088975698 7000 -0.0029706767088975698 14000 -0.9940586465822046 
m400007 6000 -0.003507802652432563 7000 -0.003507802652432563 14000 -0.992984394695135 
m400008 6000 -0.0055099460621792695 7000 -0.0055099460621792695 14000 -0.9889801078756416 
m400009 6000 -0.00903932753658144 7000 -0.00903932753658144 14000 -0.981921344926837 
m400010 6000 -0.0037305562427886246 7000 -0.0037305562427886246 14000 -0.9925388875144229 
m400011 6000 -0.0029350394735666724 7000 -0.0029350394735666724 14000 -0.9941299210528666 
m400012 6000 -0.003690880556666801 7000 -0.003690880556666801 14000 -0.9926182388866667 
m400013 6000 -0.005114652861808069 7000 -0.005114652861808069 14000 -0.9897706942763836 
m400014 6000 -0.008275869978557688 7000 -0.008275869978557688 14000 -0.9834482600428843 
m400015 6000 -0.0038659842960950407 7000 -0.0038659842960950407 14000 -0.9922680314078097 
m400016 6000 -0.0029652531997543846 7000 -0.0029652531997543846 14000 -0.9940694936004911 
m400017 6000 -0.003506089706851823 7000 -0.003506089706851823 14000 -0.9929878205862964 
m400018 6000 -0.005663250648594086 7000 -0.005663250648594086 14000 -0.9886734987028121 
m400019 6000 -0.008641530257142477 7000 -0.008641530257142477 14000 -0.9827169394857148 
m400020 6000 -0.0037905126303688507 7000 -0.0037905126303688507 14000 -0.9924189747392623 
m400021 6000 -0.0029547179885448128 7000 -0.0029547179885448128 14000 -0.99409056402291 
m400022 6000 -0.0035821775527214357 7000 -0.0035821775527214357 14000 -0.9928356448945571 
m400023 6000 -0.005130098492259593 7000 -0.005130098492259593 14000 -0.9897398030154811 
m400024 6000 -0.00876303203830184 7000 -0.00876303203830184 14000 -0.9824739359233962 
m400025 6000 -0.0037522536884105322 7000 -0.0037522536884105322 14000 -0.9924954926231788 
m400026 6000 -0.0030191678658095544 7000 -0.0030191678658095544 14000 -0.9939616642683812 
m400027 6000 -0.0034683728095911133 7000 -0.0034683728095911133 14000 -0.9930632543808179 
m400028 6000 -0.0052815112884056995 7000 -0.0052815112884056995 14000 -0.9894369774231889 
m400029 6000 -0.008729819767694175 7000 -0.008729819767694175 14000 -0.9825403604646116 
m400030 6000 -0.00378506311724902 7000 -0.00378506311724902 14000 -0.9924298737655021 
m400031 6000 -0.002933480350096079 7000 -0.002933480350096079 14000 -0.9941330392998077 
m400032 6000 -0.003440797281817108 7000 -0.003440797281817108 14000 -0.9931184054363655 
m400033 6000 -0.0057396068453391255 7000 -0.0057396068453391255 14000 -0.9885207863093217 
m400034 6000 -0.008762174570099406 7000 -0.008762174570099406 14000 -0.9824756508598013 
m400035 6000 -0.0038214420311383814 7000 -0.0038214420311383814 14000 -0.9923571159377234 
m400036 6000 -0.0029604086377322592 7000 -0.0029604086377322592 14000 -0.9940791827245355 
m400037 6000 -0.0035250760800728306 7000 -0.0035250760800728306 14000 -0.9929498478398542 
m400038 6000 -0.005935008894790916 7000 -0.005935008894790916 14000 -0.9881299822104184 
m400039 6000 -0.009005182301073096 7000 -0.009005182301073096 14000 -0.9819896353978541 
m400040 6000 -0.003708928272998322 7000 -0.003708928272998322 14000 -0.9925821434540034 
m400041 6000 -0.002938984258380347 7000 -0.002938984258380347 14000 -0.9941220314832394 
m400042 6000 -0.003853643189136165 7000 -0.003853643189136165 14000 -0.9922927136217277 
m400043 6000 -0.005304319196879701 7000 -0.005304319196879701 14000 -0.9893913616062407 
m400044 6000 -0.00882828664880439 7000 -0.00882828664880439 14000 -0.9823434267023914 
m400045 6000 -0.003804379287643113 7000 -0.003804379287643113 14000 -0.992391241424714 
m400046 6000 -0.002981167517461644 7000 -0.002981167517461644 14000 -0.9940376649650772 
m400047 6000 -0.003713392234995434 7000 -0.003713392234995434 14000 -0.9925732155300092 
m400048 6000 -0.005709570439536977 7000 -0.005709570439536977 14000 -0.9885808591209256 
m400049 6000 -0.008814074982518164 7000 -0.008814074982518164 14000 -0.9823718500349635 
m400050 6000 -0.003640960735017379 7000 -0.003640960735017379 14000 -0.9927180785299651 
m400051 6000 -0.002994911087815979 7000 -0.002994911087815979 14000 -0.9940101778243681 
m400052 6000 -0.0035704447607907423 7000 -0.0035704447607907423 14000 -0.992859110478419 
m400053 6000 -0.005572817305986689 7000 -0.005572817305986689 14000 -0.9888543653880264 
m400054 6000 -0.009097763152426256 7000 -0.009097763152426256 14000 -0.9818044736951472 
m400055 6000 -0.003994880910840058 7000 -0.003994880910840058 14000 -0.9920102381783199 
m400056 6000 -0.0029929241347211246 7000 -0.0029929241347211246 14000 -0.9940141517305578 
m400057 6000 -0.0035750418983359566 7000 -0.0035750418983359566 14000 -0.9928499162033282 
m400058 6000 -0.005468749286588085 7000 -0.005468749286588085 14000 -0.9890625014268238 
m400059 6000 -0.008894791255288179 7000 -0.008894791255288179 14000 -0.9822104174894238 
m400060 6000 -0.0038096300034915413 7000 -0.0038096300034915413 14000 -0.9923807399930173 
m400061 6000 -0.002993890270439498 7000 -0.002993890270439498 14000 -0.9940122194591212 
m400062 6000 -0.003428167953515377 7000 -0.003428167953515377 14000 -0.993143664092969 
m400063 6000 -0.0051747282275847115 7000 -0.0051747282275847115 14000 -0.9896505435448303 
m400064 6000 -0.009289353391399583 7000 -0.009289353391399583 14000 -0.9814212932172007 
m400065 6000 -0.003672828875100632 7000 -0.003672828875100632 14000 -0.992654342249799 
m400066 6000 -0.0029624723985979123 7000 -0.0029624723985979123 14000 -0.9940750552028039 
m400067 6000 -0.003469894584937098 7000 -0.003469894584937098 14000 -0.993060210830126 
m400068 6000 -0.005852015653352861 7000 -0.005852015653352861 14000 -0.9882959686932942 
m400069 6000 -0.009009645596635878 7000 -0.009009645596635878 14000 -0.9819807088067282 
m400070 6000 -0.0036570392286467135 7000 -0.0036570392286467135 14000 -0.9926859215427067 
m400071 6000 -0.002959420478284192 7000 -0.002959420478284192 14000 -0.9940811590434316 
m400072 6000 -0.0035773121187030275 7000 -0.0035773121187030275 14000 -0.9928453757625939 
m400073 6000 -0.005385304480316634 7000 -0.005385304480316634 14000 -0.9892293910393668 
m400074 6000 -0.00908237040991086 7000 -0.00908237040991086 14000 -0.9818352591801782 
m400075 6000 -0.0038118414669250002 7000 -0.0038118414669250002 14000 -0.99237631706615 
m400076 6000 -0.0029511864811544723 7000 -0.0029511864811544723 14000 -0.994097627037691 
m400077 6000 -0.0033280742628978522 7000 -0.0033280742628978522 14000 -0.9933438514742043 
m400078 6000 -0.005602908343881448 7000 -0.005602908343881448 14000 -0.9887941833122372 
m400079 6000 -0.009003312064656934 7000 -0.009003312064656934 14000 -0.981993375870686 
m400080 6000 -0.0037558969897662875 7000 -0.0037558969897662875 14000 -0.9924882060204674 
m400081 6000 -0.0029294867335744497 7000 -0.0029294867335744497 14000 -0.9941410265328511 
m400082 6000 -0.0035347017406117173 7000 -0.0035347017406117173 14000 -0.9929305965187767 
m400083 6000 -0.005624176598492543 7000 -0.005624176598492543 14000 -0.9887516468030149 
m400084 6000 -0.009283213304361892 7000 -0.009283213304361892 14000 -0.9814335733912762 
m400085 6000 -0.0037377006366545932 7000 -0.0037377006366545932 14000 -0.9925245987266907 
m400086 6000 -0.0029579657846340946 7000 -0.0029579657846340946 14000 -0.9940840684307318 
m400087 6000 -0.003590972739109829 7000 -0.003590972739109829 14000 -0.9928180545217805 
m400088 6000 -0.005371114603492271 7000 -0.005371114603492271 14000 -0.9892577707930156 
m400089 6000 -0.009371344350805891 7000 -0.009371344350805891 14000 -0.981257311298388 
m400090 6000 -0.003909412572885566 7000 -0.003909412572885566 14000 -0.9921811748542291 
m400091 6000 -0.002998393272131357 7000 -0.002998393272131357 14000 -0.9940032134557371 
m400092 6000 -0.0037005165146587094 7000 -0.0037005165146587094 14000 -0.9925989669706824 
m400093 6000 -0.005820293782925198 7000 -0.005820293782925198 14000 -0.9883594124341498 
m400094 6000 -0.009034044920590935 7000 -0.009034044920590935 14000 -0.981931910158818 
m400095 6000 -0.0038740243348769927 7000 -0.0038740243348769927 14000 -0.9922519513302461 
m400096 6000 -0.002923963767685847 7000 -0.002923963767685847 14000 -0.9941520724646287 
m400097 6000 -0.0037384088271373694 7000 -0.0037384088271373694 14000 -0.9925231823457251 
m400098 6000 -0.005417111971158777 7000 -0.005417111971158777 14000 -0.9891657760576825 
m400099 6000 -0.008933874982578213 7000 -0.008933874982578213 14000 -0.9821322500348435 
m400100 6000 -0.003658057204570006 7000 -0.003658057204570006 14000 -0.9926838855908601 
m400101 6000 -0.0029891518801722634 7000 -0.0029891518801722634 14000 -0.9940216962396555 
m400102 6000 -0.003426053680858562 7000 -0.003426053680858562 14000 -0.9931478926382832 
m400103 6000 -0.0052570281594467175 7000 -0.0052570281594467175 14000 -0.9894859436811068 
m400104 6000 -0.009135799720026271 7000 -0.009135799720026271 14000 -0.9817284005599473 
m400105 6000 -0.003999259830996461 7000 -0.003999259830996461 14000 -0.9920014803380074 
m400106 6000 -0.00295602243924291 7000 -0.00295602243924291 14000 -0.9940879551215138 
m400107 6000 -0.0035089978276547714 7000 -0.0035089978276547714 14000 -0.9929820043446904 
m400108 6000 -0.005247737014275876 7000 -0.005247737014275876 14000 -0.9895045259714486 
m400109 6000 -0.008257692145182727 7000 -0.008257692145182727 14000 -0.9834846157096346 
m400110 6000 -0.0035437470483917484 7000 -0.0035437470483917484 14000 -0.9929125059032168 
m400111 6000 -0.002995568368613467 7000 -0.002995568368613467 14000 -0.994008863262773 
m400112 6000 -0.0036180847355592955 7000 -0.0036180847355592955 14000 -0.9927638305288812 
m400113 6000 -0.005629997761506583 7000 -0.005629997761506583 14000 -0.9887400044769866 
m400114 6000 -0.00939328810041622 7000 -0.00939328810041622 14000 -0.9812134237991675 
m400115 6000 -0.00390890134136659 7000 -0.00390890134136659 14000 -0.9921821973172668 
m400116 6000 -0.002933529295033662 7000 -0.002933529295033662 14000 -0.9941329414099326 
m400117 6000 -0.003644842379500609 7000 -0.003644842379500609 14000 -0.9927103152409987 
m400118 6000 -0.0057242373574691785 7000 -0.0057242373574691785 14000 -0.9885515252850616 
m400119 6000 -0.008938381705201462 7000 -0.008938381705201462 14000 -0.9821232365895969 
m400120 6000 -0.003683934162891188 7000 -0.003683934162891188 14000 -0.9926321316742174 
m400121 6000 -0.0029230889755601165 7000 -0.0029230889755601165 14000 -0.9941538220488796 
m400122 6000 -0.003572404361094882 7000 -0.003572404361094882 14000 -0.99285519127781 
m400123 6000 -0.00545230400218943 7000 -0.00545230400218943 14000 -0.9890953919956214 
m400124 6000 -0.008669626930536628 7000 -0.008669626930536628 14000 -0.9826607461389264 
c **********************************
c PE+Pb, dens=4.78 g/cm3
m2      6000    -0.04286 $Carbon
        1001    -0.00714 $Hydrogen
        82000   -0.95000 $Lead
c **********************************
m3    1001 -0.048535 $Boric acid
      5010 -0.034981
      5011 -0.139923
      8016 -0.776561
c **********************************
m4    82000 1 $Lead
c **********************************
m5 26000 1 $Iron
c **********************************
m6     13027   -1.000 $ Aluminum
c **********************************
c  SS-304 (8.00 g/cm3), #298 in PNNL Compendium
m7   006000.50c -0.0004000
     014000.60c -0.0050000
     015031.50c -0.0002300
     016000.60c -0.0001500
     024000.50c -0.1899981
     025055.60c -0.0099999
     026000.50c -0.7017229
     028000.50c -0.0924991
c ****************************************
c       LaBr detector
c ****************************************
m8       35079    -0.2946       $ Br79
         35081    -0.3069       $ Br81
         57139    -0.3485       $ La139
         58140    -0.0500       $ Ce140
c ************ air den=1.15e-3g/cc
m12     8016 -0.23
        7014 -0.77
c ************ Rubber Natural den=0.92 g/cc
m13     1001 -0.118371  $weight fraction
        6000 -0.881629
c
c end material cards
c
rand seed=8674536546524321 $different initial random #; seed# - any less 18 digits
c
c ********** begin tallies *********************
fc78 *********Broadened Pulse Height Tally Sum of Detectors 1,2 & 3 ***********
e78 0 1e-5 932i 8.4295
F78:p (101)
FT78 GEB -0.026198 0.059551 -0.037176
fc18 *********Unbroadened Pulse Height Tally Sum of Detectors 1,2 & 3 ***********
e18 0 1e-5 932i 8.4295
F18:p (101)
c ***********************************
c mplot tal 78 freq 10000
nps 1e9
