c CAS DETECTOR
c w/ Shielding in Place and Wheels
c
c CELL CARDS
c
c @@@@@@@@@@ Detectors @@@@@@@@@@@@@@@@@
c
101 8 -5.08 -21 imp:n,p 1 $LaBr Detector #1 Active Region
c
c @@@@@@@@@ Shielding @@@@@@@@@@@@@@@@@
c
121 2 -4.78 -31 imp:n,p 1 $PE_Pb
122 4 -11.29 -32 imp:n,p 1 $Pb1
123 4 -11.29 -33 imp:n,p 1 $Pb2
124 4 -11.29 -34 imp:n,p 1 $Pb3
125 4 -11.29 -35 imp:n,p 1 $Pb4
126 4 -11.29 -36 imp:n,p 1 $Pb5
127 4 -11.29 -37 imp:n,p 1 $Pb6
128 3 -1.5 -38 imp:n,p 1 $BA1
129 3 -1.5 -39 imp:n,p 1 $BA2
130 6 -2.7 -40 imp:n,p 1 $Al
131 7 -7.92 301 -302 303 -304 imp:n,p 1 $Fe-tube
132 5 -7.8 -401 imp:n,p 1 $Fe
133 5 -7.8 -402 imp:n,p 1 $Fe
c @@@@@@@@@@ Wheels @@@@@@@@@@@@@@@@@
c
21 13 -0.92 -41 42 imp:n,p 1 $Wheel 1
211 13 -0.92 -421 422 imp:n,p 1 $Wheel 1
212 13 -0.92 -423 424 imp:n,p 1 $Wheel 1
22 13 -0.92 -43 44 imp:n,p 1 $Wheel 2
221 13 -0.92 -441 442 imp:n,p 1 $Wheel 2
222 13 -0.92 -443 444 imp:n,p 1 $Wheel 2
23 13 -0.92 -45 46 imp:n,p 1 $Wheel 3
231 13 -0.92 -461 462 imp:n,p 1 $Wheel 3
232 13 -0.92 -463 464 imp:n,p 1 $Wheel 3
24 13 -0.92 -47 48 imp:n,p 1 $Wheel 4
241 13 -0.92 -481 482 imp:n,p 1 $Wheel 4
242 13 -0.92 -483 484 imp:n,p 1 $Wheel 4
c
c @@@@@@@@@@ SOIL VOLUME @@@@@@@@@@@
c
300000 400000 -2.156 20010 -20011 20020 -20021 20030 -20031 imp:n,p 1
300001 400001 -2.156 20010 -20011 20020 -20021 20031 -20032 imp:n,p 1
300002 400002 -2.156 20010 -20011 20020 -20021 20032 -20033 imp:n,p 1
300003 400003 -2.156 20010 -20011 20020 -20021 20033 -20034 imp:n,p 1
300004 400004 -2.156 20010 -20011 20020 -20021 20034 -20035 imp:n,p 1
300005 400005 -2.156 20011 -20012 20020 -20021 20030 -20031 imp:n,p 1
300006 400006 -2.156 20011 -20012 20020 -20021 20031 -20032 imp:n,p 1
300007 400007 -2.156 20011 -20012 20020 -20021 20032 -20033 imp:n,p 1
300008 400008 -2.156 20011 -20012 20020 -20021 20033 -20034 imp:n,p 1
300009 400009 -2.156 20011 -20012 20020 -20021 20034 -20035 imp:n,p 1
300010 400010 -2.156 20012 -20013 20020 -20021 20030 -20031 imp:n,p 1
300011 400011 -2.156 20012 -20013 20020 -20021 20031 -20032 imp:n,p 1
300012 400012 -2.156 20012 -20013 20020 -20021 20032 -20033 imp:n,p 1
300013 400013 -2.156 20012 -20013 20020 -20021 20033 -20034 imp:n,p 1
300014 400014 -2.156 20012 -20013 20020 -20021 20034 -20035 imp:n,p 1
300015 400015 -2.156 20013 -20014 20020 -20021 20030 -20031 imp:n,p 1
300016 400016 -2.156 20013 -20014 20020 -20021 20031 -20032 imp:n,p 1
300017 400017 -2.156 20013 -20014 20020 -20021 20032 -20033 imp:n,p 1
300018 400018 -2.156 20013 -20014 20020 -20021 20033 -20034 imp:n,p 1
300019 400019 -2.156 20013 -20014 20020 -20021 20034 -20035 imp:n,p 1
300020 400020 -2.156 20014 -20015 20020 -20021 20030 -20031 imp:n,p 1
300021 400021 -2.156 20014 -20015 20020 -20021 20031 -20032 imp:n,p 1
300022 400022 -2.156 20014 -20015 20020 -20021 20032 -20033 imp:n,p 1
300023 400023 -2.156 20014 -20015 20020 -20021 20033 -20034 imp:n,p 1
300024 400024 -2.156 20014 -20015 20020 -20021 20034 -20035 imp:n,p 1
300025 400025 -2.156 20010 -20011 20021 -20022 20030 -20031 imp:n,p 1
300026 400026 -2.156 20010 -20011 20021 -20022 20031 -20032 imp:n,p 1
300027 400027 -2.156 20010 -20011 20021 -20022 20032 -20033 imp:n,p 1
300028 400028 -2.156 20010 -20011 20021 -20022 20033 -20034 imp:n,p 1
300029 400029 -2.156 20010 -20011 20021 -20022 20034 -20035 imp:n,p 1
300030 400030 -2.156 20011 -20012 20021 -20022 20030 -20031 imp:n,p 1
300031 400031 -2.156 20011 -20012 20021 -20022 20031 -20032 imp:n,p 1
300032 400032 -2.156 20011 -20012 20021 -20022 20032 -20033 imp:n,p 1
300033 400033 -2.156 20011 -20012 20021 -20022 20033 -20034 imp:n,p 1
300034 400034 -2.156 20011 -20012 20021 -20022 20034 -20035 imp:n,p 1
300035 400035 -2.156 20012 -20013 20021 -20022 20030 -20031 imp:n,p 1
300036 400036 -2.156 20012 -20013 20021 -20022 20031 -20032 imp:n,p 1
300037 400037 -2.156 20012 -20013 20021 -20022 20032 -20033 imp:n,p 1
300038 400038 -2.156 20012 -20013 20021 -20022 20033 -20034 imp:n,p 1
300039 400039 -2.156 20012 -20013 20021 -20022 20034 -20035 imp:n,p 1
300040 400040 -2.156 20013 -20014 20021 -20022 20030 -20031 imp:n,p 1
300041 400041 -2.156 20013 -20014 20021 -20022 20031 -20032 imp:n,p 1
300042 400042 -2.156 20013 -20014 20021 -20022 20032 -20033 imp:n,p 1
300043 400043 -2.156 20013 -20014 20021 -20022 20033 -20034 imp:n,p 1
300044 400044 -2.156 20013 -20014 20021 -20022 20034 -20035 imp:n,p 1
300045 400045 -2.156 20014 -20015 20021 -20022 20030 -20031 imp:n,p 1
300046 400046 -2.156 20014 -20015 20021 -20022 20031 -20032 imp:n,p 1
300047 400047 -2.156 20014 -20015 20021 -20022 20032 -20033 imp:n,p 1
300048 400048 -2.156 20014 -20015 20021 -20022 20033 -20034 imp:n,p 1
300049 400049 -2.156 20014 -20015 20021 -20022 20034 -20035 imp:n,p 1
300050 400050 -2.156 20010 -20011 20022 -20023 20030 -20031 imp:n,p 1
300051 400051 -2.156 20010 -20011 20022 -20023 20031 -20032 imp:n,p 1
300052 400052 -2.156 20010 -20011 20022 -20023 20032 -20033 imp:n,p 1
300053 400053 -2.156 20010 -20011 20022 -20023 20033 -20034 imp:n,p 1
300054 400054 -2.156 20010 -20011 20022 -20023 20034 -20035 imp:n,p 1
300055 400055 -2.156 20011 -20012 20022 -20023 20030 -20031 imp:n,p 1
300056 400056 -2.156 20011 -20012 20022 -20023 20031 -20032 imp:n,p 1
300057 400057 -2.156 20011 -20012 20022 -20023 20032 -20033 imp:n,p 1
300058 400058 -2.156 20011 -20012 20022 -20023 20033 -20034 imp:n,p 1
300059 400059 -2.156 20011 -20012 20022 -20023 20034 -20035 imp:n,p 1
300060 400060 -2.156 20012 -20013 20022 -20023 20030 -20031 imp:n,p 1
300061 400061 -2.156 20012 -20013 20022 -20023 20031 -20032 imp:n,p 1
300062 400062 -2.156 20012 -20013 20022 -20023 20032 -20033 imp:n,p 1
300063 400063 -2.156 20012 -20013 20022 -20023 20033 -20034 imp:n,p 1
300064 400064 -2.156 20012 -20013 20022 -20023 20034 -20035 imp:n,p 1
300065 400065 -2.156 20013 -20014 20022 -20023 20030 -20031 imp:n,p 1
300066 400066 -2.156 20013 -20014 20022 -20023 20031 -20032 imp:n,p 1
300067 400067 -2.156 20013 -20014 20022 -20023 20032 -20033 imp:n,p 1
300068 400068 -2.156 20013 -20014 20022 -20023 20033 -20034 imp:n,p 1
300069 400069 -2.156 20013 -20014 20022 -20023 20034 -20035 imp:n,p 1
300070 400070 -2.156 20014 -20015 20022 -20023 20030 -20031 imp:n,p 1
300071 400071 -2.156 20014 -20015 20022 -20023 20031 -20032 imp:n,p 1
300072 400072 -2.156 20014 -20015 20022 -20023 20032 -20033 imp:n,p 1
300073 400073 -2.156 20014 -20015 20022 -20023 20033 -20034 imp:n,p 1
300074 400074 -2.156 20014 -20015 20022 -20023 20034 -20035 imp:n,p 1
300075 400075 -2.156 20010 -20011 20023 -20024 20030 -20031 imp:n,p 1
300076 400076 -2.156 20010 -20011 20023 -20024 20031 -20032 imp:n,p 1
300077 400077 -2.156 20010 -20011 20023 -20024 20032 -20033 imp:n,p 1
300078 400078 -2.156 20010 -20011 20023 -20024 20033 -20034 imp:n,p 1
300079 400079 -2.156 20010 -20011 20023 -20024 20034 -20035 imp:n,p 1
300080 400080 -2.156 20011 -20012 20023 -20024 20030 -20031 imp:n,p 1
300081 400081 -2.156 20011 -20012 20023 -20024 20031 -20032 imp:n,p 1
300082 400082 -2.156 20011 -20012 20023 -20024 20032 -20033 imp:n,p 1
300083 400083 -2.156 20011 -20012 20023 -20024 20033 -20034 imp:n,p 1
300084 400084 -2.156 20011 -20012 20023 -20024 20034 -20035 imp:n,p 1
300085 400085 -2.156 20012 -20013 20023 -20024 20030 -20031 imp:n,p 1
300086 400086 -2.156 20012 -20013 20023 -20024 20031 -20032 imp:n,p 1
300087 400087 -2.156 20012 -20013 20023 -20024 20032 -20033 imp:n,p 1
300088 400088 -2.156 20012 -20013 20023 -20024 20033 -20034 imp:n,p 1
300089 400089 -2.156 20012 -20013 20023 -20024 20034 -20035 imp:n,p 1
300090 400090 -2.156 20013 -20014 20023 -20024 20030 -20031 imp:n,p 1
300091 400091 -2.156 20013 -20014 20023 -20024 20031 -20032 imp:n,p 1
300092 400092 -2.156 20013 -20014 20023 -20024 20032 -20033 imp:n,p 1
300093 400093 -2.156 20013 -20014 20023 -20024 20033 -20034 imp:n,p 1
300094 400094 -2.156 20013 -20014 20023 -20024 20034 -20035 imp:n,p 1
300095 400095 -2.156 20014 -20015 20023 -20024 20030 -20031 imp:n,p 1
300096 400096 -2.156 20014 -20015 20023 -20024 20031 -20032 imp:n,p 1
300097 400097 -2.156 20014 -20015 20023 -20024 20032 -20033 imp:n,p 1
300098 400098 -2.156 20014 -20015 20023 -20024 20033 -20034 imp:n,p 1
300099 400099 -2.156 20014 -20015 20023 -20024 20034 -20035 imp:n,p 1
300100 400100 -2.156 20010 -20011 20024 -20025 20030 -20031 imp:n,p 1
300101 400101 -2.156 20010 -20011 20024 -20025 20031 -20032 imp:n,p 1
300102 400102 -2.156 20010 -20011 20024 -20025 20032 -20033 imp:n,p 1
300103 400103 -2.156 20010 -20011 20024 -20025 20033 -20034 imp:n,p 1
300104 400104 -2.156 20010 -20011 20024 -20025 20034 -20035 imp:n,p 1
300105 400105 -2.156 20011 -20012 20024 -20025 20030 -20031 imp:n,p 1
300106 400106 -2.156 20011 -20012 20024 -20025 20031 -20032 imp:n,p 1
300107 400107 -2.156 20011 -20012 20024 -20025 20032 -20033 imp:n,p 1
300108 400108 -2.156 20011 -20012 20024 -20025 20033 -20034 imp:n,p 1
300109 400109 -2.156 20011 -20012 20024 -20025 20034 -20035 imp:n,p 1
300110 400110 -2.156 20012 -20013 20024 -20025 20030 -20031 imp:n,p 1
300111 400111 -2.156 20012 -20013 20024 -20025 20031 -20032 imp:n,p 1
300112 400112 -2.156 20012 -20013 20024 -20025 20032 -20033 imp:n,p 1
300113 400113 -2.156 20012 -20013 20024 -20025 20033 -20034 imp:n,p 1
300114 400114 -2.156 20012 -20013 20024 -20025 20034 -20035 imp:n,p 1
300115 400115 -2.156 20013 -20014 20024 -20025 20030 -20031 imp:n,p 1
300116 400116 -2.156 20013 -20014 20024 -20025 20031 -20032 imp:n,p 1
300117 400117 -2.156 20013 -20014 20024 -20025 20032 -20033 imp:n,p 1
300118 400118 -2.156 20013 -20014 20024 -20025 20033 -20034 imp:n,p 1
300119 400119 -2.156 20013 -20014 20024 -20025 20034 -20035 imp:n,p 1
300120 400120 -2.156 20014 -20015 20024 -20025 20030 -20031 imp:n,p 1
300121 400121 -2.156 20014 -20015 20024 -20025 20031 -20032 imp:n,p 1
300122 400122 -2.156 20014 -20015 20024 -20025 20032 -20033 imp:n,p 1
300123 400123 -2.156 20014 -20015 20024 -20025 20033 -20034 imp:n,p 1
300124 400124 -2.156 20014 -20015 20024 -20025 20034 -20035 imp:n,p 1
c
30 12 -0.00129 -200 #101 #121 #122 #123 #124 #125 #126 #127 #128 #129 #130 #131 #132 #133
        #21 #211 #212 #22 #221 #222 #23 #231 #232 #24 #241 #242 #20 imp:n,p 1 $Rest of the World
31 0 200 imp:n,p 0 $Outside world

c SURFACE CARDS
c
c Sample Volume
20010 px -56.0
20011 px -33.600000000000364
20012 px -11.200000000000728
20013 px 11.200000000000728
20014 px 33.600000000000364
20015 px 56.0
20020 py -45.0
20021 py -27.0
20022 py -9.0
20023 py 9.0
20024 py 27.0
20025 py 45.0
20030 pz 92.0
20031 pz 82.0
20032 pz 72.0
20033 pz 62.0
20034 pz 52.0
20035 pz 42.0
c Active Detector Region
21 rcc 56  -5.0 -1.0   0.0 20.3 0.0   4.5 $Detector 1 Base center, Hx,Hy,Hz, radius
c Shielding Surfaces
c Shielding Pb
31 rpp 19 29 -7.5 7.5 -11 9 $PbPE xmin xmax ymin ymax zmin zmax
32 rpp 9 19 4 9 -11 9 $Pb xmin xmax ymin ymax zmin zmax
33 rpp 9 19 -9 -4 -11 9 $Pb xmin xmax ymin ymax zmin zmax
34 rpp 19 29 7.5 12.5 -11 9 $Pb xmin xmax ymin ymax zmin zmax
35 rpp 19 29 -12.5 -7.5 -11 9 $Pb xmin xmax ymin ymax zmin zmax
36 rpp 29 34 -15 15 -11 9 $Pb xmin xmax ymin ymax zmin zmax
37 rpp 9 19 -4 4 4 9 $Pb xmin xmax ymin ymax zmin zmax
38 rpp -26 26 18 28 -11 9 $BA1 xmin xmax ymin ymax zmin zmax
39 rpp -26 26 -28 -18 -11 9 $BA2 xmin xmax ymin ymax zmin zmax
40 rpp -65 65 -28 28 10 10.5 $Al xmin xmax ymin ymax zmin zmax
401 rpp -27 27 29 34 -11 9 $Fe xmin xmax ymin ymax zmin zmax
402 rpp -27 27 -34 -29 -11 9 $Fe xmin xmax ymin ymax zmin zmax
301 px -20
302 px 18
303 cx 3.71
304 cx 3.81
c Wheels Surfaces
c 23/10.5-12 turf tires, 22.6 lb rubber
c diameter 29cm, tread width 25cm, and sidewall height 13.76 cm
c set thickness of all sides 1.3 cm (s.t. weight is 22.6 lb)
41 rcc -2 77 8   0.0 25 0.0 29 $wheel 1 outer tread surface
42 rcc -2 77 8   0.0 25 0.0 27.7 $wheel 1 inner tread surface
421 rcc -2 75.7 8   0.0 1.3 0.0 29 $wheel 1 outside sidewall exterior
422 rcc -2 75.7 8   0.0 1.3 0.0 15.24 $wheel 1 outside sidewall interior
423 rcc -2 102 8   0.0 1.3 0.0 29 $wheel 1 inside sidewall exterior
424 rcc -2 102 8   0.0 1.3 0.0 15.24 $wheel 1 inside sidewall interior
43 rcc 68 77 8   0.0 25 0.0 29 $wheel 2
44 rcc 68 77 8   0.0 25 0.0 27.7
441 rcc 68 75.7 8   0.0 1.3 0.0 29
442 rcc 68 75.7 8   0.0 1.3 0.0 15.24
443 rcc 68 102 8   0.0 1.3 0.0 29
444 rcc 68 102 8   0.0 1.3 0.0 15.24
45 rcc -2 -77 8   0.0 -25 0.0 29 $wheel 3
46 rcc -2 -77 8   0.0 -25 0.0 27.7
461 rcc -2 -75.7 8   0.0 -1.3 0.0 29
462 rcc -2 -75.7 8   0.0 -1.3 0.0 15.24
463 rcc -2 -102 8   0.0 -1.3 0.0 29
464 rcc -2 -102 8   0.0 -1.3 0.0 15.24
47 rcc 68 -77 8   0.0 -25 0.0 29 $wheel 4
48 rcc 68 -77 8   0.0 -25 0.0 27.7
481 rcc 68 -75.7 8   0.0 -1.3 0.0 29
482 rcc 68 -75.7 8   0.0 -1.3 0.0 15.24
483 rcc 68 -102 8   0.0 -1.3 0.0 29
484 rcc 68 -102 8   0.0 -1.3 0.0 15.24
200 so 800    $sphere of 800cm centered at origin
c

c DATA CARDS
mode n p
c dump every hr
prdmp -60 -60 -1
c 100 keV Neutron Energy Cutoff
Cut:n 1j 0.1
c analog neutron transport
phys:n 1j 14
phys:p
sdef pos=0 0 0 erg=14.0 vec= 0 0 1 dir=d1
si1  -1 .93 1
sp1   0  0.0  1.0
c ********************
c begin material cards
c ********************
c Pure Carbon
c ****************************************
m400000 6000 -0.004115200128967137 7000 -0.004115200128967137 14000 -0.9917695997420657 
m400001 6000 -0.0031015142647578364 7000 -0.0031015142647578364 14000 -0.9937969714704845 
m400002 6000 -0.0037290648032082202 7000 -0.0037290648032082202 14000 -0.9925418703935835 
m400003 6000 -0.005549521386990968 7000 -0.005549521386990968 14000 -0.9889009572260179 
m400004 6000 -0.009542815104527466 7000 -0.009542815104527466 14000 -0.9809143697909452 
m400005 6000 -0.003878745053135239 7000 -0.003878745053135239 14000 -0.9922425098937292 
m400006 6000 -0.0031692401749465 7000 -0.0031692401749465 14000 -0.9936615196501069 
m400007 6000 -0.003538623396453339 7000 -0.003538623396453339 14000 -0.9929227532070936 
m400008 6000 -0.005857231331715946 7000 -0.005857231331715946 14000 -0.9882855373365679 
m400009 6000 -0.00975429094150232 7000 -0.00975429094150232 14000 -0.9804914181169951 
m400010 6000 -0.004291448529120369 7000 -0.004291448529120369 14000 -0.9914171029417593 
m400011 6000 -0.003165200858422541 7000 -0.003165200858422541 14000 -0.9936695982831546 
m400012 6000 -0.00386269954111127 7000 -0.00386269954111127 14000 -0.9922746009177773 
m400013 6000 -0.0058507670369271755 7000 -0.0058507670369271755 14000 -0.9882984659261456 
m400014 6000 -0.009216735607324611 7000 -0.009216735607324611 14000 -0.9815665287853509 
m400015 6000 -0.004095001650073487 7000 -0.004095001650073487 14000 -0.9918099966998529 
m400016 6000 -0.003208426880408924 7000 -0.003208426880408924 14000 -0.9935831462391821 
m400017 6000 -0.003819681296583357 7000 -0.003819681296583357 14000 -0.9923606374068337 
m400018 6000 -0.006009386598693809 7000 -0.006009386598693809 14000 -0.9879812268026121 
m400019 6000 -0.009317098887094019 7000 -0.009317098887094019 14000 -0.9813658022258117 
m400020 6000 -0.004221353127465349 7000 -0.004221353127465349 14000 -0.9915572937450695 
m400021 6000 -0.0031477814426774235 7000 -0.0031477814426774235 14000 -0.9937044371146452 
m400022 6000 -0.003699986235728084 7000 -0.003699986235728084 14000 -0.9926000275285436 
m400023 6000 -0.005482058295422693 7000 -0.005482058295422693 14000 -0.9890358834091544 
m400024 6000 -0.009512704844445583 7000 -0.009512704844445583 14000 -0.9809745903111089 
m400025 6000 -0.003964994643795545 7000 -0.003964994643795545 14000 -0.992070010712409 
m400026 6000 -0.0031898252998388468 7000 -0.0031898252998388468 14000 -0.9936203494003224 
m400027 6000 -0.0038131920986807385 7000 -0.0038131920986807385 14000 -0.9923736158026386 
m400028 6000 -0.005805125739414216 7000 -0.005805125739414216 14000 -0.9883897485211716 
m400029 6000 -0.009699192080267979 7000 -0.009699192080267979 14000 -0.9806016158394638 
m400030 6000 -0.004058183066885656 7000 -0.004058183066885656 14000 -0.9918836338662287 
m400031 6000 -0.003090934218953573 7000 -0.003090934218953573 14000 -0.9938181315620928 
m400032 6000 -0.0037460810362282466 7000 -0.0037460810362282466 14000 -0.992507837927543 
m400033 6000 -0.005180445833619182 7000 -0.005180445833619182 14000 -0.9896391083327617 
m400034 6000 -0.008825883089847697 7000 -0.008825883089847697 14000 -0.9823482338203046 
m400035 6000 -0.003941549512513458 7000 -0.003941549512513458 14000 -0.9921169009749731 
m400036 6000 -0.00312327498867359 7000 -0.00312327498867359 14000 -0.9937534500226528 
m400037 6000 -0.0036258788989158007 7000 -0.0036258788989158007 14000 -0.9927482422021686 
m400038 6000 -0.005861772535155828 7000 -0.005861772535155828 14000 -0.9882764549296883 
m400039 6000 -0.00899039689794685 7000 -0.00899039689794685 14000 -0.9820192062041062 
m400040 6000 -0.00422985299234198 7000 -0.00422985299234198 14000 -0.9915402940153158 
m400041 6000 -0.003201048028833456 7000 -0.003201048028833456 14000 -0.9935979039423333 
m400042 6000 -0.0036990466511495085 7000 -0.0036990466511495085 14000 -0.9926019066977007 
m400043 6000 -0.005851239699319554 7000 -0.005851239699319554 14000 -0.988297520601361 
m400044 6000 -0.008537342663133482 7000 -0.008537342663133482 14000 -0.9829253146737329 
m400045 6000 -0.0037949929750150883 7000 -0.0037949929750150883 14000 -0.9924100140499698 
m400046 6000 -0.0031700479295912825 7000 -0.0031700479295912825 14000 -0.9936599041408172 
m400047 6000 -0.00378799314849081 7000 -0.00378799314849081 14000 -0.9924240137030179 
m400048 6000 -0.005655864853683284 7000 -0.005655864853683284 14000 -0.9886882702926332 
m400049 6000 -0.0092643473532542 7000 -0.0092643473532542 14000 -0.9814713052934916 
m400050 6000 -0.004014921622486993 7000 -0.004014921622486993 14000 -0.991970156755026 
m400051 6000 -0.003189008439270598 7000 -0.003189008439270598 14000 -0.9936219831214591 
m400052 6000 -0.0035492817673930177 7000 -0.0035492817673930177 14000 -0.992901436465214 
m400053 6000 -0.0056256583990324386 7000 -0.0056256583990324386 14000 -0.9887486832019351 
m400054 6000 -0.009056858196028937 7000 -0.009056858196028937 14000 -0.9818862836079422 
m400055 6000 -0.003972241492469427 7000 -0.003972241492469427 14000 -0.992055517015061 
m400056 6000 -0.003156948527417582 7000 -0.003156948527417582 14000 -0.9936861029451651 
m400057 6000 -0.0034497360035821985 7000 -0.0034497360035821985 14000 -0.9931005279928355 
m400058 6000 -0.005664321506553504 7000 -0.005664321506553504 14000 -0.9886713569868926 
m400059 6000 -0.00904097723832055 7000 -0.00904097723832055 14000 -0.9819180455233589 
m400060 6000 -0.003806937602668703 7000 -0.003806937602668703 14000 -0.9923861247946628 
m400061 6000 -0.003138204263645743 7000 -0.003138204263645743 14000 -0.9937235914727084 
m400062 6000 -0.0037070528176636618 7000 -0.0037070528176636618 14000 -0.9925858943646727 
m400063 6000 -0.005753943471187427 7000 -0.005753943471187427 14000 -0.9884921130576254 
m400064 6000 -0.008937470466244705 7000 -0.008937470466244705 14000 -0.9821250590675106 
m400065 6000 -0.0037464784278569857 7000 -0.0037464784278569857 14000 -0.9925070431442858 
m400066 6000 -0.003144779820383588 7000 -0.003144779820383588 14000 -0.993710440359233 
m400067 6000 -0.0037720236080440433 7000 -0.0037720236080440433 14000 -0.992455952783912 
m400068 6000 -0.005797419263997153 7000 -0.005797419263997153 14000 -0.9884051614720054 
m400069 6000 -0.00881443925523171 7000 -0.00881443925523171 14000 -0.9823711214895363 
m400070 6000 -0.0041991434375935645 7000 -0.0041991434375935645 14000 -0.9916017131248128 
m400071 6000 -0.0032313282166443647 7000 -0.0032313282166443647 14000 -0.9935373435667114 
m400072 6000 -0.0035613447491978385 7000 -0.0035613447491978385 14000 -0.9928773105016042 
m400073 6000 -0.00547413736286248 7000 -0.00547413736286248 14000 -0.9890517252742752 
m400074 6000 -0.009256145692839167 7000 -0.009256145692839167 14000 -0.9814877086143212 
m400075 6000 -0.004006415082280011 7000 -0.004006415082280011 14000 -0.99198716983544 
m400076 6000 -0.0032184898149997167 7000 -0.0032184898149997167 14000 -0.9935630203700009 
m400077 6000 -0.003696356082337882 7000 -0.003696356082337882 14000 -0.9926072878353241 
m400078 6000 -0.0056345973237530685 7000 -0.0056345973237530685 14000 -0.9887308053524936 
m400079 6000 -0.009570369740629431 7000 -0.009570369740629431 14000 -0.9808592605187411 
m400080 6000 -0.004199565365781183 7000 -0.004199565365781183 14000 -0.9916008692684376 
m400081 6000 -0.0031327723720861044 7000 -0.0031327723720861044 14000 -0.993734455255828 
m400082 6000 -0.0038060969798258716 7000 -0.0038060969798258716 14000 -0.9923878060403483 
m400083 6000 -0.005589038080802341 7000 -0.005589038080802341 14000 -0.9888219238383956 
m400084 6000 -0.008911456378549558 7000 -0.008911456378549558 14000 -0.9821770872429009 
m400085 6000 -0.004223221423640936 7000 -0.004223221423640936 14000 -0.991553557152718 
m400086 6000 -0.003134710443941916 7000 -0.003134710443941916 14000 -0.9937305791121165 
m400087 6000 -0.003824223963878692 7000 -0.003824223963878692 14000 -0.9923515520722426 
m400088 6000 -0.0059783971707188695 7000 -0.0059783971707188695 14000 -0.9880432056585623 
m400089 6000 -0.009542238947094989 7000 -0.009542238947094989 14000 -0.9809155221058099 
m400090 6000 -0.003889563171712046 7000 -0.003889563171712046 14000 -0.9922208736565759 
m400091 6000 -0.0031486496118108835 7000 -0.0031486496118108835 14000 -0.9937027007763785 
m400092 6000 -0.0036928455453295985 7000 -0.0036928455453295985 14000 -0.9926143089093408 
m400093 6000 -0.005697438980534244 7000 -0.005697438980534244 14000 -0.9886051220389314 
m400094 6000 -0.008808243308340409 7000 -0.008808243308340409 14000 -0.9823835133833191 
m400095 6000 -0.00392920180482109 7000 -0.00392920180482109 14000 -0.9921415963903578 
m400096 6000 -0.0031807412552114934 7000 -0.0031807412552114934 14000 -0.9936385174895773 
m400097 6000 -0.003603031413727314 7000 -0.003603031413727314 14000 -0.9927939371725454 
m400098 6000 -0.005184121211371141 7000 -0.005184121211371141 14000 -0.9896317575772577 
m400099 6000 -0.009463006316435839 7000 -0.009463006316435839 14000 -0.9810739873671287 
m400100 6000 -0.004224514259681524 7000 -0.004224514259681524 14000 -0.991550971480637 
m400101 6000 -0.0032347967828654056 7000 -0.0032347967828654056 14000 -0.993530406434269 
m400102 6000 -0.0037832133229856344 7000 -0.0037832133229856344 14000 -0.9924335733540286 
m400103 6000 -0.005684499125838908 7000 -0.005684499125838908 14000 -0.9886310017483217 
m400104 6000 -0.009217334804001574 7000 -0.009217334804001574 14000 -0.981565330391997 
m400105 6000 -0.0041303444048661365 7000 -0.0041303444048661365 14000 -0.9917393111902677 
m400106 6000 -0.0032294317046828226 7000 -0.0032294317046828226 14000 -0.9935411365906345 
m400107 6000 -0.0038155795781536894 7000 -0.0038155795781536894 14000 -0.9923688408436928 
m400108 6000 -0.005759021086774178 7000 -0.005759021086774178 14000 -0.9884819578264518 
m400109 6000 -0.009267592334244188 7000 -0.009267592334244188 14000 -0.9814648153315114 
m400110 6000 -0.004089681377188092 7000 -0.004089681377188092 14000 -0.9918206372456241 
m400111 6000 -0.0032389143198622117 7000 -0.0032389143198622117 14000 -0.9935221713602757 
m400112 6000 -0.003705459091518937 7000 -0.003705459091518937 14000 -0.992589081816962 
m400113 6000 -0.005993382505972213 7000 -0.005993382505972213 14000 -0.9880132349880557 
m400114 6000 -0.008509600699453867 7000 -0.008509600699453867 14000 -0.9829807986010921 
m400115 6000 -0.003932816588366697 7000 -0.003932816588366697 14000 -0.9921343668232666 
m400116 6000 -0.0031909026826745348 7000 -0.0031909026826745348 14000 -0.993618194634651 
m400117 6000 -0.0037811092368485776 7000 -0.0037811092368485776 14000 -0.992437781526303 
m400118 6000 -0.00540877686708603 7000 -0.00540877686708603 14000 -0.9891824462658279 
m400119 6000 -0.00928903550301491 7000 -0.00928903550301491 14000 -0.9814219289939706 
m400120 6000 -0.003836139991471425 7000 -0.003836139991471425 14000 -0.9923277200170569 
m400121 6000 -0.0031357230556773364 7000 -0.0031357230556773364 14000 -0.9937285538886451 
m400122 6000 -0.0036853036900094845 7000 -0.0036853036900094845 14000 -0.992629392619981 
m400123 6000 -0.005682749035527477 7000 -0.005682749035527477 14000 -0.9886345019289448 
m400124 6000 -0.009153131525302362 7000 -0.009153131525302362 14000 -0.9816937369493955 
c **********************************
c PE+Pb, dens=4.78 g/cm3
m2      6000    -0.04286 $Carbon
        1001    -0.00714 $Hydrogen
        82000   -0.95000 $Lead
c **********************************
m3    1001 -0.048535 $Boric acid
      5010 -0.034981
      5011 -0.139923
      8016 -0.776561
c **********************************
m4    82000 1 $Lead
c **********************************
m5 26000 1 $Iron
c **********************************
m6     13027   -1.000 $ Aluminum
c **********************************
c  SS-304 (8.00 g/cm3), #298 in PNNL Compendium
m7   006000.50c -0.0004000
     014000.60c -0.0050000
     015031.50c -0.0002300
     016000.60c -0.0001500
     024000.50c -0.1899981
     025055.60c -0.0099999
     026000.50c -0.7017229
     028000.50c -0.0924991
c ****************************************
c       LaBr detector
c ****************************************
m8       35079    -0.2946       $ Br79
         35081    -0.3069       $ Br81
         57139    -0.3485       $ La139
         58140    -0.0500       $ Ce140
c ************ air den=1.15e-3g/cc
m12     8016 -0.23
        7014 -0.77
c ************ Rubber Natural den=0.92 g/cc
m13     1001 -0.118371  $weight fraction
        6000 -0.881629
c
c end material cards
c
rand seed=8674536546524321 $different initial random #; seed# - any less 18 digits
c
c ********** begin tallies *********************
fc78 *********Broadened Pulse Height Tally Sum of Detectors 1,2 & 3 ***********
e78 0 1e-5 932i 8.4295
F78:p (101)
FT78 GEB -0.026198 0.059551 -0.037176
fc18 *********Unbroadened Pulse Height Tally Sum of Detectors 1,2 & 3 ***********
e18 0 1e-5 932i 8.4295
F18:p (101)
c ***********************************
c mplot tal 78 freq 10000
nps 1e9
