c CAS DETECTOR
c w/ Shielding in Place and Wheels
c
c CELL CARDS
c
c @@@@@@@@@@ Detectors @@@@@@@@@@@@@@@@@
c
101 8 -5.08 -21 imp:n,p 1 $LaBr Detector #1 Active Region
c
c @@@@@@@@@ Shielding @@@@@@@@@@@@@@@@@
c
121 2 -4.78 -31 imp:n,p 1 $PE_Pb
122 4 -11.29 -32 imp:n,p 1 $Pb1
123 4 -11.29 -33 imp:n,p 1 $Pb2
124 4 -11.29 -34 imp:n,p 1 $Pb3
125 4 -11.29 -35 imp:n,p 1 $Pb4
126 4 -11.29 -36 imp:n,p 1 $Pb5
127 4 -11.29 -37 imp:n,p 1 $Pb6
128 3 -1.5 -38 imp:n,p 1 $BA1
129 3 -1.5 -39 imp:n,p 1 $BA2
130 6 -2.7 -40 imp:n,p 1 $Al
131 7 -7.92 301 -302 303 -304 imp:n,p 1 $Fe-tube
132 5 -7.8 -401 imp:n,p 1 $Fe
133 5 -7.8 -402 imp:n,p 1 $Fe
c @@@@@@@@@@ Wheels @@@@@@@@@@@@@@@@@
c
21 13 -0.92 -41 42 imp:n,p 1 $Wheel 1
211 13 -0.92 -421 422 imp:n,p 1 $Wheel 1
212 13 -0.92 -423 424 imp:n,p 1 $Wheel 1
22 13 -0.92 -43 44 imp:n,p 1 $Wheel 2
221 13 -0.92 -441 442 imp:n,p 1 $Wheel 2
222 13 -0.92 -443 444 imp:n,p 1 $Wheel 2
23 13 -0.92 -45 46 imp:n,p 1 $Wheel 3
231 13 -0.92 -461 462 imp:n,p 1 $Wheel 3
232 13 -0.92 -463 464 imp:n,p 1 $Wheel 3
24 13 -0.92 -47 48 imp:n,p 1 $Wheel 4
241 13 -0.92 -481 482 imp:n,p 1 $Wheel 4
242 13 -0.92 -483 484 imp:n,p 1 $Wheel 4
c
c @@@@@@@@@@ SOIL VOLUME @@@@@@@@@@@
c
300000 400000 -2.156 20010 -20011 20020 -20021 20030 -20031 imp:n,p 1
300001 400001 -2.156 20010 -20011 20020 -20021 20031 -20032 imp:n,p 1
300002 400002 -2.156 20010 -20011 20020 -20021 20032 -20033 imp:n,p 1
300003 400003 -2.156 20010 -20011 20020 -20021 20033 -20034 imp:n,p 1
300004 400004 -2.156 20010 -20011 20020 -20021 20034 -20035 imp:n,p 1
300005 400005 -2.156 20011 -20012 20020 -20021 20030 -20031 imp:n,p 1
300006 400006 -2.156 20011 -20012 20020 -20021 20031 -20032 imp:n,p 1
300007 400007 -2.156 20011 -20012 20020 -20021 20032 -20033 imp:n,p 1
300008 400008 -2.156 20011 -20012 20020 -20021 20033 -20034 imp:n,p 1
300009 400009 -2.156 20011 -20012 20020 -20021 20034 -20035 imp:n,p 1
300010 400010 -2.156 20012 -20013 20020 -20021 20030 -20031 imp:n,p 1
300011 400011 -2.156 20012 -20013 20020 -20021 20031 -20032 imp:n,p 1
300012 400012 -2.156 20012 -20013 20020 -20021 20032 -20033 imp:n,p 1
300013 400013 -2.156 20012 -20013 20020 -20021 20033 -20034 imp:n,p 1
300014 400014 -2.156 20012 -20013 20020 -20021 20034 -20035 imp:n,p 1
300015 400015 -2.156 20013 -20014 20020 -20021 20030 -20031 imp:n,p 1
300016 400016 -2.156 20013 -20014 20020 -20021 20031 -20032 imp:n,p 1
300017 400017 -2.156 20013 -20014 20020 -20021 20032 -20033 imp:n,p 1
300018 400018 -2.156 20013 -20014 20020 -20021 20033 -20034 imp:n,p 1
300019 400019 -2.156 20013 -20014 20020 -20021 20034 -20035 imp:n,p 1
300020 400020 -2.156 20014 -20015 20020 -20021 20030 -20031 imp:n,p 1
300021 400021 -2.156 20014 -20015 20020 -20021 20031 -20032 imp:n,p 1
300022 400022 -2.156 20014 -20015 20020 -20021 20032 -20033 imp:n,p 1
300023 400023 -2.156 20014 -20015 20020 -20021 20033 -20034 imp:n,p 1
300024 400024 -2.156 20014 -20015 20020 -20021 20034 -20035 imp:n,p 1
300025 400025 -2.156 20010 -20011 20021 -20022 20030 -20031 imp:n,p 1
300026 400026 -2.156 20010 -20011 20021 -20022 20031 -20032 imp:n,p 1
300027 400027 -2.156 20010 -20011 20021 -20022 20032 -20033 imp:n,p 1
300028 400028 -2.156 20010 -20011 20021 -20022 20033 -20034 imp:n,p 1
300029 400029 -2.156 20010 -20011 20021 -20022 20034 -20035 imp:n,p 1
300030 400030 -2.156 20011 -20012 20021 -20022 20030 -20031 imp:n,p 1
300031 400031 -2.156 20011 -20012 20021 -20022 20031 -20032 imp:n,p 1
300032 400032 -2.156 20011 -20012 20021 -20022 20032 -20033 imp:n,p 1
300033 400033 -2.156 20011 -20012 20021 -20022 20033 -20034 imp:n,p 1
300034 400034 -2.156 20011 -20012 20021 -20022 20034 -20035 imp:n,p 1
300035 400035 -2.156 20012 -20013 20021 -20022 20030 -20031 imp:n,p 1
300036 400036 -2.156 20012 -20013 20021 -20022 20031 -20032 imp:n,p 1
300037 400037 -2.156 20012 -20013 20021 -20022 20032 -20033 imp:n,p 1
300038 400038 -2.156 20012 -20013 20021 -20022 20033 -20034 imp:n,p 1
300039 400039 -2.156 20012 -20013 20021 -20022 20034 -20035 imp:n,p 1
300040 400040 -2.156 20013 -20014 20021 -20022 20030 -20031 imp:n,p 1
300041 400041 -2.156 20013 -20014 20021 -20022 20031 -20032 imp:n,p 1
300042 400042 -2.156 20013 -20014 20021 -20022 20032 -20033 imp:n,p 1
300043 400043 -2.156 20013 -20014 20021 -20022 20033 -20034 imp:n,p 1
300044 400044 -2.156 20013 -20014 20021 -20022 20034 -20035 imp:n,p 1
300045 400045 -2.156 20014 -20015 20021 -20022 20030 -20031 imp:n,p 1
300046 400046 -2.156 20014 -20015 20021 -20022 20031 -20032 imp:n,p 1
300047 400047 -2.156 20014 -20015 20021 -20022 20032 -20033 imp:n,p 1
300048 400048 -2.156 20014 -20015 20021 -20022 20033 -20034 imp:n,p 1
300049 400049 -2.156 20014 -20015 20021 -20022 20034 -20035 imp:n,p 1
300050 400050 -2.156 20010 -20011 20022 -20023 20030 -20031 imp:n,p 1
300051 400051 -2.156 20010 -20011 20022 -20023 20031 -20032 imp:n,p 1
300052 400052 -2.156 20010 -20011 20022 -20023 20032 -20033 imp:n,p 1
300053 400053 -2.156 20010 -20011 20022 -20023 20033 -20034 imp:n,p 1
300054 400054 -2.156 20010 -20011 20022 -20023 20034 -20035 imp:n,p 1
300055 400055 -2.156 20011 -20012 20022 -20023 20030 -20031 imp:n,p 1
300056 400056 -2.156 20011 -20012 20022 -20023 20031 -20032 imp:n,p 1
300057 400057 -2.156 20011 -20012 20022 -20023 20032 -20033 imp:n,p 1
300058 400058 -2.156 20011 -20012 20022 -20023 20033 -20034 imp:n,p 1
300059 400059 -2.156 20011 -20012 20022 -20023 20034 -20035 imp:n,p 1
300060 400060 -2.156 20012 -20013 20022 -20023 20030 -20031 imp:n,p 1
300061 400061 -2.156 20012 -20013 20022 -20023 20031 -20032 imp:n,p 1
300062 400062 -2.156 20012 -20013 20022 -20023 20032 -20033 imp:n,p 1
300063 400063 -2.156 20012 -20013 20022 -20023 20033 -20034 imp:n,p 1
300064 400064 -2.156 20012 -20013 20022 -20023 20034 -20035 imp:n,p 1
300065 400065 -2.156 20013 -20014 20022 -20023 20030 -20031 imp:n,p 1
300066 400066 -2.156 20013 -20014 20022 -20023 20031 -20032 imp:n,p 1
300067 400067 -2.156 20013 -20014 20022 -20023 20032 -20033 imp:n,p 1
300068 400068 -2.156 20013 -20014 20022 -20023 20033 -20034 imp:n,p 1
300069 400069 -2.156 20013 -20014 20022 -20023 20034 -20035 imp:n,p 1
300070 400070 -2.156 20014 -20015 20022 -20023 20030 -20031 imp:n,p 1
300071 400071 -2.156 20014 -20015 20022 -20023 20031 -20032 imp:n,p 1
300072 400072 -2.156 20014 -20015 20022 -20023 20032 -20033 imp:n,p 1
300073 400073 -2.156 20014 -20015 20022 -20023 20033 -20034 imp:n,p 1
300074 400074 -2.156 20014 -20015 20022 -20023 20034 -20035 imp:n,p 1
300075 400075 -2.156 20010 -20011 20023 -20024 20030 -20031 imp:n,p 1
300076 400076 -2.156 20010 -20011 20023 -20024 20031 -20032 imp:n,p 1
300077 400077 -2.156 20010 -20011 20023 -20024 20032 -20033 imp:n,p 1
300078 400078 -2.156 20010 -20011 20023 -20024 20033 -20034 imp:n,p 1
300079 400079 -2.156 20010 -20011 20023 -20024 20034 -20035 imp:n,p 1
300080 400080 -2.156 20011 -20012 20023 -20024 20030 -20031 imp:n,p 1
300081 400081 -2.156 20011 -20012 20023 -20024 20031 -20032 imp:n,p 1
300082 400082 -2.156 20011 -20012 20023 -20024 20032 -20033 imp:n,p 1
300083 400083 -2.156 20011 -20012 20023 -20024 20033 -20034 imp:n,p 1
300084 400084 -2.156 20011 -20012 20023 -20024 20034 -20035 imp:n,p 1
300085 400085 -2.156 20012 -20013 20023 -20024 20030 -20031 imp:n,p 1
300086 400086 -2.156 20012 -20013 20023 -20024 20031 -20032 imp:n,p 1
300087 400087 -2.156 20012 -20013 20023 -20024 20032 -20033 imp:n,p 1
300088 400088 -2.156 20012 -20013 20023 -20024 20033 -20034 imp:n,p 1
300089 400089 -2.156 20012 -20013 20023 -20024 20034 -20035 imp:n,p 1
300090 400090 -2.156 20013 -20014 20023 -20024 20030 -20031 imp:n,p 1
300091 400091 -2.156 20013 -20014 20023 -20024 20031 -20032 imp:n,p 1
300092 400092 -2.156 20013 -20014 20023 -20024 20032 -20033 imp:n,p 1
300093 400093 -2.156 20013 -20014 20023 -20024 20033 -20034 imp:n,p 1
300094 400094 -2.156 20013 -20014 20023 -20024 20034 -20035 imp:n,p 1
300095 400095 -2.156 20014 -20015 20023 -20024 20030 -20031 imp:n,p 1
300096 400096 -2.156 20014 -20015 20023 -20024 20031 -20032 imp:n,p 1
300097 400097 -2.156 20014 -20015 20023 -20024 20032 -20033 imp:n,p 1
300098 400098 -2.156 20014 -20015 20023 -20024 20033 -20034 imp:n,p 1
300099 400099 -2.156 20014 -20015 20023 -20024 20034 -20035 imp:n,p 1
300100 400100 -2.156 20010 -20011 20024 -20025 20030 -20031 imp:n,p 1
300101 400101 -2.156 20010 -20011 20024 -20025 20031 -20032 imp:n,p 1
300102 400102 -2.156 20010 -20011 20024 -20025 20032 -20033 imp:n,p 1
300103 400103 -2.156 20010 -20011 20024 -20025 20033 -20034 imp:n,p 1
300104 400104 -2.156 20010 -20011 20024 -20025 20034 -20035 imp:n,p 1
300105 400105 -2.156 20011 -20012 20024 -20025 20030 -20031 imp:n,p 1
300106 400106 -2.156 20011 -20012 20024 -20025 20031 -20032 imp:n,p 1
300107 400107 -2.156 20011 -20012 20024 -20025 20032 -20033 imp:n,p 1
300108 400108 -2.156 20011 -20012 20024 -20025 20033 -20034 imp:n,p 1
300109 400109 -2.156 20011 -20012 20024 -20025 20034 -20035 imp:n,p 1
300110 400110 -2.156 20012 -20013 20024 -20025 20030 -20031 imp:n,p 1
300111 400111 -2.156 20012 -20013 20024 -20025 20031 -20032 imp:n,p 1
300112 400112 -2.156 20012 -20013 20024 -20025 20032 -20033 imp:n,p 1
300113 400113 -2.156 20012 -20013 20024 -20025 20033 -20034 imp:n,p 1
300114 400114 -2.156 20012 -20013 20024 -20025 20034 -20035 imp:n,p 1
300115 400115 -2.156 20013 -20014 20024 -20025 20030 -20031 imp:n,p 1
300116 400116 -2.156 20013 -20014 20024 -20025 20031 -20032 imp:n,p 1
300117 400117 -2.156 20013 -20014 20024 -20025 20032 -20033 imp:n,p 1
300118 400118 -2.156 20013 -20014 20024 -20025 20033 -20034 imp:n,p 1
300119 400119 -2.156 20013 -20014 20024 -20025 20034 -20035 imp:n,p 1
300120 400120 -2.156 20014 -20015 20024 -20025 20030 -20031 imp:n,p 1
300121 400121 -2.156 20014 -20015 20024 -20025 20031 -20032 imp:n,p 1
300122 400122 -2.156 20014 -20015 20024 -20025 20032 -20033 imp:n,p 1
300123 400123 -2.156 20014 -20015 20024 -20025 20033 -20034 imp:n,p 1
300124 400124 -2.156 20014 -20015 20024 -20025 20034 -20035 imp:n,p 1
c
30 12 -0.00129 -200 #101 #121 #122 #123 #124 #125 #126 #127 #128 #129 #130 #131 #132 #133
        #21 #211 #212 #22 #221 #222 #23 #231 #232 #24 #241 #242 #20 imp:n,p 1 $Rest of the World
31 0 200 imp:n,p 0 $Outside world

c SURFACE CARDS
c
c Sample Volume
20010 px -56.0
20011 px -33.59999999999991
20012 px -11.199999999999818
20013 px 11.199999999999818
20014 px 33.59999999999991
20015 px 56.0
20020 py -45.0
20021 py -27.0
20022 py -9.0
20023 py 9.0
20024 py 27.0
20025 py 45.0
20030 pz 92.0
20031 pz 82.0
20032 pz 72.0
20033 pz 62.0
20034 pz 52.0
20035 pz 42.0
c Active Detector Region
21 rcc 56  -5.0 -1.0   0.0 20.3 0.0   4.5 $Detector 1 Base center, Hx,Hy,Hz, radius
c Shielding Surfaces
c Shielding Pb
31 rpp 19 29 -7.5 7.5 -11 9 $PbPE xmin xmax ymin ymax zmin zmax
32 rpp 9 19 4 9 -11 9 $Pb xmin xmax ymin ymax zmin zmax
33 rpp 9 19 -9 -4 -11 9 $Pb xmin xmax ymin ymax zmin zmax
34 rpp 19 29 7.5 12.5 -11 9 $Pb xmin xmax ymin ymax zmin zmax
35 rpp 19 29 -12.5 -7.5 -11 9 $Pb xmin xmax ymin ymax zmin zmax
36 rpp 29 34 -15 15 -11 9 $Pb xmin xmax ymin ymax zmin zmax
37 rpp 9 19 -4 4 4 9 $Pb xmin xmax ymin ymax zmin zmax
38 rpp -26 26 18 28 -11 9 $BA1 xmin xmax ymin ymax zmin zmax
39 rpp -26 26 -28 -18 -11 9 $BA2 xmin xmax ymin ymax zmin zmax
40 rpp -65 65 -28 28 10 10.5 $Al xmin xmax ymin ymax zmin zmax
401 rpp -27 27 29 34 -11 9 $Fe xmin xmax ymin ymax zmin zmax
402 rpp -27 27 -34 -29 -11 9 $Fe xmin xmax ymin ymax zmin zmax
301 px -20
302 px 18
303 cx 3.71
304 cx 3.81
c Wheels Surfaces
c 23/10.5-12 turf tires, 22.6 lb rubber
c diameter 29cm, tread width 25cm, and sidewall height 13.76 cm
c set thickness of all sides 1.3 cm (s.t. weight is 22.6 lb)
41 rcc -2 77 8   0.0 25 0.0 29 $wheel 1 outer tread surface
42 rcc -2 77 8   0.0 25 0.0 27.7 $wheel 1 inner tread surface
421 rcc -2 75.7 8   0.0 1.3 0.0 29 $wheel 1 outside sidewall exterior
422 rcc -2 75.7 8   0.0 1.3 0.0 15.24 $wheel 1 outside sidewall interior
423 rcc -2 102 8   0.0 1.3 0.0 29 $wheel 1 inside sidewall exterior
424 rcc -2 102 8   0.0 1.3 0.0 15.24 $wheel 1 inside sidewall interior
43 rcc 68 77 8   0.0 25 0.0 29 $wheel 2
44 rcc 68 77 8   0.0 25 0.0 27.7
441 rcc 68 75.7 8   0.0 1.3 0.0 29
442 rcc 68 75.7 8   0.0 1.3 0.0 15.24
443 rcc 68 102 8   0.0 1.3 0.0 29
444 rcc 68 102 8   0.0 1.3 0.0 15.24
45 rcc -2 -77 8   0.0 -25 0.0 29 $wheel 3
46 rcc -2 -77 8   0.0 -25 0.0 27.7
461 rcc -2 -75.7 8   0.0 -1.3 0.0 29
462 rcc -2 -75.7 8   0.0 -1.3 0.0 15.24
463 rcc -2 -102 8   0.0 -1.3 0.0 29
464 rcc -2 -102 8   0.0 -1.3 0.0 15.24
47 rcc 68 -77 8   0.0 -25 0.0 29 $wheel 4
48 rcc 68 -77 8   0.0 -25 0.0 27.7
481 rcc 68 -75.7 8   0.0 -1.3 0.0 29
482 rcc 68 -75.7 8   0.0 -1.3 0.0 15.24
483 rcc 68 -102 8   0.0 -1.3 0.0 29
484 rcc 68 -102 8   0.0 -1.3 0.0 15.24
200 so 800    $sphere of 800cm centered at origin
c

c DATA CARDS
mode n p
c dump every hr
prdmp -60 -60 -1
c 100 keV Neutron Energy Cutoff
Cut:n 1j 0.1
c analog neutron transport
phys:n 1j 14
phys:p
sdef pos=0 0 0 erg=14.0 vec= 0 0 1 dir=d1
si1  -1 .93 1
sp1   0  0.0  1.0
c ********************
c begin material cards
c ********************
c Pure Carbon
c ****************************************
m400000 6000 -0.0036005502459022644 7000 -0.0036005502459022644 14000 -0.9927988995081957 
m400001 6000 -0.003096954477099354 7000 -0.003096954477099354 14000 -0.9938060910458013 
m400002 6000 -0.0035049451834991163 7000 -0.0035049451834991163 14000 -0.9929901096330019 
m400003 6000 -0.005614899984068916 7000 -0.005614899984068916 14000 -0.9887702000318623 
m400004 6000 -0.009262929838087708 7000 -0.009262929838087708 14000 -0.9814741403238245 
m400005 6000 -0.0040413962155760865 7000 -0.0040413962155760865 14000 -0.9919172075688478 
m400006 6000 -0.0031411509860125647 7000 -0.0031411509860125647 14000 -0.9937176980279752 
m400007 6000 -0.003794073897535821 7000 -0.003794073897535821 14000 -0.992411852204928 
m400008 6000 -0.005667707797801877 7000 -0.005667707797801877 14000 -0.9886645844043965 
m400009 6000 -0.008379628175790181 7000 -0.008379628175790181 14000 -0.9832407436484195 
m400010 6000 -0.0038936007598865995 7000 -0.0038936007598865995 14000 -0.992212798480227 
m400011 6000 -0.0031112868628565787 7000 -0.0031112868628565787 14000 -0.9937774262742866 
m400012 6000 -0.003834941292075543 7000 -0.003834941292075543 14000 -0.992330117415849 
m400013 6000 -0.005708955521207425 7000 -0.005708955521207425 14000 -0.9885820889575854 
m400014 6000 -0.00891422316535538 7000 -0.00891422316535538 14000 -0.9821715536692892 
m400015 6000 -0.0038534521728479172 7000 -0.0038534521728479172 14000 -0.9922930956543041 
m400016 6000 -0.003097554414591043 7000 -0.003097554414591043 14000 -0.993804891170818 
m400017 6000 -0.0036774471555288046 7000 -0.0036774471555288046 14000 -0.9926451056889425 
m400018 6000 -0.0060909967196239815 7000 -0.0060909967196239815 14000 -0.9878180065607522 
m400019 6000 -0.009356658329013254 7000 -0.009356658329013254 14000 -0.9812866833419733 
m400020 6000 -0.0039350067670266145 7000 -0.0039350067670266145 14000 -0.9921299864659467 
m400021 6000 -0.003105970713895488 7000 -0.003105970713895488 14000 -0.993788058572209 
m400022 6000 -0.003789380310148311 7000 -0.003789380310148311 14000 -0.9924212393797034 
m400023 6000 -0.005728374473923687 7000 -0.005728374473923687 14000 -0.9885432510521526 
m400024 6000 -0.009064430196305154 7000 -0.009064430196305154 14000 -0.98187113960739 
m400025 6000 -0.003941532965867983 7000 -0.003941532965867983 14000 -0.9921169340682644 
m400026 6000 -0.003105714062749271 7000 -0.003105714062749271 14000 -0.9937885718745015 
m400027 6000 -0.0037844982813305694 7000 -0.0037844982813305694 14000 -0.9924310034373388 
m400028 6000 -0.00600524134117805 7000 -0.00600524134117805 14000 -0.987989517317644 
m400029 6000 -0.009041003237433244 7000 -0.009041003237433244 14000 -0.9819179935251335 
m400030 6000 -0.004178775669648168 7000 -0.004178775669648168 14000 -0.9916424486607036 
m400031 6000 -0.00314866798345091 7000 -0.00314866798345091 14000 -0.9937026640330986 
m400032 6000 -0.0036652608489057513 7000 -0.0036652608489057513 14000 -0.9926694783021884 
m400033 6000 -0.0049729924814440165 7000 -0.0049729924814440165 14000 -0.9900540150371121 
m400034 6000 -0.008774840096931174 7000 -0.008774840096931174 14000 -0.9824503198061375 
m400035 6000 -0.004051425396060032 7000 -0.004051425396060032 14000 -0.99189714920788 
m400036 6000 -0.0031808736753973334 7000 -0.0031808736753973334 14000 -0.9936382526492054 
m400037 6000 -0.0038462982373313487 7000 -0.0038462982373313487 14000 -0.992307403525337 
m400038 6000 -0.005905234859239287 7000 -0.005905234859239287 14000 -0.9881895302815212 
m400039 6000 -0.008889791644248912 7000 -0.008889791644248912 14000 -0.982220416711502 
m400040 6000 -0.004020308369308296 7000 -0.004020308369308296 14000 -0.9919593832613834 
m400041 6000 -0.0031690996110845947 7000 -0.0031690996110845947 14000 -0.9936618007778306 
m400042 6000 -0.0034253216359839272 7000 -0.0034253216359839272 14000 -0.9931493567280321 
m400043 6000 -0.005805944081345041 7000 -0.005805944081345041 14000 -0.9883881118373101 
m400044 6000 -0.008969043246763168 7000 -0.008969043246763168 14000 -0.9820619135064735 
m400045 6000 -0.003957291594225021 7000 -0.003957291594225021 14000 -0.9920854168115503 
m400046 6000 -0.0031625095898289313 7000 -0.0031625095898289313 14000 -0.993674980820342 
m400047 6000 -0.0037212933590141206 7000 -0.0037212933590141206 14000 -0.9925574132819722 
m400048 6000 -0.006207048724082371 7000 -0.006207048724082371 14000 -0.9875859025518352 
m400049 6000 -0.009262099531266816 7000 -0.009262099531266816 14000 -0.9814758009374666 
m400050 6000 -0.00398435235919465 7000 -0.00398435235919465 14000 -0.9920312952816106 
m400051 6000 -0.003199190167455066 7000 -0.003199190167455066 14000 -0.99360161966509 
m400052 6000 -0.0037409268751345793 7000 -0.0037409268751345793 14000 -0.9925181462497303 
m400053 6000 -0.005646384579052498 7000 -0.005646384579052498 14000 -0.9887072308418949 
m400054 6000 -0.009224152296945242 7000 -0.009224152296945242 14000 -0.9815516954061095 
m400055 6000 -0.003982678392239279 7000 -0.003982678392239279 14000 -0.9920346432155215 
m400056 6000 -0.003137790767667374 7000 -0.003137790767667374 14000 -0.9937244184646653 
m400057 6000 -0.003612494004310816 7000 -0.003612494004310816 14000 -0.9927750119913783 
m400058 6000 -0.00590346214062683 7000 -0.00590346214062683 14000 -0.9881930757187463 
m400059 6000 -0.009143746011872943 7000 -0.009143746011872943 14000 -0.9817125079762542 
m400060 6000 -0.003881727372287846 7000 -0.003881727372287846 14000 -0.992236545255424 
m400061 6000 -0.0031714646047917845 7000 -0.0031714646047917845 14000 -0.9936570707904164 
m400062 6000 -0.003719264704356472 7000 -0.003719264704356472 14000 -0.9925614705912871 
m400063 6000 -0.005777117055259794 7000 -0.005777117055259794 14000 -0.9884457658894806 
m400064 6000 -0.00876111373620637 7000 -0.00876111373620637 14000 -0.9824777725275874 
m400065 6000 -0.0039816404788963 7000 -0.0039816404788963 14000 -0.9920367190422076 
m400066 6000 -0.0031371591380143526 7000 -0.0031371591380143526 14000 -0.9937256817239711 
m400067 6000 -0.003780927520735117 7000 -0.003780927520735117 14000 -0.9924381449585298 
m400068 6000 -0.005468425545900841 7000 -0.005468425545900841 14000 -0.9890631489081982 
m400069 6000 -0.00867497314092729 7000 -0.00867497314092729 14000 -0.9826500537181454 
m400070 6000 -0.004036320034904881 7000 -0.004036320034904881 14000 -0.9919273599301904 
m400071 6000 -0.003161235667735175 7000 -0.003161235667735175 14000 -0.9936775286645296 
m400072 6000 -0.0038090865481324567 7000 -0.0038090865481324567 14000 -0.9923818269037349 
m400073 6000 -0.005698856172345718 7000 -0.005698856172345718 14000 -0.9886022876553088 
m400074 6000 -0.0095659062359155 7000 -0.0095659062359155 14000 -0.980868187528169 
m400075 6000 -0.004015055614172788 7000 -0.004015055614172788 14000 -0.9919698887716544 
m400076 6000 -0.003166203934383342 7000 -0.003166203934383342 14000 -0.9936675921312333 
m400077 6000 -0.0038221882412298523 7000 -0.0038221882412298523 14000 -0.9923556235175403 
m400078 6000 -0.005809743639769581 7000 -0.005809743639769581 14000 -0.9883805127204607 
m400079 6000 -0.008863810466144394 7000 -0.008863810466144394 14000 -0.9822723790677114 
m400080 6000 -0.0038944978905698924 7000 -0.0038944978905698924 14000 -0.9922110042188598 
m400081 6000 -0.0031298345518766097 7000 -0.0031298345518766097 14000 -0.9937403308962465 
m400082 6000 -0.003632196072288281 7000 -0.003632196072288281 14000 -0.9927356078554235 
m400083 6000 -0.005973870311744027 7000 -0.005973870311744027 14000 -0.9880522593765119 
m400084 6000 -0.009188889180289213 7000 -0.009188889180289213 14000 -0.9816222216394219 
m400085 6000 -0.004176283865303465 7000 -0.004176283865303465 14000 -0.9916474322693927 
m400086 6000 -0.0031470513229186043 7000 -0.0031470513229186043 14000 -0.9937058973541627 
m400087 6000 -0.0036987285314580703 7000 -0.0036987285314580703 14000 -0.9926025429370842 
m400088 6000 -0.006045897875127205 7000 -0.006045897875127205 14000 -0.9879082042497458 
m400089 6000 -0.00898670481635084 7000 -0.00898670481635084 14000 -0.9820265903672984 
m400090 6000 -0.004012184454492776 7000 -0.004012184454492776 14000 -0.9919756310910145 
m400091 6000 -0.0031377396252847013 7000 -0.0031377396252847013 14000 -0.9937245207494305 
m400092 6000 -0.0038012262263494357 7000 -0.0038012262263494357 14000 -0.9923975475473007 
m400093 6000 -0.006097117309561842 7000 -0.006097117309561842 14000 -0.987805765380876 
m400094 6000 -0.009072483435144541 7000 -0.009072483435144541 14000 -0.9818550331297108 
m400095 6000 -0.003954382089550982 7000 -0.003954382089550982 14000 -0.9920912358208982 
m400096 6000 -0.0031541597467565348 7000 -0.0031541597467565348 14000 -0.9936916805064864 
m400097 6000 -0.003644874293408155 7000 -0.003644874293408155 14000 -0.9927102514131836 
m400098 6000 -0.005985786887020818 7000 -0.005985786887020818 14000 -0.9880284262259584 
m400099 6000 -0.009060544386395794 7000 -0.009060544386395794 14000 -0.9818789112272083 
m400100 6000 -0.004221022509696586 7000 -0.004221022509696586 14000 -0.9915579549806068 
m400101 6000 -0.0031446903823411066 7000 -0.0031446903823411066 14000 -0.993710619235318 
m400102 6000 -0.003839460837576927 7000 -0.003839460837576927 14000 -0.9923210783248457 
m400103 6000 -0.005972400891352846 7000 -0.005972400891352846 14000 -0.9880551982172945 
m400104 6000 -0.008886778378209437 7000 -0.008886778378209437 14000 -0.9822264432435813 
m400105 6000 -0.003949148391313929 7000 -0.003949148391313929 14000 -0.9921017032173723 
m400106 6000 -0.0031459764318497595 7000 -0.0031459764318497595 14000 -0.9937080471363007 
m400107 6000 -0.003818104350421471 7000 -0.003818104350421471 14000 -0.9923637912991568 
m400108 6000 -0.005639929338088164 7000 -0.005639929338088164 14000 -0.9887201413238238 
m400109 6000 -0.008749299594945524 7000 -0.008749299594945524 14000 -0.9825014008101088 
m400110 6000 -0.003753955263120522 7000 -0.003753955263120522 14000 -0.9924920894737588 
m400111 6000 -0.003093911828782897 7000 -0.003093911828782897 14000 -0.9938121763424342 
m400112 6000 -0.003840134171559846 7000 -0.003840134171559846 14000 -0.9923197316568804 
m400113 6000 -0.005838783539988703 7000 -0.005838783539988703 14000 -0.9883224329200223 
m400114 6000 -0.009234486565034993 7000 -0.009234486565034993 14000 -0.9815310268699298 
m400115 6000 -0.003937190674144621 7000 -0.003937190674144621 14000 -0.9921256186517106 
m400116 6000 -0.0031125989015800166 7000 -0.0031125989015800166 14000 -0.9937748021968399 
m400117 6000 -0.003775743909649407 7000 -0.003775743909649407 14000 -0.992448512180701 
m400118 6000 -0.005460692880887803 7000 -0.005460692880887803 14000 -0.9890786142382244 
m400119 6000 -0.008638175636320961 7000 -0.008638175636320961 14000 -0.9827236487273582 
m400120 6000 -0.0039122942052515096 7000 -0.0039122942052515096 14000 -0.9921754115894972 
m400121 6000 -0.0031243127725093835 7000 -0.0031243127725093835 14000 -0.9937513744549814 
m400122 6000 -0.0038602911641243626 7000 -0.0038602911641243626 14000 -0.9922794176717511 
m400123 6000 -0.0055847979537351254 7000 -0.0055847979537351254 14000 -0.9888304040925298 
m400124 6000 -0.008967125927258391 7000 -0.008967125927258391 14000 -0.9820657481454836 
c **********************************
c PE+Pb, dens=4.78 g/cm3
m2      6000    -0.04286 $Carbon
        1001    -0.00714 $Hydrogen
        82000   -0.95000 $Lead
c **********************************
m3    1001 -0.048535 $Boric acid
      5010 -0.034981
      5011 -0.139923
      8016 -0.776561
c **********************************
m4    82000 1 $Lead
c **********************************
m5 26000 1 $Iron
c **********************************
m6     13027   -1.000 $ Aluminum
c **********************************
c  SS-304 (8.00 g/cm3), #298 in PNNL Compendium
m7   006000.50c -0.0004000
     014000.60c -0.0050000
     015031.50c -0.0002300
     016000.60c -0.0001500
     024000.50c -0.1899981
     025055.60c -0.0099999
     026000.50c -0.7017229
     028000.50c -0.0924991
c ****************************************
c       LaBr detector
c ****************************************
m8       35079    -0.2946       $ Br79
         35081    -0.3069       $ Br81
         57139    -0.3485       $ La139
         58140    -0.0500       $ Ce140
c ************ air den=1.15e-3g/cc
m12     8016 -0.23
        7014 -0.77
c ************ Rubber Natural den=0.92 g/cc
m13     1001 -0.118371  $weight fraction
        6000 -0.881629
c
c end material cards
c
rand seed=8674536546524321 $different initial random #; seed# - any less 18 digits
c
c ********** begin tallies *********************
fc78 *********Broadened Pulse Height Tally Sum of Detectors 1,2 & 3 ***********
e78 0 1e-5 932i 8.4295
F78:p (101)
FT78 GEB -0.026198 0.059551 -0.037176
fc18 *********Unbroadened Pulse Height Tally Sum of Detectors 1,2 & 3 ***********
e18 0 1e-5 932i 8.4295
F18:p (101)
c ***********************************
c mplot tal 78 freq 10000
nps 1e9
