c CAS DETECTOR
c w/ Shielding in Place and Wheels
c
c CELL CARDS
c
c @@@@@@@@@@ Detectors @@@@@@@@@@@@@@@@@
c
101 8 -5.08 -21 imp:n,p 1 $LaBr Detector #1 Active Region
c
c @@@@@@@@@ Shielding @@@@@@@@@@@@@@@@@
c
121 2 -4.78 -31 imp:n,p 1 $PE_Pb
122 4 -11.29 -32 imp:n,p 1 $Pb1
123 4 -11.29 -33 imp:n,p 1 $Pb2
124 4 -11.29 -34 imp:n,p 1 $Pb3
125 4 -11.29 -35 imp:n,p 1 $Pb4
126 4 -11.29 -36 imp:n,p 1 $Pb5
127 4 -11.29 -37 imp:n,p 1 $Pb6
128 3 -1.5 -38 imp:n,p 1 $BA1
129 3 -1.5 -39 imp:n,p 1 $BA2
130 6 -2.7 -40 imp:n,p 1 $Al
131 7 -7.92 301 -302 303 -304 imp:n,p 1 $Fe-tube
132 5 -7.8 -401 imp:n,p 1 $Fe
133 5 -7.8 -402 imp:n,p 1 $Fe
c @@@@@@@@@@ Wheels @@@@@@@@@@@@@@@@@
c
21 13 -0.92 -41 42 imp:n,p 1 $Wheel 1
211 13 -0.92 -421 422 imp:n,p 1 $Wheel 1
212 13 -0.92 -423 424 imp:n,p 1 $Wheel 1
22 13 -0.92 -43 44 imp:n,p 1 $Wheel 2
221 13 -0.92 -441 442 imp:n,p 1 $Wheel 2
222 13 -0.92 -443 444 imp:n,p 1 $Wheel 2
23 13 -0.92 -45 46 imp:n,p 1 $Wheel 3
231 13 -0.92 -461 462 imp:n,p 1 $Wheel 3
232 13 -0.92 -463 464 imp:n,p 1 $Wheel 3
24 13 -0.92 -47 48 imp:n,p 1 $Wheel 4
241 13 -0.92 -481 482 imp:n,p 1 $Wheel 4
242 13 -0.92 -483 484 imp:n,p 1 $Wheel 4
c
c @@@@@@@@@@ SOIL VOLUME @@@@@@@@@@@
c
300000 400000 -2.156 20010 -20011 20020 -20021 20030 -20031 imp:n,p 1
300001 400001 -2.156 20010 -20011 20020 -20021 20031 -20032 imp:n,p 1
300002 400002 -2.156 20010 -20011 20020 -20021 20032 -20033 imp:n,p 1
300003 400003 -2.156 20010 -20011 20020 -20021 20033 -20034 imp:n,p 1
300004 400004 -2.156 20010 -20011 20020 -20021 20034 -20035 imp:n,p 1
300005 400005 -2.156 20011 -20012 20020 -20021 20030 -20031 imp:n,p 1
300006 400006 -2.156 20011 -20012 20020 -20021 20031 -20032 imp:n,p 1
300007 400007 -2.156 20011 -20012 20020 -20021 20032 -20033 imp:n,p 1
300008 400008 -2.156 20011 -20012 20020 -20021 20033 -20034 imp:n,p 1
300009 400009 -2.156 20011 -20012 20020 -20021 20034 -20035 imp:n,p 1
300010 400010 -2.156 20012 -20013 20020 -20021 20030 -20031 imp:n,p 1
300011 400011 -2.156 20012 -20013 20020 -20021 20031 -20032 imp:n,p 1
300012 400012 -2.156 20012 -20013 20020 -20021 20032 -20033 imp:n,p 1
300013 400013 -2.156 20012 -20013 20020 -20021 20033 -20034 imp:n,p 1
300014 400014 -2.156 20012 -20013 20020 -20021 20034 -20035 imp:n,p 1
300015 400015 -2.156 20013 -20014 20020 -20021 20030 -20031 imp:n,p 1
300016 400016 -2.156 20013 -20014 20020 -20021 20031 -20032 imp:n,p 1
300017 400017 -2.156 20013 -20014 20020 -20021 20032 -20033 imp:n,p 1
300018 400018 -2.156 20013 -20014 20020 -20021 20033 -20034 imp:n,p 1
300019 400019 -2.156 20013 -20014 20020 -20021 20034 -20035 imp:n,p 1
300020 400020 -2.156 20014 -20015 20020 -20021 20030 -20031 imp:n,p 1
300021 400021 -2.156 20014 -20015 20020 -20021 20031 -20032 imp:n,p 1
300022 400022 -2.156 20014 -20015 20020 -20021 20032 -20033 imp:n,p 1
300023 400023 -2.156 20014 -20015 20020 -20021 20033 -20034 imp:n,p 1
300024 400024 -2.156 20014 -20015 20020 -20021 20034 -20035 imp:n,p 1
300025 400025 -2.156 20010 -20011 20021 -20022 20030 -20031 imp:n,p 1
300026 400026 -2.156 20010 -20011 20021 -20022 20031 -20032 imp:n,p 1
300027 400027 -2.156 20010 -20011 20021 -20022 20032 -20033 imp:n,p 1
300028 400028 -2.156 20010 -20011 20021 -20022 20033 -20034 imp:n,p 1
300029 400029 -2.156 20010 -20011 20021 -20022 20034 -20035 imp:n,p 1
300030 400030 -2.156 20011 -20012 20021 -20022 20030 -20031 imp:n,p 1
300031 400031 -2.156 20011 -20012 20021 -20022 20031 -20032 imp:n,p 1
300032 400032 -2.156 20011 -20012 20021 -20022 20032 -20033 imp:n,p 1
300033 400033 -2.156 20011 -20012 20021 -20022 20033 -20034 imp:n,p 1
300034 400034 -2.156 20011 -20012 20021 -20022 20034 -20035 imp:n,p 1
300035 400035 -2.156 20012 -20013 20021 -20022 20030 -20031 imp:n,p 1
300036 400036 -2.156 20012 -20013 20021 -20022 20031 -20032 imp:n,p 1
300037 400037 -2.156 20012 -20013 20021 -20022 20032 -20033 imp:n,p 1
300038 400038 -2.156 20012 -20013 20021 -20022 20033 -20034 imp:n,p 1
300039 400039 -2.156 20012 -20013 20021 -20022 20034 -20035 imp:n,p 1
300040 400040 -2.156 20013 -20014 20021 -20022 20030 -20031 imp:n,p 1
300041 400041 -2.156 20013 -20014 20021 -20022 20031 -20032 imp:n,p 1
300042 400042 -2.156 20013 -20014 20021 -20022 20032 -20033 imp:n,p 1
300043 400043 -2.156 20013 -20014 20021 -20022 20033 -20034 imp:n,p 1
300044 400044 -2.156 20013 -20014 20021 -20022 20034 -20035 imp:n,p 1
300045 400045 -2.156 20014 -20015 20021 -20022 20030 -20031 imp:n,p 1
300046 400046 -2.156 20014 -20015 20021 -20022 20031 -20032 imp:n,p 1
300047 400047 -2.156 20014 -20015 20021 -20022 20032 -20033 imp:n,p 1
300048 400048 -2.156 20014 -20015 20021 -20022 20033 -20034 imp:n,p 1
300049 400049 -2.156 20014 -20015 20021 -20022 20034 -20035 imp:n,p 1
300050 400050 -2.156 20010 -20011 20022 -20023 20030 -20031 imp:n,p 1
300051 400051 -2.156 20010 -20011 20022 -20023 20031 -20032 imp:n,p 1
300052 400052 -2.156 20010 -20011 20022 -20023 20032 -20033 imp:n,p 1
300053 400053 -2.156 20010 -20011 20022 -20023 20033 -20034 imp:n,p 1
300054 400054 -2.156 20010 -20011 20022 -20023 20034 -20035 imp:n,p 1
300055 400055 -2.156 20011 -20012 20022 -20023 20030 -20031 imp:n,p 1
300056 400056 -2.156 20011 -20012 20022 -20023 20031 -20032 imp:n,p 1
300057 400057 -2.156 20011 -20012 20022 -20023 20032 -20033 imp:n,p 1
300058 400058 -2.156 20011 -20012 20022 -20023 20033 -20034 imp:n,p 1
300059 400059 -2.156 20011 -20012 20022 -20023 20034 -20035 imp:n,p 1
300060 400060 -2.156 20012 -20013 20022 -20023 20030 -20031 imp:n,p 1
300061 400061 -2.156 20012 -20013 20022 -20023 20031 -20032 imp:n,p 1
300062 400062 -2.156 20012 -20013 20022 -20023 20032 -20033 imp:n,p 1
300063 400063 -2.156 20012 -20013 20022 -20023 20033 -20034 imp:n,p 1
300064 400064 -2.156 20012 -20013 20022 -20023 20034 -20035 imp:n,p 1
300065 400065 -2.156 20013 -20014 20022 -20023 20030 -20031 imp:n,p 1
300066 400066 -2.156 20013 -20014 20022 -20023 20031 -20032 imp:n,p 1
300067 400067 -2.156 20013 -20014 20022 -20023 20032 -20033 imp:n,p 1
300068 400068 -2.156 20013 -20014 20022 -20023 20033 -20034 imp:n,p 1
300069 400069 -2.156 20013 -20014 20022 -20023 20034 -20035 imp:n,p 1
300070 400070 -2.156 20014 -20015 20022 -20023 20030 -20031 imp:n,p 1
300071 400071 -2.156 20014 -20015 20022 -20023 20031 -20032 imp:n,p 1
300072 400072 -2.156 20014 -20015 20022 -20023 20032 -20033 imp:n,p 1
300073 400073 -2.156 20014 -20015 20022 -20023 20033 -20034 imp:n,p 1
300074 400074 -2.156 20014 -20015 20022 -20023 20034 -20035 imp:n,p 1
300075 400075 -2.156 20010 -20011 20023 -20024 20030 -20031 imp:n,p 1
300076 400076 -2.156 20010 -20011 20023 -20024 20031 -20032 imp:n,p 1
300077 400077 -2.156 20010 -20011 20023 -20024 20032 -20033 imp:n,p 1
300078 400078 -2.156 20010 -20011 20023 -20024 20033 -20034 imp:n,p 1
300079 400079 -2.156 20010 -20011 20023 -20024 20034 -20035 imp:n,p 1
300080 400080 -2.156 20011 -20012 20023 -20024 20030 -20031 imp:n,p 1
300081 400081 -2.156 20011 -20012 20023 -20024 20031 -20032 imp:n,p 1
300082 400082 -2.156 20011 -20012 20023 -20024 20032 -20033 imp:n,p 1
300083 400083 -2.156 20011 -20012 20023 -20024 20033 -20034 imp:n,p 1
300084 400084 -2.156 20011 -20012 20023 -20024 20034 -20035 imp:n,p 1
300085 400085 -2.156 20012 -20013 20023 -20024 20030 -20031 imp:n,p 1
300086 400086 -2.156 20012 -20013 20023 -20024 20031 -20032 imp:n,p 1
300087 400087 -2.156 20012 -20013 20023 -20024 20032 -20033 imp:n,p 1
300088 400088 -2.156 20012 -20013 20023 -20024 20033 -20034 imp:n,p 1
300089 400089 -2.156 20012 -20013 20023 -20024 20034 -20035 imp:n,p 1
300090 400090 -2.156 20013 -20014 20023 -20024 20030 -20031 imp:n,p 1
300091 400091 -2.156 20013 -20014 20023 -20024 20031 -20032 imp:n,p 1
300092 400092 -2.156 20013 -20014 20023 -20024 20032 -20033 imp:n,p 1
300093 400093 -2.156 20013 -20014 20023 -20024 20033 -20034 imp:n,p 1
300094 400094 -2.156 20013 -20014 20023 -20024 20034 -20035 imp:n,p 1
300095 400095 -2.156 20014 -20015 20023 -20024 20030 -20031 imp:n,p 1
300096 400096 -2.156 20014 -20015 20023 -20024 20031 -20032 imp:n,p 1
300097 400097 -2.156 20014 -20015 20023 -20024 20032 -20033 imp:n,p 1
300098 400098 -2.156 20014 -20015 20023 -20024 20033 -20034 imp:n,p 1
300099 400099 -2.156 20014 -20015 20023 -20024 20034 -20035 imp:n,p 1
300100 400100 -2.156 20010 -20011 20024 -20025 20030 -20031 imp:n,p 1
300101 400101 -2.156 20010 -20011 20024 -20025 20031 -20032 imp:n,p 1
300102 400102 -2.156 20010 -20011 20024 -20025 20032 -20033 imp:n,p 1
300103 400103 -2.156 20010 -20011 20024 -20025 20033 -20034 imp:n,p 1
300104 400104 -2.156 20010 -20011 20024 -20025 20034 -20035 imp:n,p 1
300105 400105 -2.156 20011 -20012 20024 -20025 20030 -20031 imp:n,p 1
300106 400106 -2.156 20011 -20012 20024 -20025 20031 -20032 imp:n,p 1
300107 400107 -2.156 20011 -20012 20024 -20025 20032 -20033 imp:n,p 1
300108 400108 -2.156 20011 -20012 20024 -20025 20033 -20034 imp:n,p 1
300109 400109 -2.156 20011 -20012 20024 -20025 20034 -20035 imp:n,p 1
300110 400110 -2.156 20012 -20013 20024 -20025 20030 -20031 imp:n,p 1
300111 400111 -2.156 20012 -20013 20024 -20025 20031 -20032 imp:n,p 1
300112 400112 -2.156 20012 -20013 20024 -20025 20032 -20033 imp:n,p 1
300113 400113 -2.156 20012 -20013 20024 -20025 20033 -20034 imp:n,p 1
300114 400114 -2.156 20012 -20013 20024 -20025 20034 -20035 imp:n,p 1
300115 400115 -2.156 20013 -20014 20024 -20025 20030 -20031 imp:n,p 1
300116 400116 -2.156 20013 -20014 20024 -20025 20031 -20032 imp:n,p 1
300117 400117 -2.156 20013 -20014 20024 -20025 20032 -20033 imp:n,p 1
300118 400118 -2.156 20013 -20014 20024 -20025 20033 -20034 imp:n,p 1
300119 400119 -2.156 20013 -20014 20024 -20025 20034 -20035 imp:n,p 1
300120 400120 -2.156 20014 -20015 20024 -20025 20030 -20031 imp:n,p 1
300121 400121 -2.156 20014 -20015 20024 -20025 20031 -20032 imp:n,p 1
300122 400122 -2.156 20014 -20015 20024 -20025 20032 -20033 imp:n,p 1
300123 400123 -2.156 20014 -20015 20024 -20025 20033 -20034 imp:n,p 1
300124 400124 -2.156 20014 -20015 20024 -20025 20034 -20035 imp:n,p 1
c
30 12 -0.00129 -200 #101 #121 #122 #123 #124 #125 #126 #127 #128 #129 #130 #131 #132 #133
        #21 #211 #212 #22 #221 #222 #23 #231 #232 #24 #241 #242 #20 imp:n,p 1 $Rest of the World
31 0 200 imp:n,p 0 $Outside world

c SURFACE CARDS
c
c Sample Volume
20010 px -56.0
20011 px -33.600000000000364
20012 px -11.200000000000728
20013 px 11.200000000000728
20014 px 33.600000000000364
20015 px 56.0
20020 py -45.0
20021 py -27.0
20022 py -9.0
20023 py 9.0
20024 py 27.0
20025 py 45.0
20030 pz 92.0
20031 pz 82.0
20032 pz 72.0
20033 pz 62.0
20034 pz 52.0
20035 pz 42.0
c Active Detector Region
21 rcc 56  -5.0 -1.0   0.0 20.3 0.0   4.5 $Detector 1 Base center, Hx,Hy,Hz, radius
c Shielding Surfaces
c Shielding Pb
31 rpp 19 29 -7.5 7.5 -11 9 $PbPE xmin xmax ymin ymax zmin zmax
32 rpp 9 19 4 9 -11 9 $Pb xmin xmax ymin ymax zmin zmax
33 rpp 9 19 -9 -4 -11 9 $Pb xmin xmax ymin ymax zmin zmax
34 rpp 19 29 7.5 12.5 -11 9 $Pb xmin xmax ymin ymax zmin zmax
35 rpp 19 29 -12.5 -7.5 -11 9 $Pb xmin xmax ymin ymax zmin zmax
36 rpp 29 34 -15 15 -11 9 $Pb xmin xmax ymin ymax zmin zmax
37 rpp 9 19 -4 4 4 9 $Pb xmin xmax ymin ymax zmin zmax
38 rpp -26 26 18 28 -11 9 $BA1 xmin xmax ymin ymax zmin zmax
39 rpp -26 26 -28 -18 -11 9 $BA2 xmin xmax ymin ymax zmin zmax
40 rpp -65 65 -28 28 10 10.5 $Al xmin xmax ymin ymax zmin zmax
401 rpp -27 27 29 34 -11 9 $Fe xmin xmax ymin ymax zmin zmax
402 rpp -27 27 -34 -29 -11 9 $Fe xmin xmax ymin ymax zmin zmax
301 px -20
302 px 18
303 cx 3.71
304 cx 3.81
c Wheels Surfaces
c 23/10.5-12 turf tires, 22.6 lb rubber
c diameter 29cm, tread width 25cm, and sidewall height 13.76 cm
c set thickness of all sides 1.3 cm (s.t. weight is 22.6 lb)
41 rcc -2 77 8   0.0 25 0.0 29 $wheel 1 outer tread surface
42 rcc -2 77 8   0.0 25 0.0 27.7 $wheel 1 inner tread surface
421 rcc -2 75.7 8   0.0 1.3 0.0 29 $wheel 1 outside sidewall exterior
422 rcc -2 75.7 8   0.0 1.3 0.0 15.24 $wheel 1 outside sidewall interior
423 rcc -2 102 8   0.0 1.3 0.0 29 $wheel 1 inside sidewall exterior
424 rcc -2 102 8   0.0 1.3 0.0 15.24 $wheel 1 inside sidewall interior
43 rcc 68 77 8   0.0 25 0.0 29 $wheel 2
44 rcc 68 77 8   0.0 25 0.0 27.7
441 rcc 68 75.7 8   0.0 1.3 0.0 29
442 rcc 68 75.7 8   0.0 1.3 0.0 15.24
443 rcc 68 102 8   0.0 1.3 0.0 29
444 rcc 68 102 8   0.0 1.3 0.0 15.24
45 rcc -2 -77 8   0.0 -25 0.0 29 $wheel 3
46 rcc -2 -77 8   0.0 -25 0.0 27.7
461 rcc -2 -75.7 8   0.0 -1.3 0.0 29
462 rcc -2 -75.7 8   0.0 -1.3 0.0 15.24
463 rcc -2 -102 8   0.0 -1.3 0.0 29
464 rcc -2 -102 8   0.0 -1.3 0.0 15.24
47 rcc 68 -77 8   0.0 -25 0.0 29 $wheel 4
48 rcc 68 -77 8   0.0 -25 0.0 27.7
481 rcc 68 -75.7 8   0.0 -1.3 0.0 29
482 rcc 68 -75.7 8   0.0 -1.3 0.0 15.24
483 rcc 68 -102 8   0.0 -1.3 0.0 29
484 rcc 68 -102 8   0.0 -1.3 0.0 15.24
200 so 800    $sphere of 800cm centered at origin
c

c DATA CARDS
mode n p
c dump every hr
prdmp -60 -60 -1
c 100 keV Neutron Energy Cutoff
Cut:n 1j 0.1
c analog neutron transport
phys:n 1j 14
phys:p
sdef pos=0 0 0 erg=14.0 vec= 0 0 1 dir=d1
si1  -1 .93 1
sp1   0  0.0  1.0
c ********************
c begin material cards
c ********************
c Pure Carbon
c ****************************************
m400000 6000 -0.004246267283264473 7000 -0.004246267283264473 14000 -0.991507465433471 
m400001 6000 -0.0031849875882718278 7000 -0.0031849875882718278 14000 -0.9936300248234561 
m400002 6000 -0.0037291490986677733 7000 -0.0037291490986677733 14000 -0.9925417018026649 
m400003 6000 -0.005850658456181198 7000 -0.005850658456181198 14000 -0.9882986830876375 
m400004 6000 -0.008597157110608633 7000 -0.008597157110608633 14000 -0.9828056857787828 
m400005 6000 -0.004197537588798735 7000 -0.004197537588798735 14000 -0.9916049248224027 
m400006 6000 -0.0031218921483618612 7000 -0.0031218921483618612 14000 -0.9937562157032761 
m400007 6000 -0.003804636534990385 7000 -0.003804636534990385 14000 -0.9923907269300192 
m400008 6000 -0.005833675302450821 7000 -0.005833675302450821 14000 -0.9883326493950981 
m400009 6000 -0.009381340969853989 7000 -0.009381340969853989 14000 -0.9812373180602921 
m400010 6000 -0.003895655515526794 7000 -0.003895655515526794 14000 -0.9922086889689463 
m400011 6000 -0.0032142799662044307 7000 -0.0032142799662044307 14000 -0.9935714400675906 
m400012 6000 -0.0038247929836337873 7000 -0.0038247929836337873 14000 -0.9923504140327322 
m400013 6000 -0.005693225369805443 7000 -0.005693225369805443 14000 -0.9886135492603895 
m400014 6000 -0.009083909336706856 7000 -0.009083909336706856 14000 -0.9818321813265869 
m400015 6000 -0.004057141258522111 7000 -0.004057141258522111 14000 -0.9918857174829558 
m400016 6000 -0.003163038892715105 7000 -0.003163038892715105 14000 -0.9936739222145695 
m400017 6000 -0.003804458463131706 7000 -0.003804458463131706 14000 -0.9923910830737361 
m400018 6000 -0.00625164052560446 7000 -0.00625164052560446 14000 -0.9874967189487911 
m400019 6000 -0.009271224075113273 7000 -0.009271224075113273 14000 -0.9814575518497735 
m400020 6000 -0.004221558837108346 7000 -0.004221558837108346 14000 -0.991556882325783 
m400021 6000 -0.0031824014573028393 7000 -0.0031824014573028393 14000 -0.9936351970853942 
m400022 6000 -0.003669991112196308 7000 -0.003669991112196308 14000 -0.9926600177756072 
m400023 6000 -0.005649699255257684 7000 -0.005649699255257684 14000 -0.9887006014894848 
m400024 6000 -0.009310196816645648 7000 -0.009310196816645648 14000 -0.9813796063667085 
m400025 6000 -0.003925166182110425 7000 -0.003925166182110425 14000 -0.9921496676357789 
m400026 6000 -0.003147995254690936 7000 -0.003147995254690936 14000 -0.9937040094906178 
m400027 6000 -0.0035768228604320133 7000 -0.0035768228604320133 14000 -0.9928463542791361 
m400028 6000 -0.005846152252228867 7000 -0.005846152252228867 14000 -0.9883076954955419 
m400029 6000 -0.00912502086344465 7000 -0.00912502086344465 14000 -0.9817499582731105 
m400030 6000 -0.004036566312319805 7000 -0.004036566312319805 14000 -0.9919268673753605 
m400031 6000 -0.0031665418154998375 7000 -0.0031665418154998375 14000 -0.9936669163690004 
m400032 6000 -0.003876126667548341 7000 -0.003876126667548341 14000 -0.9922477466649035 
m400033 6000 -0.005500784350377429 7000 -0.005500784350377429 14000 -0.9889984312992454 
m400034 6000 -0.009408195176325202 7000 -0.009408195176325202 14000 -0.9811836096473497 
m400035 6000 -0.004086414820211741 7000 -0.004086414820211741 14000 -0.9918271703595767 
m400036 6000 -0.003201417016064018 7000 -0.003201417016064018 14000 -0.9935971659678718 
m400037 6000 -0.0038876750207093237 7000 -0.0038876750207093237 14000 -0.9922246499585816 
m400038 6000 -0.005920238237442026 7000 -0.005920238237442026 14000 -0.9881595235251162 
m400039 6000 -0.009238614577447304 7000 -0.009238614577447304 14000 -0.9815227708451055 
m400040 6000 -0.003990574687900451 7000 -0.003990574687900451 14000 -0.9920188506241989 
m400041 6000 -0.0031713597803728366 7000 -0.0031713597803728366 14000 -0.9936572804392542 
m400042 6000 -0.003517822658129545 7000 -0.003517822658129545 14000 -0.9929643546837407 
m400043 6000 -0.005910462810854643 7000 -0.005910462810854643 14000 -0.9881790743782904 
m400044 6000 -0.0087810075814505 7000 -0.0087810075814505 14000 -0.9824379848370991 
m400045 6000 -0.004191056384862628 7000 -0.004191056384862628 14000 -0.9916178872302749 
m400046 6000 -0.003191659406801024 7000 -0.003191659406801024 14000 -0.9936166811863982 
m400047 6000 -0.003586380691458344 7000 -0.003586380691458344 14000 -0.9928272386170833 
m400048 6000 -0.005972652474327802 7000 -0.005972652474327802 14000 -0.9880546950513444 
m400049 6000 -0.009145627275513024 7000 -0.009145627275513024 14000 -0.9817087454489736 
m400050 6000 -0.004185963817168898 7000 -0.004185963817168898 14000 -0.9916280723656621 
m400051 6000 -0.0031604277573750866 7000 -0.0031604277573750866 14000 -0.9936791444852497 
m400052 6000 -0.003728692987677678 7000 -0.003728692987677678 14000 -0.9925426140246448 
m400053 6000 -0.005998574422602452 7000 -0.005998574422602452 14000 -0.9880028511547951 
m400054 6000 -0.009348704785749984 7000 -0.009348704785749984 14000 -0.9813025904285 
m400055 6000 -0.004010252699183898 7000 -0.004010252699183898 14000 -0.9919794946016318 
m400056 6000 -0.0032022438869438413 7000 -0.0032022438869438413 14000 -0.9935955122261123 
m400057 6000 -0.0038713428356889983 7000 -0.0038713428356889983 14000 -0.9922573143286221 
m400058 6000 -0.0056647303533354345 7000 -0.0056647303533354345 14000 -0.9886705392933292 
m400059 6000 -0.009374898011929221 7000 -0.009374898011929221 14000 -0.9812502039761414 
m400060 6000 -0.003979467200219391 7000 -0.003979467200219391 14000 -0.9920410655995611 
m400061 6000 -0.0032623336068115048 7000 -0.0032623336068115048 14000 -0.993475332786377 
m400062 6000 -0.003728792618483618 7000 -0.003728792618483618 14000 -0.9925424147630327 
m400063 6000 -0.0058702668343184015 7000 -0.0058702668343184015 14000 -0.988259466331363 
m400064 6000 -0.0095037848916101 7000 -0.0095037848916101 14000 -0.9809924302167797 
m400065 6000 -0.004126447581381199 7000 -0.004126447581381199 14000 -0.9917471048372374 
m400066 6000 -0.003225095085726123 7000 -0.003225095085726123 14000 -0.9935498098285477 
m400067 6000 -0.003647580084854109 7000 -0.003647580084854109 14000 -0.9927048398302917 
m400068 6000 -0.005492414828629419 7000 -0.005492414828629419 14000 -0.9890151703427413 
m400069 6000 -0.009103374901108017 7000 -0.009103374901108017 14000 -0.9817932501977837 
m400070 6000 -0.003579857187778526 7000 -0.003579857187778526 14000 -0.9928402856244429 
m400071 6000 -0.0032419753217137887 7000 -0.0032419753217137887 14000 -0.9935160493565725 
m400072 6000 -0.0038367766740052527 7000 -0.0038367766740052527 14000 -0.9923264466519897 
m400073 6000 -0.005742865929238818 7000 -0.005742865929238818 14000 -0.9885142681415223 
m400074 6000 -0.0096104964871702 7000 -0.0096104964871702 14000 -0.9807790070256596 
m400075 6000 -0.0040931704112773335 7000 -0.0040931704112773335 14000 -0.9918136591774452 
m400076 6000 -0.003244349501978785 7000 -0.003244349501978785 14000 -0.9935113009960423 
m400077 6000 -0.003737785782974193 7000 -0.003737785782974193 14000 -0.9925244284340519 
m400078 6000 -0.005748958633152025 7000 -0.005748958633152025 14000 -0.9885020827336963 
m400079 6000 -0.009215024097961558 7000 -0.009215024097961558 14000 -0.9815699518040769 
m400080 6000 -0.00422291077386594 7000 -0.00422291077386594 14000 -0.9915541784522681 
m400081 6000 -0.0031558484037012254 7000 -0.0031558484037012254 14000 -0.9936883031925976 
m400082 6000 -0.0038892002510410167 7000 -0.0038892002510410167 14000 -0.9922215994979179 
m400083 6000 -0.006125871518533773 7000 -0.006125871518533773 14000 -0.9877482569629324 
m400084 6000 -0.009296907715483338 7000 -0.009296907715483338 14000 -0.9814061845690337 
m400085 6000 -0.004059517744099355 7000 -0.004059517744099355 14000 -0.9918809645118014 
m400086 6000 -0.003222479521172758 7000 -0.003222479521172758 14000 -0.9935550409576543 
m400087 6000 -0.003661496527650002 7000 -0.003661496527650002 14000 -0.9926770069447002 
m400088 6000 -0.005630047139546615 7000 -0.005630047139546615 14000 -0.9887399057209066 
m400089 6000 -0.00924306101182782 7000 -0.00924306101182782 14000 -0.9815138779763443 
m400090 6000 -0.003975483644115052 7000 -0.003975483644115052 14000 -0.9920490327117697 
m400091 6000 -0.003173093746521154 7000 -0.003173093746521154 14000 -0.993653812506958 
m400092 6000 -0.0036951588078671725 7000 -0.0036951588078671725 14000 -0.9926096823842656 
m400093 6000 -0.006048432527838248 7000 -0.006048432527838248 14000 -0.9879031349443236 
m400094 6000 -0.00919210632318453 7000 -0.00919210632318453 14000 -0.981615787353631 
m400095 6000 -0.003990531619935612 7000 -0.003990531619935612 14000 -0.9920189367601285 
m400096 6000 -0.0031973898189092713 7000 -0.0031973898189092713 14000 -0.9936052203621817 
m400097 6000 -0.003848904009970297 7000 -0.003848904009970297 14000 -0.9923021919800595 
m400098 6000 -0.00599018361407682 7000 -0.00599018361407682 14000 -0.9880196327718465 
m400099 6000 -0.008847042718565248 7000 -0.008847042718565248 14000 -0.9823059145628694 
m400100 6000 -0.00391781620257775 7000 -0.00391781620257775 14000 -0.9921643675948443 
m400101 6000 -0.003225332049516841 7000 -0.003225332049516841 14000 -0.9935493359009665 
m400102 6000 -0.003625452488074483 7000 -0.003625452488074483 14000 -0.9927490950238509 
m400103 6000 -0.005063907724242839 7000 -0.005063907724242839 14000 -0.9898721845515145 
m400104 6000 -0.008961254378169078 7000 -0.008961254378169078 14000 -0.9820774912436618 
m400105 6000 -0.003858015048740149 7000 -0.003858015048740149 14000 -0.9922839699025197 
m400106 6000 -0.0031850994573336677 7000 -0.0031850994573336677 14000 -0.9936298010853328 
m400107 6000 -0.0037597368830276897 7000 -0.0037597368830276897 14000 -0.9924805262339449 
m400108 6000 -0.00582775693708967 7000 -0.00582775693708967 14000 -0.9883444861258206 
m400109 6000 -0.008685059025646417 7000 -0.008685059025646417 14000 -0.9826298819487072 
m400110 6000 -0.004087262040052747 7000 -0.004087262040052747 14000 -0.991825475919894 
m400111 6000 -0.0031627100364270432 7000 -0.0031627100364270432 14000 -0.993674579927146 
m400112 6000 -0.0036150020958201673 7000 -0.0036150020958201673 14000 -0.99276999580836 
m400113 6000 -0.005880290222741108 7000 -0.005880290222741108 14000 -0.9882394195545179 
m400114 6000 -0.009174563217861965 7000 -0.009174563217861965 14000 -0.9816508735642757 
m400115 6000 -0.004012545885137076 7000 -0.004012545885137076 14000 -0.9919749082297258 
m400116 6000 -0.0031665404404752208 7000 -0.0031665404404752208 14000 -0.9936669191190494 
m400117 6000 -0.003665613014978199 7000 -0.003665613014978199 14000 -0.9926687739700434 
m400118 6000 -0.006040728902059096 7000 -0.006040728902059096 14000 -0.9879185421958816 
m400119 6000 -0.009355680942062712 7000 -0.009355680942062712 14000 -0.9812886381158746 
m400120 6000 -0.0038684808052433808 7000 -0.0038684808052433808 14000 -0.9922630383895132 
m400121 6000 -0.0031725584856227584 7000 -0.0031725584856227584 14000 -0.9936548830287542 
m400122 6000 -0.003599249600828864 7000 -0.003599249600828864 14000 -0.9928015007983424 
m400123 6000 -0.005714769387890467 7000 -0.005714769387890467 14000 -0.9885704612242192 
m400124 6000 -0.009041315498237685 7000 -0.009041315498237685 14000 -0.9819173690035246 
c **********************************
c PE+Pb, dens=4.78 g/cm3
m2      6000    -0.04286 $Carbon
        1001    -0.00714 $Hydrogen
        82000   -0.95000 $Lead
c **********************************
m3    1001 -0.048535 $Boric acid
      5010 -0.034981
      5011 -0.139923
      8016 -0.776561
c **********************************
m4    82000 1 $Lead
c **********************************
m5 26000 1 $Iron
c **********************************
m6     13027   -1.000 $ Aluminum
c **********************************
c  SS-304 (8.00 g/cm3), #298 in PNNL Compendium
m7   006000.50c -0.0004000
     014000.60c -0.0050000
     015031.50c -0.0002300
     016000.60c -0.0001500
     024000.50c -0.1899981
     025055.60c -0.0099999
     026000.50c -0.7017229
     028000.50c -0.0924991
c ****************************************
c       LaBr detector
c ****************************************
m8       35079    -0.2946       $ Br79
         35081    -0.3069       $ Br81
         57139    -0.3485       $ La139
         58140    -0.0500       $ Ce140
c ************ air den=1.15e-3g/cc
m12     8016 -0.23
        7014 -0.77
c ************ Rubber Natural den=0.92 g/cc
m13     1001 -0.118371  $weight fraction
        6000 -0.881629
c
c end material cards
c
rand seed=8674536546524321 $different initial random #; seed# - any less 18 digits
c
c ********** begin tallies *********************
fc78 *********Broadened Pulse Height Tally Sum of Detectors 1,2 & 3 ***********
e78 0 1e-5 932i 8.4295
F78:p (101)
FT78 GEB -0.026198 0.059551 -0.037176
fc18 *********Unbroadened Pulse Height Tally Sum of Detectors 1,2 & 3 ***********
e18 0 1e-5 932i 8.4295
F18:p (101)
c ***********************************
c mplot tal 78 freq 10000
nps 1e9
