c CAS DETECTOR
c w/ Shielding in Place and Wheels
c
c CELL CARDS
c
c @@@@@@@@@@ Detectors @@@@@@@@@@@@@@@@@
c
101 8 -5.08 -21 imp:n,p 1 $LaBr Detector #1 Active Region
c
c @@@@@@@@@ Shielding @@@@@@@@@@@@@@@@@
c
121 2 -4.78 -31 imp:n,p 1 $PE_Pb
122 4 -11.29 -32 imp:n,p 1 $Pb1
123 4 -11.29 -33 imp:n,p 1 $Pb2
124 4 -11.29 -34 imp:n,p 1 $Pb3
125 4 -11.29 -35 imp:n,p 1 $Pb4
126 4 -11.29 -36 imp:n,p 1 $Pb5
127 4 -11.29 -37 imp:n,p 1 $Pb6
128 3 -1.5 -38 imp:n,p 1 $BA1
129 3 -1.5 -39 imp:n,p 1 $BA2
130 6 -2.7 -40 imp:n,p 1 $Al
131 7 -7.92 301 -302 303 -304 imp:n,p 1 $Fe-tube
132 5 -7.8 -401 imp:n,p 1 $Fe
133 5 -7.8 -402 imp:n,p 1 $Fe
c @@@@@@@@@@ Wheels @@@@@@@@@@@@@@@@@
c
21 13 -0.92 -41 42 imp:n,p 1 $Wheel 1
211 13 -0.92 -421 422 imp:n,p 1 $Wheel 1
212 13 -0.92 -423 424 imp:n,p 1 $Wheel 1
22 13 -0.92 -43 44 imp:n,p 1 $Wheel 2
221 13 -0.92 -441 442 imp:n,p 1 $Wheel 2
222 13 -0.92 -443 444 imp:n,p 1 $Wheel 2
23 13 -0.92 -45 46 imp:n,p 1 $Wheel 3
231 13 -0.92 -461 462 imp:n,p 1 $Wheel 3
232 13 -0.92 -463 464 imp:n,p 1 $Wheel 3
24 13 -0.92 -47 48 imp:n,p 1 $Wheel 4
241 13 -0.92 -481 482 imp:n,p 1 $Wheel 4
242 13 -0.92 -483 484 imp:n,p 1 $Wheel 4
c
c @@@@@@@@@@ SOIL VOLUME @@@@@@@@@@@
c
300000 400000 -2.156 20010 -20011 20020 -20021 20030 -20031 imp:n,p 1
300001 400001 -2.156 20010 -20011 20020 -20021 20031 -20032 imp:n,p 1
300002 400002 -2.156 20010 -20011 20020 -20021 20032 -20033 imp:n,p 1
300003 400003 -2.156 20010 -20011 20020 -20021 20033 -20034 imp:n,p 1
300004 400004 -2.156 20010 -20011 20020 -20021 20034 -20035 imp:n,p 1
300005 400005 -2.156 20011 -20012 20020 -20021 20030 -20031 imp:n,p 1
300006 400006 -2.156 20011 -20012 20020 -20021 20031 -20032 imp:n,p 1
300007 400007 -2.156 20011 -20012 20020 -20021 20032 -20033 imp:n,p 1
300008 400008 -2.156 20011 -20012 20020 -20021 20033 -20034 imp:n,p 1
300009 400009 -2.156 20011 -20012 20020 -20021 20034 -20035 imp:n,p 1
300010 400010 -2.156 20012 -20013 20020 -20021 20030 -20031 imp:n,p 1
300011 400011 -2.156 20012 -20013 20020 -20021 20031 -20032 imp:n,p 1
300012 400012 -2.156 20012 -20013 20020 -20021 20032 -20033 imp:n,p 1
300013 400013 -2.156 20012 -20013 20020 -20021 20033 -20034 imp:n,p 1
300014 400014 -2.156 20012 -20013 20020 -20021 20034 -20035 imp:n,p 1
300015 400015 -2.156 20013 -20014 20020 -20021 20030 -20031 imp:n,p 1
300016 400016 -2.156 20013 -20014 20020 -20021 20031 -20032 imp:n,p 1
300017 400017 -2.156 20013 -20014 20020 -20021 20032 -20033 imp:n,p 1
300018 400018 -2.156 20013 -20014 20020 -20021 20033 -20034 imp:n,p 1
300019 400019 -2.156 20013 -20014 20020 -20021 20034 -20035 imp:n,p 1
300020 400020 -2.156 20014 -20015 20020 -20021 20030 -20031 imp:n,p 1
300021 400021 -2.156 20014 -20015 20020 -20021 20031 -20032 imp:n,p 1
300022 400022 -2.156 20014 -20015 20020 -20021 20032 -20033 imp:n,p 1
300023 400023 -2.156 20014 -20015 20020 -20021 20033 -20034 imp:n,p 1
300024 400024 -2.156 20014 -20015 20020 -20021 20034 -20035 imp:n,p 1
300025 400025 -2.156 20010 -20011 20021 -20022 20030 -20031 imp:n,p 1
300026 400026 -2.156 20010 -20011 20021 -20022 20031 -20032 imp:n,p 1
300027 400027 -2.156 20010 -20011 20021 -20022 20032 -20033 imp:n,p 1
300028 400028 -2.156 20010 -20011 20021 -20022 20033 -20034 imp:n,p 1
300029 400029 -2.156 20010 -20011 20021 -20022 20034 -20035 imp:n,p 1
300030 400030 -2.156 20011 -20012 20021 -20022 20030 -20031 imp:n,p 1
300031 400031 -2.156 20011 -20012 20021 -20022 20031 -20032 imp:n,p 1
300032 400032 -2.156 20011 -20012 20021 -20022 20032 -20033 imp:n,p 1
300033 400033 -2.156 20011 -20012 20021 -20022 20033 -20034 imp:n,p 1
300034 400034 -2.156 20011 -20012 20021 -20022 20034 -20035 imp:n,p 1
300035 400035 -2.156 20012 -20013 20021 -20022 20030 -20031 imp:n,p 1
300036 400036 -2.156 20012 -20013 20021 -20022 20031 -20032 imp:n,p 1
300037 400037 -2.156 20012 -20013 20021 -20022 20032 -20033 imp:n,p 1
300038 400038 -2.156 20012 -20013 20021 -20022 20033 -20034 imp:n,p 1
300039 400039 -2.156 20012 -20013 20021 -20022 20034 -20035 imp:n,p 1
300040 400040 -2.156 20013 -20014 20021 -20022 20030 -20031 imp:n,p 1
300041 400041 -2.156 20013 -20014 20021 -20022 20031 -20032 imp:n,p 1
300042 400042 -2.156 20013 -20014 20021 -20022 20032 -20033 imp:n,p 1
300043 400043 -2.156 20013 -20014 20021 -20022 20033 -20034 imp:n,p 1
300044 400044 -2.156 20013 -20014 20021 -20022 20034 -20035 imp:n,p 1
300045 400045 -2.156 20014 -20015 20021 -20022 20030 -20031 imp:n,p 1
300046 400046 -2.156 20014 -20015 20021 -20022 20031 -20032 imp:n,p 1
300047 400047 -2.156 20014 -20015 20021 -20022 20032 -20033 imp:n,p 1
300048 400048 -2.156 20014 -20015 20021 -20022 20033 -20034 imp:n,p 1
300049 400049 -2.156 20014 -20015 20021 -20022 20034 -20035 imp:n,p 1
300050 400050 -2.156 20010 -20011 20022 -20023 20030 -20031 imp:n,p 1
300051 400051 -2.156 20010 -20011 20022 -20023 20031 -20032 imp:n,p 1
300052 400052 -2.156 20010 -20011 20022 -20023 20032 -20033 imp:n,p 1
300053 400053 -2.156 20010 -20011 20022 -20023 20033 -20034 imp:n,p 1
300054 400054 -2.156 20010 -20011 20022 -20023 20034 -20035 imp:n,p 1
300055 400055 -2.156 20011 -20012 20022 -20023 20030 -20031 imp:n,p 1
300056 400056 -2.156 20011 -20012 20022 -20023 20031 -20032 imp:n,p 1
300057 400057 -2.156 20011 -20012 20022 -20023 20032 -20033 imp:n,p 1
300058 400058 -2.156 20011 -20012 20022 -20023 20033 -20034 imp:n,p 1
300059 400059 -2.156 20011 -20012 20022 -20023 20034 -20035 imp:n,p 1
300060 400060 -2.156 20012 -20013 20022 -20023 20030 -20031 imp:n,p 1
300061 400061 -2.156 20012 -20013 20022 -20023 20031 -20032 imp:n,p 1
300062 400062 -2.156 20012 -20013 20022 -20023 20032 -20033 imp:n,p 1
300063 400063 -2.156 20012 -20013 20022 -20023 20033 -20034 imp:n,p 1
300064 400064 -2.156 20012 -20013 20022 -20023 20034 -20035 imp:n,p 1
300065 400065 -2.156 20013 -20014 20022 -20023 20030 -20031 imp:n,p 1
300066 400066 -2.156 20013 -20014 20022 -20023 20031 -20032 imp:n,p 1
300067 400067 -2.156 20013 -20014 20022 -20023 20032 -20033 imp:n,p 1
300068 400068 -2.156 20013 -20014 20022 -20023 20033 -20034 imp:n,p 1
300069 400069 -2.156 20013 -20014 20022 -20023 20034 -20035 imp:n,p 1
300070 400070 -2.156 20014 -20015 20022 -20023 20030 -20031 imp:n,p 1
300071 400071 -2.156 20014 -20015 20022 -20023 20031 -20032 imp:n,p 1
300072 400072 -2.156 20014 -20015 20022 -20023 20032 -20033 imp:n,p 1
300073 400073 -2.156 20014 -20015 20022 -20023 20033 -20034 imp:n,p 1
300074 400074 -2.156 20014 -20015 20022 -20023 20034 -20035 imp:n,p 1
300075 400075 -2.156 20010 -20011 20023 -20024 20030 -20031 imp:n,p 1
300076 400076 -2.156 20010 -20011 20023 -20024 20031 -20032 imp:n,p 1
300077 400077 -2.156 20010 -20011 20023 -20024 20032 -20033 imp:n,p 1
300078 400078 -2.156 20010 -20011 20023 -20024 20033 -20034 imp:n,p 1
300079 400079 -2.156 20010 -20011 20023 -20024 20034 -20035 imp:n,p 1
300080 400080 -2.156 20011 -20012 20023 -20024 20030 -20031 imp:n,p 1
300081 400081 -2.156 20011 -20012 20023 -20024 20031 -20032 imp:n,p 1
300082 400082 -2.156 20011 -20012 20023 -20024 20032 -20033 imp:n,p 1
300083 400083 -2.156 20011 -20012 20023 -20024 20033 -20034 imp:n,p 1
300084 400084 -2.156 20011 -20012 20023 -20024 20034 -20035 imp:n,p 1
300085 400085 -2.156 20012 -20013 20023 -20024 20030 -20031 imp:n,p 1
300086 400086 -2.156 20012 -20013 20023 -20024 20031 -20032 imp:n,p 1
300087 400087 -2.156 20012 -20013 20023 -20024 20032 -20033 imp:n,p 1
300088 400088 -2.156 20012 -20013 20023 -20024 20033 -20034 imp:n,p 1
300089 400089 -2.156 20012 -20013 20023 -20024 20034 -20035 imp:n,p 1
300090 400090 -2.156 20013 -20014 20023 -20024 20030 -20031 imp:n,p 1
300091 400091 -2.156 20013 -20014 20023 -20024 20031 -20032 imp:n,p 1
300092 400092 -2.156 20013 -20014 20023 -20024 20032 -20033 imp:n,p 1
300093 400093 -2.156 20013 -20014 20023 -20024 20033 -20034 imp:n,p 1
300094 400094 -2.156 20013 -20014 20023 -20024 20034 -20035 imp:n,p 1
300095 400095 -2.156 20014 -20015 20023 -20024 20030 -20031 imp:n,p 1
300096 400096 -2.156 20014 -20015 20023 -20024 20031 -20032 imp:n,p 1
300097 400097 -2.156 20014 -20015 20023 -20024 20032 -20033 imp:n,p 1
300098 400098 -2.156 20014 -20015 20023 -20024 20033 -20034 imp:n,p 1
300099 400099 -2.156 20014 -20015 20023 -20024 20034 -20035 imp:n,p 1
300100 400100 -2.156 20010 -20011 20024 -20025 20030 -20031 imp:n,p 1
300101 400101 -2.156 20010 -20011 20024 -20025 20031 -20032 imp:n,p 1
300102 400102 -2.156 20010 -20011 20024 -20025 20032 -20033 imp:n,p 1
300103 400103 -2.156 20010 -20011 20024 -20025 20033 -20034 imp:n,p 1
300104 400104 -2.156 20010 -20011 20024 -20025 20034 -20035 imp:n,p 1
300105 400105 -2.156 20011 -20012 20024 -20025 20030 -20031 imp:n,p 1
300106 400106 -2.156 20011 -20012 20024 -20025 20031 -20032 imp:n,p 1
300107 400107 -2.156 20011 -20012 20024 -20025 20032 -20033 imp:n,p 1
300108 400108 -2.156 20011 -20012 20024 -20025 20033 -20034 imp:n,p 1
300109 400109 -2.156 20011 -20012 20024 -20025 20034 -20035 imp:n,p 1
300110 400110 -2.156 20012 -20013 20024 -20025 20030 -20031 imp:n,p 1
300111 400111 -2.156 20012 -20013 20024 -20025 20031 -20032 imp:n,p 1
300112 400112 -2.156 20012 -20013 20024 -20025 20032 -20033 imp:n,p 1
300113 400113 -2.156 20012 -20013 20024 -20025 20033 -20034 imp:n,p 1
300114 400114 -2.156 20012 -20013 20024 -20025 20034 -20035 imp:n,p 1
300115 400115 -2.156 20013 -20014 20024 -20025 20030 -20031 imp:n,p 1
300116 400116 -2.156 20013 -20014 20024 -20025 20031 -20032 imp:n,p 1
300117 400117 -2.156 20013 -20014 20024 -20025 20032 -20033 imp:n,p 1
300118 400118 -2.156 20013 -20014 20024 -20025 20033 -20034 imp:n,p 1
300119 400119 -2.156 20013 -20014 20024 -20025 20034 -20035 imp:n,p 1
300120 400120 -2.156 20014 -20015 20024 -20025 20030 -20031 imp:n,p 1
300121 400121 -2.156 20014 -20015 20024 -20025 20031 -20032 imp:n,p 1
300122 400122 -2.156 20014 -20015 20024 -20025 20032 -20033 imp:n,p 1
300123 400123 -2.156 20014 -20015 20024 -20025 20033 -20034 imp:n,p 1
300124 400124 -2.156 20014 -20015 20024 -20025 20034 -20035 imp:n,p 1
c
30 12 -0.00129 -200 #101 #121 #122 #123 #124 #125 #126 #127 #128 #129 #130 #131 #132 #133
        #21 #211 #212 #22 #221 #222 #23 #231 #232 #24 #241 #242 #20 imp:n,p 1 $Rest of the World
31 0 200 imp:n,p 0 $Outside world

c SURFACE CARDS
c
c Sample Volume
20010 px -56.0
20011 px -33.600000000000364
20012 px -11.200000000000728
20013 px 11.200000000000728
20014 px 33.600000000000364
20015 px 56.0
20020 py -45.0
20021 py -27.0
20022 py -9.0
20023 py 9.0
20024 py 27.0
20025 py 45.0
20030 pz 92.0
20031 pz 82.0
20032 pz 72.0
20033 pz 62.0
20034 pz 52.0
20035 pz 42.0
c Active Detector Region
21 rcc 56  -5.0 -1.0   0.0 20.3 0.0   4.5 $Detector 1 Base center, Hx,Hy,Hz, radius
c Shielding Surfaces
c Shielding Pb
31 rpp 19 29 -7.5 7.5 -11 9 $PbPE xmin xmax ymin ymax zmin zmax
32 rpp 9 19 4 9 -11 9 $Pb xmin xmax ymin ymax zmin zmax
33 rpp 9 19 -9 -4 -11 9 $Pb xmin xmax ymin ymax zmin zmax
34 rpp 19 29 7.5 12.5 -11 9 $Pb xmin xmax ymin ymax zmin zmax
35 rpp 19 29 -12.5 -7.5 -11 9 $Pb xmin xmax ymin ymax zmin zmax
36 rpp 29 34 -15 15 -11 9 $Pb xmin xmax ymin ymax zmin zmax
37 rpp 9 19 -4 4 4 9 $Pb xmin xmax ymin ymax zmin zmax
38 rpp -26 26 18 28 -11 9 $BA1 xmin xmax ymin ymax zmin zmax
39 rpp -26 26 -28 -18 -11 9 $BA2 xmin xmax ymin ymax zmin zmax
40 rpp -65 65 -28 28 10 10.5 $Al xmin xmax ymin ymax zmin zmax
401 rpp -27 27 29 34 -11 9 $Fe xmin xmax ymin ymax zmin zmax
402 rpp -27 27 -34 -29 -11 9 $Fe xmin xmax ymin ymax zmin zmax
301 px -20
302 px 18
303 cx 3.71
304 cx 3.81
c Wheels Surfaces
c 23/10.5-12 turf tires, 22.6 lb rubber
c diameter 29cm, tread width 25cm, and sidewall height 13.76 cm
c set thickness of all sides 1.3 cm (s.t. weight is 22.6 lb)
41 rcc -2 77 8   0.0 25 0.0 29 $wheel 1 outer tread surface
42 rcc -2 77 8   0.0 25 0.0 27.7 $wheel 1 inner tread surface
421 rcc -2 75.7 8   0.0 1.3 0.0 29 $wheel 1 outside sidewall exterior
422 rcc -2 75.7 8   0.0 1.3 0.0 15.24 $wheel 1 outside sidewall interior
423 rcc -2 102 8   0.0 1.3 0.0 29 $wheel 1 inside sidewall exterior
424 rcc -2 102 8   0.0 1.3 0.0 15.24 $wheel 1 inside sidewall interior
43 rcc 68 77 8   0.0 25 0.0 29 $wheel 2
44 rcc 68 77 8   0.0 25 0.0 27.7
441 rcc 68 75.7 8   0.0 1.3 0.0 29
442 rcc 68 75.7 8   0.0 1.3 0.0 15.24
443 rcc 68 102 8   0.0 1.3 0.0 29
444 rcc 68 102 8   0.0 1.3 0.0 15.24
45 rcc -2 -77 8   0.0 -25 0.0 29 $wheel 3
46 rcc -2 -77 8   0.0 -25 0.0 27.7
461 rcc -2 -75.7 8   0.0 -1.3 0.0 29
462 rcc -2 -75.7 8   0.0 -1.3 0.0 15.24
463 rcc -2 -102 8   0.0 -1.3 0.0 29
464 rcc -2 -102 8   0.0 -1.3 0.0 15.24
47 rcc 68 -77 8   0.0 -25 0.0 29 $wheel 4
48 rcc 68 -77 8   0.0 -25 0.0 27.7
481 rcc 68 -75.7 8   0.0 -1.3 0.0 29
482 rcc 68 -75.7 8   0.0 -1.3 0.0 15.24
483 rcc 68 -102 8   0.0 -1.3 0.0 29
484 rcc 68 -102 8   0.0 -1.3 0.0 15.24
200 so 800    $sphere of 800cm centered at origin
c

c DATA CARDS
mode n p
c dump every hr
prdmp -60 -60 -1
c 100 keV Neutron Energy Cutoff
Cut:n 1j 0.1
c analog neutron transport
phys:n 1j 14
phys:p
sdef pos=0 0 0 erg=14.0 vec= 0 0 1 dir=d1
si1  -1 .93 1
sp1   0  0.0  1.0
c ********************
c begin material cards
c ********************
c Pure Carbon
c ****************************************
m400000 6000 -0.004216950629235473 7000 -0.004216950629235473 14000 -0.991566098741529 
m400001 6000 -0.0031563252499475754 7000 -0.0031563252499475754 14000 -0.993687349500105 
m400002 6000 -0.003905576768385921 7000 -0.003905576768385921 14000 -0.9921888464632284 
m400003 6000 -0.005673927032108668 7000 -0.005673927032108668 14000 -0.9886521459357825 
m400004 6000 -0.009105553997819314 7000 -0.009105553997819314 14000 -0.9817888920043614 
m400005 6000 -0.0040241673012158755 7000 -0.0040241673012158755 14000 -0.991951665397568 
m400006 6000 -0.0031432887853531095 7000 -0.0031432887853531095 14000 -0.9937134224292938 
m400007 6000 -0.003677274908479611 7000 -0.003677274908479611 14000 -0.9926454501830407 
m400008 6000 -0.005070323924527537 7000 -0.005070323924527537 14000 -0.9898593521509453 
m400009 6000 -0.008820701872680636 7000 -0.008820701872680636 14000 -0.9823585962546391 
m400010 6000 -0.0040802072577510945 7000 -0.0040802072577510945 14000 -0.9918395854844979 
m400011 6000 -0.0031376702569012715 7000 -0.0031376702569012715 14000 -0.9937246594861975 
m400012 6000 -0.003740859414376628 7000 -0.003740859414376628 14000 -0.9925182811712471 
m400013 6000 -0.0060033165119394005 7000 -0.0060033165119394005 14000 -0.9879933669761212 
m400014 6000 -0.009700923217174673 7000 -0.009700923217174673 14000 -0.9805981535656507 
m400015 6000 -0.0037847274717180373 7000 -0.0037847274717180373 14000 -0.9924305450565641 
m400016 6000 -0.0031554791766562566 7000 -0.0031554791766562566 14000 -0.9936890416466878 
m400017 6000 -0.00394992318737615 7000 -0.00394992318737615 14000 -0.9921001536252473 
m400018 6000 -0.0058489527241480125 7000 -0.0058489527241480125 14000 -0.9883020945517039 
m400019 6000 -0.00854004375875409 7000 -0.00854004375875409 14000 -0.9829199124824917 
m400020 6000 -0.004227387185142173 7000 -0.004227387185142173 14000 -0.9915452256297158 
m400021 6000 -0.0031563598213347633 7000 -0.0031563598213347633 14000 -0.9936872803573301 
m400022 6000 -0.003633089340931874 7000 -0.003633089340931874 14000 -0.9927338213181364 
m400023 6000 -0.0055355602455311815 7000 -0.0055355602455311815 14000 -0.9889288795089374 
m400024 6000 -0.008449641702888358 7000 -0.008449641702888358 14000 -0.9831007165942234 
m400025 6000 -0.003755110689631362 7000 -0.003755110689631362 14000 -0.9924897786207374 
m400026 6000 -0.0031717951737979234 7000 -0.0031717951737979234 14000 -0.9936564096524039 
m400027 6000 -0.0038845139151033607 7000 -0.0038845139151033607 14000 -0.992230972169793 
m400028 6000 -0.0056796794662578465 7000 -0.0056796794662578465 14000 -0.9886406410674846 
m400029 6000 -0.009050864680101212 7000 -0.009050864680101212 14000 -0.9818982706397977 
m400030 6000 -0.004174654768633531 7000 -0.004174654768633531 14000 -0.9916506904627327 
m400031 6000 -0.003163051460962522 7000 -0.003163051460962522 14000 -0.9936738970780752 
m400032 6000 -0.003666866287237307 7000 -0.003666866287237307 14000 -0.9926662674255254 
m400033 6000 -0.005500974858147373 7000 -0.005500974858147373 14000 -0.9889980502837054 
m400034 6000 -0.009162941301679719 7000 -0.009162941301679719 14000 -0.9816741173966405 
m400035 6000 -0.003937246724641259 7000 -0.003937246724641259 14000 -0.9921255065507174 
m400036 6000 -0.0031750060954659613 7000 -0.0031750060954659613 14000 -0.9936499878090683 
m400037 6000 -0.0037847150076591052 7000 -0.0037847150076591052 14000 -0.9924305699846815 
m400038 6000 -0.006165386817466181 7000 -0.006165386817466181 14000 -0.9876692263650675 
m400039 6000 -0.009020495146838928 7000 -0.009020495146838928 14000 -0.9819590097063222 
m400040 6000 -0.004118295428199179 7000 -0.004118295428199179 14000 -0.9917634091436015 
m400041 6000 -0.003129372263093488 7000 -0.003129372263093488 14000 -0.9937412554738129 
m400042 6000 -0.003689259015876732 7000 -0.003689259015876732 14000 -0.9926214819682465 
m400043 6000 -0.0054156339412791375 7000 -0.0054156339412791375 14000 -0.9891687321174416 
m400044 6000 -0.008884470748543555 7000 -0.008884470748543555 14000 -0.9822310585029129 
m400045 6000 -0.0037843221058122033 7000 -0.0037843221058122033 14000 -0.9924313557883757 
m400046 6000 -0.0031441513627886897 7000 -0.0031441513627886897 14000 -0.9937116972744228 
m400047 6000 -0.0038015429573467004 7000 -0.0038015429573467004 14000 -0.9923969140853066 
m400048 6000 -0.006028201010398735 7000 -0.006028201010398735 14000 -0.9879435979792028 
m400049 6000 -0.008747773250677835 7000 -0.008747773250677835 14000 -0.9825044534986447 
m400050 6000 -0.004087795972495575 7000 -0.004087795972495575 14000 -0.9918244080550087 
m400051 6000 -0.0031485984942870595 7000 -0.0031485984942870595 14000 -0.9937028030114259 
m400052 6000 -0.003692465904450181 7000 -0.003692465904450181 14000 -0.9926150681910996 
m400053 6000 -0.005701065027888791 7000 -0.005701065027888791 14000 -0.9885978699442223 
m400054 6000 -0.009398384175688865 7000 -0.009398384175688865 14000 -0.9812032316486226 
m400055 6000 -0.0038321362657406178 7000 -0.0038321362657406178 14000 -0.992335727468519 
m400056 6000 -0.003096986176184848 7000 -0.003096986176184848 14000 -0.9938060276476304 
m400057 6000 -0.003599406655595056 7000 -0.003599406655595056 14000 -0.9928011866888096 
m400058 6000 -0.0056630680663958145 7000 -0.0056630680663958145 14000 -0.9886738638672086 
m400059 6000 -0.009077172126788382 7000 -0.009077172126788382 14000 -0.9818456557464232 
m400060 6000 -0.0038833785836011143 7000 -0.0038833785836011143 14000 -0.9922332428327981 
m400061 6000 -0.003150731397301836 7000 -0.003150731397301836 14000 -0.9936985372053965 
m400062 6000 -0.003858487016036246 7000 -0.003858487016036246 14000 -0.9922830259679274 
m400063 6000 -0.005687306985599095 7000 -0.005687306985599095 14000 -0.9886253860288018 
m400064 6000 -0.008916277011617273 7000 -0.008916277011617273 14000 -0.9821674459767656 
m400065 6000 -0.004076680163025929 7000 -0.004076680163025929 14000 -0.9918466396739478 
m400066 6000 -0.0031052209786615907 7000 -0.0031052209786615907 14000 -0.9937895580426769 
m400067 6000 -0.003902802325149496 7000 -0.003902802325149496 14000 -0.9921943953497012 
m400068 6000 -0.005704232264585008 7000 -0.005704232264585008 14000 -0.9885915354708303 
m400069 6000 -0.009058255741098652 7000 -0.009058255741098652 14000 -0.981883488517803 
m400070 6000 -0.004013407131462317 7000 -0.004013407131462317 14000 -0.9919731857370754 
m400071 6000 -0.00316663223786771 7000 -0.00316663223786771 14000 -0.9936667355242648 
m400072 6000 -0.0037371300840865563 7000 -0.0037371300840865563 14000 -0.9925257398318275 
m400073 6000 -0.005549484757079634 7000 -0.005549484757079634 14000 -0.9889010304858407 
m400074 6000 -0.008767616917460076 7000 -0.008767616917460076 14000 -0.9824647661650799 
m400075 6000 -0.004052456996127568 7000 -0.004052456996127568 14000 -0.9918950860077451 
m400076 6000 -0.0031608484510610296 7000 -0.0031608484510610296 14000 -0.9936783030978775 
m400077 6000 -0.0037680681879137356 7000 -0.0037680681879137356 14000 -0.9924638636241725 
m400078 6000 -0.0057081836057037635 7000 -0.0057081836057037635 14000 -0.9885836327885924 
m400079 6000 -0.008385548812092669 7000 -0.008385548812092669 14000 -0.9832289023758147 
m400080 6000 -0.00391809848774621 7000 -0.00391809848774621 14000 -0.9921638030245076 
m400081 6000 -0.003128782565903929 7000 -0.003128782565903929 14000 -0.9937424348681918 
m400082 6000 -0.00369136040810284 7000 -0.00369136040810284 14000 -0.9926172791837944 
m400083 6000 -0.0055821768949870145 7000 -0.0055821768949870145 14000 -0.988835646210026 
m400084 6000 -0.008477767905297764 7000 -0.008477767905297764 14000 -0.9830444641894046 
m400085 6000 -0.0037742013181597646 7000 -0.0037742013181597646 14000 -0.9924515973636805 
m400086 6000 -0.0031178011654127064 7000 -0.0031178011654127064 14000 -0.9937643976691745 
m400087 6000 -0.0037966485136486632 7000 -0.0037966485136486632 14000 -0.9924067029727027 
m400088 6000 -0.005311113760203671 7000 -0.005311113760203671 14000 -0.9893777724795925 
m400089 6000 -0.008798573414179596 7000 -0.008798573414179596 14000 -0.9824028531716406 
m400090 6000 -0.003853715797137574 7000 -0.003853715797137574 14000 -0.9922925684057249 
m400091 6000 -0.0031639598047767063 7000 -0.0031639598047767063 14000 -0.9936720803904465 
m400092 6000 -0.0036860372379550954 7000 -0.0036860372379550954 14000 -0.9926279255240895 
m400093 6000 -0.005761371594597203 7000 -0.005761371594597203 14000 -0.9884772568108052 
m400094 6000 -0.009409152852378767 7000 -0.009409152852378767 14000 -0.9811816942952422 
m400095 6000 -0.003864531216426313 7000 -0.003864531216426313 14000 -0.9922709375671475 
m400096 6000 -0.0030875809557588912 7000 -0.0030875809557588912 14000 -0.9938248380884823 
m400097 6000 -0.003681509047888603 7000 -0.003681509047888603 14000 -0.9926369819042228 
m400098 6000 -0.005878094939449939 7000 -0.005878094939449939 14000 -0.9882438101210999 
m400099 6000 -0.009507236865898015 7000 -0.009507236865898015 14000 -0.9809855262682041 
m400100 6000 -0.003986099248816085 7000 -0.003986099248816085 14000 -0.9920278015023678 
m400101 6000 -0.003113102962331695 7000 -0.003113102962331695 14000 -0.9937737940753366 
m400102 6000 -0.0036307269682732267 7000 -0.0036307269682732267 14000 -0.9927385460634537 
m400103 6000 -0.0056567542692776245 7000 -0.0056567542692776245 14000 -0.9886864914614442 
m400104 6000 -0.008916672786880617 7000 -0.008916672786880617 14000 -0.9821666544262387 
m400105 6000 -0.003833815877035795 7000 -0.003833815877035795 14000 -0.9923323682459285 
m400106 6000 -0.0031454508958549537 7000 -0.0031454508958549537 14000 -0.99370909820829 
m400107 6000 -0.0039266877642789785 7000 -0.0039266877642789785 14000 -0.992146624471442 
m400108 6000 -0.005914558528613922 7000 -0.005914558528613922 14000 -0.9881708829427721 
m400109 6000 -0.00890718372041369 7000 -0.00890718372041369 14000 -0.9821856325591726 
m400110 6000 -0.004066311788050499 7000 -0.004066311788050499 14000 -0.9918673764238993 
m400111 6000 -0.00312482343777297 7000 -0.00312482343777297 14000 -0.9937503531244544 
m400112 6000 -0.0037042302346593403 7000 -0.0037042302346593403 14000 -0.9925915395306814 
m400113 6000 -0.005730545743360983 7000 -0.005730545743360983 14000 -0.9885389085132782 
m400114 6000 -0.008261585439618952 7000 -0.008261585439618952 14000 -0.9834768291207623 
m400115 6000 -0.003908642315594511 7000 -0.003908642315594511 14000 -0.9921827153688106 
m400116 6000 -0.003159287550422315 7000 -0.003159287550422315 14000 -0.9936814248991552 
m400117 6000 -0.003798337631902032 7000 -0.003798337631902032 14000 -0.9924033247361956 
m400118 6000 -0.005841427913973654 7000 -0.005841427913973654 14000 -0.9883171441720526 
m400119 6000 -0.00848277188381864 7000 -0.00848277188381864 14000 -0.9830344562323629 
m400120 6000 -0.003925175384256939 7000 -0.003925175384256939 14000 -0.9921496492314863 
m400121 6000 -0.003184589199280746 7000 -0.003184589199280746 14000 -0.993630821601438 
m400122 6000 -0.0036079925237444397 7000 -0.0036079925237444397 14000 -0.9927840149525115 
m400123 6000 -0.005791797228603545 7000 -0.005791797228603545 14000 -0.9884164055427932 
m400124 6000 -0.009026425551181199 7000 -0.009026425551181199 14000 -0.9819471488976379 
c **********************************
c PE+Pb, dens=4.78 g/cm3
m2      6000    -0.04286 $Carbon
        1001    -0.00714 $Hydrogen
        82000   -0.95000 $Lead
c **********************************
m3    1001 -0.048535 $Boric acid
      5010 -0.034981
      5011 -0.139923
      8016 -0.776561
c **********************************
m4    82000 1 $Lead
c **********************************
m5 26000 1 $Iron
c **********************************
m6     13027   -1.000 $ Aluminum
c **********************************
c  SS-304 (8.00 g/cm3), #298 in PNNL Compendium
m7   006000.50c -0.0004000
     014000.60c -0.0050000
     015031.50c -0.0002300
     016000.60c -0.0001500
     024000.50c -0.1899981
     025055.60c -0.0099999
     026000.50c -0.7017229
     028000.50c -0.0924991
c ****************************************
c       LaBr detector
c ****************************************
m8       35079    -0.2946       $ Br79
         35081    -0.3069       $ Br81
         57139    -0.3485       $ La139
         58140    -0.0500       $ Ce140
c ************ air den=1.15e-3g/cc
m12     8016 -0.23
        7014 -0.77
c ************ Rubber Natural den=0.92 g/cc
m13     1001 -0.118371  $weight fraction
        6000 -0.881629
c
c end material cards
c
rand seed=8674536546524321 $different initial random #; seed# - any less 18 digits
c
c ********** begin tallies *********************
fc78 *********Broadened Pulse Height Tally Sum of Detectors 1,2 & 3 ***********
e78 0 1e-5 932i 8.4295
F78:p (101)
FT78 GEB -0.026198 0.059551 -0.037176
fc18 *********Unbroadened Pulse Height Tally Sum of Detectors 1,2 & 3 ***********
e18 0 1e-5 932i 8.4295
F18:p (101)
c ***********************************
c mplot tal 78 freq 10000
nps 1e9
