c CAS DETECTOR
c w/ Shielding in Place and Wheels
c
c CELL CARDS
c
c @@@@@@@@@@ Detectors @@@@@@@@@@@@@@@@@
c
101 8 -5.08 -21 imp:n,p 1 $LaBr Detector #1 Active Region
c
c @@@@@@@@@ Shielding @@@@@@@@@@@@@@@@@
c
121 2 -4.78 -31 imp:n,p 1 $PE_Pb
122 4 -11.29 -32 imp:n,p 1 $Pb1
123 4 -11.29 -33 imp:n,p 1 $Pb2
124 4 -11.29 -34 imp:n,p 1 $Pb3
125 4 -11.29 -35 imp:n,p 1 $Pb4
126 4 -11.29 -36 imp:n,p 1 $Pb5
127 4 -11.29 -37 imp:n,p 1 $Pb6
128 3 -1.5 -38 imp:n,p 1 $BA1
129 3 -1.5 -39 imp:n,p 1 $BA2
130 6 -2.7 -40 imp:n,p 1 $Al
131 7 -7.92 301 -302 303 -304 imp:n,p 1 $Fe-tube
132 5 -7.8 -401 imp:n,p 1 $Fe
133 5 -7.8 -402 imp:n,p 1 $Fe
c @@@@@@@@@@ Wheels @@@@@@@@@@@@@@@@@
c
21 13 -0.92 -41 42 imp:n,p 1 $Wheel 1
211 13 -0.92 -421 422 imp:n,p 1 $Wheel 1
212 13 -0.92 -423 424 imp:n,p 1 $Wheel 1
22 13 -0.92 -43 44 imp:n,p 1 $Wheel 2
221 13 -0.92 -441 442 imp:n,p 1 $Wheel 2
222 13 -0.92 -443 444 imp:n,p 1 $Wheel 2
23 13 -0.92 -45 46 imp:n,p 1 $Wheel 3
231 13 -0.92 -461 462 imp:n,p 1 $Wheel 3
232 13 -0.92 -463 464 imp:n,p 1 $Wheel 3
24 13 -0.92 -47 48 imp:n,p 1 $Wheel 4
241 13 -0.92 -481 482 imp:n,p 1 $Wheel 4
242 13 -0.92 -483 484 imp:n,p 1 $Wheel 4
c
c @@@@@@@@@@ SOIL VOLUME @@@@@@@@@@@
c
300000 400000 -2.156 20010 -20011 20020 -20021 20030 -20031 imp:n,p 1
300001 400001 -2.156 20010 -20011 20020 -20021 20031 -20032 imp:n,p 1
300002 400002 -2.156 20010 -20011 20020 -20021 20032 -20033 imp:n,p 1
300003 400003 -2.156 20010 -20011 20020 -20021 20033 -20034 imp:n,p 1
300004 400004 -2.156 20010 -20011 20020 -20021 20034 -20035 imp:n,p 1
300005 400005 -2.156 20011 -20012 20020 -20021 20030 -20031 imp:n,p 1
300006 400006 -2.156 20011 -20012 20020 -20021 20031 -20032 imp:n,p 1
300007 400007 -2.156 20011 -20012 20020 -20021 20032 -20033 imp:n,p 1
300008 400008 -2.156 20011 -20012 20020 -20021 20033 -20034 imp:n,p 1
300009 400009 -2.156 20011 -20012 20020 -20021 20034 -20035 imp:n,p 1
300010 400010 -2.156 20012 -20013 20020 -20021 20030 -20031 imp:n,p 1
300011 400011 -2.156 20012 -20013 20020 -20021 20031 -20032 imp:n,p 1
300012 400012 -2.156 20012 -20013 20020 -20021 20032 -20033 imp:n,p 1
300013 400013 -2.156 20012 -20013 20020 -20021 20033 -20034 imp:n,p 1
300014 400014 -2.156 20012 -20013 20020 -20021 20034 -20035 imp:n,p 1
300015 400015 -2.156 20013 -20014 20020 -20021 20030 -20031 imp:n,p 1
300016 400016 -2.156 20013 -20014 20020 -20021 20031 -20032 imp:n,p 1
300017 400017 -2.156 20013 -20014 20020 -20021 20032 -20033 imp:n,p 1
300018 400018 -2.156 20013 -20014 20020 -20021 20033 -20034 imp:n,p 1
300019 400019 -2.156 20013 -20014 20020 -20021 20034 -20035 imp:n,p 1
300020 400020 -2.156 20014 -20015 20020 -20021 20030 -20031 imp:n,p 1
300021 400021 -2.156 20014 -20015 20020 -20021 20031 -20032 imp:n,p 1
300022 400022 -2.156 20014 -20015 20020 -20021 20032 -20033 imp:n,p 1
300023 400023 -2.156 20014 -20015 20020 -20021 20033 -20034 imp:n,p 1
300024 400024 -2.156 20014 -20015 20020 -20021 20034 -20035 imp:n,p 1
300025 400025 -2.156 20010 -20011 20021 -20022 20030 -20031 imp:n,p 1
300026 400026 -2.156 20010 -20011 20021 -20022 20031 -20032 imp:n,p 1
300027 400027 -2.156 20010 -20011 20021 -20022 20032 -20033 imp:n,p 1
300028 400028 -2.156 20010 -20011 20021 -20022 20033 -20034 imp:n,p 1
300029 400029 -2.156 20010 -20011 20021 -20022 20034 -20035 imp:n,p 1
300030 400030 -2.156 20011 -20012 20021 -20022 20030 -20031 imp:n,p 1
300031 400031 -2.156 20011 -20012 20021 -20022 20031 -20032 imp:n,p 1
300032 400032 -2.156 20011 -20012 20021 -20022 20032 -20033 imp:n,p 1
300033 400033 -2.156 20011 -20012 20021 -20022 20033 -20034 imp:n,p 1
300034 400034 -2.156 20011 -20012 20021 -20022 20034 -20035 imp:n,p 1
300035 400035 -2.156 20012 -20013 20021 -20022 20030 -20031 imp:n,p 1
300036 400036 -2.156 20012 -20013 20021 -20022 20031 -20032 imp:n,p 1
300037 400037 -2.156 20012 -20013 20021 -20022 20032 -20033 imp:n,p 1
300038 400038 -2.156 20012 -20013 20021 -20022 20033 -20034 imp:n,p 1
300039 400039 -2.156 20012 -20013 20021 -20022 20034 -20035 imp:n,p 1
300040 400040 -2.156 20013 -20014 20021 -20022 20030 -20031 imp:n,p 1
300041 400041 -2.156 20013 -20014 20021 -20022 20031 -20032 imp:n,p 1
300042 400042 -2.156 20013 -20014 20021 -20022 20032 -20033 imp:n,p 1
300043 400043 -2.156 20013 -20014 20021 -20022 20033 -20034 imp:n,p 1
300044 400044 -2.156 20013 -20014 20021 -20022 20034 -20035 imp:n,p 1
300045 400045 -2.156 20014 -20015 20021 -20022 20030 -20031 imp:n,p 1
300046 400046 -2.156 20014 -20015 20021 -20022 20031 -20032 imp:n,p 1
300047 400047 -2.156 20014 -20015 20021 -20022 20032 -20033 imp:n,p 1
300048 400048 -2.156 20014 -20015 20021 -20022 20033 -20034 imp:n,p 1
300049 400049 -2.156 20014 -20015 20021 -20022 20034 -20035 imp:n,p 1
300050 400050 -2.156 20010 -20011 20022 -20023 20030 -20031 imp:n,p 1
300051 400051 -2.156 20010 -20011 20022 -20023 20031 -20032 imp:n,p 1
300052 400052 -2.156 20010 -20011 20022 -20023 20032 -20033 imp:n,p 1
300053 400053 -2.156 20010 -20011 20022 -20023 20033 -20034 imp:n,p 1
300054 400054 -2.156 20010 -20011 20022 -20023 20034 -20035 imp:n,p 1
300055 400055 -2.156 20011 -20012 20022 -20023 20030 -20031 imp:n,p 1
300056 400056 -2.156 20011 -20012 20022 -20023 20031 -20032 imp:n,p 1
300057 400057 -2.156 20011 -20012 20022 -20023 20032 -20033 imp:n,p 1
300058 400058 -2.156 20011 -20012 20022 -20023 20033 -20034 imp:n,p 1
300059 400059 -2.156 20011 -20012 20022 -20023 20034 -20035 imp:n,p 1
300060 400060 -2.156 20012 -20013 20022 -20023 20030 -20031 imp:n,p 1
300061 400061 -2.156 20012 -20013 20022 -20023 20031 -20032 imp:n,p 1
300062 400062 -2.156 20012 -20013 20022 -20023 20032 -20033 imp:n,p 1
300063 400063 -2.156 20012 -20013 20022 -20023 20033 -20034 imp:n,p 1
300064 400064 -2.156 20012 -20013 20022 -20023 20034 -20035 imp:n,p 1
300065 400065 -2.156 20013 -20014 20022 -20023 20030 -20031 imp:n,p 1
300066 400066 -2.156 20013 -20014 20022 -20023 20031 -20032 imp:n,p 1
300067 400067 -2.156 20013 -20014 20022 -20023 20032 -20033 imp:n,p 1
300068 400068 -2.156 20013 -20014 20022 -20023 20033 -20034 imp:n,p 1
300069 400069 -2.156 20013 -20014 20022 -20023 20034 -20035 imp:n,p 1
300070 400070 -2.156 20014 -20015 20022 -20023 20030 -20031 imp:n,p 1
300071 400071 -2.156 20014 -20015 20022 -20023 20031 -20032 imp:n,p 1
300072 400072 -2.156 20014 -20015 20022 -20023 20032 -20033 imp:n,p 1
300073 400073 -2.156 20014 -20015 20022 -20023 20033 -20034 imp:n,p 1
300074 400074 -2.156 20014 -20015 20022 -20023 20034 -20035 imp:n,p 1
300075 400075 -2.156 20010 -20011 20023 -20024 20030 -20031 imp:n,p 1
300076 400076 -2.156 20010 -20011 20023 -20024 20031 -20032 imp:n,p 1
300077 400077 -2.156 20010 -20011 20023 -20024 20032 -20033 imp:n,p 1
300078 400078 -2.156 20010 -20011 20023 -20024 20033 -20034 imp:n,p 1
300079 400079 -2.156 20010 -20011 20023 -20024 20034 -20035 imp:n,p 1
300080 400080 -2.156 20011 -20012 20023 -20024 20030 -20031 imp:n,p 1
300081 400081 -2.156 20011 -20012 20023 -20024 20031 -20032 imp:n,p 1
300082 400082 -2.156 20011 -20012 20023 -20024 20032 -20033 imp:n,p 1
300083 400083 -2.156 20011 -20012 20023 -20024 20033 -20034 imp:n,p 1
300084 400084 -2.156 20011 -20012 20023 -20024 20034 -20035 imp:n,p 1
300085 400085 -2.156 20012 -20013 20023 -20024 20030 -20031 imp:n,p 1
300086 400086 -2.156 20012 -20013 20023 -20024 20031 -20032 imp:n,p 1
300087 400087 -2.156 20012 -20013 20023 -20024 20032 -20033 imp:n,p 1
300088 400088 -2.156 20012 -20013 20023 -20024 20033 -20034 imp:n,p 1
300089 400089 -2.156 20012 -20013 20023 -20024 20034 -20035 imp:n,p 1
300090 400090 -2.156 20013 -20014 20023 -20024 20030 -20031 imp:n,p 1
300091 400091 -2.156 20013 -20014 20023 -20024 20031 -20032 imp:n,p 1
300092 400092 -2.156 20013 -20014 20023 -20024 20032 -20033 imp:n,p 1
300093 400093 -2.156 20013 -20014 20023 -20024 20033 -20034 imp:n,p 1
300094 400094 -2.156 20013 -20014 20023 -20024 20034 -20035 imp:n,p 1
300095 400095 -2.156 20014 -20015 20023 -20024 20030 -20031 imp:n,p 1
300096 400096 -2.156 20014 -20015 20023 -20024 20031 -20032 imp:n,p 1
300097 400097 -2.156 20014 -20015 20023 -20024 20032 -20033 imp:n,p 1
300098 400098 -2.156 20014 -20015 20023 -20024 20033 -20034 imp:n,p 1
300099 400099 -2.156 20014 -20015 20023 -20024 20034 -20035 imp:n,p 1
300100 400100 -2.156 20010 -20011 20024 -20025 20030 -20031 imp:n,p 1
300101 400101 -2.156 20010 -20011 20024 -20025 20031 -20032 imp:n,p 1
300102 400102 -2.156 20010 -20011 20024 -20025 20032 -20033 imp:n,p 1
300103 400103 -2.156 20010 -20011 20024 -20025 20033 -20034 imp:n,p 1
300104 400104 -2.156 20010 -20011 20024 -20025 20034 -20035 imp:n,p 1
300105 400105 -2.156 20011 -20012 20024 -20025 20030 -20031 imp:n,p 1
300106 400106 -2.156 20011 -20012 20024 -20025 20031 -20032 imp:n,p 1
300107 400107 -2.156 20011 -20012 20024 -20025 20032 -20033 imp:n,p 1
300108 400108 -2.156 20011 -20012 20024 -20025 20033 -20034 imp:n,p 1
300109 400109 -2.156 20011 -20012 20024 -20025 20034 -20035 imp:n,p 1
300110 400110 -2.156 20012 -20013 20024 -20025 20030 -20031 imp:n,p 1
300111 400111 -2.156 20012 -20013 20024 -20025 20031 -20032 imp:n,p 1
300112 400112 -2.156 20012 -20013 20024 -20025 20032 -20033 imp:n,p 1
300113 400113 -2.156 20012 -20013 20024 -20025 20033 -20034 imp:n,p 1
300114 400114 -2.156 20012 -20013 20024 -20025 20034 -20035 imp:n,p 1
300115 400115 -2.156 20013 -20014 20024 -20025 20030 -20031 imp:n,p 1
300116 400116 -2.156 20013 -20014 20024 -20025 20031 -20032 imp:n,p 1
300117 400117 -2.156 20013 -20014 20024 -20025 20032 -20033 imp:n,p 1
300118 400118 -2.156 20013 -20014 20024 -20025 20033 -20034 imp:n,p 1
300119 400119 -2.156 20013 -20014 20024 -20025 20034 -20035 imp:n,p 1
300120 400120 -2.156 20014 -20015 20024 -20025 20030 -20031 imp:n,p 1
300121 400121 -2.156 20014 -20015 20024 -20025 20031 -20032 imp:n,p 1
300122 400122 -2.156 20014 -20015 20024 -20025 20032 -20033 imp:n,p 1
300123 400123 -2.156 20014 -20015 20024 -20025 20033 -20034 imp:n,p 1
300124 400124 -2.156 20014 -20015 20024 -20025 20034 -20035 imp:n,p 1
c
30 12 -0.00129 -200 #101 #121 #122 #123 #124 #125 #126 #127 #128 #129 #130 #131 #132 #133
        #21 #211 #212 #22 #221 #222 #23 #231 #232 #24 #241 #242 #20 imp:n,p 1 $Rest of the World
31 0 200 imp:n,p 0 $Outside world

c SURFACE CARDS
c
c Sample Volume
20010 px -56.0
20011 px -33.59999999999991
20012 px -11.200000000000045
20013 px 11.200000000000045
20014 px 33.59999999999991
20015 px 56.0
20020 py -45.0
20021 py -27.0
20022 py -9.0
20023 py 9.0
20024 py 27.0
20025 py 45.0
20030 pz 92.0
20031 pz 82.0
20032 pz 72.0
20033 pz 62.0
20034 pz 52.0
20035 pz 42.0
c Active Detector Region
21 rcc 56  -5.0 -1.0   0.0 20.3 0.0   4.5 $Detector 1 Base center, Hx,Hy,Hz, radius
c Shielding Surfaces
c Shielding Pb
31 rpp 19 29 -7.5 7.5 -11 9 $PbPE xmin xmax ymin ymax zmin zmax
32 rpp 9 19 4 9 -11 9 $Pb xmin xmax ymin ymax zmin zmax
33 rpp 9 19 -9 -4 -11 9 $Pb xmin xmax ymin ymax zmin zmax
34 rpp 19 29 7.5 12.5 -11 9 $Pb xmin xmax ymin ymax zmin zmax
35 rpp 19 29 -12.5 -7.5 -11 9 $Pb xmin xmax ymin ymax zmin zmax
36 rpp 29 34 -15 15 -11 9 $Pb xmin xmax ymin ymax zmin zmax
37 rpp 9 19 -4 4 4 9 $Pb xmin xmax ymin ymax zmin zmax
38 rpp -26 26 18 28 -11 9 $BA1 xmin xmax ymin ymax zmin zmax
39 rpp -26 26 -28 -18 -11 9 $BA2 xmin xmax ymin ymax zmin zmax
40 rpp -65 65 -28 28 10 10.5 $Al xmin xmax ymin ymax zmin zmax
401 rpp -27 27 29 34 -11 9 $Fe xmin xmax ymin ymax zmin zmax
402 rpp -27 27 -34 -29 -11 9 $Fe xmin xmax ymin ymax zmin zmax
301 px -20
302 px 18
303 cx 3.71
304 cx 3.81
c Wheels Surfaces
c 23/10.5-12 turf tires, 22.6 lb rubber
c diameter 29cm, tread width 25cm, and sidewall height 13.76 cm
c set thickness of all sides 1.3 cm (s.t. weight is 22.6 lb)
41 rcc -2 77 8   0.0 25 0.0 29 $wheel 1 outer tread surface
42 rcc -2 77 8   0.0 25 0.0 27.7 $wheel 1 inner tread surface
421 rcc -2 75.7 8   0.0 1.3 0.0 29 $wheel 1 outside sidewall exterior
422 rcc -2 75.7 8   0.0 1.3 0.0 15.24 $wheel 1 outside sidewall interior
423 rcc -2 102 8   0.0 1.3 0.0 29 $wheel 1 inside sidewall exterior
424 rcc -2 102 8   0.0 1.3 0.0 15.24 $wheel 1 inside sidewall interior
43 rcc 68 77 8   0.0 25 0.0 29 $wheel 2
44 rcc 68 77 8   0.0 25 0.0 27.7
441 rcc 68 75.7 8   0.0 1.3 0.0 29
442 rcc 68 75.7 8   0.0 1.3 0.0 15.24
443 rcc 68 102 8   0.0 1.3 0.0 29
444 rcc 68 102 8   0.0 1.3 0.0 15.24
45 rcc -2 -77 8   0.0 -25 0.0 29 $wheel 3
46 rcc -2 -77 8   0.0 -25 0.0 27.7
461 rcc -2 -75.7 8   0.0 -1.3 0.0 29
462 rcc -2 -75.7 8   0.0 -1.3 0.0 15.24
463 rcc -2 -102 8   0.0 -1.3 0.0 29
464 rcc -2 -102 8   0.0 -1.3 0.0 15.24
47 rcc 68 -77 8   0.0 -25 0.0 29 $wheel 4
48 rcc 68 -77 8   0.0 -25 0.0 27.7
481 rcc 68 -75.7 8   0.0 -1.3 0.0 29
482 rcc 68 -75.7 8   0.0 -1.3 0.0 15.24
483 rcc 68 -102 8   0.0 -1.3 0.0 29
484 rcc 68 -102 8   0.0 -1.3 0.0 15.24
200 so 800    $sphere of 800cm centered at origin
c

c DATA CARDS
mode n p
c dump every hr
prdmp -60 -60 -1
c 100 keV Neutron Energy Cutoff
Cut:n 1j 0.1
c analog neutron transport
phys:n 1j 14
phys:p
sdef pos=0 0 0 erg=14.0 vec= 0 0 1 dir=d1
si1  -1 .93 1
sp1   0  0.0  1.0
c ********************
c begin material cards
c ********************
c Pure Carbon
c ****************************************
m400000 6000 -0.004253955758177022 7000 -0.004253955758177022 14000 -0.9914920884836457 
m400001 6000 -0.0032369375890863024 7000 -0.0032369375890863024 14000 -0.9935261248218273 
m400002 6000 -0.004049917576911077 7000 -0.004049917576911077 14000 -0.9919001648461782 
m400003 6000 -0.005501078105165515 7000 -0.005501078105165515 14000 -0.9889978437896692 
m400004 6000 -0.009249555548256344 7000 -0.009249555548256344 14000 -0.9815008889034874 
m400005 6000 -0.00393760815091055 7000 -0.00393760815091055 14000 -0.992124783698179 
m400006 6000 -0.003270443940680347 7000 -0.003270443940680347 14000 -0.9934591121186392 
m400007 6000 -0.004042292357226703 7000 -0.004042292357226703 14000 -0.9919154152855465 
m400008 6000 -0.0059243060768738144 7000 -0.0059243060768738144 14000 -0.9881513878462523 
m400009 6000 -0.008983984166337958 7000 -0.008983984166337958 14000 -0.9820320316673241 
m400010 6000 -0.004183378766904508 7000 -0.004183378766904508 14000 -0.991633242466191 
m400011 6000 -0.0033086659108386256 7000 -0.0033086659108386256 14000 -0.9933826681783231 
m400012 6000 -0.003932670994561837 7000 -0.003932670994561837 14000 -0.9921346580108767 
m400013 6000 -0.0058225430924340625 7000 -0.0058225430924340625 14000 -0.9883549138151316 
m400014 6000 -0.009136826222955842 7000 -0.009136826222955842 14000 -0.9817263475540885 
m400015 6000 -0.004042967165195544 7000 -0.004042967165195544 14000 -0.9919140656696088 
m400016 6000 -0.0032814023561361563 7000 -0.0032814023561361563 14000 -0.9934371952877276 
m400017 6000 -0.0040272509652033595 7000 -0.0040272509652033595 14000 -0.9919454980695934 
m400018 6000 -0.00588715226645436 7000 -0.00588715226645436 14000 -0.9882256954670912 
m400019 6000 -0.009308114915324038 7000 -0.009308114915324038 14000 -0.9813837701693521 
m400020 6000 -0.003985588585256941 7000 -0.003985588585256941 14000 -0.9920288228294862 
m400021 6000 -0.003339670223067789 7000 -0.003339670223067789 14000 -0.9933206595538647 
m400022 6000 -0.0039085751883644005 7000 -0.0039085751883644005 14000 -0.9921828496232714 
m400023 6000 -0.005816484905704793 7000 -0.005816484905704793 14000 -0.9883670301885903 
m400024 6000 -0.009527555088794748 7000 -0.009527555088794748 14000 -0.9809448898224103 
m400025 6000 -0.00396526927680701 7000 -0.00396526927680701 14000 -0.9920694614463862 
m400026 6000 -0.003276255145896275 7000 -0.003276255145896275 14000 -0.9934474897082075 
m400027 6000 -0.003916090348642901 7000 -0.003916090348642901 14000 -0.9921678193027141 
m400028 6000 -0.005832398739523722 7000 -0.005832398739523722 14000 -0.9883352025209525 
m400029 6000 -0.00950539227717645 7000 -0.00950539227717645 14000 -0.980989215445647 
m400030 6000 -0.003956394115856013 7000 -0.003956394115856013 14000 -0.9920872117682878 
m400031 6000 -0.003295151646902562 7000 -0.003295151646902562 14000 -0.9934096967061947 
m400032 6000 -0.004073028148343837 7000 -0.004073028148343837 14000 -0.9918539437033123 
m400033 6000 -0.0057857616350714056 7000 -0.0057857616350714056 14000 -0.9884284767298575 
m400034 6000 -0.009398105981691588 7000 -0.009398105981691588 14000 -0.9812037880366167 
m400035 6000 -0.004038367621730444 7000 -0.004038367621730444 14000 -0.991923264756539 
m400036 6000 -0.003232671057306779 7000 -0.003232671057306779 14000 -0.993534657885387 
m400037 6000 -0.003957681344595613 7000 -0.003957681344595613 14000 -0.9920846373108089 
m400038 6000 -0.005926834872565559 7000 -0.005926834872565559 14000 -0.9881463302548685 
m400039 6000 -0.009498570440904063 7000 -0.009498570440904063 14000 -0.9810028591181919 
m400040 6000 -0.004223563129980448 7000 -0.004223563129980448 14000 -0.9915528737400393 
m400041 6000 -0.0032682930582623665 7000 -0.0032682930582623665 14000 -0.9934634138834751 
m400042 6000 -0.0037331962424113963 7000 -0.0037331962424113963 14000 -0.9925336075151773 
m400043 6000 -0.005865405474950738 7000 -0.005865405474950738 14000 -0.9882691890500985 
m400044 6000 -0.009193791951442869 7000 -0.009193791951442869 14000 -0.9816124160971144 
m400045 6000 -0.004291123389192187 7000 -0.004291123389192187 14000 -0.9914177532216156 
m400046 6000 -0.0032970860500559506 7000 -0.0032970860500559506 14000 -0.9934058278998877 
m400047 6000 -0.00378670280189434 7000 -0.00378670280189434 14000 -0.992426594396211 
m400048 6000 -0.005803055284297757 7000 -0.005803055284297757 14000 -0.9883938894314046 
m400049 6000 -0.008557366292405097 7000 -0.008557366292405097 14000 -0.9828852674151897 
m400050 6000 -0.004191157256127336 7000 -0.004191157256127336 14000 -0.9916176854877456 
m400051 6000 -0.0032867645123510585 7000 -0.0032867645123510585 14000 -0.9934264709752979 
m400052 6000 -0.0038662221909204243 7000 -0.0038662221909204243 14000 -0.9922675556181595 
m400053 6000 -0.005618795012812015 7000 -0.005618795012812015 14000 -0.9887624099743756 
m400054 6000 -0.009273452223040346 7000 -0.009273452223040346 14000 -0.9814530955539195 
m400055 6000 -0.004162315281560254 7000 -0.004162315281560254 14000 -0.9916753694368796 
m400056 6000 -0.0032578811284455673 7000 -0.0032578811284455673 14000 -0.9934842377431085 
m400057 6000 -0.003837196660318343 7000 -0.003837196660318343 14000 -0.9923256066793633 
m400058 6000 -0.005917269943063865 7000 -0.005917269943063865 14000 -0.9881654601138721 
m400059 6000 -0.009241991391801506 7000 -0.009241991391801506 14000 -0.9815160172163973 
m400060 6000 -0.004109675226127014 7000 -0.004109675226127014 14000 -0.991780649547746 
m400061 6000 -0.0032907244012045644 7000 -0.0032907244012045644 14000 -0.9934185511975907 
m400062 6000 -0.003691161004135934 7000 -0.003691161004135934 14000 -0.9926176779917282 
m400063 6000 -0.0061728829880700895 7000 -0.0061728829880700895 14000 -0.9876542340238601 
m400064 6000 -0.009779307264937592 7000 -0.009779307264937592 14000 -0.9804413854701248 
m400065 6000 -0.004065423902510168 7000 -0.004065423902510168 14000 -0.9918691521949801 
m400066 6000 -0.003261331768671236 7000 -0.003261331768671236 14000 -0.9934773364626576 
m400067 6000 -0.0037899933242276918 7000 -0.0037899933242276918 14000 -0.9924200133515445 
m400068 6000 -0.005892693097336623 7000 -0.005892693097336623 14000 -0.9882146138053268 
m400069 6000 -0.009046189718414359 7000 -0.009046189718414359 14000 -0.9819076205631714 
m400070 6000 -0.0040156925589471025 7000 -0.0040156925589471025 14000 -0.991968614882106 
m400071 6000 -0.0032580623557509707 7000 -0.0032580623557509707 14000 -0.993483875288498 
m400072 6000 -0.0037233584603000897 7000 -0.0037233584603000897 14000 -0.9925532830794002 
m400073 6000 -0.005313340149319167 7000 -0.005313340149319167 14000 -0.9893733197013617 
m400074 6000 -0.009114602741060802 7000 -0.009114602741060802 14000 -0.9817707945178785 
m400075 6000 -0.004135707502216549 7000 -0.004135707502216549 14000 -0.9917285849955669 
m400076 6000 -0.003273996841123064 7000 -0.003273996841123064 14000 -0.9934520063177539 
m400077 6000 -0.0037178324278043058 7000 -0.0037178324278043058 14000 -0.9925643351443911 
m400078 6000 -0.005791379243414199 7000 -0.005791379243414199 14000 -0.9884172415131717 
m400079 6000 -0.00902943154673573 7000 -0.00902943154673573 14000 -0.9819411369065285 
m400080 6000 -0.004145047874480553 7000 -0.004145047874480553 14000 -0.9917099042510388 
m400081 6000 -0.0032749435465955884 7000 -0.0032749435465955884 14000 -0.9934501129068084 
m400082 6000 -0.003895260206171498 7000 -0.003895260206171498 14000 -0.992209479587657 
m400083 6000 -0.00578091106334134 7000 -0.00578091106334134 14000 -0.9884381778733173 
m400084 6000 -0.008769741697251306 7000 -0.008769741697251306 14000 -0.9824605166054974 
m400085 6000 -0.004061549558827869 7000 -0.004061549558827869 14000 -0.9918769008823441 
m400086 6000 -0.003302796813188735 7000 -0.003302796813188735 14000 -0.9933944063736226 
m400087 6000 -0.0037456022837508833 7000 -0.0037456022837508833 14000 -0.992508795432498 
m400088 6000 -0.006188454750448971 7000 -0.006188454750448971 14000 -0.9876230904991019 
m400089 6000 -0.009890942549485587 7000 -0.009890942549485587 14000 -0.9802181149010287 
m400090 6000 -0.004179709819520621 7000 -0.004179709819520621 14000 -0.9916405803609587 
m400091 6000 -0.0032957645916196336 7000 -0.0032957645916196336 14000 -0.9934084708167612 
m400092 6000 -0.004163479468308322 7000 -0.004163479468308322 14000 -0.9916730410633835 
m400093 6000 -0.0057964313074442 7000 -0.0057964313074442 14000 -0.9884071373851117 
m400094 6000 -0.009547392638706341 7000 -0.009547392638706341 14000 -0.9809052147225873 
m400095 6000 -0.004003498704761447 7000 -0.004003498704761447 14000 -0.9919930025904772 
m400096 6000 -0.0033327600897946792 7000 -0.0033327600897946792 14000 -0.9933344798204103 
m400097 6000 -0.0038700309592625704 7000 -0.0038700309592625704 14000 -0.9922599380814751 
m400098 6000 -0.005366422384975077 7000 -0.005366422384975077 14000 -0.9892671552300497 
m400099 6000 -0.009293957521191715 7000 -0.009293957521191715 14000 -0.9814120849576163 
m400100 6000 -0.004143013052718038 7000 -0.004143013052718038 14000 -0.9917139738945638 
m400101 6000 -0.0032412589583134584 7000 -0.0032412589583134584 14000 -0.993517482083373 
m400102 6000 -0.0038636769884978035 7000 -0.0038636769884978035 14000 -0.9922726460230047 
m400103 6000 -0.005744002697173174 7000 -0.005744002697173174 14000 -0.9885119946056535 
m400104 6000 -0.009507133077812981 7000 -0.009507133077812981 14000 -0.9809857338443742 
m400105 6000 -0.003902461912514152 7000 -0.003902461912514152 14000 -0.9921950761749717 
m400106 6000 -0.003281440428368853 7000 -0.003281440428368853 14000 -0.9934371191432624 
m400107 6000 -0.0037113592382996986 7000 -0.0037113592382996986 14000 -0.992577281523401 
m400108 6000 -0.0059231022579735535 7000 -0.0059231022579735535 14000 -0.9881537954840529 
m400109 6000 -0.009365847258594679 7000 -0.009365847258594679 14000 -0.9812683054828106 
m400110 6000 -0.00401105714354098 7000 -0.00401105714354098 14000 -0.991977885712918 
m400111 6000 -0.0033008716304272646 7000 -0.0033008716304272646 14000 -0.9933982567391455 
m400112 6000 -0.0039014180135769467 7000 -0.0039014180135769467 14000 -0.9921971639728462 
m400113 6000 -0.005857811808963188 7000 -0.005857811808963188 14000 -0.9882843763820737 
m400114 6000 -0.009257135043200321 7000 -0.009257135043200321 14000 -0.9814857299135997 
m400115 6000 -0.0038494913037481456 7000 -0.0038494913037481456 14000 -0.9923010173925039 
m400116 6000 -0.0033156165220374406 7000 -0.0033156165220374406 14000 -0.9933687669559254 
m400117 6000 -0.004028669482069009 7000 -0.004028669482069009 14000 -0.9919426610358621 
m400118 6000 -0.005764129295907568 7000 -0.005764129295907568 14000 -0.9884717414081847 
m400119 6000 -0.00891223388687651 7000 -0.00891223388687651 14000 -0.9821755322262474 
m400120 6000 -0.004213273200711952 7000 -0.004213273200711952 14000 -0.9915734535985763 
m400121 6000 -0.0032782890040757157 7000 -0.0032782890040757157 14000 -0.9934434219918482 
m400122 6000 -0.003811322753728512 7000 -0.003811322753728512 14000 -0.9923773544925428 
m400123 6000 -0.005840144598730506 7000 -0.005840144598730506 14000 -0.9883197108025391 
m400124 6000 -0.009249918795774206 7000 -0.009249918795774206 14000 -0.9815001624084515 
c **********************************
c PE+Pb, dens=4.78 g/cm3
m2      6000    -0.04286 $Carbon
        1001    -0.00714 $Hydrogen
        82000   -0.95000 $Lead
c **********************************
m3    1001 -0.048535 $Boric acid
      5010 -0.034981
      5011 -0.139923
      8016 -0.776561
c **********************************
m4    82000 1 $Lead
c **********************************
m5 26000 1 $Iron
c **********************************
m6     13027   -1.000 $ Aluminum
c **********************************
c  SS-304 (8.00 g/cm3), #298 in PNNL Compendium
m7   006000.50c -0.0004000
     014000.60c -0.0050000
     015031.50c -0.0002300
     016000.60c -0.0001500
     024000.50c -0.1899981
     025055.60c -0.0099999
     026000.50c -0.7017229
     028000.50c -0.0924991
c ****************************************
c       LaBr detector
c ****************************************
m8       35079    -0.2946       $ Br79
         35081    -0.3069       $ Br81
         57139    -0.3485       $ La139
         58140    -0.0500       $ Ce140
c ************ air den=1.15e-3g/cc
m12     8016 -0.23
        7014 -0.77
c ************ Rubber Natural den=0.92 g/cc
m13     1001 -0.118371  $weight fraction
        6000 -0.881629
c
c end material cards
c
rand seed=8674536546524321 $different initial random #; seed# - any less 18 digits
c
c ********** begin tallies *********************
fc78 *********Broadened Pulse Height Tally Sum of Detectors 1,2 & 3 ***********
e78 0 1e-5 932i 8.4295
F78:p (101)
FT78 GEB -0.026198 0.059551 -0.037176
fc18 *********Unbroadened Pulse Height Tally Sum of Detectors 1,2 & 3 ***********
e18 0 1e-5 932i 8.4295
F18:p (101)
c ***********************************
c mplot tal 78 freq 10000
nps 1e9
