c CAS DETECTOR
c w/ Shielding in Place and Wheels
c
c CELL CARDS
c
c @@@@@@@@@@ Detectors @@@@@@@@@@@@@@@@@
c
101 8 -5.08 -21 imp:n,p 1 $LaBr Detector #1 Active Region
c
c @@@@@@@@@ Shielding @@@@@@@@@@@@@@@@@
c
121 2 -4.78 -31 imp:n,p 1 $PE_Pb
122 4 -11.29 -32 imp:n,p 1 $Pb1
123 4 -11.29 -33 imp:n,p 1 $Pb2
124 4 -11.29 -34 imp:n,p 1 $Pb3
125 4 -11.29 -35 imp:n,p 1 $Pb4
126 4 -11.29 -36 imp:n,p 1 $Pb5
127 4 -11.29 -37 imp:n,p 1 $Pb6
128 3 -1.5 -38 imp:n,p 1 $BA1
129 3 -1.5 -39 imp:n,p 1 $BA2
130 6 -2.7 -40 imp:n,p 1 $Al
131 7 -7.92 301 -302 303 -304 imp:n,p 1 $Fe-tube
132 5 -7.8 -401 imp:n,p 1 $Fe
133 5 -7.8 -402 imp:n,p 1 $Fe
c @@@@@@@@@@ Wheels @@@@@@@@@@@@@@@@@
c
21 13 -0.92 -41 42 imp:n,p 1 $Wheel 1
211 13 -0.92 -421 422 imp:n,p 1 $Wheel 1
212 13 -0.92 -423 424 imp:n,p 1 $Wheel 1
22 13 -0.92 -43 44 imp:n,p 1 $Wheel 2
221 13 -0.92 -441 442 imp:n,p 1 $Wheel 2
222 13 -0.92 -443 444 imp:n,p 1 $Wheel 2
23 13 -0.92 -45 46 imp:n,p 1 $Wheel 3
231 13 -0.92 -461 462 imp:n,p 1 $Wheel 3
232 13 -0.92 -463 464 imp:n,p 1 $Wheel 3
24 13 -0.92 -47 48 imp:n,p 1 $Wheel 4
241 13 -0.92 -481 482 imp:n,p 1 $Wheel 4
242 13 -0.92 -483 484 imp:n,p 1 $Wheel 4
c
c @@@@@@@@@@ SOIL VOLUME @@@@@@@@@@@
c
300000 400000 -2.156 20010 -20011 20020 -20021 20030 -20031 imp:n,p 1
300001 400001 -2.156 20010 -20011 20020 -20021 20031 -20032 imp:n,p 1
300002 400002 -2.156 20010 -20011 20020 -20021 20032 -20033 imp:n,p 1
300003 400003 -2.156 20010 -20011 20020 -20021 20033 -20034 imp:n,p 1
300004 400004 -2.156 20010 -20011 20020 -20021 20034 -20035 imp:n,p 1
300005 400005 -2.156 20011 -20012 20020 -20021 20030 -20031 imp:n,p 1
300006 400006 -2.156 20011 -20012 20020 -20021 20031 -20032 imp:n,p 1
300007 400007 -2.156 20011 -20012 20020 -20021 20032 -20033 imp:n,p 1
300008 400008 -2.156 20011 -20012 20020 -20021 20033 -20034 imp:n,p 1
300009 400009 -2.156 20011 -20012 20020 -20021 20034 -20035 imp:n,p 1
300010 400010 -2.156 20012 -20013 20020 -20021 20030 -20031 imp:n,p 1
300011 400011 -2.156 20012 -20013 20020 -20021 20031 -20032 imp:n,p 1
300012 400012 -2.156 20012 -20013 20020 -20021 20032 -20033 imp:n,p 1
300013 400013 -2.156 20012 -20013 20020 -20021 20033 -20034 imp:n,p 1
300014 400014 -2.156 20012 -20013 20020 -20021 20034 -20035 imp:n,p 1
300015 400015 -2.156 20013 -20014 20020 -20021 20030 -20031 imp:n,p 1
300016 400016 -2.156 20013 -20014 20020 -20021 20031 -20032 imp:n,p 1
300017 400017 -2.156 20013 -20014 20020 -20021 20032 -20033 imp:n,p 1
300018 400018 -2.156 20013 -20014 20020 -20021 20033 -20034 imp:n,p 1
300019 400019 -2.156 20013 -20014 20020 -20021 20034 -20035 imp:n,p 1
300020 400020 -2.156 20014 -20015 20020 -20021 20030 -20031 imp:n,p 1
300021 400021 -2.156 20014 -20015 20020 -20021 20031 -20032 imp:n,p 1
300022 400022 -2.156 20014 -20015 20020 -20021 20032 -20033 imp:n,p 1
300023 400023 -2.156 20014 -20015 20020 -20021 20033 -20034 imp:n,p 1
300024 400024 -2.156 20014 -20015 20020 -20021 20034 -20035 imp:n,p 1
300025 400025 -2.156 20010 -20011 20021 -20022 20030 -20031 imp:n,p 1
300026 400026 -2.156 20010 -20011 20021 -20022 20031 -20032 imp:n,p 1
300027 400027 -2.156 20010 -20011 20021 -20022 20032 -20033 imp:n,p 1
300028 400028 -2.156 20010 -20011 20021 -20022 20033 -20034 imp:n,p 1
300029 400029 -2.156 20010 -20011 20021 -20022 20034 -20035 imp:n,p 1
300030 400030 -2.156 20011 -20012 20021 -20022 20030 -20031 imp:n,p 1
300031 400031 -2.156 20011 -20012 20021 -20022 20031 -20032 imp:n,p 1
300032 400032 -2.156 20011 -20012 20021 -20022 20032 -20033 imp:n,p 1
300033 400033 -2.156 20011 -20012 20021 -20022 20033 -20034 imp:n,p 1
300034 400034 -2.156 20011 -20012 20021 -20022 20034 -20035 imp:n,p 1
300035 400035 -2.156 20012 -20013 20021 -20022 20030 -20031 imp:n,p 1
300036 400036 -2.156 20012 -20013 20021 -20022 20031 -20032 imp:n,p 1
300037 400037 -2.156 20012 -20013 20021 -20022 20032 -20033 imp:n,p 1
300038 400038 -2.156 20012 -20013 20021 -20022 20033 -20034 imp:n,p 1
300039 400039 -2.156 20012 -20013 20021 -20022 20034 -20035 imp:n,p 1
300040 400040 -2.156 20013 -20014 20021 -20022 20030 -20031 imp:n,p 1
300041 400041 -2.156 20013 -20014 20021 -20022 20031 -20032 imp:n,p 1
300042 400042 -2.156 20013 -20014 20021 -20022 20032 -20033 imp:n,p 1
300043 400043 -2.156 20013 -20014 20021 -20022 20033 -20034 imp:n,p 1
300044 400044 -2.156 20013 -20014 20021 -20022 20034 -20035 imp:n,p 1
300045 400045 -2.156 20014 -20015 20021 -20022 20030 -20031 imp:n,p 1
300046 400046 -2.156 20014 -20015 20021 -20022 20031 -20032 imp:n,p 1
300047 400047 -2.156 20014 -20015 20021 -20022 20032 -20033 imp:n,p 1
300048 400048 -2.156 20014 -20015 20021 -20022 20033 -20034 imp:n,p 1
300049 400049 -2.156 20014 -20015 20021 -20022 20034 -20035 imp:n,p 1
300050 400050 -2.156 20010 -20011 20022 -20023 20030 -20031 imp:n,p 1
300051 400051 -2.156 20010 -20011 20022 -20023 20031 -20032 imp:n,p 1
300052 400052 -2.156 20010 -20011 20022 -20023 20032 -20033 imp:n,p 1
300053 400053 -2.156 20010 -20011 20022 -20023 20033 -20034 imp:n,p 1
300054 400054 -2.156 20010 -20011 20022 -20023 20034 -20035 imp:n,p 1
300055 400055 -2.156 20011 -20012 20022 -20023 20030 -20031 imp:n,p 1
300056 400056 -2.156 20011 -20012 20022 -20023 20031 -20032 imp:n,p 1
300057 400057 -2.156 20011 -20012 20022 -20023 20032 -20033 imp:n,p 1
300058 400058 -2.156 20011 -20012 20022 -20023 20033 -20034 imp:n,p 1
300059 400059 -2.156 20011 -20012 20022 -20023 20034 -20035 imp:n,p 1
300060 400060 -2.156 20012 -20013 20022 -20023 20030 -20031 imp:n,p 1
300061 400061 -2.156 20012 -20013 20022 -20023 20031 -20032 imp:n,p 1
300062 400062 -2.156 20012 -20013 20022 -20023 20032 -20033 imp:n,p 1
300063 400063 -2.156 20012 -20013 20022 -20023 20033 -20034 imp:n,p 1
300064 400064 -2.156 20012 -20013 20022 -20023 20034 -20035 imp:n,p 1
300065 400065 -2.156 20013 -20014 20022 -20023 20030 -20031 imp:n,p 1
300066 400066 -2.156 20013 -20014 20022 -20023 20031 -20032 imp:n,p 1
300067 400067 -2.156 20013 -20014 20022 -20023 20032 -20033 imp:n,p 1
300068 400068 -2.156 20013 -20014 20022 -20023 20033 -20034 imp:n,p 1
300069 400069 -2.156 20013 -20014 20022 -20023 20034 -20035 imp:n,p 1
300070 400070 -2.156 20014 -20015 20022 -20023 20030 -20031 imp:n,p 1
300071 400071 -2.156 20014 -20015 20022 -20023 20031 -20032 imp:n,p 1
300072 400072 -2.156 20014 -20015 20022 -20023 20032 -20033 imp:n,p 1
300073 400073 -2.156 20014 -20015 20022 -20023 20033 -20034 imp:n,p 1
300074 400074 -2.156 20014 -20015 20022 -20023 20034 -20035 imp:n,p 1
300075 400075 -2.156 20010 -20011 20023 -20024 20030 -20031 imp:n,p 1
300076 400076 -2.156 20010 -20011 20023 -20024 20031 -20032 imp:n,p 1
300077 400077 -2.156 20010 -20011 20023 -20024 20032 -20033 imp:n,p 1
300078 400078 -2.156 20010 -20011 20023 -20024 20033 -20034 imp:n,p 1
300079 400079 -2.156 20010 -20011 20023 -20024 20034 -20035 imp:n,p 1
300080 400080 -2.156 20011 -20012 20023 -20024 20030 -20031 imp:n,p 1
300081 400081 -2.156 20011 -20012 20023 -20024 20031 -20032 imp:n,p 1
300082 400082 -2.156 20011 -20012 20023 -20024 20032 -20033 imp:n,p 1
300083 400083 -2.156 20011 -20012 20023 -20024 20033 -20034 imp:n,p 1
300084 400084 -2.156 20011 -20012 20023 -20024 20034 -20035 imp:n,p 1
300085 400085 -2.156 20012 -20013 20023 -20024 20030 -20031 imp:n,p 1
300086 400086 -2.156 20012 -20013 20023 -20024 20031 -20032 imp:n,p 1
300087 400087 -2.156 20012 -20013 20023 -20024 20032 -20033 imp:n,p 1
300088 400088 -2.156 20012 -20013 20023 -20024 20033 -20034 imp:n,p 1
300089 400089 -2.156 20012 -20013 20023 -20024 20034 -20035 imp:n,p 1
300090 400090 -2.156 20013 -20014 20023 -20024 20030 -20031 imp:n,p 1
300091 400091 -2.156 20013 -20014 20023 -20024 20031 -20032 imp:n,p 1
300092 400092 -2.156 20013 -20014 20023 -20024 20032 -20033 imp:n,p 1
300093 400093 -2.156 20013 -20014 20023 -20024 20033 -20034 imp:n,p 1
300094 400094 -2.156 20013 -20014 20023 -20024 20034 -20035 imp:n,p 1
300095 400095 -2.156 20014 -20015 20023 -20024 20030 -20031 imp:n,p 1
300096 400096 -2.156 20014 -20015 20023 -20024 20031 -20032 imp:n,p 1
300097 400097 -2.156 20014 -20015 20023 -20024 20032 -20033 imp:n,p 1
300098 400098 -2.156 20014 -20015 20023 -20024 20033 -20034 imp:n,p 1
300099 400099 -2.156 20014 -20015 20023 -20024 20034 -20035 imp:n,p 1
300100 400100 -2.156 20010 -20011 20024 -20025 20030 -20031 imp:n,p 1
300101 400101 -2.156 20010 -20011 20024 -20025 20031 -20032 imp:n,p 1
300102 400102 -2.156 20010 -20011 20024 -20025 20032 -20033 imp:n,p 1
300103 400103 -2.156 20010 -20011 20024 -20025 20033 -20034 imp:n,p 1
300104 400104 -2.156 20010 -20011 20024 -20025 20034 -20035 imp:n,p 1
300105 400105 -2.156 20011 -20012 20024 -20025 20030 -20031 imp:n,p 1
300106 400106 -2.156 20011 -20012 20024 -20025 20031 -20032 imp:n,p 1
300107 400107 -2.156 20011 -20012 20024 -20025 20032 -20033 imp:n,p 1
300108 400108 -2.156 20011 -20012 20024 -20025 20033 -20034 imp:n,p 1
300109 400109 -2.156 20011 -20012 20024 -20025 20034 -20035 imp:n,p 1
300110 400110 -2.156 20012 -20013 20024 -20025 20030 -20031 imp:n,p 1
300111 400111 -2.156 20012 -20013 20024 -20025 20031 -20032 imp:n,p 1
300112 400112 -2.156 20012 -20013 20024 -20025 20032 -20033 imp:n,p 1
300113 400113 -2.156 20012 -20013 20024 -20025 20033 -20034 imp:n,p 1
300114 400114 -2.156 20012 -20013 20024 -20025 20034 -20035 imp:n,p 1
300115 400115 -2.156 20013 -20014 20024 -20025 20030 -20031 imp:n,p 1
300116 400116 -2.156 20013 -20014 20024 -20025 20031 -20032 imp:n,p 1
300117 400117 -2.156 20013 -20014 20024 -20025 20032 -20033 imp:n,p 1
300118 400118 -2.156 20013 -20014 20024 -20025 20033 -20034 imp:n,p 1
300119 400119 -2.156 20013 -20014 20024 -20025 20034 -20035 imp:n,p 1
300120 400120 -2.156 20014 -20015 20024 -20025 20030 -20031 imp:n,p 1
300121 400121 -2.156 20014 -20015 20024 -20025 20031 -20032 imp:n,p 1
300122 400122 -2.156 20014 -20015 20024 -20025 20032 -20033 imp:n,p 1
300123 400123 -2.156 20014 -20015 20024 -20025 20033 -20034 imp:n,p 1
300124 400124 -2.156 20014 -20015 20024 -20025 20034 -20035 imp:n,p 1
c
30 12 -0.00129 -200 #101 #121 #122 #123 #124 #125 #126 #127 #128 #129 #130 #131 #132 #133
        #21 #211 #212 #22 #221 #222 #23 #231 #232 #24 #241 #242 #20 imp:n,p 1 $Rest of the World
31 0 200 imp:n,p 0 $Outside world

c SURFACE CARDS
c
c Sample Volume
20010 px -56.0
20011 px -33.600000000000364
20012 px -11.199999999999818
20013 px 11.199999999999818
20014 px 33.600000000000364
20015 px 56.0
20020 py -45.0
20021 py -27.0
20022 py -9.0
20023 py 9.0
20024 py 27.0
20025 py 45.0
20030 pz 92.0
20031 pz 82.0
20032 pz 72.0
20033 pz 62.0
20034 pz 52.0
20035 pz 42.0
c Active Detector Region
21 rcc 56  -5.0 -1.0   0.0 20.3 0.0   4.5 $Detector 1 Base center, Hx,Hy,Hz, radius
c Shielding Surfaces
c Shielding Pb
31 rpp 19 29 -7.5 7.5 -11 9 $PbPE xmin xmax ymin ymax zmin zmax
32 rpp 9 19 4 9 -11 9 $Pb xmin xmax ymin ymax zmin zmax
33 rpp 9 19 -9 -4 -11 9 $Pb xmin xmax ymin ymax zmin zmax
34 rpp 19 29 7.5 12.5 -11 9 $Pb xmin xmax ymin ymax zmin zmax
35 rpp 19 29 -12.5 -7.5 -11 9 $Pb xmin xmax ymin ymax zmin zmax
36 rpp 29 34 -15 15 -11 9 $Pb xmin xmax ymin ymax zmin zmax
37 rpp 9 19 -4 4 4 9 $Pb xmin xmax ymin ymax zmin zmax
38 rpp -26 26 18 28 -11 9 $BA1 xmin xmax ymin ymax zmin zmax
39 rpp -26 26 -28 -18 -11 9 $BA2 xmin xmax ymin ymax zmin zmax
40 rpp -65 65 -28 28 10 10.5 $Al xmin xmax ymin ymax zmin zmax
401 rpp -27 27 29 34 -11 9 $Fe xmin xmax ymin ymax zmin zmax
402 rpp -27 27 -34 -29 -11 9 $Fe xmin xmax ymin ymax zmin zmax
301 px -20
302 px 18
303 cx 3.71
304 cx 3.81
c Wheels Surfaces
c 23/10.5-12 turf tires, 22.6 lb rubber
c diameter 29cm, tread width 25cm, and sidewall height 13.76 cm
c set thickness of all sides 1.3 cm (s.t. weight is 22.6 lb)
41 rcc -2 77 8   0.0 25 0.0 29 $wheel 1 outer tread surface
42 rcc -2 77 8   0.0 25 0.0 27.7 $wheel 1 inner tread surface
421 rcc -2 75.7 8   0.0 1.3 0.0 29 $wheel 1 outside sidewall exterior
422 rcc -2 75.7 8   0.0 1.3 0.0 15.24 $wheel 1 outside sidewall interior
423 rcc -2 102 8   0.0 1.3 0.0 29 $wheel 1 inside sidewall exterior
424 rcc -2 102 8   0.0 1.3 0.0 15.24 $wheel 1 inside sidewall interior
43 rcc 68 77 8   0.0 25 0.0 29 $wheel 2
44 rcc 68 77 8   0.0 25 0.0 27.7
441 rcc 68 75.7 8   0.0 1.3 0.0 29
442 rcc 68 75.7 8   0.0 1.3 0.0 15.24
443 rcc 68 102 8   0.0 1.3 0.0 29
444 rcc 68 102 8   0.0 1.3 0.0 15.24
45 rcc -2 -77 8   0.0 -25 0.0 29 $wheel 3
46 rcc -2 -77 8   0.0 -25 0.0 27.7
461 rcc -2 -75.7 8   0.0 -1.3 0.0 29
462 rcc -2 -75.7 8   0.0 -1.3 0.0 15.24
463 rcc -2 -102 8   0.0 -1.3 0.0 29
464 rcc -2 -102 8   0.0 -1.3 0.0 15.24
47 rcc 68 -77 8   0.0 -25 0.0 29 $wheel 4
48 rcc 68 -77 8   0.0 -25 0.0 27.7
481 rcc 68 -75.7 8   0.0 -1.3 0.0 29
482 rcc 68 -75.7 8   0.0 -1.3 0.0 15.24
483 rcc 68 -102 8   0.0 -1.3 0.0 29
484 rcc 68 -102 8   0.0 -1.3 0.0 15.24
200 so 800    $sphere of 800cm centered at origin
c

c DATA CARDS
mode n p
c dump every hr
prdmp -60 -60 -1
c 100 keV Neutron Energy Cutoff
Cut:n 1j 0.1
c analog neutron transport
phys:n 1j 14
phys:p
sdef pos=0 0 0 erg=14.0 vec= 0 0 1 dir=d1
si1  -1 .93 1
sp1   0  0.0  1.0
c ********************
c begin material cards
c ********************
c Pure Carbon
c ****************************************
m400000 6000 -0.004492077430975583 7000 -0.004492077430975583 14000 -0.991015845138049 
m400001 6000 -0.003319248119014968 7000 -0.003319248119014968 14000 -0.99336150376197 
m400002 6000 -0.003948457846060322 7000 -0.003948457846060322 14000 -0.9921030843078792 
m400003 6000 -0.005780123388591479 7000 -0.005780123388591479 14000 -0.9884397532228172 
m400004 6000 -0.009831358983052124 7000 -0.009831358983052124 14000 -0.9803372820338958 
m400005 6000 -0.004225253826986094 7000 -0.004225253826986094 14000 -0.9915494923460278 
m400006 6000 -0.003363083069388074 7000 -0.003363083069388074 14000 -0.9932738338612238 
m400007 6000 -0.0039853306915721524 7000 -0.0039853306915721524 14000 -0.9920293386168555 
m400008 6000 -0.006044042783226444 7000 -0.006044042783226444 14000 -0.9879119144335472 
m400009 6000 -0.009170385775495941 7000 -0.009170385775495941 14000 -0.9816592284490078 
m400010 6000 -0.004219610455297077 7000 -0.004219610455297077 14000 -0.9915607790894059 
m400011 6000 -0.0032910683719062158 7000 -0.0032910683719062158 14000 -0.9934178632561873 
m400012 6000 -0.003913847290670235 7000 -0.003913847290670235 14000 -0.9921723054186598 
m400013 6000 -0.006160586927180044 7000 -0.006160586927180044 14000 -0.9876788261456398 
m400014 6000 -0.008896407362384666 7000 -0.008896407362384666 14000 -0.9822071852752309 
m400015 6000 -0.004375725897103102 7000 -0.004375725897103102 14000 -0.9912485482057939 
m400016 6000 -0.003337079653191271 7000 -0.003337079653191271 14000 -0.9933258406936176 
m400017 6000 -0.004067343068958266 7000 -0.004067343068958266 14000 -0.9918653138620833 
m400018 6000 -0.0061386441090550735 7000 -0.0061386441090550735 14000 -0.98772271178189 
m400019 6000 -0.009395941539515954 7000 -0.009395941539515954 14000 -0.9812081169209681 
m400020 6000 -0.0042911635220315115 7000 -0.0042911635220315115 14000 -0.9914176729559369 
m400021 6000 -0.0033835530871464794 7000 -0.0033835530871464794 14000 -0.9932328938257069 
m400022 6000 -0.004034896710676678 7000 -0.004034896710676678 14000 -0.9919302065786462 
m400023 6000 -0.005818043206300702 7000 -0.005818043206300702 14000 -0.9883639135873985 
m400024 6000 -0.00915061444399789 7000 -0.00915061444399789 14000 -0.9816987711120043 
m400025 6000 -0.004230461335362823 7000 -0.004230461335362823 14000 -0.9915390773292744 
m400026 6000 -0.003348519927819332 7000 -0.003348519927819332 14000 -0.9933029601443616 
m400027 6000 -0.003897451560231238 7000 -0.003897451560231238 14000 -0.9922050968795376 
m400028 6000 -0.005851661046386711 7000 -0.005851661046386711 14000 -0.9882966779072266 
m400029 6000 -0.009167593261784204 7000 -0.009167593261784204 14000 -0.9816648134764315 
m400030 6000 -0.004100563030253366 7000 -0.004100563030253366 14000 -0.9917988739394932 
m400031 6000 -0.003302595311920338 7000 -0.003302595311920338 14000 -0.9933948093761596 
m400032 6000 -0.004079672280482487 7000 -0.004079672280482487 14000 -0.9918406554390351 
m400033 6000 -0.005790791087206228 7000 -0.005790791087206228 14000 -0.9884184178255877 
m400034 6000 -0.009105205766734209 7000 -0.009105205766734209 14000 -0.9817895884665316 
m400035 6000 -0.004250283684260188 7000 -0.004250283684260188 14000 -0.9914994326314799 
m400036 6000 -0.0033179176874098206 7000 -0.0033179176874098206 14000 -0.9933641646251801 
m400037 6000 -0.0040474727609255854 7000 -0.0040474727609255854 14000 -0.9919050544781487 
m400038 6000 -0.005903344451163949 7000 -0.005903344451163949 14000 -0.9881933110976722 
m400039 6000 -0.009759600261555429 7000 -0.009759600261555429 14000 -0.9804807994768894 
m400040 6000 -0.004165476700617843 7000 -0.004165476700617843 14000 -0.9916690465987643 
m400041 6000 -0.0032768826163876996 7000 -0.0032768826163876996 14000 -0.9934462347672247 
m400042 6000 -0.004050388462442348 7000 -0.004050388462442348 14000 -0.9918992230751152 
m400043 6000 -0.005585168191897534 7000 -0.005585168191897534 14000 -0.988829663616205 
m400044 6000 -0.009422111615310405 7000 -0.009422111615310405 14000 -0.9811557767693793 
m400045 6000 -0.004284909134637435 7000 -0.004284909134637435 14000 -0.9914301817307251 
m400046 6000 -0.003364553253672861 7000 -0.003364553253672861 14000 -0.9932708934926544 
m400047 6000 -0.003955088138125886 7000 -0.003955088138125886 14000 -0.9920898237237483 
m400048 6000 -0.005758773333659282 7000 -0.005758773333659282 14000 -0.9884824533326814 
m400049 6000 -0.009755781696560384 7000 -0.009755781696560384 14000 -0.9804884366068795 
m400050 6000 -0.004308010863971756 7000 -0.004308010863971756 14000 -0.9913839782720564 
m400051 6000 -0.0034124115483323723 7000 -0.0034124115483323723 14000 -0.9931751769033353 
m400052 6000 -0.004028700206936906 7000 -0.004028700206936906 14000 -0.991942599586126 
m400053 6000 -0.006053555301298086 7000 -0.006053555301298086 14000 -0.9878928893974038 
m400054 6000 -0.009351238063480533 7000 -0.009351238063480533 14000 -0.9812975238730388 
m400055 6000 -0.004443550741019442 7000 -0.004443550741019442 14000 -0.991112898517961 
m400056 6000 -0.0033243441906221196 7000 -0.0033243441906221196 14000 -0.9933513116187558 
m400057 6000 -0.0041587386787931835 7000 -0.0041587386787931835 14000 -0.9916825226424134 
m400058 6000 -0.0061882110770247935 7000 -0.0061882110770247935 14000 -0.9876235778459502 
m400059 6000 -0.0093547598106576 7000 -0.0093547598106576 14000 -0.9812904803786844 
m400060 6000 -0.004064457523417841 7000 -0.004064457523417841 14000 -0.9918710849531641 
m400061 6000 -0.0033795540184563488 7000 -0.0033795540184563488 14000 -0.9932408919630872 
m400062 6000 -0.0038621107320708603 7000 -0.0038621107320708603 14000 -0.9922757785358581 
m400063 6000 -0.005882401702507083 7000 -0.005882401702507083 14000 -0.988235196594986 
m400064 6000 -0.009511514411794809 7000 -0.009511514411794809 14000 -0.9809769711764104 
m400065 6000 -0.003947730147391664 7000 -0.003947730147391664 14000 -0.9921045397052167 
m400066 6000 -0.003370972515427219 7000 -0.003370972515427219 14000 -0.9932580549691454 
m400067 6000 -0.0041867094290243476 7000 -0.0041867094290243476 14000 -0.9916265811419512 
m400068 6000 -0.005845908083640529 7000 -0.005845908083640529 14000 -0.988308183832719 
m400069 6000 -0.009612897340433562 7000 -0.009612897340433562 14000 -0.980774205319133 
m400070 6000 -0.004235892221336053 7000 -0.004235892221336053 14000 -0.991528215557328 
m400071 6000 -0.003363949735749659 7000 -0.003363949735749659 14000 -0.9932721005285008 
m400072 6000 -0.004145563707927189 7000 -0.004145563707927189 14000 -0.9917088725841455 
m400073 6000 -0.0061522206305126845 7000 -0.0061522206305126845 14000 -0.9876955587389746 
m400074 6000 -0.01000520688597129 7000 -0.01000520688597129 14000 -0.9799895862280574 
m400075 6000 -0.004249836389302464 7000 -0.004249836389302464 14000 -0.9915003272213953 
m400076 6000 -0.003360414334479532 7000 -0.003360414334479532 14000 -0.9932791713310407 
m400077 6000 -0.0037961152711518524 7000 -0.0037961152711518524 14000 -0.9924077694576963 
m400078 6000 -0.0057622907667528025 7000 -0.0057622907667528025 14000 -0.9884754184664943 
m400079 6000 -0.009848599207033036 7000 -0.009848599207033036 14000 -0.9803028015859334 
m400080 6000 -0.004244655550063114 7000 -0.004244655550063114 14000 -0.9915106888998738 
m400081 6000 -0.003358178143172526 7000 -0.003358178143172526 14000 -0.9932836437136551 
m400082 6000 -0.003929176669894678 7000 -0.003929176669894678 14000 -0.9921416466602104 
m400083 6000 -0.006271591697715873 7000 -0.006271591697715873 14000 -0.9874568166045681 
m400084 6000 -0.009268159237681073 7000 -0.009268159237681073 14000 -0.9814636815246377 
m400085 6000 -0.004360941456134873 7000 -0.004360941456134873 14000 -0.9912781170877303 
m400086 6000 -0.0033445509926292253 7000 -0.0033445509926292253 14000 -0.9933108980147418 
m400087 6000 -0.0040767132132545165 7000 -0.0040767132132545165 14000 -0.9918465735734909 
m400088 6000 -0.0061104327586112474 7000 -0.0061104327586112474 14000 -0.9877791344827774 
m400089 6000 -0.009320637393868101 7000 -0.009320637393868101 14000 -0.9813587252122634 
m400090 6000 -0.0041924083048031 7000 -0.0041924083048031 14000 -0.991615183390394 
m400091 6000 -0.0033682285437674525 7000 -0.0033682285437674525 14000 -0.993263542912465 
m400092 6000 -0.003960719732223108 7000 -0.003960719732223108 14000 -0.9920785605355538 
m400093 6000 -0.005991618000372646 7000 -0.005991618000372646 14000 -0.9880167639992549 
m400094 6000 -0.009556964187683115 7000 -0.009556964187683115 14000 -0.9808860716246339 
m400095 6000 -0.0041511377910180445 7000 -0.0041511377910180445 14000 -0.991697724417964 
m400096 6000 -0.003404142570983465 7000 -0.003404142570983465 14000 -0.9931917148580331 
m400097 6000 -0.003977966605404159 7000 -0.003977966605404159 14000 -0.9920440667891915 
m400098 6000 -0.005845147754226007 7000 -0.005845147754226007 14000 -0.9883097044915481 
m400099 6000 -0.009119563935084993 7000 -0.009119563935084993 14000 -0.9817608721298299 
m400100 6000 -0.0043384460900743 7000 -0.0043384460900743 14000 -0.9913231078198514 
m400101 6000 -0.003357815935309142 7000 -0.003357815935309142 14000 -0.9932843681293814 
m400102 6000 -0.003979607581692726 7000 -0.003979607581692726 14000 -0.992040784836615 
m400103 6000 -0.005660176108801228 7000 -0.005660176108801228 14000 -0.9886796477823975 
m400104 6000 -0.009221429170248626 7000 -0.009221429170248626 14000 -0.9815571416595028 
m400105 6000 -0.004056451097002038 7000 -0.004056451097002038 14000 -0.9918870978059957 
m400106 6000 -0.003320255115382941 7000 -0.003320255115382941 14000 -0.9933594897692339 
m400107 6000 -0.003784844016833835 7000 -0.003784844016833835 14000 -0.9924303119663322 
m400108 6000 -0.005704605955649792 7000 -0.005704605955649792 14000 -0.9885907880887005 
m400109 6000 -0.009987032556951476 7000 -0.009987032556951476 14000 -0.9800259348860966 
m400110 6000 -0.0040736019132537465 7000 -0.0040736019132537465 14000 -0.9918527961734926 
m400111 6000 -0.003386539830437375 7000 -0.003386539830437375 14000 -0.9932269203391253 
m400112 6000 -0.0038366121953362807 7000 -0.0038366121953362807 14000 -0.9923267756093275 
m400113 6000 -0.005651017318896485 7000 -0.005651017318896485 14000 -0.9886979653622072 
m400114 6000 -0.009135264768292501 7000 -0.009135264768292501 14000 -0.9817294704634147 
m400115 6000 -0.004002073480972821 7000 -0.004002073480972821 14000 -0.9919958530380542 
m400116 6000 -0.0034177897875997416 7000 -0.0034177897875997416 14000 -0.9931644204248004 
m400117 6000 -0.003920052448360756 7000 -0.003920052448360756 14000 -0.9921598951032786 
m400118 6000 -0.005652437812574336 7000 -0.005652437812574336 14000 -0.9886951243748512 
m400119 6000 -0.009742122934978068 7000 -0.009742122934978068 14000 -0.9805157541300438 
m400120 6000 -0.004075703328409143 7000 -0.004075703328409143 14000 -0.9918485933431817 
m400121 6000 -0.003362265558884017 7000 -0.003362265558884017 14000 -0.9932754688822323 
m400122 6000 -0.0039600778253280075 7000 -0.0039600778253280075 14000 -0.9920798443493442 
m400123 6000 -0.006452045633313772 7000 -0.006452045633313772 14000 -0.9870959087333724 
m400124 6000 -0.009347638900623427 7000 -0.009347638900623427 14000 -0.9813047221987533 
c **********************************
c PE+Pb, dens=4.78 g/cm3
m2      6000    -0.04286 $Carbon
        1001    -0.00714 $Hydrogen
        82000   -0.95000 $Lead
c **********************************
m3    1001 -0.048535 $Boric acid
      5010 -0.034981
      5011 -0.139923
      8016 -0.776561
c **********************************
m4    82000 1 $Lead
c **********************************
m5 26000 1 $Iron
c **********************************
m6     13027   -1.000 $ Aluminum
c **********************************
c  SS-304 (8.00 g/cm3), #298 in PNNL Compendium
m7   006000.50c -0.0004000
     014000.60c -0.0050000
     015031.50c -0.0002300
     016000.60c -0.0001500
     024000.50c -0.1899981
     025055.60c -0.0099999
     026000.50c -0.7017229
     028000.50c -0.0924991
c ****************************************
c       LaBr detector
c ****************************************
m8       35079    -0.2946       $ Br79
         35081    -0.3069       $ Br81
         57139    -0.3485       $ La139
         58140    -0.0500       $ Ce140
c ************ air den=1.15e-3g/cc
m12     8016 -0.23
        7014 -0.77
c ************ Rubber Natural den=0.92 g/cc
m13     1001 -0.118371  $weight fraction
        6000 -0.881629
c
c end material cards
c
rand seed=8674536546524321 $different initial random #; seed# - any less 18 digits
c
c ********** begin tallies *********************
fc78 *********Broadened Pulse Height Tally Sum of Detectors 1,2 & 3 ***********
e78 0 1e-5 932i 8.4295
F78:p (101)
FT78 GEB -0.026198 0.059551 -0.037176
fc18 *********Unbroadened Pulse Height Tally Sum of Detectors 1,2 & 3 ***********
e18 0 1e-5 932i 8.4295
F18:p (101)
c ***********************************
c mplot tal 78 freq 10000
nps 1e9
