c CAS DETECTOR
c w/ Shielding in Place and Wheels
c
c CELL CARDS
c
c @@@@@@@@@@ Detectors @@@@@@@@@@@@@@@@@
c
101 8 -5.08 -21 imp:n,p 1 $LaBr Detector #1 Active Region
c
c @@@@@@@@@ Shielding @@@@@@@@@@@@@@@@@
c
121 2 -4.78 -31 imp:n,p 1 $PE_Pb
122 4 -11.29 -32 imp:n,p 1 $Pb1
123 4 -11.29 -33 imp:n,p 1 $Pb2
124 4 -11.29 -34 imp:n,p 1 $Pb3
125 4 -11.29 -35 imp:n,p 1 $Pb4
126 4 -11.29 -36 imp:n,p 1 $Pb5
127 4 -11.29 -37 imp:n,p 1 $Pb6
128 3 -1.5 -38 imp:n,p 1 $BA1
129 3 -1.5 -39 imp:n,p 1 $BA2
130 6 -2.7 -40 imp:n,p 1 $Al
131 7 -7.92 301 -302 303 -304 imp:n,p 1 $Fe-tube
132 5 -7.8 -401 imp:n,p 1 $Fe
133 5 -7.8 -402 imp:n,p 1 $Fe
c @@@@@@@@@@ Wheels @@@@@@@@@@@@@@@@@
c
21 13 -0.92 -41 42 imp:n,p 1 $Wheel 1
211 13 -0.92 -421 422 imp:n,p 1 $Wheel 1
212 13 -0.92 -423 424 imp:n,p 1 $Wheel 1
22 13 -0.92 -43 44 imp:n,p 1 $Wheel 2
221 13 -0.92 -441 442 imp:n,p 1 $Wheel 2
222 13 -0.92 -443 444 imp:n,p 1 $Wheel 2
23 13 -0.92 -45 46 imp:n,p 1 $Wheel 3
231 13 -0.92 -461 462 imp:n,p 1 $Wheel 3
232 13 -0.92 -463 464 imp:n,p 1 $Wheel 3
24 13 -0.92 -47 48 imp:n,p 1 $Wheel 4
241 13 -0.92 -481 482 imp:n,p 1 $Wheel 4
242 13 -0.92 -483 484 imp:n,p 1 $Wheel 4
c
c @@@@@@@@@@ SOIL VOLUME @@@@@@@@@@@
c
300000 400000 -2.156 20010 -20011 20020 -20021 20030 -20031 imp:n,p 1
300001 400001 -2.156 20010 -20011 20020 -20021 20031 -20032 imp:n,p 1
300002 400002 -2.156 20010 -20011 20020 -20021 20032 -20033 imp:n,p 1
300003 400003 -2.156 20010 -20011 20020 -20021 20033 -20034 imp:n,p 1
300004 400004 -2.156 20010 -20011 20020 -20021 20034 -20035 imp:n,p 1
300005 400005 -2.156 20011 -20012 20020 -20021 20030 -20031 imp:n,p 1
300006 400006 -2.156 20011 -20012 20020 -20021 20031 -20032 imp:n,p 1
300007 400007 -2.156 20011 -20012 20020 -20021 20032 -20033 imp:n,p 1
300008 400008 -2.156 20011 -20012 20020 -20021 20033 -20034 imp:n,p 1
300009 400009 -2.156 20011 -20012 20020 -20021 20034 -20035 imp:n,p 1
300010 400010 -2.156 20012 -20013 20020 -20021 20030 -20031 imp:n,p 1
300011 400011 -2.156 20012 -20013 20020 -20021 20031 -20032 imp:n,p 1
300012 400012 -2.156 20012 -20013 20020 -20021 20032 -20033 imp:n,p 1
300013 400013 -2.156 20012 -20013 20020 -20021 20033 -20034 imp:n,p 1
300014 400014 -2.156 20012 -20013 20020 -20021 20034 -20035 imp:n,p 1
300015 400015 -2.156 20013 -20014 20020 -20021 20030 -20031 imp:n,p 1
300016 400016 -2.156 20013 -20014 20020 -20021 20031 -20032 imp:n,p 1
300017 400017 -2.156 20013 -20014 20020 -20021 20032 -20033 imp:n,p 1
300018 400018 -2.156 20013 -20014 20020 -20021 20033 -20034 imp:n,p 1
300019 400019 -2.156 20013 -20014 20020 -20021 20034 -20035 imp:n,p 1
300020 400020 -2.156 20014 -20015 20020 -20021 20030 -20031 imp:n,p 1
300021 400021 -2.156 20014 -20015 20020 -20021 20031 -20032 imp:n,p 1
300022 400022 -2.156 20014 -20015 20020 -20021 20032 -20033 imp:n,p 1
300023 400023 -2.156 20014 -20015 20020 -20021 20033 -20034 imp:n,p 1
300024 400024 -2.156 20014 -20015 20020 -20021 20034 -20035 imp:n,p 1
300025 400025 -2.156 20010 -20011 20021 -20022 20030 -20031 imp:n,p 1
300026 400026 -2.156 20010 -20011 20021 -20022 20031 -20032 imp:n,p 1
300027 400027 -2.156 20010 -20011 20021 -20022 20032 -20033 imp:n,p 1
300028 400028 -2.156 20010 -20011 20021 -20022 20033 -20034 imp:n,p 1
300029 400029 -2.156 20010 -20011 20021 -20022 20034 -20035 imp:n,p 1
300030 400030 -2.156 20011 -20012 20021 -20022 20030 -20031 imp:n,p 1
300031 400031 -2.156 20011 -20012 20021 -20022 20031 -20032 imp:n,p 1
300032 400032 -2.156 20011 -20012 20021 -20022 20032 -20033 imp:n,p 1
300033 400033 -2.156 20011 -20012 20021 -20022 20033 -20034 imp:n,p 1
300034 400034 -2.156 20011 -20012 20021 -20022 20034 -20035 imp:n,p 1
300035 400035 -2.156 20012 -20013 20021 -20022 20030 -20031 imp:n,p 1
300036 400036 -2.156 20012 -20013 20021 -20022 20031 -20032 imp:n,p 1
300037 400037 -2.156 20012 -20013 20021 -20022 20032 -20033 imp:n,p 1
300038 400038 -2.156 20012 -20013 20021 -20022 20033 -20034 imp:n,p 1
300039 400039 -2.156 20012 -20013 20021 -20022 20034 -20035 imp:n,p 1
300040 400040 -2.156 20013 -20014 20021 -20022 20030 -20031 imp:n,p 1
300041 400041 -2.156 20013 -20014 20021 -20022 20031 -20032 imp:n,p 1
300042 400042 -2.156 20013 -20014 20021 -20022 20032 -20033 imp:n,p 1
300043 400043 -2.156 20013 -20014 20021 -20022 20033 -20034 imp:n,p 1
300044 400044 -2.156 20013 -20014 20021 -20022 20034 -20035 imp:n,p 1
300045 400045 -2.156 20014 -20015 20021 -20022 20030 -20031 imp:n,p 1
300046 400046 -2.156 20014 -20015 20021 -20022 20031 -20032 imp:n,p 1
300047 400047 -2.156 20014 -20015 20021 -20022 20032 -20033 imp:n,p 1
300048 400048 -2.156 20014 -20015 20021 -20022 20033 -20034 imp:n,p 1
300049 400049 -2.156 20014 -20015 20021 -20022 20034 -20035 imp:n,p 1
300050 400050 -2.156 20010 -20011 20022 -20023 20030 -20031 imp:n,p 1
300051 400051 -2.156 20010 -20011 20022 -20023 20031 -20032 imp:n,p 1
300052 400052 -2.156 20010 -20011 20022 -20023 20032 -20033 imp:n,p 1
300053 400053 -2.156 20010 -20011 20022 -20023 20033 -20034 imp:n,p 1
300054 400054 -2.156 20010 -20011 20022 -20023 20034 -20035 imp:n,p 1
300055 400055 -2.156 20011 -20012 20022 -20023 20030 -20031 imp:n,p 1
300056 400056 -2.156 20011 -20012 20022 -20023 20031 -20032 imp:n,p 1
300057 400057 -2.156 20011 -20012 20022 -20023 20032 -20033 imp:n,p 1
300058 400058 -2.156 20011 -20012 20022 -20023 20033 -20034 imp:n,p 1
300059 400059 -2.156 20011 -20012 20022 -20023 20034 -20035 imp:n,p 1
300060 400060 -2.156 20012 -20013 20022 -20023 20030 -20031 imp:n,p 1
300061 400061 -2.156 20012 -20013 20022 -20023 20031 -20032 imp:n,p 1
300062 400062 -2.156 20012 -20013 20022 -20023 20032 -20033 imp:n,p 1
300063 400063 -2.156 20012 -20013 20022 -20023 20033 -20034 imp:n,p 1
300064 400064 -2.156 20012 -20013 20022 -20023 20034 -20035 imp:n,p 1
300065 400065 -2.156 20013 -20014 20022 -20023 20030 -20031 imp:n,p 1
300066 400066 -2.156 20013 -20014 20022 -20023 20031 -20032 imp:n,p 1
300067 400067 -2.156 20013 -20014 20022 -20023 20032 -20033 imp:n,p 1
300068 400068 -2.156 20013 -20014 20022 -20023 20033 -20034 imp:n,p 1
300069 400069 -2.156 20013 -20014 20022 -20023 20034 -20035 imp:n,p 1
300070 400070 -2.156 20014 -20015 20022 -20023 20030 -20031 imp:n,p 1
300071 400071 -2.156 20014 -20015 20022 -20023 20031 -20032 imp:n,p 1
300072 400072 -2.156 20014 -20015 20022 -20023 20032 -20033 imp:n,p 1
300073 400073 -2.156 20014 -20015 20022 -20023 20033 -20034 imp:n,p 1
300074 400074 -2.156 20014 -20015 20022 -20023 20034 -20035 imp:n,p 1
300075 400075 -2.156 20010 -20011 20023 -20024 20030 -20031 imp:n,p 1
300076 400076 -2.156 20010 -20011 20023 -20024 20031 -20032 imp:n,p 1
300077 400077 -2.156 20010 -20011 20023 -20024 20032 -20033 imp:n,p 1
300078 400078 -2.156 20010 -20011 20023 -20024 20033 -20034 imp:n,p 1
300079 400079 -2.156 20010 -20011 20023 -20024 20034 -20035 imp:n,p 1
300080 400080 -2.156 20011 -20012 20023 -20024 20030 -20031 imp:n,p 1
300081 400081 -2.156 20011 -20012 20023 -20024 20031 -20032 imp:n,p 1
300082 400082 -2.156 20011 -20012 20023 -20024 20032 -20033 imp:n,p 1
300083 400083 -2.156 20011 -20012 20023 -20024 20033 -20034 imp:n,p 1
300084 400084 -2.156 20011 -20012 20023 -20024 20034 -20035 imp:n,p 1
300085 400085 -2.156 20012 -20013 20023 -20024 20030 -20031 imp:n,p 1
300086 400086 -2.156 20012 -20013 20023 -20024 20031 -20032 imp:n,p 1
300087 400087 -2.156 20012 -20013 20023 -20024 20032 -20033 imp:n,p 1
300088 400088 -2.156 20012 -20013 20023 -20024 20033 -20034 imp:n,p 1
300089 400089 -2.156 20012 -20013 20023 -20024 20034 -20035 imp:n,p 1
300090 400090 -2.156 20013 -20014 20023 -20024 20030 -20031 imp:n,p 1
300091 400091 -2.156 20013 -20014 20023 -20024 20031 -20032 imp:n,p 1
300092 400092 -2.156 20013 -20014 20023 -20024 20032 -20033 imp:n,p 1
300093 400093 -2.156 20013 -20014 20023 -20024 20033 -20034 imp:n,p 1
300094 400094 -2.156 20013 -20014 20023 -20024 20034 -20035 imp:n,p 1
300095 400095 -2.156 20014 -20015 20023 -20024 20030 -20031 imp:n,p 1
300096 400096 -2.156 20014 -20015 20023 -20024 20031 -20032 imp:n,p 1
300097 400097 -2.156 20014 -20015 20023 -20024 20032 -20033 imp:n,p 1
300098 400098 -2.156 20014 -20015 20023 -20024 20033 -20034 imp:n,p 1
300099 400099 -2.156 20014 -20015 20023 -20024 20034 -20035 imp:n,p 1
300100 400100 -2.156 20010 -20011 20024 -20025 20030 -20031 imp:n,p 1
300101 400101 -2.156 20010 -20011 20024 -20025 20031 -20032 imp:n,p 1
300102 400102 -2.156 20010 -20011 20024 -20025 20032 -20033 imp:n,p 1
300103 400103 -2.156 20010 -20011 20024 -20025 20033 -20034 imp:n,p 1
300104 400104 -2.156 20010 -20011 20024 -20025 20034 -20035 imp:n,p 1
300105 400105 -2.156 20011 -20012 20024 -20025 20030 -20031 imp:n,p 1
300106 400106 -2.156 20011 -20012 20024 -20025 20031 -20032 imp:n,p 1
300107 400107 -2.156 20011 -20012 20024 -20025 20032 -20033 imp:n,p 1
300108 400108 -2.156 20011 -20012 20024 -20025 20033 -20034 imp:n,p 1
300109 400109 -2.156 20011 -20012 20024 -20025 20034 -20035 imp:n,p 1
300110 400110 -2.156 20012 -20013 20024 -20025 20030 -20031 imp:n,p 1
300111 400111 -2.156 20012 -20013 20024 -20025 20031 -20032 imp:n,p 1
300112 400112 -2.156 20012 -20013 20024 -20025 20032 -20033 imp:n,p 1
300113 400113 -2.156 20012 -20013 20024 -20025 20033 -20034 imp:n,p 1
300114 400114 -2.156 20012 -20013 20024 -20025 20034 -20035 imp:n,p 1
300115 400115 -2.156 20013 -20014 20024 -20025 20030 -20031 imp:n,p 1
300116 400116 -2.156 20013 -20014 20024 -20025 20031 -20032 imp:n,p 1
300117 400117 -2.156 20013 -20014 20024 -20025 20032 -20033 imp:n,p 1
300118 400118 -2.156 20013 -20014 20024 -20025 20033 -20034 imp:n,p 1
300119 400119 -2.156 20013 -20014 20024 -20025 20034 -20035 imp:n,p 1
300120 400120 -2.156 20014 -20015 20024 -20025 20030 -20031 imp:n,p 1
300121 400121 -2.156 20014 -20015 20024 -20025 20031 -20032 imp:n,p 1
300122 400122 -2.156 20014 -20015 20024 -20025 20032 -20033 imp:n,p 1
300123 400123 -2.156 20014 -20015 20024 -20025 20033 -20034 imp:n,p 1
300124 400124 -2.156 20014 -20015 20024 -20025 20034 -20035 imp:n,p 1
c
30 12 -0.00129 -200 #101 #121 #122 #123 #124 #125 #126 #127 #128 #129 #130 #131 #132 #133
        #21 #211 #212 #22 #221 #222 #23 #231 #232 #24 #241 #242 #20 imp:n,p 1 $Rest of the World
31 0 200 imp:n,p 0 $Outside world

c SURFACE CARDS
c
c Sample Volume
20010 px -56.0
20011 px -33.59999999999991
20012 px -11.200000000000045
20013 px 11.200000000000045
20014 px 33.59999999999991
20015 px 56.0
20020 py -45.0
20021 py -27.0
20022 py -9.0
20023 py 9.0
20024 py 27.0
20025 py 45.0
20030 pz 92.0
20031 pz 82.0
20032 pz 72.0
20033 pz 62.0
20034 pz 52.0
20035 pz 42.0
c Active Detector Region
21 rcc 56  -5.0 -1.0   0.0 20.3 0.0   4.5 $Detector 1 Base center, Hx,Hy,Hz, radius
c Shielding Surfaces
c Shielding Pb
31 rpp 19 29 -7.5 7.5 -11 9 $PbPE xmin xmax ymin ymax zmin zmax
32 rpp 9 19 4 9 -11 9 $Pb xmin xmax ymin ymax zmin zmax
33 rpp 9 19 -9 -4 -11 9 $Pb xmin xmax ymin ymax zmin zmax
34 rpp 19 29 7.5 12.5 -11 9 $Pb xmin xmax ymin ymax zmin zmax
35 rpp 19 29 -12.5 -7.5 -11 9 $Pb xmin xmax ymin ymax zmin zmax
36 rpp 29 34 -15 15 -11 9 $Pb xmin xmax ymin ymax zmin zmax
37 rpp 9 19 -4 4 4 9 $Pb xmin xmax ymin ymax zmin zmax
38 rpp -26 26 18 28 -11 9 $BA1 xmin xmax ymin ymax zmin zmax
39 rpp -26 26 -28 -18 -11 9 $BA2 xmin xmax ymin ymax zmin zmax
40 rpp -65 65 -28 28 10 10.5 $Al xmin xmax ymin ymax zmin zmax
401 rpp -27 27 29 34 -11 9 $Fe xmin xmax ymin ymax zmin zmax
402 rpp -27 27 -34 -29 -11 9 $Fe xmin xmax ymin ymax zmin zmax
301 px -20
302 px 18
303 cx 3.71
304 cx 3.81
c Wheels Surfaces
c 23/10.5-12 turf tires, 22.6 lb rubber
c diameter 29cm, tread width 25cm, and sidewall height 13.76 cm
c set thickness of all sides 1.3 cm (s.t. weight is 22.6 lb)
41 rcc -2 77 8   0.0 25 0.0 29 $wheel 1 outer tread surface
42 rcc -2 77 8   0.0 25 0.0 27.7 $wheel 1 inner tread surface
421 rcc -2 75.7 8   0.0 1.3 0.0 29 $wheel 1 outside sidewall exterior
422 rcc -2 75.7 8   0.0 1.3 0.0 15.24 $wheel 1 outside sidewall interior
423 rcc -2 102 8   0.0 1.3 0.0 29 $wheel 1 inside sidewall exterior
424 rcc -2 102 8   0.0 1.3 0.0 15.24 $wheel 1 inside sidewall interior
43 rcc 68 77 8   0.0 25 0.0 29 $wheel 2
44 rcc 68 77 8   0.0 25 0.0 27.7
441 rcc 68 75.7 8   0.0 1.3 0.0 29
442 rcc 68 75.7 8   0.0 1.3 0.0 15.24
443 rcc 68 102 8   0.0 1.3 0.0 29
444 rcc 68 102 8   0.0 1.3 0.0 15.24
45 rcc -2 -77 8   0.0 -25 0.0 29 $wheel 3
46 rcc -2 -77 8   0.0 -25 0.0 27.7
461 rcc -2 -75.7 8   0.0 -1.3 0.0 29
462 rcc -2 -75.7 8   0.0 -1.3 0.0 15.24
463 rcc -2 -102 8   0.0 -1.3 0.0 29
464 rcc -2 -102 8   0.0 -1.3 0.0 15.24
47 rcc 68 -77 8   0.0 -25 0.0 29 $wheel 4
48 rcc 68 -77 8   0.0 -25 0.0 27.7
481 rcc 68 -75.7 8   0.0 -1.3 0.0 29
482 rcc 68 -75.7 8   0.0 -1.3 0.0 15.24
483 rcc 68 -102 8   0.0 -1.3 0.0 29
484 rcc 68 -102 8   0.0 -1.3 0.0 15.24
200 so 800    $sphere of 800cm centered at origin
c

c DATA CARDS
mode n p
c dump every hr
prdmp -60 -60 -1
c 100 keV Neutron Energy Cutoff
Cut:n 1j 0.1
c analog neutron transport
phys:n 1j 14
phys:p
sdef pos=0 0 0 erg=14.0 vec= 0 0 1 dir=d1
si1  -1 .93 1
sp1   0  0.0  1.0
c ********************
c begin material cards
c ********************
c Pure Carbon
c ****************************************
m400000 6000 -0.004353033058807924 7000 -0.004353033058807924 14000 -0.9912939338823838 
m400001 6000 -0.00344404294307129 7000 -0.00344404294307129 14000 -0.9931119141138575 
m400002 6000 -0.003959350964640452 7000 -0.003959350964640452 14000 -0.9920812980707193 
m400003 6000 -0.006066297525733462 7000 -0.006066297525733462 14000 -0.9878674049485331 
m400004 6000 -0.009323967281770344 7000 -0.009323967281770344 14000 -0.9813520654364594 
m400005 6000 -0.004202025793684582 7000 -0.004202025793684582 14000 -0.9915959484126308 
m400006 6000 -0.003420031670102204 7000 -0.003420031670102204 14000 -0.9931599366597955 
m400007 6000 -0.004048150877598705 7000 -0.004048150877598705 14000 -0.9919036982448028 
m400008 6000 -0.0060773039851689135 7000 -0.0060773039851689135 14000 -0.987845392029662 
m400009 6000 -0.009334582551240781 7000 -0.009334582551240781 14000 -0.9813308348975184 
m400010 6000 -0.004255238307142281 7000 -0.004255238307142281 14000 -0.9914895233857156 
m400011 6000 -0.0033717374153560886 7000 -0.0033717374153560886 14000 -0.9932565251692875 
m400012 6000 -0.004025404862998527 7000 -0.004025404862998527 14000 -0.9919491902740029 
m400013 6000 -0.005718411539606239 7000 -0.005718411539606239 14000 -0.9885631769207873 
m400014 6000 -0.009233544127293904 7000 -0.009233544127293904 14000 -0.9815329117454122 
m400015 6000 -0.004410548505142197 7000 -0.004410548505142197 14000 -0.9911789029897156 
m400016 6000 -0.00338626207148372 7000 -0.00338626207148372 14000 -0.9932274758570323 
m400017 6000 -0.003884930569965192 7000 -0.003884930569965192 14000 -0.9922301388600693 
m400018 6000 -0.005982277124029013 7000 -0.005982277124029013 14000 -0.9880354457519421 
m400019 6000 -0.009385228710047981 7000 -0.009385228710047981 14000 -0.9812295425799039 
m400020 6000 -0.004396480121400895 7000 -0.004396480121400895 14000 -0.9912070397571984 
m400021 6000 -0.0033849276821932258 7000 -0.0033849276821932258 14000 -0.9932301446356138 
m400022 6000 -0.0040023673786231725 7000 -0.0040023673786231725 14000 -0.9919952652427534 
m400023 6000 -0.005930619886500368 7000 -0.005930619886500368 14000 -0.9881387602269998 
m400024 6000 -0.009268395737271671 7000 -0.009268395737271671 14000 -0.9814632085254567 
m400025 6000 -0.004299474237064542 7000 -0.004299474237064542 14000 -0.9914010515258711 
m400026 6000 -0.0033763580011373345 7000 -0.0033763580011373345 14000 -0.9932472839977252 
m400027 6000 -0.003992279511669419 7000 -0.003992279511669419 14000 -0.9920154409766612 
m400028 6000 -0.005905815942743367 7000 -0.005905815942743367 14000 -0.9881883681145135 
m400029 6000 -0.009567470620320852 7000 -0.009567470620320852 14000 -0.9808650587593584 
m400030 6000 -0.004077647295930618 7000 -0.004077647295930618 14000 -0.9918447054081386 
m400031 6000 -0.0033830628991964344 7000 -0.0033830628991964344 14000 -0.9932338742016072 
m400032 6000 -0.004048687911373604 7000 -0.004048687911373604 14000 -0.991902624177253 
m400033 6000 -0.006039800082386772 7000 -0.006039800082386772 14000 -0.9879203998352267 
m400034 6000 -0.008606939353399207 7000 -0.008606939353399207 14000 -0.9827861212932018 
m400035 6000 -0.004355928589128427 7000 -0.004355928589128427 14000 -0.9912881428217432 
m400036 6000 -0.0034872097600513506 7000 -0.0034872097600513506 14000 -0.9930255804798975 
m400037 6000 -0.00393853534125915 7000 -0.00393853534125915 14000 -0.9921229293174819 
m400038 6000 -0.00586958266574287 7000 -0.00586958266574287 14000 -0.9882608346685141 
m400039 6000 -0.009207175259240249 7000 -0.009207175259240249 14000 -0.9815856494815195 
m400040 6000 -0.004463425793659504 7000 -0.004463425793659504 14000 -0.9910731484126812 
m400041 6000 -0.003405781248668616 7000 -0.003405781248668616 14000 -0.9931884375026628 
m400042 6000 -0.004008439242073379 7000 -0.004008439242073379 14000 -0.9919831215158534 
m400043 6000 -0.006213843700258443 7000 -0.006213843700258443 14000 -0.9875723125994834 
m400044 6000 -0.009200300279385515 7000 -0.009200300279385515 14000 -0.9815993994412291 
m400045 6000 -0.00430404919937084 7000 -0.00430404919937084 14000 -0.9913919016012585 
m400046 6000 -0.0034044081475586357 7000 -0.0034044081475586357 14000 -0.9931911837048828 
m400047 6000 -0.003974060113516701 7000 -0.003974060113516701 14000 -0.9920518797729669 
m400048 6000 -0.005751390678213187 7000 -0.005751390678213187 14000 -0.9884972186435736 
m400049 6000 -0.009731218998096371 7000 -0.009731218998096371 14000 -0.980537562003807 
m400050 6000 -0.004238935177765267 7000 -0.004238935177765267 14000 -0.9915221296444695 
m400051 6000 -0.0034631366786826824 7000 -0.0034631366786826824 14000 -0.9930737266426348 
m400052 6000 -0.004019202982878469 7000 -0.004019202982878469 14000 -0.9919615940342436 
m400053 6000 -0.006019459270224213 7000 -0.006019459270224213 14000 -0.9879610814595519 
m400054 6000 -0.00970063736806012 7000 -0.00970063736806012 14000 -0.9805987252638799 
m400055 6000 -0.004160988228783557 7000 -0.004160988228783557 14000 -0.9916780235424332 
m400056 6000 -0.0034233830617375364 7000 -0.0034233830617375364 14000 -0.993153233876525 
m400057 6000 -0.004077497318694457 7000 -0.004077497318694457 14000 -0.991845005362611 
m400058 6000 -0.006525694251740599 7000 -0.006525694251740599 14000 -0.9869486114965191 
m400059 6000 -0.00987116475739231 7000 -0.00987116475739231 14000 -0.9802576704852154 
m400060 6000 -0.004244222143844917 7000 -0.004244222143844917 14000 -0.9915115557123102 
m400061 6000 -0.0034113693637514483 7000 -0.0034113693637514483 14000 -0.9931772612724968 
m400062 6000 -0.003778733981540193 7000 -0.003778733981540193 14000 -0.9924425320369197 
m400063 6000 -0.00600278851806865 7000 -0.00600278851806865 14000 -0.9879944229638628 
m400064 6000 -0.010119729126925199 7000 -0.010119729126925199 14000 -0.9797605417461495 
m400065 6000 -0.004066245471053744 7000 -0.004066245471053744 14000 -0.9918675090578923 
m400066 6000 -0.003436264664128823 7000 -0.003436264664128823 14000 -0.9931274706717425 
m400067 6000 -0.003947143253572178 7000 -0.003947143253572178 14000 -0.9921057134928555 
m400068 6000 -0.006344349211403823 7000 -0.006344349211403823 14000 -0.9873113015771928 
m400069 6000 -0.009512234636409543 7000 -0.009512234636409543 14000 -0.9809755307271811 
m400070 6000 -0.004178852437822797 7000 -0.004178852437822797 14000 -0.9916422951243546 
m400071 6000 -0.003410689118552155 7000 -0.003410689118552155 14000 -0.9931786217628954 
m400072 6000 -0.003927038933991903 7000 -0.003927038933991903 14000 -0.9921459221320161 
m400073 6000 -0.005675550096874144 7000 -0.005675550096874144 14000 -0.9886488998062518 
m400074 6000 -0.009455010405220836 7000 -0.009455010405220836 14000 -0.9810899791895583 
m400075 6000 -0.0043235841425454365 7000 -0.0043235841425454365 14000 -0.9913528317149091 
m400076 6000 -0.003483495421161412 7000 -0.003483495421161412 14000 -0.9930330091576769 
m400077 6000 -0.003926525631319993 7000 -0.003926525631319993 14000 -0.99214694873736 
m400078 6000 -0.006094123164152536 7000 -0.006094123164152536 14000 -0.9878117536716948 
m400079 6000 -0.010121999803447485 7000 -0.010121999803447485 14000 -0.979756000393105 
m400080 6000 -0.004331027143244636 7000 -0.004331027143244636 14000 -0.9913379457135106 
m400081 6000 -0.0034439716367569467 7000 -0.0034439716367569467 14000 -0.9931120567264857 
m400082 6000 -0.003844634299978404 7000 -0.003844634299978404 14000 -0.9923107314000436 
m400083 6000 -0.005917988164887386 7000 -0.005917988164887386 14000 -0.9881640236702254 
m400084 6000 -0.009232408590713751 7000 -0.009232408590713751 14000 -0.9815351828185725 
m400085 6000 -0.004267068402982121 7000 -0.004267068402982121 14000 -0.991465863194036 
m400086 6000 -0.003370790309447308 7000 -0.003370790309447308 14000 -0.9932584193811052 
m400087 6000 -0.00399987776027322 7000 -0.00399987776027322 14000 -0.9920002444794531 
m400088 6000 -0.005618743798907255 7000 -0.005618743798907255 14000 -0.9887625124021856 
m400089 6000 -0.009436208262912608 7000 -0.009436208262912608 14000 -0.9811275834741745 
m400090 6000 -0.004121013894481606 7000 -0.004121013894481606 14000 -0.9917579722110363 
m400091 6000 -0.003369552506414243 7000 -0.003369552506414243 14000 -0.9932608949871714 
m400092 6000 -0.003924590480025592 7000 -0.003924590480025592 14000 -0.9921508190399487 
m400093 6000 -0.00641589759896334 7000 -0.00641589759896334 14000 -0.9871682048020733 
m400094 6000 -0.009411650117019256 7000 -0.009411650117019256 14000 -0.9811766997659613 
m400095 6000 -0.004450712241628859 7000 -0.004450712241628859 14000 -0.9910985755167426 
m400096 6000 -0.0033914703236063693 7000 -0.0033914703236063693 14000 -0.9932170593527873 
m400097 6000 -0.004040849546604348 7000 -0.004040849546604348 14000 -0.9919183009067915 
m400098 6000 -0.006225220143805191 7000 -0.006225220143805191 14000 -0.9875495597123894 
m400099 6000 -0.009971061054674032 7000 -0.009971061054674032 14000 -0.9800578778906519 
m400100 6000 -0.003960990160176984 7000 -0.003960990160176984 14000 -0.9920780196796458 
m400101 6000 -0.0033922145365845413 7000 -0.0033922145365845413 14000 -0.9932155709268311 
m400102 6000 -0.0038770340939748406 7000 -0.0038770340939748406 14000 -0.9922459318120507 
m400103 6000 -0.005660637419834772 7000 -0.005660637419834772 14000 -0.9886787251603303 
m400104 6000 -0.008940992663312676 7000 -0.008940992663312676 14000 -0.9821180146733743 
m400105 6000 -0.004308458753208451 7000 -0.004308458753208451 14000 -0.9913830824935829 
m400106 6000 -0.0033812550351737625 7000 -0.0033812550351737625 14000 -0.9932374899296526 
m400107 6000 -0.003921635194911337 7000 -0.003921635194911337 14000 -0.9921567296101773 
m400108 6000 -0.006009309212763064 7000 -0.006009309212763064 14000 -0.987981381574474 
m400109 6000 -0.008975648520979717 7000 -0.008975648520979717 14000 -0.9820487029580403 
m400110 6000 -0.00457462933633751 7000 -0.00457462933633751 14000 -0.990850741327325 
m400111 6000 -0.003443904089641847 7000 -0.003443904089641847 14000 -0.9931121918207164 
m400112 6000 -0.00416413841350394 7000 -0.00416413841350394 14000 -0.9916717231729919 
m400113 6000 -0.0062868885228484625 7000 -0.0062868885228484625 14000 -0.987426222954303 
m400114 6000 -0.009214278771561555 7000 -0.009214278771561555 14000 -0.9815714424568768 
m400115 6000 -0.004334010353266641 7000 -0.004334010353266641 14000 -0.9913319792934665 
m400116 6000 -0.0033923864312840695 7000 -0.0033923864312840695 14000 -0.9932152271374319 
m400117 6000 -0.004268832350573808 7000 -0.004268832350573808 14000 -0.9914623352988524 
m400118 6000 -0.005998566895600903 7000 -0.005998566895600903 14000 -0.9880028662087981 
m400119 6000 -0.009145500443180353 7000 -0.009145500443180353 14000 -0.9817089991136393 
m400120 6000 -0.0042138979480920305 7000 -0.0042138979480920305 14000 -0.9915722041038157 
m400121 6000 -0.003395915632860984 7000 -0.003395915632860984 14000 -0.9932081687342783 
m400122 6000 -0.0036915398208894356 7000 -0.0036915398208894356 14000 -0.9926169203582212 
m400123 6000 -0.005926598929047692 7000 -0.005926598929047692 14000 -0.9881468021419048 
m400124 6000 -0.009152931010822478 7000 -0.009152931010822478 14000 -0.981694137978355 
c **********************************
c PE+Pb, dens=4.78 g/cm3
m2      6000    -0.04286 $Carbon
        1001    -0.00714 $Hydrogen
        82000   -0.95000 $Lead
c **********************************
m3    1001 -0.048535 $Boric acid
      5010 -0.034981
      5011 -0.139923
      8016 -0.776561
c **********************************
m4    82000 1 $Lead
c **********************************
m5 26000 1 $Iron
c **********************************
m6     13027   -1.000 $ Aluminum
c **********************************
c  SS-304 (8.00 g/cm3), #298 in PNNL Compendium
m7   006000.50c -0.0004000
     014000.60c -0.0050000
     015031.50c -0.0002300
     016000.60c -0.0001500
     024000.50c -0.1899981
     025055.60c -0.0099999
     026000.50c -0.7017229
     028000.50c -0.0924991
c ****************************************
c       LaBr detector
c ****************************************
m8       35079    -0.2946       $ Br79
         35081    -0.3069       $ Br81
         57139    -0.3485       $ La139
         58140    -0.0500       $ Ce140
c ************ air den=1.15e-3g/cc
m12     8016 -0.23
        7014 -0.77
c ************ Rubber Natural den=0.92 g/cc
m13     1001 -0.118371  $weight fraction
        6000 -0.881629
c
c end material cards
c
rand seed=8674536546524321 $different initial random #; seed# - any less 18 digits
c
c ********** begin tallies *********************
fc78 *********Broadened Pulse Height Tally Sum of Detectors 1,2 & 3 ***********
e78 0 1e-5 932i 8.4295
F78:p (101)
FT78 GEB -0.026198 0.059551 -0.037176
fc18 *********Unbroadened Pulse Height Tally Sum of Detectors 1,2 & 3 ***********
e18 0 1e-5 932i 8.4295
F18:p (101)
c ***********************************
c mplot tal 78 freq 10000
nps 1e9
