c CAS DETECTOR
c w/ Shielding in Place and Wheels
c
c CELL CARDS
c
c @@@@@@@@@@ Detectors @@@@@@@@@@@@@@@@@
c
101 8 -5.08 -21 imp:n,p 1 $LaBr Detector #1 Active Region
c
c @@@@@@@@@ Shielding @@@@@@@@@@@@@@@@@
c
121 2 -4.78 -31 imp:n,p 1 $PE_Pb
122 4 -11.29 -32 imp:n,p 1 $Pb1
123 4 -11.29 -33 imp:n,p 1 $Pb2
124 4 -11.29 -34 imp:n,p 1 $Pb3
125 4 -11.29 -35 imp:n,p 1 $Pb4
126 4 -11.29 -36 imp:n,p 1 $Pb5
127 4 -11.29 -37 imp:n,p 1 $Pb6
128 3 -1.5 -38 imp:n,p 1 $BA1
129 3 -1.5 -39 imp:n,p 1 $BA2
130 6 -2.7 -40 imp:n,p 1 $Al
131 7 -7.92 301 -302 303 -304 imp:n,p 1 $Fe-tube
132 5 -7.8 -401 imp:n,p 1 $Fe
133 5 -7.8 -402 imp:n,p 1 $Fe
c @@@@@@@@@@ Wheels @@@@@@@@@@@@@@@@@
c
21 13 -0.92 -41 42 imp:n,p 1 $Wheel 1
211 13 -0.92 -421 422 imp:n,p 1 $Wheel 1
212 13 -0.92 -423 424 imp:n,p 1 $Wheel 1
22 13 -0.92 -43 44 imp:n,p 1 $Wheel 2
221 13 -0.92 -441 442 imp:n,p 1 $Wheel 2
222 13 -0.92 -443 444 imp:n,p 1 $Wheel 2
23 13 -0.92 -45 46 imp:n,p 1 $Wheel 3
231 13 -0.92 -461 462 imp:n,p 1 $Wheel 3
232 13 -0.92 -463 464 imp:n,p 1 $Wheel 3
24 13 -0.92 -47 48 imp:n,p 1 $Wheel 4
241 13 -0.92 -481 482 imp:n,p 1 $Wheel 4
242 13 -0.92 -483 484 imp:n,p 1 $Wheel 4
c
c @@@@@@@@@@ SOIL VOLUME @@@@@@@@@@@
c
300000 400000 -2.156 20010 -20011 20020 -20021 20030 -20031 imp:n,p 1
300001 400001 -2.156 20010 -20011 20020 -20021 20031 -20032 imp:n,p 1
300002 400002 -2.156 20010 -20011 20020 -20021 20032 -20033 imp:n,p 1
300003 400003 -2.156 20010 -20011 20020 -20021 20033 -20034 imp:n,p 1
300004 400004 -2.156 20010 -20011 20020 -20021 20034 -20035 imp:n,p 1
300005 400005 -2.156 20011 -20012 20020 -20021 20030 -20031 imp:n,p 1
300006 400006 -2.156 20011 -20012 20020 -20021 20031 -20032 imp:n,p 1
300007 400007 -2.156 20011 -20012 20020 -20021 20032 -20033 imp:n,p 1
300008 400008 -2.156 20011 -20012 20020 -20021 20033 -20034 imp:n,p 1
300009 400009 -2.156 20011 -20012 20020 -20021 20034 -20035 imp:n,p 1
300010 400010 -2.156 20012 -20013 20020 -20021 20030 -20031 imp:n,p 1
300011 400011 -2.156 20012 -20013 20020 -20021 20031 -20032 imp:n,p 1
300012 400012 -2.156 20012 -20013 20020 -20021 20032 -20033 imp:n,p 1
300013 400013 -2.156 20012 -20013 20020 -20021 20033 -20034 imp:n,p 1
300014 400014 -2.156 20012 -20013 20020 -20021 20034 -20035 imp:n,p 1
300015 400015 -2.156 20013 -20014 20020 -20021 20030 -20031 imp:n,p 1
300016 400016 -2.156 20013 -20014 20020 -20021 20031 -20032 imp:n,p 1
300017 400017 -2.156 20013 -20014 20020 -20021 20032 -20033 imp:n,p 1
300018 400018 -2.156 20013 -20014 20020 -20021 20033 -20034 imp:n,p 1
300019 400019 -2.156 20013 -20014 20020 -20021 20034 -20035 imp:n,p 1
300020 400020 -2.156 20014 -20015 20020 -20021 20030 -20031 imp:n,p 1
300021 400021 -2.156 20014 -20015 20020 -20021 20031 -20032 imp:n,p 1
300022 400022 -2.156 20014 -20015 20020 -20021 20032 -20033 imp:n,p 1
300023 400023 -2.156 20014 -20015 20020 -20021 20033 -20034 imp:n,p 1
300024 400024 -2.156 20014 -20015 20020 -20021 20034 -20035 imp:n,p 1
300025 400025 -2.156 20010 -20011 20021 -20022 20030 -20031 imp:n,p 1
300026 400026 -2.156 20010 -20011 20021 -20022 20031 -20032 imp:n,p 1
300027 400027 -2.156 20010 -20011 20021 -20022 20032 -20033 imp:n,p 1
300028 400028 -2.156 20010 -20011 20021 -20022 20033 -20034 imp:n,p 1
300029 400029 -2.156 20010 -20011 20021 -20022 20034 -20035 imp:n,p 1
300030 400030 -2.156 20011 -20012 20021 -20022 20030 -20031 imp:n,p 1
300031 400031 -2.156 20011 -20012 20021 -20022 20031 -20032 imp:n,p 1
300032 400032 -2.156 20011 -20012 20021 -20022 20032 -20033 imp:n,p 1
300033 400033 -2.156 20011 -20012 20021 -20022 20033 -20034 imp:n,p 1
300034 400034 -2.156 20011 -20012 20021 -20022 20034 -20035 imp:n,p 1
300035 400035 -2.156 20012 -20013 20021 -20022 20030 -20031 imp:n,p 1
300036 400036 -2.156 20012 -20013 20021 -20022 20031 -20032 imp:n,p 1
300037 400037 -2.156 20012 -20013 20021 -20022 20032 -20033 imp:n,p 1
300038 400038 -2.156 20012 -20013 20021 -20022 20033 -20034 imp:n,p 1
300039 400039 -2.156 20012 -20013 20021 -20022 20034 -20035 imp:n,p 1
300040 400040 -2.156 20013 -20014 20021 -20022 20030 -20031 imp:n,p 1
300041 400041 -2.156 20013 -20014 20021 -20022 20031 -20032 imp:n,p 1
300042 400042 -2.156 20013 -20014 20021 -20022 20032 -20033 imp:n,p 1
300043 400043 -2.156 20013 -20014 20021 -20022 20033 -20034 imp:n,p 1
300044 400044 -2.156 20013 -20014 20021 -20022 20034 -20035 imp:n,p 1
300045 400045 -2.156 20014 -20015 20021 -20022 20030 -20031 imp:n,p 1
300046 400046 -2.156 20014 -20015 20021 -20022 20031 -20032 imp:n,p 1
300047 400047 -2.156 20014 -20015 20021 -20022 20032 -20033 imp:n,p 1
300048 400048 -2.156 20014 -20015 20021 -20022 20033 -20034 imp:n,p 1
300049 400049 -2.156 20014 -20015 20021 -20022 20034 -20035 imp:n,p 1
300050 400050 -2.156 20010 -20011 20022 -20023 20030 -20031 imp:n,p 1
300051 400051 -2.156 20010 -20011 20022 -20023 20031 -20032 imp:n,p 1
300052 400052 -2.156 20010 -20011 20022 -20023 20032 -20033 imp:n,p 1
300053 400053 -2.156 20010 -20011 20022 -20023 20033 -20034 imp:n,p 1
300054 400054 -2.156 20010 -20011 20022 -20023 20034 -20035 imp:n,p 1
300055 400055 -2.156 20011 -20012 20022 -20023 20030 -20031 imp:n,p 1
300056 400056 -2.156 20011 -20012 20022 -20023 20031 -20032 imp:n,p 1
300057 400057 -2.156 20011 -20012 20022 -20023 20032 -20033 imp:n,p 1
300058 400058 -2.156 20011 -20012 20022 -20023 20033 -20034 imp:n,p 1
300059 400059 -2.156 20011 -20012 20022 -20023 20034 -20035 imp:n,p 1
300060 400060 -2.156 20012 -20013 20022 -20023 20030 -20031 imp:n,p 1
300061 400061 -2.156 20012 -20013 20022 -20023 20031 -20032 imp:n,p 1
300062 400062 -2.156 20012 -20013 20022 -20023 20032 -20033 imp:n,p 1
300063 400063 -2.156 20012 -20013 20022 -20023 20033 -20034 imp:n,p 1
300064 400064 -2.156 20012 -20013 20022 -20023 20034 -20035 imp:n,p 1
300065 400065 -2.156 20013 -20014 20022 -20023 20030 -20031 imp:n,p 1
300066 400066 -2.156 20013 -20014 20022 -20023 20031 -20032 imp:n,p 1
300067 400067 -2.156 20013 -20014 20022 -20023 20032 -20033 imp:n,p 1
300068 400068 -2.156 20013 -20014 20022 -20023 20033 -20034 imp:n,p 1
300069 400069 -2.156 20013 -20014 20022 -20023 20034 -20035 imp:n,p 1
300070 400070 -2.156 20014 -20015 20022 -20023 20030 -20031 imp:n,p 1
300071 400071 -2.156 20014 -20015 20022 -20023 20031 -20032 imp:n,p 1
300072 400072 -2.156 20014 -20015 20022 -20023 20032 -20033 imp:n,p 1
300073 400073 -2.156 20014 -20015 20022 -20023 20033 -20034 imp:n,p 1
300074 400074 -2.156 20014 -20015 20022 -20023 20034 -20035 imp:n,p 1
300075 400075 -2.156 20010 -20011 20023 -20024 20030 -20031 imp:n,p 1
300076 400076 -2.156 20010 -20011 20023 -20024 20031 -20032 imp:n,p 1
300077 400077 -2.156 20010 -20011 20023 -20024 20032 -20033 imp:n,p 1
300078 400078 -2.156 20010 -20011 20023 -20024 20033 -20034 imp:n,p 1
300079 400079 -2.156 20010 -20011 20023 -20024 20034 -20035 imp:n,p 1
300080 400080 -2.156 20011 -20012 20023 -20024 20030 -20031 imp:n,p 1
300081 400081 -2.156 20011 -20012 20023 -20024 20031 -20032 imp:n,p 1
300082 400082 -2.156 20011 -20012 20023 -20024 20032 -20033 imp:n,p 1
300083 400083 -2.156 20011 -20012 20023 -20024 20033 -20034 imp:n,p 1
300084 400084 -2.156 20011 -20012 20023 -20024 20034 -20035 imp:n,p 1
300085 400085 -2.156 20012 -20013 20023 -20024 20030 -20031 imp:n,p 1
300086 400086 -2.156 20012 -20013 20023 -20024 20031 -20032 imp:n,p 1
300087 400087 -2.156 20012 -20013 20023 -20024 20032 -20033 imp:n,p 1
300088 400088 -2.156 20012 -20013 20023 -20024 20033 -20034 imp:n,p 1
300089 400089 -2.156 20012 -20013 20023 -20024 20034 -20035 imp:n,p 1
300090 400090 -2.156 20013 -20014 20023 -20024 20030 -20031 imp:n,p 1
300091 400091 -2.156 20013 -20014 20023 -20024 20031 -20032 imp:n,p 1
300092 400092 -2.156 20013 -20014 20023 -20024 20032 -20033 imp:n,p 1
300093 400093 -2.156 20013 -20014 20023 -20024 20033 -20034 imp:n,p 1
300094 400094 -2.156 20013 -20014 20023 -20024 20034 -20035 imp:n,p 1
300095 400095 -2.156 20014 -20015 20023 -20024 20030 -20031 imp:n,p 1
300096 400096 -2.156 20014 -20015 20023 -20024 20031 -20032 imp:n,p 1
300097 400097 -2.156 20014 -20015 20023 -20024 20032 -20033 imp:n,p 1
300098 400098 -2.156 20014 -20015 20023 -20024 20033 -20034 imp:n,p 1
300099 400099 -2.156 20014 -20015 20023 -20024 20034 -20035 imp:n,p 1
300100 400100 -2.156 20010 -20011 20024 -20025 20030 -20031 imp:n,p 1
300101 400101 -2.156 20010 -20011 20024 -20025 20031 -20032 imp:n,p 1
300102 400102 -2.156 20010 -20011 20024 -20025 20032 -20033 imp:n,p 1
300103 400103 -2.156 20010 -20011 20024 -20025 20033 -20034 imp:n,p 1
300104 400104 -2.156 20010 -20011 20024 -20025 20034 -20035 imp:n,p 1
300105 400105 -2.156 20011 -20012 20024 -20025 20030 -20031 imp:n,p 1
300106 400106 -2.156 20011 -20012 20024 -20025 20031 -20032 imp:n,p 1
300107 400107 -2.156 20011 -20012 20024 -20025 20032 -20033 imp:n,p 1
300108 400108 -2.156 20011 -20012 20024 -20025 20033 -20034 imp:n,p 1
300109 400109 -2.156 20011 -20012 20024 -20025 20034 -20035 imp:n,p 1
300110 400110 -2.156 20012 -20013 20024 -20025 20030 -20031 imp:n,p 1
300111 400111 -2.156 20012 -20013 20024 -20025 20031 -20032 imp:n,p 1
300112 400112 -2.156 20012 -20013 20024 -20025 20032 -20033 imp:n,p 1
300113 400113 -2.156 20012 -20013 20024 -20025 20033 -20034 imp:n,p 1
300114 400114 -2.156 20012 -20013 20024 -20025 20034 -20035 imp:n,p 1
300115 400115 -2.156 20013 -20014 20024 -20025 20030 -20031 imp:n,p 1
300116 400116 -2.156 20013 -20014 20024 -20025 20031 -20032 imp:n,p 1
300117 400117 -2.156 20013 -20014 20024 -20025 20032 -20033 imp:n,p 1
300118 400118 -2.156 20013 -20014 20024 -20025 20033 -20034 imp:n,p 1
300119 400119 -2.156 20013 -20014 20024 -20025 20034 -20035 imp:n,p 1
300120 400120 -2.156 20014 -20015 20024 -20025 20030 -20031 imp:n,p 1
300121 400121 -2.156 20014 -20015 20024 -20025 20031 -20032 imp:n,p 1
300122 400122 -2.156 20014 -20015 20024 -20025 20032 -20033 imp:n,p 1
300123 400123 -2.156 20014 -20015 20024 -20025 20033 -20034 imp:n,p 1
300124 400124 -2.156 20014 -20015 20024 -20025 20034 -20035 imp:n,p 1
c
30 12 -0.00129 -200 #101 #121 #122 #123 #124 #125 #126 #127 #128 #129 #130 #131 #132 #133
        #21 #211 #212 #22 #221 #222 #23 #231 #232 #24 #241 #242 #20 imp:n,p 1 $Rest of the World
31 0 200 imp:n,p 0 $Outside world

c SURFACE CARDS
c
c Sample Volume
20010 px -56.0
20011 px -33.600000000000364
20012 px -11.200000000000728
20013 px 11.200000000000728
20014 px 33.600000000000364
20015 px 56.0
20020 py -45.0
20021 py -27.0
20022 py -9.0
20023 py 9.0
20024 py 27.0
20025 py 45.0
20030 pz 92.0
20031 pz 82.0
20032 pz 72.0
20033 pz 62.0
20034 pz 52.0
20035 pz 42.0
c Active Detector Region
21 rcc 56  -5.0 -1.0   0.0 20.3 0.0   4.5 $Detector 1 Base center, Hx,Hy,Hz, radius
c Shielding Surfaces
c Shielding Pb
31 rpp 19 29 -7.5 7.5 -11 9 $PbPE xmin xmax ymin ymax zmin zmax
32 rpp 9 19 4 9 -11 9 $Pb xmin xmax ymin ymax zmin zmax
33 rpp 9 19 -9 -4 -11 9 $Pb xmin xmax ymin ymax zmin zmax
34 rpp 19 29 7.5 12.5 -11 9 $Pb xmin xmax ymin ymax zmin zmax
35 rpp 19 29 -12.5 -7.5 -11 9 $Pb xmin xmax ymin ymax zmin zmax
36 rpp 29 34 -15 15 -11 9 $Pb xmin xmax ymin ymax zmin zmax
37 rpp 9 19 -4 4 4 9 $Pb xmin xmax ymin ymax zmin zmax
38 rpp -26 26 18 28 -11 9 $BA1 xmin xmax ymin ymax zmin zmax
39 rpp -26 26 -28 -18 -11 9 $BA2 xmin xmax ymin ymax zmin zmax
40 rpp -65 65 -28 28 10 10.5 $Al xmin xmax ymin ymax zmin zmax
401 rpp -27 27 29 34 -11 9 $Fe xmin xmax ymin ymax zmin zmax
402 rpp -27 27 -34 -29 -11 9 $Fe xmin xmax ymin ymax zmin zmax
301 px -20
302 px 18
303 cx 3.71
304 cx 3.81
c Wheels Surfaces
c 23/10.5-12 turf tires, 22.6 lb rubber
c diameter 29cm, tread width 25cm, and sidewall height 13.76 cm
c set thickness of all sides 1.3 cm (s.t. weight is 22.6 lb)
41 rcc -2 77 8   0.0 25 0.0 29 $wheel 1 outer tread surface
42 rcc -2 77 8   0.0 25 0.0 27.7 $wheel 1 inner tread surface
421 rcc -2 75.7 8   0.0 1.3 0.0 29 $wheel 1 outside sidewall exterior
422 rcc -2 75.7 8   0.0 1.3 0.0 15.24 $wheel 1 outside sidewall interior
423 rcc -2 102 8   0.0 1.3 0.0 29 $wheel 1 inside sidewall exterior
424 rcc -2 102 8   0.0 1.3 0.0 15.24 $wheel 1 inside sidewall interior
43 rcc 68 77 8   0.0 25 0.0 29 $wheel 2
44 rcc 68 77 8   0.0 25 0.0 27.7
441 rcc 68 75.7 8   0.0 1.3 0.0 29
442 rcc 68 75.7 8   0.0 1.3 0.0 15.24
443 rcc 68 102 8   0.0 1.3 0.0 29
444 rcc 68 102 8   0.0 1.3 0.0 15.24
45 rcc -2 -77 8   0.0 -25 0.0 29 $wheel 3
46 rcc -2 -77 8   0.0 -25 0.0 27.7
461 rcc -2 -75.7 8   0.0 -1.3 0.0 29
462 rcc -2 -75.7 8   0.0 -1.3 0.0 15.24
463 rcc -2 -102 8   0.0 -1.3 0.0 29
464 rcc -2 -102 8   0.0 -1.3 0.0 15.24
47 rcc 68 -77 8   0.0 -25 0.0 29 $wheel 4
48 rcc 68 -77 8   0.0 -25 0.0 27.7
481 rcc 68 -75.7 8   0.0 -1.3 0.0 29
482 rcc 68 -75.7 8   0.0 -1.3 0.0 15.24
483 rcc 68 -102 8   0.0 -1.3 0.0 29
484 rcc 68 -102 8   0.0 -1.3 0.0 15.24
200 so 800    $sphere of 800cm centered at origin
c

c DATA CARDS
mode n p
c dump every hr
prdmp -60 -60 -1
c 100 keV Neutron Energy Cutoff
Cut:n 1j 0.1
c analog neutron transport
phys:n 1j 14
phys:p
sdef pos=0 0 0 erg=14.0 vec= 0 0 1 dir=d1
si1  -1 .93 1
sp1   0  0.0  1.0
c ********************
c begin material cards
c ********************
c Pure Carbon
c ****************************************
m400000 6000 -0.0046732222841419325 7000 -0.0046732222841419325 14000 -0.9906535554317161 
m400001 6000 -0.0036738330197406553 7000 -0.0036738330197406553 14000 -0.9926523339605182 
m400002 6000 -0.004287683751653511 7000 -0.004287683751653511 14000 -0.9914246324966929 
m400003 6000 -0.006640278879192519 7000 -0.006640278879192519 14000 -0.9867194422416151 
m400004 6000 -0.010217793387121348 7000 -0.010217793387121348 14000 -0.9795644132257573 
m400005 6000 -0.004456153486311274 7000 -0.004456153486311274 14000 -0.9910876930273774 
m400006 6000 -0.003703967144237813 7000 -0.003703967144237813 14000 -0.9925920657115241 
m400007 6000 -0.004188201370217075 7000 -0.004188201370217075 14000 -0.9916235972595661 
m400008 6000 -0.005932522880786203 7000 -0.005932522880786203 14000 -0.9881349542384279 
m400009 6000 -0.00952392599972973 7000 -0.00952392599972973 14000 -0.9809521480005408 
m400010 6000 -0.004494644374751152 7000 -0.004494644374751152 14000 -0.9910107112504973 
m400011 6000 -0.0036883761825117216 7000 -0.0036883761825117216 14000 -0.9926232476349764 
m400012 6000 -0.004344059668617818 7000 -0.004344059668617818 14000 -0.9913118806627642 
m400013 6000 -0.006311968207442805 7000 -0.006311968207442805 14000 -0.9873760635851144 
m400014 6000 -0.00993993968546352 7000 -0.00993993968546352 14000 -0.9801201206290728 
m400015 6000 -0.0044117024950850355 7000 -0.0044117024950850355 14000 -0.9911765950098298 
m400016 6000 -0.0036994451798049994 7000 -0.0036994451798049994 14000 -0.9926011096403902 
m400017 6000 -0.0042252882111752385 7000 -0.0042252882111752385 14000 -0.9915494235776502 
m400018 6000 -0.006456137565803894 7000 -0.006456137565803894 14000 -0.9870877248683922 
m400019 6000 -0.009850974638884487 7000 -0.009850974638884487 14000 -0.9802980507222309 
m400020 6000 -0.004276152967764017 7000 -0.004276152967764017 14000 -0.991447694064472 
m400021 6000 -0.003738281107933049 7000 -0.003738281107933049 14000 -0.9925234377841341 
m400022 6000 -0.004327087521819461 7000 -0.004327087521819461 14000 -0.9913458249563613 
m400023 6000 -0.006319700720763184 7000 -0.006319700720763184 14000 -0.9873605985584736 
m400024 6000 -0.009483096102775828 7000 -0.009483096102775828 14000 -0.9810338077944482 
m400025 6000 -0.004475453216896336 7000 -0.004475453216896336 14000 -0.9910490935662075 
m400026 6000 -0.0036984599981725068 7000 -0.0036984599981725068 14000 -0.9926030800036552 
m400027 6000 -0.004172697554602618 7000 -0.004172697554602618 14000 -0.9916546048907946 
m400028 6000 -0.0064135594742777725 7000 -0.0064135594742777725 14000 -0.9871728810514446 
m400029 6000 -0.009656624235018734 7000 -0.009656624235018734 14000 -0.9806867515299625 
m400030 6000 -0.004690268883070336 7000 -0.004690268883070336 14000 -0.9906194622338594 
m400031 6000 -0.00375443969724325 7000 -0.00375443969724325 14000 -0.9924911206055136 
m400032 6000 -0.004257439961308904 7000 -0.004257439961308904 14000 -0.9914851200773821 
m400033 6000 -0.006145633109319868 7000 -0.006145633109319868 14000 -0.9877087337813603 
m400034 6000 -0.010013265797487134 7000 -0.010013265797487134 14000 -0.9799734684050256 
m400035 6000 -0.004785060402510797 7000 -0.004785060402510797 14000 -0.9904298791949785 
m400036 6000 -0.0037293583881597724 7000 -0.0037293583881597724 14000 -0.9925412832236803 
m400037 6000 -0.004234233042791468 7000 -0.004234233042791468 14000 -0.9915315339144171 
m400038 6000 -0.006371340121280406 7000 -0.006371340121280406 14000 -0.987257319757439 
m400039 6000 -0.009512511763879333 7000 -0.009512511763879333 14000 -0.9809749764722412 
m400040 6000 -0.004601298989649109 7000 -0.004601298989649109 14000 -0.9907974020207019 
m400041 6000 -0.003733504446266251 7000 -0.003733504446266251 14000 -0.9925329911074674 
m400042 6000 -0.004246779643789576 7000 -0.004246779643789576 14000 -0.9915064407124202 
m400043 6000 -0.006074805417051865 7000 -0.006074805417051865 14000 -0.9878503891658967 
m400044 6000 -0.009830271158778419 7000 -0.009830271158778419 14000 -0.9803394576824432 
m400045 6000 -0.0044824701782214165 7000 -0.0044824701782214165 14000 -0.9910350596435572 
m400046 6000 -0.003786010487560935 7000 -0.003786010487560935 14000 -0.9924279790248777 
m400047 6000 -0.004453241786636417 7000 -0.004453241786636417 14000 -0.9910935164267269 
m400048 6000 -0.006116921142713462 7000 -0.006116921142713462 14000 -0.987766157714573 
m400049 6000 -0.00903768100069162 7000 -0.00903768100069162 14000 -0.9819246379986172 
m400050 6000 -0.004470770413237758 7000 -0.004470770413237758 14000 -0.9910584591735245 
m400051 6000 -0.003752285503210927 7000 -0.003752285503210927 14000 -0.992495428993578 
m400052 6000 -0.004353373926758728 7000 -0.004353373926758728 14000 -0.9912932521464825 
m400053 6000 -0.006797130883012488 7000 -0.006797130883012488 14000 -0.9864057382339749 
m400054 6000 -0.009763615572595905 7000 -0.009763615572595905 14000 -0.9804727688548082 
m400055 6000 -0.004502715743283546 7000 -0.004502715743283546 14000 -0.9909945685134326 
m400056 6000 -0.003774962838974583 7000 -0.003774962838974583 14000 -0.9924500743220509 
m400057 6000 -0.00407127609797062 7000 -0.00407127609797062 14000 -0.9918574478040589 
m400058 6000 -0.006264844720839644 7000 -0.006264844720839644 14000 -0.9874703105583207 
m400059 6000 -0.00985563552707084 7000 -0.00985563552707084 14000 -0.9802887289458582 
m400060 6000 -0.004564172188065474 7000 -0.004564172188065474 14000 -0.9908716556238696 
m400061 6000 -0.003742686971438466 7000 -0.003742686971438466 14000 -0.9925146260571232 
m400062 6000 -0.0043265835961491346 7000 -0.0043265835961491346 14000 -0.9913468328077016 
m400063 6000 -0.0062794404475994626 7000 -0.0062794404475994626 14000 -0.9874411191048013 
m400064 6000 -0.00941538324672962 7000 -0.00941538324672962 14000 -0.981169233506541 
m400065 6000 -0.004637771260943771 7000 -0.004637771260943771 14000 -0.9907244574781123 
m400066 6000 -0.0037297777910287465 7000 -0.0037297777910287465 14000 -0.9925404444179425 
m400067 6000 -0.004360739155707664 7000 -0.004360739155707664 14000 -0.9912785216885848 
m400068 6000 -0.006581018936340757 7000 -0.006581018936340757 14000 -0.9868379621273188 
m400069 6000 -0.009418360017184149 7000 -0.009418360017184149 14000 -0.9811632799656316 
m400070 6000 -0.004654774975550725 7000 -0.004654774975550725 14000 -0.9906904500488984 
m400071 6000 -0.0037475089854122406 7000 -0.0037475089854122406 14000 -0.9925049820291758 
m400072 6000 -0.004206331672736607 7000 -0.004206331672736607 14000 -0.9915873366545265 
m400073 6000 -0.006322771662446163 7000 -0.006322771662446163 14000 -0.9873544566751078 
m400074 6000 -0.009563975301003301 7000 -0.009563975301003301 14000 -0.9808720493979932 
m400075 6000 -0.004921924141623318 7000 -0.004921924141623318 14000 -0.9901561517167535 
m400076 6000 -0.0037191121716489014 7000 -0.0037191121716489014 14000 -0.9925617756567021 
m400077 6000 -0.004379003685047764 7000 -0.004379003685047764 14000 -0.9912419926299044 
m400078 6000 -0.00667357933050679 7000 -0.00667357933050679 14000 -0.9866528413389867 
m400079 6000 -0.009351524836902938 7000 -0.009351524836902938 14000 -0.9812969503261939 
m400080 6000 -0.004787179705527198 7000 -0.004787179705527198 14000 -0.9904256405889456 
m400081 6000 -0.003755878662694835 7000 -0.003755878662694835 14000 -0.9924882426746104 
m400082 6000 -0.004311258624080154 7000 -0.004311258624080154 14000 -0.9913774827518397 
m400083 6000 -0.006465261461797957 7000 -0.006465261461797957 14000 -0.9870694770764042 
m400084 6000 -0.009942902721398104 7000 -0.009942902721398104 14000 -0.9801141945572036 
m400085 6000 -0.004686912629432045 7000 -0.004686912629432045 14000 -0.9906261747411361 
m400086 6000 -0.0036678125698335873 7000 -0.0036678125698335873 14000 -0.9926643748603325 
m400087 6000 -0.004331596013113271 7000 -0.004331596013113271 14000 -0.9913368079737737 
m400088 6000 -0.006142739634284014 7000 -0.006142739634284014 14000 -0.987714520731432 
m400089 6000 -0.009830029182387129 7000 -0.009830029182387129 14000 -0.9803399416352255 
m400090 6000 -0.004539074094026817 7000 -0.004539074094026817 14000 -0.9909218518119465 
m400091 6000 -0.0037518457201861323 7000 -0.0037518457201861323 14000 -0.9924963085596278 
m400092 6000 -0.004343987308999138 7000 -0.004343987308999138 14000 -0.991312025382002 
m400093 6000 -0.006151380425086548 7000 -0.006151380425086548 14000 -0.9876972391498269 
m400094 6000 -0.009491743048769494 7000 -0.009491743048769494 14000 -0.9810165139024611 
m400095 6000 -0.0045235955245747 7000 -0.0045235955245747 14000 -0.9909528089508506 
m400096 6000 -0.0037825751995944103 7000 -0.0037825751995944103 14000 -0.9924348496008111 
m400097 6000 -0.004326916092182085 7000 -0.004326916092182085 14000 -0.9913461678156358 
m400098 6000 -0.006003213158486837 7000 -0.006003213158486837 14000 -0.9879935736830263 
m400099 6000 -0.010010144683536146 7000 -0.010010144683536146 14000 -0.9799797106329277 
m400100 6000 -0.004511836534955702 7000 -0.004511836534955702 14000 -0.9909763269300885 
m400101 6000 -0.0037465481821284344 7000 -0.0037465481821284344 14000 -0.9925069036357431 
m400102 6000 -0.004241125487309985 7000 -0.004241125487309985 14000 -0.9915177490253799 
m400103 6000 -0.006314043440933865 7000 -0.006314043440933865 14000 -0.9873719131181322 
m400104 6000 -0.0096551444784212 7000 -0.0096551444784212 14000 -0.9806897110431578 
m400105 6000 -0.004600994193520335 7000 -0.004600994193520335 14000 -0.9907980116129597 
m400106 6000 -0.0037866601171428283 7000 -0.0037866601171428283 14000 -0.9924266797657144 
m400107 6000 -0.004183487116128981 7000 -0.004183487116128981 14000 -0.9916330257677421 
m400108 6000 -0.0064035745873984255 7000 -0.0064035745873984255 14000 -0.9871928508252035 
m400109 6000 -0.009478174587601121 7000 -0.009478174587601121 14000 -0.9810436508247977 
m400110 6000 -0.0046998786885305115 7000 -0.0046998786885305115 14000 -0.9906002426229392 
m400111 6000 -0.0037013896148925035 7000 -0.0037013896148925035 14000 -0.9925972207702148 
m400112 6000 -0.004316409639749854 7000 -0.004316409639749854 14000 -0.9913671807205001 
m400113 6000 -0.0060763922001250146 7000 -0.0060763922001250146 14000 -0.9878472155997505 
m400114 6000 -0.010224914557942824 7000 -0.010224914557942824 14000 -0.9795501708841146 
m400115 6000 -0.004579585316775386 7000 -0.004579585316775386 14000 -0.9908408293664492 
m400116 6000 -0.003721189357510337 7000 -0.003721189357510337 14000 -0.9925576212849794 
m400117 6000 -0.0043238082488874325 7000 -0.0043238082488874325 14000 -0.9913523835022248 
m400118 6000 -0.006512445706151335 7000 -0.006512445706151335 14000 -0.9869751085876974 
m400119 6000 -0.009763439067023824 7000 -0.009763439067023824 14000 -0.9804731218659524 
m400120 6000 -0.004410213369790431 7000 -0.004410213369790431 14000 -0.9911795732604193 
m400121 6000 -0.0037638297165579204 7000 -0.0037638297165579204 14000 -0.9924723405668846 
m400122 6000 -0.0041872344653278 7000 -0.0041872344653278 14000 -0.9916255310693444 
m400123 6000 -0.00624752001004839 7000 -0.00624752001004839 14000 -0.9875049599799035 
m400124 6000 -0.010034230271824677 7000 -0.010034230271824677 14000 -0.9799315394563506 
c **********************************
c PE+Pb, dens=4.78 g/cm3
m2      6000    -0.04286 $Carbon
        1001    -0.00714 $Hydrogen
        82000   -0.95000 $Lead
c **********************************
m3    1001 -0.048535 $Boric acid
      5010 -0.034981
      5011 -0.139923
      8016 -0.776561
c **********************************
m4    82000 1 $Lead
c **********************************
m5 26000 1 $Iron
c **********************************
m6     13027   -1.000 $ Aluminum
c **********************************
c  SS-304 (8.00 g/cm3), #298 in PNNL Compendium
m7   006000.50c -0.0004000
     014000.60c -0.0050000
     015031.50c -0.0002300
     016000.60c -0.0001500
     024000.50c -0.1899981
     025055.60c -0.0099999
     026000.50c -0.7017229
     028000.50c -0.0924991
c ****************************************
c       LaBr detector
c ****************************************
m8       35079    -0.2946       $ Br79
         35081    -0.3069       $ Br81
         57139    -0.3485       $ La139
         58140    -0.0500       $ Ce140
c ************ air den=1.15e-3g/cc
m12     8016 -0.23
        7014 -0.77
c ************ Rubber Natural den=0.92 g/cc
m13     1001 -0.118371  $weight fraction
        6000 -0.881629
c
c end material cards
c
rand seed=8674536546524321 $different initial random #; seed# - any less 18 digits
c
c ********** begin tallies *********************
fc78 *********Broadened Pulse Height Tally Sum of Detectors 1,2 & 3 ***********
e78 0 1e-5 932i 8.4295
F78:p (101)
FT78 GEB -0.026198 0.059551 -0.037176
fc18 *********Unbroadened Pulse Height Tally Sum of Detectors 1,2 & 3 ***********
e18 0 1e-5 932i 8.4295
F18:p (101)
c ***********************************
c mplot tal 78 freq 10000
nps 1e9
