c CAS DETECTOR
c w/ Shielding in Place and Wheels
c
c CELL CARDS
c
c @@@@@@@@@@ Detectors @@@@@@@@@@@@@@@@@
c
101 8 -5.08 -21 imp:n,p 1 $LaBr Detector #1 Active Region
c
c @@@@@@@@@ Shielding @@@@@@@@@@@@@@@@@
c
121 2 -4.78 -31 imp:n,p 1 $PE_Pb
122 4 -11.29 -32 imp:n,p 1 $Pb1
123 4 -11.29 -33 imp:n,p 1 $Pb2
124 4 -11.29 -34 imp:n,p 1 $Pb3
125 4 -11.29 -35 imp:n,p 1 $Pb4
126 4 -11.29 -36 imp:n,p 1 $Pb5
127 4 -11.29 -37 imp:n,p 1 $Pb6
128 3 -1.5 -38 imp:n,p 1 $BA1
129 3 -1.5 -39 imp:n,p 1 $BA2
130 6 -2.7 -40 imp:n,p 1 $Al
131 7 -7.92 301 -302 303 -304 imp:n,p 1 $Fe-tube
132 5 -7.8 -401 imp:n,p 1 $Fe
133 5 -7.8 -402 imp:n,p 1 $Fe
c @@@@@@@@@@ Wheels @@@@@@@@@@@@@@@@@
c
21 13 -0.92 -41 42 imp:n,p 1 $Wheel 1
211 13 -0.92 -421 422 imp:n,p 1 $Wheel 1
212 13 -0.92 -423 424 imp:n,p 1 $Wheel 1
22 13 -0.92 -43 44 imp:n,p 1 $Wheel 2
221 13 -0.92 -441 442 imp:n,p 1 $Wheel 2
222 13 -0.92 -443 444 imp:n,p 1 $Wheel 2
23 13 -0.92 -45 46 imp:n,p 1 $Wheel 3
231 13 -0.92 -461 462 imp:n,p 1 $Wheel 3
232 13 -0.92 -463 464 imp:n,p 1 $Wheel 3
24 13 -0.92 -47 48 imp:n,p 1 $Wheel 4
241 13 -0.92 -481 482 imp:n,p 1 $Wheel 4
242 13 -0.92 -483 484 imp:n,p 1 $Wheel 4
c
c @@@@@@@@@@ SOIL VOLUME @@@@@@@@@@@
c
300000 400000 -2.156 20010 -20011 20020 -20021 20030 -20031 imp:n,p 1
300001 400001 -2.156 20010 -20011 20020 -20021 20031 -20032 imp:n,p 1
300002 400002 -2.156 20010 -20011 20020 -20021 20032 -20033 imp:n,p 1
300003 400003 -2.156 20010 -20011 20020 -20021 20033 -20034 imp:n,p 1
300004 400004 -2.156 20010 -20011 20020 -20021 20034 -20035 imp:n,p 1
300005 400005 -2.156 20011 -20012 20020 -20021 20030 -20031 imp:n,p 1
300006 400006 -2.156 20011 -20012 20020 -20021 20031 -20032 imp:n,p 1
300007 400007 -2.156 20011 -20012 20020 -20021 20032 -20033 imp:n,p 1
300008 400008 -2.156 20011 -20012 20020 -20021 20033 -20034 imp:n,p 1
300009 400009 -2.156 20011 -20012 20020 -20021 20034 -20035 imp:n,p 1
300010 400010 -2.156 20012 -20013 20020 -20021 20030 -20031 imp:n,p 1
300011 400011 -2.156 20012 -20013 20020 -20021 20031 -20032 imp:n,p 1
300012 400012 -2.156 20012 -20013 20020 -20021 20032 -20033 imp:n,p 1
300013 400013 -2.156 20012 -20013 20020 -20021 20033 -20034 imp:n,p 1
300014 400014 -2.156 20012 -20013 20020 -20021 20034 -20035 imp:n,p 1
300015 400015 -2.156 20013 -20014 20020 -20021 20030 -20031 imp:n,p 1
300016 400016 -2.156 20013 -20014 20020 -20021 20031 -20032 imp:n,p 1
300017 400017 -2.156 20013 -20014 20020 -20021 20032 -20033 imp:n,p 1
300018 400018 -2.156 20013 -20014 20020 -20021 20033 -20034 imp:n,p 1
300019 400019 -2.156 20013 -20014 20020 -20021 20034 -20035 imp:n,p 1
300020 400020 -2.156 20014 -20015 20020 -20021 20030 -20031 imp:n,p 1
300021 400021 -2.156 20014 -20015 20020 -20021 20031 -20032 imp:n,p 1
300022 400022 -2.156 20014 -20015 20020 -20021 20032 -20033 imp:n,p 1
300023 400023 -2.156 20014 -20015 20020 -20021 20033 -20034 imp:n,p 1
300024 400024 -2.156 20014 -20015 20020 -20021 20034 -20035 imp:n,p 1
300025 400025 -2.156 20010 -20011 20021 -20022 20030 -20031 imp:n,p 1
300026 400026 -2.156 20010 -20011 20021 -20022 20031 -20032 imp:n,p 1
300027 400027 -2.156 20010 -20011 20021 -20022 20032 -20033 imp:n,p 1
300028 400028 -2.156 20010 -20011 20021 -20022 20033 -20034 imp:n,p 1
300029 400029 -2.156 20010 -20011 20021 -20022 20034 -20035 imp:n,p 1
300030 400030 -2.156 20011 -20012 20021 -20022 20030 -20031 imp:n,p 1
300031 400031 -2.156 20011 -20012 20021 -20022 20031 -20032 imp:n,p 1
300032 400032 -2.156 20011 -20012 20021 -20022 20032 -20033 imp:n,p 1
300033 400033 -2.156 20011 -20012 20021 -20022 20033 -20034 imp:n,p 1
300034 400034 -2.156 20011 -20012 20021 -20022 20034 -20035 imp:n,p 1
300035 400035 -2.156 20012 -20013 20021 -20022 20030 -20031 imp:n,p 1
300036 400036 -2.156 20012 -20013 20021 -20022 20031 -20032 imp:n,p 1
300037 400037 -2.156 20012 -20013 20021 -20022 20032 -20033 imp:n,p 1
300038 400038 -2.156 20012 -20013 20021 -20022 20033 -20034 imp:n,p 1
300039 400039 -2.156 20012 -20013 20021 -20022 20034 -20035 imp:n,p 1
300040 400040 -2.156 20013 -20014 20021 -20022 20030 -20031 imp:n,p 1
300041 400041 -2.156 20013 -20014 20021 -20022 20031 -20032 imp:n,p 1
300042 400042 -2.156 20013 -20014 20021 -20022 20032 -20033 imp:n,p 1
300043 400043 -2.156 20013 -20014 20021 -20022 20033 -20034 imp:n,p 1
300044 400044 -2.156 20013 -20014 20021 -20022 20034 -20035 imp:n,p 1
300045 400045 -2.156 20014 -20015 20021 -20022 20030 -20031 imp:n,p 1
300046 400046 -2.156 20014 -20015 20021 -20022 20031 -20032 imp:n,p 1
300047 400047 -2.156 20014 -20015 20021 -20022 20032 -20033 imp:n,p 1
300048 400048 -2.156 20014 -20015 20021 -20022 20033 -20034 imp:n,p 1
300049 400049 -2.156 20014 -20015 20021 -20022 20034 -20035 imp:n,p 1
300050 400050 -2.156 20010 -20011 20022 -20023 20030 -20031 imp:n,p 1
300051 400051 -2.156 20010 -20011 20022 -20023 20031 -20032 imp:n,p 1
300052 400052 -2.156 20010 -20011 20022 -20023 20032 -20033 imp:n,p 1
300053 400053 -2.156 20010 -20011 20022 -20023 20033 -20034 imp:n,p 1
300054 400054 -2.156 20010 -20011 20022 -20023 20034 -20035 imp:n,p 1
300055 400055 -2.156 20011 -20012 20022 -20023 20030 -20031 imp:n,p 1
300056 400056 -2.156 20011 -20012 20022 -20023 20031 -20032 imp:n,p 1
300057 400057 -2.156 20011 -20012 20022 -20023 20032 -20033 imp:n,p 1
300058 400058 -2.156 20011 -20012 20022 -20023 20033 -20034 imp:n,p 1
300059 400059 -2.156 20011 -20012 20022 -20023 20034 -20035 imp:n,p 1
300060 400060 -2.156 20012 -20013 20022 -20023 20030 -20031 imp:n,p 1
300061 400061 -2.156 20012 -20013 20022 -20023 20031 -20032 imp:n,p 1
300062 400062 -2.156 20012 -20013 20022 -20023 20032 -20033 imp:n,p 1
300063 400063 -2.156 20012 -20013 20022 -20023 20033 -20034 imp:n,p 1
300064 400064 -2.156 20012 -20013 20022 -20023 20034 -20035 imp:n,p 1
300065 400065 -2.156 20013 -20014 20022 -20023 20030 -20031 imp:n,p 1
300066 400066 -2.156 20013 -20014 20022 -20023 20031 -20032 imp:n,p 1
300067 400067 -2.156 20013 -20014 20022 -20023 20032 -20033 imp:n,p 1
300068 400068 -2.156 20013 -20014 20022 -20023 20033 -20034 imp:n,p 1
300069 400069 -2.156 20013 -20014 20022 -20023 20034 -20035 imp:n,p 1
300070 400070 -2.156 20014 -20015 20022 -20023 20030 -20031 imp:n,p 1
300071 400071 -2.156 20014 -20015 20022 -20023 20031 -20032 imp:n,p 1
300072 400072 -2.156 20014 -20015 20022 -20023 20032 -20033 imp:n,p 1
300073 400073 -2.156 20014 -20015 20022 -20023 20033 -20034 imp:n,p 1
300074 400074 -2.156 20014 -20015 20022 -20023 20034 -20035 imp:n,p 1
300075 400075 -2.156 20010 -20011 20023 -20024 20030 -20031 imp:n,p 1
300076 400076 -2.156 20010 -20011 20023 -20024 20031 -20032 imp:n,p 1
300077 400077 -2.156 20010 -20011 20023 -20024 20032 -20033 imp:n,p 1
300078 400078 -2.156 20010 -20011 20023 -20024 20033 -20034 imp:n,p 1
300079 400079 -2.156 20010 -20011 20023 -20024 20034 -20035 imp:n,p 1
300080 400080 -2.156 20011 -20012 20023 -20024 20030 -20031 imp:n,p 1
300081 400081 -2.156 20011 -20012 20023 -20024 20031 -20032 imp:n,p 1
300082 400082 -2.156 20011 -20012 20023 -20024 20032 -20033 imp:n,p 1
300083 400083 -2.156 20011 -20012 20023 -20024 20033 -20034 imp:n,p 1
300084 400084 -2.156 20011 -20012 20023 -20024 20034 -20035 imp:n,p 1
300085 400085 -2.156 20012 -20013 20023 -20024 20030 -20031 imp:n,p 1
300086 400086 -2.156 20012 -20013 20023 -20024 20031 -20032 imp:n,p 1
300087 400087 -2.156 20012 -20013 20023 -20024 20032 -20033 imp:n,p 1
300088 400088 -2.156 20012 -20013 20023 -20024 20033 -20034 imp:n,p 1
300089 400089 -2.156 20012 -20013 20023 -20024 20034 -20035 imp:n,p 1
300090 400090 -2.156 20013 -20014 20023 -20024 20030 -20031 imp:n,p 1
300091 400091 -2.156 20013 -20014 20023 -20024 20031 -20032 imp:n,p 1
300092 400092 -2.156 20013 -20014 20023 -20024 20032 -20033 imp:n,p 1
300093 400093 -2.156 20013 -20014 20023 -20024 20033 -20034 imp:n,p 1
300094 400094 -2.156 20013 -20014 20023 -20024 20034 -20035 imp:n,p 1
300095 400095 -2.156 20014 -20015 20023 -20024 20030 -20031 imp:n,p 1
300096 400096 -2.156 20014 -20015 20023 -20024 20031 -20032 imp:n,p 1
300097 400097 -2.156 20014 -20015 20023 -20024 20032 -20033 imp:n,p 1
300098 400098 -2.156 20014 -20015 20023 -20024 20033 -20034 imp:n,p 1
300099 400099 -2.156 20014 -20015 20023 -20024 20034 -20035 imp:n,p 1
300100 400100 -2.156 20010 -20011 20024 -20025 20030 -20031 imp:n,p 1
300101 400101 -2.156 20010 -20011 20024 -20025 20031 -20032 imp:n,p 1
300102 400102 -2.156 20010 -20011 20024 -20025 20032 -20033 imp:n,p 1
300103 400103 -2.156 20010 -20011 20024 -20025 20033 -20034 imp:n,p 1
300104 400104 -2.156 20010 -20011 20024 -20025 20034 -20035 imp:n,p 1
300105 400105 -2.156 20011 -20012 20024 -20025 20030 -20031 imp:n,p 1
300106 400106 -2.156 20011 -20012 20024 -20025 20031 -20032 imp:n,p 1
300107 400107 -2.156 20011 -20012 20024 -20025 20032 -20033 imp:n,p 1
300108 400108 -2.156 20011 -20012 20024 -20025 20033 -20034 imp:n,p 1
300109 400109 -2.156 20011 -20012 20024 -20025 20034 -20035 imp:n,p 1
300110 400110 -2.156 20012 -20013 20024 -20025 20030 -20031 imp:n,p 1
300111 400111 -2.156 20012 -20013 20024 -20025 20031 -20032 imp:n,p 1
300112 400112 -2.156 20012 -20013 20024 -20025 20032 -20033 imp:n,p 1
300113 400113 -2.156 20012 -20013 20024 -20025 20033 -20034 imp:n,p 1
300114 400114 -2.156 20012 -20013 20024 -20025 20034 -20035 imp:n,p 1
300115 400115 -2.156 20013 -20014 20024 -20025 20030 -20031 imp:n,p 1
300116 400116 -2.156 20013 -20014 20024 -20025 20031 -20032 imp:n,p 1
300117 400117 -2.156 20013 -20014 20024 -20025 20032 -20033 imp:n,p 1
300118 400118 -2.156 20013 -20014 20024 -20025 20033 -20034 imp:n,p 1
300119 400119 -2.156 20013 -20014 20024 -20025 20034 -20035 imp:n,p 1
300120 400120 -2.156 20014 -20015 20024 -20025 20030 -20031 imp:n,p 1
300121 400121 -2.156 20014 -20015 20024 -20025 20031 -20032 imp:n,p 1
300122 400122 -2.156 20014 -20015 20024 -20025 20032 -20033 imp:n,p 1
300123 400123 -2.156 20014 -20015 20024 -20025 20033 -20034 imp:n,p 1
300124 400124 -2.156 20014 -20015 20024 -20025 20034 -20035 imp:n,p 1
c
30 12 -0.00129 -200 #101 #121 #122 #123 #124 #125 #126 #127 #128 #129 #130 #131 #132 #133
        #21 #211 #212 #22 #221 #222 #23 #231 #232 #24 #241 #242 #20 imp:n,p 1 $Rest of the World
31 0 200 imp:n,p 0 $Outside world

c SURFACE CARDS
c
c Sample Volume
20010 px -56.0
20011 px -33.600000000000364
20012 px -11.200000000000728
20013 px 11.200000000000728
20014 px 33.600000000000364
20015 px 56.0
20020 py -45.0
20021 py -27.0
20022 py -9.0
20023 py 9.0
20024 py 27.0
20025 py 45.0
20030 pz 92.0
20031 pz 82.0
20032 pz 72.0
20033 pz 62.0
20034 pz 52.0
20035 pz 42.0
c Active Detector Region
21 rcc 56  -5.0 -1.0   0.0 20.3 0.0   4.5 $Detector 1 Base center, Hx,Hy,Hz, radius
c Shielding Surfaces
c Shielding Pb
31 rpp 19 29 -7.5 7.5 -11 9 $PbPE xmin xmax ymin ymax zmin zmax
32 rpp 9 19 4 9 -11 9 $Pb xmin xmax ymin ymax zmin zmax
33 rpp 9 19 -9 -4 -11 9 $Pb xmin xmax ymin ymax zmin zmax
34 rpp 19 29 7.5 12.5 -11 9 $Pb xmin xmax ymin ymax zmin zmax
35 rpp 19 29 -12.5 -7.5 -11 9 $Pb xmin xmax ymin ymax zmin zmax
36 rpp 29 34 -15 15 -11 9 $Pb xmin xmax ymin ymax zmin zmax
37 rpp 9 19 -4 4 4 9 $Pb xmin xmax ymin ymax zmin zmax
38 rpp -26 26 18 28 -11 9 $BA1 xmin xmax ymin ymax zmin zmax
39 rpp -26 26 -28 -18 -11 9 $BA2 xmin xmax ymin ymax zmin zmax
40 rpp -65 65 -28 28 10 10.5 $Al xmin xmax ymin ymax zmin zmax
401 rpp -27 27 29 34 -11 9 $Fe xmin xmax ymin ymax zmin zmax
402 rpp -27 27 -34 -29 -11 9 $Fe xmin xmax ymin ymax zmin zmax
301 px -20
302 px 18
303 cx 3.71
304 cx 3.81
c Wheels Surfaces
c 23/10.5-12 turf tires, 22.6 lb rubber
c diameter 29cm, tread width 25cm, and sidewall height 13.76 cm
c set thickness of all sides 1.3 cm (s.t. weight is 22.6 lb)
41 rcc -2 77 8   0.0 25 0.0 29 $wheel 1 outer tread surface
42 rcc -2 77 8   0.0 25 0.0 27.7 $wheel 1 inner tread surface
421 rcc -2 75.7 8   0.0 1.3 0.0 29 $wheel 1 outside sidewall exterior
422 rcc -2 75.7 8   0.0 1.3 0.0 15.24 $wheel 1 outside sidewall interior
423 rcc -2 102 8   0.0 1.3 0.0 29 $wheel 1 inside sidewall exterior
424 rcc -2 102 8   0.0 1.3 0.0 15.24 $wheel 1 inside sidewall interior
43 rcc 68 77 8   0.0 25 0.0 29 $wheel 2
44 rcc 68 77 8   0.0 25 0.0 27.7
441 rcc 68 75.7 8   0.0 1.3 0.0 29
442 rcc 68 75.7 8   0.0 1.3 0.0 15.24
443 rcc 68 102 8   0.0 1.3 0.0 29
444 rcc 68 102 8   0.0 1.3 0.0 15.24
45 rcc -2 -77 8   0.0 -25 0.0 29 $wheel 3
46 rcc -2 -77 8   0.0 -25 0.0 27.7
461 rcc -2 -75.7 8   0.0 -1.3 0.0 29
462 rcc -2 -75.7 8   0.0 -1.3 0.0 15.24
463 rcc -2 -102 8   0.0 -1.3 0.0 29
464 rcc -2 -102 8   0.0 -1.3 0.0 15.24
47 rcc 68 -77 8   0.0 -25 0.0 29 $wheel 4
48 rcc 68 -77 8   0.0 -25 0.0 27.7
481 rcc 68 -75.7 8   0.0 -1.3 0.0 29
482 rcc 68 -75.7 8   0.0 -1.3 0.0 15.24
483 rcc 68 -102 8   0.0 -1.3 0.0 29
484 rcc 68 -102 8   0.0 -1.3 0.0 15.24
200 so 800    $sphere of 800cm centered at origin
c

c DATA CARDS
mode n p
c dump every hr
prdmp -60 -60 -1
c 100 keV Neutron Energy Cutoff
Cut:n 1j 0.1
c analog neutron transport
phys:n 1j 14
phys:p
sdef pos=0 0 0 erg=14.0 vec= 0 0 1 dir=d1
si1  -1 .93 1
sp1   0  0.0  1.0
c ********************
c begin material cards
c ********************
c Pure Carbon
c ****************************************
m400000 6000 -0.004707292683634099 7000 -0.004707292683634099 14000 -0.9905854146327314 
m400001 6000 -0.0036901621735470963 7000 -0.0036901621735470963 14000 -0.9926196756529059 
m400002 6000 -0.004472953934993317 7000 -0.004472953934993317 14000 -0.991054092130013 
m400003 6000 -0.006395599468706624 7000 -0.006395599468706624 14000 -0.9872088010625869 
m400004 6000 -0.009747225906125307 7000 -0.009747225906125307 14000 -0.9805055481877497 
m400005 6000 -0.004293657840831461 7000 -0.004293657840831461 14000 -0.9914126843183374 
m400006 6000 -0.003657539090008421 7000 -0.003657539090008421 14000 -0.9926849218199831 
m400007 6000 -0.004234745061671312 7000 -0.004234745061671312 14000 -0.9915305098766575 
m400008 6000 -0.006779251084447165 7000 -0.006779251084447165 14000 -0.9864414978311055 
m400009 6000 -0.010071164588147115 7000 -0.010071164588147115 14000 -0.9798576708237056 
m400010 6000 -0.004749900015479485 7000 -0.004749900015479485 14000 -0.9905001999690412 
m400011 6000 -0.0037381644084385317 7000 -0.0037381644084385317 14000 -0.9925236711831228 
m400012 6000 -0.004215366356813207 7000 -0.004215366356813207 14000 -0.9915692672863738 
m400013 6000 -0.006341264858318565 7000 -0.006341264858318565 14000 -0.9873174702833627 
m400014 6000 -0.009156860352209919 7000 -0.009156860352209919 14000 -0.9816862792955802 
m400015 6000 -0.004593360123883062 7000 -0.004593360123883062 14000 -0.990813279752234 
m400016 6000 -0.0037648054471023863 7000 -0.0037648054471023863 14000 -0.9924703891057953 
m400017 6000 -0.004275208062536763 7000 -0.004275208062536763 14000 -0.9914495838749267 
m400018 6000 -0.006225404197791523 7000 -0.006225404197791523 14000 -0.9875491916044169 
m400019 6000 -0.009496597066279762 7000 -0.009496597066279762 14000 -0.9810068058674406 
m400020 6000 -0.0045296798315992886 7000 -0.0045296798315992886 14000 -0.9909406403368013 
m400021 6000 -0.0037098281333932497 7000 -0.0037098281333932497 14000 -0.9925803437332137 
m400022 6000 -0.004102694435171676 7000 -0.004102694435171676 14000 -0.9917946111296567 
m400023 6000 -0.005851139658061524 7000 -0.005851139658061524 14000 -0.9882977206838772 
m400024 6000 -0.01000091026147079 7000 -0.01000091026147079 14000 -0.9799981794770585 
m400025 6000 -0.0044631659406254385 7000 -0.0044631659406254385 14000 -0.991073668118749 
m400026 6000 -0.003723653896390883 7000 -0.003723653896390883 14000 -0.9925526922072181 
m400027 6000 -0.004444283066470751 7000 -0.004444283066470751 14000 -0.9911114338670586 
m400028 6000 -0.006329348388426775 7000 -0.006329348388426775 14000 -0.9873413032231464 
m400029 6000 -0.009806116767872644 7000 -0.009806116767872644 14000 -0.9803877664642549 
m400030 6000 -0.004648273461953717 7000 -0.004648273461953717 14000 -0.9907034530760925 
m400031 6000 -0.0037256198183010236 7000 -0.0037256198183010236 14000 -0.9925487603633979 
m400032 6000 -0.004242201832669935 7000 -0.004242201832669935 14000 -0.9915155963346602 
m400033 6000 -0.006538136259220644 7000 -0.006538136259220644 14000 -0.9869237274815589 
m400034 6000 -0.010076030967207274 7000 -0.010076030967207274 14000 -0.9798479380655856 
m400035 6000 -0.004577704124592057 7000 -0.004577704124592057 14000 -0.9908445917508162 
m400036 6000 -0.003750072049403322 7000 -0.003750072049403322 14000 -0.9924998559011935 
m400037 6000 -0.004462250366790903 7000 -0.004462250366790903 14000 -0.9910754992664184 
m400038 6000 -0.0063239063760761995 7000 -0.0063239063760761995 14000 -0.9873521872478475 
m400039 6000 -0.009052169044359532 7000 -0.009052169044359532 14000 -0.9818956619112811 
m400040 6000 -0.00474666549659979 7000 -0.00474666549659979 14000 -0.9905066690068004 
m400041 6000 -0.0037318098973996715 7000 -0.0037318098973996715 14000 -0.9925363802052005 
m400042 6000 -0.004197777188012116 7000 -0.004197777188012116 14000 -0.9916044456239758 
m400043 6000 -0.006162761667517138 7000 -0.006162761667517138 14000 -0.9876744766649659 
m400044 6000 -0.009813415878282234 7000 -0.009813415878282234 14000 -0.9803731682434352 
m400045 6000 -0.004438672315584062 7000 -0.004438672315584062 14000 -0.991122655368832 
m400046 6000 -0.0036988676392870567 7000 -0.0036988676392870567 14000 -0.9926022647214258 
m400047 6000 -0.004274147310920909 7000 -0.004274147310920909 14000 -0.9914517053781582 
m400048 6000 -0.006181618456613325 7000 -0.006181618456613325 14000 -0.9876367630867737 
m400049 6000 -0.009138455419020171 7000 -0.009138455419020171 14000 -0.9817230891619596 
m400050 6000 -0.004663435841885306 7000 -0.004663435841885306 14000 -0.9906731283162291 
m400051 6000 -0.0037498251035463313 7000 -0.0037498251035463313 14000 -0.9925003497929071 
m400052 6000 -0.004395893301523121 7000 -0.004395893301523121 14000 -0.9912082133969539 
m400053 6000 -0.006175152127158764 7000 -0.006175152127158764 14000 -0.9876496957456825 
m400054 6000 -0.009948300612307543 7000 -0.009948300612307543 14000 -0.9801033987753853 
m400055 6000 -0.004341437391162489 7000 -0.004341437391162489 14000 -0.991317125217675 
m400056 6000 -0.0038036858223540427 7000 -0.0038036858223540427 14000 -0.9923926283552922 
m400057 6000 -0.004232001341388142 7000 -0.004232001341388142 14000 -0.9915359973172237 
m400058 6000 -0.006147706000389428 7000 -0.006147706000389428 14000 -0.9877045879992212 
m400059 6000 -0.00952947113392293 7000 -0.00952947113392293 14000 -0.9809410577321543 
m400060 6000 -0.004672616708477211 7000 -0.004672616708477211 14000 -0.9906547665830457 
m400061 6000 -0.003716149445543316 7000 -0.003716149445543316 14000 -0.9925677011089132 
m400062 6000 -0.0042981738666922455 7000 -0.0042981738666922455 14000 -0.9914036522666155 
m400063 6000 -0.006617723400862865 7000 -0.006617723400862865 14000 -0.9867645531982739 
m400064 6000 -0.009004629610522915 7000 -0.009004629610522915 14000 -0.9819907407789542 
m400065 6000 -0.004536594296043334 7000 -0.004536594296043334 14000 -0.9909268114079133 
m400066 6000 -0.0037785023427865843 7000 -0.0037785023427865843 14000 -0.9924429953144269 
m400067 6000 -0.004526596235146288 7000 -0.004526596235146288 14000 -0.9909468075297074 
m400068 6000 -0.006108906434396671 7000 -0.006108906434396671 14000 -0.9877821871312068 
m400069 6000 -0.009563149594536765 7000 -0.009563149594536765 14000 -0.9808737008109263 
m400070 6000 -0.004563735808111132 7000 -0.004563735808111132 14000 -0.9908725283837783 
m400071 6000 -0.003751024897967239 7000 -0.003751024897967239 14000 -0.9924979502040655 
m400072 6000 -0.004186133102513923 7000 -0.004186133102513923 14000 -0.9916277337949724 
m400073 6000 -0.006549596222464459 7000 -0.006549596222464459 14000 -0.9869008075550709 
m400074 6000 -0.00941663345228904 7000 -0.00941663345228904 14000 -0.9811667330954219 
m400075 6000 -0.004372945156970215 7000 -0.004372945156970215 14000 -0.9912541096860596 
m400076 6000 -0.003697687275493016 7000 -0.003697687275493016 14000 -0.9926046254490142 
m400077 6000 -0.0041956921374387175 7000 -0.0041956921374387175 14000 -0.9916086157251225 
m400078 6000 -0.006493294576255377 7000 -0.006493294576255377 14000 -0.9870134108474895 
m400079 6000 -0.009694150984494517 7000 -0.009694150984494517 14000 -0.9806116980310112 
m400080 6000 -0.004524455533713097 7000 -0.004524455533713097 14000 -0.990951088932574 
m400081 6000 -0.0037708144719679686 7000 -0.0037708144719679686 14000 -0.9924583710560639 
m400082 6000 -0.004132373049833691 7000 -0.004132373049833691 14000 -0.9917352539003326 
m400083 6000 -0.006597639906811994 7000 -0.006597639906811994 14000 -0.9868047201863759 
m400084 6000 -0.009773267531041501 7000 -0.009773267531041501 14000 -0.9804534649379169 
m400085 6000 -0.004756797004969711 7000 -0.004756797004969711 14000 -0.9904864059900603 
m400086 6000 -0.003729929031752377 7000 -0.003729929031752377 14000 -0.9925401419364952 
m400087 6000 -0.004401841444274316 7000 -0.004401841444274316 14000 -0.9911963171114512 
m400088 6000 -0.006213584460077828 7000 -0.006213584460077828 14000 -0.9875728310798445 
m400089 6000 -0.009303642974456799 7000 -0.009303642974456799 14000 -0.9813927140510863 
m400090 6000 -0.0045880751929105205 7000 -0.0045880751929105205 14000 -0.9908238496141792 
m400091 6000 -0.00376851078312573 7000 -0.00376851078312573 14000 -0.9924629784337484 
m400092 6000 -0.004309490599200572 7000 -0.004309490599200572 14000 -0.9913810188015988 
m400093 6000 -0.006607975489856924 7000 -0.006607975489856924 14000 -0.9867840490202862 
m400094 6000 -0.00954375928907709 7000 -0.00954375928907709 14000 -0.9809124814218455 
m400095 6000 -0.004628268899108084 7000 -0.004628268899108084 14000 -0.9907434622017837 
m400096 6000 -0.003723035153530152 7000 -0.003723035153530152 14000 -0.9925539296929395 
m400097 6000 -0.004442735064489418 7000 -0.004442735064489418 14000 -0.9911145298710214 
m400098 6000 -0.00595416635651951 7000 -0.00595416635651951 14000 -0.988091667286961 
m400099 6000 -0.009974432721021161 7000 -0.009974432721021161 14000 -0.9800511345579578 
m400100 6000 -0.004686665780226966 7000 -0.004686665780226966 14000 -0.9906266684395458 
m400101 6000 -0.003739512718348377 7000 -0.003739512718348377 14000 -0.9925209745633033 
m400102 6000 -0.004317081495430569 7000 -0.004317081495430569 14000 -0.9913658370091387 
m400103 6000 -0.006512340190440327 7000 -0.006512340190440327 14000 -0.9869753196191192 
m400104 6000 -0.009117274740124432 7000 -0.009117274740124432 14000 -0.9817654505197514 
m400105 6000 -0.0048109672894831815 7000 -0.0048109672894831815 14000 -0.9903780654210338 
m400106 6000 -0.003679947229398299 7000 -0.003679947229398299 14000 -0.9926401055412032 
m400107 6000 -0.004539437673331559 7000 -0.004539437673331559 14000 -0.9909211246533367 
m400108 6000 -0.006010656916278129 7000 -0.006010656916278129 14000 -0.9879786861674437 
m400109 6000 -0.00907937018722122 7000 -0.00907937018722122 14000 -0.9818412596255578 
m400110 6000 -0.004480287120709825 7000 -0.004480287120709825 14000 -0.9910394257585804 
m400111 6000 -0.003678075878716129 7000 -0.003678075878716129 14000 -0.9926438482425675 
m400112 6000 -0.004408827293447114 7000 -0.004408827293447114 14000 -0.9911823454131061 
m400113 6000 -0.006825295533131868 7000 -0.006825295533131868 14000 -0.9863494089337362 
m400114 6000 -0.009520791340178249 7000 -0.009520791340178249 14000 -0.9809584173196435 
m400115 6000 -0.004765433216967873 7000 -0.004765433216967873 14000 -0.9904691335660643 
m400116 6000 -0.00373345612877523 7000 -0.00373345612877523 14000 -0.9925330877424497 
m400117 6000 -0.004471954905583886 7000 -0.004471954905583886 14000 -0.9910560901888321 
m400118 6000 -0.006139754954845814 7000 -0.006139754954845814 14000 -0.9877204900903083 
m400119 6000 -0.00923398553817593 7000 -0.00923398553817593 14000 -0.981532028923648 
m400120 6000 -0.004627253992616319 7000 -0.004627253992616319 14000 -0.9907454920147677 
m400121 6000 -0.003694750296854589 7000 -0.003694750296854589 14000 -0.9926104994062906 
m400122 6000 -0.00430611213139779 7000 -0.00430611213139779 14000 -0.9913877757372045 
m400123 6000 -0.00702671903563578 7000 -0.00702671903563578 14000 -0.9859465619287284 
m400124 6000 -0.009487981927570242 7000 -0.009487981927570242 14000 -0.9810240361448596 
c **********************************
c PE+Pb, dens=4.78 g/cm3
m2      6000    -0.04286 $Carbon
        1001    -0.00714 $Hydrogen
        82000   -0.95000 $Lead
c **********************************
m3    1001 -0.048535 $Boric acid
      5010 -0.034981
      5011 -0.139923
      8016 -0.776561
c **********************************
m4    82000 1 $Lead
c **********************************
m5 26000 1 $Iron
c **********************************
m6     13027   -1.000 $ Aluminum
c **********************************
c  SS-304 (8.00 g/cm3), #298 in PNNL Compendium
m7   006000.50c -0.0004000
     014000.60c -0.0050000
     015031.50c -0.0002300
     016000.60c -0.0001500
     024000.50c -0.1899981
     025055.60c -0.0099999
     026000.50c -0.7017229
     028000.50c -0.0924991
c ****************************************
c       LaBr detector
c ****************************************
m8       35079    -0.2946       $ Br79
         35081    -0.3069       $ Br81
         57139    -0.3485       $ La139
         58140    -0.0500       $ Ce140
c ************ air den=1.15e-3g/cc
m12     8016 -0.23
        7014 -0.77
c ************ Rubber Natural den=0.92 g/cc
m13     1001 -0.118371  $weight fraction
        6000 -0.881629
c
c end material cards
c
rand seed=8674536546524321 $different initial random #; seed# - any less 18 digits
c
c ********** begin tallies *********************
fc78 *********Broadened Pulse Height Tally Sum of Detectors 1,2 & 3 ***********
e78 0 1e-5 932i 8.4295
F78:p (101)
FT78 GEB -0.026198 0.059551 -0.037176
fc18 *********Unbroadened Pulse Height Tally Sum of Detectors 1,2 & 3 ***********
e18 0 1e-5 932i 8.4295
F18:p (101)
c ***********************************
c mplot tal 78 freq 10000
nps 1e9
