c CAS DETECTOR
c w/ Shielding in Place and Wheels
c
c CELL CARDS
c
c @@@@@@@@@@ Detectors @@@@@@@@@@@@@@@@@
c
101 8 -5.08 -21 imp:n,p 1 $LaBr Detector #1 Active Region
c
c @@@@@@@@@ Shielding @@@@@@@@@@@@@@@@@
c
121 2 -4.78 -31 imp:n,p 1 $PE_Pb
122 4 -11.29 -32 imp:n,p 1 $Pb1
123 4 -11.29 -33 imp:n,p 1 $Pb2
124 4 -11.29 -34 imp:n,p 1 $Pb3
125 4 -11.29 -35 imp:n,p 1 $Pb4
126 4 -11.29 -36 imp:n,p 1 $Pb5
127 4 -11.29 -37 imp:n,p 1 $Pb6
128 3 -1.5 -38 imp:n,p 1 $BA1
129 3 -1.5 -39 imp:n,p 1 $BA2
130 6 -2.7 -40 imp:n,p 1 $Al
131 7 -7.92 301 -302 303 -304 imp:n,p 1 $Fe-tube
132 5 -7.8 -401 imp:n,p 1 $Fe
133 5 -7.8 -402 imp:n,p 1 $Fe
c @@@@@@@@@@ Wheels @@@@@@@@@@@@@@@@@
c
21 13 -0.92 -41 42 imp:n,p 1 $Wheel 1
211 13 -0.92 -421 422 imp:n,p 1 $Wheel 1
212 13 -0.92 -423 424 imp:n,p 1 $Wheel 1
22 13 -0.92 -43 44 imp:n,p 1 $Wheel 2
221 13 -0.92 -441 442 imp:n,p 1 $Wheel 2
222 13 -0.92 -443 444 imp:n,p 1 $Wheel 2
23 13 -0.92 -45 46 imp:n,p 1 $Wheel 3
231 13 -0.92 -461 462 imp:n,p 1 $Wheel 3
232 13 -0.92 -463 464 imp:n,p 1 $Wheel 3
24 13 -0.92 -47 48 imp:n,p 1 $Wheel 4
241 13 -0.92 -481 482 imp:n,p 1 $Wheel 4
242 13 -0.92 -483 484 imp:n,p 1 $Wheel 4
c
c @@@@@@@@@@ SOIL VOLUME @@@@@@@@@@@
c
300000 400000 -2.156 20010 -20011 20020 -20021 20030 -20031 imp:n,p 1
300001 400001 -2.156 20010 -20011 20020 -20021 20031 -20032 imp:n,p 1
300002 400002 -2.156 20010 -20011 20020 -20021 20032 -20033 imp:n,p 1
300003 400003 -2.156 20010 -20011 20020 -20021 20033 -20034 imp:n,p 1
300004 400004 -2.156 20010 -20011 20020 -20021 20034 -20035 imp:n,p 1
300005 400005 -2.156 20011 -20012 20020 -20021 20030 -20031 imp:n,p 1
300006 400006 -2.156 20011 -20012 20020 -20021 20031 -20032 imp:n,p 1
300007 400007 -2.156 20011 -20012 20020 -20021 20032 -20033 imp:n,p 1
300008 400008 -2.156 20011 -20012 20020 -20021 20033 -20034 imp:n,p 1
300009 400009 -2.156 20011 -20012 20020 -20021 20034 -20035 imp:n,p 1
300010 400010 -2.156 20012 -20013 20020 -20021 20030 -20031 imp:n,p 1
300011 400011 -2.156 20012 -20013 20020 -20021 20031 -20032 imp:n,p 1
300012 400012 -2.156 20012 -20013 20020 -20021 20032 -20033 imp:n,p 1
300013 400013 -2.156 20012 -20013 20020 -20021 20033 -20034 imp:n,p 1
300014 400014 -2.156 20012 -20013 20020 -20021 20034 -20035 imp:n,p 1
300015 400015 -2.156 20013 -20014 20020 -20021 20030 -20031 imp:n,p 1
300016 400016 -2.156 20013 -20014 20020 -20021 20031 -20032 imp:n,p 1
300017 400017 -2.156 20013 -20014 20020 -20021 20032 -20033 imp:n,p 1
300018 400018 -2.156 20013 -20014 20020 -20021 20033 -20034 imp:n,p 1
300019 400019 -2.156 20013 -20014 20020 -20021 20034 -20035 imp:n,p 1
300020 400020 -2.156 20014 -20015 20020 -20021 20030 -20031 imp:n,p 1
300021 400021 -2.156 20014 -20015 20020 -20021 20031 -20032 imp:n,p 1
300022 400022 -2.156 20014 -20015 20020 -20021 20032 -20033 imp:n,p 1
300023 400023 -2.156 20014 -20015 20020 -20021 20033 -20034 imp:n,p 1
300024 400024 -2.156 20014 -20015 20020 -20021 20034 -20035 imp:n,p 1
300025 400025 -2.156 20010 -20011 20021 -20022 20030 -20031 imp:n,p 1
300026 400026 -2.156 20010 -20011 20021 -20022 20031 -20032 imp:n,p 1
300027 400027 -2.156 20010 -20011 20021 -20022 20032 -20033 imp:n,p 1
300028 400028 -2.156 20010 -20011 20021 -20022 20033 -20034 imp:n,p 1
300029 400029 -2.156 20010 -20011 20021 -20022 20034 -20035 imp:n,p 1
300030 400030 -2.156 20011 -20012 20021 -20022 20030 -20031 imp:n,p 1
300031 400031 -2.156 20011 -20012 20021 -20022 20031 -20032 imp:n,p 1
300032 400032 -2.156 20011 -20012 20021 -20022 20032 -20033 imp:n,p 1
300033 400033 -2.156 20011 -20012 20021 -20022 20033 -20034 imp:n,p 1
300034 400034 -2.156 20011 -20012 20021 -20022 20034 -20035 imp:n,p 1
300035 400035 -2.156 20012 -20013 20021 -20022 20030 -20031 imp:n,p 1
300036 400036 -2.156 20012 -20013 20021 -20022 20031 -20032 imp:n,p 1
300037 400037 -2.156 20012 -20013 20021 -20022 20032 -20033 imp:n,p 1
300038 400038 -2.156 20012 -20013 20021 -20022 20033 -20034 imp:n,p 1
300039 400039 -2.156 20012 -20013 20021 -20022 20034 -20035 imp:n,p 1
300040 400040 -2.156 20013 -20014 20021 -20022 20030 -20031 imp:n,p 1
300041 400041 -2.156 20013 -20014 20021 -20022 20031 -20032 imp:n,p 1
300042 400042 -2.156 20013 -20014 20021 -20022 20032 -20033 imp:n,p 1
300043 400043 -2.156 20013 -20014 20021 -20022 20033 -20034 imp:n,p 1
300044 400044 -2.156 20013 -20014 20021 -20022 20034 -20035 imp:n,p 1
300045 400045 -2.156 20014 -20015 20021 -20022 20030 -20031 imp:n,p 1
300046 400046 -2.156 20014 -20015 20021 -20022 20031 -20032 imp:n,p 1
300047 400047 -2.156 20014 -20015 20021 -20022 20032 -20033 imp:n,p 1
300048 400048 -2.156 20014 -20015 20021 -20022 20033 -20034 imp:n,p 1
300049 400049 -2.156 20014 -20015 20021 -20022 20034 -20035 imp:n,p 1
300050 400050 -2.156 20010 -20011 20022 -20023 20030 -20031 imp:n,p 1
300051 400051 -2.156 20010 -20011 20022 -20023 20031 -20032 imp:n,p 1
300052 400052 -2.156 20010 -20011 20022 -20023 20032 -20033 imp:n,p 1
300053 400053 -2.156 20010 -20011 20022 -20023 20033 -20034 imp:n,p 1
300054 400054 -2.156 20010 -20011 20022 -20023 20034 -20035 imp:n,p 1
300055 400055 -2.156 20011 -20012 20022 -20023 20030 -20031 imp:n,p 1
300056 400056 -2.156 20011 -20012 20022 -20023 20031 -20032 imp:n,p 1
300057 400057 -2.156 20011 -20012 20022 -20023 20032 -20033 imp:n,p 1
300058 400058 -2.156 20011 -20012 20022 -20023 20033 -20034 imp:n,p 1
300059 400059 -2.156 20011 -20012 20022 -20023 20034 -20035 imp:n,p 1
300060 400060 -2.156 20012 -20013 20022 -20023 20030 -20031 imp:n,p 1
300061 400061 -2.156 20012 -20013 20022 -20023 20031 -20032 imp:n,p 1
300062 400062 -2.156 20012 -20013 20022 -20023 20032 -20033 imp:n,p 1
300063 400063 -2.156 20012 -20013 20022 -20023 20033 -20034 imp:n,p 1
300064 400064 -2.156 20012 -20013 20022 -20023 20034 -20035 imp:n,p 1
300065 400065 -2.156 20013 -20014 20022 -20023 20030 -20031 imp:n,p 1
300066 400066 -2.156 20013 -20014 20022 -20023 20031 -20032 imp:n,p 1
300067 400067 -2.156 20013 -20014 20022 -20023 20032 -20033 imp:n,p 1
300068 400068 -2.156 20013 -20014 20022 -20023 20033 -20034 imp:n,p 1
300069 400069 -2.156 20013 -20014 20022 -20023 20034 -20035 imp:n,p 1
300070 400070 -2.156 20014 -20015 20022 -20023 20030 -20031 imp:n,p 1
300071 400071 -2.156 20014 -20015 20022 -20023 20031 -20032 imp:n,p 1
300072 400072 -2.156 20014 -20015 20022 -20023 20032 -20033 imp:n,p 1
300073 400073 -2.156 20014 -20015 20022 -20023 20033 -20034 imp:n,p 1
300074 400074 -2.156 20014 -20015 20022 -20023 20034 -20035 imp:n,p 1
300075 400075 -2.156 20010 -20011 20023 -20024 20030 -20031 imp:n,p 1
300076 400076 -2.156 20010 -20011 20023 -20024 20031 -20032 imp:n,p 1
300077 400077 -2.156 20010 -20011 20023 -20024 20032 -20033 imp:n,p 1
300078 400078 -2.156 20010 -20011 20023 -20024 20033 -20034 imp:n,p 1
300079 400079 -2.156 20010 -20011 20023 -20024 20034 -20035 imp:n,p 1
300080 400080 -2.156 20011 -20012 20023 -20024 20030 -20031 imp:n,p 1
300081 400081 -2.156 20011 -20012 20023 -20024 20031 -20032 imp:n,p 1
300082 400082 -2.156 20011 -20012 20023 -20024 20032 -20033 imp:n,p 1
300083 400083 -2.156 20011 -20012 20023 -20024 20033 -20034 imp:n,p 1
300084 400084 -2.156 20011 -20012 20023 -20024 20034 -20035 imp:n,p 1
300085 400085 -2.156 20012 -20013 20023 -20024 20030 -20031 imp:n,p 1
300086 400086 -2.156 20012 -20013 20023 -20024 20031 -20032 imp:n,p 1
300087 400087 -2.156 20012 -20013 20023 -20024 20032 -20033 imp:n,p 1
300088 400088 -2.156 20012 -20013 20023 -20024 20033 -20034 imp:n,p 1
300089 400089 -2.156 20012 -20013 20023 -20024 20034 -20035 imp:n,p 1
300090 400090 -2.156 20013 -20014 20023 -20024 20030 -20031 imp:n,p 1
300091 400091 -2.156 20013 -20014 20023 -20024 20031 -20032 imp:n,p 1
300092 400092 -2.156 20013 -20014 20023 -20024 20032 -20033 imp:n,p 1
300093 400093 -2.156 20013 -20014 20023 -20024 20033 -20034 imp:n,p 1
300094 400094 -2.156 20013 -20014 20023 -20024 20034 -20035 imp:n,p 1
300095 400095 -2.156 20014 -20015 20023 -20024 20030 -20031 imp:n,p 1
300096 400096 -2.156 20014 -20015 20023 -20024 20031 -20032 imp:n,p 1
300097 400097 -2.156 20014 -20015 20023 -20024 20032 -20033 imp:n,p 1
300098 400098 -2.156 20014 -20015 20023 -20024 20033 -20034 imp:n,p 1
300099 400099 -2.156 20014 -20015 20023 -20024 20034 -20035 imp:n,p 1
300100 400100 -2.156 20010 -20011 20024 -20025 20030 -20031 imp:n,p 1
300101 400101 -2.156 20010 -20011 20024 -20025 20031 -20032 imp:n,p 1
300102 400102 -2.156 20010 -20011 20024 -20025 20032 -20033 imp:n,p 1
300103 400103 -2.156 20010 -20011 20024 -20025 20033 -20034 imp:n,p 1
300104 400104 -2.156 20010 -20011 20024 -20025 20034 -20035 imp:n,p 1
300105 400105 -2.156 20011 -20012 20024 -20025 20030 -20031 imp:n,p 1
300106 400106 -2.156 20011 -20012 20024 -20025 20031 -20032 imp:n,p 1
300107 400107 -2.156 20011 -20012 20024 -20025 20032 -20033 imp:n,p 1
300108 400108 -2.156 20011 -20012 20024 -20025 20033 -20034 imp:n,p 1
300109 400109 -2.156 20011 -20012 20024 -20025 20034 -20035 imp:n,p 1
300110 400110 -2.156 20012 -20013 20024 -20025 20030 -20031 imp:n,p 1
300111 400111 -2.156 20012 -20013 20024 -20025 20031 -20032 imp:n,p 1
300112 400112 -2.156 20012 -20013 20024 -20025 20032 -20033 imp:n,p 1
300113 400113 -2.156 20012 -20013 20024 -20025 20033 -20034 imp:n,p 1
300114 400114 -2.156 20012 -20013 20024 -20025 20034 -20035 imp:n,p 1
300115 400115 -2.156 20013 -20014 20024 -20025 20030 -20031 imp:n,p 1
300116 400116 -2.156 20013 -20014 20024 -20025 20031 -20032 imp:n,p 1
300117 400117 -2.156 20013 -20014 20024 -20025 20032 -20033 imp:n,p 1
300118 400118 -2.156 20013 -20014 20024 -20025 20033 -20034 imp:n,p 1
300119 400119 -2.156 20013 -20014 20024 -20025 20034 -20035 imp:n,p 1
300120 400120 -2.156 20014 -20015 20024 -20025 20030 -20031 imp:n,p 1
300121 400121 -2.156 20014 -20015 20024 -20025 20031 -20032 imp:n,p 1
300122 400122 -2.156 20014 -20015 20024 -20025 20032 -20033 imp:n,p 1
300123 400123 -2.156 20014 -20015 20024 -20025 20033 -20034 imp:n,p 1
300124 400124 -2.156 20014 -20015 20024 -20025 20034 -20035 imp:n,p 1
c
30 12 -0.00129 -200 #101 #121 #122 #123 #124 #125 #126 #127 #128 #129 #130 #131 #132 #133
        #21 #211 #212 #22 #221 #222 #23 #231 #232 #24 #241 #242 #20 imp:n,p 1 $Rest of the World
31 0 200 imp:n,p 0 $Outside world

c SURFACE CARDS
c
c Sample Volume
20010 px -56.0
20011 px -33.600000000000364
20012 px -11.200000000000728
20013 px 11.200000000000728
20014 px 33.600000000000364
20015 px 56.0
20020 py -45.0
20021 py -27.0
20022 py -9.0
20023 py 9.0
20024 py 27.0
20025 py 45.0
20030 pz 92.0
20031 pz 82.0
20032 pz 72.0
20033 pz 62.0
20034 pz 52.0
20035 pz 42.0
c Active Detector Region
21 rcc 56  -5.0 -1.0   0.0 20.3 0.0   4.5 $Detector 1 Base center, Hx,Hy,Hz, radius
c Shielding Surfaces
c Shielding Pb
31 rpp 19 29 -7.5 7.5 -11 9 $PbPE xmin xmax ymin ymax zmin zmax
32 rpp 9 19 4 9 -11 9 $Pb xmin xmax ymin ymax zmin zmax
33 rpp 9 19 -9 -4 -11 9 $Pb xmin xmax ymin ymax zmin zmax
34 rpp 19 29 7.5 12.5 -11 9 $Pb xmin xmax ymin ymax zmin zmax
35 rpp 19 29 -12.5 -7.5 -11 9 $Pb xmin xmax ymin ymax zmin zmax
36 rpp 29 34 -15 15 -11 9 $Pb xmin xmax ymin ymax zmin zmax
37 rpp 9 19 -4 4 4 9 $Pb xmin xmax ymin ymax zmin zmax
38 rpp -26 26 18 28 -11 9 $BA1 xmin xmax ymin ymax zmin zmax
39 rpp -26 26 -28 -18 -11 9 $BA2 xmin xmax ymin ymax zmin zmax
40 rpp -65 65 -28 28 10 10.5 $Al xmin xmax ymin ymax zmin zmax
401 rpp -27 27 29 34 -11 9 $Fe xmin xmax ymin ymax zmin zmax
402 rpp -27 27 -34 -29 -11 9 $Fe xmin xmax ymin ymax zmin zmax
301 px -20
302 px 18
303 cx 3.71
304 cx 3.81
c Wheels Surfaces
c 23/10.5-12 turf tires, 22.6 lb rubber
c diameter 29cm, tread width 25cm, and sidewall height 13.76 cm
c set thickness of all sides 1.3 cm (s.t. weight is 22.6 lb)
41 rcc -2 77 8   0.0 25 0.0 29 $wheel 1 outer tread surface
42 rcc -2 77 8   0.0 25 0.0 27.7 $wheel 1 inner tread surface
421 rcc -2 75.7 8   0.0 1.3 0.0 29 $wheel 1 outside sidewall exterior
422 rcc -2 75.7 8   0.0 1.3 0.0 15.24 $wheel 1 outside sidewall interior
423 rcc -2 102 8   0.0 1.3 0.0 29 $wheel 1 inside sidewall exterior
424 rcc -2 102 8   0.0 1.3 0.0 15.24 $wheel 1 inside sidewall interior
43 rcc 68 77 8   0.0 25 0.0 29 $wheel 2
44 rcc 68 77 8   0.0 25 0.0 27.7
441 rcc 68 75.7 8   0.0 1.3 0.0 29
442 rcc 68 75.7 8   0.0 1.3 0.0 15.24
443 rcc 68 102 8   0.0 1.3 0.0 29
444 rcc 68 102 8   0.0 1.3 0.0 15.24
45 rcc -2 -77 8   0.0 -25 0.0 29 $wheel 3
46 rcc -2 -77 8   0.0 -25 0.0 27.7
461 rcc -2 -75.7 8   0.0 -1.3 0.0 29
462 rcc -2 -75.7 8   0.0 -1.3 0.0 15.24
463 rcc -2 -102 8   0.0 -1.3 0.0 29
464 rcc -2 -102 8   0.0 -1.3 0.0 15.24
47 rcc 68 -77 8   0.0 -25 0.0 29 $wheel 4
48 rcc 68 -77 8   0.0 -25 0.0 27.7
481 rcc 68 -75.7 8   0.0 -1.3 0.0 29
482 rcc 68 -75.7 8   0.0 -1.3 0.0 15.24
483 rcc 68 -102 8   0.0 -1.3 0.0 29
484 rcc 68 -102 8   0.0 -1.3 0.0 15.24
200 so 800    $sphere of 800cm centered at origin
c

c DATA CARDS
mode n p
c dump every hr
prdmp -60 -60 -1
c 100 keV Neutron Energy Cutoff
Cut:n 1j 0.1
c analog neutron transport
phys:n 1j 14
phys:p
sdef pos=0 0 0 erg=14.0 vec= 0 0 1 dir=d1
si1  -1 .93 1
sp1   0  0.0  1.0
c ********************
c begin material cards
c ********************
c Pure Carbon
c ****************************************
m400000 6000 -0.0052352977059281335 7000 -0.0052352977059281335 14000 -0.9895294045881436 
m400001 6000 -0.00396472639998235 7000 -0.00396472639998235 14000 -0.9920705472000357 
m400002 6000 -0.004588779079242349 7000 -0.004588779079242349 14000 -0.9908224418415154 
m400003 6000 -0.006596385286790887 7000 -0.006596385286790887 14000 -0.9868072294264185 
m400004 6000 -0.010096033118818206 7000 -0.010096033118818206 14000 -0.9798079337623635 
m400005 6000 -0.004960199032767993 7000 -0.004960199032767993 14000 -0.990079601934464 
m400006 6000 -0.004018246840223003 7000 -0.004018246840223003 14000 -0.9919635063195544 
m400007 6000 -0.004830355604301382 7000 -0.004830355604301382 14000 -0.9903392887913973 
m400008 6000 -0.006908484164957801 7000 -0.006908484164957801 14000 -0.9861830316700848 
m400009 6000 -0.010641092632408446 7000 -0.010641092632408446 14000 -0.9787178147351833 
m400010 6000 -0.004720734807507847 7000 -0.004720734807507847 14000 -0.9905585303849844 
m400011 6000 -0.0040602417096784246 7000 -0.0040602417096784246 14000 -0.9918795165806432 
m400012 6000 -0.004534137699025614 7000 -0.004534137699025614 14000 -0.9909317246019488 
m400013 6000 -0.006651210995526546 7000 -0.006651210995526546 14000 -0.9866975780089473 
m400014 6000 -0.009584738637531258 7000 -0.009584738637531258 14000 -0.9808305227249374 
m400015 6000 -0.004806845806547431 7000 -0.004806845806547431 14000 -0.9903863083869051 
m400016 6000 -0.00404538592270122 7000 -0.00404538592270122 14000 -0.9919092281545975 
m400017 6000 -0.0047969299832231 7000 -0.0047969299832231 14000 -0.9904061400335539 
m400018 6000 -0.006394237808953699 7000 -0.006394237808953699 14000 -0.987211524382093 
m400019 6000 -0.009762880467127555 7000 -0.009762880467127555 14000 -0.9804742390657446 
m400020 6000 -0.004725350593222864 7000 -0.004725350593222864 14000 -0.990549298813554 
m400021 6000 -0.00400905018998462 7000 -0.00400905018998462 14000 -0.991981899620031 
m400022 6000 -0.004398597506764695 7000 -0.004398597506764695 14000 -0.9912028049864703 
m400023 6000 -0.006512881804661561 7000 -0.006512881804661561 14000 -0.9869742363906766 
m400024 6000 -0.010263158249676814 7000 -0.010263158249676814 14000 -0.9794736835006465 
m400025 6000 -0.00477712670182068 7000 -0.00477712670182068 14000 -0.9904457465963584 
m400026 6000 -0.004016129825025581 7000 -0.004016129825025581 14000 -0.9919677403499488 
m400027 6000 -0.0044866773804997885 7000 -0.0044866773804997885 14000 -0.9910266452390002 
m400028 6000 -0.006431195723716071 7000 -0.006431195723716071 14000 -0.987137608552568 
m400029 6000 -0.009709643695544761 7000 -0.009709643695544761 14000 -0.9805807126089104 
m400030 6000 -0.004801237778215401 7000 -0.004801237778215401 14000 -0.9903975244435691 
m400031 6000 -0.003988990675482784 7000 -0.003988990675482784 14000 -0.9920220186490346 
m400032 6000 -0.004476469472726368 7000 -0.004476469472726368 14000 -0.9910470610545472 
m400033 6000 -0.006334004254693316 7000 -0.006334004254693316 14000 -0.987331991490613 
m400034 6000 -0.009781637428827324 7000 -0.009781637428827324 14000 -0.9804367251423457 
m400035 6000 -0.004822492529876208 7000 -0.004822492529876208 14000 -0.9903550149402476 
m400036 6000 -0.004049688842057997 7000 -0.004049688842057997 14000 -0.9919006223158843 
m400037 6000 -0.004513290222317171 7000 -0.004513290222317171 14000 -0.9909734195553657 
m400038 6000 -0.0064547934515226165 7000 -0.0064547934515226165 14000 -0.9870904130969548 
m400039 6000 -0.009614088315289116 7000 -0.009614088315289116 14000 -0.9807718233694217 
m400040 6000 -0.004792221847912685 7000 -0.004792221847912685 14000 -0.9904155563041747 
m400041 6000 -0.004044430378306359 7000 -0.004044430378306359 14000 -0.9919111392433873 
m400042 6000 -0.0046973054301904975 7000 -0.0046973054301904975 14000 -0.9906053891396189 
m400043 6000 -0.0066787578959565785 7000 -0.0066787578959565785 14000 -0.9866424842080869 
m400044 6000 -0.009883892815911774 7000 -0.009883892815911774 14000 -0.9802322143681766 
m400045 6000 -0.0048289378069143974 7000 -0.0048289378069143974 14000 -0.9903421243861714 
m400046 6000 -0.004052879815402076 7000 -0.004052879815402076 14000 -0.9918942403691955 
m400047 6000 -0.004699656127014299 7000 -0.004699656127014299 14000 -0.9906006877459714 
m400048 6000 -0.006364269795344791 7000 -0.006364269795344791 14000 -0.98727146040931 
m400049 6000 -0.010156919754925775 7000 -0.010156919754925775 14000 -0.9796861604901484 
m400050 6000 -0.00469867905638735 7000 -0.00469867905638735 14000 -0.9906026418872252 
m400051 6000 -0.004004813814826841 7000 -0.004004813814826841 14000 -0.9919903723703462 
m400052 6000 -0.004793104908693512 7000 -0.004793104908693512 14000 -0.990413790182613 
m400053 6000 -0.006475975025338247 7000 -0.006475975025338247 14000 -0.9870480499493233 
m400054 6000 -0.00995576240472407 7000 -0.00995576240472407 14000 -0.9800884751905518 
m400055 6000 -0.004754521666420386 7000 -0.004754521666420386 14000 -0.9904909566671591 
m400056 6000 -0.004039468164218858 7000 -0.004039468164218858 14000 -0.9919210636715622 
m400057 6000 -0.004489374647878085 7000 -0.004489374647878085 14000 -0.9910212507042436 
m400058 6000 -0.006627033000295863 7000 -0.006627033000295863 14000 -0.9867459339994081 
m400059 6000 -0.009783018368428702 7000 -0.009783018368428702 14000 -0.9804339632631425 
m400060 6000 -0.0049012877106494775 7000 -0.0049012877106494775 14000 -0.990197424578701 
m400061 6000 -0.003995932996304544 7000 -0.003995932996304544 14000 -0.9920081340073912 
m400062 6000 -0.004399633552216368 7000 -0.004399633552216368 14000 -0.9912007328955673 
m400063 6000 -0.006982360680415657 7000 -0.006982360680415657 14000 -0.9860352786391691 
m400064 6000 -0.009359427716335116 7000 -0.009359427716335116 14000 -0.9812811445673301 
m400065 6000 -0.004622419458169903 7000 -0.004622419458169903 14000 -0.9907551610836605 
m400066 6000 -0.004027756942986304 7000 -0.004027756942986304 14000 -0.9919444861140276 
m400067 6000 -0.004642640529047911 7000 -0.004642640529047911 14000 -0.9907147189419042 
m400068 6000 -0.006689719728327377 7000 -0.006689719728327377 14000 -0.9866205605433452 
m400069 6000 -0.010490979228995268 7000 -0.010490979228995268 14000 -0.979018041542009 
m400070 6000 -0.004883240744761802 7000 -0.004883240744761802 14000 -0.9902335185104764 
m400071 6000 -0.004045955656344477 7000 -0.004045955656344477 14000 -0.9919080886873113 
m400072 6000 -0.004496732086898879 7000 -0.004496732086898879 14000 -0.9910065358262021 
m400073 6000 -0.006569748542368104 7000 -0.006569748542368104 14000 -0.9868605029152636 
m400074 6000 -0.009848109545200993 7000 -0.009848109545200993 14000 -0.9803037809095979 
m400075 6000 -0.005126906051077202 7000 -0.005126906051077202 14000 -0.9897461878978457 
m400076 6000 -0.004032462951792243 7000 -0.004032462951792243 14000 -0.9919350740964157 
m400077 6000 -0.00461904358240404 7000 -0.00461904358240404 14000 -0.9907619128351921 
m400078 6000 -0.006368779476636558 7000 -0.006368779476636558 14000 -0.9872624410467268 
m400079 6000 -0.010011531755477285 7000 -0.010011531755477285 14000 -0.9799769364890457 
m400080 6000 -0.004811369940023886 7000 -0.004811369940023886 14000 -0.9903772601199523 
m400081 6000 -0.004062489334088592 7000 -0.004062489334088592 14000 -0.9918750213318228 
m400082 6000 -0.00458517809602885 7000 -0.00458517809602885 14000 -0.9908296438079418 
m400083 6000 -0.006514474811017214 7000 -0.006514474811017214 14000 -0.9869710503779656 
m400084 6000 -0.010276723748002535 7000 -0.010276723748002535 14000 -0.9794465525039954 
m400085 6000 -0.004960989876287951 7000 -0.004960989876287951 14000 -0.9900780202474238 
m400086 6000 -0.004049055192038538 7000 -0.004049055192038538 14000 -0.9919018896159233 
m400087 6000 -0.0046481415743667535 7000 -0.0046481415743667535 14000 -0.9907037168512667 
m400088 6000 -0.007067527354079447 7000 -0.007067527354079447 14000 -0.9858649452918411 
m400089 6000 -0.010441187233880876 7000 -0.010441187233880876 14000 -0.9791176255322377 
m400090 6000 -0.004916035750697561 7000 -0.004916035750697561 14000 -0.9901679284986049 
m400091 6000 -0.004020818314984096 7000 -0.004020818314984096 14000 -0.991958363370032 
m400092 6000 -0.004453169124561773 7000 -0.004453169124561773 14000 -0.9910936617508768 
m400093 6000 -0.006674267286539272 7000 -0.006674267286539272 14000 -0.9866514654269216 
m400094 6000 -0.009850355992263603 7000 -0.009850355992263603 14000 -0.9802992880154724 
m400095 6000 -0.004770173375108251 7000 -0.004770173375108251 14000 -0.9904596532497834 
m400096 6000 -0.00405698899440645 7000 -0.00405698899440645 14000 -0.9918860220111874 
m400097 6000 -0.004779904596705063 7000 -0.004779904596705063 14000 -0.99044019080659 
m400098 6000 -0.006625363432278715 7000 -0.006625363432278715 14000 -0.9867492731354426 
m400099 6000 -0.009914244724085917 7000 -0.009914244724085917 14000 -0.9801715105518283 
m400100 6000 -0.004729396919055779 7000 -0.004729396919055779 14000 -0.9905412061618883 
m400101 6000 -0.004040773509622907 7000 -0.004040773509622907 14000 -0.9919184529807543 
m400102 6000 -0.0045109143105529935 7000 -0.0045109143105529935 14000 -0.9909781713788938 
m400103 6000 -0.006374462758196229 7000 -0.006374462758196229 14000 -0.9872510744836073 
m400104 6000 -0.010251643717452264 7000 -0.010251643717452264 14000 -0.9794967125650955 
m400105 6000 -0.004768811715396853 7000 -0.004768811715396853 14000 -0.9904623765692064 
m400106 6000 -0.0039936556015857895 7000 -0.0039936556015857895 14000 -0.9920126887968281 
m400107 6000 -0.0048753484910452945 7000 -0.0048753484910452945 14000 -0.9902493030179097 
m400108 6000 -0.0063482963827825815 7000 -0.0063482963827825815 14000 -0.9873034072344348 
m400109 6000 -0.009646898199552934 7000 -0.009646898199552934 14000 -0.9807062036008939 
m400110 6000 -0.004859760041007121 7000 -0.004859760041007121 14000 -0.9902804799179857 
m400111 6000 -0.0039868235390042 7000 -0.0039868235390042 14000 -0.9920263529219917 
m400112 6000 -0.004683885455157876 7000 -0.004683885455157876 14000 -0.9906322290896843 
m400113 6000 -0.006785193615389627 7000 -0.006785193615389627 14000 -0.9864296127692209 
m400114 6000 -0.010294633283414843 7000 -0.010294633283414843 14000 -0.9794107334331702 
m400115 6000 -0.004708180650297698 7000 -0.004708180650297698 14000 -0.9905836386994044 
m400116 6000 -0.004021639225020189 7000 -0.004021639225020189 14000 -0.9919567215499596 
m400117 6000 -0.004612172984770585 7000 -0.004612172984770585 14000 -0.9907756540304586 
m400118 6000 -0.00670468896630132 7000 -0.00670468896630132 14000 -0.9865906220673973 
m400119 6000 -0.009687876483517186 7000 -0.009687876483517186 14000 -0.9806242470329657 
m400120 6000 -0.00489031621389702 7000 -0.00489031621389702 14000 -0.9902193675722066 
m400121 6000 -0.003970825672136069 7000 -0.003970825672136069 14000 -0.9920583486557275 
m400122 6000 -0.004491070952265277 7000 -0.004491070952265277 14000 -0.9910178580954695 
m400123 6000 -0.006288613828753591 7000 -0.006288613828753591 14000 -0.9874227723424925 
m400124 6000 -0.009098020181699681 7000 -0.009098020181699681 14000 -0.9818039596366007 
c **********************************
c PE+Pb, dens=4.78 g/cm3
m2      6000    -0.04286 $Carbon
        1001    -0.00714 $Hydrogen
        82000   -0.95000 $Lead
c **********************************
m3    1001 -0.048535 $Boric acid
      5010 -0.034981
      5011 -0.139923
      8016 -0.776561
c **********************************
m4    82000 1 $Lead
c **********************************
m5 26000 1 $Iron
c **********************************
m6     13027   -1.000 $ Aluminum
c **********************************
c  SS-304 (8.00 g/cm3), #298 in PNNL Compendium
m7   006000.50c -0.0004000
     014000.60c -0.0050000
     015031.50c -0.0002300
     016000.60c -0.0001500
     024000.50c -0.1899981
     025055.60c -0.0099999
     026000.50c -0.7017229
     028000.50c -0.0924991
c ****************************************
c       LaBr detector
c ****************************************
m8       35079    -0.2946       $ Br79
         35081    -0.3069       $ Br81
         57139    -0.3485       $ La139
         58140    -0.0500       $ Ce140
c ************ air den=1.15e-3g/cc
m12     8016 -0.23
        7014 -0.77
c ************ Rubber Natural den=0.92 g/cc
m13     1001 -0.118371  $weight fraction
        6000 -0.881629
c
c end material cards
c
rand seed=8674536546524321 $different initial random #; seed# - any less 18 digits
c
c ********** begin tallies *********************
fc78 *********Broadened Pulse Height Tally Sum of Detectors 1,2 & 3 ***********
e78 0 1e-5 932i 8.4295
F78:p (101)
FT78 GEB -0.026198 0.059551 -0.037176
fc18 *********Unbroadened Pulse Height Tally Sum of Detectors 1,2 & 3 ***********
e18 0 1e-5 932i 8.4295
F18:p (101)
c ***********************************
c mplot tal 78 freq 10000
nps 1e9
